Ship Number,Trip Number,Tow Number
JEANMATHIEU,9,3
Comments
"ZONE 12 AU LARGE DE LA BUFFER ZONE 18"
CPU Date and Time,GPS Date,GPS Time,Latitude,Longitude,Speed,Heading,Validity,Transducer Name,Sensor Name,Sensor Value,Error Code,Hydrophone,Signal Strength
,28-Sep-2016,135555,46 37.060600 N,061 32.350600 W,3.4,220.2,A,,,,,,
,28-Sep-2016,135556,46 37.059900 N,061 32.351400 W,3.4,219.9,A,,,,,,
,28-Sep-2016,135557,46 37.059300 N,061 32.352200 W,3.3,220.6,A,,,,,,
Wed Sep 28 10:55:57 2016,28-Sep-2016,135558,46 37.058700 N,061 32.353300 W,3.3,222.2,A,DoorSpread,DoorMaster,0.000000,E,S,60539.000000
Wed Sep 28 10:55:57 2016,28-Sep-2016,135559,46 37.058100 N,061 32.354200 W,3.3,223.1,A,DoorSpread,DoorMaster,0.000000,E,S,60539.000000
Wed Sep 28 10:55:57 2016,28-Sep-2016,135600,46 37.057400 N,061 32.355100 W,3.3,222.5,A,DoorSpread,DoorMaster,0.000000,E,S,60539.000000
Wed Sep 28 10:55:57 2016,28-Sep-2016,135601,46 37.056600 N,061 32.355700 W,3.3,221.3,A,DoorSpread,DoorMaster,0.000000,E,S,60539.000000
Wed Sep 28 10:55:57 2016,28-Sep-2016,135602,46 37.056000 N,061 32.356600 W,3.3,221.1,A,DoorSpread,DoorMaster,0.000000,E,S,60539.000000
Wed Sep 28 10:56:02 2016,28-Sep-2016,135603,46 37.055400 N,061 32.357500 W,3.2,222.0,A,DoorSpread,DoorMaster,0.000000,E,S,49894.000000
Wed Sep 28 10:56:02 2016,28-Sep-2016,135604,46 37.054900 N,061 32.358500 W,3.2,222.8,A,DoorSpread,DoorMaster,0.000000,E,S,49894.000000
Wed Sep 28 10:56:02 2016,28-Sep-2016,135605,46 37.054300 N,061 32.359500 W,3.2,223.1,A,DoorSpread,DoorMaster,0.000000,E,S,49894.000000
Wed Sep 28 10:56:02 2016,28-Sep-2016,135606,46 37.053600 N,061 32.360400 W,3.2,223.0,A,DoorSpread,DoorMaster,0.000000,E,S,49894.000000
Wed Sep 28 10:56:02 2016,28-Sep-2016,135607,46 37.052900 N,061 32.361100 W,3.2,221.6,A,DoorSpread,DoorMaster,0.000000,E,S,49894.000000
Wed Sep 28 10:56:07 2016,28-Sep-2016,135608,46 37.052300 N,061 32.361800 W,3.2,220.4,A,DoorSpread,DoorMaster,2.090000,D,S,59645.000000
Wed Sep 28 10:56:07 2016,28-Sep-2016,135609,46 37.051700 N,061 32.362600 W,3.1,221.1,A,DoorSpread,DoorMaster,2.090000,D,S,59645.000000
Wed Sep 28 10:56:07 2016,28-Sep-2016,135610,46 37.051100 N,061 32.363500 W,3.1,222.4,A,DoorSpread,DoorMaster,2.090000,D,S,59645.000000
Wed Sep 28 10:56:07 2016,28-Sep-2016,135611,46 37.050500 N,061 32.364400 W,3.1,222.7,A,DoorSpread,DoorMaster,2.090000,D,S,59645.000000
Wed Sep 28 10:56:07 2016,28-Sep-2016,135612,46 37.049900 N,061 32.365200 W,3.1,221.9,A,DoorSpread,DoorMaster,2.090000,D,S,59645.000000
Wed Sep 28 10:56:12 2016,28-Sep-2016,135613,46 37.049300 N,061 32.365900 W,3.1,220.9,A,DoorSpread,DoorMaster,2.445000,D,S,46719.000000
Wed Sep 28 10:56:12 2016,28-Sep-2016,135614,46 37.048700 N,061 32.366600 W,3.1,220.7,A,DoorSpread,DoorMaster,2.445000,D,S,46719.000000
Wed Sep 28 10:56:12 2016,28-Sep-2016,135615,46 37.048100 N,061 32.367500 W,3.1,221.1,A,DoorSpread,DoorMaster,2.445000,D,S,46719.000000
Wed Sep 28 10:56:12 2016,28-Sep-2016,135616,46 37.047400 N,061 32.368300 W,3.1,220.7,A,DoorSpread,DoorMaster,2.445000,D,S,46719.000000
Wed Sep 28 10:56:12 2016,28-Sep-2016,135617,46 37.046700 N,061 32.369000 W,3.1,220.3,A,DoorSpread,DoorMaster,2.445000,D,S,46719.000000
Wed Sep 28 10:56:12 2016,28-Sep-2016,135618,46 37.046200 N,061 32.369800 W,3.0,220.3,A,DoorSpread,DoorMaster,2.445000,D,S,46719.000000
Wed Sep 28 10:56:18 2016,28-Sep-2016,135619,46 37.045600 N,061 32.370600 W,3.0,220.4,A,DoorSpread,DoorMaster,2.315000,D,S,57341.000000
Wed Sep 28 10:56:18 2016,28-Sep-2016,135620,46 37.045000 N,061 32.371300 W,3.0,220.1,A,DoorSpread,DoorMaster,2.315000,D,S,57341.000000
Wed Sep 28 10:56:18 2016,28-Sep-2016,135621,46 37.044300 N,061 32.372100 W,3.0,220.1,A,DoorSpread,DoorMaster,2.315000,D,S,57341.000000
Wed Sep 28 10:56:18 2016,28-Sep-2016,135622,46 37.043700 N,061 32.372800 W,3.0,219.9,A,DoorSpread,DoorMaster,2.315000,D,S,57341.000000
Wed Sep 28 10:56:18 2016,28-Sep-2016,135623,46 37.043100 N,061 32.373600 W,3.0,219.9,A,DoorSpread,DoorMaster,2.315000,D,S,57341.000000
Wed Sep 28 10:56:23 2016,28-Sep-2016,135624,46 37.042600 N,061 32.374400 W,3.0,220.3,A,DoorSpread,DoorMaster,2.305000,D,S,32219.000000
Wed Sep 28 10:56:23 2016,28-Sep-2016,135625,46 37.042000 N,061 32.375200 W,2.9,221.0,A,DoorSpread,DoorMaster,2.305000,D,S,32219.000000
Wed Sep 28 10:56:23 2016,28-Sep-2016,135626,46 37.041400 N,061 32.376000 W,3.0,220.9,A,DoorSpread,DoorMaster,2.305000,D,S,32219.000000
Wed Sep 28 10:56:23 2016,28-Sep-2016,135627,46 37.040800 N,061 32.376700 W,2.9,220.5,A,DoorSpread,DoorMaster,2.305000,D,S,32219.000000
Wed Sep 28 10:56:23 2016,28-Sep-2016,135628,46 37.040200 N,061 32.377400 W,2.9,220.5,A,DoorSpread,DoorMaster,2.305000,D,S,32219.000000
Wed Sep 28 10:56:28 2016,28-Sep-2016,135629,46 37.039600 N,061 32.378200 W,2.9,221.1,A,DoorSpread,DoorMaster,2.005000,D,S,38069.000000
Wed Sep 28 10:56:28 2016,28-Sep-2016,135630,46 37.039100 N,061 32.379100 W,2.9,221.7,A,DoorSpread,DoorMaster,2.005000,D,S,38069.000000
Wed Sep 28 10:56:28 2016,28-Sep-2016,135631,46 37.038600 N,061 32.379800 W,2.9,222.2,A,DoorSpread,DoorMaster,2.005000,D,S,38069.000000
Wed Sep 28 10:56:28 2016,28-Sep-2016,135632,46 37.038000 N,061 32.380600 W,2.9,222.4,A,DoorSpread,DoorMaster,2.005000,D,S,38069.000000
Wed Sep 28 10:56:28 2016,28-Sep-2016,135633,46 37.037300 N,061 32.381400 W,2.9,222.1,A,DoorSpread,DoorMaster,2.005000,D,S,38069.000000
Wed Sep 28 10:56:28 2016,28-Sep-2016,135634,46 37.036700 N,061 32.382200 W,2.9,221.7,A,DoorSpread,DoorMaster,2.005000,D,S,38069.000000
Wed Sep 28 10:56:33 2016,28-Sep-2016,135635,46 37.036100 N,061 32.382900 W,2.9,221.5,A,Primary,Headline,0.306122,D,S,56120.000000
Wed Sep 28 10:56:33 2016,28-Sep-2016,135636,46 37.035600 N,061 32.383700 W,2.9,222.3,A,Primary,Headline,0.306122,D,S,56120.000000
Wed Sep 28 10:56:33 2016,28-Sep-2016,135637,46 37.035100 N,061 32.384600 W,2.9,223.8,A,Primary,Headline,0.306122,D,S,56120.000000
Wed Sep 28 10:56:33 2016,28-Sep-2016,135638,46 37.034600 N,061 32.385500 W,2.9,224.4,A,Primary,Headline,0.306122,D,S,56120.000000
Wed Sep 28 10:56:33 2016,28-Sep-2016,135639,46 37.033900 N,061 32.386200 W,2.9,223.4,A,Primary,Headline,0.306122,D,S,56120.000000
Wed Sep 28 10:56:39 2016,28-Sep-2016,135640,46 37.033400 N,061 32.386900 W,2.9,222.6,A,DoorSpread,DoorMaster,1.075000,D,S,44414.000000
Wed Sep 28 10:56:39 2016,28-Sep-2016,135641,46 37.032800 N,061 32.387600 W,2.9,222.7,A,DoorSpread,DoorMaster,1.075000,D,S,44414.000000
Wed Sep 28 10:56:39 2016,28-Sep-2016,135642,46 37.032200 N,061 32.388500 W,2.9,222.7,A,DoorSpread,DoorMaster,1.075000,D,S,44414.000000
Wed Sep 28 10:56:42 2016,28-Sep-2016,135643,46 37.031600 N,061 32.389300 W,2.9,222.3,A,Depth,Depth,4.166667,D,S,26417.000000
Wed Sep 28 10:56:42 2016,28-Sep-2016,135644,46 37.031100 N,061 32.390100 W,2.9,222.5,A,Depth,Depth,4.166667,D,S,26417.000000
Wed Sep 28 10:56:42 2016,28-Sep-2016,135645,46 37.030600 N,061 32.390900 W,2.9,222.7,A,Depth,Depth,4.166667,D,S,26417.000000
Wed Sep 28 10:56:42 2016,28-Sep-2016,135646,46 37.030000 N,061 32.391600 W,2.9,222.3,A,Depth,Depth,4.166667,D,S,26417.000000
Wed Sep 28 10:56:42 2016,28-Sep-2016,135647,46 37.029400 N,061 32.392500 W,2.9,221.7,A,Depth,Depth,4.166667,D,S,26417.000000
Wed Sep 28 10:56:42 2016,28-Sep-2016,135648,46 37.028800 N,061 32.393200 W,2.9,220.9,A,Depth,Depth,4.166667,D,S,26417.000000
Wed Sep 28 10:56:42 2016,28-Sep-2016,135649,46 37.028300 N,061 32.393800 W,2.9,220.7,A,Depth,Depth,4.166667,D,S,26417.000000
Wed Sep 28 10:56:42 2016,28-Sep-2016,135650,46 37.027700 N,061 32.394700 W,2.9,221.3,A,Depth,Depth,4.166667,D,S,26417.000000
Wed Sep 28 10:56:42 2016,28-Sep-2016,135651,46 37.027000 N,061 32.395500 W,2.9,221.6,A,Depth,Depth,4.166667,D,S,26417.000000
Wed Sep 28 10:56:42 2016,28-Sep-2016,135652,46 37.026400 N,061 32.396300 W,2.9,221.4,A,Depth,Depth,4.166667,D,S,26417.000000
Wed Sep 28 10:56:42 2016,28-Sep-2016,135653,46 37.025800 N,061 32.396900 W,2.9,220.6,A,Depth,Depth,4.166667,D,S,26417.000000
Wed Sep 28 10:56:42 2016,28-Sep-2016,135654,46 37.025200 N,061 32.397600 W,2.8,220.5,A,Depth,Depth,4.166667,D,S,26417.000000
Wed Sep 28 10:56:42 2016,28-Sep-2016,135655,46 37.024700 N,061 32.398200 W,2.8,220.8,A,Depth,Depth,4.166667,D,S,26417.000000
Wed Sep 28 10:56:42 2016,28-Sep-2016,135656,46 37.024200 N,061 32.399000 W,2.8,220.9,A,Depth,Depth,4.166667,D,S,26417.000000
Wed Sep 28 10:56:42 2016,28-Sep-2016,135657,46 37.023600 N,061 32.399700 W,2.8,220.7,A,Depth,Depth,4.166667,D,S,26417.000000
Wed Sep 28 10:56:42 2016,28-Sep-2016,135658,46 37.023000 N,061 32.400300 W,2.8,220.0,A,Depth,Depth,4.166667,D,S,26417.000000
Wed Sep 28 10:56:42 2016,28-Sep-2016,135659,46 37.022500 N,061 32.400900 W,2.7,219.1,A,Depth,Depth,4.166667,D,S,26417.000000
Wed Sep 28 10:56:59 2016,28-Sep-2016,135700,46 37.022000 N,061 32.401500 W,2.7,219.4,A,DoorSpread,DoorMaster,1.355000,D,S,71933.000000
Wed Sep 28 10:56:59 2016,28-Sep-2016,135701,46 37.021500 N,061 32.402200 W,2.6,221.1,A,DoorSpread,DoorMaster,1.355000,D,S,71933.000000
Wed Sep 28 10:56:59 2016,28-Sep-2016,135702,46 37.021100 N,061 32.402800 W,2.6,221.2,A,DoorSpread,DoorMaster,1.355000,D,S,71933.000000
Wed Sep 28 10:56:59 2016,28-Sep-2016,135703,46 37.020500 N,061 32.403400 W,2.5,219.7,A,DoorSpread,DoorMaster,1.355000,D,S,71933.000000
Wed Sep 28 10:56:59 2016,28-Sep-2016,135704,46 37.020100 N,061 32.403700 W,2.4,218.6,A,DoorSpread,DoorMaster,1.355000,D,S,71933.000000
Wed Sep 28 10:56:59 2016,28-Sep-2016,135705,46 37.019600 N,061 32.404200 W,2.4,218.6,A,DoorSpread,DoorMaster,1.355000,D,S,71933.000000
Wed Sep 28 10:57:05 2016,28-Sep-2016,135706,46 37.019200 N,061 32.404900 W,2.4,219.4,A,DoorSpread,DoorMaster,2.005000,D,S,72925.000000
Wed Sep 28 10:57:05 2016,28-Sep-2016,135707,46 37.018800 N,061 32.405500 W,2.3,220.1,A,DoorSpread,DoorMaster,2.005000,D,S,72925.000000
Wed Sep 28 10:57:05 2016,28-Sep-2016,135708,46 37.018500 N,061 32.405900 W,2.2,220.0,A,DoorSpread,DoorMaster,2.005000,D,S,72925.000000
Wed Sep 28 10:57:05 2016,28-Sep-2016,135709,46 37.018100 N,061 32.406300 W,2.1,219.7,A,DoorSpread,DoorMaster,2.005000,D,S,72925.000000
Wed Sep 28 10:57:05 2016,28-Sep-2016,135710,46 37.017700 N,061 32.406700 W,2.1,219.5,A,DoorSpread,DoorMaster,2.005000,D,S,72925.000000
Wed Sep 28 10:57:10 2016,28-Sep-2016,135711,46 37.017300 N,061 32.407200 W,2.1,219.0,A,DoorSpread,DoorMaster,2.200000,D,S,27564.000000
Wed Sep 28 10:57:10 2016,28-Sep-2016,135712,46 37.016900 N,061 32.407600 W,2.0,218.6,A,DoorSpread,DoorMaster,2.200000,D,S,27564.000000
Wed Sep 28 10:57:10 2016,28-Sep-2016,135713,46 37.016700 N,061 32.408000 W,1.9,219.5,A,DoorSpread,DoorMaster,2.200000,D,S,27564.000000
Wed Sep 28 10:57:10 2016,28-Sep-2016,135714,46 37.016400 N,061 32.408500 W,1.9,220.6,A,DoorSpread,DoorMaster,2.200000,D,S,27564.000000
Wed Sep 28 10:57:10 2016,28-Sep-2016,135715,46 37.016000 N,061 32.409000 W,1.9,220.9,A,DoorSpread,DoorMaster,2.200000,D,S,27564.000000
Wed Sep 28 10:57:15 2016,28-Sep-2016,135716,46 37.015700 N,061 32.409400 W,1.8,220.7,A,DoorSpread,DoorMaster,2.215000,D,S,51130.000000
Wed Sep 28 10:57:15 2016,28-Sep-2016,135717,46 37.015400 N,061 32.409600 W,1.7,219.3,A,DoorSpread,DoorMaster,2.215000,D,S,51130.000000
Wed Sep 28 10:57:15 2016,28-Sep-2016,135718,46 37.015100 N,061 32.409900 W,1.7,218.0,A,DoorSpread,DoorMaster,2.215000,D,S,51130.000000
Wed Sep 28 10:57:15 2016,28-Sep-2016,135719,46 37.014800 N,061 32.410400 W,1.7,219.2,A,DoorSpread,DoorMaster,2.215000,D,S,51130.000000
Wed Sep 28 10:57:15 2016,28-Sep-2016,135720,46 37.014500 N,061 32.410900 W,1.7,220.4,A,DoorSpread,DoorMaster,2.215000,D,S,51130.000000
Wed Sep 28 10:57:15 2016,28-Sep-2016,135721,46 37.014300 N,061 32.411200 W,1.6,220.0,A,DoorSpread,DoorMaster,2.215000,D,S,51130.000000
Wed Sep 28 10:57:15 2016,28-Sep-2016,135722,46 37.014100 N,061 32.411500 W,1.5,219.8,A,DoorSpread,DoorMaster,2.215000,D,S,51130.000000
Wed Sep 28 10:57:15 2016,28-Sep-2016,135723,46 37.013700 N,061 32.411900 W,1.6,219.8,A,DoorSpread,DoorMaster,2.215000,D,S,51130.000000
Wed Sep 28 10:57:15 2016,28-Sep-2016,135724,46 37.013300 N,061 32.412400 W,1.6,219.4,A,DoorSpread,DoorMaster,2.215000,D,S,51130.000000
Wed Sep 28 10:57:15 2016,28-Sep-2016,135725,46 37.012800 N,061 32.412900 W,1.7,218.9,A,DoorSpread,DoorMaster,2.215000,D,S,51130.000000
Wed Sep 28 10:57:15 2016,28-Sep-2016,135726,46 37.012200 N,061 32.413600 W,1.9,219.0,A,DoorSpread,DoorMaster,2.215000,D,S,51130.000000
Wed Sep 28 10:57:15 2016,28-Sep-2016,135727,46 37.011600 N,061 32.414400 W,2.0,220.1,A,DoorSpread,DoorMaster,2.215000,D,S,51130.000000
Wed Sep 28 10:57:15 2016,28-Sep-2016,135728,46 37.011000 N,061 32.415300 W,2.2,220.8,A,DoorSpread,DoorMaster,2.215000,D,S,51130.000000
Wed Sep 28 10:57:15 2016,28-Sep-2016,135729,46 37.010200 N,061 32.416000 W,2.4,220.3,A,DoorSpread,DoorMaster,2.215000,D,S,51130.000000
Wed Sep 28 10:57:15 2016,28-Sep-2016,135730,46 37.009400 N,061 32.417000 W,2.6,220.4,A,DoorSpread,DoorMaster,2.215000,D,S,51130.000000
Wed Sep 28 10:57:15 2016,28-Sep-2016,135731,46 37.008700 N,061 32.418100 W,2.8,221.3,A,DoorSpread,DoorMaster,2.215000,D,S,51130.000000
Wed Sep 28 10:57:30 2016,28-Sep-2016,135732,46 37.007900 N,061 32.419200 W,3.0,222.2,A,DoorSpread,DoorMaster,0.000000,E,S,50309.000000
Wed Sep 28 10:57:30 2016,28-Sep-2016,135733,46 37.007100 N,061 32.420400 W,3.2,222.5,A,DoorSpread,DoorMaster,0.000000,E,S,50309.000000
Wed Sep 28 10:57:30 2016,28-Sep-2016,135734,46 37.006200 N,061 32.421600 W,3.4,222.4,A,DoorSpread,DoorMaster,0.000000,E,S,50309.000000
Wed Sep 28 10:57:30 2016,28-Sep-2016,135735,46 37.005300 N,061 32.422900 W,3.6,222.6,A,DoorSpread,DoorMaster,0.000000,E,S,50309.000000
Wed Sep 28 10:57:30 2016,28-Sep-2016,135736,46 37.004400 N,061 32.424200 W,3.8,223.0,A,DoorSpread,DoorMaster,0.000000,E,S,50309.000000
Wed Sep 28 10:57:30 2016,28-Sep-2016,135737,46 37.003400 N,061 32.425500 W,3.9,223.0,A,DoorSpread,DoorMaster,0.000000,E,S,50309.000000
Wed Sep 28 10:57:30 2016,28-Sep-2016,135738,46 37.002400 N,061 32.426800 W,4.0,223.0,A,DoorSpread,DoorMaster,0.000000,E,S,50309.000000
Wed Sep 28 10:57:30 2016,28-Sep-2016,135739,46 37.001400 N,061 32.428300 W,4.2,223.6,A,DoorSpread,DoorMaster,0.000000,E,S,50309.000000
Wed Sep 28 10:57:30 2016,28-Sep-2016,135740,46 37.000400 N,061 32.429700 W,4.3,224.2,A,DoorSpread,DoorMaster,0.000000,E,S,50309.000000
Wed Sep 28 10:57:30 2016,28-Sep-2016,135741,46 36.999400 N,061 32.431100 W,4.4,223.9,A,DoorSpread,DoorMaster,0.000000,E,S,50309.000000
Wed Sep 28 10:57:30 2016,28-Sep-2016,135742,46 36.998300 N,061 32.432500 W,4.6,223.3,A,DoorSpread,DoorMaster,0.000000,E,S,50309.000000
Wed Sep 28 10:57:30 2016,28-Sep-2016,135743,46 36.997200 N,061 32.433900 W,4.7,223.2,A,DoorSpread,DoorMaster,0.000000,E,S,50309.000000
Wed Sep 28 10:57:30 2016,28-Sep-2016,135744,46 36.996000 N,061 32.435300 W,4.8,223.3,A,DoorSpread,DoorMaster,0.000000,E,S,50309.000000
Wed Sep 28 10:57:30 2016,28-Sep-2016,135745,46 36.994800 N,061 32.436800 W,4.9,223.2,A,DoorSpread,DoorMaster,0.000000,E,S,50309.000000
Wed Sep 28 10:57:30 2016,28-Sep-2016,135746,46 36.993600 N,061 32.438300 W,5.0,222.8,A,DoorSpread,DoorMaster,0.000000,E,S,50309.000000
Wed Sep 28 10:57:46 2016,28-Sep-2016,135747,46 36.992300 N,061 32.439800 W,5.1,222.6,A,DoorSpread,DoorMaster,3.580000,D,S,29775.000000
Wed Sep 28 10:57:46 2016,28-Sep-2016,135748,46 36.991200 N,061 32.441300 W,5.2,222.6,A,DoorSpread,DoorMaster,3.580000,D,S,29775.000000
Wed Sep 28 10:57:46 2016,28-Sep-2016,135749,46 36.990000 N,061 32.442800 W,5.3,222.4,A,DoorSpread,DoorMaster,3.580000,D,S,29775.000000
Wed Sep 28 10:57:46 2016,28-Sep-2016,135750,46 36.988700 N,061 32.444200 W,5.3,221.8,A,DoorSpread,DoorMaster,3.580000,D,S,29775.000000
Wed Sep 28 10:57:46 2016,28-Sep-2016,135751,46 36.987500 N,061 32.445600 W,5.4,221.5,A,DoorSpread,DoorMaster,3.580000,D,S,29775.000000
Wed Sep 28 10:57:46 2016,28-Sep-2016,135752,46 36.986200 N,061 32.447100 W,5.4,221.1,A,DoorSpread,DoorMaster,3.580000,D,S,29775.000000
Wed Sep 28 10:57:46 2016,28-Sep-2016,135753,46 36.984900 N,061 32.448600 W,5.5,220.8,A,DoorSpread,DoorMaster,3.580000,D,S,29775.000000
Wed Sep 28 10:57:53 2016,28-Sep-2016,135754,46 36.983600 N,061 32.450200 W,5.6,220.8,A,DoorSpread,DoorMaster,14.870000,D,S,85810.000000
Wed Sep 28 10:57:53 2016,28-Sep-2016,135755,46 36.982400 N,061 32.451800 W,5.6,220.9,A,DoorSpread,DoorMaster,14.870000,D,S,85810.000000
Wed Sep 28 10:57:53 2016,28-Sep-2016,135756,46 36.981200 N,061 32.453300 W,5.7,221.2,A,DoorSpread,DoorMaster,14.870000,D,S,85810.000000
Wed Sep 28 10:57:53 2016,28-Sep-2016,135757,46 36.979900 N,061 32.454900 W,5.7,221.3,A,DoorSpread,DoorMaster,14.870000,D,S,85810.000000
Wed Sep 28 10:57:53 2016,28-Sep-2016,135758,46 36.978800 N,061 32.456500 W,5.7,221.3,A,DoorSpread,DoorMaster,14.870000,D,S,85810.000000
Wed Sep 28 10:57:53 2016,28-Sep-2016,135759,46 36.977600 N,061 32.458000 W,5.7,221.2,A,DoorSpread,DoorMaster,14.870000,D,S,85810.000000
Wed Sep 28 10:57:59 2016,28-Sep-2016,135800,46 36.976300 N,061 32.459500 W,5.7,221.3,A,Primary,Headline,3.428571,D,S,22766.000000
Wed Sep 28 10:57:59 2016,28-Sep-2016,135801,46 36.975100 N,061 32.461200 W,5.8,221.5,A,Primary,Headline,3.428571,D,S,22766.000000
Wed Sep 28 10:57:59 2016,28-Sep-2016,135802,46 36.973900 N,061 32.462800 W,5.8,222.0,A,Primary,Headline,3.428571,D,S,22766.000000
Wed Sep 28 10:57:59 2016,28-Sep-2016,135803,46 36.972800 N,061 32.464500 W,5.8,222.4,A,Primary,Headline,3.428571,D,S,22766.000000
Wed Sep 28 10:57:59 2016,28-Sep-2016,135804,46 36.971600 N,061 32.466100 W,5.8,222.6,A,Primary,Headline,3.428571,D,S,22766.000000
Wed Sep 28 10:57:59 2016,28-Sep-2016,135805,46 36.970400 N,061 32.467800 W,5.8,223.0,A,Primary,Headline,3.428571,D,S,22766.000000
Wed Sep 28 10:57:59 2016,28-Sep-2016,135806,46 36.969300 N,061 32.469500 W,5.8,223.6,A,Primary,Headline,3.428571,D,S,22766.000000
Wed Sep 28 10:57:59 2016,28-Sep-2016,135807,46 36.968200 N,061 32.471200 W,5.8,224.3,A,Primary,Headline,3.428571,D,S,22766.000000
Wed Sep 28 10:57:59 2016,28-Sep-2016,135808,46 36.967100 N,061 32.472900 W,5.8,225.0,A,Primary,Headline,3.428571,D,S,22766.000000
Wed Sep 28 10:58:08 2016,28-Sep-2016,135809,46 36.966000 N,061 32.474700 W,5.8,225.5,A,DoorSpread,DoorMaster,0.000000,E,S,44844.000000
Wed Sep 28 10:58:08 2016,28-Sep-2016,135810,46 36.964900 N,061 32.476500 W,5.9,225.7,A,DoorSpread,DoorMaster,0.000000,E,S,44844.000000
Wed Sep 28 10:58:08 2016,28-Sep-2016,135811,46 36.963700 N,061 32.478200 W,5.9,225.6,A,DoorSpread,DoorMaster,0.000000,E,S,44844.000000
Wed Sep 28 10:58:08 2016,28-Sep-2016,135812,46 36.962600 N,061 32.480000 W,5.9,225.6,A,DoorSpread,DoorMaster,0.000000,E,S,44844.000000
Wed Sep 28 10:58:08 2016,28-Sep-2016,135813,46 36.961500 N,061 32.481800 W,5.9,226.0,A,DoorSpread,DoorMaster,0.000000,E,S,44844.000000
Wed Sep 28 10:58:08 2016,28-Sep-2016,135814,46 36.960400 N,061 32.483600 W,5.9,226.6,A,DoorSpread,DoorMaster,0.000000,E,S,44844.000000
Wed Sep 28 10:58:08 2016,28-Sep-2016,135815,46 36.959300 N,061 32.485300 W,5.9,226.8,A,DoorSpread,DoorMaster,0.000000,E,S,44844.000000
Wed Sep 28 10:58:08 2016,28-Sep-2016,135816,46 36.958200 N,061 32.486900 W,5.9,226.5,A,DoorSpread,DoorMaster,0.000000,E,S,44844.000000
Wed Sep 28 10:58:08 2016,28-Sep-2016,135817,46 36.957000 N,061 32.488600 W,5.9,225.9,A,DoorSpread,DoorMaster,0.000000,E,S,44844.000000
Wed Sep 28 10:58:08 2016,28-Sep-2016,135818,46 36.955800 N,061 32.490200 W,5.9,225.6,A,DoorSpread,DoorMaster,0.000000,E,S,44844.000000
Wed Sep 28 10:58:18 2016,28-Sep-2016,135819,46 36.954600 N,061 32.491800 W,5.9,225.3,A,DoorSpread,DoorMaster,0.000000,E,S,64434.000000
Wed Sep 28 10:58:18 2016,28-Sep-2016,135820,46 36.953400 N,061 32.493500 W,5.9,225.3,A,DoorSpread,DoorMaster,0.000000,E,S,64434.000000
Wed Sep 28 10:58:18 2016,28-Sep-2016,135821,46 36.952200 N,061 32.495300 W,6.0,225.8,A,DoorSpread,DoorMaster,0.000000,E,S,64434.000000
Wed Sep 28 10:58:18 2016,28-Sep-2016,135822,46 36.951000 N,061 32.497100 W,6.0,226.2,A,DoorSpread,DoorMaster,0.000000,E,S,64434.000000
Wed Sep 28 10:58:18 2016,28-Sep-2016,135823,46 36.949900 N,061 32.498800 W,5.9,226.0,A,DoorSpread,DoorMaster,0.000000,E,S,64434.000000
Wed Sep 28 10:58:23 2016,28-Sep-2016,135824,46 36.948600 N,061 32.500300 W,5.9,224.9,A,DoorSpread,DoorMaster,0.000000,E,S,77408.000000
Wed Sep 28 10:58:23 2016,28-Sep-2016,135825,46 36.947400 N,061 32.501800 W,5.9,223.9,A,DoorSpread,DoorMaster,0.000000,E,S,77408.000000
Wed Sep 28 10:58:23 2016,28-Sep-2016,135826,46 36.946200 N,061 32.503400 W,5.9,223.7,A,DoorSpread,DoorMaster,0.000000,E,S,77408.000000
Wed Sep 28 10:58:23 2016,28-Sep-2016,135827,46 36.945100 N,061 32.505000 W,5.9,224.2,A,DoorSpread,DoorMaster,0.000000,E,S,77408.000000
Wed Sep 28 10:58:27 2016,28-Sep-2016,135828,46 36.944100 N,061 32.506800 W,5.9,224.9,A,Depth,Depth,0.925926,D,S,38040.000000
Wed Sep 28 10:58:28 2016,28-Sep-2016,135829,46 36.943000 N,061 32.508500 W,5.9,225.3,A,DoorSpread,DoorMaster,0.000000,E,S,90406.000000
Wed Sep 28 10:58:28 2016,28-Sep-2016,135830,46 36.941900 N,061 32.510200 W,5.9,225.6,A,DoorSpread,DoorMaster,0.000000,E,S,90406.000000
Wed Sep 28 10:58:28 2016,28-Sep-2016,135831,46 36.940800 N,061 32.511800 W,5.9,225.2,A,DoorSpread,DoorMaster,0.000000,E,S,90406.000000
Wed Sep 28 10:58:28 2016,28-Sep-2016,135832,46 36.939600 N,061 32.513400 W,5.8,224.6,A,DoorSpread,DoorMaster,0.000000,E,S,90406.000000
Wed Sep 28 10:58:28 2016,28-Sep-2016,135833,46 36.938400 N,061 32.515100 W,5.8,224.7,A,DoorSpread,DoorMaster,0.000000,E,S,90406.000000
Wed Sep 28 10:58:33 2016,28-Sep-2016,135834,46 36.937400 N,061 32.516800 W,5.9,225.3,A,DoorSpread,DoorMaster,0.000000,E,S,52709.000000
Wed Sep 28 10:58:33 2016,28-Sep-2016,135835,46 36.936400 N,061 32.518700 W,5.9,226.3,A,DoorSpread,DoorMaster,0.000000,E,S,52709.000000
Wed Sep 28 10:58:33 2016,28-Sep-2016,135836,46 36.935400 N,061 32.520500 W,5.8,227.0,A,DoorSpread,DoorMaster,0.000000,E,S,52709.000000
Wed Sep 28 10:58:33 2016,28-Sep-2016,135837,46 36.934300 N,061 32.522100 W,5.8,227.1,A,DoorSpread,DoorMaster,0.000000,E,S,52709.000000
Wed Sep 28 10:58:33 2016,28-Sep-2016,135838,46 36.933100 N,061 32.523800 W,5.8,226.8,A,DoorSpread,DoorMaster,0.000000,E,S,52709.000000
Wed Sep 28 10:58:38 2016,28-Sep-2016,135839,46 36.932000 N,061 32.525400 W,5.8,226.2,A,DoorSpread,DoorMaster,0.000000,E,S,133617.000000
Wed Sep 28 10:58:38 2016,28-Sep-2016,135840,46 36.930800 N,061 32.527000 W,5.8,225.4,A,DoorSpread,DoorMaster,0.000000,E,S,133617.000000
Wed Sep 28 10:58:38 2016,28-Sep-2016,135841,46 36.929500 N,061 32.528600 W,5.8,225.2,A,DoorSpread,DoorMaster,0.000000,E,S,133617.000000
Wed Sep 28 10:58:38 2016,28-Sep-2016,135842,46 36.928400 N,061 32.530300 W,5.9,225.8,A,DoorSpread,DoorMaster,0.000000,E,S,133617.000000
Wed Sep 28 10:58:38 2016,28-Sep-2016,135843,46 36.927300 N,061 32.532100 W,5.9,226.4,A,DoorSpread,DoorMaster,0.000000,E,S,133617.000000
Wed Sep 28 10:58:43 2016,28-Sep-2016,135844,46 36.926200 N,061 32.533800 W,5.8,226.6,A,DoorSpread,DoorMaster,0.000000,E,S,90924.000000
Wed Sep 28 10:58:43 2016,28-Sep-2016,135845,46 36.925000 N,061 32.535400 W,5.8,226.2,A,DoorSpread,DoorMaster,0.000000,E,S,90924.000000
Wed Sep 28 10:58:43 2016,28-Sep-2016,135846,46 36.923800 N,061 32.536800 W,5.8,225.3,A,DoorSpread,DoorMaster,0.000000,E,S,90924.000000
Wed Sep 28 10:58:43 2016,28-Sep-2016,135847,46 36.922500 N,061 32.538200 W,5.8,224.3,A,DoorSpread,DoorMaster,0.000000,E,S,90924.000000
Wed Sep 28 10:58:43 2016,28-Sep-2016,135848,46 36.921300 N,061 32.539700 W,5.8,223.6,A,DoorSpread,DoorMaster,0.000000,E,S,90924.000000
Wed Sep 28 10:58:43 2016,28-Sep-2016,135849,46 36.920000 N,061 32.541300 W,5.8,223.4,A,DoorSpread,DoorMaster,0.000000,E,S,90924.000000
Wed Sep 28 10:58:43 2016,28-Sep-2016,135850,46 36.918900 N,061 32.543000 W,5.8,223.8,A,DoorSpread,DoorMaster,0.000000,E,S,90924.000000
Wed Sep 28 10:58:43 2016,28-Sep-2016,135851,46 36.917800 N,061 32.544700 W,5.8,224.7,A,DoorSpread,DoorMaster,0.000000,E,S,90924.000000
Wed Sep 28 10:58:43 2016,28-Sep-2016,135852,46 36.916700 N,061 32.546500 W,5.8,225.1,A,DoorSpread,DoorMaster,0.000000,E,S,90924.000000
Wed Sep 28 10:58:43 2016,28-Sep-2016,135853,46 36.915500 N,061 32.548000 W,5.8,224.5,A,DoorSpread,DoorMaster,0.000000,E,S,90924.000000
Wed Sep 28 10:58:43 2016,28-Sep-2016,135854,46 36.914300 N,061 32.549500 W,5.8,223.9,A,DoorSpread,DoorMaster,0.000000,E,S,90924.000000
Wed Sep 28 10:58:53 2016,28-Sep-2016,135855,46 36.913100 N,061 32.551000 W,5.8,223.6,A,DoorSpread,DoorMaster,0.000000,E,S,80116.000000
Wed Sep 28 10:58:53 2016,28-Sep-2016,135856,46 36.912000 N,061 32.552700 W,5.8,224.0,A,DoorSpread,DoorMaster,0.000000,E,S,80116.000000
Wed Sep 28 10:58:53 2016,28-Sep-2016,135857,46 36.911000 N,061 32.554500 W,5.8,224.7,A,DoorSpread,DoorMaster,0.000000,E,S,80116.000000
Wed Sep 28 10:58:53 2016,28-Sep-2016,135858,46 36.909900 N,061 32.556300 W,5.8,225.5,A,DoorSpread,DoorMaster,0.000000,E,S,80116.000000
Wed Sep 28 10:58:53 2016,28-Sep-2016,135859,46 36.908900 N,061 32.558100 W,5.8,226.2,A,DoorSpread,DoorMaster,0.000000,E,S,80116.000000
Wed Sep 28 10:58:59 2016,28-Sep-2016,135900,46 36.907900 N,061 32.559800 W,5.8,226.6,A,DoorSpread,DoorMaster,0.000000,E,S,132533.000000
Wed Sep 28 10:58:59 2016,28-Sep-2016,135901,46 36.906800 N,061 32.561400 W,5.8,226.6,A,DoorSpread,DoorMaster,0.000000,E,S,132533.000000
Wed Sep 28 10:58:59 2016,28-Sep-2016,135902,46 36.905700 N,061 32.563100 W,5.8,226.6,A,DoorSpread,DoorMaster,0.000000,E,S,132533.000000
Wed Sep 28 10:58:59 2016,28-Sep-2016,135903,46 36.904500 N,061 32.564800 W,5.8,226.6,A,DoorSpread,DoorMaster,0.000000,E,S,132533.000000
Wed Sep 28 10:58:59 2016,28-Sep-2016,135904,46 36.903500 N,061 32.566500 W,5.8,226.8,A,DoorSpread,DoorMaster,0.000000,E,S,132533.000000
Wed Sep 28 10:59:04 2016,28-Sep-2016,135905,46 36.902400 N,061 32.568100 W,5.8,226.7,A,DoorSpread,DoorMaster,0.000000,E,S,72706.000000
Wed Sep 28 10:59:04 2016,28-Sep-2016,135906,46 36.901200 N,061 32.569700 W,5.8,226.2,A,DoorSpread,DoorMaster,0.000000,E,S,72706.000000
Wed Sep 28 10:59:04 2016,28-Sep-2016,135907,46 36.900000 N,061 32.571300 W,5.8,225.6,A,DoorSpread,DoorMaster,0.000000,E,S,72706.000000
Wed Sep 28 10:59:04 2016,28-Sep-2016,135908,46 36.898900 N,061 32.572900 W,5.8,225.2,A,DoorSpread,DoorMaster,0.000000,E,S,72706.000000
Wed Sep 28 10:59:04 2016,28-Sep-2016,135909,46 36.897700 N,061 32.574500 W,5.8,225.3,A,DoorSpread,DoorMaster,0.000000,E,S,72706.000000
Wed Sep 28 10:59:04 2016,28-Sep-2016,135910,46 36.896600 N,061 32.576200 W,5.8,225.3,A,DoorSpread,DoorMaster,0.000000,E,S,72706.000000
Wed Sep 28 10:59:04 2016,28-Sep-2016,135911,46 36.895400 N,061 32.577800 W,5.8,225.0,A,DoorSpread,DoorMaster,0.000000,E,S,72706.000000
Wed Sep 28 10:59:04 2016,28-Sep-2016,135912,46 36.894300 N,061 32.579300 W,5.8,224.5,A,DoorSpread,DoorMaster,0.000000,E,S,72706.000000
Wed Sep 28 10:59:04 2016,28-Sep-2016,135913,46 36.893100 N,061 32.580900 W,5.8,224.3,A,DoorSpread,DoorMaster,0.000000,E,S,72706.000000
Wed Sep 28 10:59:04 2016,28-Sep-2016,135914,46 36.892000 N,061 32.582600 W,5.8,224.4,A,DoorSpread,DoorMaster,0.000000,E,S,72706.000000
Wed Sep 28 10:59:14 2016,28-Sep-2016,135915,46 36.890900 N,061 32.584200 W,5.8,224.5,A,DoorSpread,DoorMaster,0.000000,E,S,40399.000000
Wed Sep 28 10:59:14 2016,28-Sep-2016,135916,46 36.889700 N,061 32.585800 W,5.8,224.5,A,DoorSpread,DoorMaster,0.000000,E,S,40399.000000
Wed Sep 28 10:59:14 2016,28-Sep-2016,135917,46 36.888600 N,061 32.587400 W,5.8,224.4,A,DoorSpread,DoorMaster,0.000000,E,S,40399.000000
Wed Sep 28 10:59:14 2016,28-Sep-2016,135918,46 36.887400 N,061 32.589000 W,5.8,224.3,A,DoorSpread,DoorMaster,0.000000,E,S,40399.000000
Wed Sep 28 10:59:14 2016,28-Sep-2016,135919,46 36.886300 N,061 32.590700 W,5.8,224.5,A,DoorSpread,DoorMaster,0.000000,E,S,40399.000000
Wed Sep 28 10:59:19 2016,28-Sep-2016,135920,46 36.885200 N,061 32.592400 W,5.8,224.7,A,DoorSpread,DoorMaster,0.000000,E,S,61865.000000
Wed Sep 28 10:59:19 2016,28-Sep-2016,135921,46 36.884100 N,061 32.594000 W,5.8,224.7,A,DoorSpread,DoorMaster,0.000000,E,S,61865.000000
Wed Sep 28 10:59:19 2016,28-Sep-2016,135922,46 36.883000 N,061 32.595600 W,5.8,224.8,A,DoorSpread,DoorMaster,0.000000,E,S,61865.000000
Wed Sep 28 10:59:19 2016,28-Sep-2016,135923,46 36.881900 N,061 32.597300 W,5.8,224.9,A,DoorSpread,DoorMaster,0.000000,E,S,61865.000000
Wed Sep 28 10:59:19 2016,28-Sep-2016,135924,46 36.880700 N,061 32.598900 W,5.8,224.9,A,DoorSpread,DoorMaster,0.000000,E,S,61865.000000
Wed Sep 28 10:59:19 2016,28-Sep-2016,135925,46 36.879600 N,061 32.600500 W,5.8,225.1,A,DoorSpread,DoorMaster,0.000000,E,S,61865.000000
Wed Sep 28 10:59:19 2016,28-Sep-2016,135926,46 36.878500 N,061 32.602200 W,5.8,225.3,A,DoorSpread,DoorMaster,0.000000,E,S,61865.000000
Wed Sep 28 10:59:19 2016,28-Sep-2016,135927,46 36.877400 N,061 32.603900 W,5.8,225.6,A,DoorSpread,DoorMaster,0.000000,E,S,61865.000000
Wed Sep 28 10:59:19 2016,28-Sep-2016,135928,46 36.876400 N,061 32.605600 W,5.8,225.9,A,DoorSpread,DoorMaster,0.000000,E,S,61865.000000
Wed Sep 28 10:59:19 2016,28-Sep-2016,135929,46 36.875300 N,061 32.607200 W,5.8,225.9,A,DoorSpread,DoorMaster,0.000000,E,S,61865.000000
Wed Sep 28 10:59:19 2016,28-Sep-2016,135930,46 36.874200 N,061 32.608900 W,5.7,225.9,A,DoorSpread,DoorMaster,0.000000,E,S,61865.000000
Wed Sep 28 10:59:19 2016,28-Sep-2016,135931,46 36.873100 N,061 32.610500 W,5.7,225.9,A,DoorSpread,DoorMaster,0.000000,E,S,61865.000000
Wed Sep 28 10:59:19 2016,28-Sep-2016,135932,46 36.872000 N,061 32.612200 W,5.7,225.8,A,DoorSpread,DoorMaster,0.000000,E,S,61865.000000
Wed Sep 28 10:59:19 2016,28-Sep-2016,135933,46 36.870900 N,061 32.613900 W,5.8,226.0,A,DoorSpread,DoorMaster,0.000000,E,S,61865.000000
Wed Sep 28 10:59:19 2016,28-Sep-2016,135934,46 36.869800 N,061 32.615600 W,5.7,226.4,A,DoorSpread,DoorMaster,0.000000,E,S,61865.000000
Wed Sep 28 10:59:19 2016,28-Sep-2016,135935,46 36.868700 N,061 32.617300 W,5.7,226.4,A,DoorSpread,DoorMaster,0.000000,E,S,61865.000000
Wed Sep 28 10:59:19 2016,28-Sep-2016,135936,46 36.867600 N,061 32.618900 W,5.8,226.3,A,DoorSpread,DoorMaster,0.000000,E,S,61865.000000
Wed Sep 28 10:59:19 2016,28-Sep-2016,135937,46 36.866600 N,061 32.620700 W,5.8,226.7,A,DoorSpread,DoorMaster,0.000000,E,S,61865.000000
Wed Sep 28 10:59:19 2016,28-Sep-2016,135938,46 36.865500 N,061 32.622300 W,5.7,226.8,A,DoorSpread,DoorMaster,0.000000,E,S,61865.000000
Wed Sep 28 10:59:19 2016,28-Sep-2016,135939,46 36.864400 N,061 32.623900 W,5.7,226.5,A,DoorSpread,DoorMaster,0.000000,E,S,61865.000000
Wed Sep 28 10:59:39 2016,28-Sep-2016,135940,46 36.863300 N,061 32.625600 W,5.7,226.4,A,DoorSpread,DoorMaster,0.000000,E,S,86191.000000
Wed Sep 28 10:59:39 2016,28-Sep-2016,135941,46 36.862200 N,061 32.627200 W,5.7,226.3,A,DoorSpread,DoorMaster,0.000000,E,S,86191.000000
Wed Sep 28 10:59:39 2016,28-Sep-2016,135942,46 36.861100 N,061 32.628700 W,5.7,226.2,A,DoorSpread,DoorMaster,0.000000,E,S,86191.000000
Wed Sep 28 10:59:39 2016,28-Sep-2016,135943,46 36.860000 N,061 32.630300 W,5.6,226.1,A,DoorSpread,DoorMaster,0.000000,E,S,86191.000000
Wed Sep 28 10:59:39 2016,28-Sep-2016,135944,46 36.859100 N,061 32.631800 W,5.6,226.4,A,DoorSpread,DoorMaster,0.000000,E,S,86191.000000
Wed Sep 28 10:59:44 2016,28-Sep-2016,135945,46 36.858200 N,061 32.633300 W,5.5,226.4,A,DoorSpread,DoorMaster,0.000000,E,S,96870.000000
Wed Sep 28 10:59:44 2016,28-Sep-2016,135946,46 36.857200 N,061 32.634500 W,5.3,225.9,A,DoorSpread,DoorMaster,0.000000,E,S,96870.000000
Wed Sep 28 10:59:44 2016,28-Sep-2016,135947,46 36.856300 N,061 32.635600 W,5.2,225.3,A,DoorSpread,DoorMaster,0.000000,E,S,96870.000000
Wed Sep 28 10:59:44 2016,28-Sep-2016,135948,46 36.855600 N,061 32.636800 W,5.0,225.2,A,DoorSpread,DoorMaster,0.000000,E,S,96870.000000
Wed Sep 28 10:59:44 2016,28-Sep-2016,135949,46 36.854800 N,061 32.637900 W,4.8,225.4,A,DoorSpread,DoorMaster,0.000000,E,S,96870.000000
Wed Sep 28 10:59:49 2016,28-Sep-2016,135950,46 36.854100 N,061 32.638900 W,4.6,225.3,A,DoorSpread,DoorMaster,0.000000,E,S,32944.000000
Wed Sep 28 10:59:50 2016,28-Sep-2016,135951,46 36.853400 N,061 32.639800 W,4.4,224.8,A,Primary,Headline,3.489796,D,S,158942.000000
Wed Sep 28 10:59:50 2016,28-Sep-2016,135952,46 36.852700 N,061 32.640700 W,4.2,224.6,A,Primary,Headline,3.489796,D,S,158942.000000
Wed Sep 28 10:59:50 2016,28-Sep-2016,135953,46 36.852200 N,061 32.641500 W,4.0,224.6,A,Primary,Headline,3.489796,D,S,158942.000000
Wed Sep 28 10:59:50 2016,28-Sep-2016,135954,46 36.851600 N,061 32.642300 W,3.9,224.6,A,Primary,Headline,3.489796,D,S,158942.000000
Wed Sep 28 10:59:54 2016,28-Sep-2016,135955,46 36.851000 N,061 32.643100 W,3.7,224.6,A,DoorSpread,DoorMaster,0.000000,E,S,83877.000000
Wed Sep 28 10:59:54 2016,28-Sep-2016,135956,46 36.850500 N,061 32.643900 W,3.5,224.5,A,DoorSpread,DoorMaster,0.000000,E,S,83877.000000
Wed Sep 28 10:59:54 2016,28-Sep-2016,135957,46 36.850100 N,061 32.644500 W,3.3,224.4,A,DoorSpread,DoorMaster,0.000000,E,S,83877.000000
Wed Sep 28 10:59:54 2016,28-Sep-2016,135958,46 36.849600 N,061 32.645100 W,3.2,224.4,A,DoorSpread,DoorMaster,0.000000,E,S,83877.000000
Wed Sep 28 10:59:54 2016,28-Sep-2016,135959,46 36.849100 N,061 32.645800 W,3.1,224.2,A,DoorSpread,DoorMaster,0.000000,E,S,83877.000000
Wed Sep 28 10:59:59 2016,28-Sep-2016,140000,46 36.848700 N,061 32.646300 W,2.9,223.9,A,DoorSpread,DoorMaster,0.000000,E,S,96157.000000
Wed Sep 28 10:59:59 2016,28-Sep-2016,140001,46 36.848300 N,061 32.646800 W,2.8,223.6,A,DoorSpread,DoorMaster,0.000000,E,S,96157.000000
Wed Sep 28 10:59:59 2016,28-Sep-2016,140002,46 36.847800 N,061 32.647400 W,2.7,223.6,A,DoorSpread,DoorMaster,0.000000,E,S,96157.000000
Wed Sep 28 10:59:59 2016,28-Sep-2016,140003,46 36.847400 N,061 32.648000 W,2.6,224.3,A,DoorSpread,DoorMaster,0.000000,E,S,96157.000000
Wed Sep 28 10:59:59 2016,28-Sep-2016,140004,46 36.847000 N,061 32.648500 W,2.5,224.4,A,DoorSpread,DoorMaster,0.000000,E,S,96157.000000
Wed Sep 28 10:59:59 2016,28-Sep-2016,140005,46 36.846700 N,061 32.648800 W,2.3,223.7,A,DoorSpread,DoorMaster,0.000000,E,S,96157.000000
Wed Sep 28 11:00:05 2016,28-Sep-2016,140006,46 36.846300 N,061 32.649200 W,2.2,222.8,A,DoorSpread,DoorMaster,8.185000,D,S,78113.000000
Wed Sep 28 11:00:05 2016,28-Sep-2016,140007,46 36.845900 N,061 32.649800 W,2.2,222.6,A,DoorSpread,DoorMaster,8.185000,D,S,78113.000000
Wed Sep 28 11:00:05 2016,28-Sep-2016,140008,46 36.845500 N,061 32.650200 W,2.1,222.5,A,DoorSpread,DoorMaster,8.185000,D,S,78113.000000
Wed Sep 28 11:00:05 2016,28-Sep-2016,140009,46 36.845300 N,061 32.650600 W,2.0,223.0,A,DoorSpread,DoorMaster,8.185000,D,S,78113.000000
Wed Sep 28 11:00:05 2016,28-Sep-2016,140010,46 36.845000 N,061 32.651000 W,1.9,223.7,A,DoorSpread,DoorMaster,8.185000,D,S,78113.000000
Wed Sep 28 11:00:05 2016,28-Sep-2016,140011,46 36.844600 N,061 32.651500 W,1.9,223.8,A,DoorSpread,DoorMaster,8.185000,D,S,78113.000000
Wed Sep 28 11:00:05 2016,28-Sep-2016,140012,46 36.844300 N,061 32.651800 W,1.8,223.0,A,DoorSpread,DoorMaster,8.185000,D,S,78113.000000
Wed Sep 28 11:00:05 2016,28-Sep-2016,140013,46 36.844100 N,061 32.652100 W,1.7,222.8,A,DoorSpread,DoorMaster,8.185000,D,S,78113.000000
Wed Sep 28 11:00:05 2016,28-Sep-2016,140014,46 36.843800 N,061 32.652500 W,1.7,223.4,A,DoorSpread,DoorMaster,8.185000,D,S,78113.000000
Wed Sep 28 11:00:05 2016,28-Sep-2016,140015,46 36.843500 N,061 32.652900 W,1.7,223.7,A,DoorSpread,DoorMaster,8.185000,D,S,78113.000000
Wed Sep 28 11:00:05 2016,28-Sep-2016,140016,46 36.843300 N,061 32.653200 W,1.6,223.5,A,DoorSpread,DoorMaster,8.185000,D,S,78113.000000
Wed Sep 28 11:00:05 2016,28-Sep-2016,140017,46 36.843100 N,061 32.653500 W,1.5,223.0,A,DoorSpread,DoorMaster,8.185000,D,S,78113.000000
Wed Sep 28 11:00:05 2016,28-Sep-2016,140018,46 36.842700 N,061 32.653900 W,1.5,223.2,A,DoorSpread,DoorMaster,8.185000,D,S,78113.000000
Wed Sep 28 11:00:05 2016,28-Sep-2016,140019,46 36.842400 N,061 32.654300 W,1.5,223.3,A,DoorSpread,DoorMaster,8.185000,D,S,78113.000000
Wed Sep 28 11:00:05 2016,28-Sep-2016,140020,46 36.842200 N,061 32.654600 W,1.4,222.9,A,DoorSpread,DoorMaster,8.185000,D,S,78113.000000
Wed Sep 28 11:00:05 2016,28-Sep-2016,140021,46 36.842000 N,061 32.654800 W,1.4,222.5,A,DoorSpread,DoorMaster,8.185000,D,S,78113.000000
Wed Sep 28 11:00:05 2016,28-Sep-2016,140022,46 36.841600 N,061 32.655300 W,1.4,222.9,A,DoorSpread,DoorMaster,8.185000,D,S,78113.000000
Wed Sep 28 11:00:22 2016,28-Sep-2016,140023,46 36.841300 N,061 32.655700 W,1.5,222.1,A,DoorSpread,DoorMaster,6.065000,D,S,50608.000000
Wed Sep 28 11:00:22 2016,28-Sep-2016,140024,46 36.841000 N,061 32.656000 W,1.4,221.3,A,DoorSpread,DoorMaster,6.065000,D,S,50608.000000
Wed Sep 28 11:00:22 2016,28-Sep-2016,140025,46 36.840800 N,061 32.656400 W,1.4,222.0,A,DoorSpread,DoorMaster,6.065000,D,S,50608.000000
Wed Sep 28 11:00:22 2016,28-Sep-2016,140026,46 36.840400 N,061 32.656900 W,1.5,221.9,A,DoorSpread,DoorMaster,6.065000,D,S,50608.000000
Wed Sep 28 11:00:26 2016,28-Sep-2016,140027,46 36.840000 N,061 32.657400 W,1.6,221.9,A,Depth,Depth,6.759259,D,S,59609.000000
Wed Sep 28 11:00:27 2016,28-Sep-2016,140028,46 36.839700 N,061 32.657800 W,1.6,222.1,A,DoorSpread,DoorMaster,5.240000,D,S,81611.000000
Wed Sep 28 11:00:27 2016,28-Sep-2016,140029,46 36.839300 N,061 32.658300 W,1.6,222.5,A,DoorSpread,DoorMaster,5.240000,D,S,81611.000000
Wed Sep 28 11:00:27 2016,28-Sep-2016,140030,46 36.838900 N,061 32.658900 W,1.7,222.7,A,DoorSpread,DoorMaster,5.240000,D,S,81611.000000
Wed Sep 28 11:00:27 2016,28-Sep-2016,140031,46 36.838500 N,061 32.659400 W,1.7,222.4,A,DoorSpread,DoorMaster,5.240000,D,S,81611.000000
Wed Sep 28 11:00:27 2016,28-Sep-2016,140032,46 36.838100 N,061 32.659900 W,1.8,221.9,A,DoorSpread,DoorMaster,5.240000,D,S,81611.000000
Wed Sep 28 11:00:27 2016,28-Sep-2016,140033,46 36.837700 N,061 32.660500 W,1.8,222.9,A,DoorSpread,DoorMaster,5.240000,D,S,81611.000000
Wed Sep 28 11:00:33 2016,28-Sep-2016,140034,46 36.837300 N,061 32.661200 W,1.9,224.3,A,DoorSpread,DoorMaster,5.855000,D,S,83306.000000
Wed Sep 28 11:00:33 2016,28-Sep-2016,140035,46 36.836900 N,061 32.661800 W,1.9,224.5,A,DoorSpread,DoorMaster,5.855000,D,S,83306.000000
Wed Sep 28 11:00:33 2016,28-Sep-2016,140036,46 36.836500 N,061 32.662500 W,2.0,224.5,A,DoorSpread,DoorMaster,5.855000,D,S,83306.000000
Wed Sep 28 11:00:36 2016,28-Sep-2016,140037,46 36.836100 N,061 32.663000 W,2.0,224.6,A,Primary,Headline,2.142857,D,S,69260.000000
Wed Sep 28 11:00:36 2016,28-Sep-2016,140038,46 36.835600 N,061 32.663600 W,2.1,224.5,A,Primary,Headline,2.142857,D,S,69260.000000
Wed Sep 28 11:00:36 2016,28-Sep-2016,140039,46 36.835100 N,061 32.664100 W,2.1,223.7,A,Primary,Headline,2.142857,D,S,69260.000000
Wed Sep 28 11:00:39 2016,28-Sep-2016,140040,46 36.834600 N,061 32.664600 W,2.1,223.5,A,DoorSpread,DoorMaster,6.000000,D,S,194938.000000
Wed Sep 28 11:00:39 2016,28-Sep-2016,140041,46 36.834200 N,061 32.665200 W,2.1,224.1,A,DoorSpread,DoorMaster,6.000000,D,S,194938.000000
Wed Sep 28 11:00:41 2016,28-Sep-2016,140042,46 36.833800 N,061 32.665800 W,2.1,224.6,A,Primary,Headline,2.734694,D,S,70800.000000
Wed Sep 28 11:00:41 2016,28-Sep-2016,140043,46 36.833400 N,061 32.666400 W,2.1,225.1,A,Primary,Headline,2.734694,D,S,70800.000000
Wed Sep 28 11:00:41 2016,28-Sep-2016,140044,46 36.833000 N,061 32.667000 W,2.1,225.1,A,Primary,Headline,2.734694,D,S,70800.000000
Wed Sep 28 11:00:44 2016,28-Sep-2016,140045,46 36.832500 N,061 32.667500 W,2.1,224.1,A,DoorSpread,DoorMaster,6.860000,D,S,66258.000000
Wed Sep 28 11:00:44 2016,28-Sep-2016,140046,46 36.832100 N,061 32.668000 W,2.1,223.4,A,DoorSpread,DoorMaster,6.860000,D,S,66258.000000
Wed Sep 28 11:00:46 2016,28-Sep-2016,140047,46 36.831700 N,061 32.668500 W,2.1,224.0,A,Primary,Headline,3.632653,D,S,49171.000000
Wed Sep 28 11:00:47 2016,28-Sep-2016,140048,46 36.831400 N,061 32.669100 W,2.0,225.4,A,Depth,Depth,11.851852,D,S,50709.000000
Wed Sep 28 11:00:47 2016,28-Sep-2016,140049,46 36.831100 N,061 32.669700 W,2.0,226.3,A,Depth,Depth,11.851852,D,S,50709.000000
Wed Sep 28 11:00:47 2016,28-Sep-2016,140050,46 36.830600 N,061 32.670300 W,2.1,225.2,A,Depth,Depth,11.851852,D,S,50709.000000
Wed Sep 28 11:00:50 2016,28-Sep-2016,140051,46 36.830000 N,061 32.670600 W,2.1,222.6,A,DoorSpread,DoorMaster,5.395000,D,S,166071.000000
Wed Sep 28 11:00:51 2016,28-Sep-2016,140052,46 36.829500 N,061 32.670900 W,2.0,221.7,A,Primary,Headline,3.408163,D,S,87739.000000
Wed Sep 28 11:00:51 2016,28-Sep-2016,140053,46 36.829100 N,061 32.671600 W,2.0,223.3,A,Primary,Headline,3.408163,D,S,87739.000000
Wed Sep 28 11:00:51 2016,28-Sep-2016,140054,46 36.828700 N,061 32.672200 W,2.0,225.0,A,Primary,Headline,3.408163,D,S,87739.000000
Wed Sep 28 11:00:54 2016,28-Sep-2016,140055,46 36.828300 N,061 32.672800 W,2.0,224.5,A,Depth,Depth,18.981481,D,S,91561.000000
Wed Sep 28 11:00:55 2016,28-Sep-2016,140056,46 36.827800 N,061 32.673200 W,2.0,223.4,A,DoorSpread,DoorMaster,5.150000,D,S,148762.000000
Wed Sep 28 11:00:56 2016,28-Sep-2016,140057,46 36.827400 N,061 32.673600 W,2.0,222.7,A,Primary,Headline,2.979592,D,S,58694.000000
Wed Sep 28 11:00:56 2016,28-Sep-2016,140058,46 36.827000 N,061 32.674100 W,2.0,222.0,A,Primary,Headline,2.979592,D,S,58694.000000
Wed Sep 28 11:00:56 2016,28-Sep-2016,140059,46 36.826500 N,061 32.674600 W,2.0,222.0,A,Primary,Headline,2.979592,D,S,58694.000000
Wed Sep 28 11:00:56 2016,28-Sep-2016,140100,46 36.826100 N,061 32.675200 W,2.0,222.8,A,Primary,Headline,2.979592,D,S,58694.000000
Wed Sep 28 11:00:56 2016,28-Sep-2016,140101,46 36.825700 N,061 32.675800 W,2.0,222.9,A,Primary,Headline,2.979592,D,S,58694.000000
Wed Sep 28 11:01:01 2016,28-Sep-2016,140102,46 36.825300 N,061 32.676200 W,2.0,222.3,A,Depth,Depth,17.592593,D,S,40164.000000
Wed Sep 28 11:01:01 2016,28-Sep-2016,140103,46 36.824800 N,061 32.676700 W,2.0,221.5,A,Depth,Depth,17.592593,D,S,40164.000000
Wed Sep 28 11:01:01 2016,28-Sep-2016,140104,46 36.824400 N,061 32.677200 W,2.0,221.2,A,Depth,Depth,17.592593,D,S,40164.000000
Wed Sep 28 11:01:01 2016,28-Sep-2016,140105,46 36.823900 N,061 32.677700 W,2.0,221.3,A,Depth,Depth,17.592593,D,S,40164.000000
Wed Sep 28 11:01:01 2016,28-Sep-2016,140106,46 36.823500 N,061 32.678200 W,2.0,221.4,A,Depth,Depth,17.592593,D,S,40164.000000
Wed Sep 28 11:01:06 2016,28-Sep-2016,140107,46 36.823100 N,061 32.678700 W,2.0,221.5,A,DoorSpread,DoorMaster,5.295000,D,S,107754.000000
Wed Sep 28 11:01:06 2016,28-Sep-2016,140108,46 36.822700 N,061 32.679300 W,2.0,221.3,A,DoorSpread,DoorMaster,5.295000,D,S,107754.000000
Wed Sep 28 11:01:08 2016,28-Sep-2016,140109,46 36.822200 N,061 32.679900 W,2.0,221.4,A,Depth,Depth,17.500000,D,S,40926.000000
Wed Sep 28 11:01:08 2016,28-Sep-2016,140110,46 36.821900 N,061 32.680400 W,2.0,221.9,A,Depth,Depth,17.500000,D,S,40926.000000
Wed Sep 28 11:01:08 2016,28-Sep-2016,140111,46 36.821500 N,061 32.680900 W,2.0,221.8,A,Depth,Depth,17.500000,D,S,40926.000000
Wed Sep 28 11:01:08 2016,28-Sep-2016,140112,46 36.821000 N,061 32.681400 W,2.0,221.3,A,Depth,Depth,17.500000,D,S,40926.000000
Wed Sep 28 11:01:12 2016,28-Sep-2016,140113,46 36.820600 N,061 32.681900 W,2.0,221.5,A,DoorSpread,DoorMaster,5.900000,D,S,63880.000000
Wed Sep 28 11:01:12 2016,28-Sep-2016,140114,46 36.820200 N,061 32.682500 W,2.0,221.3,A,DoorSpread,DoorMaster,5.900000,D,S,63880.000000
Wed Sep 28 11:01:12 2016,28-Sep-2016,140115,46 36.819700 N,061 32.683000 W,2.1,221.0,A,DoorSpread,DoorMaster,5.900000,D,S,63880.000000
Wed Sep 28 11:01:15 2016,28-Sep-2016,140116,46 36.819300 N,061 32.683600 W,2.1,221.0,A,Depth,Depth,38.055556,D,S,30342.000000
Wed Sep 28 11:01:15 2016,28-Sep-2016,140117,46 36.819000 N,061 32.684100 W,2.0,221.5,A,Depth,Depth,38.055556,D,S,30342.000000
Wed Sep 28 11:01:15 2016,28-Sep-2016,140118,46 36.818600 N,061 32.684600 W,2.0,222.4,A,Depth,Depth,38.055556,D,S,30342.000000
Wed Sep 28 11:01:17 2016,28-Sep-2016,140119,46 36.818200 N,061 32.685300 W,2.0,223.2,A,DoorSpread,DoorMaster,6.580000,D,S,84466.000000
Wed Sep 28 11:01:17 2016,28-Sep-2016,140120,46 36.817800 N,061 32.685800 W,2.0,222.7,A,DoorSpread,DoorMaster,6.580000,D,S,84466.000000
Wed Sep 28 11:01:17 2016,28-Sep-2016,140121,46 36.817400 N,061 32.686100 W,2.0,220.9,A,DoorSpread,DoorMaster,6.580000,D,S,84466.000000
Wed Sep 28 11:01:21 2016,28-Sep-2016,140122,46 36.817000 N,061 32.686500 W,2.0,220.4,A,Primary,Headline,5.163265,D,S,60891.000000
Wed Sep 28 11:01:22 2016,28-Sep-2016,140123,46 36.816700 N,061 32.687100 W,2.0,221.7,A,Depth,Depth,1.851852,D,S,71590.000000
Wed Sep 28 11:01:23 2016,28-Sep-2016,140124,46 36.816300 N,061 32.687800 W,2.0,223.5,A,DoorSpread,DoorMaster,7.150000,D,S,82737.000000
Wed Sep 28 11:01:23 2016,28-Sep-2016,140125,46 36.816000 N,061 32.688400 W,2.0,224.2,A,DoorSpread,DoorMaster,7.150000,D,S,82737.000000
Wed Sep 28 11:01:23 2016,28-Sep-2016,140126,46 36.815600 N,061 32.688800 W,2.0,223.1,A,DoorSpread,DoorMaster,7.150000,D,S,82737.000000
Wed Sep 28 11:01:23 2016,28-Sep-2016,140127,46 36.815100 N,061 32.689200 W,2.0,221.2,A,DoorSpread,DoorMaster,7.150000,D,S,82737.000000
Wed Sep 28 11:01:23 2016,28-Sep-2016,140128,46 36.814700 N,061 32.689700 W,2.0,220.8,A,DoorSpread,DoorMaster,7.150000,D,S,82737.000000
Wed Sep 28 11:01:23 2016,28-Sep-2016,140129,46 36.814400 N,061 32.690300 W,1.9,223.1,A,DoorSpread,DoorMaster,7.150000,D,S,82737.000000
Wed Sep 28 11:01:29 2016,28-Sep-2016,140130,46 36.814100 N,061 32.691000 W,1.9,225.1,A,DoorSpread,DoorMaster,7.590000,D,S,159786.000000
Wed Sep 28 11:01:29 2016,28-Sep-2016,140131,46 36.813700 N,061 32.691500 W,2.0,225.0,A,Depth,Depth,22.592593,D,S,144294.000000
Wed Sep 28 11:01:31 2016,28-Sep-2016,140132,46 36.813300 N,061 32.692000 W,1.9,223.5,A,Primary,Headline,2.836735,D,S,90288.000000
Wed Sep 28 11:01:31 2016,28-Sep-2016,140133,46 36.812900 N,061 32.692500 W,1.9,222.4,A,Primary,Headline,2.836735,D,S,90288.000000
Wed Sep 28 11:01:31 2016,28-Sep-2016,140134,46 36.812500 N,061 32.693100 W,2.0,223.0,A,Primary,Headline,2.836735,D,S,90288.000000
Wed Sep 28 11:01:31 2016,28-Sep-2016,140135,46 36.812200 N,061 32.693700 W,2.0,224.2,A,Primary,Headline,2.836735,D,S,90288.000000
Wed Sep 28 11:01:34 2016,28-Sep-2016,140136,46 36.811900 N,061 32.694300 W,1.9,225.6,A,DoorSpread,DoorMaster,7.920000,D,S,55328.000000
Wed Sep 28 11:01:34 2016,28-Sep-2016,140137,46 36.811500 N,061 32.695000 W,2.0,226.0,A,DoorSpread,DoorMaster,7.920000,D,S,55328.000000
Wed Sep 28 11:01:37 2016,28-Sep-2016,140138,46 36.811100 N,061 32.695500 W,2.0,224.9,A,Depth,Depth,18.888889,D,S,125582.000000
Wed Sep 28 11:01:37 2016,28-Sep-2016,140139,46 36.810700 N,061 32.696000 W,2.0,223.8,A,Depth,Depth,18.888889,D,S,125582.000000
Wed Sep 28 11:01:37 2016,28-Sep-2016,140140,46 36.810300 N,061 32.696500 W,2.0,223.4,A,Depth,Depth,18.888889,D,S,125582.000000
Wed Sep 28 11:01:40 2016,28-Sep-2016,140141,46 36.809800 N,061 32.697200 W,2.1,223.7,A,DoorSpread,DoorMaster,7.935000,D,S,86140.000000
Wed Sep 28 11:01:40 2016,28-Sep-2016,140142,46 36.809300 N,061 32.697900 W,2.2,224.2,A,DoorSpread,DoorMaster,7.935000,D,S,86140.000000
Wed Sep 28 11:01:41 2016,28-Sep-2016,140143,46 36.808900 N,061 32.698600 W,2.2,224.4,A,Primary,Headline,2.510204,D,S,110404.000000
Wed Sep 28 11:01:41 2016,28-Sep-2016,140144,46 36.808500 N,061 32.699100 W,2.1,224.2,A,Primary,Headline,2.510204,D,S,110404.000000
Wed Sep 28 11:01:44 2016,28-Sep-2016,140145,46 36.808000 N,061 32.699700 W,2.2,223.6,A,Depth,Depth,21.759259,D,S,128824.000000
Wed Sep 28 11:01:44 2016,28-Sep-2016,140146,46 36.807500 N,061 32.700400 W,2.2,222.9,A,Depth,Depth,21.759259,D,S,128824.000000
Wed Sep 28 11:01:46 2016,28-Sep-2016,140147,46 36.807100 N,061 32.701000 W,2.2,222.9,A,Primary,Headline,1.510204,D,S,73409.000000
Wed Sep 28 11:01:46 2016,28-Sep-2016,140148,46 36.806600 N,061 32.701600 W,2.2,223.0,A,Primary,Headline,1.510204,D,S,73409.000000
Wed Sep 28 11:01:46 2016,28-Sep-2016,140149,46 36.806200 N,061 32.702200 W,2.2,222.8,A,Primary,Headline,1.510204,D,S,73409.000000
Wed Sep 28 11:01:46 2016,28-Sep-2016,140150,46 36.805700 N,061 32.702800 W,2.2,222.7,A,Primary,Headline,1.510204,D,S,73409.000000
Wed Sep 28 11:01:46 2016,28-Sep-2016,140151,46 36.805300 N,061 32.703400 W,2.3,222.7,A,Primary,Headline,1.510204,D,S,73409.000000
Wed Sep 28 11:01:51 2016,28-Sep-2016,140152,46 36.804800 N,061 32.704000 W,2.2,222.8,A,Primary,Headline,1.673469,D,S,53134.000000
Wed Sep 28 11:01:52 2016,28-Sep-2016,140153,46 36.804400 N,061 32.704700 W,2.3,223.3,A,DoorSpread,DoorMaster,8.220000,D,S,116590.000000
Wed Sep 28 11:01:52 2016,28-Sep-2016,140154,46 36.804000 N,061 32.705300 W,2.2,223.1,A,DoorSpread,DoorMaster,8.220000,D,S,116590.000000
Wed Sep 28 11:01:52 2016,28-Sep-2016,140155,46 36.803500 N,061 32.705700 W,2.2,221.6,A,DoorSpread,DoorMaster,8.220000,D,S,116590.000000
Wed Sep 28 11:01:52 2016,28-Sep-2016,140156,46 36.803000 N,061 32.706200 W,2.2,221.3,A,DoorSpread,DoorMaster,8.220000,D,S,116590.000000
Wed Sep 28 11:01:52 2016,28-Sep-2016,140157,46 36.802600 N,061 32.706900 W,2.2,222.8,A,DoorSpread,DoorMaster,8.220000,D,S,116590.000000
Wed Sep 28 11:01:57 2016,28-Sep-2016,140158,46 36.802200 N,061 32.707700 W,2.2,224.2,A,DoorSpread,DoorMaster,0.000000,E,S,88396.000000
Wed Sep 28 11:01:58 2016,28-Sep-2016,140159,46 36.801800 N,061 32.708300 W,2.3,223.8,A,Depth,Depth,24.629630,D,S,92334.000000
Wed Sep 28 11:01:58 2016,28-Sep-2016,140200,46 36.801300 N,061 32.708800 W,2.2,222.1,A,Depth,Depth,24.629630,D,S,92334.000000
Wed Sep 28 11:01:58 2016,28-Sep-2016,140201,46 36.800900 N,061 32.709200 W,2.2,221.6,A,Depth,Depth,24.629630,D,S,92334.000000
Wed Sep 28 11:01:58 2016,28-Sep-2016,140202,46 36.800500 N,061 32.710000 W,2.2,223.3,A,Depth,Depth,24.629630,D,S,92334.000000
Wed Sep 28 11:02:02 2016,28-Sep-2016,140203,46 36.800100 N,061 32.710700 W,2.2,224.1,A,DoorSpread,DoorMaster,0.000000,E,S,166902.000000
Wed Sep 28 11:02:02 2016,28-Sep-2016,140204,46 36.799600 N,061 32.711200 W,2.2,223.3,A,DoorSpread,DoorMaster,0.000000,E,S,166902.000000
Wed Sep 28 11:02:02 2016,28-Sep-2016,140205,46 36.799200 N,061 32.711700 W,2.2,222.2,A,DoorSpread,DoorMaster,0.000000,E,S,166902.000000
Wed Sep 28 11:02:05 2016,28-Sep-2016,140206,46 36.798800 N,061 32.712300 W,2.2,222.8,A,Depth,Depth,16.296296,D,S,149050.000000
Wed Sep 28 11:02:06 2016,28-Sep-2016,140207,46 36.798400 N,061 32.713100 W,2.2,224.6,A,Primary,Headline,1.918367,D,S,26381.000000
Wed Sep 28 11:02:07 2016,28-Sep-2016,140208,46 36.798000 N,061 32.713700 W,2.1,225.4,A,DoorSpread,DoorMaster,8.440000,D,S,73212.000000
Wed Sep 28 11:02:07 2016,28-Sep-2016,140209,46 36.797600 N,061 32.714200 W,2.1,224.4,A,DoorSpread,DoorMaster,8.440000,D,S,73212.000000
Wed Sep 28 11:02:07 2016,28-Sep-2016,140210,46 36.797100 N,061 32.714800 W,2.2,223.1,A,DoorSpread,DoorMaster,8.440000,D,S,73212.000000
Wed Sep 28 11:02:07 2016,28-Sep-2016,140211,46 36.796700 N,061 32.715300 W,2.1,223.2,A,DoorSpread,DoorMaster,8.440000,D,S,73212.000000
Wed Sep 28 11:02:11 2016,28-Sep-2016,140212,46 36.796400 N,061 32.715900 W,2.1,224.1,A,Primary,Headline,1.448980,D,S,79982.000000
Wed Sep 28 11:02:12 2016,28-Sep-2016,140213,46 36.796000 N,061 32.716500 W,2.1,225.1,A,Depth,Depth,21.851852,D,S,88037.000000
Wed Sep 28 11:02:13 2016,28-Sep-2016,140214,46 36.795600 N,061 32.717200 W,2.1,225.5,A,DoorSpread,DoorMaster,8.255000,D,S,152260.000000
Wed Sep 28 11:02:13 2016,28-Sep-2016,140215,46 36.795200 N,061 32.717800 W,2.1,225.6,A,DoorSpread,DoorMaster,8.255000,D,S,152260.000000
Wed Sep 28 11:02:13 2016,28-Sep-2016,140216,46 36.794800 N,061 32.718300 W,2.1,225.2,A,DoorSpread,DoorMaster,8.255000,D,S,152260.000000
Wed Sep 28 11:02:13 2016,28-Sep-2016,140217,46 36.794300 N,061 32.718900 W,2.1,223.6,A,DoorSpread,DoorMaster,8.255000,D,S,152260.000000
Wed Sep 28 11:02:17 2016,28-Sep-2016,140218,46 36.793800 N,061 32.719400 W,2.1,222.4,A,Primary,Headline,1.285714,D,S,95995.000000
Wed Sep 28 11:02:17 2016,28-Sep-2016,140219,46 36.793400 N,061 32.720000 W,2.1,223.0,A,Primary,Headline,1.285714,D,S,95995.000000
Wed Sep 28 11:02:19 2016,28-Sep-2016,140220,46 36.793100 N,061 32.720700 W,2.1,224.8,A,Depth,Depth,40.555556,D,S,29115.000000
Wed Sep 28 11:02:19 2016,28-Sep-2016,140221,46 36.792700 N,061 32.721400 W,2.1,225.8,A,Depth,Depth,40.555556,D,S,29115.000000
Wed Sep 28 11:02:19 2016,28-Sep-2016,140222,46 36.792300 N,061 32.721900 W,2.1,225.0,A,Depth,Depth,40.555556,D,S,29115.000000
Wed Sep 28 11:02:22 2016,28-Sep-2016,140223,46 36.791800 N,061 32.722400 W,2.1,223.1,A,Primary,Headline,4.816327,D,S,32764.000000
Wed Sep 28 11:02:22 2016,28-Sep-2016,140224,46 36.791300 N,061 32.722900 W,2.1,221.6,A,Primary,Headline,4.816327,D,S,32764.000000
Wed Sep 28 11:02:22 2016,28-Sep-2016,140225,46 36.790900 N,061 32.723400 W,2.1,221.2,A,Primary,Headline,4.816327,D,S,32764.000000
Wed Sep 28 11:02:22 2016,28-Sep-2016,140226,46 36.790600 N,061 32.724000 W,2.1,223.0,A,Primary,Headline,4.816327,D,S,32764.000000
Wed Sep 28 11:02:22 2016,28-Sep-2016,140227,46 36.790200 N,061 32.724800 W,2.1,225.7,A,Primary,Headline,4.816327,D,S,32764.000000
Wed Sep 28 11:02:27 2016,28-Sep-2016,140228,46 36.789800 N,061 32.725500 W,2.1,225.5,A,Secondary,Headline,0.000000,E,S,162472.000000
Wed Sep 28 11:02:27 2016,28-Sep-2016,140229,46 36.789200 N,061 32.725900 W,2.1,222.8,A,Secondary,Headline,0.000000,E,S,162472.000000
Wed Sep 28 11:02:27 2016,28-Sep-2016,140230,46 36.788800 N,061 32.726300 W,2.1,221.2,A,Secondary,Headline,0.000000,E,S,162472.000000
Wed Sep 28 11:02:30 2016,28-Sep-2016,140231,46 36.788400 N,061 32.726900 W,2.1,221.9,A,DoorSpread,DoorMaster,8.265000,D,S,131504.000000
Wed Sep 28 11:02:30 2016,28-Sep-2016,140232,46 36.788000 N,061 32.727600 W,2.1,223.5,A,DoorSpread,DoorMaster,8.265000,D,S,131504.000000
Wed Sep 28 11:02:32 2016,28-Sep-2016,140233,46 36.787600 N,061 32.728300 W,2.1,223.5,A,Primary,Headline,2.061224,D,S,128601.000000
Wed Sep 28 11:02:32 2016,28-Sep-2016,140234,46 36.787100 N,061 32.728800 W,2.1,222.0,A,Primary,Headline,2.061224,D,S,128601.000000
Wed Sep 28 11:02:32 2016,28-Sep-2016,140235,46 36.786700 N,061 32.729200 W,2.1,221.1,A,Primary,Headline,2.061224,D,S,128601.000000
Wed Sep 28 11:02:32 2016,28-Sep-2016,140236,46 36.786300 N,061 32.729800 W,2.1,222.2,A,Primary,Headline,2.061224,D,S,128601.000000
Wed Sep 28 11:02:35 2016,28-Sep-2016,140237,46 36.786000 N,061 32.730500 W,2.1,223.2,A,DoorSpread,DoorMaster,8.585000,D,S,149877.000000
Wed Sep 28 11:02:37 2016,28-Sep-2016,140238,46 36.785600 N,061 32.731100 W,2.1,222.6,A,Primary,Headline,0.938776,D,S,64880.000000
Wed Sep 28 11:02:37 2016,28-Sep-2016,140239,46 36.785100 N,061 32.731600 W,2.1,221.1,A,Primary,Headline,0.938776,D,S,64880.000000
Wed Sep 28 11:02:37 2016,28-Sep-2016,140240,46 36.784700 N,061 32.732100 W,2.1,220.6,A,Primary,Headline,0.938776,D,S,64880.000000
Wed Sep 28 11:02:40 2016,28-Sep-2016,140241,46 36.784300 N,061 32.732700 W,2.1,221.4,A,Depth,Depth,21.388889,D,S,66047.000000
Wed Sep 28 11:02:41 2016,28-Sep-2016,140242,46 36.784000 N,061 32.733300 W,2.0,223.0,A,DoorSpread,DoorMaster,9.005000,D,S,155822.000000
Wed Sep 28 11:02:42 2016,28-Sep-2016,140243,46 36.783600 N,061 32.734000 W,2.1,223.7,A,Primary,Headline,1.346939,D,S,95760.000000
Wed Sep 28 11:02:42 2016,28-Sep-2016,140244,46 36.783100 N,061 32.734600 W,2.1,222.3,A,Primary,Headline,1.346939,D,S,95760.000000
Wed Sep 28 11:02:42 2016,28-Sep-2016,140245,46 36.782700 N,061 32.735000 W,2.1,220.4,A,Primary,Headline,1.346939,D,S,95760.000000
Wed Sep 28 11:02:42 2016,28-Sep-2016,140246,46 36.782400 N,061 32.735500 W,2.0,220.4,A,Primary,Headline,1.346939,D,S,95760.000000
Wed Sep 28 11:02:42 2016,28-Sep-2016,140247,46 36.782000 N,061 32.736200 W,2.0,222.4,A,Primary,Headline,1.346939,D,S,95760.000000
Wed Sep 28 11:02:47 2016,28-Sep-2016,140248,46 36.781600 N,061 32.736900 W,2.1,224.1,A,Depth,Depth,17.962963,D,S,96522.000000
Wed Sep 28 11:02:47 2016,28-Sep-2016,140249,46 36.781200 N,061 32.737400 W,2.1,223.7,A,Depth,Depth,17.962963,D,S,96522.000000
Wed Sep 28 11:02:47 2016,28-Sep-2016,140250,46 36.780700 N,061 32.737900 W,2.1,221.8,A,Depth,Depth,17.962963,D,S,96522.000000
Wed Sep 28 11:02:47 2016,28-Sep-2016,140251,46 36.780300 N,061 32.738400 W,2.1,221.3,A,Depth,Depth,17.962963,D,S,96522.000000
Wed Sep 28 11:02:47 2016,28-Sep-2016,140252,46 36.779900 N,061 32.739000 W,2.1,222.0,A,Depth,Depth,17.962963,D,S,96522.000000
Wed Sep 28 11:02:52 2016,28-Sep-2016,140253,46 36.779400 N,061 32.739500 W,2.1,222.1,A,Primary,Headline,2.102041,D,S,48597.000000
Wed Sep 28 11:02:53 2016,28-Sep-2016,140254,46 36.779000 N,061 32.740100 W,2.1,221.6,A,DoorSpread,DoorMaster,8.795000,D,S,247058.000000
Wed Sep 28 11:02:53 2016,28-Sep-2016,140255,46 36.778600 N,061 32.740700 W,2.1,222.0,A,DoorSpread,DoorMaster,8.795000,D,S,247058.000000
Wed Sep 28 11:02:54 2016,28-Sep-2016,140256,46 36.778200 N,061 32.741200 W,2.0,222.9,A,Depth,Depth,22.592593,D,S,70668.000000
Wed Sep 28 11:02:54 2016,28-Sep-2016,140257,46 36.777800 N,061 32.741700 W,2.0,222.8,A,Depth,Depth,22.592593,D,S,70668.000000
Wed Sep 28 11:02:57 2016,28-Sep-2016,140258,46 36.777400 N,061 32.742300 W,2.0,222.2,A,Primary,Headline,1.387755,D,S,39120.000000
Wed Sep 28 11:02:57 2016,28-Sep-2016,140259,46 36.776900 N,061 32.742800 W,2.0,221.7,A,Primary,Headline,1.387755,D,S,39120.000000
Wed Sep 28 11:02:59 2016,28-Sep-2016,140300,46 36.776500 N,061 32.743300 W,2.1,221.8,A,DoorSpread,DoorMaster,9.135000,D,S,204513.000000
Wed Sep 28 11:02:59 2016,28-Sep-2016,140301,46 36.776100 N,061 32.743900 W,2.1,222.7,A,DoorSpread,DoorMaster,9.135000,D,S,204513.000000
Wed Sep 28 11:02:59 2016,28-Sep-2016,140302,46 36.775800 N,061 32.744500 W,2.0,224.2,A,DoorSpread,DoorMaster,9.135000,D,S,204513.000000
Wed Sep 28 11:03:02 2016,28-Sep-2016,140303,46 36.775400 N,061 32.745100 W,2.0,225.0,A,Primary,Headline,0.795918,D,S,171030.000000
Wed Sep 28 11:03:02 2016,28-Sep-2016,140304,46 36.775000 N,061 32.745600 W,2.0,224.4,A,Primary,Headline,0.795918,D,S,171030.000000
Wed Sep 28 11:03:02 2016,28-Sep-2016,140305,46 36.774600 N,061 32.746200 W,2.0,223.3,A,Primary,Headline,0.795918,D,S,171030.000000
Wed Sep 28 11:03:04 2016,28-Sep-2016,140306,46 36.774200 N,061 32.746700 W,2.0,223.1,A,DoorSpread,DoorMaster,9.140000,D,S,181060.000000
Wed Sep 28 11:03:04 2016,28-Sep-2016,140307,46 36.773900 N,061 32.747300 W,2.0,224.4,A,DoorSpread,DoorMaster,9.140000,D,S,181060.000000
Wed Sep 28 11:03:07 2016,28-Sep-2016,140308,46 36.773500 N,061 32.748000 W,2.0,226.0,A,Primary,Headline,1.918367,D,S,128173.000000
Wed Sep 28 11:03:07 2016,28-Sep-2016,140309,46 36.773100 N,061 32.748700 W,2.1,226.5,A,Primary,Headline,1.918367,D,S,128173.000000
Wed Sep 28 11:03:09 2016,28-Sep-2016,140310,46 36.772700 N,061 32.749200 W,2.0,226.3,A,Depth,Depth,14.074074,D,S,171115.000000
Wed Sep 28 11:03:10 2016,28-Sep-2016,140311,46 36.772400 N,061 32.749700 W,2.0,226.4,A,DoorSpread,DoorMaster,8.865000,D,S,127385.000000
Wed Sep 28 11:03:10 2016,28-Sep-2016,140312,46 36.771900 N,061 32.750300 W,2.0,226.3,A,DoorSpread,DoorMaster,8.865000,D,S,127385.000000
Wed Sep 28 11:03:12 2016,28-Sep-2016,140313,46 36.771500 N,061 32.750900 W,2.0,225.6,A,Primary,Headline,1.102041,D,S,157720.000000
Wed Sep 28 11:03:12 2016,28-Sep-2016,140314,46 36.771100 N,061 32.751400 W,2.1,224.7,A,Primary,Headline,1.102041,D,S,157720.000000
Wed Sep 28 11:03:12 2016,28-Sep-2016,140315,46 36.770700 N,061 32.752000 W,2.0,225.3,A,Primary,Headline,1.102041,D,S,157720.000000
Wed Sep 28 11:03:12 2016,28-Sep-2016,140316,46 36.770400 N,061 32.752600 W,2.1,226.5,A,Primary,Headline,1.102041,D,S,157720.000000
Wed Sep 28 11:03:16 2016,28-Sep-2016,140317,46 36.769900 N,061 32.753200 W,2.1,226.4,A,DoorSpread,DoorMaster,8.920000,D,S,71947.000000
Wed Sep 28 11:03:17 2016,28-Sep-2016,140318,46 36.769500 N,061 32.753800 W,2.1,225.2,A,Primary,Headline,1.816327,D,S,171895.000000
Wed Sep 28 11:03:17 2016,28-Sep-2016,140319,46 36.769000 N,061 32.754200 W,2.0,223.7,A,Primary,Headline,1.816327,D,S,171895.000000
Wed Sep 28 11:03:17 2016,28-Sep-2016,140320,46 36.768600 N,061 32.754700 W,2.0,223.8,A,Primary,Headline,1.816327,D,S,171895.000000
Wed Sep 28 11:03:17 2016,28-Sep-2016,140321,46 36.768300 N,061 32.755400 W,2.0,225.9,A,Primary,Headline,1.816327,D,S,171895.000000
Wed Sep 28 11:03:17 2016,28-Sep-2016,140322,46 36.767900 N,061 32.756000 W,2.0,227.0,A,Primary,Headline,1.816327,D,S,171895.000000
Wed Sep 28 11:03:22 2016,28-Sep-2016,140323,46 36.767500 N,061 32.756500 W,2.0,226.3,A,Primary,Headline,2.489796,D,S,70445.000000
Wed Sep 28 11:03:23 2016,28-Sep-2016,140324,46 36.767000 N,061 32.757000 W,2.0,224.3,A,Depth,Depth,24.629630,D,S,62202.000000
Wed Sep 28 11:03:23 2016,28-Sep-2016,140325,46 36.766600 N,061 32.757500 W,2.0,223.1,A,Depth,Depth,24.629630,D,S,62202.000000
Wed Sep 28 11:03:23 2016,28-Sep-2016,140326,46 36.766200 N,061 32.758100 W,2.0,223.7,A,Depth,Depth,24.629630,D,S,62202.000000
Wed Sep 28 11:03:23 2016,28-Sep-2016,140327,46 36.765800 N,061 32.758700 W,2.0,224.5,A,Depth,Depth,24.629630,D,S,62202.000000
Wed Sep 28 11:03:27 2016,28-Sep-2016,140328,46 36.765400 N,061 32.759200 W,2.0,224.8,A,Primary,Headline,0.122449,D,S,109857.000000
Wed Sep 28 11:03:27 2016,28-Sep-2016,140329,46 36.765000 N,061 32.759700 W,2.0,224.8,A,DoorSpread,DoorMaster,9.270000,D,S,90043.000000
Wed Sep 28 11:03:27 2016,28-Sep-2016,140330,46 36.764600 N,061 32.760300 W,2.0,224.0,A,DoorSpread,DoorMaster,9.270000,D,S,90043.000000
Wed Sep 28 11:03:30 2016,28-Sep-2016,140331,46 36.764100 N,061 32.760800 W,2.0,222.8,A,Depth,Depth,18.981481,D,S,52002.000000
Wed Sep 28 11:03:30 2016,28-Sep-2016,140332,46 36.763600 N,061 32.761300 W,2.1,222.1,A,Depth,Depth,18.981481,D,S,52002.000000
Wed Sep 28 11:03:32 2016,28-Sep-2016,140333,46 36.763200 N,061 32.761900 W,2.1,222.2,A,Primary,Headline,1.897959,D,S,102564.000000
Wed Sep 28 11:03:33 2016,28-Sep-2016,140334,46 36.762800 N,061 32.762500 W,2.1,222.8,A,DoorSpread,DoorMaster,9.040000,D,S,166411.000000
Wed Sep 28 11:03:33 2016,28-Sep-2016,140335,46 36.762400 N,061 32.763100 W,2.1,223.8,A,DoorSpread,DoorMaster,9.040000,D,S,166411.000000
Wed Sep 28 11:03:33 2016,28-Sep-2016,140336,46 36.762000 N,061 32.763700 W,2.1,224.1,A,DoorSpread,DoorMaster,9.040000,D,S,166411.000000
Wed Sep 28 11:03:33 2016,28-Sep-2016,140337,46 36.761500 N,061 32.764300 W,2.1,222.9,A,DoorSpread,DoorMaster,9.040000,D,S,166411.000000
Wed Sep 28 11:03:37 2016,28-Sep-2016,140338,46 36.761100 N,061 32.764800 W,2.1,222.1,A,Primary,Headline,1.367347,D,S,75065.000000
Wed Sep 28 11:03:37 2016,28-Sep-2016,140339,46 36.760700 N,061 32.765400 W,2.1,222.8,A,Primary,Headline,1.367347,D,S,75065.000000
Wed Sep 28 11:03:39 2016,28-Sep-2016,140340,46 36.760300 N,061 32.766100 W,2.1,224.5,A,DoorSpread,DoorMaster,8.845000,D,S,207885.000000
Wed Sep 28 11:03:39 2016,28-Sep-2016,140341,46 36.759900 N,061 32.766800 W,2.1,224.7,A,DoorSpread,DoorMaster,8.845000,D,S,207885.000000
Wed Sep 28 11:03:39 2016,28-Sep-2016,140342,46 36.759400 N,061 32.767200 W,2.1,223.1,A,DoorSpread,DoorMaster,8.845000,D,S,207885.000000
Wed Sep 28 11:03:42 2016,28-Sep-2016,140343,46 36.758900 N,061 32.767700 W,2.1,222.4,A,Primary,Headline,2.102041,D,S,37503.000000
Wed Sep 28 11:03:42 2016,28-Sep-2016,140344,46 36.758500 N,061 32.768300 W,2.1,223.3,A,Primary,Headline,2.102041,D,S,37503.000000
Wed Sep 28 11:03:42 2016,28-Sep-2016,140345,46 36.758200 N,061 32.769100 W,2.1,224.8,A,Primary,Headline,2.102041,D,S,37503.000000
Wed Sep 28 11:03:45 2016,28-Sep-2016,140346,46 36.757700 N,061 32.769700 W,2.1,224.9,A,DoorSpread,DoorMaster,8.915000,D,S,268096.000000
Wed Sep 28 11:03:45 2016,28-Sep-2016,140347,46 36.757300 N,061 32.770200 W,2.1,223.8,A,DoorSpread,DoorMaster,8.915000,D,S,268096.000000
Wed Sep 28 11:03:47 2016,28-Sep-2016,140348,46 36.756800 N,061 32.770600 W,2.1,222.5,A,Primary,Headline,0.367347,D,S,149518.000000
Wed Sep 28 11:03:47 2016,28-Sep-2016,140349,46 36.756500 N,061 32.771200 W,2.1,223.5,A,Primary,Headline,0.367347,D,S,149518.000000
Wed Sep 28 11:03:47 2016,28-Sep-2016,140350,46 36.756100 N,061 32.772000 W,2.1,226.0,A,Primary,Headline,0.367347,D,S,149518.000000
Wed Sep 28 11:03:47 2016,28-Sep-2016,140351,46 36.755800 N,061 32.772700 W,2.1,226.7,A,Primary,Headline,0.367347,D,S,149518.000000
Wed Sep 28 11:03:51 2016,28-Sep-2016,140352,46 36.755400 N,061 32.773200 W,2.1,225.3,A,Depth,Depth,14.074074,D,S,98907.000000
Wed Sep 28 11:03:52 2016,28-Sep-2016,140353,46 36.755000 N,061 32.773700 W,2.1,224.2,A,Primary,Headline,1.367347,D,S,79269.000000
Wed Sep 28 11:03:52 2016,28-Sep-2016,140354,46 36.754600 N,061 32.774300 W,2.1,223.7,A,Primary,Headline,1.367347,D,S,79269.000000
Wed Sep 28 11:03:52 2016,28-Sep-2016,140355,46 36.754100 N,061 32.774900 W,2.1,223.7,A,Primary,Headline,1.367347,D,S,79269.000000
Wed Sep 28 11:03:52 2016,28-Sep-2016,140356,46 36.753700 N,061 32.775600 W,2.1,224.2,A,Primary,Headline,1.367347,D,S,79269.000000
Wed Sep 28 11:03:56 2016,28-Sep-2016,140357,46 36.753400 N,061 32.776100 W,2.1,224.5,A,DoorSpread,DoorMaster,9.045000,D,S,52591.000000
Wed Sep 28 11:03:57 2016,28-Sep-2016,140358,46 36.753100 N,061 32.776600 W,2.0,224.5,A,Primary,Headline,1.959184,D,S,61083.000000
Wed Sep 28 11:03:57 2016,28-Sep-2016,140359,46 36.752700 N,061 32.777200 W,2.0,224.8,A,Primary,Headline,1.959184,D,S,61083.000000
Wed Sep 28 11:03:57 2016,28-Sep-2016,140400,46 36.752300 N,061 32.777900 W,2.1,224.8,A,Primary,Headline,1.959184,D,S,61083.000000
Wed Sep 28 11:03:57 2016,28-Sep-2016,140401,46 36.751800 N,061 32.778400 W,2.1,223.4,A,Primary,Headline,1.959184,D,S,61083.000000
Wed Sep 28 11:03:57 2016,28-Sep-2016,140402,46 36.751400 N,061 32.778800 W,2.0,221.7,A,Primary,Headline,1.959184,D,S,61083.000000
Wed Sep 28 11:04:02 2016,28-Sep-2016,140403,46 36.751000 N,061 32.779400 W,2.0,222.3,A,Primary,Headline,5.020408,D,S,71733.000000
Wed Sep 28 11:04:02 2016,28-Sep-2016,140404,46 36.750600 N,061 32.780100 W,2.1,224.5,A,Primary,Headline,5.020408,D,S,71733.000000
Wed Sep 28 11:04:02 2016,28-Sep-2016,140405,46 36.750300 N,061 32.780700 W,2.0,225.0,A,Primary,Headline,5.020408,D,S,71733.000000
Wed Sep 28 11:04:02 2016,28-Sep-2016,140406,46 36.749800 N,061 32.781200 W,2.0,223.4,A,Primary,Headline,5.020408,D,S,71733.000000
Wed Sep 28 11:04:02 2016,28-Sep-2016,140407,46 36.749400 N,061 32.781600 W,2.0,222.1,A,Primary,Headline,5.020408,D,S,71733.000000
Wed Sep 28 11:04:07 2016,28-Sep-2016,140408,46 36.749000 N,061 32.782100 W,2.0,222.4,A,Secondary,Headline,0.000000,E,S,72791.000000
Wed Sep 28 11:04:08 2016,28-Sep-2016,140409,46 36.748600 N,061 32.782800 W,2.0,223.4,A,DoorSpread,DoorMaster,9.015000,D,S,183825.000000
Wed Sep 28 11:04:08 2016,28-Sep-2016,140410,46 36.748200 N,061 32.783500 W,2.1,223.7,A,DoorSpread,DoorMaster,9.015000,D,S,183825.000000
Wed Sep 28 11:04:08 2016,28-Sep-2016,140411,46 36.747700 N,061 32.784000 W,2.1,223.1,A,DoorSpread,DoorMaster,9.015000,D,S,183825.000000
Wed Sep 28 11:04:08 2016,28-Sep-2016,140412,46 36.747300 N,061 32.784500 W,2.1,222.1,A,DoorSpread,DoorMaster,9.015000,D,S,183825.000000
Wed Sep 28 11:04:12 2016,28-Sep-2016,140413,46 36.746900 N,061 32.785100 W,2.1,222.7,A,Primary,Headline,5.693878,D,S,33436.000000
Wed Sep 28 11:04:12 2016,28-Sep-2016,140414,46 36.746500 N,061 32.785800 W,2.1,224.0,A,Depth,Depth,19.444444,D,S,89233.000000
Wed Sep 28 11:04:12 2016,28-Sep-2016,140415,46 36.746200 N,061 32.786400 W,2.1,223.7,A,Depth,Depth,19.444444,D,S,89233.000000
Wed Sep 28 11:04:12 2016,28-Sep-2016,140416,46 36.745600 N,061 32.786900 W,2.1,222.1,A,Depth,Depth,19.444444,D,S,89233.000000
Wed Sep 28 11:04:12 2016,28-Sep-2016,140417,46 36.745100 N,061 32.787500 W,2.2,221.7,A,Depth,Depth,19.444444,D,S,89233.000000
Wed Sep 28 11:04:17 2016,28-Sep-2016,140418,46 36.744700 N,061 32.788200 W,2.1,223.0,A,Secondary,Headline,0.000000,E,S,63538.000000
Wed Sep 28 11:04:17 2016,28-Sep-2016,140419,46 36.744400 N,061 32.788800 W,2.1,224.2,A,Secondary,Headline,0.000000,E,S,63538.000000
Wed Sep 28 11:04:19 2016,28-Sep-2016,140420,46 36.743900 N,061 32.789500 W,2.2,223.8,A,Depth,Depth,20.925926,D,S,150762.000000
Wed Sep 28 11:04:19 2016,28-Sep-2016,140421,46 36.743400 N,061 32.790100 W,2.2,223.0,A,Depth,Depth,20.925926,D,S,150762.000000
Wed Sep 28 11:04:19 2016,28-Sep-2016,140422,46 36.743000 N,061 32.790600 W,2.2,223.4,A,Depth,Depth,20.925926,D,S,150762.000000
Wed Sep 28 11:04:22 2016,28-Sep-2016,140423,46 36.742600 N,061 32.791200 W,2.2,223.9,A,Primary,Headline,1.061224,D,S,107165.000000
Wed Sep 28 11:04:22 2016,28-Sep-2016,140424,46 36.742200 N,061 32.791900 W,2.2,224.3,A,Primary,Headline,1.061224,D,S,107165.000000
Wed Sep 28 11:04:22 2016,28-Sep-2016,140425,46 36.741700 N,061 32.792500 W,2.2,224.1,A,Primary,Headline,1.061224,D,S,107165.000000
Wed Sep 28 11:04:25 2016,28-Sep-2016,140426,46 36.741300 N,061 32.793100 W,2.2,223.7,A,DoorSpread,DoorMaster,8.720000,D,S,224967.000000
Wed Sep 28 11:04:25 2016,28-Sep-2016,140427,46 36.740900 N,061 32.793700 W,2.2,224.2,A,DoorSpread,DoorMaster,8.720000,D,S,224967.000000
Wed Sep 28 11:04:27 2016,28-Sep-2016,140428,46 36.740500 N,061 32.794400 W,2.2,225.1,A,Primary,Headline,2.755102,D,S,69984.000000
Wed Sep 28 11:04:27 2016,28-Sep-2016,140429,46 36.740000 N,061 32.795000 W,2.2,225.1,A,Primary,Headline,2.755102,D,S,69984.000000
Wed Sep 28 11:04:27 2016,28-Sep-2016,140430,46 36.739600 N,061 32.795500 W,2.2,223.9,A,Primary,Headline,2.755102,D,S,69984.000000
Wed Sep 28 11:04:27 2016,28-Sep-2016,140431,46 36.739200 N,061 32.796100 W,2.2,223.5,A,Primary,Headline,2.755102,D,S,69984.000000
Wed Sep 28 11:04:31 2016,28-Sep-2016,140432,46 36.738800 N,061 32.796700 W,2.1,224.1,A,DoorSpread,DoorMaster,8.495000,D,S,84244.000000
Wed Sep 28 11:04:32 2016,28-Sep-2016,140433,46 36.738400 N,061 32.797300 W,2.1,224.8,A,Primary,Headline,0.102041,D,S,152193.000000
Wed Sep 28 11:04:32 2016,28-Sep-2016,140434,46 36.737900 N,061 32.798000 W,2.2,224.9,A,Primary,Headline,0.102041,D,S,152193.000000
Wed Sep 28 11:04:34 2016,28-Sep-2016,140435,46 36.737500 N,061 32.798700 W,2.2,224.6,A,Depth,Depth,23.518519,D,S,42888.000000
Wed Sep 28 11:04:34 2016,28-Sep-2016,140436,46 36.737100 N,061 32.799200 W,2.2,224.4,A,Depth,Depth,23.518519,D,S,42888.000000
Wed Sep 28 11:04:34 2016,28-Sep-2016,140437,46 36.736700 N,061 32.799700 W,2.1,224.3,A,Depth,Depth,23.518519,D,S,42888.000000
Wed Sep 28 11:04:37 2016,28-Sep-2016,140438,46 36.736300 N,061 32.800300 W,2.1,224.9,A,Primary,Headline,2.469388,D,S,83343.000000
Wed Sep 28 11:04:37 2016,28-Sep-2016,140439,46 36.735800 N,061 32.801100 W,2.2,225.2,A,Primary,Headline,2.469388,D,S,83343.000000
Wed Sep 28 11:04:37 2016,28-Sep-2016,140440,46 36.735400 N,061 32.801600 W,2.1,224.6,A,Primary,Headline,2.469388,D,S,83343.000000
Wed Sep 28 11:04:37 2016,28-Sep-2016,140441,46 36.735000 N,061 32.802100 W,2.1,223.9,A,Primary,Headline,2.469388,D,S,83343.000000
Wed Sep 28 11:04:41 2016,28-Sep-2016,140442,46 36.734600 N,061 32.802600 W,2.1,223.6,A,Depth,Depth,19.074074,D,S,66817.000000
Wed Sep 28 11:04:42 2016,28-Sep-2016,140443,46 36.734100 N,061 32.803300 W,2.1,223.9,A,DoorSpread,DoorMaster,8.800000,D,S,214525.000000
Wed Sep 28 11:04:42 2016,28-Sep-2016,140444,46 36.733700 N,061 32.803900 W,2.1,223.9,A,DoorSpread,DoorMaster,8.800000,D,S,214525.000000
Wed Sep 28 11:04:42 2016,28-Sep-2016,140445,46 36.733200 N,061 32.804400 W,2.2,223.5,A,DoorSpread,DoorMaster,8.800000,D,S,214525.000000
Wed Sep 28 11:04:42 2016,28-Sep-2016,140446,46 36.732800 N,061 32.804900 W,2.1,223.4,A,DoorSpread,DoorMaster,8.800000,D,S,214525.000000
Wed Sep 28 11:04:42 2016,28-Sep-2016,140447,46 36.732400 N,061 32.805500 W,2.1,223.8,A,DoorSpread,DoorMaster,8.800000,D,S,214525.000000
Wed Sep 28 11:04:47 2016,28-Sep-2016,140448,46 36.732000 N,061 32.806000 W,2.1,223.6,A,Primary,Headline,1.918367,D,S,85485.000000
Wed Sep 28 11:04:48 2016,28-Sep-2016,140449,46 36.731400 N,061 32.806600 W,2.1,223.0,A,DoorSpread,DoorMaster,9.000000,D,S,137972.000000
Wed Sep 28 11:04:48 2016,28-Sep-2016,140450,46 36.731000 N,061 32.807200 W,2.1,222.5,A,DoorSpread,DoorMaster,9.000000,D,S,137972.000000
Wed Sep 28 11:04:48 2016,28-Sep-2016,140451,46 36.730700 N,061 32.807800 W,2.1,222.5,A,DoorSpread,DoorMaster,9.000000,D,S,137972.000000
Wed Sep 28 11:04:48 2016,28-Sep-2016,140452,46 36.730400 N,061 32.808400 W,2.1,223.6,A,DoorSpread,DoorMaster,9.000000,D,S,137972.000000
Wed Sep 28 11:04:52 2016,28-Sep-2016,140453,46 36.730000 N,061 32.809200 W,2.1,225.1,A,Primary,Headline,2.163265,D,S,52850.000000
Wed Sep 28 11:04:52 2016,28-Sep-2016,140454,46 36.729600 N,061 32.809700 W,2.1,224.6,A,Primary,Headline,2.163265,D,S,52850.000000
Wed Sep 28 11:04:54 2016,28-Sep-2016,140455,46 36.729200 N,061 32.810200 W,2.1,223.4,A,DoorSpread,DoorMaster,9.040000,D,S,189113.000000
Wed Sep 28 11:04:55 2016,28-Sep-2016,140456,46 36.728800 N,061 32.810800 W,2.1,222.9,A,Depth,Depth,25.833333,D,S,56462.000000
Wed Sep 28 11:04:55 2016,28-Sep-2016,140457,46 36.728400 N,061 32.811400 W,2.1,223.0,A,Depth,Depth,25.833333,D,S,56462.000000
Wed Sep 28 11:04:57 2016,28-Sep-2016,140458,46 36.727900 N,061 32.812000 W,2.1,223.4,A,Primary,Headline,1.346939,D,S,82413.000000
Wed Sep 28 11:04:57 2016,28-Sep-2016,140459,46 36.727600 N,061 32.812600 W,2.1,224.1,A,Primary,Headline,1.346939,D,S,82413.000000
Wed Sep 28 11:04:57 2016,28-Sep-2016,140500,46 36.727100 N,061 32.813300 W,2.1,224.6,A,Primary,Headline,1.346939,D,S,82413.000000
Wed Sep 28 11:05:00 2016,28-Sep-2016,140501,46 36.726700 N,061 32.813900 W,2.1,224.1,A,DoorSpread,DoorMaster,8.630000,D,S,237560.000000
Wed Sep 28 11:05:00 2016,28-Sep-2016,140502,46 36.726300 N,061 32.814400 W,2.1,223.1,A,DoorSpread,DoorMaster,8.630000,D,S,237560.000000
Wed Sep 28 11:05:02 2016,28-Sep-2016,140503,46 36.725800 N,061 32.814900 W,2.1,222.3,A,Primary,Headline,0.000000,D,S,117329.000000
Wed Sep 28 11:05:02 2016,28-Sep-2016,140504,46 36.725300 N,061 32.815400 W,2.1,222.9,A,Primary,Headline,0.000000,D,S,117329.000000
Wed Sep 28 11:05:02 2016,28-Sep-2016,140505,46 36.724800 N,061 32.816100 W,2.1,223.3,A,Primary,Headline,0.000000,D,S,117329.000000
Wed Sep 28 11:05:02 2016,28-Sep-2016,140506,46 36.724300 N,061 32.816700 W,2.2,223.3,A,Primary,Headline,0.000000,D,S,117329.000000
Wed Sep 28 11:05:05 2016,28-Sep-2016,140507,46 36.723900 N,061 32.817300 W,2.2,224.0,A,DoorSpread,DoorMaster,9.025000,D,S,308225.000000
Wed Sep 28 11:05:07 2016,28-Sep-2016,140508,46 36.723600 N,061 32.817900 W,2.1,224.7,A,Primary,Headline,1.591837,D,S,113552.000000
Wed Sep 28 11:05:07 2016,28-Sep-2016,140509,46 36.723200 N,061 32.818500 W,2.1,224.2,A,Primary,Headline,1.591837,D,S,113552.000000
Wed Sep 28 11:05:09 2016,28-Sep-2016,140510,46 36.722700 N,061 32.819000 W,2.1,223.4,A,Depth,Depth,19.814815,D,S,179222.000000
Wed Sep 28 11:05:09 2016,28-Sep-2016,140511,46 36.722200 N,061 32.819600 W,2.1,223.0,A,Depth,Depth,19.814815,D,S,179222.000000
Wed Sep 28 11:05:11 2016,28-Sep-2016,140512,46 36.721800 N,061 32.820100 W,2.1,223.3,A,DoorSpread,DoorMaster,8.995000,D,S,132852.000000
Wed Sep 28 11:05:11 2016,28-Sep-2016,140513,46 36.721400 N,061 32.820800 W,2.1,224.5,A,DoorSpread,DoorMaster,8.995000,D,S,132852.000000
Wed Sep 28 11:05:12 2016,28-Sep-2016,140514,46 36.721100 N,061 32.821500 W,2.2,225.5,A,Primary,Headline,5.000000,D,S,46009.000000
Wed Sep 28 11:05:12 2016,28-Sep-2016,140515,46 36.720600 N,061 32.822200 W,2.2,225.3,A,Primary,Headline,5.000000,D,S,46009.000000
Wed Sep 28 11:05:12 2016,28-Sep-2016,140516,46 36.720200 N,061 32.822800 W,2.2,224.3,A,Primary,Headline,5.000000,D,S,46009.000000
Wed Sep 28 11:05:16 2016,28-Sep-2016,140517,46 36.719800 N,061 32.823300 W,2.1,223.3,A,Depth,Depth,33.148148,D,S,45469.000000
Wed Sep 28 11:05:17 2016,28-Sep-2016,140518,46 36.719500 N,061 32.824000 W,2.2,224.5,A,DoorSpread,DoorMaster,9.310000,D,S,115916.000000
Wed Sep 28 11:05:17 2016,28-Sep-2016,140519,46 36.719100 N,061 32.824900 W,2.2,226.3,A,Secondary,Headline,0.000000,E,S,61246.000000
Wed Sep 28 11:05:17 2016,28-Sep-2016,140520,46 36.718700 N,061 32.825500 W,2.2,226.4,A,Secondary,Headline,0.000000,E,S,61246.000000
Wed Sep 28 11:05:17 2016,28-Sep-2016,140521,46 36.718300 N,061 32.826100 W,2.2,225.5,A,Secondary,Headline,0.000000,E,S,61246.000000
Wed Sep 28 11:05:17 2016,28-Sep-2016,140522,46 36.717900 N,061 32.826700 W,2.2,225.3,A,Secondary,Headline,0.000000,E,S,61246.000000
Wed Sep 28 11:05:22 2016,28-Sep-2016,140523,46 36.717400 N,061 32.827400 W,2.2,225.1,A,Primary,Headline,0.857143,D,S,139457.000000
Wed Sep 28 11:05:23 2016,28-Sep-2016,140524,46 36.717000 N,061 32.828000 W,2.2,224.6,A,Depth,Depth,10.925926,D,S,76070.000000
Wed Sep 28 11:05:23 2016,28-Sep-2016,140525,46 36.716600 N,061 32.828600 W,2.2,224.1,A,Depth,Depth,10.925926,D,S,76070.000000
Wed Sep 28 11:05:23 2016,28-Sep-2016,140526,46 36.716200 N,061 32.829200 W,2.2,224.3,A,Depth,Depth,10.925926,D,S,76070.000000
Wed Sep 28 11:05:23 2016,28-Sep-2016,140527,46 36.715800 N,061 32.829800 W,2.2,225.5,A,Depth,Depth,10.925926,D,S,76070.000000
Wed Sep 28 11:05:27 2016,28-Sep-2016,140528,46 36.715400 N,061 32.830500 W,2.2,226.5,A,Primary,Headline,1.653061,D,S,84443.000000
Wed Sep 28 11:05:27 2016,28-Sep-2016,140529,46 36.714900 N,061 32.831100 W,2.2,225.1,A,Primary,Headline,1.653061,D,S,84443.000000
Wed Sep 28 11:05:28 2016,28-Sep-2016,140530,46 36.714400 N,061 32.831600 W,2.2,222.8,A,DoorSpread,DoorMaster,8.690000,D,S,160376.000000
Wed Sep 28 11:05:30 2016,28-Sep-2016,140531,46 36.714000 N,061 32.832100 W,2.1,222.5,A,Depth,Depth,20.648148,D,S,107364.000000
Wed Sep 28 11:05:30 2016,28-Sep-2016,140532,46 36.713700 N,061 32.832700 W,2.1,224.1,A,Depth,Depth,20.648148,D,S,107364.000000
Wed Sep 28 11:05:30 2016,28-Sep-2016,140533,46 36.713300 N,061 32.833400 W,2.1,225.2,A,Depth,Depth,20.648148,D,S,107364.000000
Wed Sep 28 11:05:32 2016,28-Sep-2016,140534,46 36.712800 N,061 32.834100 W,2.2,224.6,A,Primary,Headline,1.183673,D,S,108375.000000
Wed Sep 28 11:05:34 2016,28-Sep-2016,140535,46 36.712400 N,061 32.834500 W,2.1,223.0,A,DoorSpread,DoorMaster,9.200000,D,S,40198.000000
Wed Sep 28 11:05:34 2016,28-Sep-2016,140536,46 36.712000 N,061 32.834900 W,2.1,221.9,A,DoorSpread,DoorMaster,9.200000,D,S,40198.000000
Wed Sep 28 11:05:34 2016,28-Sep-2016,140537,46 36.711600 N,061 32.835600 W,2.1,222.3,A,DoorSpread,DoorMaster,9.200000,D,S,40198.000000
Wed Sep 28 11:05:37 2016,28-Sep-2016,140538,46 36.711100 N,061 32.836300 W,2.2,223.0,A,Depth,Depth,24.907407,D,S,125595.000000
Wed Sep 28 11:05:37 2016,28-Sep-2016,140539,46 36.710800 N,061 32.836800 W,2.1,223.4,A,Primary,Headline,1.795918,D,S,82421.000000
Wed Sep 28 11:05:37 2016,28-Sep-2016,140540,46 36.710400 N,061 32.837400 W,2.1,223.4,A,Primary,Headline,1.795918,D,S,82421.000000
Wed Sep 28 11:05:40 2016,28-Sep-2016,140541,46 36.709900 N,061 32.837900 W,2.1,222.2,A,DoorSpread,DoorMaster,8.645000,D,S,280215.000000
Wed Sep 28 11:05:40 2016,28-Sep-2016,140542,46 36.709500 N,061 32.838400 W,2.1,221.0,A,DoorSpread,DoorMaster,8.645000,D,S,280215.000000
Wed Sep 28 11:05:42 2016,28-Sep-2016,140543,46 36.709100 N,061 32.839000 W,2.1,221.9,A,Primary,Headline,0.979592,D,S,50318.000000
Wed Sep 28 11:05:42 2016,28-Sep-2016,140544,46 36.708800 N,061 32.839600 W,2.1,223.5,A,Primary,Headline,0.979592,D,S,50318.000000
Wed Sep 28 11:05:42 2016,28-Sep-2016,140545,46 36.708400 N,061 32.840200 W,2.1,223.9,A,Primary,Headline,0.979592,D,S,50318.000000
Wed Sep 28 11:05:44 2016,28-Sep-2016,140546,46 36.708000 N,061 32.840700 W,2.1,223.1,A,Depth,Depth,27.037037,D,S,73394.000000
Wed Sep 28 11:05:46 2016,28-Sep-2016,140547,46 36.707500 N,061 32.841200 W,2.1,221.8,A,DoorSpread,DoorMaster,9.005000,D,S,272010.000000
Wed Sep 28 11:05:47 2016,28-Sep-2016,140548,46 36.707000 N,061 32.841700 W,2.1,220.6,A,Primary,Headline,1.428571,D,S,120899.000000
Wed Sep 28 11:05:47 2016,28-Sep-2016,140549,46 36.706600 N,061 32.842300 W,2.1,221.7,A,Primary,Headline,1.428571,D,S,120899.000000
Wed Sep 28 11:05:47 2016,28-Sep-2016,140550,46 36.706200 N,061 32.843000 W,2.1,224.2,A,Primary,Headline,1.428571,D,S,120899.000000
Wed Sep 28 11:05:47 2016,28-Sep-2016,140551,46 36.705800 N,061 32.843700 W,2.1,224.5,A,Primary,Headline,1.428571,D,S,120899.000000
Wed Sep 28 11:05:47 2016,28-Sep-2016,140552,46 36.705400 N,061 32.844200 W,2.1,223.1,A,Primary,Headline,1.428571,D,S,120899.000000
Wed Sep 28 11:05:51 2016,28-Sep-2016,140553,46 36.705000 N,061 32.844600 W,2.1,222.0,A,DoorSpread,DoorMaster,9.560000,D,S,49116.000000
Wed Sep 28 11:05:52 2016,28-Sep-2016,140554,46 36.704600 N,061 32.845100 W,2.1,222.8,A,Primary,Headline,1.346939,D,S,126150.000000
Wed Sep 28 11:05:52 2016,28-Sep-2016,140555,46 36.704200 N,061 32.845800 W,2.1,224.5,A,Primary,Headline,1.346939,D,S,126150.000000
Wed Sep 28 11:05:52 2016,28-Sep-2016,140556,46 36.703900 N,061 32.846500 W,2.1,225.0,A,Primary,Headline,1.346939,D,S,126150.000000
Wed Sep 28 11:05:52 2016,28-Sep-2016,140557,46 36.703500 N,061 32.847100 W,2.1,225.0,A,Primary,Headline,1.346939,D,S,126150.000000
Wed Sep 28 11:05:52 2016,28-Sep-2016,140558,46 36.703100 N,061 32.847600 W,2.1,225.5,A,Primary,Headline,1.346939,D,S,126150.000000
Wed Sep 28 11:05:58 2016,28-Sep-2016,140559,46 36.702700 N,061 32.848200 W,2.0,225.7,A,Primary,Headline,1.551020,D,S,93693.000000
Wed Sep 28 11:05:59 2016,28-Sep-2016,140600,46 36.702300 N,061 32.848800 W,2.1,225.5,A,Depth,Depth,23.240741,D,S,65239.000000
Wed Sep 28 11:05:59 2016,28-Sep-2016,140601,46 36.701800 N,061 32.849400 W,2.1,225.6,A,Depth,Depth,23.240741,D,S,65239.000000
Wed Sep 28 11:05:59 2016,28-Sep-2016,140602,46 36.701400 N,061 32.850000 W,2.1,225.4,A,Depth,Depth,23.240741,D,S,65239.000000
Wed Sep 28 11:05:59 2016,28-Sep-2016,140603,46 36.701000 N,061 32.850400 W,2.0,225.6,A,Depth,Depth,23.240741,D,S,65239.000000
Wed Sep 28 11:06:03 2016,28-Sep-2016,140604,46 36.700600 N,061 32.851100 W,2.1,226.2,A,DoorSpread,DoorMaster,8.900000,D,S,141376.000000
Wed Sep 28 11:06:03 2016,28-Sep-2016,140605,46 36.700100 N,061 32.851900 W,2.2,226.5,A,DoorSpread,DoorMaster,8.900000,D,S,141376.000000
Wed Sep 28 11:06:03 2016,28-Sep-2016,140606,46 36.699700 N,061 32.852500 W,2.1,226.3,A,DoorSpread,DoorMaster,8.900000,D,S,141376.000000
Wed Sep 28 11:06:06 2016,28-Sep-2016,140607,46 36.699300 N,061 32.852900 W,2.1,225.5,A,Depth,Depth,17.500000,D,S,127716.000000
Wed Sep 28 11:06:06 2016,28-Sep-2016,140608,46 36.698900 N,061 32.853500 W,2.1,225.7,A,Depth,Depth,17.500000,D,S,127716.000000
Wed Sep 28 11:06:06 2016,28-Sep-2016,140609,46 36.698500 N,061 32.854200 W,2.1,226.2,A,Depth,Depth,17.500000,D,S,127716.000000
Wed Sep 28 11:06:09 2016,28-Sep-2016,140610,46 36.698000 N,061 32.854700 W,2.1,225.5,A,DoorSpread,DoorMaster,8.900000,D,S,291722.000000
Wed Sep 28 11:06:09 2016,28-Sep-2016,140611,46 36.697600 N,061 32.855300 W,2.1,224.7,A,DoorSpread,DoorMaster,8.900000,D,S,291722.000000
Wed Sep 28 11:06:09 2016,28-Sep-2016,140612,46 36.697100 N,061 32.855800 W,2.1,224.6,A,DoorSpread,DoorMaster,8.900000,D,S,291722.000000
Wed Sep 28 11:06:09 2016,28-Sep-2016,140613,46 36.696700 N,061 32.856400 W,2.1,224.8,A,DoorSpread,DoorMaster,8.900000,D,S,291722.000000
Wed Sep 28 11:06:13 2016,28-Sep-2016,140614,46 36.696300 N,061 32.857100 W,2.1,225.6,A,Depth,Depth,21.574074,D,S,170164.000000
Wed Sep 28 11:06:13 2016,28-Sep-2016,140615,46 36.695900 N,061 32.857600 W,2.1,225.0,A,Depth,Depth,21.574074,D,S,170164.000000
Wed Sep 28 11:06:15 2016,28-Sep-2016,140616,46 36.695500 N,061 32.858100 W,2.1,223.3,A,DoorSpread,DoorMaster,8.785000,D,S,213224.000000
Wed Sep 28 11:06:15 2016,28-Sep-2016,140617,46 36.695000 N,061 32.858600 W,2.1,222.5,A,DoorSpread,DoorMaster,8.785000,D,S,213224.000000
Wed Sep 28 11:06:15 2016,28-Sep-2016,140618,46 36.694600 N,061 32.859200 W,2.1,223.6,A,DoorSpread,DoorMaster,8.785000,D,S,213224.000000
Wed Sep 28 11:06:18 2016,28-Sep-2016,140619,46 36.694100 N,061 32.859800 W,2.1,223.8,A,Primary,Headline,1.591837,D,S,156350.000000
Wed Sep 28 11:06:18 2016,28-Sep-2016,140620,46 36.693800 N,061 32.860400 W,2.1,223.7,A,Primary,Headline,1.591837,D,S,156350.000000
Wed Sep 28 11:06:20 2016,28-Sep-2016,140621,46 36.693400 N,061 32.861000 W,2.1,223.7,A,DoorSpread,DoorMaster,8.870000,D,S,160099.000000
Wed Sep 28 11:06:20 2016,28-Sep-2016,140622,46 36.692900 N,061 32.861600 W,2.1,222.9,A,DoorSpread,DoorMaster,8.870000,D,S,160099.000000
Wed Sep 28 11:06:20 2016,28-Sep-2016,140623,46 36.692400 N,061 32.862100 W,2.1,221.9,A,DoorSpread,DoorMaster,8.870000,D,S,160099.000000
Wed Sep 28 11:06:23 2016,28-Sep-2016,140624,46 36.692000 N,061 32.862600 W,2.1,221.8,A,Primary,Headline,1.183673,D,S,112380.000000
Wed Sep 28 11:06:23 2016,28-Sep-2016,140625,46 36.691600 N,061 32.863200 W,2.1,222.3,A,Primary,Headline,1.183673,D,S,112380.000000
Wed Sep 28 11:06:23 2016,28-Sep-2016,140626,46 36.691100 N,061 32.863800 W,2.1,222.9,A,Primary,Headline,1.183673,D,S,112380.000000
Wed Sep 28 11:06:26 2016,28-Sep-2016,140627,46 36.690700 N,061 32.864400 W,2.1,223.4,A,DoorSpread,DoorMaster,9.095000,D,S,140853.000000
Wed Sep 28 11:06:27 2016,28-Sep-2016,140628,46 36.690200 N,061 32.865000 W,2.1,223.3,A,Depth,Depth,20.925926,D,S,105112.000000
Wed Sep 28 11:06:28 2016,28-Sep-2016,140629,46 36.689800 N,061 32.865400 W,2.1,221.7,A,Primary,Headline,1.591837,D,S,102884.000000
Wed Sep 28 11:06:28 2016,28-Sep-2016,140630,46 36.689300 N,061 32.865900 W,2.1,220.6,A,Primary,Headline,1.591837,D,S,102884.000000
Wed Sep 28 11:06:28 2016,28-Sep-2016,140631,46 36.688900 N,061 32.866500 W,2.1,222.0,A,Primary,Headline,1.591837,D,S,102884.000000
Wed Sep 28 11:06:28 2016,28-Sep-2016,140632,46 36.688700 N,061 32.867300 W,2.1,224.5,A,Primary,Headline,1.591837,D,S,102884.000000
Wed Sep 28 11:06:32 2016,28-Sep-2016,140633,46 36.688300 N,061 32.867900 W,2.1,225.0,A,DoorSpread,DoorMaster,8.720000,D,S,141492.000000
Wed Sep 28 11:06:33 2016,28-Sep-2016,140634,46 36.687800 N,061 32.868500 W,2.1,224.0,A,Primary,Headline,0.938776,D,S,138200.000000
Wed Sep 28 11:06:34 2016,28-Sep-2016,140635,46 36.687400 N,061 32.869100 W,2.1,223.2,A,Depth,Depth,20.648148,D,S,165577.000000
Wed Sep 28 11:06:34 2016,28-Sep-2016,140636,46 36.687000 N,061 32.869700 W,2.1,223.4,A,Depth,Depth,20.648148,D,S,165577.000000
Wed Sep 28 11:06:34 2016,28-Sep-2016,140637,46 36.686600 N,061 32.870400 W,2.1,223.9,A,Depth,Depth,20.648148,D,S,165577.000000
Wed Sep 28 11:06:34 2016,28-Sep-2016,140638,46 36.686200 N,061 32.871100 W,2.2,224.3,A,Depth,Depth,20.648148,D,S,165577.000000
Wed Sep 28 11:06:38 2016,28-Sep-2016,140639,46 36.685900 N,061 32.871600 W,2.1,224.9,A,Primary,Headline,1.714286,D,S,78704.000000
Wed Sep 28 11:06:38 2016,28-Sep-2016,140640,46 36.685500 N,061 32.872200 W,2.1,225.5,A,Primary,Headline,1.714286,D,S,78704.000000
Wed Sep 28 11:06:38 2016,28-Sep-2016,140641,46 36.685100 N,061 32.872800 W,2.1,225.2,A,Primary,Headline,1.714286,D,S,78704.000000
Wed Sep 28 11:06:41 2016,28-Sep-2016,140642,46 36.684600 N,061 32.873300 W,2.1,224.2,A,Depth,Depth,25.462963,D,S,68425.000000
Wed Sep 28 11:06:41 2016,28-Sep-2016,140643,46 36.684200 N,061 32.873700 W,2.0,223.3,A,Depth,Depth,25.462963,D,S,68425.000000
Wed Sep 28 11:06:43 2016,28-Sep-2016,140644,46 36.683900 N,061 32.874200 W,2.0,222.9,A,Primary,Headline,1.428571,D,S,91639.000000
Wed Sep 28 11:06:43 2016,28-Sep-2016,140645,46 36.683500 N,061 32.874700 W,1.9,222.9,A,Primary,Headline,1.428571,D,S,91639.000000
Wed Sep 28 11:06:43 2016,28-Sep-2016,140646,46 36.683200 N,061 32.875300 W,1.9,223.2,A,Primary,Headline,1.428571,D,S,91639.000000
Wed Sep 28 11:06:43 2016,28-Sep-2016,140647,46 36.682900 N,061 32.875700 W,1.8,223.4,A,Primary,Headline,1.428571,D,S,91639.000000
Wed Sep 28 11:06:43 2016,28-Sep-2016,140648,46 36.682700 N,061 32.876000 W,1.7,223.2,A,Primary,Headline,1.428571,D,S,91639.000000
Wed Sep 28 11:06:48 2016,28-Sep-2016,140649,46 36.682500 N,061 32.876300 W,1.6,222.5,A,Depth,Depth,20.000000,D,S,64963.000000
Wed Sep 28 11:06:48 2016,28-Sep-2016,140650,46 36.682200 N,061 32.876500 W,1.5,221.3,A,Depth,Depth,20.000000,D,S,64963.000000
Wed Sep 28 11:06:48 2016,28-Sep-2016,140651,46 36.681900 N,061 32.876800 W,1.5,220.1,A,Depth,Depth,20.000000,D,S,64963.000000
Wed Sep 28 11:06:48 2016,28-Sep-2016,140652,46 36.681800 N,061 32.877100 W,1.4,220.9,A,Depth,Depth,20.000000,D,S,64963.000000
Wed Sep 28 11:06:48 2016,28-Sep-2016,140653,46 36.681700 N,061 32.877400 W,1.3,224.0,A,Depth,Depth,20.000000,D,S,64963.000000
Wed Sep 28 11:06:53 2016,28-Sep-2016,140654,46 36.681500 N,061 32.877700 W,1.2,224.5,A,Primary,Headline,1.448980,D,S,122908.000000
Wed Sep 28 11:06:53 2016,28-Sep-2016,140655,46 36.681200 N,061 32.877800 W,1.2,222.6,A,Primary,Headline,1.448980,D,S,122908.000000
Wed Sep 28 11:06:55 2016,28-Sep-2016,140656,46 36.681100 N,061 32.877900 W,1.0,220.6,A,Depth,Depth,20.185185,D,S,111121.000000
Wed Sep 28 11:06:55 2016,28-Sep-2016,140657,46 36.681000 N,061 32.878000 W,0.9,220.0,A,Depth,Depth,20.185185,D,S,111121.000000
Wed Sep 28 11:06:55 2016,28-Sep-2016,140658,46 36.680800 N,061 32.878200 W,0.9,221.0,A,Depth,Depth,20.185185,D,S,111121.000000
Wed Sep 28 11:06:58 2016,28-Sep-2016,140659,46 36.680700 N,061 32.878500 W,0.9,222.7,A,Primary,Headline,1.000000,D,S,102527.000000
Wed Sep 28 11:06:58 2016,28-Sep-2016,140700,46 36.680700 N,061 32.878600 W,0.8,224.2,A,Primary,Headline,1.000000,D,S,102527.000000
Wed Sep 28 11:06:58 2016,28-Sep-2016,140701,46 36.680600 N,061 32.878700 W,0.7,225.1,A,Primary,Headline,1.000000,D,S,102527.000000
Wed Sep 28 11:07:00 2016,28-Sep-2016,140702,46 36.680500 N,061 32.878800 W,0.7,224.3,A,DoorSpread,DoorMaster,6.990000,D,S,221483.000000
Wed Sep 28 11:07:00 2016,28-Sep-2016,140703,46 36.680400 N,061 32.879000 W,0.7,223.3,A,DoorSpread,DoorMaster,6.990000,D,S,221483.000000
Wed Sep 28 11:07:03 2016,28-Sep-2016,140704,46 36.680400 N,061 32.879000 W,0.6,222.6,A,Primary,Headline,1.367347,D,S,92245.000000
Wed Sep 28 11:07:03 2016,28-Sep-2016,140705,46 36.680400 N,061 32.879000 W,0.5,224.9,A,Primary,Headline,1.367347,D,S,92245.000000
Wed Sep 28 11:07:03 2016,28-Sep-2016,140706,46 36.680300 N,061 32.879200 W,0.5,227.9,A,Primary,Headline,1.367347,D,S,92245.000000
Wed Sep 28 11:07:06 2016,28-Sep-2016,140707,46 36.680200 N,061 32.879400 W,0.5,230.7,A,DoorSpread,DoorMaster,6.580000,D,S,202425.000000
Wed Sep 28 11:07:06 2016,28-Sep-2016,140708,46 36.680200 N,061 32.879400 W,0.5,234.6,A,DoorSpread,DoorMaster,6.580000,D,S,202425.000000
Wed Sep 28 11:07:08 2016,28-Sep-2016,140709,46 36.680300 N,061 32.879400 W,0.4,239.2,A,Primary,Headline,1.755102,D,S,95254.000000
Wed Sep 28 11:07:08 2016,28-Sep-2016,140710,46 36.680200 N,061 32.879500 W,0.4,237.4,A,Primary,Headline,1.755102,D,S,95254.000000
Wed Sep 28 11:07:08 2016,28-Sep-2016,140711,46 36.680000 N,061 32.879600 W,0.4,230.2,A,Primary,Headline,1.755102,D,S,95254.000000
Wed Sep 28 11:07:08 2016,28-Sep-2016,140712,46 36.680000 N,061 32.879600 W,0.3,231.0,A,Primary,Headline,1.755102,D,S,95254.000000
Wed Sep 28 11:07:11 2016,28-Sep-2016,140713,46 36.680100 N,061 32.879600 W,0.3,244.2,A,DoorSpread,DoorMaster,6.560000,D,S,65499.000000
Wed Sep 28 11:07:13 2016,28-Sep-2016,140714,46 36.680000 N,061 32.879800 W,0.3,250.7,A,Primary,Headline,1.755102,D,S,86463.000000
Wed Sep 28 11:07:13 2016,28-Sep-2016,140715,46 36.680000 N,061 32.879900 W,0.3,250.4,A,Primary,Headline,1.755102,D,S,86463.000000
Wed Sep 28 11:07:13 2016,28-Sep-2016,140716,46 36.680000 N,061 32.879900 W,0.3,261.2,A,Primary,Headline,1.755102,D,S,86463.000000
Wed Sep 28 11:07:13 2016,28-Sep-2016,140717,46 36.680000 N,061 32.879900 W,0.2,266.1,A,Primary,Headline,1.755102,D,S,86463.000000
Wed Sep 28 11:07:17 2016,28-Sep-2016,140718,46 36.680000 N,061 32.880000 W,0.2,254.1,A,DoorSpread,DoorMaster,6.505000,D,S,160352.000000
Wed Sep 28 11:07:18 2016,28-Sep-2016,140719,46 36.679900 N,061 32.880000 W,0.2,252.7,A,Primary,Headline,1.285714,D,S,135349.000000
Wed Sep 28 11:07:18 2016,28-Sep-2016,140720,46 36.680000 N,061 32.880000 W,0.2,273.9,A,Primary,Headline,1.285714,D,S,135349.000000
Wed Sep 28 11:07:18 2016,28-Sep-2016,140721,46 36.680100 N,061 32.880100 W,0.2,280.4,A,Primary,Headline,1.285714,D,S,135349.000000
Wed Sep 28 11:07:18 2016,28-Sep-2016,140722,46 36.680000 N,061 32.880300 W,0.2,270.0,A,Primary,Headline,1.285714,D,S,135349.000000
Wed Sep 28 11:07:18 2016,28-Sep-2016,140723,46 36.680100 N,061 32.880300 W,0.2,276.9,A,Primary,Headline,1.285714,D,S,135349.000000
Wed Sep 28 11:07:23 2016,28-Sep-2016,140724,46 36.680200 N,061 32.880300 W,0.2,296.6,A,Primary,Headline,1.673469,D,S,67712.000000
Wed Sep 28 11:07:24 2016,28-Sep-2016,140725,46 36.680100 N,061 32.880300 W,0.2,288.3,A,Depth,Depth,19.537037,D,S,87653.000000
Wed Sep 28 11:07:24 2016,28-Sep-2016,140726,46 36.680000 N,061 32.880400 W,0.2,263.1,A,Depth,Depth,19.537037,D,S,87653.000000
Wed Sep 28 11:07:24 2016,28-Sep-2016,140727,46 36.680100 N,061 32.880400 W,0.1,262.5,A,Depth,Depth,19.537037,D,S,87653.000000
Wed Sep 28 11:07:24 2016,28-Sep-2016,140728,46 36.680100 N,061 32.880300 W,0.1,298.9,A,Depth,Depth,19.537037,D,S,87653.000000
Wed Sep 28 11:07:28 2016,28-Sep-2016,140729,46 36.680200 N,061 32.880400 W,0.2,292.1,A,Primary,Headline,1.877551,D,S,149613.000000
Wed Sep 28 11:07:28 2016,28-Sep-2016,140730,46 36.680200 N,061 32.880600 W,0.2,278.4,A,DoorSpread,DoorMaster,6.435000,D,S,127043.000000
Wed Sep 28 11:07:28 2016,28-Sep-2016,140731,46 36.680200 N,061 32.880500 W,0.1,284.2,A,DoorSpread,DoorMaster,6.435000,D,S,127043.000000
Wed Sep 28 11:07:31 2016,28-Sep-2016,140732,46 36.680300 N,061 32.880400 W,0.1,312.5,A,Depth,Depth,19.074074,D,S,259177.000000
Wed Sep 28 11:07:31 2016,28-Sep-2016,140733,46 36.680200 N,061 32.880400 W,0.1,297.6,A,Depth,Depth,19.074074,D,S,259177.000000
Wed Sep 28 11:07:33 2016,28-Sep-2016,140734,46 36.680200 N,061 32.880600 W,0.1,269.6,A,Primary,Headline,1.612245,D,S,252917.000000
Wed Sep 28 11:07:34 2016,28-Sep-2016,140735,46 36.680200 N,061 32.880500 W,0.1,277.1,A,DoorSpread,DoorMaster,6.635000,D,S,75851.000000
Wed Sep 28 11:07:34 2016,28-Sep-2016,140736,46 36.680300 N,061 32.880400 W,0.1,317.9,A,DoorSpread,DoorMaster,6.635000,D,S,75851.000000
Wed Sep 28 11:07:34 2016,28-Sep-2016,140737,46 36.680300 N,061 32.880500 W,0.1,309.1,A,DoorSpread,DoorMaster,6.635000,D,S,75851.000000
Wed Sep 28 11:07:34 2016,28-Sep-2016,140738,46 36.680300 N,061 32.880600 W,0.1,297.0,A,DoorSpread,DoorMaster,6.635000,D,S,75851.000000
Wed Sep 28 11:07:38 2016,28-Sep-2016,140739,46 36.680400 N,061 32.880600 W,0.1,303.6,A,Primary,Headline,2.061224,D,S,75509.000000
Wed Sep 28 11:07:38 2016,28-Sep-2016,140740,46 36.680400 N,061 32.880600 W,0.1,311.0,A,Primary,Headline,2.061224,D,S,75509.000000
Wed Sep 28 11:07:40 2016,28-Sep-2016,140741,46 36.680400 N,061 32.880600 W,0.1,308.4,A,DoorSpread,DoorMaster,6.310000,D,S,78541.000000
Wed Sep 28 11:07:40 2016,28-Sep-2016,140742,46 36.680400 N,061 32.880600 W,0.1,311.9,A,DoorSpread,DoorMaster,6.310000,D,S,78541.000000
Wed Sep 28 11:07:40 2016,28-Sep-2016,140743,46 36.680400 N,061 32.880600 W,0.1,315.8,A,DoorSpread,DoorMaster,6.310000,D,S,78541.000000
Wed Sep 28 11:07:43 2016,28-Sep-2016,140744,46 36.680400 N,061 32.880600 W,0.1,315.4,A,Primary,Headline,2.265306,D,S,150454.000000
Wed Sep 28 11:07:43 2016,28-Sep-2016,140745,46 36.680600 N,061 32.880600 W,0.2,327.7,A,Primary,Headline,2.265306,D,S,150454.000000
Wed Sep 28 11:07:45 2016,28-Sep-2016,140746,46 36.680700 N,061 32.880700 W,0.2,334.3,A,DoorSpread,DoorMaster,7.080000,D,S,106235.000000
Wed Sep 28 11:07:45 2016,28-Sep-2016,140747,46 36.680700 N,061 32.880700 W,0.2,323.4,A,DoorSpread,DoorMaster,7.080000,D,S,106235.000000
Wed Sep 28 11:07:45 2016,28-Sep-2016,140748,46 36.680700 N,061 32.880700 W,0.1,327.0,A,DoorSpread,DoorMaster,7.080000,D,S,106235.000000
Wed Sep 28 11:07:48 2016,28-Sep-2016,140749,46 36.680800 N,061 32.880500 W,0.2,352.0,A,Primary,Headline,2.591837,D,S,80351.000000
Wed Sep 28 11:07:48 2016,28-Sep-2016,140750,46 36.680800 N,061 32.880600 W,0.2,343.6,A,Primary,Headline,2.591837,D,S,80351.000000
Wed Sep 28 11:07:48 2016,28-Sep-2016,140751,46 36.680900 N,061 32.880800 W,0.2,323.4,A,Primary,Headline,2.591837,D,S,80351.000000
Wed Sep 28 11:07:51 2016,28-Sep-2016,140752,46 36.680900 N,061 32.880800 W,0.2,327.2,A,DoorSpread,DoorMaster,6.555000,D,S,199499.000000
Wed Sep 28 11:07:52 2016,28-Sep-2016,140753,46 36.681000 N,061 32.880700 W,0.2,353.6,A,Depth,Depth,16.111111,D,S,115480.000000
Wed Sep 28 11:07:53 2016,28-Sep-2016,140754,46 36.681000 N,061 32.880600 W,0.2,359.7,A,Primary,Headline,2.510204,D,S,52102.000000
Wed Sep 28 11:07:53 2016,28-Sep-2016,140755,46 36.681100 N,061 32.880700 W,0.2,338.5,A,Primary,Headline,2.510204,D,S,52102.000000
Wed Sep 28 11:07:53 2016,28-Sep-2016,140756,46 36.681100 N,061 32.880800 W,0.2,332.4,A,Primary,Headline,2.510204,D,S,52102.000000
Wed Sep 28 11:07:53 2016,28-Sep-2016,140757,46 36.681300 N,061 32.880700 W,0.2,348.5,A,Primary,Headline,2.510204,D,S,52102.000000
Wed Sep 28 11:07:56 2016,28-Sep-2016,140758,46 36.681300 N,061 32.880700 W,0.2,358.1,A,DoorSpread,DoorMaster,7.270000,D,S,144639.000000
Wed Sep 28 11:07:58 2016,28-Sep-2016,140759,46 36.681300 N,061 32.880700 W,0.1,348.1,A,Primary,Headline,1.102041,D,S,176491.000000
Wed Sep 28 11:07:59 2016,28-Sep-2016,140800,46 36.681500 N,061 32.880700 W,0.2,351.5,A,Depth,Depth,20.740741,D,S,64405.000000
Wed Sep 28 11:07:59 2016,28-Sep-2016,140801,46 36.681600 N,061 32.880700 W,0.2,1.7,A,Depth,Depth,20.740741,D,S,64405.000000
Wed Sep 28 11:07:59 2016,28-Sep-2016,140802,46 36.681600 N,061 32.880700 W,0.2,349.9,A,Depth,Depth,20.740741,D,S,64405.000000
Wed Sep 28 11:08:02 2016,28-Sep-2016,140803,46 36.681600 N,061 32.880800 W,0.2,338.7,A,DoorSpread,DoorMaster,9.965000,D,S,162778.000000
Wed Sep 28 11:08:03 2016,28-Sep-2016,140804,46 36.681800 N,061 32.880700 W,0.2,359.6,A,Primary,Headline,2.367347,D,S,134828.000000
Wed Sep 28 11:08:03 2016,28-Sep-2016,140805,46 36.681800 N,061 32.880600 W,0.2,4.9,A,Primary,Headline,2.367347,D,S,134828.000000
Wed Sep 28 11:08:03 2016,28-Sep-2016,140806,46 36.681800 N,061 32.880600 W,0.2,352.7,A,Primary,Headline,2.367347,D,S,134828.000000
Wed Sep 28 11:08:06 2016,28-Sep-2016,140807,46 36.681800 N,061 32.880600 W,0.2,350.3,A,Depth,Depth,11.574074,D,S,210713.000000
Wed Sep 28 11:08:06 2016,28-Sep-2016,140808,46 36.681900 N,061 32.880500 W,0.2,358.4,A,Depth,Depth,11.574074,D,S,210713.000000
Wed Sep 28 11:08:08 2016,28-Sep-2016,140809,46 36.682000 N,061 32.880500 W,0.3,357.4,A,DoorSpread,DoorMaster,8.720000,D,S,148451.000000
Wed Sep 28 11:08:08 2016,28-Sep-2016,140810,46 36.682000 N,061 32.880600 W,0.2,346.5,A,Primary,Headline,1.653061,D,S,204777.000000
Wed Sep 28 11:08:08 2016,28-Sep-2016,140811,46 36.682000 N,061 32.880500 W,0.2,352.1,A,Primary,Headline,1.653061,D,S,204777.000000
Wed Sep 28 11:08:08 2016,28-Sep-2016,140812,46 36.682100 N,061 32.880400 W,0.2,7.3,A,Primary,Headline,1.653061,D,S,204777.000000
Wed Sep 28 11:08:08 2016,28-Sep-2016,140813,46 36.682200 N,061 32.880400 W,0.2,359.3,A,Primary,Headline,1.653061,D,S,204777.000000
Wed Sep 28 11:08:13 2016,28-Sep-2016,140814,46 36.682400 N,061 32.880600 W,0.3,351.2,A,Primary,Headline,1.571429,D,S,112330.000000
Wed Sep 28 11:08:14 2016,28-Sep-2016,140815,46 36.682500 N,061 32.880600 W,0.3,351.8,A,DoorSpread,DoorMaster,7.390000,D,S,149715.000000
Wed Sep 28 11:08:14 2016,28-Sep-2016,140816,46 36.682500 N,061 32.880600 W,0.2,355.5,A,DoorSpread,DoorMaster,7.390000,D,S,149715.000000
Wed Sep 28 11:08:14 2016,28-Sep-2016,140817,46 36.682600 N,061 32.880500 W,0.2,358.9,A,DoorSpread,DoorMaster,7.390000,D,S,149715.000000
Wed Sep 28 11:08:14 2016,28-Sep-2016,140818,46 36.682700 N,061 32.880500 W,0.2,0.7,A,DoorSpread,DoorMaster,7.390000,D,S,149715.000000
Wed Sep 28 11:08:18 2016,28-Sep-2016,140819,46 36.682900 N,061 32.880600 W,0.3,357.0,A,Primary,Headline,2.530612,D,S,185106.000000
Wed Sep 28 11:08:19 2016,28-Sep-2016,140820,46 36.683000 N,061 32.880700 W,0.3,350.9,A,DoorSpread,DoorMaster,6.850000,D,S,157447.000000
Wed Sep 28 11:08:20 2016,28-Sep-2016,140821,46 36.683100 N,061 32.880700 W,0.3,352.6,A,Depth,Depth,9.351852,D,S,123448.000000
Wed Sep 28 11:08:20 2016,28-Sep-2016,140822,46 36.683200 N,061 32.880600 W,0.3,0.5,A,Depth,Depth,9.351852,D,S,123448.000000
Wed Sep 28 11:08:20 2016,28-Sep-2016,140823,46 36.683300 N,061 32.880500 W,0.3,6.9,A,Depth,Depth,9.351852,D,S,123448.000000
Wed Sep 28 11:08:23 2016,28-Sep-2016,140824,46 36.683300 N,061 32.880400 W,0.3,8.1,A,Primary,Headline,0.632653,D,S,278233.000000
Wed Sep 28 11:08:23 2016,28-Sep-2016,140825,46 36.683500 N,061 32.880500 W,0.3,3.1,A,Primary,Headline,0.632653,D,S,278233.000000
Wed Sep 28 11:08:25 2016,28-Sep-2016,140826,46 36.683800 N,061 32.880700 W,0.4,356.1,A,DoorSpread,DoorMaster,6.790000,D,S,229372.000000
Wed Sep 28 11:08:25 2016,28-Sep-2016,140827,46 36.684000 N,061 32.880700 W,0.4,354.2,A,DoorSpread,DoorMaster,6.790000,D,S,229372.000000
Wed Sep 28 11:08:27 2016,28-Sep-2016,140828,46 36.684000 N,061 32.880700 W,0.3,0.2,A,Depth,Depth,14.907407,D,S,215927.000000
Wed Sep 28 11:08:27 2016,28-Sep-2016,140829,46 36.684000 N,061 32.880500 W,0.3,8.8,A,Depth,Depth,14.907407,D,S,215927.000000
Wed Sep 28 11:08:28 2016,28-Sep-2016,140830,46 36.684200 N,061 32.880400 W,0.3,14.4,A,Primary,Headline,1.612245,D,S,206800.000000
Wed Sep 28 11:08:28 2016,28-Sep-2016,140831,46 36.684400 N,061 32.880500 W,0.4,9.1,A,Primary,Headline,1.612245,D,S,206800.000000
Wed Sep 28 11:08:31 2016,28-Sep-2016,140832,46 36.684500 N,061 32.880600 W,0.4,358.3,A,DoorSpread,DoorMaster,6.870000,D,S,170509.000000
Wed Sep 28 11:08:31 2016,28-Sep-2016,140833,46 36.684700 N,061 32.880700 W,0.4,357.3,A,DoorSpread,DoorMaster,6.870000,D,S,170509.000000
Wed Sep 28 11:08:31 2016,28-Sep-2016,140834,46 36.684700 N,061 32.880500 W,0.4,8.4,A,DoorSpread,DoorMaster,6.870000,D,S,170509.000000
Wed Sep 28 11:08:34 2016,28-Sep-2016,140835,46 36.684900 N,061 32.880500 W,0.4,10.7,A,Depth,Depth,13.425926,D,S,238795.000000
Wed Sep 28 11:08:34 2016,28-Sep-2016,140836,46 36.685000 N,061 32.880500 W,0.3,6.6,A,Depth,Depth,13.425926,D,S,238795.000000
Wed Sep 28 11:08:34 2016,28-Sep-2016,140837,46 36.685300 N,061 32.880600 W,0.4,5.4,A,Depth,Depth,13.425926,D,S,238795.000000
Wed Sep 28 11:08:36 2016,28-Sep-2016,140838,46 36.685400 N,061 32.880500 W,0.4,6.3,A,DoorSpread,DoorMaster,8.050000,D,S,149570.000000
Wed Sep 28 11:08:36 2016,28-Sep-2016,140839,46 36.685500 N,061 32.880500 W,0.4,5.8,A,DoorSpread,DoorMaster,8.050000,D,S,149570.000000
Wed Sep 28 11:08:36 2016,28-Sep-2016,140840,46 36.685500 N,061 32.880400 W,0.3,7.9,A,DoorSpread,DoorMaster,8.050000,D,S,149570.000000
Wed Sep 28 11:08:36 2016,28-Sep-2016,140841,46 36.685600 N,061 32.880300 W,0.4,12.9,A,DoorSpread,DoorMaster,8.050000,D,S,149570.000000
Wed Sep 28 11:08:41 2016,28-Sep-2016,140842,46 36.685800 N,061 32.880300 W,0.4,11.9,A,Depth,Depth,8.425926,D,S,253408.000000
Wed Sep 28 11:08:42 2016,28-Sep-2016,140843,46 36.685800 N,061 32.880300 W,0.4,7.0,A,DoorSpread,DoorMaster,8.230000,D,S,406771.000000
Wed Sep 28 11:08:43 2016,28-Sep-2016,140844,46 36.685900 N,061 32.880300 W,0.4,6.3,A,Primary,Headline,1.183673,D,S,211711.000000
Wed Sep 28 11:08:43 2016,28-Sep-2016,140845,46 36.686000 N,061 32.880200 W,0.4,9.0,A,Primary,Headline,1.183673,D,S,211711.000000
Wed Sep 28 11:08:43 2016,28-Sep-2016,140846,46 36.686200 N,061 32.880100 W,0.4,10.7,A,Primary,Headline,1.183673,D,S,211711.000000
Wed Sep 28 11:08:43 2016,28-Sep-2016,140847,46 36.686200 N,061 32.880200 W,0.4,7.0,A,Primary,Headline,1.183673,D,S,211711.000000
Wed Sep 28 11:08:47 2016,28-Sep-2016,140848,46 36.686300 N,061 32.880300 W,0.3,1.5,A,DoorSpread,DoorMaster,0.000000,E,S,228563.000000
Wed Sep 28 11:08:48 2016,28-Sep-2016,140849,46 36.686500 N,061 32.880200 W,0.4,2.8,A,Depth,Depth,6.944444,D,S,220509.000000
Wed Sep 28 11:08:48 2016,28-Sep-2016,140850,46 36.686600 N,061 32.880200 W,0.4,6.3,A,Primary,Headline,1.448980,D,S,144939.000000
Wed Sep 28 11:08:48 2016,28-Sep-2016,140851,46 36.686700 N,061 32.880200 W,0.3,1.7,A,Primary,Headline,1.448980,D,S,144939.000000
Wed Sep 28 11:08:48 2016,28-Sep-2016,140852,46 36.686700 N,061 32.880300 W,0.3,357.0,A,Primary,Headline,1.448980,D,S,144939.000000
Wed Sep 28 11:08:52 2016,28-Sep-2016,140853,46 36.686800 N,061 32.880200 W,0.3,2.7,A,DoorSpread,DoorMaster,0.000000,E,S,169138.000000
Wed Sep 28 11:08:52 2016,28-Sep-2016,140854,46 36.686900 N,061 32.880200 W,0.3,5.8,A,DoorSpread,DoorMaster,0.000000,E,S,169138.000000
Wed Sep 28 11:08:53 2016,28-Sep-2016,140855,46 36.687000 N,061 32.880300 W,0.3,354.3,A,Primary,Headline,1.244898,D,S,537934.000000
Wed Sep 28 11:08:55 2016,28-Sep-2016,140856,46 36.687100 N,061 32.880400 W,0.3,345.5,A,Depth,Depth,4.537037,D,S,403789.000000
Wed Sep 28 11:08:55 2016,28-Sep-2016,140857,46 36.687100 N,061 32.880500 W,0.3,344.5,A,Depth,Depth,4.537037,D,S,403789.000000
Wed Sep 28 11:08:57 2016,28-Sep-2016,140858,46 36.687100 N,061 32.880500 W,0.2,339.7,A,DoorSpread,DoorMaster,0.000000,E,S,509300.000000
Wed Sep 28 11:08:57 2016,28-Sep-2016,140859,46 36.687000 N,061 32.880600 W,0.2,330.0,A,DoorSpread,DoorMaster,0.000000,E,S,509300.000000
Wed Sep 28 11:08:58 2016,28-Sep-2016,140900,46 36.687100 N,061 32.880700 W,0.2,320.4,A,Primary,Headline,1.918367,D,S,354838.000000
Wed Sep 28 11:08:58 2016,28-Sep-2016,140901,46 36.687200 N,061 32.881000 W,0.3,307.9,A,Primary,Headline,1.918367,D,S,354838.000000
Wed Sep 28 11:08:58 2016,28-Sep-2016,140902,46 36.687200 N,061 32.881200 W,0.3,295.0,A,Primary,Headline,1.918367,D,S,354838.000000
Wed Sep 28 11:09:02 2016,28-Sep-2016,140903,46 36.687200 N,061 32.881400 W,0.3,287.4,A,Depth,Depth,3.333333,D,S,460273.000000
