Ship Number,Trip Number,Tow Number
JEAN MATHIEU,3,7
Comments
"ZONE 12 NORD DE BRION"
CPU Date and Time,GPS Date,GPS Time,Latitude,Longitude,Speed,Heading,Validity,Transducer Name,Sensor Name,Sensor Value,Error Code,Hydrophone,Signal Strength
,24-Jul-2016,141742,47 53.964400 N,061 23.196400 W,3.6,44.1,A,,,,,,
,24-Jul-2016,141743,47 53.965000 N,061 23.195500 W,3.5,45.3,A,,,,,,
,24-Jul-2016,141744,47 53.965500 N,061 23.194700 W,3.4,45.7,A,,,,,,
,24-Jul-2016,141745,47 53.966100 N,061 23.193900 W,3.3,45.6,A,,,,,,
,24-Jul-2016,141746,47 53.966500 N,061 23.193100 W,3.2,46.1,A,,,,,,
,24-Jul-2016,141747,47 53.967000 N,061 23.192300 W,3.2,47.4,A,,,,,,
,24-Jul-2016,141748,47 53.967500 N,061 23.191500 W,3.1,48.1,A,,,,,,
,24-Jul-2016,141749,47 53.967900 N,061 23.190700 W,3.0,48.4,A,,,,,,
Sun Jul 24 11:17:50 2016,24-Jul-2016,141750,47 53.968300 N,061 23.189900 W,3.0,49.0,A,DoorSpread,DoorMaster,3.100000,D,S,127284.000000
Sun Jul 24 11:17:50 2016,24-Jul-2016,141751,47 53.968800 N,061 23.189100 W,2.9,49.6,A,DoorSpread,DoorMaster,3.100000,D,S,127284.000000
Sun Jul 24 11:17:50 2016,24-Jul-2016,141752,47 53.969200 N,061 23.188400 W,2.9,50.2,A,DoorSpread,DoorMaster,3.100000,D,S,127284.000000
Sun Jul 24 11:17:50 2016,24-Jul-2016,141753,47 53.969600 N,061 23.187600 W,2.8,50.5,A,DoorSpread,DoorMaster,3.100000,D,S,127284.000000
Sun Jul 24 11:17:50 2016,24-Jul-2016,141754,47 53.970000 N,061 23.186800 W,2.8,51.3,A,DoorSpread,DoorMaster,3.100000,D,S,127284.000000
Sun Jul 24 11:17:50 2016,24-Jul-2016,141755,47 53.970400 N,061 23.185800 W,2.8,53.0,A,DoorSpread,DoorMaster,3.100000,D,S,127284.000000
Sun Jul 24 11:17:55 2016,24-Jul-2016,141756,47 53.970700 N,061 23.185100 W,2.7,53.9,A,DoorSpread,DoorMaster,1.080000,D,S,245659.000000
Sun Jul 24 11:17:55 2016,24-Jul-2016,141757,47 53.971100 N,061 23.184300 W,2.7,53.5,A,DoorSpread,DoorMaster,1.080000,D,S,245659.000000
Sun Jul 24 11:17:55 2016,24-Jul-2016,141758,47 53.971400 N,061 23.183700 W,2.6,53.4,A,DoorSpread,DoorMaster,1.080000,D,S,245659.000000
Sun Jul 24 11:17:55 2016,24-Jul-2016,141759,47 53.971700 N,061 23.182900 W,2.6,54.4,A,DoorSpread,DoorMaster,1.080000,D,S,245659.000000
Sun Jul 24 11:17:55 2016,24-Jul-2016,141800,47 53.972000 N,061 23.182000 W,2.6,56.0,A,DoorSpread,DoorMaster,1.080000,D,S,245659.000000
Sun Jul 24 11:18:01 2016,24-Jul-2016,141801,47 53.972300 N,061 23.181100 W,2.5,57.0,A,DoorSpread,DoorMaster,2.185000,D,S,278845.000000
Sun Jul 24 11:18:01 2016,24-Jul-2016,141802,47 53.972600 N,061 23.180500 W,2.5,56.8,A,DoorSpread,DoorMaster,2.185000,D,S,278845.000000
Sun Jul 24 11:18:01 2016,24-Jul-2016,141803,47 53.972900 N,061 23.179800 W,2.4,56.7,A,DoorSpread,DoorMaster,2.185000,D,S,278845.000000
Sun Jul 24 11:18:01 2016,24-Jul-2016,141804,47 53.973200 N,061 23.179000 W,2.4,57.2,A,DoorSpread,DoorMaster,2.185000,D,S,278845.000000
Sun Jul 24 11:18:01 2016,24-Jul-2016,141805,47 53.973500 N,061 23.178300 W,2.4,57.3,A,DoorSpread,DoorMaster,2.185000,D,S,278845.000000
Sun Jul 24 11:18:06 2016,24-Jul-2016,141806,47 53.973900 N,061 23.177600 W,2.3,57.5,A,DoorSpread,DoorMaster,2.145000,D,S,567382.000000
Sun Jul 24 11:18:06 2016,24-Jul-2016,141807,47 53.974100 N,061 23.176800 W,2.3,58.3,A,DoorSpread,DoorMaster,2.145000,D,S,567382.000000
Sun Jul 24 11:18:06 2016,24-Jul-2016,141808,47 53.974500 N,061 23.176000 W,2.3,59.0,A,DoorSpread,DoorMaster,2.145000,D,S,567382.000000
Sun Jul 24 11:18:06 2016,24-Jul-2016,141809,47 53.974800 N,061 23.175300 W,2.3,58.8,A,DoorSpread,DoorMaster,2.145000,D,S,567382.000000
Sun Jul 24 11:18:06 2016,24-Jul-2016,141810,47 53.975000 N,061 23.174600 W,2.2,58.6,A,DoorSpread,DoorMaster,2.145000,D,S,567382.000000
Sun Jul 24 11:18:11 2016,24-Jul-2016,141811,47 53.975300 N,061 23.173900 W,2.2,59.0,A,DoorSpread,DoorMaster,1.740000,D,S,306514.000000
Sun Jul 24 11:18:11 2016,24-Jul-2016,141812,47 53.975600 N,061 23.173100 W,2.2,59.0,A,DoorSpread,DoorMaster,1.740000,D,S,306514.000000
Sun Jul 24 11:18:11 2016,24-Jul-2016,141813,47 53.975900 N,061 23.172400 W,2.2,58.4,A,DoorSpread,DoorMaster,1.740000,D,S,306514.000000
Sun Jul 24 11:18:13 2016,24-Jul-2016,141814,47 53.976200 N,061 23.171700 W,2.2,58.3,A,Primary,Headline,0.428571,D,S,114502.000000
Sun Jul 24 11:18:13 2016,24-Jul-2016,141815,47 53.976400 N,061 23.171000 W,2.2,59.0,A,Primary,Headline,0.428571,D,S,114502.000000
Sun Jul 24 11:18:13 2016,24-Jul-2016,141816,47 53.976700 N,061 23.170200 W,2.2,59.4,A,Primary,Headline,0.428571,D,S,114502.000000
Sun Jul 24 11:18:16 2016,24-Jul-2016,141817,47 53.977000 N,061 23.169400 W,2.2,58.6,A,DoorSpread,DoorMaster,1.630000,D,S,739286.000000
Sun Jul 24 11:18:16 2016,24-Jul-2016,141818,47 53.977400 N,061 23.168700 W,2.1,57.0,A,DoorSpread,DoorMaster,1.630000,D,S,739286.000000
Sun Jul 24 11:18:18 2016,24-Jul-2016,141819,47 53.977700 N,061 23.168200 W,2.1,56.0,A,Primary,Headline,1.918367,D,S,79016.000000
Sun Jul 24 11:18:18 2016,24-Jul-2016,141820,47 53.978000 N,061 23.167500 W,2.1,55.6,A,Primary,Headline,1.918367,D,S,79016.000000
Sun Jul 24 11:18:18 2016,24-Jul-2016,141821,47 53.978500 N,061 23.166600 W,2.1,55.0,A,Primary,Headline,1.918367,D,S,79016.000000
Sun Jul 24 11:18:22 2016,24-Jul-2016,141822,47 53.979000 N,061 23.165800 W,2.2,54.4,A,DoorSpread,DoorMaster,0.000000,E,S,1043278.000000
Sun Jul 24 11:18:22 2016,24-Jul-2016,141823,47 53.979400 N,061 23.165000 W,2.2,53.8,A,DoorSpread,DoorMaster,0.000000,E,S,1043278.000000
Sun Jul 24 11:18:23 2016,24-Jul-2016,141824,47 53.979900 N,061 23.164200 W,2.2,52.4,A,Primary,Headline,0.510204,D,S,97989.000000
Sun Jul 24 11:18:23 2016,24-Jul-2016,141825,47 53.980500 N,061 23.163500 W,2.2,49.7,A,Primary,Headline,0.510204,D,S,97989.000000
Sun Jul 24 11:18:23 2016,24-Jul-2016,141826,47 53.981000 N,061 23.162900 W,2.3,47.9,A,Primary,Headline,0.510204,D,S,97989.000000
Sun Jul 24 11:18:27 2016,24-Jul-2016,141827,47 53.981500 N,061 23.162100 W,2.3,47.9,A,DoorSpread,DoorMaster,0.000000,E,S,1023869.000000
Sun Jul 24 11:18:27 2016,24-Jul-2016,141828,47 53.982000 N,061 23.161200 W,2.4,48.7,A,DoorSpread,DoorMaster,0.000000,E,S,1023869.000000
Sun Jul 24 11:18:28 2016,24-Jul-2016,141829,47 53.982500 N,061 23.160300 W,2.4,48.6,A,Primary,Headline,2.244898,D,S,103650.000000
Sun Jul 24 11:18:28 2016,24-Jul-2016,141830,47 53.983100 N,061 23.159600 W,2.5,46.8,A,Primary,Headline,2.244898,D,S,103650.000000
Sun Jul 24 11:18:28 2016,24-Jul-2016,141831,47 53.983800 N,061 23.159100 W,2.5,44.5,A,Primary,Headline,2.244898,D,S,103650.000000
Sun Jul 24 11:18:32 2016,24-Jul-2016,141832,47 53.984400 N,061 23.158300 W,2.5,43.4,A,DoorSpread,DoorMaster,1.455000,D,S,764552.000000
Sun Jul 24 11:18:32 2016,24-Jul-2016,141833,47 53.985000 N,061 23.157400 W,2.6,43.8,A,DoorSpread,DoorMaster,1.455000,D,S,764552.000000
Sun Jul 24 11:18:33 2016,24-Jul-2016,141834,47 53.985500 N,061 23.156500 W,2.6,44.5,A,Primary,Headline,1.489796,D,S,78993.000000
Sun Jul 24 11:18:33 2016,24-Jul-2016,141835,47 53.986100 N,061 23.155500 W,2.7,44.6,A,Primary,Headline,1.489796,D,S,78993.000000
Sun Jul 24 11:18:33 2016,24-Jul-2016,141836,47 53.986800 N,061 23.154800 W,2.7,43.5,A,Primary,Headline,1.489796,D,S,78993.000000
Sun Jul 24 11:18:37 2016,24-Jul-2016,141837,47 53.987500 N,061 23.154100 W,2.8,42.0,A,DoorSpread,DoorMaster,2.050000,D,S,377805.000000
Sun Jul 24 11:18:37 2016,24-Jul-2016,141838,47 53.988100 N,061 23.153400 W,2.8,41.5,A,DoorSpread,DoorMaster,2.050000,D,S,377805.000000
Sun Jul 24 11:18:37 2016,24-Jul-2016,141839,47 53.988800 N,061 23.152500 W,2.8,42.3,A,DoorSpread,DoorMaster,2.050000,D,S,377805.000000
Sun Jul 24 11:18:37 2016,24-Jul-2016,141840,47 53.989400 N,061 23.151500 W,2.9,42.9,A,DoorSpread,DoorMaster,2.050000,D,S,377805.000000
Sun Jul 24 11:18:37 2016,24-Jul-2016,141841,47 53.990000 N,061 23.150600 W,2.9,42.9,A,DoorSpread,DoorMaster,2.050000,D,S,377805.000000
Sun Jul 24 11:18:37 2016,24-Jul-2016,141842,47 53.990700 N,061 23.149800 W,2.9,42.2,A,DoorSpread,DoorMaster,2.050000,D,S,377805.000000
Sun Jul 24 11:18:42 2016,24-Jul-2016,141843,47 53.991500 N,061 23.149000 W,3.0,41.1,A,DoorSpread,DoorMaster,2.405000,D,S,915059.000000
Sun Jul 24 11:18:43 2016,24-Jul-2016,141844,47 53.992200 N,061 23.148100 W,3.0,40.8,A,Primary,Headline,1.204082,D,S,103880.000000
Sun Jul 24 11:18:43 2016,24-Jul-2016,141845,47 53.992900 N,061 23.147200 W,3.0,41.6,A,Primary,Headline,1.204082,D,S,103880.000000
Sun Jul 24 11:18:43 2016,24-Jul-2016,141846,47 53.993500 N,061 23.146300 W,3.1,41.7,A,Primary,Headline,1.204082,D,S,103880.000000
Sun Jul 24 11:18:43 2016,24-Jul-2016,141847,47 53.994200 N,061 23.145400 W,3.1,41.3,A,Primary,Headline,1.204082,D,S,103880.000000
Sun Jul 24 11:18:48 2016,24-Jul-2016,141848,47 53.994900 N,061 23.144600 W,3.1,41.1,A,DoorSpread,DoorMaster,0.000000,E,S,651529.000000
Sun Jul 24 11:18:49 2016,24-Jul-2016,141849,47 53.995700 N,061 23.143800 W,3.1,40.7,A,Primary,Headline,0.857143,D,S,199987.000000
Sun Jul 24 11:18:49 2016,24-Jul-2016,141850,47 53.996400 N,061 23.143000 W,3.1,40.3,A,Primary,Headline,0.857143,D,S,199987.000000
Sun Jul 24 11:18:49 2016,24-Jul-2016,141851,47 53.997100 N,061 23.142100 W,3.2,40.3,A,Primary,Headline,0.857143,D,S,199987.000000
Sun Jul 24 11:18:49 2016,24-Jul-2016,141852,47 53.997800 N,061 23.141200 W,3.2,40.6,A,Primary,Headline,0.857143,D,S,199987.000000
Sun Jul 24 11:18:53 2016,24-Jul-2016,141853,47 53.998600 N,061 23.140300 W,3.2,40.5,A,DoorSpread,DoorMaster,2.110000,D,S,386998.000000
Sun Jul 24 11:18:54 2016,24-Jul-2016,141854,47 53.999300 N,061 23.139500 W,3.2,39.9,A,Primary,Headline,2.326531,D,S,136939.000000
Sun Jul 24 11:18:54 2016,24-Jul-2016,141855,47 54.000100 N,061 23.138700 W,3.2,39.6,A,Primary,Headline,2.326531,D,S,136939.000000
Sun Jul 24 11:18:54 2016,24-Jul-2016,141856,47 54.000800 N,061 23.137800 W,3.2,39.8,A,Primary,Headline,2.326531,D,S,136939.000000
Sun Jul 24 11:18:54 2016,24-Jul-2016,141857,47 54.001500 N,061 23.136900 W,3.2,40.0,A,Primary,Headline,2.326531,D,S,136939.000000
Sun Jul 24 11:18:58 2016,24-Jul-2016,141858,47 54.002200 N,061 23.136000 W,3.3,40.2,A,DoorSpread,DoorMaster,1.980000,D,S,483816.000000
Sun Jul 24 11:18:59 2016,24-Jul-2016,141859,47 54.002900 N,061 23.135200 W,3.3,40.0,A,Primary,Headline,2.163265,D,S,92515.000000
Sun Jul 24 11:18:59 2016,24-Jul-2016,141900,47 54.003600 N,061 23.134500 W,3.2,39.3,A,Primary,Headline,2.163265,D,S,92515.000000
Sun Jul 24 11:18:59 2016,24-Jul-2016,141901,47 54.004300 N,061 23.133800 W,3.2,39.0,A,Primary,Headline,2.163265,D,S,92515.000000
Sun Jul 24 11:18:59 2016,24-Jul-2016,141902,47 54.005000 N,061 23.132900 W,3.2,39.5,A,Primary,Headline,2.163265,D,S,92515.000000
Sun Jul 24 11:18:59 2016,24-Jul-2016,141903,47 54.005600 N,061 23.132000 W,3.2,40.3,A,Primary,Headline,2.163265,D,S,92515.000000
Sun Jul 24 11:19:04 2016,24-Jul-2016,141904,47 54.006200 N,061 23.131100 W,3.1,40.8,A,Primary,Headline,2.591837,D,S,91570.000000
Sun Jul 24 11:19:04 2016,24-Jul-2016,141905,47 54.006800 N,061 23.130400 W,3.1,40.8,A,Primary,Headline,2.591837,D,S,91570.000000
Sun Jul 24 11:19:04 2016,24-Jul-2016,141906,47 54.007400 N,061 23.129600 W,3.0,40.8,A,Primary,Headline,2.591837,D,S,91570.000000
Sun Jul 24 11:19:04 2016,24-Jul-2016,141907,47 54.008000 N,061 23.128900 W,3.0,40.6,A,Primary,Headline,2.591837,D,S,91570.000000
Sun Jul 24 11:19:04 2016,24-Jul-2016,141908,47 54.008500 N,061 23.128100 W,2.9,41.1,A,Primary,Headline,2.591837,D,S,91570.000000
Sun Jul 24 11:19:09 2016,24-Jul-2016,141909,47 54.009000 N,061 23.127300 W,2.9,42.5,A,Primary,Headline,3.836735,D,S,109422.000000
Sun Jul 24 11:19:09 2016,24-Jul-2016,141910,47 54.009500 N,061 23.126500 W,2.8,43.2,A,Primary,Headline,3.836735,D,S,109422.000000
Sun Jul 24 11:19:09 2016,24-Jul-2016,141911,47 54.010000 N,061 23.126000 W,2.7,43.2,A,Primary,Headline,3.836735,D,S,109422.000000
Sun Jul 24 11:19:09 2016,24-Jul-2016,141912,47 54.010500 N,061 23.125300 W,2.7,43.9,A,Primary,Headline,3.836735,D,S,109422.000000
Sun Jul 24 11:19:09 2016,24-Jul-2016,141913,47 54.010900 N,061 23.124400 W,2.6,44.7,A,Primary,Headline,3.836735,D,S,109422.000000
Sun Jul 24 11:19:14 2016,24-Jul-2016,141914,47 54.011300 N,061 23.123700 W,2.5,44.3,A,DoorSpread,DoorMaster,1.985000,D,S,510719.000000
Sun Jul 24 11:19:14 2016,24-Jul-2016,141915,47 54.011700 N,061 23.123000 W,2.5,44.3,A,DoorSpread,DoorMaster,1.985000,D,S,510719.000000
Sun Jul 24 11:19:14 2016,24-Jul-2016,141916,47 54.012000 N,061 23.122000 W,2.4,45.7,A,DoorSpread,DoorMaster,1.985000,D,S,510719.000000
Sun Jul 24 11:19:14 2016,24-Jul-2016,141917,47 54.012200 N,061 23.121200 W,2.4,47.3,A,DoorSpread,DoorMaster,1.985000,D,S,510719.000000
Sun Jul 24 11:19:14 2016,24-Jul-2016,141918,47 54.012500 N,061 23.120400 W,2.3,47.8,A,DoorSpread,DoorMaster,1.985000,D,S,510719.000000
Sun Jul 24 11:19:19 2016,24-Jul-2016,141919,47 54.012800 N,061 23.119600 W,2.3,48.4,A,Primary,Headline,1.285714,D,S,112773.000000
Sun Jul 24 11:19:19 2016,24-Jul-2016,141920,47 54.013100 N,061 23.119000 W,2.2,48.8,A,DoorSpread,DoorMaster,2.510000,D,S,339592.000000
Sun Jul 24 11:19:19 2016,24-Jul-2016,141921,47 54.013300 N,061 23.118300 W,2.1,49.1,A,DoorSpread,DoorMaster,2.510000,D,S,339592.000000
Sun Jul 24 11:19:19 2016,24-Jul-2016,141922,47 54.013600 N,061 23.117600 W,2.1,49.9,A,DoorSpread,DoorMaster,2.510000,D,S,339592.000000
Sun Jul 24 11:19:19 2016,24-Jul-2016,141923,47 54.013800 N,061 23.116800 W,2.0,52.3,A,DoorSpread,DoorMaster,2.510000,D,S,339592.000000
Sun Jul 24 11:19:19 2016,24-Jul-2016,141924,47 54.014000 N,061 23.116100 W,2.0,54.3,A,DoorSpread,DoorMaster,2.510000,D,S,339592.000000
Sun Jul 24 11:19:25 2016,24-Jul-2016,141925,47 54.014200 N,061 23.115500 W,2.0,54.7,A,DoorSpread,DoorMaster,2.860000,D,S,540867.000000
Sun Jul 24 11:19:26 2016,24-Jul-2016,141926,47 54.014400 N,061 23.114900 W,1.9,55.4,A,Depth,Depth,6.481481,D,S,96990.000000
Sun Jul 24 11:19:26 2016,24-Jul-2016,141927,47 54.014500 N,061 23.114300 W,1.8,56.3,A,Depth,Depth,6.481481,D,S,96990.000000
Sun Jul 24 11:19:26 2016,24-Jul-2016,141928,47 54.014700 N,061 23.113600 W,1.8,56.7,A,Depth,Depth,6.481481,D,S,96990.000000
Sun Jul 24 11:19:29 2016,24-Jul-2016,141929,47 54.014900 N,061 23.112900 W,1.8,57.7,A,Primary,Headline,5.775510,D,S,155279.000000
Sun Jul 24 11:19:30 2016,24-Jul-2016,141930,47 54.015100 N,061 23.112100 W,1.9,58.9,A,DoorSpread,DoorMaster,2.915000,D,S,469046.000000
Sun Jul 24 11:19:30 2016,24-Jul-2016,141931,47 54.015400 N,061 23.111300 W,1.9,57.9,A,DoorSpread,DoorMaster,2.915000,D,S,469046.000000
Sun Jul 24 11:19:30 2016,24-Jul-2016,141932,47 54.015900 N,061 23.110500 W,2.0,55.6,A,DoorSpread,DoorMaster,2.915000,D,S,469046.000000
Sun Jul 24 11:19:33 2016,24-Jul-2016,141933,47 54.016400 N,061 23.109600 W,2.2,54.5,A,Depth,Depth,36.018519,D,S,71311.000000
Sun Jul 24 11:19:33 2016,24-Jul-2016,141934,47 54.016800 N,061 23.108400 W,2.4,54.8,A,Depth,Depth,36.018519,D,S,71311.000000
Sun Jul 24 11:19:35 2016,24-Jul-2016,141935,47 54.017500 N,061 23.107100 W,2.6,53.8,A,DoorSpread,DoorMaster,0.000000,E,S,914949.000000
Sun Jul 24 11:19:35 2016,24-Jul-2016,141936,47 54.018400 N,061 23.106200 W,2.8,50.5,A,DoorSpread,DoorMaster,0.000000,E,S,914949.000000
Sun Jul 24 11:19:35 2016,24-Jul-2016,141937,47 54.019300 N,061 23.105300 W,2.9,47.3,A,DoorSpread,DoorMaster,0.000000,E,S,914949.000000
Sun Jul 24 11:19:35 2016,24-Jul-2016,141938,47 54.020200 N,061 23.104100 W,3.1,45.1,A,DoorSpread,DoorMaster,0.000000,E,S,914949.000000
Sun Jul 24 11:19:35 2016,24-Jul-2016,141939,47 54.021200 N,061 23.103000 W,3.4,43.3,A,DoorSpread,DoorMaster,0.000000,E,S,914949.000000
Sun Jul 24 11:19:40 2016,24-Jul-2016,141940,47 54.022200 N,061 23.101800 W,3.5,41.6,A,Depth,Depth,4.907407,D,S,99898.000000
Sun Jul 24 11:19:40 2016,24-Jul-2016,141941,47 54.023200 N,061 23.100700 W,3.7,40.2,A,DoorSpread,DoorMaster,3.200000,D,S,402094.000000
Sun Jul 24 11:19:40 2016,24-Jul-2016,141942,47 54.024200 N,061 23.099500 W,3.9,39.0,A,DoorSpread,DoorMaster,3.200000,D,S,402094.000000
Sun Jul 24 11:19:40 2016,24-Jul-2016,141943,47 54.025400 N,061 23.098500 W,4.0,37.2,A,DoorSpread,DoorMaster,3.200000,D,S,402094.000000
Sun Jul 24 11:19:44 2016,24-Jul-2016,141944,47 54.026600 N,061 23.097500 W,4.2,35.5,A,Primary,Headline,1.857143,D,S,182259.000000
Sun Jul 24 11:19:44 2016,24-Jul-2016,141945,47 54.027700 N,061 23.096300 W,4.3,35.2,A,Primary,Headline,1.857143,D,S,182259.000000
Sun Jul 24 11:19:45 2016,24-Jul-2016,141946,47 54.028900 N,061 23.095000 W,4.5,35.6,A,DoorSpread,DoorMaster,0.000000,E,S,163804.000000
Sun Jul 24 11:19:47 2016,24-Jul-2016,141947,47 54.030300 N,061 23.093800 W,4.6,35.4,A,Depth,Depth,35.648148,D,S,95499.000000
Sun Jul 24 11:19:47 2016,24-Jul-2016,141948,47 54.031500 N,061 23.092600 W,4.8,34.6,A,Depth,Depth,35.648148,D,S,95499.000000
Sun Jul 24 11:19:49 2016,24-Jul-2016,141949,47 54.032800 N,061 23.091300 W,4.9,34.4,A,Primary,Headline,2.020408,D,S,169426.000000
Sun Jul 24 11:19:49 2016,24-Jul-2016,141950,47 54.034100 N,061 23.089900 W,5.0,34.6,A,Primary,Headline,2.020408,D,S,169426.000000
Sun Jul 24 11:19:51 2016,24-Jul-2016,141951,47 54.035400 N,061 23.088600 W,5.1,34.2,A,DoorSpread,DoorMaster,4.385000,D,S,214710.000000
Sun Jul 24 11:19:51 2016,24-Jul-2016,141952,47 54.036900 N,061 23.087300 W,5.2,33.9,A,DoorSpread,DoorMaster,4.385000,D,S,214710.000000
Sun Jul 24 11:19:51 2016,24-Jul-2016,141953,47 54.038400 N,061 23.086100 W,5.3,33.8,A,DoorSpread,DoorMaster,4.385000,D,S,214710.000000
Sun Jul 24 11:19:51 2016,24-Jul-2016,141954,47 54.039900 N,061 23.084800 W,5.4,33.7,A,DoorSpread,DoorMaster,4.385000,D,S,214710.000000
Sun Jul 24 11:19:51 2016,24-Jul-2016,141955,47 54.041200 N,061 23.083400 W,5.5,33.6,A,DoorSpread,DoorMaster,4.385000,D,S,214710.000000
Sun Jul 24 11:19:56 2016,24-Jul-2016,141956,47 54.042600 N,061 23.082000 W,5.6,33.6,A,DoorSpread,DoorMaster,3.805000,D,S,192939.000000
Sun Jul 24 11:19:56 2016,24-Jul-2016,141957,47 54.044100 N,061 23.080700 W,5.6,33.2,A,DoorSpread,DoorMaster,3.805000,D,S,192939.000000
Sun Jul 24 11:19:56 2016,24-Jul-2016,141958,47 54.045600 N,061 23.079500 W,5.7,32.5,A,DoorSpread,DoorMaster,3.805000,D,S,192939.000000
Sun Jul 24 11:19:56 2016,24-Jul-2016,141959,47 54.047100 N,061 23.078200 W,5.8,32.1,A,DoorSpread,DoorMaster,3.805000,D,S,192939.000000
Sun Jul 24 11:19:56 2016,24-Jul-2016,142000,47 54.048600 N,061 23.076800 W,5.8,32.1,A,DoorSpread,DoorMaster,3.805000,D,S,192939.000000
Sun Jul 24 11:19:56 2016,24-Jul-2016,142001,47 54.050000 N,061 23.075400 W,5.9,32.4,A,DoorSpread,DoorMaster,3.805000,D,S,192939.000000
Sun Jul 24 11:20:02 2016,24-Jul-2016,142002,47 54.051600 N,061 23.074100 W,5.9,32.2,A,DoorSpread,DoorMaster,4.925000,D,S,189588.000000
Sun Jul 24 11:20:02 2016,24-Jul-2016,142003,47 54.053200 N,061 23.072900 W,6.0,31.7,A,DoorSpread,DoorMaster,4.925000,D,S,189588.000000
Sun Jul 24 11:20:02 2016,24-Jul-2016,142004,47 54.054700 N,061 23.071600 W,6.0,31.6,A,DoorSpread,DoorMaster,4.925000,D,S,189588.000000
Sun Jul 24 11:20:02 2016,24-Jul-2016,142005,47 54.056200 N,061 23.070200 W,6.0,31.8,A,DoorSpread,DoorMaster,4.925000,D,S,189588.000000
Sun Jul 24 11:20:02 2016,24-Jul-2016,142006,47 54.057700 N,061 23.068800 W,6.1,32.0,A,DoorSpread,DoorMaster,4.925000,D,S,189588.000000
Sun Jul 24 11:20:02 2016,24-Jul-2016,142007,47 54.059300 N,061 23.067400 W,6.1,31.8,A,DoorSpread,DoorMaster,4.925000,D,S,189588.000000
Sun Jul 24 11:20:07 2016,24-Jul-2016,142008,47 54.060800 N,061 23.066100 W,6.1,31.5,A,DoorSpread,DoorMaster,5.325000,D,S,134937.000000
Sun Jul 24 11:20:07 2016,24-Jul-2016,142009,47 54.062400 N,061 23.064800 W,6.2,31.2,A,DoorSpread,DoorMaster,5.325000,D,S,134937.000000
Sun Jul 24 11:20:07 2016,24-Jul-2016,142010,47 54.064100 N,061 23.063600 W,6.2,31.2,A,DoorSpread,DoorMaster,5.325000,D,S,134937.000000
Sun Jul 24 11:20:07 2016,24-Jul-2016,142011,47 54.065700 N,061 23.062300 W,6.2,31.3,A,DoorSpread,DoorMaster,5.325000,D,S,134937.000000
Sun Jul 24 11:20:07 2016,24-Jul-2016,142012,47 54.067300 N,061 23.061000 W,6.2,31.3,A,DoorSpread,DoorMaster,5.325000,D,S,134937.000000
Sun Jul 24 11:20:13 2016,24-Jul-2016,142013,47 54.068900 N,061 23.059700 W,6.2,31.3,A,DoorSpread,DoorMaster,4.350000,D,S,311904.000000
Sun Jul 24 11:20:13 2016,24-Jul-2016,142014,47 54.070500 N,061 23.058300 W,6.2,31.5,A,DoorSpread,DoorMaster,4.350000,D,S,311904.000000
Sun Jul 24 11:20:13 2016,24-Jul-2016,142015,47 54.072000 N,061 23.056900 W,6.3,31.2,A,DoorSpread,DoorMaster,4.350000,D,S,311904.000000
Sun Jul 24 11:20:13 2016,24-Jul-2016,142016,47 54.073500 N,061 23.055500 W,6.3,30.8,A,DoorSpread,DoorMaster,4.350000,D,S,311904.000000
Sun Jul 24 11:20:13 2016,24-Jul-2016,142017,47 54.074900 N,061 23.054100 W,6.3,30.9,A,DoorSpread,DoorMaster,4.350000,D,S,311904.000000
Sun Jul 24 11:20:13 2016,24-Jul-2016,142018,47 54.076400 N,061 23.052700 W,6.3,31.4,A,DoorSpread,DoorMaster,4.350000,D,S,311904.000000
Sun Jul 24 11:20:18 2016,24-Jul-2016,142019,47 54.077900 N,061 23.051300 W,6.3,31.2,A,DoorSpread,DoorMaster,4.855000,D,S,176284.000000
Sun Jul 24 11:20:18 2016,24-Jul-2016,142020,47 54.079400 N,061 23.050000 W,6.3,30.5,A,DoorSpread,DoorMaster,4.855000,D,S,176284.000000
Sun Jul 24 11:20:18 2016,24-Jul-2016,142021,47 54.080900 N,061 23.048900 W,6.3,30.3,A,DoorSpread,DoorMaster,4.855000,D,S,176284.000000
Sun Jul 24 11:20:18 2016,24-Jul-2016,142022,47 54.082500 N,061 23.047600 W,6.2,30.5,A,DoorSpread,DoorMaster,4.855000,D,S,176284.000000
Sun Jul 24 11:20:18 2016,24-Jul-2016,142023,47 54.084100 N,061 23.046300 W,6.2,30.5,A,DoorSpread,DoorMaster,4.855000,D,S,176284.000000
Sun Jul 24 11:20:24 2016,24-Jul-2016,142024,47 54.085600 N,061 23.044900 W,6.2,30.7,A,DoorSpread,DoorMaster,4.700000,D,S,125273.000000
Sun Jul 24 11:20:24 2016,24-Jul-2016,142025,47 54.087200 N,061 23.043500 W,6.3,31.0,A,DoorSpread,DoorMaster,4.700000,D,S,125273.000000
Sun Jul 24 11:20:24 2016,24-Jul-2016,142026,47 54.088800 N,061 23.042100 W,6.3,31.2,A,DoorSpread,DoorMaster,4.700000,D,S,125273.000000
Sun Jul 24 11:20:24 2016,24-Jul-2016,142027,47 54.090300 N,061 23.040700 W,6.3,31.1,A,DoorSpread,DoorMaster,4.700000,D,S,125273.000000
Sun Jul 24 11:20:24 2016,24-Jul-2016,142028,47 54.091800 N,061 23.039400 W,6.3,30.8,A,DoorSpread,DoorMaster,4.700000,D,S,125273.000000
Sun Jul 24 11:20:29 2016,24-Jul-2016,142029,47 54.093400 N,061 23.038100 W,6.3,30.6,A,DoorSpread,DoorMaster,4.915000,D,S,215191.000000
Sun Jul 24 11:20:29 2016,24-Jul-2016,142030,47 54.094900 N,061 23.036600 W,6.3,30.8,A,DoorSpread,DoorMaster,4.915000,D,S,215191.000000
Sun Jul 24 11:20:29 2016,24-Jul-2016,142031,47 54.096400 N,061 23.035200 W,6.3,31.1,A,DoorSpread,DoorMaster,4.915000,D,S,215191.000000
Sun Jul 24 11:20:29 2016,24-Jul-2016,142032,47 54.098000 N,061 23.034000 W,6.3,31.1,A,DoorSpread,DoorMaster,4.915000,D,S,215191.000000
Sun Jul 24 11:20:29 2016,24-Jul-2016,142033,47 54.099500 N,061 23.032600 W,6.3,30.9,A,DoorSpread,DoorMaster,4.915000,D,S,215191.000000
Sun Jul 24 11:20:29 2016,24-Jul-2016,142034,47 54.101000 N,061 23.031400 W,6.2,30.8,A,DoorSpread,DoorMaster,4.915000,D,S,215191.000000
Sun Jul 24 11:20:35 2016,24-Jul-2016,142035,47 54.102600 N,061 23.030100 W,6.2,30.8,A,DoorSpread,DoorMaster,5.035000,D,S,132779.000000
Sun Jul 24 11:20:35 2016,24-Jul-2016,142036,47 54.104000 N,061 23.028700 W,6.2,30.9,A,DoorSpread,DoorMaster,5.035000,D,S,132779.000000
Sun Jul 24 11:20:35 2016,24-Jul-2016,142037,47 54.105300 N,061 23.027200 W,6.2,31.1,A,DoorSpread,DoorMaster,5.035000,D,S,132779.000000
Sun Jul 24 11:20:35 2016,24-Jul-2016,142038,47 54.106800 N,061 23.025900 W,6.2,31.3,A,DoorSpread,DoorMaster,5.035000,D,S,132779.000000
Sun Jul 24 11:20:35 2016,24-Jul-2016,142039,47 54.108500 N,061 23.024600 W,6.2,31.4,A,DoorSpread,DoorMaster,5.035000,D,S,132779.000000
Sun Jul 24 11:20:40 2016,24-Jul-2016,142040,47 54.110000 N,061 23.023300 W,6.2,31.4,A,DoorSpread,DoorMaster,5.600000,D,S,153223.000000
Sun Jul 24 11:20:40 2016,24-Jul-2016,142041,47 54.111400 N,061 23.021900 W,6.2,31.4,A,DoorSpread,DoorMaster,5.600000,D,S,153223.000000
Sun Jul 24 11:20:40 2016,24-Jul-2016,142042,47 54.112800 N,061 23.020500 W,6.2,31.3,A,DoorSpread,DoorMaster,5.600000,D,S,153223.000000
Sun Jul 24 11:20:40 2016,24-Jul-2016,142043,47 54.114300 N,061 23.019100 W,6.2,31.4,A,DoorSpread,DoorMaster,5.600000,D,S,153223.000000
Sun Jul 24 11:20:40 2016,24-Jul-2016,142044,47 54.115700 N,061 23.017700 W,6.2,31.4,A,DoorSpread,DoorMaster,5.600000,D,S,153223.000000
Sun Jul 24 11:20:40 2016,24-Jul-2016,142045,47 54.117300 N,061 23.016500 W,6.2,31.5,A,DoorSpread,DoorMaster,5.600000,D,S,153223.000000
Sun Jul 24 11:20:46 2016,24-Jul-2016,142046,47 54.118800 N,061 23.015200 W,6.2,31.4,A,DoorSpread,DoorMaster,5.215000,D,S,115700.000000
Sun Jul 24 11:20:46 2016,24-Jul-2016,142047,47 54.120300 N,061 23.013900 W,6.2,31.1,A,DoorSpread,DoorMaster,5.215000,D,S,115700.000000
Sun Jul 24 11:20:46 2016,24-Jul-2016,142048,47 54.121800 N,061 23.012600 W,6.2,30.9,A,DoorSpread,DoorMaster,5.215000,D,S,115700.000000
Sun Jul 24 11:20:46 2016,24-Jul-2016,142049,47 54.123300 N,061 23.011300 W,6.2,30.9,A,DoorSpread,DoorMaster,5.215000,D,S,115700.000000
Sun Jul 24 11:20:46 2016,24-Jul-2016,142050,47 54.124800 N,061 23.010000 W,6.2,31.1,A,DoorSpread,DoorMaster,5.215000,D,S,115700.000000
Sun Jul 24 11:20:46 2016,24-Jul-2016,142051,47 54.126400 N,061 23.008600 W,6.2,31.6,A,DoorSpread,DoorMaster,5.215000,D,S,115700.000000
Sun Jul 24 11:20:51 2016,24-Jul-2016,142052,47 54.127600 N,061 23.007000 W,6.2,31.8,A,DoorSpread,DoorMaster,6.330000,D,S,113541.000000
Sun Jul 24 11:20:51 2016,24-Jul-2016,142053,47 54.129200 N,061 23.005900 W,6.2,31.3,A,DoorSpread,DoorMaster,6.330000,D,S,113541.000000
Sun Jul 24 11:20:51 2016,24-Jul-2016,142054,47 54.130800 N,061 23.004700 W,6.2,30.9,A,DoorSpread,DoorMaster,6.330000,D,S,113541.000000
Sun Jul 24 11:20:51 2016,24-Jul-2016,142055,47 54.132300 N,061 23.003300 W,6.2,31.2,A,DoorSpread,DoorMaster,6.330000,D,S,113541.000000
Sun Jul 24 11:20:51 2016,24-Jul-2016,142056,47 54.133800 N,061 23.001900 W,6.2,31.7,A,DoorSpread,DoorMaster,6.330000,D,S,113541.000000
Sun Jul 24 11:20:57 2016,24-Jul-2016,142057,47 54.135200 N,061 23.000600 W,6.2,31.6,A,DoorSpread,DoorMaster,5.700000,D,S,160098.000000
Sun Jul 24 11:20:57 2016,24-Jul-2016,142058,47 54.136800 N,061 22.999300 W,6.2,31.3,A,DoorSpread,DoorMaster,5.700000,D,S,160098.000000
Sun Jul 24 11:20:57 2016,24-Jul-2016,142059,47 54.138300 N,061 22.998000 W,6.2,31.3,A,DoorSpread,DoorMaster,5.700000,D,S,160098.000000
Sun Jul 24 11:20:57 2016,24-Jul-2016,142100,47 54.139800 N,061 22.996700 W,6.2,31.4,A,DoorSpread,DoorMaster,5.700000,D,S,160098.000000
Sun Jul 24 11:20:57 2016,24-Jul-2016,142101,47 54.141300 N,061 22.995400 W,6.2,31.7,A,DoorSpread,DoorMaster,5.700000,D,S,160098.000000
Sun Jul 24 11:20:57 2016,24-Jul-2016,142102,47 54.142800 N,061 22.994100 W,6.2,31.5,A,DoorSpread,DoorMaster,5.700000,D,S,160098.000000
Sun Jul 24 11:21:02 2016,24-Jul-2016,142103,47 54.144300 N,061 22.992800 W,6.2,31.1,A,DoorSpread,DoorMaster,5.895000,D,S,101851.000000
Sun Jul 24 11:21:02 2016,24-Jul-2016,142104,47 54.145800 N,061 22.991600 W,6.2,30.7,A,DoorSpread,DoorMaster,5.895000,D,S,101851.000000
Sun Jul 24 11:21:02 2016,24-Jul-2016,142105,47 54.147300 N,061 22.990300 W,6.2,30.9,A,DoorSpread,DoorMaster,5.895000,D,S,101851.000000
Sun Jul 24 11:21:02 2016,24-Jul-2016,142106,47 54.148800 N,061 22.988900 W,6.1,31.3,A,DoorSpread,DoorMaster,5.895000,D,S,101851.000000
Sun Jul 24 11:21:02 2016,24-Jul-2016,142107,47 54.150300 N,061 22.987500 W,6.2,31.3,A,DoorSpread,DoorMaster,5.895000,D,S,101851.000000
Sun Jul 24 11:21:08 2016,24-Jul-2016,142108,47 54.151900 N,061 22.986200 W,6.2,31.3,A,DoorSpread,DoorMaster,5.705000,D,S,113910.000000
Sun Jul 24 11:21:08 2016,24-Jul-2016,142109,47 54.153400 N,061 22.984900 W,6.2,31.3,A,DoorSpread,DoorMaster,5.705000,D,S,113910.000000
Sun Jul 24 11:21:08 2016,24-Jul-2016,142110,47 54.155000 N,061 22.983600 W,6.2,31.1,A,DoorSpread,DoorMaster,5.705000,D,S,113910.000000
Sun Jul 24 11:21:08 2016,24-Jul-2016,142111,47 54.156500 N,061 22.982200 W,6.2,31.1,A,DoorSpread,DoorMaster,5.705000,D,S,113910.000000
Sun Jul 24 11:21:08 2016,24-Jul-2016,142112,47 54.157900 N,061 22.980800 W,6.2,31.6,A,DoorSpread,DoorMaster,5.705000,D,S,113910.000000
Sun Jul 24 11:21:08 2016,24-Jul-2016,142113,47 54.159400 N,061 22.979400 W,6.2,31.8,A,DoorSpread,DoorMaster,5.705000,D,S,113910.000000
Sun Jul 24 11:21:14 2016,24-Jul-2016,142114,47 54.160900 N,061 22.978000 W,6.2,31.5,A,DoorSpread,DoorMaster,7.325000,D,S,84763.000000
Sun Jul 24 11:21:14 2016,24-Jul-2016,142115,47 54.162300 N,061 22.976800 W,6.2,31.2,A,DoorSpread,DoorMaster,7.325000,D,S,84763.000000
Sun Jul 24 11:21:14 2016,24-Jul-2016,142116,47 54.163800 N,061 22.975400 W,6.2,31.2,A,DoorSpread,DoorMaster,7.325000,D,S,84763.000000
Sun Jul 24 11:21:14 2016,24-Jul-2016,142117,47 54.165200 N,061 22.974100 W,6.2,31.1,A,DoorSpread,DoorMaster,7.325000,D,S,84763.000000
Sun Jul 24 11:21:14 2016,24-Jul-2016,142118,47 54.166700 N,061 22.972700 W,6.2,31.1,A,DoorSpread,DoorMaster,7.325000,D,S,84763.000000
Sun Jul 24 11:21:19 2016,24-Jul-2016,142119,47 54.168200 N,061 22.971300 W,6.2,31.4,A,DoorSpread,DoorMaster,5.505000,D,S,103573.000000
Sun Jul 24 11:21:19 2016,24-Jul-2016,142120,47 54.169700 N,061 22.970000 W,6.2,31.5,A,DoorSpread,DoorMaster,5.505000,D,S,103573.000000
Sun Jul 24 11:21:19 2016,24-Jul-2016,142121,47 54.171100 N,061 22.968700 W,6.2,31.2,A,DoorSpread,DoorMaster,5.505000,D,S,103573.000000
Sun Jul 24 11:21:19 2016,24-Jul-2016,142122,47 54.172700 N,061 22.967500 W,6.2,30.9,A,DoorSpread,DoorMaster,5.505000,D,S,103573.000000
Sun Jul 24 11:21:19 2016,24-Jul-2016,142123,47 54.174100 N,061 22.966100 W,6.2,30.8,A,DoorSpread,DoorMaster,5.505000,D,S,103573.000000
Sun Jul 24 11:21:19 2016,24-Jul-2016,142124,47 54.175500 N,061 22.964700 W,6.2,31.1,A,DoorSpread,DoorMaster,5.505000,D,S,103573.000000
Sun Jul 24 11:21:19 2016,24-Jul-2016,142125,47 54.176900 N,061 22.963200 W,6.2,31.5,A,DoorSpread,DoorMaster,5.505000,D,S,103573.000000
Sun Jul 24 11:21:19 2016,24-Jul-2016,142126,47 54.178300 N,061 22.961900 W,6.2,31.4,A,DoorSpread,DoorMaster,5.505000,D,S,103573.000000
Sun Jul 24 11:21:19 2016,24-Jul-2016,142127,47 54.179800 N,061 22.960600 W,6.2,31.1,A,DoorSpread,DoorMaster,5.505000,D,S,103573.000000
Sun Jul 24 11:21:19 2016,24-Jul-2016,142128,47 54.181300 N,061 22.959400 W,6.1,30.9,A,DoorSpread,DoorMaster,5.505000,D,S,103573.000000
Sun Jul 24 11:21:19 2016,24-Jul-2016,142129,47 54.182800 N,061 22.958100 W,6.1,31.0,A,DoorSpread,DoorMaster,5.505000,D,S,103573.000000
Sun Jul 24 11:21:19 2016,24-Jul-2016,142130,47 54.184200 N,061 22.956800 W,6.1,31.2,A,DoorSpread,DoorMaster,5.505000,D,S,103573.000000
Sun Jul 24 11:21:19 2016,24-Jul-2016,142131,47 54.185700 N,061 22.955600 W,6.2,31.2,A,DoorSpread,DoorMaster,5.505000,D,S,103573.000000
Sun Jul 24 11:21:19 2016,24-Jul-2016,142132,47 54.187300 N,061 22.954400 W,6.1,31.0,A,DoorSpread,DoorMaster,5.505000,D,S,103573.000000
Sun Jul 24 11:21:19 2016,24-Jul-2016,142133,47 54.188700 N,061 22.953200 W,6.1,31.0,A,DoorSpread,DoorMaster,5.505000,D,S,103573.000000
Sun Jul 24 11:21:19 2016,24-Jul-2016,142134,47 54.190200 N,061 22.951700 W,6.1,31.5,A,DoorSpread,DoorMaster,5.505000,D,S,103573.000000
Sun Jul 24 11:21:19 2016,24-Jul-2016,142135,47 54.191600 N,061 22.950400 W,6.1,31.8,A,DoorSpread,DoorMaster,5.505000,D,S,103573.000000
Sun Jul 24 11:21:19 2016,24-Jul-2016,142136,47 54.193100 N,061 22.949200 W,6.1,31.5,A,DoorSpread,DoorMaster,5.505000,D,S,103573.000000
Sun Jul 24 11:21:19 2016,24-Jul-2016,142137,47 54.194600 N,061 22.948100 W,6.1,31.1,A,DoorSpread,DoorMaster,5.505000,D,S,103573.000000
Sun Jul 24 11:21:19 2016,24-Jul-2016,142138,47 54.196100 N,061 22.947000 W,6.1,30.7,A,DoorSpread,DoorMaster,5.505000,D,S,103573.000000
Sun Jul 24 11:21:19 2016,24-Jul-2016,142139,47 54.197600 N,061 22.945700 W,6.1,30.7,A,DoorSpread,DoorMaster,5.505000,D,S,103573.000000
Sun Jul 24 11:21:19 2016,24-Jul-2016,142140,47 54.199000 N,061 22.944300 W,6.1,31.2,A,DoorSpread,DoorMaster,5.505000,D,S,103573.000000
Sun Jul 24 11:21:19 2016,24-Jul-2016,142141,47 54.200300 N,061 22.942900 W,6.1,31.8,A,DoorSpread,DoorMaster,5.505000,D,S,103573.000000
Sun Jul 24 11:21:19 2016,24-Jul-2016,142142,47 54.201700 N,061 22.941500 W,6.1,31.7,A,DoorSpread,DoorMaster,5.505000,D,S,103573.000000
Sun Jul 24 11:21:19 2016,24-Jul-2016,142143,47 54.203100 N,061 22.940200 W,6.1,31.2,A,DoorSpread,DoorMaster,5.505000,D,S,103573.000000
Sun Jul 24 11:21:19 2016,24-Jul-2016,142144,47 54.204600 N,061 22.938900 W,6.1,30.8,A,DoorSpread,DoorMaster,5.505000,D,S,103573.000000
Sun Jul 24 11:21:19 2016,24-Jul-2016,142145,47 54.205900 N,061 22.937600 W,6.1,30.8,A,DoorSpread,DoorMaster,5.505000,D,S,103573.000000
Sun Jul 24 11:21:19 2016,24-Jul-2016,142146,47 54.207400 N,061 22.936300 W,6.0,30.8,A,DoorSpread,DoorMaster,5.505000,D,S,103573.000000
Sun Jul 24 11:21:19 2016,24-Jul-2016,142147,47 54.208800 N,061 22.934900 W,6.1,31.0,A,DoorSpread,DoorMaster,5.505000,D,S,103573.000000
Sun Jul 24 11:21:19 2016,24-Jul-2016,142148,47 54.210200 N,061 22.933500 W,6.1,31.5,A,DoorSpread,DoorMaster,5.505000,D,S,103573.000000
Sun Jul 24 11:21:19 2016,24-Jul-2016,142149,47 54.211500 N,061 22.932100 W,6.1,31.9,A,DoorSpread,DoorMaster,5.505000,D,S,103573.000000
Sun Jul 24 11:21:19 2016,24-Jul-2016,142150,47 54.212900 N,061 22.930800 W,6.0,31.9,A,DoorSpread,DoorMaster,5.505000,D,S,103573.000000
Sun Jul 24 11:21:19 2016,24-Jul-2016,142151,47 54.214400 N,061 22.929600 W,6.0,31.3,A,DoorSpread,DoorMaster,5.505000,D,S,103573.000000
Sun Jul 24 11:21:19 2016,24-Jul-2016,142152,47 54.215800 N,061 22.928400 W,6.0,30.9,A,DoorSpread,DoorMaster,5.505000,D,S,103573.000000
Sun Jul 24 11:21:19 2016,24-Jul-2016,142153,47 54.217200 N,061 22.927200 W,6.0,31.1,A,DoorSpread,DoorMaster,5.505000,D,S,103573.000000
Sun Jul 24 11:21:19 2016,24-Jul-2016,142154,47 54.218400 N,061 22.925900 W,5.9,31.2,A,DoorSpread,DoorMaster,5.505000,D,S,103573.000000
Sun Jul 24 11:21:19 2016,24-Jul-2016,142155,47 54.219700 N,061 22.924700 W,5.9,31.5,A,DoorSpread,DoorMaster,5.505000,D,S,103573.000000
Sun Jul 24 11:21:19 2016,24-Jul-2016,142156,47 54.221000 N,061 22.923500 W,5.8,32.0,A,DoorSpread,DoorMaster,5.505000,D,S,103573.000000
Sun Jul 24 11:21:19 2016,24-Jul-2016,142157,47 54.222100 N,061 22.922400 W,5.6,32.3,A,DoorSpread,DoorMaster,5.505000,D,S,103573.000000
Sun Jul 24 11:21:19 2016,24-Jul-2016,142158,47 54.223100 N,061 22.921400 W,5.4,32.2,A,DoorSpread,DoorMaster,5.505000,D,S,103573.000000
Sun Jul 24 11:21:19 2016,24-Jul-2016,142159,47 54.224100 N,061 22.920500 W,5.2,32.5,A,DoorSpread,DoorMaster,5.505000,D,S,103573.000000
Sun Jul 24 11:21:19 2016,24-Jul-2016,142200,47 54.224900 N,061 22.919500 W,5.0,33.2,A,DoorSpread,DoorMaster,5.505000,D,S,103573.000000
Sun Jul 24 11:21:19 2016,24-Jul-2016,142201,47 54.225700 N,061 22.918500 W,4.8,34.5,A,DoorSpread,DoorMaster,5.505000,D,S,103573.000000
Sun Jul 24 11:21:19 2016,24-Jul-2016,142202,47 54.226400 N,061 22.917500 W,4.6,35.2,A,DoorSpread,DoorMaster,5.505000,D,S,103573.000000
Sun Jul 24 11:21:19 2016,24-Jul-2016,142203,47 54.227100 N,061 22.916600 W,4.4,35.3,A,DoorSpread,DoorMaster,5.505000,D,S,103573.000000
Sun Jul 24 11:21:19 2016,24-Jul-2016,142204,47 54.227800 N,061 22.915800 W,4.2,35.5,A,DoorSpread,DoorMaster,5.505000,D,S,103573.000000
Sun Jul 24 11:21:19 2016,24-Jul-2016,142205,47 54.228300 N,061 22.914900 W,4.0,36.3,A,DoorSpread,DoorMaster,5.505000,D,S,103573.000000
Sun Jul 24 11:21:19 2016,24-Jul-2016,142206,47 54.228900 N,061 22.914100 W,3.8,37.6,A,DoorSpread,DoorMaster,5.505000,D,S,103573.000000
Sun Jul 24 11:21:19 2016,24-Jul-2016,142207,47 54.229500 N,061 22.913200 W,3.7,38.6,A,DoorSpread,DoorMaster,5.505000,D,S,103573.000000
Sun Jul 24 11:21:19 2016,24-Jul-2016,142208,47 54.229900 N,061 22.912300 W,3.5,39.6,A,DoorSpread,DoorMaster,5.505000,D,S,103573.000000
Sun Jul 24 11:21:19 2016,24-Jul-2016,142209,47 54.230400 N,061 22.911700 W,3.3,40.0,A,DoorSpread,DoorMaster,5.505000,D,S,103573.000000
Sun Jul 24 11:21:19 2016,24-Jul-2016,142210,47 54.231000 N,061 22.911100 W,3.2,40.6,A,DoorSpread,DoorMaster,5.505000,D,S,103573.000000
Sun Jul 24 11:21:19 2016,24-Jul-2016,142211,47 54.231400 N,061 22.910300 W,3.1,41.7,A,DoorSpread,DoorMaster,5.505000,D,S,103573.000000
Sun Jul 24 11:21:19 2016,24-Jul-2016,142212,47 54.231700 N,061 22.909500 W,2.9,43.5,A,DoorSpread,DoorMaster,5.505000,D,S,103573.000000
Sun Jul 24 11:21:19 2016,24-Jul-2016,142213,47 54.232100 N,061 22.908700 W,2.8,44.8,A,DoorSpread,DoorMaster,5.505000,D,S,103573.000000
Sun Jul 24 11:21:19 2016,24-Jul-2016,142214,47 54.232400 N,061 22.907900 W,2.7,45.9,A,DoorSpread,DoorMaster,5.505000,D,S,103573.000000
Sun Jul 24 11:21:19 2016,24-Jul-2016,142215,47 54.232800 N,061 22.907200 W,2.6,46.2,A,DoorSpread,DoorMaster,5.505000,D,S,103573.000000
Sun Jul 24 11:21:19 2016,24-Jul-2016,142216,47 54.233100 N,061 22.906600 W,2.5,47.0,A,DoorSpread,DoorMaster,5.505000,D,S,103573.000000
Sun Jul 24 11:21:19 2016,24-Jul-2016,142217,47 54.233300 N,061 22.905800 W,2.4,48.8,A,DoorSpread,DoorMaster,5.505000,D,S,103573.000000
Sun Jul 24 11:21:19 2016,24-Jul-2016,142218,47 54.233600 N,061 22.905000 W,2.3,50.5,A,DoorSpread,DoorMaster,5.505000,D,S,103573.000000
Sun Jul 24 11:22:19 2016,24-Jul-2016,142219,47 54.233800 N,061 22.904300 W,2.3,51.5,A,DoorSpread,DoorMaster,7.155000,D,S,199673.000000
Sun Jul 24 11:22:19 2016,24-Jul-2016,142220,47 54.234100 N,061 22.903700 W,2.2,51.9,A,DoorSpread,DoorMaster,7.155000,D,S,199673.000000
Sun Jul 24 11:22:19 2016,24-Jul-2016,142221,47 54.234400 N,061 22.903100 W,2.1,51.8,A,DoorSpread,DoorMaster,7.155000,D,S,199673.000000
Sun Jul 24 11:22:19 2016,24-Jul-2016,142222,47 54.234700 N,061 22.902500 W,2.0,52.3,A,DoorSpread,DoorMaster,7.155000,D,S,199673.000000
Sun Jul 24 11:22:19 2016,24-Jul-2016,142223,47 54.234900 N,061 22.901900 W,2.0,53.9,A,DoorSpread,DoorMaster,7.155000,D,S,199673.000000
Sun Jul 24 11:22:19 2016,24-Jul-2016,142224,47 54.235000 N,061 22.901100 W,1.9,56.3,A,DoorSpread,DoorMaster,7.155000,D,S,199673.000000
Sun Jul 24 11:22:24 2016,24-Jul-2016,142225,47 54.235200 N,061 22.900400 W,1.9,58.3,A,DoorSpread,DoorMaster,6.170000,D,S,145389.000000
Sun Jul 24 11:22:24 2016,24-Jul-2016,142226,47 54.235400 N,061 22.899900 W,1.9,58.5,A,DoorSpread,DoorMaster,6.170000,D,S,145389.000000
Sun Jul 24 11:22:24 2016,24-Jul-2016,142227,47 54.235700 N,061 22.899500 W,1.8,56.6,A,DoorSpread,DoorMaster,6.170000,D,S,145389.000000
Sun Jul 24 11:22:24 2016,24-Jul-2016,142228,47 54.236000 N,061 22.899000 W,1.7,56.2,A,DoorSpread,DoorMaster,6.170000,D,S,145389.000000
Sun Jul 24 11:22:24 2016,24-Jul-2016,142229,47 54.236100 N,061 22.898200 W,1.7,59.0,A,DoorSpread,DoorMaster,6.170000,D,S,145389.000000
Sun Jul 24 11:22:30 2016,24-Jul-2016,142230,47 54.236300 N,061 22.897300 W,1.8,61.8,A,DoorSpread,DoorMaster,5.910000,D,S,91765.000000
Sun Jul 24 11:22:30 2016,24-Jul-2016,142231,47 54.236500 N,061 22.896600 W,1.8,61.8,A,DoorSpread,DoorMaster,5.910000,D,S,91765.000000
Sun Jul 24 11:22:30 2016,24-Jul-2016,142232,47 54.236800 N,061 22.896100 W,1.8,58.9,A,DoorSpread,DoorMaster,5.910000,D,S,91765.000000
Sun Jul 24 11:22:30 2016,24-Jul-2016,142233,47 54.237200 N,061 22.895600 W,1.8,56.7,A,DoorSpread,DoorMaster,5.910000,D,S,91765.000000
Sun Jul 24 11:22:30 2016,24-Jul-2016,142234,47 54.237500 N,061 22.895000 W,1.8,56.0,A,DoorSpread,DoorMaster,5.910000,D,S,91765.000000
Sun Jul 24 11:22:30 2016,24-Jul-2016,142235,47 54.237900 N,061 22.894200 W,1.9,56.0,A,DoorSpread,DoorMaster,5.910000,D,S,91765.000000
Sun Jul 24 11:22:36 2016,24-Jul-2016,142236,47 54.238200 N,061 22.893300 W,1.9,57.1,A,DoorSpread,DoorMaster,6.715000,D,S,76652.000000
Sun Jul 24 11:22:36 2016,24-Jul-2016,142237,47 54.238500 N,061 22.892500 W,2.0,57.4,A,DoorSpread,DoorMaster,6.715000,D,S,76652.000000
Sun Jul 24 11:22:36 2016,24-Jul-2016,142238,47 54.238900 N,061 22.891800 W,2.0,55.5,A,DoorSpread,DoorMaster,6.715000,D,S,76652.000000
Sun Jul 24 11:22:36 2016,24-Jul-2016,142239,47 54.239400 N,061 22.891200 W,2.1,53.0,A,DoorSpread,DoorMaster,6.715000,D,S,76652.000000
Sun Jul 24 11:22:36 2016,24-Jul-2016,142240,47 54.239800 N,061 22.890500 W,2.1,51.7,A,DoorSpread,DoorMaster,6.715000,D,S,76652.000000
Sun Jul 24 11:22:41 2016,24-Jul-2016,142241,47 54.240300 N,061 22.889700 W,2.2,51.5,A,DoorSpread,DoorMaster,6.570000,D,S,90117.000000
Sun Jul 24 11:22:41 2016,24-Jul-2016,142242,47 54.240900 N,061 22.888900 W,2.2,51.4,A,DoorSpread,DoorMaster,6.570000,D,S,90117.000000
Sun Jul 24 11:22:41 2016,24-Jul-2016,142243,47 54.241500 N,061 22.888200 W,2.3,50.8,A,DoorSpread,DoorMaster,6.570000,D,S,90117.000000
Sun Jul 24 11:22:41 2016,24-Jul-2016,142244,47 54.242100 N,061 22.887500 W,2.3,50.5,A,DoorSpread,DoorMaster,6.570000,D,S,90117.000000
Sun Jul 24 11:22:41 2016,24-Jul-2016,142245,47 54.242600 N,061 22.886800 W,2.4,50.3,A,DoorSpread,DoorMaster,6.570000,D,S,90117.000000
Sun Jul 24 11:22:41 2016,24-Jul-2016,142246,47 54.243100 N,061 22.885900 W,2.4,49.7,A,DoorSpread,DoorMaster,6.570000,D,S,90117.000000
Sun Jul 24 11:22:47 2016,24-Jul-2016,142247,47 54.243800 N,061 22.885300 W,2.4,48.4,A,DoorSpread,DoorMaster,4.945000,D,S,82497.000000
Sun Jul 24 11:22:47 2016,24-Jul-2016,142248,47 54.244300 N,061 22.884600 W,2.4,47.5,A,DoorSpread,DoorMaster,4.945000,D,S,82497.000000
Sun Jul 24 11:22:47 2016,24-Jul-2016,142249,47 54.244800 N,061 22.883900 W,2.5,47.9,A,DoorSpread,DoorMaster,4.945000,D,S,82497.000000
Sun Jul 24 11:22:47 2016,24-Jul-2016,142250,47 54.245200 N,061 22.883000 W,2.5,49.1,A,DoorSpread,DoorMaster,4.945000,D,S,82497.000000
Sun Jul 24 11:22:47 2016,24-Jul-2016,142251,47 54.245500 N,061 22.882100 W,2.5,50.1,A,DoorSpread,DoorMaster,4.945000,D,S,82497.000000
Sun Jul 24 11:22:52 2016,24-Jul-2016,142252,47 54.245900 N,061 22.881400 W,2.5,49.7,A,DoorSpread,DoorMaster,0.000000,E,S,123532.000000
Sun Jul 24 11:22:52 2016,24-Jul-2016,142253,47 54.246400 N,061 22.880800 W,2.4,48.1,A,DoorSpread,DoorMaster,0.000000,E,S,123532.000000
Sun Jul 24 11:22:52 2016,24-Jul-2016,142254,47 54.246800 N,061 22.880200 W,2.4,46.8,A,DoorSpread,DoorMaster,0.000000,E,S,123532.000000
Sun Jul 24 11:22:52 2016,24-Jul-2016,142255,47 54.247100 N,061 22.879500 W,2.4,47.6,A,DoorSpread,DoorMaster,0.000000,E,S,123532.000000
Sun Jul 24 11:22:52 2016,24-Jul-2016,142256,47 54.247400 N,061 22.878700 W,2.4,49.8,A,DoorSpread,DoorMaster,0.000000,E,S,123532.000000
Sun Jul 24 11:22:57 2016,24-Jul-2016,142257,47 54.247700 N,061 22.877800 W,2.4,51.3,A,DoorSpread,DoorMaster,0.000000,E,S,95190.000000
Sun Jul 24 11:22:57 2016,24-Jul-2016,142258,47 54.248200 N,061 22.877300 W,2.3,51.3,A,DoorSpread,DoorMaster,0.000000,E,S,95190.000000
Sun Jul 24 11:22:57 2016,24-Jul-2016,142259,47 54.248400 N,061 22.876600 W,2.3,50.3,A,DoorSpread,DoorMaster,0.000000,E,S,95190.000000
Sun Jul 24 11:22:57 2016,24-Jul-2016,142300,47 54.248800 N,061 22.876000 W,2.3,49.5,A,DoorSpread,DoorMaster,0.000000,E,S,95190.000000
Sun Jul 24 11:22:57 2016,24-Jul-2016,142301,47 54.249100 N,061 22.875300 W,2.2,49.9,A,DoorSpread,DoorMaster,0.000000,E,S,95190.000000
Sun Jul 24 11:23:02 2016,24-Jul-2016,142302,47 54.249300 N,061 22.874500 W,2.2,51.9,A,DoorSpread,DoorMaster,5.570000,D,S,98261.000000
Sun Jul 24 11:23:02 2016,24-Jul-2016,142303,47 54.249600 N,061 22.873700 W,2.2,53.6,A,DoorSpread,DoorMaster,5.570000,D,S,98261.000000
Sun Jul 24 11:23:02 2016,24-Jul-2016,142304,47 54.249900 N,061 22.872900 W,2.2,53.4,A,DoorSpread,DoorMaster,5.570000,D,S,98261.000000
Sun Jul 24 11:23:02 2016,24-Jul-2016,142305,47 54.250200 N,061 22.872300 W,2.2,52.5,A,DoorSpread,DoorMaster,5.570000,D,S,98261.000000
Sun Jul 24 11:23:02 2016,24-Jul-2016,142306,47 54.250500 N,061 22.871700 W,2.1,51.9,A,DoorSpread,DoorMaster,5.570000,D,S,98261.000000
Sun Jul 24 11:23:02 2016,24-Jul-2016,142307,47 54.250800 N,061 22.871000 W,2.1,52.8,A,DoorSpread,DoorMaster,5.570000,D,S,98261.000000
Sun Jul 24 11:23:02 2016,24-Jul-2016,142308,47 54.251000 N,061 22.870100 W,2.1,54.6,A,DoorSpread,DoorMaster,5.570000,D,S,98261.000000
Sun Jul 24 11:23:02 2016,24-Jul-2016,142309,47 54.251300 N,061 22.869300 W,2.1,55.5,A,DoorSpread,DoorMaster,5.570000,D,S,98261.000000
Sun Jul 24 11:23:02 2016,24-Jul-2016,142310,47 54.251700 N,061 22.868700 W,2.1,54.7,A,DoorSpread,DoorMaster,5.570000,D,S,98261.000000
Sun Jul 24 11:23:02 2016,24-Jul-2016,142311,47 54.252000 N,061 22.868200 W,2.1,53.2,A,DoorSpread,DoorMaster,5.570000,D,S,98261.000000
Sun Jul 24 11:23:02 2016,24-Jul-2016,142312,47 54.252300 N,061 22.867500 W,2.0,53.1,A,DoorSpread,DoorMaster,5.570000,D,S,98261.000000
Sun Jul 24 11:23:02 2016,24-Jul-2016,142313,47 54.252600 N,061 22.866700 W,2.1,54.4,A,DoorSpread,DoorMaster,5.570000,D,S,98261.000000
Sun Jul 24 11:23:02 2016,24-Jul-2016,142314,47 54.253000 N,061 22.865900 W,2.1,55.1,A,DoorSpread,DoorMaster,5.570000,D,S,98261.000000
Sun Jul 24 11:23:02 2016,24-Jul-2016,142315,47 54.253300 N,061 22.865300 W,2.1,54.2,A,DoorSpread,DoorMaster,5.570000,D,S,98261.000000
Sun Jul 24 11:23:02 2016,24-Jul-2016,142316,47 54.253600 N,061 22.864700 W,2.1,53.3,A,DoorSpread,DoorMaster,5.570000,D,S,98261.000000
Sun Jul 24 11:23:02 2016,24-Jul-2016,142317,47 54.254000 N,061 22.864000 W,2.1,52.8,A,DoorSpread,DoorMaster,5.570000,D,S,98261.000000
Sun Jul 24 11:23:02 2016,24-Jul-2016,142318,47 54.254400 N,061 22.863300 W,2.1,52.5,A,DoorSpread,DoorMaster,5.570000,D,S,98261.000000
Sun Jul 24 11:23:02 2016,24-Jul-2016,142319,47 54.254700 N,061 22.862700 W,2.1,52.4,A,DoorSpread,DoorMaster,5.570000,D,S,98261.000000
Sun Jul 24 11:23:02 2016,24-Jul-2016,142320,47 54.255100 N,061 22.861900 W,2.2,52.8,A,DoorSpread,DoorMaster,5.570000,D,S,98261.000000
Sun Jul 24 11:23:02 2016,24-Jul-2016,142321,47 54.255500 N,061 22.861100 W,2.2,53.1,A,DoorSpread,DoorMaster,5.570000,D,S,98261.000000
Sun Jul 24 11:23:02 2016,24-Jul-2016,142322,47 54.255900 N,061 22.860300 W,2.2,52.8,A,DoorSpread,DoorMaster,5.570000,D,S,98261.000000
Sun Jul 24 11:23:02 2016,24-Jul-2016,142323,47 54.256300 N,061 22.859700 W,2.2,52.0,A,DoorSpread,DoorMaster,5.570000,D,S,98261.000000
Sun Jul 24 11:23:24 2016,24-Jul-2016,142324,47 54.256700 N,061 22.859100 W,2.2,50.3,A,DoorSpread,DoorMaster,6.655000,D,S,79621.000000
Sun Jul 24 11:23:24 2016,24-Jul-2016,142325,47 54.257100 N,061 22.858500 W,2.2,49.2,A,DoorSpread,DoorMaster,6.655000,D,S,79621.000000
Sun Jul 24 11:23:24 2016,24-Jul-2016,142326,47 54.257500 N,061 22.857600 W,2.3,50.7,A,DoorSpread,DoorMaster,6.655000,D,S,79621.000000
Sun Jul 24 11:23:24 2016,24-Jul-2016,142327,47 54.257800 N,061 22.856600 W,2.3,53.6,A,DoorSpread,DoorMaster,6.655000,D,S,79621.000000
Sun Jul 24 11:23:24 2016,24-Jul-2016,142328,47 54.258200 N,061 22.855700 W,2.3,54.3,A,DoorSpread,DoorMaster,6.655000,D,S,79621.000000
Sun Jul 24 11:23:24 2016,24-Jul-2016,142329,47 54.258700 N,061 22.855200 W,2.3,51.5,A,DoorSpread,DoorMaster,6.655000,D,S,79621.000000
Sun Jul 24 11:23:29 2016,24-Jul-2016,142330,47 54.259200 N,061 22.854800 W,2.3,49.0,A,Primary,Headline,2.346939,D,S,109525.000000
Sun Jul 24 11:23:29 2016,24-Jul-2016,142331,47 54.259500 N,061 22.854100 W,2.3,50.0,A,Primary,Headline,2.346939,D,S,109525.000000
Sun Jul 24 11:23:29 2016,24-Jul-2016,142332,47 54.259800 N,061 22.853100 W,2.3,52.7,A,Primary,Headline,2.346939,D,S,109525.000000
Sun Jul 24 11:23:29 2016,24-Jul-2016,142333,47 54.260100 N,061 22.852200 W,2.3,53.9,A,Primary,Headline,2.346939,D,S,109525.000000
Sun Jul 24 11:23:29 2016,24-Jul-2016,142334,47 54.260500 N,061 22.851500 W,2.3,53.4,A,Primary,Headline,2.346939,D,S,109525.000000
Sun Jul 24 11:23:29 2016,24-Jul-2016,142335,47 54.260800 N,061 22.851000 W,2.2,52.4,A,Primary,Headline,2.346939,D,S,109525.000000
Sun Jul 24 11:23:29 2016,24-Jul-2016,142336,47 54.261100 N,061 22.850400 W,2.2,51.9,A,Primary,Headline,2.346939,D,S,109525.000000
Sun Jul 24 11:23:29 2016,24-Jul-2016,142337,47 54.261500 N,061 22.849600 W,2.2,52.4,A,Primary,Headline,2.346939,D,S,109525.000000
Sun Jul 24 11:23:29 2016,24-Jul-2016,142338,47 54.261800 N,061 22.848800 W,2.2,54.0,A,Primary,Headline,2.346939,D,S,109525.000000
Sun Jul 24 11:23:29 2016,24-Jul-2016,142339,47 54.262000 N,061 22.848100 W,2.2,55.3,A,Primary,Headline,2.346939,D,S,109525.000000
Sun Jul 24 11:23:29 2016,24-Jul-2016,142340,47 54.262400 N,061 22.847500 W,2.1,55.2,A,Primary,Headline,2.346939,D,S,109525.000000
Sun Jul 24 11:23:29 2016,24-Jul-2016,142341,47 54.262800 N,061 22.846900 W,2.1,54.8,A,Primary,Headline,2.346939,D,S,109525.000000
Sun Jul 24 11:23:29 2016,24-Jul-2016,142342,47 54.263000 N,061 22.846200 W,2.1,55.6,A,Primary,Headline,2.346939,D,S,109525.000000
Sun Jul 24 11:23:29 2016,24-Jul-2016,142343,47 54.263200 N,061 22.845500 W,2.0,57.1,A,Primary,Headline,2.346939,D,S,109525.000000
Sun Jul 24 11:23:29 2016,24-Jul-2016,142344,47 54.263500 N,061 22.844800 W,2.0,57.1,A,Primary,Headline,2.346939,D,S,109525.000000
Sun Jul 24 11:23:45 2016,24-Jul-2016,142345,47 54.263900 N,061 22.844200 W,2.0,56.4,A,Primary,Headline,2.183673,D,S,60544.000000
Sun Jul 24 11:23:45 2016,24-Jul-2016,142346,47 54.264100 N,061 22.843500 W,2.0,57.0,A,Primary,Headline,2.183673,D,S,60544.000000
Sun Jul 24 11:23:45 2016,24-Jul-2016,142347,47 54.264400 N,061 22.842800 W,2.0,58.3,A,Primary,Headline,2.183673,D,S,60544.000000
Sun Jul 24 11:23:45 2016,24-Jul-2016,142348,47 54.264700 N,061 22.842000 W,2.0,58.7,A,Primary,Headline,2.183673,D,S,60544.000000
Sun Jul 24 11:23:45 2016,24-Jul-2016,142349,47 54.265000 N,061 22.841300 W,2.0,58.1,A,Primary,Headline,2.183673,D,S,60544.000000
Sun Jul 24 11:23:45 2016,24-Jul-2016,142350,47 54.265300 N,061 22.840700 W,1.9,57.0,A,Primary,Headline,2.183673,D,S,60544.000000
Sun Jul 24 11:23:45 2016,24-Jul-2016,142351,47 54.265600 N,061 22.840100 W,1.9,56.7,A,Primary,Headline,2.183673,D,S,60544.000000
Sun Jul 24 11:23:45 2016,24-Jul-2016,142352,47 54.265900 N,061 22.839300 W,1.9,57.6,A,Primary,Headline,2.183673,D,S,60544.000000
Sun Jul 24 11:23:45 2016,24-Jul-2016,142353,47 54.266200 N,061 22.838500 W,2.0,59.1,A,Primary,Headline,2.183673,D,S,60544.000000
Sun Jul 24 11:23:45 2016,24-Jul-2016,142354,47 54.266500 N,061 22.837700 W,2.0,59.1,A,Primary,Headline,2.183673,D,S,60544.000000
Sun Jul 24 11:23:45 2016,24-Jul-2016,142355,47 54.266800 N,061 22.837000 W,2.0,57.7,A,Primary,Headline,2.183673,D,S,60544.000000
Sun Jul 24 11:23:45 2016,24-Jul-2016,142356,47 54.267200 N,061 22.836400 W,2.0,56.5,A,Primary,Headline,2.183673,D,S,60544.000000
Sun Jul 24 11:23:45 2016,24-Jul-2016,142357,47 54.267500 N,061 22.835600 W,2.0,56.9,A,Primary,Headline,2.183673,D,S,60544.000000
Sun Jul 24 11:23:45 2016,24-Jul-2016,142358,47 54.267800 N,061 22.834700 W,2.0,58.0,A,Primary,Headline,2.183673,D,S,60544.000000
Sun Jul 24 11:23:45 2016,24-Jul-2016,142359,47 54.268200 N,061 22.833900 W,2.1,58.0,A,Primary,Headline,2.183673,D,S,60544.000000
Sun Jul 24 11:23:45 2016,24-Jul-2016,142400,47 54.268600 N,061 22.833200 W,2.1,57.1,A,Primary,Headline,2.183673,D,S,60544.000000
Sun Jul 24 11:23:45 2016,24-Jul-2016,142401,47 54.268900 N,061 22.832600 W,2.1,55.5,A,Primary,Headline,2.183673,D,S,60544.000000
Sun Jul 24 11:23:45 2016,24-Jul-2016,142402,47 54.269400 N,061 22.831900 W,2.1,53.7,A,Primary,Headline,2.183673,D,S,60544.000000
Sun Jul 24 11:23:45 2016,24-Jul-2016,142403,47 54.269800 N,061 22.831100 W,2.1,53.5,A,Primary,Headline,2.183673,D,S,60544.000000
Sun Jul 24 11:24:03 2016,24-Jul-2016,142404,47 54.270100 N,061 22.830300 W,2.1,54.8,A,DoorSpread,DoorMaster,0.565000,D,S,85049.000000
Sun Jul 24 11:24:03 2016,24-Jul-2016,142405,47 54.270500 N,061 22.829400 W,2.2,55.7,A,DoorSpread,DoorMaster,0.565000,D,S,85049.000000
Sun Jul 24 11:24:03 2016,24-Jul-2016,142406,47 54.270900 N,061 22.828600 W,2.2,54.5,A,DoorSpread,DoorMaster,0.565000,D,S,85049.000000
Sun Jul 24 11:24:03 2016,24-Jul-2016,142407,47 54.271400 N,061 22.828000 W,2.2,53.1,A,DoorSpread,DoorMaster,0.565000,D,S,85049.000000
Sun Jul 24 11:24:03 2016,24-Jul-2016,142408,47 54.271700 N,061 22.827200 W,2.2,53.4,A,DoorSpread,DoorMaster,0.565000,D,S,85049.000000
Sun Jul 24 11:24:03 2016,24-Jul-2016,142409,47 54.272100 N,061 22.826300 W,2.3,54.1,A,DoorSpread,DoorMaster,0.565000,D,S,85049.000000
Sun Jul 24 11:24:03 2016,24-Jul-2016,142410,47 54.272500 N,061 22.825400 W,2.3,54.6,A,DoorSpread,DoorMaster,0.565000,D,S,85049.000000
Sun Jul 24 11:24:03 2016,24-Jul-2016,142411,47 54.272900 N,061 22.824700 W,2.3,54.5,A,DoorSpread,DoorMaster,0.565000,D,S,85049.000000
Sun Jul 24 11:24:03 2016,24-Jul-2016,142412,47 54.273300 N,061 22.823900 W,2.3,54.5,A,DoorSpread,DoorMaster,0.565000,D,S,85049.000000
Sun Jul 24 11:24:03 2016,24-Jul-2016,142413,47 54.273600 N,061 22.823100 W,2.3,55.3,A,DoorSpread,DoorMaster,0.565000,D,S,85049.000000
Sun Jul 24 11:24:03 2016,24-Jul-2016,142414,47 54.274000 N,061 22.822400 W,2.3,55.5,A,DoorSpread,DoorMaster,0.565000,D,S,85049.000000
Sun Jul 24 11:24:03 2016,24-Jul-2016,142415,47 54.274300 N,061 22.821700 W,2.2,54.4,A,DoorSpread,DoorMaster,0.565000,D,S,85049.000000
Sun Jul 24 11:24:03 2016,24-Jul-2016,142416,47 54.274800 N,061 22.821000 W,2.2,53.6,A,DoorSpread,DoorMaster,0.565000,D,S,85049.000000
Sun Jul 24 11:24:03 2016,24-Jul-2016,142417,47 54.275100 N,061 22.820200 W,2.2,55.3,A,DoorSpread,DoorMaster,0.565000,D,S,85049.000000
Sun Jul 24 11:24:03 2016,24-Jul-2016,142418,47 54.275300 N,061 22.819200 W,2.2,58.2,A,DoorSpread,DoorMaster,0.565000,D,S,85049.000000
Sun Jul 24 11:24:03 2016,24-Jul-2016,142419,47 54.275700 N,061 22.818400 W,2.2,58.5,A,DoorSpread,DoorMaster,0.565000,D,S,85049.000000
Sun Jul 24 11:24:03 2016,24-Jul-2016,142420,47 54.276100 N,061 22.817800 W,2.2,56.6,A,DoorSpread,DoorMaster,0.565000,D,S,85049.000000
Sun Jul 24 11:24:03 2016,24-Jul-2016,142421,47 54.276500 N,061 22.817200 W,2.1,55.6,A,DoorSpread,DoorMaster,0.565000,D,S,85049.000000
Sun Jul 24 11:24:03 2016,24-Jul-2016,142422,47 54.276700 N,061 22.816400 W,2.1,56.7,A,DoorSpread,DoorMaster,0.565000,D,S,85049.000000
Sun Jul 24 11:24:03 2016,24-Jul-2016,142423,47 54.277000 N,061 22.815500 W,2.2,58.7,A,DoorSpread,DoorMaster,0.565000,D,S,85049.000000
Sun Jul 24 11:24:03 2016,24-Jul-2016,142424,47 54.277300 N,061 22.814700 W,2.2,59.5,A,DoorSpread,DoorMaster,0.565000,D,S,85049.000000
Sun Jul 24 11:24:03 2016,24-Jul-2016,142425,47 54.277600 N,061 22.814000 W,2.1,59.0,A,DoorSpread,DoorMaster,0.565000,D,S,85049.000000
Sun Jul 24 11:24:03 2016,24-Jul-2016,142426,47 54.277900 N,061 22.813400 W,2.1,58.6,A,DoorSpread,DoorMaster,0.565000,D,S,85049.000000
Sun Jul 24 11:24:03 2016,24-Jul-2016,142427,47 54.278200 N,061 22.812500 W,2.1,58.9,A,DoorSpread,DoorMaster,0.565000,D,S,85049.000000
Sun Jul 24 11:24:03 2016,24-Jul-2016,142428,47 54.278500 N,061 22.811700 W,2.1,59.3,A,DoorSpread,DoorMaster,0.565000,D,S,85049.000000
Sun Jul 24 11:24:03 2016,24-Jul-2016,142429,47 54.278700 N,061 22.811100 W,2.1,59.0,A,DoorSpread,DoorMaster,0.565000,D,S,85049.000000
Sun Jul 24 11:24:03 2016,24-Jul-2016,142430,47 54.279100 N,061 22.810400 W,2.1,58.6,A,DoorSpread,DoorMaster,0.565000,D,S,85049.000000
Sun Jul 24 11:24:03 2016,24-Jul-2016,142431,47 54.279400 N,061 22.809600 W,2.1,59.2,A,DoorSpread,DoorMaster,0.565000,D,S,85049.000000
Sun Jul 24 11:24:03 2016,24-Jul-2016,142432,47 54.279700 N,061 22.808900 W,2.1,59.8,A,DoorSpread,DoorMaster,0.565000,D,S,85049.000000
Sun Jul 24 11:24:03 2016,24-Jul-2016,142433,47 54.280000 N,061 22.808100 W,2.1,59.8,A,DoorSpread,DoorMaster,0.565000,D,S,85049.000000
Sun Jul 24 11:24:03 2016,24-Jul-2016,142434,47 54.280300 N,061 22.807400 W,2.1,59.1,A,DoorSpread,DoorMaster,0.565000,D,S,85049.000000
Sun Jul 24 11:24:03 2016,24-Jul-2016,142435,47 54.280700 N,061 22.806800 W,2.0,58.1,A,DoorSpread,DoorMaster,0.565000,D,S,85049.000000
Sun Jul 24 11:24:03 2016,24-Jul-2016,142436,47 54.281000 N,061 22.806200 W,2.0,57.2,A,DoorSpread,DoorMaster,0.565000,D,S,85049.000000
Sun Jul 24 11:24:03 2016,24-Jul-2016,142437,47 54.281300 N,061 22.805400 W,2.0,57.4,A,DoorSpread,DoorMaster,0.565000,D,S,85049.000000
Sun Jul 24 11:24:03 2016,24-Jul-2016,142438,47 54.281600 N,061 22.804600 W,2.1,58.4,A,DoorSpread,DoorMaster,0.565000,D,S,85049.000000
Sun Jul 24 11:24:03 2016,24-Jul-2016,142439,47 54.281900 N,061 22.804000 W,2.0,58.4,A,DoorSpread,DoorMaster,0.565000,D,S,85049.000000
Sun Jul 24 11:24:40 2016,24-Jul-2016,142440,47 54.282300 N,061 22.803400 W,2.0,57.2,A,Primary,Headline,3.285714,D,S,104644.000000
Sun Jul 24 11:24:40 2016,24-Jul-2016,142441,47 54.282600 N,061 22.802800 W,2.0,55.9,A,Primary,Headline,3.285714,D,S,104644.000000
Sun Jul 24 11:24:40 2016,24-Jul-2016,142442,47 54.283000 N,061 22.802000 W,2.0,56.1,A,Primary,Headline,3.285714,D,S,104644.000000
Sun Jul 24 11:24:40 2016,24-Jul-2016,142443,47 54.283300 N,061 22.801300 W,2.0,57.5,A,Primary,Headline,3.285714,D,S,104644.000000
Sun Jul 24 11:24:43 2016,24-Jul-2016,142444,47 54.283600 N,061 22.800500 W,2.0,58.5,A,DoorSpread,DoorMaster,8.000000,D,S,117443.000000
Sun Jul 24 11:24:45 2016,24-Jul-2016,142445,47 54.283900 N,061 22.799800 W,2.1,58.1,A,Primary,Headline,0.000000,D,S,111177.000000
Sun Jul 24 11:24:45 2016,24-Jul-2016,142446,47 54.284300 N,061 22.799100 W,2.1,57.1,A,Primary,Headline,0.000000,D,S,111177.000000
Sun Jul 24 11:24:45 2016,24-Jul-2016,142447,47 54.284700 N,061 22.798500 W,2.1,56.9,A,Primary,Headline,0.000000,D,S,111177.000000
Sun Jul 24 11:24:45 2016,24-Jul-2016,142448,47 54.285000 N,061 22.797600 W,2.1,58.0,A,Primary,Headline,0.000000,D,S,111177.000000
Sun Jul 24 11:24:49 2016,24-Jul-2016,142449,47 54.285300 N,061 22.796800 W,2.1,58.2,A,DoorSpread,DoorMaster,9.395000,D,S,77575.000000
Sun Jul 24 11:24:50 2016,24-Jul-2016,142450,47 54.285700 N,061 22.796200 W,2.1,57.5,A,Primary,Headline,2.428571,D,S,82684.000000
Sun Jul 24 11:24:50 2016,24-Jul-2016,142451,47 54.286100 N,061 22.795500 W,2.1,57.2,A,Primary,Headline,2.428571,D,S,82684.000000
Sun Jul 24 11:24:50 2016,24-Jul-2016,142452,47 54.286300 N,061 22.794700 W,2.1,58.4,A,Primary,Headline,2.428571,D,S,82684.000000
Sun Jul 24 11:24:50 2016,24-Jul-2016,142453,47 54.286600 N,061 22.793800 W,2.2,59.6,A,Primary,Headline,2.428571,D,S,82684.000000
Sun Jul 24 11:24:50 2016,24-Jul-2016,142454,47 54.287000 N,061 22.793000 W,2.2,60.0,A,Primary,Headline,2.428571,D,S,82684.000000
Sun Jul 24 11:24:55 2016,24-Jul-2016,142455,47 54.287300 N,061 22.792300 W,2.2,60.2,A,DoorSpread,DoorMaster,8.165000,D,S,103086.000000
Sun Jul 24 11:24:55 2016,24-Jul-2016,142456,47 54.287600 N,061 22.791500 W,2.2,60.5,A,DoorSpread,DoorMaster,8.165000,D,S,103086.000000
Sun Jul 24 11:24:55 2016,24-Jul-2016,142457,47 54.287900 N,061 22.790700 W,2.2,60.3,A,DoorSpread,DoorMaster,8.165000,D,S,103086.000000
Sun Jul 24 11:24:55 2016,24-Jul-2016,142458,47 54.288200 N,061 22.790000 W,2.2,60.0,A,DoorSpread,DoorMaster,8.165000,D,S,103086.000000
Sun Jul 24 11:24:55 2016,24-Jul-2016,142459,47 54.288500 N,061 22.789200 W,2.2,60.4,A,DoorSpread,DoorMaster,8.165000,D,S,103086.000000
Sun Jul 24 11:24:55 2016,24-Jul-2016,142500,47 54.288700 N,061 22.788300 W,2.2,62.6,A,DoorSpread,DoorMaster,8.165000,D,S,103086.000000
Sun Jul 24 11:25:01 2016,24-Jul-2016,142501,47 54.289000 N,061 22.787400 W,2.2,63.7,A,DoorSpread,DoorMaster,8.980000,D,S,195052.000000
Sun Jul 24 11:25:01 2016,24-Jul-2016,142502,47 54.289300 N,061 22.786600 W,2.2,62.5,A,DoorSpread,DoorMaster,8.980000,D,S,195052.000000
Sun Jul 24 11:25:01 2016,24-Jul-2016,142503,47 54.289700 N,061 22.785900 W,2.2,60.9,A,DoorSpread,DoorMaster,8.980000,D,S,195052.000000
Sun Jul 24 11:25:01 2016,24-Jul-2016,142504,47 54.290000 N,061 22.785200 W,2.2,61.2,A,DoorSpread,DoorMaster,8.980000,D,S,195052.000000
Sun Jul 24 11:25:01 2016,24-Jul-2016,142505,47 54.290200 N,061 22.784300 W,2.2,62.7,A,DoorSpread,DoorMaster,8.980000,D,S,195052.000000
Sun Jul 24 11:25:01 2016,24-Jul-2016,142506,47 54.290400 N,061 22.783400 W,2.2,64.1,A,DoorSpread,DoorMaster,8.980000,D,S,195052.000000
Sun Jul 24 11:25:06 2016,24-Jul-2016,142507,47 54.290700 N,061 22.782500 W,2.2,64.3,A,DoorSpread,DoorMaster,7.820000,D,S,99579.000000
Sun Jul 24 11:25:06 2016,24-Jul-2016,142508,47 54.291000 N,061 22.781700 W,2.2,63.9,A,DoorSpread,DoorMaster,7.820000,D,S,99579.000000
Sun Jul 24 11:25:06 2016,24-Jul-2016,142509,47 54.291300 N,061 22.780900 W,2.2,63.3,A,DoorSpread,DoorMaster,7.820000,D,S,99579.000000
Sun Jul 24 11:25:06 2016,24-Jul-2016,142510,47 54.291700 N,061 22.780100 W,2.2,62.5,A,DoorSpread,DoorMaster,7.820000,D,S,99579.000000
Sun Jul 24 11:25:06 2016,24-Jul-2016,142511,47 54.292000 N,061 22.779400 W,2.2,62.2,A,DoorSpread,DoorMaster,7.820000,D,S,99579.000000
Sun Jul 24 11:25:12 2016,24-Jul-2016,142512,47 54.292300 N,061 22.778500 W,2.2,63.3,A,DoorSpread,DoorMaster,8.420000,D,S,81894.000000
Sun Jul 24 11:25:12 2016,24-Jul-2016,142513,47 54.292500 N,061 22.777500 W,2.2,64.9,A,DoorSpread,DoorMaster,8.420000,D,S,81894.000000
Sun Jul 24 11:25:12 2016,24-Jul-2016,142514,47 54.292800 N,061 22.776700 W,2.2,64.6,A,DoorSpread,DoorMaster,8.420000,D,S,81894.000000
Sun Jul 24 11:25:12 2016,24-Jul-2016,142515,47 54.293100 N,061 22.776100 W,2.2,62.6,A,DoorSpread,DoorMaster,8.420000,D,S,81894.000000
Sun Jul 24 11:25:12 2016,24-Jul-2016,142516,47 54.293500 N,061 22.775300 W,2.2,61.3,A,DoorSpread,DoorMaster,8.420000,D,S,81894.000000
Sun Jul 24 11:25:12 2016,24-Jul-2016,142517,47 54.293700 N,061 22.774500 W,2.2,62.3,A,DoorSpread,DoorMaster,8.420000,D,S,81894.000000
Sun Jul 24 11:25:18 2016,24-Jul-2016,142518,47 54.293900 N,061 22.773500 W,2.2,64.3,A,DoorSpread,DoorMaster,7.730000,D,S,90544.000000
Sun Jul 24 11:25:18 2016,24-Jul-2016,142519,47 54.294200 N,061 22.772600 W,2.2,64.8,A,DoorSpread,DoorMaster,7.730000,D,S,90544.000000
Sun Jul 24 11:25:18 2016,24-Jul-2016,142520,47 54.294500 N,061 22.771900 W,2.2,63.5,A,DoorSpread,DoorMaster,7.730000,D,S,90544.000000
Sun Jul 24 11:25:18 2016,24-Jul-2016,142521,47 54.294900 N,061 22.771200 W,2.2,61.9,A,DoorSpread,DoorMaster,7.730000,D,S,90544.000000
Sun Jul 24 11:25:18 2016,24-Jul-2016,142522,47 54.295100 N,061 22.770400 W,2.1,62.1,A,DoorSpread,DoorMaster,7.730000,D,S,90544.000000
Sun Jul 24 11:25:23 2016,24-Jul-2016,142523,47 54.295300 N,061 22.769500 W,2.2,64.0,A,Depth,Depth,56.018519,D,S,68755.000000
Sun Jul 24 11:25:23 2016,24-Jul-2016,142524,47 54.295600 N,061 22.768500 W,2.2,64.6,A,DoorSpread,DoorMaster,8.065000,D,S,113307.000000
Sun Jul 24 11:25:23 2016,24-Jul-2016,142525,47 54.296000 N,061 22.767800 W,2.2,63.2,A,DoorSpread,DoorMaster,8.065000,D,S,113307.000000
Sun Jul 24 11:25:23 2016,24-Jul-2016,142526,47 54.296300 N,061 22.767200 W,2.2,61.9,A,DoorSpread,DoorMaster,8.065000,D,S,113307.000000
Sun Jul 24 11:25:23 2016,24-Jul-2016,142527,47 54.296500 N,061 22.766400 W,2.1,61.9,A,DoorSpread,DoorMaster,8.065000,D,S,113307.000000
Sun Jul 24 11:25:23 2016,24-Jul-2016,142528,47 54.296800 N,061 22.765500 W,2.2,62.3,A,DoorSpread,DoorMaster,8.065000,D,S,113307.000000
Sun Jul 24 11:25:29 2016,24-Jul-2016,142529,47 54.297100 N,061 22.764700 W,2.2,63.1,A,DoorSpread,DoorMaster,7.775000,D,S,85682.000000
Sun Jul 24 11:25:30 2016,24-Jul-2016,142530,47 54.297400 N,061 22.763900 W,2.2,63.6,A,Depth,Depth,57.592593,D,S,113301.000000
Sun Jul 24 11:25:30 2016,24-Jul-2016,142531,47 54.297700 N,061 22.763100 W,2.2,62.8,A,Depth,Depth,57.592593,D,S,113301.000000
Sun Jul 24 11:25:30 2016,24-Jul-2016,142532,47 54.298000 N,061 22.762400 W,2.2,62.1,A,Depth,Depth,57.592593,D,S,113301.000000
Sun Jul 24 11:25:30 2016,24-Jul-2016,142533,47 54.298200 N,061 22.761500 W,2.2,62.7,A,Depth,Depth,57.592593,D,S,113301.000000
Sun Jul 24 11:25:30 2016,24-Jul-2016,142534,47 54.298500 N,061 22.760700 W,2.2,63.2,A,Depth,Depth,57.592593,D,S,113301.000000
Sun Jul 24 11:25:34 2016,24-Jul-2016,142535,47 54.298800 N,061 22.759900 W,2.2,62.8,A,DoorSpread,DoorMaster,2.390000,D,S,86445.000000
Sun Jul 24 11:25:34 2016,24-Jul-2016,142536,47 54.299100 N,061 22.759200 W,2.2,62.4,A,DoorSpread,DoorMaster,2.390000,D,S,86445.000000
Sun Jul 24 11:25:34 2016,24-Jul-2016,142537,47 54.299300 N,061 22.758400 W,2.2,63.0,A,DoorSpread,DoorMaster,2.390000,D,S,86445.000000
Sun Jul 24 11:25:34 2016,24-Jul-2016,142538,47 54.299600 N,061 22.757500 W,2.2,63.2,A,DoorSpread,DoorMaster,2.390000,D,S,86445.000000
Sun Jul 24 11:25:34 2016,24-Jul-2016,142539,47 54.299900 N,061 22.756700 W,2.2,63.1,A,DoorSpread,DoorMaster,2.390000,D,S,86445.000000
Sun Jul 24 11:25:40 2016,24-Jul-2016,142540,47 54.300200 N,061 22.755900 W,2.2,63.4,A,Primary,Headline,2.489796,D,S,77092.000000
Sun Jul 24 11:25:40 2016,24-Jul-2016,142541,47 54.300500 N,061 22.755200 W,2.2,63.0,A,Primary,Headline,2.489796,D,S,77092.000000
Sun Jul 24 11:25:40 2016,24-Jul-2016,142542,47 54.300800 N,061 22.754400 W,2.2,62.6,A,Primary,Headline,2.489796,D,S,77092.000000
Sun Jul 24 11:25:40 2016,24-Jul-2016,142543,47 54.301000 N,061 22.753600 W,2.2,63.0,A,Primary,Headline,2.489796,D,S,77092.000000
Sun Jul 24 11:25:40 2016,24-Jul-2016,142544,47 54.301300 N,061 22.752800 W,2.2,63.9,A,Primary,Headline,2.489796,D,S,77092.000000
Sun Jul 24 11:25:45 2016,24-Jul-2016,142545,47 54.301500 N,061 22.751900 W,2.2,64.0,A,Primary,Headline,0.816327,D,S,100526.000000
Sun Jul 24 11:25:45 2016,24-Jul-2016,142546,47 54.301800 N,061 22.751200 W,2.2,63.6,A,Primary,Headline,0.816327,D,S,100526.000000
Sun Jul 24 11:25:45 2016,24-Jul-2016,142547,47 54.302100 N,061 22.750400 W,2.2,63.4,A,Primary,Headline,0.816327,D,S,100526.000000
Sun Jul 24 11:25:45 2016,24-Jul-2016,142548,47 54.302300 N,061 22.749600 W,2.2,63.8,A,Primary,Headline,0.816327,D,S,100526.000000
Sun Jul 24 11:25:45 2016,24-Jul-2016,142549,47 54.302600 N,061 22.748800 W,2.2,63.7,A,Primary,Headline,0.816327,D,S,100526.000000
Sun Jul 24 11:25:45 2016,24-Jul-2016,142550,47 54.302900 N,061 22.748000 W,2.2,63.3,A,Primary,Headline,0.816327,D,S,100526.000000
Sun Jul 24 11:25:50 2016,24-Jul-2016,142551,47 54.303200 N,061 22.747100 W,2.2,63.9,A,Primary,Headline,2.204082,D,S,102686.000000
Sun Jul 24 11:25:50 2016,24-Jul-2016,142552,47 54.303400 N,061 22.746200 W,2.2,65.1,A,Primary,Headline,2.204082,D,S,102686.000000
Sun Jul 24 11:25:50 2016,24-Jul-2016,142553,47 54.303600 N,061 22.745300 W,2.2,65.3,A,Primary,Headline,2.204082,D,S,102686.000000
Sun Jul 24 11:25:50 2016,24-Jul-2016,142554,47 54.304000 N,061 22.744400 W,2.2,64.8,A,Primary,Headline,2.204082,D,S,102686.000000
Sun Jul 24 11:25:50 2016,24-Jul-2016,142555,47 54.304300 N,061 22.743700 W,2.2,64.4,A,Primary,Headline,2.204082,D,S,102686.000000
Sun Jul 24 11:25:50 2016,24-Jul-2016,142556,47 54.304500 N,061 22.742900 W,2.2,64.8,A,Primary,Headline,2.204082,D,S,102686.000000
Sun Jul 24 11:25:50 2016,24-Jul-2016,142557,47 54.304700 N,061 22.741900 W,2.2,66.5,A,Primary,Headline,2.204082,D,S,102686.000000
Sun Jul 24 11:25:50 2016,24-Jul-2016,142558,47 54.304900 N,061 22.741000 W,2.2,66.8,A,Primary,Headline,2.204082,D,S,102686.000000
Sun Jul 24 11:25:59 2016,24-Jul-2016,142559,47 54.305200 N,061 22.740300 W,2.2,65.6,A,Depth,Depth,58.148148,D,S,91409.000000
Sun Jul 24 11:25:59 2016,24-Jul-2016,142600,47 54.305500 N,061 22.739500 W,2.2,65.1,A,Depth,Depth,58.148148,D,S,91409.000000
Sun Jul 24 11:25:59 2016,24-Jul-2016,142601,47 54.305700 N,061 22.738600 W,2.2,65.8,A,Depth,Depth,58.148148,D,S,91409.000000
Sun Jul 24 11:25:59 2016,24-Jul-2016,142602,47 54.305900 N,061 22.737800 W,2.2,66.3,A,Depth,Depth,58.148148,D,S,91409.000000
Sun Jul 24 11:25:59 2016,24-Jul-2016,142603,47 54.306200 N,061 22.736900 W,2.2,66.2,A,Depth,Depth,58.148148,D,S,91409.000000
Sun Jul 24 11:25:59 2016,24-Jul-2016,142604,47 54.306500 N,061 22.736100 W,2.2,65.9,A,Depth,Depth,58.148148,D,S,91409.000000
Sun Jul 24 11:25:59 2016,24-Jul-2016,142605,47 54.306700 N,061 22.735300 W,2.2,65.8,A,Depth,Depth,58.148148,D,S,91409.000000
Sun Jul 24 11:25:59 2016,24-Jul-2016,142606,47 54.306900 N,061 22.734400 W,2.2,66.1,A,Depth,Depth,58.148148,D,S,91409.000000
Sun Jul 24 11:25:59 2016,24-Jul-2016,142607,47 54.307200 N,061 22.733500 W,2.2,66.6,A,Depth,Depth,58.148148,D,S,91409.000000
Sun Jul 24 11:25:59 2016,24-Jul-2016,142608,47 54.307400 N,061 22.732700 W,2.2,66.6,A,Depth,Depth,58.148148,D,S,91409.000000
Sun Jul 24 11:25:59 2016,24-Jul-2016,142609,47 54.307700 N,061 22.731900 W,2.2,65.9,A,Depth,Depth,58.148148,D,S,91409.000000
Sun Jul 24 11:25:59 2016,24-Jul-2016,142610,47 54.308000 N,061 22.731100 W,2.2,65.3,A,Depth,Depth,58.148148,D,S,91409.000000
Sun Jul 24 11:25:59 2016,24-Jul-2016,142611,47 54.308200 N,061 22.730300 W,2.2,65.7,A,Depth,Depth,58.148148,D,S,91409.000000
Sun Jul 24 11:25:59 2016,24-Jul-2016,142612,47 54.308400 N,061 22.729300 W,2.2,67.0,A,Depth,Depth,58.148148,D,S,91409.000000
Sun Jul 24 11:25:59 2016,24-Jul-2016,142613,47 54.308700 N,061 22.728300 W,2.2,67.3,A,Depth,Depth,58.148148,D,S,91409.000000
Sun Jul 24 11:26:14 2016,24-Jul-2016,142614,47 54.309000 N,061 22.727500 W,2.2,66.3,A,DoorSpread,DoorMaster,7.665000,D,S,94494.000000
Sun Jul 24 11:26:14 2016,24-Jul-2016,142615,47 54.309300 N,061 22.726800 W,2.2,64.8,A,DoorSpread,DoorMaster,7.665000,D,S,94494.000000
Sun Jul 24 11:26:14 2016,24-Jul-2016,142616,47 54.309600 N,061 22.726000 W,2.2,64.2,A,DoorSpread,DoorMaster,7.665000,D,S,94494.000000
Sun Jul 24 11:26:14 2016,24-Jul-2016,142617,47 54.309800 N,061 22.725100 W,2.2,65.7,A,DoorSpread,DoorMaster,7.665000,D,S,94494.000000
Sun Jul 24 11:26:14 2016,24-Jul-2016,142618,47 54.309900 N,061 22.724100 W,2.2,67.6,A,DoorSpread,DoorMaster,7.665000,D,S,94494.000000
Sun Jul 24 11:26:14 2016,24-Jul-2016,142619,47 54.310200 N,061 22.723200 W,2.2,67.4,A,DoorSpread,DoorMaster,7.665000,D,S,94494.000000
Sun Jul 24 11:26:20 2016,24-Jul-2016,142620,47 54.310500 N,061 22.722400 W,2.2,65.9,A,DoorSpread,DoorMaster,8.085000,D,S,91453.000000
Sun Jul 24 11:26:20 2016,24-Jul-2016,142621,47 54.310800 N,061 22.721600 W,2.2,65.1,A,DoorSpread,DoorMaster,8.085000,D,S,91453.000000
Sun Jul 24 11:26:20 2016,24-Jul-2016,142622,47 54.311000 N,061 22.720800 W,2.2,65.2,A,DoorSpread,DoorMaster,8.085000,D,S,91453.000000
Sun Jul 24 11:26:20 2016,24-Jul-2016,142623,47 54.311300 N,061 22.720000 W,2.2,65.4,A,DoorSpread,DoorMaster,8.085000,D,S,91453.000000
Sun Jul 24 11:26:20 2016,24-Jul-2016,142624,47 54.311500 N,061 22.719100 W,2.2,66.0,A,DoorSpread,DoorMaster,8.085000,D,S,91453.000000
Sun Jul 24 11:26:20 2016,24-Jul-2016,142625,47 54.311700 N,061 22.718200 W,2.2,67.3,A,DoorSpread,DoorMaster,8.085000,D,S,91453.000000
Sun Jul 24 11:26:20 2016,24-Jul-2016,142626,47 54.311900 N,061 22.717300 W,2.2,68.1,A,DoorSpread,DoorMaster,8.085000,D,S,91453.000000
Sun Jul 24 11:26:20 2016,24-Jul-2016,142627,47 54.312200 N,061 22.716500 W,2.2,67.1,A,DoorSpread,DoorMaster,8.085000,D,S,91453.000000
Sun Jul 24 11:26:20 2016,24-Jul-2016,142628,47 54.312500 N,061 22.715800 W,2.2,65.3,A,DoorSpread,DoorMaster,8.085000,D,S,91453.000000
Sun Jul 24 11:26:20 2016,24-Jul-2016,142629,47 54.312800 N,061 22.715100 W,2.1,64.7,A,DoorSpread,DoorMaster,8.085000,D,S,91453.000000
Sun Jul 24 11:26:20 2016,24-Jul-2016,142630,47 54.313000 N,061 22.714200 W,2.2,66.1,A,DoorSpread,DoorMaster,8.085000,D,S,91453.000000
Sun Jul 24 11:26:30 2016,24-Jul-2016,142631,47 54.313200 N,061 22.713200 W,2.2,67.8,A,Primary,Headline,1.285714,D,S,91505.000000
Sun Jul 24 11:26:30 2016,24-Jul-2016,142632,47 54.313400 N,061 22.712300 W,2.2,68.7,A,Primary,Headline,1.285714,D,S,91505.000000
Sun Jul 24 11:26:30 2016,24-Jul-2016,142633,47 54.313600 N,061 22.711500 W,2.2,67.9,A,Primary,Headline,1.285714,D,S,91505.000000
Sun Jul 24 11:26:30 2016,24-Jul-2016,142634,47 54.313900 N,061 22.710800 W,2.2,66.6,A,Primary,Headline,1.285714,D,S,91505.000000
Sun Jul 24 11:26:30 2016,24-Jul-2016,142635,47 54.314200 N,061 22.710000 W,2.2,66.0,A,Primary,Headline,1.285714,D,S,91505.000000
Sun Jul 24 11:26:35 2016,24-Jul-2016,142636,47 54.314400 N,061 22.709200 W,2.2,65.8,A,Primary,Headline,3.040816,D,S,63415.000000
Sun Jul 24 11:26:35 2016,24-Jul-2016,142637,47 54.314600 N,061 22.708300 W,2.2,66.4,A,Primary,Headline,3.040816,D,S,63415.000000
Sun Jul 24 11:26:35 2016,24-Jul-2016,142638,47 54.314800 N,061 22.707300 W,2.2,68.5,A,Primary,Headline,3.040816,D,S,63415.000000
Sun Jul 24 11:26:35 2016,24-Jul-2016,142639,47 54.314900 N,061 22.706300 W,2.3,69.7,A,Primary,Headline,3.040816,D,S,63415.000000
Sun Jul 24 11:26:35 2016,24-Jul-2016,142640,47 54.315200 N,061 22.705600 W,2.2,67.8,A,Primary,Headline,3.040816,D,S,63415.000000
Sun Jul 24 11:26:41 2016,24-Jul-2016,142641,47 54.315600 N,061 22.704900 W,2.2,65.3,A,Primary,Headline,1.102041,D,S,69789.000000
Sun Jul 24 11:26:41 2016,24-Jul-2016,142642,47 54.315900 N,061 22.704200 W,2.2,64.8,A,Primary,Headline,1.102041,D,S,69789.000000
Sun Jul 24 11:26:41 2016,24-Jul-2016,142643,47 54.316000 N,061 22.703200 W,2.2,66.7,A,Primary,Headline,1.102041,D,S,69789.000000
Sun Jul 24 11:26:41 2016,24-Jul-2016,142644,47 54.316200 N,061 22.702100 W,2.2,68.7,A,Primary,Headline,1.102041,D,S,69789.000000
Sun Jul 24 11:26:41 2016,24-Jul-2016,142645,47 54.316400 N,061 22.701300 W,2.2,69.2,A,Primary,Headline,1.102041,D,S,69789.000000
Sun Jul 24 11:26:41 2016,24-Jul-2016,142646,47 54.316600 N,061 22.700500 W,2.2,67.9,A,Primary,Headline,1.102041,D,S,69789.000000
Sun Jul 24 11:26:41 2016,24-Jul-2016,142647,47 54.317000 N,061 22.699800 W,2.2,66.0,A,Primary,Headline,1.102041,D,S,69789.000000
Sun Jul 24 11:26:41 2016,24-Jul-2016,142648,47 54.317200 N,061 22.699000 W,2.2,65.5,A,Primary,Headline,1.102041,D,S,69789.000000
Sun Jul 24 11:26:41 2016,24-Jul-2016,142649,47 54.317400 N,061 22.698100 W,2.2,66.9,A,Primary,Headline,1.102041,D,S,69789.000000
Sun Jul 24 11:26:41 2016,24-Jul-2016,142650,47 54.317600 N,061 22.697100 W,2.2,68.7,A,Primary,Headline,1.102041,D,S,69789.000000
Sun Jul 24 11:26:41 2016,24-Jul-2016,142651,47 54.317800 N,061 22.696300 W,2.2,68.7,A,Primary,Headline,1.102041,D,S,69789.000000
Sun Jul 24 11:26:41 2016,24-Jul-2016,142652,47 54.318000 N,061 22.695600 W,2.2,67.5,A,Primary,Headline,1.102041,D,S,69789.000000
Sun Jul 24 11:26:41 2016,24-Jul-2016,142653,47 54.318400 N,061 22.694800 W,2.2,66.6,A,Primary,Headline,1.102041,D,S,69789.000000
Sun Jul 24 11:26:54 2016,24-Jul-2016,142654,47 54.318600 N,061 22.694000 W,2.2,66.4,A,DoorSpread,DoorMaster,7.635000,D,S,88824.000000
Sun Jul 24 11:26:54 2016,24-Jul-2016,142655,47 54.318800 N,061 22.693200 W,2.2,66.5,A,DoorSpread,DoorMaster,7.635000,D,S,88824.000000
Sun Jul 24 11:26:56 2016,24-Jul-2016,142656,47 54.319000 N,061 22.692300 W,2.2,67.2,A,Primary,Headline,2.367347,D,S,113060.000000
Sun Jul 24 11:26:56 2016,24-Jul-2016,142657,47 54.319200 N,061 22.691400 W,2.2,68.5,A,Primary,Headline,2.367347,D,S,113060.000000
Sun Jul 24 11:26:56 2016,24-Jul-2016,142658,47 54.319400 N,061 22.690600 W,2.2,68.9,A,Primary,Headline,2.367347,D,S,113060.000000
Sun Jul 24 11:26:56 2016,24-Jul-2016,142659,47 54.319600 N,061 22.689800 W,2.2,68.0,A,Primary,Headline,2.367347,D,S,113060.000000
Sun Jul 24 11:26:59 2016,24-Jul-2016,142700,47 54.319900 N,061 22.688900 W,2.2,67.6,A,DoorSpread,DoorMaster,8.035000,D,S,99458.000000
Sun Jul 24 11:26:59 2016,24-Jul-2016,142701,47 54.320100 N,061 22.688000 W,2.2,68.1,A,DoorSpread,DoorMaster,8.035000,D,S,99458.000000
Sun Jul 24 11:26:59 2016,24-Jul-2016,142702,47 54.320400 N,061 22.687200 W,2.2,68.3,A,DoorSpread,DoorMaster,8.035000,D,S,99458.000000
Sun Jul 24 11:26:59 2016,24-Jul-2016,142703,47 54.320600 N,061 22.686200 W,2.2,69.2,A,DoorSpread,DoorMaster,8.035000,D,S,99458.000000
Sun Jul 24 11:26:59 2016,24-Jul-2016,142704,47 54.320700 N,061 22.685200 W,2.3,70.4,A,DoorSpread,DoorMaster,8.035000,D,S,99458.000000
Sun Jul 24 11:27:05 2016,24-Jul-2016,142705,47 54.320900 N,061 22.684300 W,2.3,70.7,A,DoorSpread,DoorMaster,7.115000,D,S,119375.000000
Sun Jul 24 11:27:06 2016,24-Jul-2016,142706,47 54.321200 N,061 22.683500 W,2.3,69.7,A,Primary,Headline,6.448980,D,S,66176.000000
Sun Jul 24 11:27:06 2016,24-Jul-2016,142707,47 54.321500 N,061 22.682600 W,2.3,69.1,A,Primary,Headline,6.448980,D,S,66176.000000
Sun Jul 24 11:27:06 2016,24-Jul-2016,142708,47 54.321700 N,061 22.681700 W,2.3,69.5,A,Primary,Headline,6.448980,D,S,66176.000000
Sun Jul 24 11:27:06 2016,24-Jul-2016,142709,47 54.321900 N,061 22.680800 W,2.3,70.2,A,Primary,Headline,6.448980,D,S,66176.000000
Sun Jul 24 11:27:06 2016,24-Jul-2016,142710,47 54.322000 N,061 22.679800 W,2.3,71.3,A,Primary,Headline,6.448980,D,S,66176.000000
Sun Jul 24 11:27:11 2016,24-Jul-2016,142711,47 54.322200 N,061 22.678800 W,2.3,72.4,A,DoorSpread,DoorMaster,7.640000,D,S,89103.000000
Sun Jul 24 11:27:11 2016,24-Jul-2016,142712,47 54.322400 N,061 22.678000 W,2.3,72.0,A,DoorSpread,DoorMaster,7.640000,D,S,89103.000000
Sun Jul 24 11:27:11 2016,24-Jul-2016,142713,47 54.322700 N,061 22.677300 W,2.2,70.2,A,DoorSpread,DoorMaster,7.640000,D,S,89103.000000
Sun Jul 24 11:27:11 2016,24-Jul-2016,142714,47 54.323000 N,061 22.676500 W,2.2,68.6,A,DoorSpread,DoorMaster,7.640000,D,S,89103.000000
Sun Jul 24 11:27:11 2016,24-Jul-2016,142715,47 54.323100 N,061 22.675500 W,2.2,69.5,A,DoorSpread,DoorMaster,7.640000,D,S,89103.000000
Sun Jul 24 11:27:11 2016,24-Jul-2016,142716,47 54.323200 N,061 22.674500 W,2.3,72.6,A,DoorSpread,DoorMaster,7.640000,D,S,89103.000000
Sun Jul 24 11:27:16 2016,24-Jul-2016,142717,47 54.323300 N,061 22.673400 W,2.3,74.7,A,DoorSpread,DoorMaster,9.255000,D,S,66375.000000
Sun Jul 24 11:27:16 2016,24-Jul-2016,142718,47 54.323500 N,061 22.672600 W,2.3,73.1,A,DoorSpread,DoorMaster,9.255000,D,S,66375.000000
Sun Jul 24 11:27:16 2016,24-Jul-2016,142719,47 54.323900 N,061 22.672000 W,2.2,70.0,A,DoorSpread,DoorMaster,9.255000,D,S,66375.000000
Sun Jul 24 11:27:16 2016,24-Jul-2016,142720,47 54.324100 N,061 22.671200 W,2.2,68.9,A,DoorSpread,DoorMaster,9.255000,D,S,66375.000000
Sun Jul 24 11:27:16 2016,24-Jul-2016,142721,47 54.324200 N,061 22.670300 W,2.2,71.4,A,DoorSpread,DoorMaster,9.255000,D,S,66375.000000
Sun Jul 24 11:27:22 2016,24-Jul-2016,142722,47 54.324200 N,061 22.669200 W,2.3,74.7,A,DoorSpread,DoorMaster,6.410000,D,S,86489.000000
Sun Jul 24 11:27:22 2016,24-Jul-2016,142723,47 54.324400 N,061 22.668300 W,2.3,74.9,A,DoorSpread,DoorMaster,6.410000,D,S,86489.000000
Sun Jul 24 11:27:22 2016,24-Jul-2016,142724,47 54.324600 N,061 22.667600 W,2.2,73.0,A,DoorSpread,DoorMaster,6.410000,D,S,86489.000000
Sun Jul 24 11:27:22 2016,24-Jul-2016,142725,47 54.324800 N,061 22.666800 W,2.2,71.1,A,DoorSpread,DoorMaster,6.410000,D,S,86489.000000
Sun Jul 24 11:27:25 2016,24-Jul-2016,142726,47 54.324900 N,061 22.666000 W,2.2,71.2,A,Depth,Depth,53.240741,D,S,85699.000000
Sun Jul 24 11:27:25 2016,24-Jul-2016,142727,47 54.325000 N,061 22.665000 W,2.1,72.6,A,Depth,Depth,53.240741,D,S,85699.000000
Sun Jul 24 11:27:28 2016,24-Jul-2016,142728,47 54.325000 N,061 22.664100 W,2.1,74.2,A,DoorSpread,DoorMaster,7.810000,D,S,112725.000000
Sun Jul 24 11:27:28 2016,24-Jul-2016,142729,47 54.325000 N,061 22.663300 W,2.1,75.1,A,DoorSpread,DoorMaster,7.810000,D,S,112725.000000
Sun Jul 24 11:27:28 2016,24-Jul-2016,142730,47 54.325100 N,061 22.662400 W,2.1,76.0,A,DoorSpread,DoorMaster,7.810000,D,S,112725.000000
Sun Jul 24 11:27:31 2016,24-Jul-2016,142731,47 54.325200 N,061 22.661600 W,2.1,75.9,A,Primary,Headline,1.979592,D,S,129838.000000
Sun Jul 24 11:27:31 2016,24-Jul-2016,142732,47 54.325400 N,061 22.660800 W,2.1,74.4,A,Primary,Headline,1.979592,D,S,129838.000000
Sun Jul 24 11:27:33 2016,24-Jul-2016,142733,47 54.325600 N,061 22.660000 W,2.1,73.6,A,Depth,Depth,58.055556,D,S,96003.000000
Sun Jul 24 11:27:33 2016,24-Jul-2016,142734,47 54.325600 N,061 22.659200 W,2.1,74.7,A,DoorSpread,DoorMaster,8.225000,D,S,81182.000000
Sun Jul 24 11:27:33 2016,24-Jul-2016,142735,47 54.325700 N,061 22.658200 W,2.1,76.0,A,DoorSpread,DoorMaster,8.225000,D,S,81182.000000
Sun Jul 24 11:27:36 2016,24-Jul-2016,142736,47 54.325700 N,061 22.657200 W,2.2,77.2,A,Primary,Headline,3.265306,D,S,73570.000000
Sun Jul 24 11:27:36 2016,24-Jul-2016,142737,47 54.325700 N,061 22.656400 W,2.1,78.2,A,Primary,Headline,3.265306,D,S,73570.000000
Sun Jul 24 11:27:36 2016,24-Jul-2016,142738,47 54.325900 N,061 22.655600 W,2.1,77.7,A,Primary,Headline,3.265306,D,S,73570.000000
Sun Jul 24 11:27:39 2016,24-Jul-2016,142739,47 54.326000 N,061 22.654800 W,2.1,75.6,A,DoorSpread,DoorMaster,3.925000,D,S,79193.000000
Sun Jul 24 11:27:40 2016,24-Jul-2016,142740,47 54.326200 N,061 22.653900 W,2.1,74.9,A,Depth,Depth,57.037037,D,S,86197.000000
Sun Jul 24 11:27:40 2016,24-Jul-2016,142741,47 54.326200 N,061 22.653100 W,2.1,76.3,A,Depth,Depth,57.037037,D,S,86197.000000
Sun Jul 24 11:27:40 2016,24-Jul-2016,142742,47 54.326300 N,061 22.652100 W,2.1,78.2,A,Depth,Depth,57.037037,D,S,86197.000000
Sun Jul 24 11:27:40 2016,24-Jul-2016,142743,47 54.326300 N,061 22.651100 W,2.2,78.9,A,Depth,Depth,57.037037,D,S,86197.000000
Sun Jul 24 11:27:40 2016,24-Jul-2016,142744,47 54.326500 N,061 22.650300 W,2.2,78.3,A,Depth,Depth,57.037037,D,S,86197.000000
Sun Jul 24 11:27:44 2016,24-Jul-2016,142745,47 54.326700 N,061 22.649600 W,2.1,76.4,A,DoorSpread,DoorMaster,6.210000,D,S,90066.000000
Sun Jul 24 11:27:44 2016,24-Jul-2016,142746,47 54.326900 N,061 22.648800 W,2.1,74.8,A,DoorSpread,DoorMaster,6.210000,D,S,90066.000000
Sun Jul 24 11:27:47 2016,24-Jul-2016,142747,47 54.327000 N,061 22.647900 W,2.1,75.5,A,Depth,Depth,65.648148,D,S,65955.000000
Sun Jul 24 11:27:47 2016,24-Jul-2016,142748,47 54.327000 N,061 22.646900 W,2.2,77.7,A,Depth,Depth,65.648148,D,S,65955.000000
Sun Jul 24 11:27:47 2016,24-Jul-2016,142749,47 54.327000 N,061 22.645900 W,2.2,79.4,A,Depth,Depth,65.648148,D,S,65955.000000
Sun Jul 24 11:27:50 2016,24-Jul-2016,142750,47 54.327100 N,061 22.645000 W,2.2,78.9,A,DoorSpread,DoorMaster,7.780000,D,S,107164.000000
Sun Jul 24 11:27:50 2016,24-Jul-2016,142751,47 54.327400 N,061 22.644100 W,2.2,77.1,A,DoorSpread,DoorMaster,7.780000,D,S,107164.000000
Sun Jul 24 11:27:50 2016,24-Jul-2016,142752,47 54.327600 N,061 22.643400 W,2.2,75.8,A,DoorSpread,DoorMaster,7.780000,D,S,107164.000000
Sun Jul 24 11:27:50 2016,24-Jul-2016,142753,47 54.327700 N,061 22.642500 W,2.1,75.9,A,DoorSpread,DoorMaster,7.780000,D,S,107164.000000
Sun Jul 24 11:27:50 2016,24-Jul-2016,142754,47 54.327800 N,061 22.641600 W,2.2,76.3,A,DoorSpread,DoorMaster,7.780000,D,S,107164.000000
Sun Jul 24 11:27:50 2016,24-Jul-2016,142755,47 54.327900 N,061 22.640700 W,2.2,77.2,A,DoorSpread,DoorMaster,7.780000,D,S,107164.000000
Sun Jul 24 11:27:56 2016,24-Jul-2016,142756,47 54.328000 N,061 22.639700 W,2.2,78.5,A,DoorSpread,DoorMaster,7.980000,D,S,107170.000000
Sun Jul 24 11:27:56 2016,24-Jul-2016,142757,47 54.328100 N,061 22.638900 W,2.2,78.3,A,DoorSpread,DoorMaster,7.980000,D,S,107170.000000
Sun Jul 24 11:27:56 2016,24-Jul-2016,142758,47 54.328300 N,061 22.638100 W,2.2,76.7,A,DoorSpread,DoorMaster,7.980000,D,S,107170.000000
Sun Jul 24 11:27:56 2016,24-Jul-2016,142759,47 54.328500 N,061 22.637300 W,2.1,75.5,A,DoorSpread,DoorMaster,7.980000,D,S,107170.000000
Sun Jul 24 11:27:56 2016,24-Jul-2016,142800,47 54.328600 N,061 22.636400 W,2.1,76.0,A,DoorSpread,DoorMaster,7.980000,D,S,107170.000000
Sun Jul 24 11:27:56 2016,24-Jul-2016,142801,47 54.328600 N,061 22.635400 W,2.2,77.7,A,DoorSpread,DoorMaster,7.980000,D,S,107170.000000
Sun Jul 24 11:28:02 2016,24-Jul-2016,142802,47 54.328700 N,061 22.634500 W,2.2,79.1,A,DoorSpread,DoorMaster,8.070000,D,S,109849.000000
Sun Jul 24 11:28:02 2016,24-Jul-2016,142803,47 54.328900 N,061 22.633600 W,2.2,78.6,A,DoorSpread,DoorMaster,8.070000,D,S,109849.000000
Sun Jul 24 11:28:02 2016,24-Jul-2016,142804,47 54.329100 N,061 22.632900 W,2.1,76.9,A,DoorSpread,DoorMaster,8.070000,D,S,109849.000000
Sun Jul 24 11:28:02 2016,24-Jul-2016,142805,47 54.329300 N,061 22.632000 W,2.1,76.1,A,DoorSpread,DoorMaster,8.070000,D,S,109849.000000
Sun Jul 24 11:28:02 2016,24-Jul-2016,142806,47 54.329400 N,061 22.631200 W,2.1,77.1,A,DoorSpread,DoorMaster,8.070000,D,S,109849.000000
Sun Jul 24 11:28:02 2016,24-Jul-2016,142807,47 54.329500 N,061 22.630200 W,2.1,78.2,A,DoorSpread,DoorMaster,8.070000,D,S,109849.000000
Sun Jul 24 11:28:02 2016,24-Jul-2016,142808,47 54.329600 N,061 22.629300 W,2.2,78.9,A,DoorSpread,DoorMaster,8.070000,D,S,109849.000000
Sun Jul 24 11:28:09 2016,24-Jul-2016,142809,47 54.329800 N,061 22.628400 W,2.2,78.9,A,Depth,Depth,59.537037,D,S,86179.000000
Sun Jul 24 11:28:09 2016,24-Jul-2016,142810,47 54.329900 N,061 22.627600 W,2.1,78.2,A,Depth,Depth,59.537037,D,S,86179.000000
Sun Jul 24 11:28:09 2016,24-Jul-2016,142811,47 54.330100 N,061 22.626800 W,2.1,77.1,A,Depth,Depth,59.537037,D,S,86179.000000
Sun Jul 24 11:28:09 2016,24-Jul-2016,142812,47 54.330300 N,061 22.625900 W,2.1,77.0,A,Depth,Depth,59.537037,D,S,86179.000000
Sun Jul 24 11:28:09 2016,24-Jul-2016,142813,47 54.330300 N,061 22.625000 W,2.1,78.1,A,Depth,Depth,59.537037,D,S,86179.000000
Sun Jul 24 11:28:09 2016,24-Jul-2016,142814,47 54.330400 N,061 22.624100 W,2.1,78.6,A,Depth,Depth,59.537037,D,S,86179.000000
Sun Jul 24 11:28:09 2016,24-Jul-2016,142815,47 54.330600 N,061 22.623300 W,2.1,78.4,A,Depth,Depth,59.537037,D,S,86179.000000
Sun Jul 24 11:28:09 2016,24-Jul-2016,142816,47 54.330700 N,061 22.622300 W,2.1,78.3,A,Depth,Depth,59.537037,D,S,86179.000000
Sun Jul 24 11:28:09 2016,24-Jul-2016,142817,47 54.330800 N,061 22.621500 W,2.2,78.9,A,Depth,Depth,59.537037,D,S,86179.000000
Sun Jul 24 11:28:09 2016,24-Jul-2016,142818,47 54.331000 N,061 22.620600 W,2.1,78.6,A,Depth,Depth,59.537037,D,S,86179.000000
Sun Jul 24 11:28:09 2016,24-Jul-2016,142819,47 54.331200 N,061 22.619800 W,2.1,77.3,A,Depth,Depth,59.537037,D,S,86179.000000
Sun Jul 24 11:28:09 2016,24-Jul-2016,142820,47 54.331400 N,061 22.619000 W,2.1,77.1,A,Depth,Depth,59.537037,D,S,86179.000000
Sun Jul 24 11:28:21 2016,24-Jul-2016,142821,47 54.331500 N,061 22.618200 W,2.1,78.2,A,Primary,Headline,1.632653,D,S,100997.000000
Sun Jul 24 11:28:21 2016,24-Jul-2016,142822,47 54.331500 N,061 22.617200 W,2.1,79.5,A,Primary,Headline,1.632653,D,S,100997.000000
Sun Jul 24 11:28:21 2016,24-Jul-2016,142823,47 54.331700 N,061 22.616300 W,2.1,80.1,A,Primary,Headline,1.632653,D,S,100997.000000
Sun Jul 24 11:28:21 2016,24-Jul-2016,142824,47 54.331800 N,061 22.615600 W,2.1,78.8,A,Primary,Headline,1.632653,D,S,100997.000000
Sun Jul 24 11:28:21 2016,24-Jul-2016,142825,47 54.332100 N,061 22.614900 W,2.1,76.9,A,Primary,Headline,1.632653,D,S,100997.000000
Sun Jul 24 11:28:21 2016,24-Jul-2016,142826,47 54.332300 N,061 22.613900 W,2.1,76.5,A,Primary,Headline,1.632653,D,S,100997.000000
Sun Jul 24 11:28:21 2016,24-Jul-2016,142827,47 54.332400 N,061 22.613000 W,2.1,78.2,A,Primary,Headline,1.632653,D,S,100997.000000
Sun Jul 24 11:28:21 2016,24-Jul-2016,142828,47 54.332500 N,061 22.612000 W,2.2,79.7,A,Primary,Headline,1.632653,D,S,100997.000000
Sun Jul 24 11:28:21 2016,24-Jul-2016,142829,47 54.332700 N,061 22.611100 W,2.2,79.5,A,Primary,Headline,1.632653,D,S,100997.000000
Sun Jul 24 11:28:21 2016,24-Jul-2016,142830,47 54.332900 N,061 22.610300 W,2.1,78.2,A,Primary,Headline,1.632653,D,S,100997.000000
Sun Jul 24 11:28:21 2016,24-Jul-2016,142831,47 54.333100 N,061 22.609400 W,2.1,77.4,A,Primary,Headline,1.632653,D,S,100997.000000
Sun Jul 24 11:28:21 2016,24-Jul-2016,142832,47 54.333200 N,061 22.608500 W,2.1,77.9,A,Primary,Headline,1.632653,D,S,100997.000000
Sun Jul 24 11:28:21 2016,24-Jul-2016,142833,47 54.333200 N,061 22.607700 W,2.1,78.9,A,Primary,Headline,1.632653,D,S,100997.000000
Sun Jul 24 11:28:21 2016,24-Jul-2016,142834,47 54.333300 N,061 22.606800 W,2.1,79.6,A,Primary,Headline,1.632653,D,S,100997.000000
Sun Jul 24 11:28:21 2016,24-Jul-2016,142835,47 54.333300 N,061 22.606100 W,2.1,80.4,A,Primary,Headline,1.632653,D,S,100997.000000
Sun Jul 24 11:28:36 2016,24-Jul-2016,142836,47 54.333400 N,061 22.605500 W,2.0,80.8,A,DoorSpread,DoorMaster,8.085000,D,S,68146.000000
Sun Jul 24 11:28:36 2016,24-Jul-2016,142837,47 54.333500 N,061 22.604800 W,1.9,81.1,A,Primary,Headline,7.122449,D,S,83305.000000
Sun Jul 24 11:28:37 2016,24-Jul-2016,142838,47 54.333600 N,061 22.604200 W,1.9,81.5,A,Depth,Depth,57.777778,D,S,70384.000000
Sun Jul 24 11:28:37 2016,24-Jul-2016,142839,47 54.333600 N,061 22.603700 W,1.8,83.1,A,Depth,Depth,57.777778,D,S,70384.000000
Sun Jul 24 11:28:37 2016,24-Jul-2016,142840,47 54.333500 N,061 22.603000 W,1.8,85.8,A,Depth,Depth,57.777778,D,S,70384.000000
Sun Jul 24 11:28:41 2016,24-Jul-2016,142841,47 54.333300 N,061 22.602300 W,1.7,88.7,A,Secondary,Headline,0.000000,E,S,119671.000000
Sun Jul 24 11:28:41 2016,24-Jul-2016,142842,47 54.333200 N,061 22.601700 W,1.7,91.0,A,Secondary,Headline,0.000000,E,S,119671.000000
Sun Jul 24 11:28:41 2016,24-Jul-2016,142843,47 54.333100 N,061 22.601300 W,1.6,91.9,A,Secondary,Headline,0.000000,E,S,119671.000000
Sun Jul 24 11:28:41 2016,24-Jul-2016,142844,47 54.333100 N,061 22.600800 W,1.5,92.5,A,Secondary,Headline,0.000000,E,S,119671.000000
Sun Jul 24 11:28:45 2016,24-Jul-2016,142845,47 54.333000 N,061 22.600400 W,1.5,93.6,A,Depth,Depth,44.166667,D,S,113600.000000
Sun Jul 24 11:28:45 2016,24-Jul-2016,142846,47 54.332900 N,061 22.599800 W,1.4,96.4,A,Depth,Depth,44.166667,D,S,113600.000000
Sun Jul 24 11:28:45 2016,24-Jul-2016,142847,47 54.332700 N,061 22.599400 W,1.4,100.5,A,Depth,Depth,44.166667,D,S,113600.000000
Sun Jul 24 11:28:45 2016,24-Jul-2016,142848,47 54.332500 N,061 22.598900 W,1.4,103.7,A,Depth,Depth,44.166667,D,S,113600.000000
Sun Jul 24 11:28:45 2016,24-Jul-2016,142849,47 54.332400 N,061 22.598500 W,1.3,104.5,A,Depth,Depth,44.166667,D,S,113600.000000
Sun Jul 24 11:28:45 2016,24-Jul-2016,142850,47 54.332400 N,061 22.598200 W,1.3,104.4,A,Depth,Depth,44.166667,D,S,113600.000000
Sun Jul 24 11:28:45 2016,24-Jul-2016,142851,47 54.332400 N,061 22.597800 W,1.2,105.0,A,Depth,Depth,44.166667,D,S,113600.000000
Sun Jul 24 11:28:52 2016,24-Jul-2016,142852,47 54.332200 N,061 22.597500 W,1.2,107.6,A,DoorSpread,DoorMaster,6.225000,D,S,162131.000000
Sun Jul 24 11:28:52 2016,24-Jul-2016,142853,47 54.332000 N,061 22.597200 W,1.2,111.7,A,DoorSpread,DoorMaster,6.225000,D,S,162131.000000
Sun Jul 24 11:28:52 2016,24-Jul-2016,142854,47 54.331800 N,061 22.596700 W,1.2,114.4,A,DoorSpread,DoorMaster,6.225000,D,S,162131.000000
Sun Jul 24 11:28:52 2016,24-Jul-2016,142855,47 54.331700 N,061 22.596400 W,1.2,116.6,A,DoorSpread,DoorMaster,6.225000,D,S,162131.000000
Sun Jul 24 11:28:52 2016,24-Jul-2016,142856,47 54.331500 N,061 22.596200 W,1.1,118.0,A,DoorSpread,DoorMaster,6.225000,D,S,162131.000000
Sun Jul 24 11:28:52 2016,24-Jul-2016,142857,47 54.331400 N,061 22.595900 W,1.1,118.4,A,DoorSpread,DoorMaster,6.225000,D,S,162131.000000
Sun Jul 24 11:28:57 2016,24-Jul-2016,142858,47 54.331300 N,061 22.595600 W,1.0,119.6,A,DoorSpread,DoorMaster,3.720000,D,S,110246.000000
Sun Jul 24 11:28:59 2016,24-Jul-2016,142859,47 54.331100 N,061 22.595400 W,1.0,122.7,A,Depth,Depth,67.222222,D,S,90404.000000
Sun Jul 24 11:28:59 2016,24-Jul-2016,142900,47 54.330800 N,061 22.595100 W,1.0,125.6,A,Depth,Depth,67.222222,D,S,90404.000000
Sun Jul 24 11:28:59 2016,24-Jul-2016,142901,47 54.330700 N,061 22.594700 W,1.0,126.7,A,Depth,Depth,67.222222,D,S,90404.000000
Sun Jul 24 11:28:59 2016,24-Jul-2016,142902,47 54.330500 N,061 22.594400 W,1.0,128.4,A,Depth,Depth,67.222222,D,S,90404.000000
Sun Jul 24 11:29:03 2016,24-Jul-2016,142903,47 54.330300 N,061 22.594300 W,1.0,129.5,A,DoorSpread,DoorMaster,5.625000,D,S,119237.000000
Sun Jul 24 11:29:03 2016,24-Jul-2016,142904,47 54.330200 N,061 22.593800 W,1.0,130.1,A,DoorSpread,DoorMaster,5.625000,D,S,119237.000000
Sun Jul 24 11:29:03 2016,24-Jul-2016,142905,47 54.330000 N,061 22.593500 W,1.0,131.7,A,DoorSpread,DoorMaster,5.625000,D,S,119237.000000
Sun Jul 24 11:29:06 2016,24-Jul-2016,142906,47 54.329800 N,061 22.593300 W,1.0,133.9,A,Depth,Depth,34.166667,D,S,135191.000000
Sun Jul 24 11:29:06 2016,24-Jul-2016,142907,47 54.329500 N,061 22.593200 W,0.9,135.6,A,Primary,Headline,7.306122,D,S,73127.000000
Sun Jul 24 11:29:08 2016,24-Jul-2016,142908,47 54.329300 N,061 22.592900 W,1.0,134.9,A,DoorSpread,DoorMaster,0.000000,E,S,218670.000000
Sun Jul 24 11:29:08 2016,24-Jul-2016,142909,47 54.329000 N,061 22.592600 W,1.0,136.1,A,DoorSpread,DoorMaster,0.000000,E,S,218670.000000
Sun Jul 24 11:29:08 2016,24-Jul-2016,142910,47 54.328700 N,061 22.592400 W,1.0,139.6,A,DoorSpread,DoorMaster,0.000000,E,S,218670.000000
Sun Jul 24 11:29:11 2016,24-Jul-2016,142911,47 54.328500 N,061 22.592400 W,0.9,139.9,A,Secondary,Headline,0.000000,E,S,138434.000000
Sun Jul 24 11:29:11 2016,24-Jul-2016,142912,47 54.328400 N,061 22.592100 W,0.9,137.4,A,Secondary,Headline,0.000000,E,S,138434.000000
Sun Jul 24 11:29:11 2016,24-Jul-2016,142913,47 54.328200 N,061 22.591900 W,0.9,138.2,A,Secondary,Headline,0.000000,E,S,138434.000000
Sun Jul 24 11:29:14 2016,24-Jul-2016,142914,47 54.327800 N,061 22.591700 W,1.0,141.8,A,DoorSpread,DoorMaster,6.615000,D,S,99216.000000
Sun Jul 24 11:29:14 2016,24-Jul-2016,142915,47 54.327500 N,061 22.591400 W,1.0,143.2,A,DoorSpread,DoorMaster,6.615000,D,S,99216.000000
Sun Jul 24 11:29:14 2016,24-Jul-2016,142916,47 54.327200 N,061 22.591200 W,1.0,142.9,A,DoorSpread,DoorMaster,6.615000,D,S,99216.000000
Sun Jul 24 11:29:16 2016,24-Jul-2016,142917,47 54.327100 N,061 22.591000 W,1.0,143.6,A,Primary,Headline,2.387755,D,S,119736.000000
Sun Jul 24 11:29:16 2016,24-Jul-2016,142918,47 54.326900 N,061 22.590900 W,0.9,143.9,A,Primary,Headline,2.387755,D,S,119736.000000
Sun Jul 24 11:29:16 2016,24-Jul-2016,142919,47 54.326700 N,061 22.590600 W,0.9,142.2,A,Primary,Headline,2.387755,D,S,119736.000000
Sun Jul 24 11:29:19 2016,24-Jul-2016,142920,47 54.326400 N,061 22.590400 W,0.9,142.9,A,DoorSpread,DoorMaster,6.535000,D,S,215589.000000
Sun Jul 24 11:29:21 2016,24-Jul-2016,142921,47 54.326000 N,061 22.590300 W,1.0,146.1,A,Depth,Depth,52.407407,D,S,167243.000000
Sun Jul 24 11:29:21 2016,24-Jul-2016,142922,47 54.325700 N,061 22.590000 W,1.0,147.2,A,Primary,Headline,0.326531,D,S,143754.000000
Sun Jul 24 11:29:21 2016,24-Jul-2016,142923,47 54.325500 N,061 22.589800 W,1.0,145.6,A,Primary,Headline,0.326531,D,S,143754.000000
Sun Jul 24 11:29:21 2016,24-Jul-2016,142924,47 54.325200 N,061 22.589500 W,1.0,144.3,A,Primary,Headline,0.326531,D,S,143754.000000
Sun Jul 24 11:29:25 2016,24-Jul-2016,142925,47 54.325000 N,061 22.589400 W,1.0,145.5,A,DoorSpread,DoorMaster,6.645000,D,S,103088.000000
Sun Jul 24 11:29:25 2016,24-Jul-2016,142926,47 54.324800 N,061 22.589300 W,0.9,146.5,A,DoorSpread,DoorMaster,6.645000,D,S,103088.000000
Sun Jul 24 11:29:26 2016,24-Jul-2016,142927,47 54.324700 N,061 22.589000 W,0.9,145.6,A,Primary,Headline,3.326531,D,S,133313.000000
Sun Jul 24 11:29:28 2016,24-Jul-2016,142928,47 54.324400 N,061 22.588800 W,1.0,145.8,A,Depth,Depth,70.370370,D,S,104575.000000
Sun Jul 24 11:29:28 2016,24-Jul-2016,142929,47 54.324100 N,061 22.588600 W,1.0,148.9,A,Depth,Depth,70.370370,D,S,104575.000000
Sun Jul 24 11:29:28 2016,24-Jul-2016,142930,47 54.323800 N,061 22.588500 W,1.1,150.9,A,Depth,Depth,70.370370,D,S,104575.000000
Sun Jul 24 11:29:30 2016,24-Jul-2016,142931,47 54.323600 N,061 22.588300 W,1.0,149.0,A,DoorSpread,DoorMaster,6.535000,D,S,156238.000000
Sun Jul 24 11:29:31 2016,24-Jul-2016,142932,47 54.323400 N,061 22.588100 W,1.0,147.7,A,Primary,Headline,0.000000,D,S,140204.000000
Sun Jul 24 11:29:31 2016,24-Jul-2016,142933,47 54.323200 N,061 22.587900 W,1.0,149.2,A,Primary,Headline,0.000000,D,S,140204.000000
Sun Jul 24 11:29:31 2016,24-Jul-2016,142934,47 54.323000 N,061 22.587800 W,1.0,150.1,A,Primary,Headline,0.000000,D,S,140204.000000
Sun Jul 24 11:29:35 2016,24-Jul-2016,142935,47 54.322800 N,061 22.587500 W,1.0,149.7,A,Depth,Depth,34.259259,D,S,331541.000000
Sun Jul 24 11:29:36 2016,24-Jul-2016,142936,47 54.322400 N,061 22.587300 W,1.1,149.9,A,DoorSpread,DoorMaster,6.255000,D,S,162315.000000
Sun Jul 24 11:29:36 2016,24-Jul-2016,142937,47 54.322100 N,061 22.587100 W,1.1,151.7,A,Primary,Headline,0.551020,D,S,293980.000000
Sun Jul 24 11:29:36 2016,24-Jul-2016,142938,47 54.321900 N,061 22.586900 W,1.1,152.7,A,Primary,Headline,0.551020,D,S,293980.000000
Sun Jul 24 11:29:36 2016,24-Jul-2016,142939,47 54.321700 N,061 22.586800 W,1.0,150.9,A,Primary,Headline,0.551020,D,S,293980.000000
Sun Jul 24 11:29:36 2016,24-Jul-2016,142940,47 54.321600 N,061 22.586600 W,1.0,149.5,A,Primary,Headline,0.551020,D,S,293980.000000
Sun Jul 24 11:29:36 2016,24-Jul-2016,142941,47 54.321400 N,061 22.586500 W,1.0,151.9,A,Primary,Headline,0.551020,D,S,293980.000000
Sun Jul 24 11:29:42 2016,24-Jul-2016,142942,47 54.321100 N,061 22.586300 W,1.0,154.0,A,DoorSpread,DoorMaster,6.350000,D,S,91565.000000
Sun Jul 24 11:29:42 2016,24-Jul-2016,142943,47 54.320800 N,061 22.586100 W,1.1,154.8,A,Depth,Depth,56.388889,D,S,155565.000000
Sun Jul 24 11:29:42 2016,24-Jul-2016,142944,47 54.320600 N,061 22.586000 W,1.1,155.4,A,Depth,Depth,56.388889,D,S,155565.000000
Sun Jul 24 11:29:42 2016,24-Jul-2016,142945,47 54.320400 N,061 22.585800 W,1.0,155.4,A,Depth,Depth,56.388889,D,S,155565.000000
Sun Jul 24 11:29:42 2016,24-Jul-2016,142946,47 54.320200 N,061 22.585700 W,1.0,154.9,A,Depth,Depth,56.388889,D,S,155565.000000
Sun Jul 24 11:29:47 2016,24-Jul-2016,142947,47 54.320000 N,061 22.585500 W,1.0,154.7,A,DoorSpread,DoorMaster,5.850000,D,S,146359.000000
Sun Jul 24 11:29:47 2016,24-Jul-2016,142948,47 54.319800 N,061 22.585400 W,1.0,155.4,A,DoorSpread,DoorMaster,5.850000,D,S,146359.000000
Sun Jul 24 11:29:47 2016,24-Jul-2016,142949,47 54.319400 N,061 22.585300 W,1.0,156.4,A,DoorSpread,DoorMaster,5.850000,D,S,146359.000000
Sun Jul 24 11:29:49 2016,24-Jul-2016,142950,47 54.319000 N,061 22.585000 W,1.1,156.5,A,Depth,Depth,63.796296,D,S,118960.000000
Sun Jul 24 11:29:49 2016,24-Jul-2016,142951,47 54.318700 N,061 22.584800 W,1.1,157.7,A,Depth,Depth,63.796296,D,S,118960.000000
Sun Jul 24 11:29:51 2016,24-Jul-2016,142952,47 54.318400 N,061 22.584800 W,1.0,159.4,A,Primary,Headline,2.163265,D,S,178237.000000
Sun Jul 24 11:29:53 2016,24-Jul-2016,142953,47 54.318200 N,061 22.584700 W,1.0,159.3,A,DoorSpread,DoorMaster,6.230000,D,S,185596.000000
Sun Jul 24 11:29:53 2016,24-Jul-2016,142954,47 54.318100 N,061 22.584600 W,0.9,157.6,A,DoorSpread,DoorMaster,6.230000,D,S,185596.000000
Sun Jul 24 11:29:53 2016,24-Jul-2016,142955,47 54.317900 N,061 22.584400 W,0.9,158.2,A,DoorSpread,DoorMaster,6.230000,D,S,185596.000000
Sun Jul 24 11:29:53 2016,24-Jul-2016,142956,47 54.317500 N,061 22.584300 W,1.0,160.1,A,DoorSpread,DoorMaster,6.230000,D,S,185596.000000
Sun Jul 24 11:29:57 2016,24-Jul-2016,142957,47 54.317200 N,061 22.583900 W,1.0,160.6,A,Primary,Headline,2.836735,D,S,247634.000000
Sun Jul 24 11:29:57 2016,24-Jul-2016,142958,47 54.316900 N,061 22.583800 W,1.0,160.6,A,Primary,Headline,2.836735,D,S,247634.000000
Sun Jul 24 11:29:59 2016,24-Jul-2016,142959,47 54.316800 N,061 22.583700 W,1.0,160.8,A,DoorSpread,DoorMaster,6.515000,D,S,259091.000000
Sun Jul 24 11:29:59 2016,24-Jul-2016,143000,47 54.316600 N,061 22.583700 W,0.9,160.5,A,DoorSpread,DoorMaster,6.515000,D,S,259091.000000
Sun Jul 24 11:29:59 2016,24-Jul-2016,143001,47 54.316400 N,061 22.583600 W,0.9,160.6,A,DoorSpread,DoorMaster,6.515000,D,S,259091.000000
Sun Jul 24 11:30:02 2016,24-Jul-2016,143002,47 54.316100 N,061 22.583400 W,0.9,161.6,A,Primary,Headline,1.489796,D,S,87090.000000
Sun Jul 24 11:30:02 2016,24-Jul-2016,143003,47 54.315700 N,061 22.583200 W,1.0,163.5,A,Primary,Headline,1.489796,D,S,87090.000000
Sun Jul 24 11:30:04 2016,24-Jul-2016,143004,47 54.315300 N,061 22.583100 W,1.0,164.5,A,DoorSpread,DoorMaster,6.345000,D,S,177412.000000
Sun Jul 24 11:30:04 2016,24-Jul-2016,143005,47 54.315200 N,061 22.582900 W,1.0,163.8,A,DoorSpread,DoorMaster,6.345000,D,S,177412.000000
Sun Jul 24 11:30:04 2016,24-Jul-2016,143006,47 54.314900 N,061 22.582800 W,0.9,162.7,A,DoorSpread,DoorMaster,6.345000,D,S,177412.000000
Sun Jul 24 11:30:07 2016,24-Jul-2016,143007,47 54.314800 N,061 22.582700 W,0.9,163.4,A,Primary,Headline,2.510204,D,S,131671.000000
Sun Jul 24 11:30:07 2016,24-Jul-2016,143008,47 54.314500 N,061 22.582600 W,0.9,165.1,A,Primary,Headline,2.510204,D,S,131671.000000
Sun Jul 24 11:30:07 2016,24-Jul-2016,143009,47 54.314200 N,061 22.582500 W,0.9,164.9,A,Primary,Headline,2.510204,D,S,131671.000000
Sun Jul 24 11:30:10 2016,24-Jul-2016,143010,47 54.313800 N,061 22.582400 W,1.0,164.7,A,DoorSpread,DoorMaster,6.440000,D,S,253279.000000
Sun Jul 24 11:30:11 2016,24-Jul-2016,143011,47 54.313600 N,061 22.582300 W,1.0,165.6,A,Depth,Depth,65.833333,D,S,162169.000000
Sun Jul 24 11:30:12 2016,24-Jul-2016,143012,47 54.313300 N,061 22.582200 W,1.0,165.3,A,Primary,Headline,2.979592,D,S,142370.000000
Sun Jul 24 11:30:12 2016,24-Jul-2016,143013,47 54.313100 N,061 22.582100 W,1.0,164.9,A,Primary,Headline,2.979592,D,S,142370.000000
Sun Jul 24 11:30:12 2016,24-Jul-2016,143014,47 54.312900 N,061 22.582000 W,0.9,166.2,A,Primary,Headline,2.979592,D,S,142370.000000
Sun Jul 24 11:30:12 2016,24-Jul-2016,143015,47 54.312700 N,061 22.581900 W,0.9,166.5,A,Primary,Headline,2.979592,D,S,142370.000000
Sun Jul 24 11:30:15 2016,24-Jul-2016,143016,47 54.312400 N,061 22.581800 W,0.9,166.5,A,DoorSpread,DoorMaster,6.485000,D,S,200588.000000
Sun Jul 24 11:30:17 2016,24-Jul-2016,143017,47 54.312100 N,061 22.581800 W,0.9,167.9,A,Primary,Headline,0.408163,D,S,141922.000000
Sun Jul 24 11:30:18 2016,24-Jul-2016,143018,47 54.311800 N,061 22.581800 W,1.0,169.4,A,Depth,Depth,34.444444,D,S,256541.000000
Sun Jul 24 11:30:18 2016,24-Jul-2016,143019,47 54.311600 N,061 22.581700 W,1.0,169.1,A,Depth,Depth,34.444444,D,S,256541.000000
Sun Jul 24 11:30:18 2016,24-Jul-2016,143020,47 54.311300 N,061 22.581600 W,0.9,168.4,A,Depth,Depth,34.444444,D,S,256541.000000
Sun Jul 24 11:30:21 2016,24-Jul-2016,143021,47 54.311200 N,061 22.581600 W,0.9,168.7,A,DoorSpread,DoorMaster,6.360000,D,S,229219.000000
Sun Jul 24 11:30:22 2016,24-Jul-2016,143022,47 54.311000 N,061 22.581500 W,0.9,169.2,A,Primary,Headline,2.510204,D,S,143047.000000
Sun Jul 24 11:30:22 2016,24-Jul-2016,143023,47 54.310700 N,061 22.581400 W,0.9,169.9,A,Primary,Headline,2.510204,D,S,143047.000000
Sun Jul 24 11:30:22 2016,24-Jul-2016,143024,47 54.310500 N,061 22.581400 W,0.9,169.9,A,Primary,Headline,2.510204,D,S,143047.000000
Sun Jul 24 11:30:22 2016,24-Jul-2016,143025,47 54.310100 N,061 22.581300 W,0.9,169.9,A,Primary,Headline,2.510204,D,S,143047.000000
Sun Jul 24 11:30:25 2016,24-Jul-2016,143026,47 54.309900 N,061 22.581300 W,0.9,171.5,A,Depth,Depth,39.351852,D,S,408518.000000
Sun Jul 24 11:30:27 2016,24-Jul-2016,143027,47 54.309700 N,061 22.581200 W,0.9,172.8,A,Primary,Headline,1.653061,D,S,108009.000000
Sun Jul 24 11:30:27 2016,24-Jul-2016,143028,47 54.309400 N,061 22.581100 W,0.9,171.8,A,Primary,Headline,1.653061,D,S,108009.000000
Sun Jul 24 11:30:27 2016,24-Jul-2016,143029,47 54.309100 N,061 22.581100 W,0.9,171.6,A,Primary,Headline,1.653061,D,S,108009.000000
Sun Jul 24 11:30:27 2016,24-Jul-2016,143030,47 54.308900 N,061 22.581100 W,0.9,173.6,A,Primary,Headline,1.653061,D,S,108009.000000
Sun Jul 24 11:30:27 2016,24-Jul-2016,143031,47 54.308700 N,061 22.581100 W,0.9,173.5,A,Primary,Headline,1.653061,D,S,108009.000000
Sun Jul 24 11:30:32 2016,24-Jul-2016,143032,47 54.308400 N,061 22.581000 W,0.9,172.0,A,DoorSpread,DoorMaster,6.485000,D,S,409990.000000
Sun Jul 24 11:30:32 2016,24-Jul-2016,143033,47 54.308100 N,061 22.580900 W,0.9,173.0,A,Depth,Depth,50.092593,D,S,162336.000000
Sun Jul 24 11:30:32 2016,24-Jul-2016,143034,47 54.307900 N,061 22.581000 W,0.9,175.1,A,Depth,Depth,50.092593,D,S,162336.000000
Sun Jul 24 11:30:32 2016,24-Jul-2016,143035,47 54.307700 N,061 22.581000 W,0.9,175.6,A,Depth,Depth,50.092593,D,S,162336.000000
Sun Jul 24 11:30:32 2016,24-Jul-2016,143036,47 54.307500 N,061 22.580900 W,0.8,174.5,A,Depth,Depth,50.092593,D,S,162336.000000
Sun Jul 24 11:30:37 2016,24-Jul-2016,143037,47 54.307200 N,061 22.580900 W,0.8,175.3,A,Primary,Headline,0.000000,D,S,272842.000000
Sun Jul 24 11:30:38 2016,24-Jul-2016,143038,47 54.306900 N,061 22.580900 W,0.9,177.3,A,DoorSpread,DoorMaster,6.695000,D,S,410024.000000
Sun Jul 24 11:30:38 2016,24-Jul-2016,143039,47 54.306600 N,061 22.580900 W,0.9,177.9,A,DoorSpread,DoorMaster,6.695000,D,S,410024.000000
Sun Jul 24 11:30:40 2016,24-Jul-2016,143040,47 54.306400 N,061 22.580800 W,0.9,177.0,A,Depth,Depth,38.518519,D,S,241790.000000
Sun Jul 24 11:30:40 2016,24-Jul-2016,143041,47 54.306200 N,061 22.580900 W,0.8,176.9,A,Depth,Depth,38.518519,D,S,241790.000000
Sun Jul 24 11:30:42 2016,24-Jul-2016,143042,47 54.306000 N,061 22.580900 W,0.8,177.4,A,Primary,Headline,2.183673,D,S,162878.000000
Sun Jul 24 11:30:42 2016,24-Jul-2016,143043,47 54.305800 N,061 22.580900 W,0.8,176.6,A,Primary,Headline,2.183673,D,S,162878.000000
Sun Jul 24 11:30:43 2016,24-Jul-2016,143044,47 54.305400 N,061 22.580800 W,0.8,176.2,A,DoorSpread,DoorMaster,6.790000,D,S,519729.000000
Sun Jul 24 11:30:43 2016,24-Jul-2016,143045,47 54.305200 N,061 22.580800 W,0.9,175.5,A,DoorSpread,DoorMaster,6.790000,D,S,519729.000000
Sun Jul 24 11:30:43 2016,24-Jul-2016,143046,47 54.305000 N,061 22.580700 W,0.8,173.8,A,DoorSpread,DoorMaster,6.790000,D,S,519729.000000
