#B	Created:	05.08.2025 19:03:58
##	Version	SeaStar	9.59
#5	Field separation:	0
#2	Date & Time:	1
#6	Decimal point:	,
#7	Date def.:	dd.mm.yyyy	.
#8	Time def.:	:
##	Axis	0	Temperature(°C)	clRed	FALSE
##	Axis	1	Pressure(Bar)	clBlue	FALSE
##	Axis	2	Angle(°)	clGreen	FALSE
##	Axis	3	EAL	clSkyBlue	FALSE
##	Axis	4	Roll(°)	$00404080	FALSE
##	Series	0	Temp(°C)	clRed	0	Temp(°C)	2
##	Series	1	Press(Bar)	clBlue	1	Press(Bar)	2
##	Series	2	Tilt-X(°)	clGreen	2	Tilt-X(°)	1
##	Series	3	Tilt-Y(°)	$00404080	2	Tilt-Y(°)	1
##	Series	4	Tilt-Z(°)	$00FF0080	2	Tilt-Z(°)	1
##	Series	5	EAL	clSkyBlue	3	EAL	0
##	Series	6	Roll(°)	$00404080	4	Roll(°)	1
##	Recorder	64	DST tilt	1173
##	Chart	64H1173DAT	
#D	Data:	1461	05.08.2025 18:39:00	05.08.2025 19:03:20
1	05.08.2025 18:39:00,000	20,53	4,73	62,2	-24,9	-2,8	0	-96,7
2	05.08.2025 18:39:01,000	20,50	4,70	61,7	-24,8	-3,5	0	-98,3
3	05.08.2025 18:39:02,000	20,50	4,70	61,7	-24,9	-3,4	0	-98,1
4	05.08.2025 18:39:03,000	20,50	4,70	63,2	-25,4	-1,4	0	-93,2
5	05.08.2025 18:39:04,000	20,50	4,70	63,7	-25,6	-0,6	0	-91,5
6	05.08.2025 18:39:05,000	20,47	4,70	63,8	-25,2	0,9	0	-87,9
7	05.08.2025 18:39:06,000	20,47	4,73	64,1	-25,4	0,6	0	-88,7
8	05.08.2025 18:39:07,000	20,47	4,70	64,2	-24,8	1,0	0	-87,7
9	05.08.2025 18:39:08,000	20,47	4,70	63,5	-24,8	1,6	0	-86,1
10	05.08.2025 18:39:09,000	20,44	4,70	63,5	-25,1	1,4	0	-86,7
11	05.08.2025 18:39:10,000	20,44	4,72	64,1	-25,7	0,2	0	-89,6
12	05.08.2025 18:39:11,000	20,44	4,72	64,2	-25,6	0,1	0	-89,7
13	05.08.2025 18:39:12,000	20,44	4,72	62,8	-25,4	-1,8	0	-94,2
14	05.08.2025 18:39:13,000	20,41	4,72	63,6	-24,9	-1,5	0	-93,6
15	05.08.2025 18:39:14,000	20,41	4,72	62,8	-25,2	-2,0	0	-94,6
16	05.08.2025 18:39:15,000	20,41	4,72	62,3	-24,9	-2,8	0	-96,6
17	05.08.2025 18:39:16,000	20,41	4,70	62,6	-24,8	-2,6	0	-96,1
18	05.08.2025 18:39:17,000	20,38	4,72	62,2	-25,2	-2,6	0	-96,1
19	05.08.2025 18:39:18,000	20,38	4,72	63,0	-24,9	-2,1	0	-94,9
20	05.08.2025 18:39:19,000	20,38	4,69	64,0	-24,4	-1,6	0	-94,9
21	05.08.2025 18:39:20,000	20,38	4,72	64,0	-25,4	-0,5	0	-91,3
22	05.08.2025 18:39:21,000	20,35	4,71	63,8	-25,1	-1,1	0	-92,7
23	05.08.2025 18:39:22,000	20,35	4,69	64,2	-25,2	-0,5	0	-91,3
24	05.08.2025 18:39:23,000	20,35	4,71	64,6	-25,2	0,2	0	-89,5
25	05.08.2025 18:39:24,000	20,35	4,69	63,8	-25,1	1,1	0	-87,4
26	05.08.2025 18:39:25,000	20,32	4,71	63,4	-25,3	1,3	0	-87,1
27	05.08.2025 18:39:26,000	20,32	4,71	62,9	-24,8	2,4	0	-84,4
28	05.08.2025 18:39:27,000	20,32	4,73	64,5	-25,0	0,5	0	-88,9
29	05.08.2025 18:39:28,000	20,32	4,71	63,5	-25,1	1,4	0	-86,6
30	05.08.2025 18:39:29,000	20,29	4,71	63,8	-25,6	0,7	0	-88,5
31	05.08.2025 18:39:30,000	20,29	4,71	63,8	-24,9	1,2	0	-87,1
32	05.08.2025 18:39:31,000	20,29	4,71	63,4	-24,3	2,3	0	-84,3
33	05.08.2025 18:39:32,000	20,29	4,71	62,4	-24,6	3,0	0	-82,7
34	05.08.2025 18:39:33,000	20,26	4,71	61,2	-26,6	2,2	0	-85,1
35	05.08.2025 18:39:34,000	20,26	4,71	60,8	-26,9	2,2	0	-85,1
36	05.08.2025 18:39:35,000	20,26	4,68	61,4	-26,3	2,3	0	-84,8
37	05.08.2025 18:39:36,000	20,26	4,71	61,2	-26,6	2,3	0	-84,9
38	05.08.2025 18:39:37,000	20,26	4,71	60,3	-27,8	1,9	0	-85,9
39	05.08.2025 18:39:38,000	20,23	4,70	60,0	-28,1	1,8	0	-86,1
40	05.08.2025 18:39:39,000	20,23	4,73	60,4	-28,9	0,7	0	-88,6
41	05.08.2025 18:39:40,000	20,23	4,68	60,0	-29,2	0,8	0	-88,3
42	05.08.2025 18:39:41,000	20,23	4,70	60,1	-28,9	1,0	0	-87,9
43	05.08.2025 18:39:42,000	20,23	4,70	60,2	-28,0	1,8	0	-86,1
44	05.08.2025 18:39:43,000	20,20	4,70	60,0	-28,0	1,9	0	-85,9
45	05.08.2025 18:39:44,000	20,20	4,68	60,5	-27,4	2,1	0	-85,4
46	05.08.2025 18:39:45,000	20,20	4,70	60,9	-26,8	2,3	0	-85,0
47	05.08.2025 18:39:46,000	20,20	4,70	61,1	-26,6	2,3	0	-84,8
48	05.08.2025 18:39:47,000	20,20	4,70	61,1	-26,5	2,4	0	-84,6
49	05.08.2025 18:39:48,000	20,20	4,70	60,6	-27,2	2,2	0	-85,2
50	05.08.2025 18:39:49,000	20,17	4,70	60,6	-27,7	1,7	0	-86,4
51	05.08.2025 18:39:50,000	20,17	4,72	60,2	-28,7	1,0	0	-87,9
52	05.08.2025 18:39:51,000	20,17	4,70	60,0	-29,4	0,5	0	-88,9
53	05.08.2025 18:39:52,000	20,17	4,72	60,1	-29,9	0,0	0	-90,1
54	05.08.2025 18:39:53,000	20,17	4,70	60,1	-29,5	-0,5	0	-91,0
55	05.08.2025 18:39:54,000	20,15	4,69	59,7	-29,6	-0,7	0	-91,4
56	05.08.2025 18:39:55,000	20,15	4,69	60,0	-29,5	-0,5	0	-90,9
57	05.08.2025 18:39:56,000	20,15	4,69	60,5	-29,1	-0,4	0	-90,8
58	05.08.2025 18:39:57,000	20,15	4,72	60,0	-29,5	0,5	0	-88,9
59	05.08.2025 18:39:58,000	20,15	4,69	59,7	-29,7	0,7	0	-88,7
60	05.08.2025 18:39:59,000	20,12	4,69	59,9	-29,5	0,6	0	-88,7
61	05.08.2025 18:40:00,000	20,12	4,69	60,6	-29,4	0,0	0	-89,9
62	05.08.2025 18:40:01,000	20,12	4,71	59,2	-29,8	-1,0	0	-92,1
63	05.08.2025 18:40:02,000	20,12	4,69	57,8	-29,4	-2,7	0	-95,5
64	05.08.2025 18:40:03,000	20,12	4,71	59,7	-29,5	-0,7	0	-91,5
65	05.08.2025 18:40:04,000	20,09	4,69	60,1	-29,3	0,6	0	-88,8
66	05.08.2025 18:40:05,000	20,09	4,69	59,9	-28,4	1,7	0	-86,4
67	05.08.2025 18:40:06,000	20,09	4,69	60,6	-27,2	2,2	0	-85,3
68	05.08.2025 18:40:07,000	20,09	4,69	61,5	-26,1	2,4	0	-84,5
69	05.08.2025 18:40:08,000	20,09	4,69	61,2	-26,5	2,4	0	-84,7
70	05.08.2025 18:40:09,000	20,09	4,69	61,4	-26,3	2,3	0	-84,8
71	05.08.2025 18:40:10,000	20,06	4,69	61,2	-26,5	2,3	0	-84,9
72	05.08.2025 18:40:11,000	20,06	4,71	60,8	-26,9	2,2	0	-85,1
73	05.08.2025 18:40:12,000	20,06	4,71	59,9	-28,4	1,7	0	-86,5
74	05.08.2025 18:40:13,000	20,06	4,69	60,1	-28,7	1,2	0	-87,5
75	05.08.2025 18:40:14,000	20,03	4,71	60,4	-29,1	0,6	0	-88,8
76	05.08.2025 18:40:15,000	20,03	4,71	60,1	-29,6	0,3	0	-89,4
77	05.08.2025 18:40:16,000	20,03	4,68	59,9	-29,1	1,0	0	-87,9
78	05.08.2025 18:40:17,000	20,03	4,68	60,2	-28,2	1,6	0	-86,6
79	05.08.2025 18:40:18,000	20,03	4,68	60,2	-28,4	1,4	0	-87,0
80	05.08.2025 18:40:19,000	20,03	4,68	59,5	-28,9	1,6	0	-86,7
81	05.08.2025 18:40:20,000	20,00	4,68	59,9	-28,0	2,0	0	-85,7
82	05.08.2025 18:40:21,000	20,00	4,68	60,2	-28,7	1,2	0	-87,5
83	05.08.2025 18:40:22,000	20,00	4,68	60,6	-28,7	0,7	0	-88,6
84	05.08.2025 18:40:23,000	20,00	4,70	59,7	-29,4	1,0	0	-88,1
85	05.08.2025 18:40:24,000	20,00	4,70	59,7	-29,7	0,5	0	-88,9
86	05.08.2025 18:40:25,000	19,97	4,70	59,7	-30,2	-0,1	0	-90,2
87	05.08.2025 18:40:26,000	19,97	4,70	59,9	-29,6	-0,5	0	-91,0
88	05.08.2025 18:40:27,000	19,97	4,70	58,5	-30,5	-1,0	0	-91,9
89	05.08.2025 18:40:28,000	19,97	4,70	59,0	-29,9	-1,1	0	-92,2
90	05.08.2025 18:40:29,000	19,97	4,68	59,1	-30,0	-0,9	0	-91,8
91	05.08.2025 18:40:30,000	19,97	4,70	58,8	-30,2	-1,1	0	-92,1
92	05.08.2025 18:40:31,000	19,94	4,67	59,9	-29,6	-0,5	0	-90,9
93	05.08.2025 18:40:32,000	19,94	4,70	59,5	-30,2	-0,3	0	-90,5
94	05.08.2025 18:40:33,000	19,94	4,70	60,6	-29,2	0,2	0	-89,6
95	05.08.2025 18:40:34,000	19,94	4,70	59,5	-29,9	0,6	0	-88,8
96	05.08.2025 18:40:35,000	19,94	4,70	60,5	-29,2	-0,3	0	-90,7
97	05.08.2025 18:40:36,000	19,91	4,70	59,8	-28,7	-1,5	0	-93,1
98	05.08.2025 18:40:37,000	19,91	4,70	58,1	-29,1	-2,8	0	-95,8
99	05.08.2025 18:40:38,000	19,91	4,70	57,6	-29,2	-3,2	0	-96,5
100	05.08.2025 18:40:39,000	19,91	4,70	58,8	-28,7	-2,5	0	-95,2
101	05.08.2025 18:40:40,000	19,91	4,70	59,0	-28,3	-2,8	0	-95,9
102	05.08.2025 18:40:41,000	19,91	4,70	58,9	-28,4	-2,7	0	-95,7
103	05.08.2025 18:40:42,000	19,91	4,70	58,5	-30,1	-1,4	0	-92,8
104	05.08.2025 18:40:43,000	19,88	4,69	58,8	-29,0	-2,2	0	-94,5
105	05.08.2025 18:40:44,000	19,88	4,69	59,1	-28,1	-2,9	0	-96,1
106	05.08.2025 18:40:45,000	19,88	4,69	59,3	-29,1	-1,6	0	-93,4
107	05.08.2025 18:40:46,000	19,88	4,69	58,5	-29,4	-2,0	0	-94,1
108	05.08.2025 18:40:47,000	19,88	4,69	59,4	-28,5	-2,1	0	-94,3
109	05.08.2025 18:40:48,000	19,85	4,69	59,3	-28,3	-2,3	0	-94,9
110	05.08.2025 18:40:49,000	19,85	4,69	58,8	-28,9	-2,3	0	-94,7
111	05.08.2025 18:40:50,000	19,85	4,69	59,2	-28,4	-2,4	0	-95,0
112	05.08.2025 18:40:51,000	19,85	4,69	59,8	-29,0	-1,2	0	-92,4
113	05.08.2025 18:40:52,000	19,85	4,69	60,1	-29,0	-0,9	0	-91,8
114	05.08.2025 18:40:53,000	19,85	4,69	59,7	-28,4	-1,9	0	-94,1
115	05.08.2025 18:40:54,000	19,82	4,69	59,7	-28,3	-2,0	0	-94,3
116	05.08.2025 18:40:55,000	19,82	4,71	60,7	-29,3	0,0	0	-90,0
117	05.08.2025 18:40:56,000	19,82	4,71	61,5	-26,9	1,7	0	-86,3
118	05.08.2025 18:40:57,000	19,82	4,69	60,9	-27,0	2,0	0	-85,5
119	05.08.2025 18:40:58,000	19,82	4,69	61,7	-27,1	1,2	0	-87,4
120	05.08.2025 18:40:59,000	19,82	4,71	61,2	-26,8	2,0	0	-85,7
121	05.08.2025 18:41:00,000	19,79	4,68	61,9	-26,4	1,8	0	-86,0
122	05.08.2025 18:41:01,000	19,79	4,68	61,8	-26,3	1,9	0	-85,7
123	05.08.2025 18:41:02,000	19,79	4,68	60,9	-27,5	1,6	0	-86,6
124	05.08.2025 18:41:03,000	19,79	4,68	62,1	-26,6	1,4	0	-86,9
125	05.08.2025 18:41:04,000	19,79	4,68	61,9	-26,7	1,5	0	-86,7
126	05.08.2025 18:41:05,000	19,79	4,68	62,0	-27,0	1,0	0	-87,8
127	05.08.2025 18:41:06,000	19,79	4,68	61,0	-27,2	1,8	0	-86,1
128	05.08.2025 18:41:07,000	19,76	4,68	61,7	-27,4	0,9	1	-88,0
129	05.08.2025 18:41:08,000	19,76	4,70	59,9	-28,9	1,1	0	-87,6
130	05.08.2025 18:41:09,000	19,76	4,68	56,2	-33,4	-0,4	0	-90,7
131	05.08.2025 18:41:10,000	19,76	4,68	19,9	16,7	-53,4	0	159,6
132	05.08.2025 18:41:11,000	19,76	4,68	9,4	6,9	-73,7	0	172,6
133	05.08.2025 18:41:12,000	19,76	4,70	8,6	6,6	-74,8	0	173,0
134	05.08.2025 18:41:13,000	19,76	4,68	3,9	8,0	-78,1	0	171,7
135	05.08.2025 18:41:14,000	19,76	4,68	7,3	8,5	-74,2	0	170,9
136	05.08.2025 18:41:15,000	19,73	4,68	6,6	8,2	-75,2	0	171,3
137	05.08.2025 18:41:16,000	19,73	4,70	9,5	7,4	-73,1	0	172,1
138	05.08.2025 18:41:17,000	19,73	4,68	12,4	5,7	-71,9	0	173,8
139	05.08.2025 18:41:18,000	19,73	4,68	-24,4	-21,6	44,1	1	-28,5
140	05.08.2025 18:41:19,000	19,73	4,70	41,0	-22,8	-26,1	1	-138,5
141	05.08.2025 18:41:20,000	19,73	4,75	66,0	-11,5	12,4	0	-138,5
142	05.08.2025 18:41:21,000	19,73	4,77	38,3	-27,2	24,5	0	-47,7
143	05.08.2025 18:41:22,000	19,73	4,82	52,7	0,9	36,5	0	1,5
144	05.08.2025 18:41:23,000	19,73	4,82	45,5	-6,0	38,5	0	-9,7
145	05.08.2025 18:41:24,000	19,70	4,84	31,7	-13,2	45,1	0	-18,3
146	05.08.2025 18:41:25,000	19,70	4,84	31,7	-15,5	42,8	0	-22,0
147	05.08.2025 18:41:26,000	19,70	4,84	38,7	-8,5	42,8	0	-12,4
148	05.08.2025 18:41:27,000	19,70	4,84	41,1	-7,7	41,2	0	-11,6
149	05.08.2025 18:41:28,000	19,70	4,82	35,7	-8,9	45,4	0	-12,5
150	05.08.2025 18:41:29,000	19,70	4,84	37,1	-5,5	47,4	0	-7,6
151	05.08.2025 18:41:30,000	19,67	4,84	33,2	-4,7	52,0	0	-6,1
152	05.08.2025 18:41:31,000	19,67	4,86	35,7	-2,6	51,7	0	-3,3
153	05.08.2025 18:41:32,000	19,67	4,88	28,0	-12,8	49,2	0	-16,8
154	05.08.2025 18:41:33,000	19,67	4,88	31,0	-13,4	45,6	0	-18,4
155	05.08.2025 18:41:34,000	19,67	4,88	32,8	-12,4	44,8	0	-17,3
156	05.08.2025 18:41:35,000	19,67	4,88	35,9	-11,9	42,3	0	-17,3
157	05.08.2025 18:41:36,000	19,65	4,90	35,6	-7,8	46,6	0	-10,8
158	05.08.2025 18:41:37,000	19,65	4,90	28,9	-12,0	49,0	0	-15,9
159	05.08.2025 18:41:38,000	19,65	4,90	31,1	-10,3	48,6	0	-13,7
160	05.08.2025 18:41:39,000	19,65	4,90	33,6	-9,4	47,0	0	-12,8
161	05.08.2025 18:41:40,000	19,65	4,93	37,1	-7,9	45,0	0	-11,2
162	05.08.2025 18:41:41,000	19,62	4,95	42,3	-6,6	41,0	0	-10,1
163	05.08.2025 18:41:42,000	19,59	4,99	42,5	-6,6	40,9	0	-10,0
164	05.08.2025 18:41:43,000	19,41	5,00	44,0	-6,2	39,8	0	-9,7
165	05.08.2025 18:41:44,000	19,14	5,00	51,9	-3,1	35,0	0	-5,4
166	05.08.2025 18:41:45,000	19,00	4,98	59,5	0,3	30,3	0	0,5
167	05.08.2025 18:41:46,000	18,88	5,00	61,9	4,6	23,4	0	11,5
168	05.08.2025 18:41:47,000	18,82	5,01	72,8	5,0	12,2	0	11,5
169	05.08.2025 18:41:48,000	18,73	5,05	76,7	4,6	8,7	0	11,5
170	05.08.2025 18:41:49,000	18,58	5,04	80,8	2,5	6,6	0	11,5
171	05.08.2025 18:41:50,000	18,49	5,08	82,2	-2,9	4,9	0	11,5
172	05.08.2025 18:41:51,000	18,40	5,11	76,4	-7,3	6,4	0	11,5
173	05.08.2025 18:41:52,000	18,28	5,13	84,0	-4,2	-1,8	0	11,5
174	05.08.2025 18:41:53,000	18,16	5,14	64,0	-4,7	21,3	0	11,5
175	05.08.2025 18:41:54,000	18,08	5,08	57,4	9,7	22,9	0	23,4
176	05.08.2025 18:41:55,000	18,08	5,06	54,5	9,3	26,2	0	20,1
177	05.08.2025 18:41:56,000	18,05	5,06	50,5	10,0	29,5	1	19,5
178	05.08.2025 18:41:57,000	18,02	5,05	40,0	6,2	43,8	0	8,9
179	05.08.2025 18:41:58,000	17,99	5,03	46,8	6,4	36,7	0	10,7
180	05.08.2025 18:41:59,000	17,96	5,05	47,3	10,4	32,3	0	18,8
181	05.08.2025 18:42:00,000	17,90	5,07	71,2	12,7	6,2	0	18,8
182	05.08.2025 18:42:01,000	17,87	5,04	68,7	8,8	12,5	0	18,8
183	05.08.2025 18:42:02,000	17,84	5,06	55,1	9,3	25,5	0	20,7
184	05.08.2025 18:42:03,000	17,78	5,05	62,2	14,7	13,1	0	20,7
185	05.08.2025 18:42:04,000	17,78	5,05	30,2	-12,6	47,2	0	-17,0
186	05.08.2025 18:42:05,000	17,75	5,07	49,3	9,0	31,7	0	16,7
187	05.08.2025 18:42:06,000	17,69	5,05	60,9	14,4	14,7	0	16,7
188	05.08.2025 18:42:07,000	17,66	5,07	61,0	4,4	24,6	0	10,4
189	05.08.2025 18:42:08,000	17,60	5,06	45,6	2,4	42,0	0	3,6
190	05.08.2025 18:42:09,000	17,60	5,04	64,2	6,7	19,1	0	3,6
191	05.08.2025 18:42:10,000	17,57	5,06	87,5	0,4	2,1	0	3,6
192	05.08.2025 18:42:11,000	17,54	5,05	69,7	-3,7	16,6	0	3,6
193	05.08.2025 18:42:12,000	17,51	5,08	68,9	-3,0	18,2	0	3,6
194	05.08.2025 18:42:13,000	17,48	5,12	72,0	-7,2	10,7	0	3,6
195	05.08.2025 18:42:14,000	17,39	5,16	69,1	-11,2	9,7	0	3,6
196	05.08.2025 18:42:15,000	17,30	5,20	71,2	-8,8	9,9	0	3,6
197	05.08.2025 18:42:16,000	17,21	5,21	68,3	-11,6	10,0	0	3,6
198	05.08.2025 18:42:17,000	17,15	5,23	66,1	-13,4	10,5	0	3,6
199	05.08.2025 18:42:18,000	17,09	5,25	68,0	-11,2	10,8	0	3,6
200	05.08.2025 18:42:19,000	17,03	5,29	65,8	-12,7	11,5	0	3,6
201	05.08.2025 18:42:20,000	16,97	5,31	64,6	-12,6	12,9	0	3,6
202	05.08.2025 18:42:21,000	16,88	5,30	63,1	-13,3	13,6	0	3,6
203	05.08.2025 18:42:22,000	16,85	5,34	61,7	-14,5	13,9	0	3,6
204	05.08.2025 18:42:23,000	16,79	5,36	60,9	-15,4	13,7	0	3,6
205	05.08.2025 18:42:24,000	16,73	5,38	59,5	-15,4	15,0	0	3,6
206	05.08.2025 18:42:25,000	16,70	5,40	61,0	-15,1	13,9	0	3,6
207	05.08.2025 18:42:26,000	16,64	5,41	63,9	-12,6	13,5	0	3,6
208	05.08.2025 18:42:27,000	16,64	5,44	63,6	-10,4	16,0	0	3,6
209	05.08.2025 18:42:28,000	16,64	5,41	66,1	-8,0	15,9	0	3,6
210	05.08.2025 18:42:29,000	16,64	5,46	70,0	-4,9	15,1	0	3,6
211	05.08.2025 18:42:30,000	16,64	5,46	71,7	-2,2	16,1	0	3,6
212	05.08.2025 18:42:31,000	16,64	5,48	73,5	0,7	15,8	0	3,6
213	05.08.2025 18:42:32,000	16,64	5,51	70,9	1,0	18,1	0	3,6
214	05.08.2025 18:42:33,000	16,58	5,55	70,7	2,6	16,7	0	3,6
215	05.08.2025 18:42:34,000	16,55	5,57	71,1	4,6	14,4	0	3,6
216	05.08.2025 18:42:35,000	16,52	5,57	68,8	4,8	16,4	0	3,6
217	05.08.2025 18:42:36,000	16,46	5,61	66,5	7,8	15,7	0	3,6
218	05.08.2025 18:42:37,000	16,43	5,61	64,3	9,6	16,1	0	3,6
219	05.08.2025 18:42:38,000	16,43	5,63	61,7	11,9	16,4	0	3,6
220	05.08.2025 18:42:39,000	16,40	5,65	59,3	12,8	17,9	0	3,6
221	05.08.2025 18:42:40,000	16,33	5,67	61,2	12,8	16,0	0	3,6
222	05.08.2025 18:42:41,000	16,27	5,68	61,2	11,9	16,9	0	3,6
223	05.08.2025 18:42:42,000	16,21	5,70	61,9	11,1	17,0	0	3,6
224	05.08.2025 18:42:43,000	16,18	5,72	63,2	10,9	15,9	0	3,6
225	05.08.2025 18:42:44,000	16,15	5,72	62,7	10,1	17,2	0	3,6
226	05.08.2025 18:42:45,000	16,09	5,76	62,4	10,3	17,3	0	3,6
227	05.08.2025 18:42:46,000	16,06	5,81	63,0	10,5	16,5	0	3,6
228	05.08.2025 18:42:47,000	16,03	5,80	63,2	10,7	16,2	0	3,6
229	05.08.2025 18:42:48,000	16,03	5,85	63,0	9,6	17,4	0	3,6
230	05.08.2025 18:42:49,000	16,00	5,85	62,9	9,2	17,9	0	3,6
231	05.08.2025 18:42:50,000	15,94	5,91	63,7	9,4	16,9	0	3,6
232	05.08.2025 18:42:51,000	15,91	5,91	63,0	9,8	17,2	0	3,6
233	05.08.2025 18:42:52,000	15,88	5,95	63,0	9,2	17,8	0	3,6
234	05.08.2025 18:42:53,000	15,82	5,97	64,5	8,4	17,1	0	3,6
235	05.08.2025 18:42:54,000	15,73	6,01	66,0	6,7	17,4	0	3,6
236	05.08.2025 18:42:55,000	15,67	6,05	66,8	4,7	18,5	0	3,6
237	05.08.2025 18:42:56,000	15,58	6,09	69,1	4,1	16,8	0	3,6
238	05.08.2025 18:42:57,000	15,55	6,11	70,8	3,5	15,6	0	3,6
239	05.08.2025 18:42:58,000	15,48	6,13	68,9	2,5	18,5	0	3,6
240	05.08.2025 18:42:59,000	15,45	6,17	70,3	2,3	17,4	0	3,6
241	05.08.2025 18:43:00,000	15,42	6,19	68,5	-1,4	20,1	0	3,6
242	05.08.2025 18:43:01,000	15,36	6,21	59,6	-5,8	24,6	0	-13,7
243	05.08.2025 18:43:02,000	15,33	6,20	57,2	-7,6	25,2	0	-17,4
244	05.08.2025 18:43:03,000	15,33	6,23	69,1	-4,5	16,4	0	-17,4
245	05.08.2025 18:43:04,000	15,30	6,30	74,2	0,3	15,5	0	-17,4
246	05.08.2025 18:43:05,000	15,27	6,32	70,7	2,0	17,3	0	-17,4
247	05.08.2025 18:43:06,000	15,24	6,31	70,0	3,3	16,6	0	-17,4
248	05.08.2025 18:43:07,000	15,18	6,35	69,3	5,0	15,8	0	-17,4
249	05.08.2025 18:43:08,000	15,15	6,38	68,3	5,7	16,0	0	-17,4
250	05.08.2025 18:43:09,000	15,12	6,42	66,6	5,4	17,9	0	-17,4
251	05.08.2025 18:43:10,000	15,09	6,44	66,7	6,5	16,8	0	-17,4
252	05.08.2025 18:43:11,000	15,06	6,44	67,3	6,1	16,6	0	-17,4
253	05.08.2025 18:43:12,000	14,99	6,50	68,5	4,5	17,0	0	-17,4
254	05.08.2025 18:43:13,000	14,99	6,50	72,1	2,1	15,8	0	-17,4
255	05.08.2025 18:43:14,000	14,96	6,55	72,5	1,0	16,5	0	-17,4
256	05.08.2025 18:43:15,000	14,96	6,59	71,9	0,5	17,6	0	-17,4
257	05.08.2025 18:43:16,000	14,93	6,61	72,0	-0,4	17,6	0	-17,4
258	05.08.2025 18:43:17,000	14,90	6,63	68,1	1,9	20,0	0	-17,4
259	05.08.2025 18:43:18,000	14,87	6,63	62,8	-0,7	26,4	0	-1,7
260	05.08.2025 18:43:19,000	14,84	6,65	60,6	-2,7	26,7	0	-5,9
261	05.08.2025 18:43:20,000	14,81	6,65	59,3	-3,7	27,0	0	-8,1
262	05.08.2025 18:43:21,000	14,81	6,70	58,7	-4,1	27,2	0	-8,8
263	05.08.2025 18:43:22,000	14,81	6,67	58,0	-4,5	27,5	0	-9,6
264	05.08.2025 18:43:23,000	14,84	6,67	57,8	-4,4	27,8	0	-9,3
265	05.08.2025 18:43:24,000	14,84	6,70	58,1	-4,6	27,3	0	-10,0
266	05.08.2025 18:43:25,000	14,84	6,67	58,1	-4,5	27,5	0	-9,7
267	05.08.2025 18:43:26,000	14,87	6,70	58,2	-4,3	27,5	0	-9,3
268	05.08.2025 18:43:27,000	14,87	6,70	57,9	-4,1	28,0	0	-8,7
269	05.08.2025 18:43:28,000	14,87	6,70	56,2	-5,3	28,5	0	-11,0
270	05.08.2025 18:43:29,000	14,87	6,70	54,0	-7,1	28,8	0	-14,5
271	05.08.2025 18:43:30,000	14,87	6,72	62,5	-6,5	21,0	0	-14,5
272	05.08.2025 18:43:31,000	14,87	6,75	67,4	-6,5	16,1	0	-14,5
273	05.08.2025 18:43:32,000	14,84	6,79	66,0	-7,3	16,7	0	-14,5
274	05.08.2025 18:43:33,000	14,78	6,81	62,7	-11,0	16,3	0	-14,5
275	05.08.2025 18:43:34,000	14,72	6,85	62,4	-11,9	15,7	0	-14,5
276	05.08.2025 18:43:35,000	14,69	6,85	61,9	-11,3	16,8	0	-14,5
277	05.08.2025 18:43:36,000	14,66	6,84	57,9	-14,2	17,8	0	-38,8
278	05.08.2025 18:43:37,000	14,63	6,87	54,9	-15,4	19,7	0	-38,2
279	05.08.2025 18:43:38,000	14,63	6,84	57,4	-7,1	25,5	0	-16,0
280	05.08.2025 18:43:39,000	14,63	6,82	64,5	-0,1	25,4	0	-0,3
281	05.08.2025 18:43:40,000	14,66	6,77	44,1	-5,0	40,9	0	-7,7
282	05.08.2025 18:43:41,000	14,63	6,77	51,9	-8,4	29,7	0	-16,5
283	05.08.2025 18:43:42,000	14,63	6,79	61,0	-5,6	23,4	0	-13,9
284	05.08.2025 18:43:43,000	14,63	6,77	61,2	-6,5	22,3	0	-13,9
285	05.08.2025 18:43:44,000	14,60	6,77	60,9	-7,0	22,1	0	-13,9
286	05.08.2025 18:43:45,000	14,60	6,79	57,2	-8,6	24,2	0	-20,1
287	05.08.2025 18:43:46,000	14,60	6,77	52,9	-10,5	26,6	0	-22,2
288	05.08.2025 18:43:47,000	14,63	6,77	50,5	-12,1	27,4	0	-24,6
289	05.08.2025 18:43:48,000	14,60	6,77	48,1	-14,4	27,5	0	-28,5
290	05.08.2025 18:43:49,000	14,60	6,77	45,6	-15,6	28,8	0	-29,3
291	05.08.2025 18:43:50,000	14,60	6,77	45,9	-15,2	28,9	0	-28,8
292	05.08.2025 18:43:51,000	14,63	6,77	43,8	-15,7	30,5	0	-28,3
293	05.08.2025 18:43:52,000	14,63	6,77	41,2	-16,3	32,5	0	-27,8
294	05.08.2025 18:43:53,000	14,63	6,79	43,9	-15,2	30,8	0	-27,4
295	05.08.2025 18:43:54,000	14,63	6,77	42,5	-15,1	32,5	0	-26,1
296	05.08.2025 18:43:55,000	14,63	6,77	39,8	-16,6	33,7	0	-27,6
297	05.08.2025 18:43:56,000	14,63	6,77	41,8	-15,3	32,8	0	-26,3
298	05.08.2025 18:43:57,000	14,63	6,79	41,5	-15,1	33,5	0	-25,5
299	05.08.2025 18:43:58,000	14,60	6,79	39,1	-16,9	34,0	0	-27,7
300	05.08.2025 18:43:59,000	14,60	6,82	40,3	-14,6	35,0	0	-24,1
301	05.08.2025 18:44:00,000	14,53	6,79	40,3	-14,8	34,9	0	-24,3
302	05.08.2025 18:44:01,000	14,50	6,81	39,6	-15,3	35,1	0	-25,0
303	05.08.2025 18:44:02,000	14,44	6,80	38,2	-15,5	36,3	0	-24,7
304	05.08.2025 18:44:03,000	14,41	6,80	42,3	-12,3	35,4	0	-20,4
305	05.08.2025 18:44:04,000	14,35	6,84	41,9	-12,8	35,3	0	-21,2
306	05.08.2025 18:44:05,000	14,32	6,81	41,7	-11,2	37,1	0	-18,1
307	05.08.2025 18:44:06,000	14,29	6,81	41,2	-12,3	36,6	0	-19,9
308	05.08.2025 18:44:07,000	14,22	6,83	40,0	-13,0	37,0	0	-20,8
309	05.08.2025 18:44:08,000	14,22	6,80	39,1	-14,2	36,7	0	-22,7
310	05.08.2025 18:44:09,000	14,22	6,83	39,0	-13,5	37,5	0	-21,3
311	05.08.2025 18:44:10,000	14,22	6,83	38,9	-14,6	36,4	0	-23,4
312	05.08.2025 18:44:11,000	14,22	6,83	39,5	-14,9	35,6	0	-24,2
313	05.08.2025 18:44:12,000	14,22	6,85	39,9	-14,8	35,3	0	-24,1
314	05.08.2025 18:44:13,000	14,22	6,85	40,5	-14,1	35,5	0	-23,0
315	05.08.2025 18:44:14,000	14,19	6,87	40,1	-15,6	34,3	0	-25,9
316	05.08.2025 18:44:15,000	14,19	6,87	41,7	-14,0	34,3	0	-23,5
317	05.08.2025 18:44:16,000	14,16	6,89	42,6	-12,1	35,3	0	-20,3
318	05.08.2025 18:44:17,000	14,10	6,88	43,9	-9,9	36,2	0	-16,4
319	05.08.2025 18:44:18,000	14,04	6,90	39,7	-14,0	36,2	0	-22,6
320	05.08.2025 18:44:19,000	14,01	6,90	42,4	-9,9	37,7	0	-15,8
321	05.08.2025 18:44:20,000	14,01	6,90	40,2	-12,3	37,5	0	-19,6
322	05.08.2025 18:44:21,000	14,01	6,92	43,8	-8,3	37,8	0	-13,5
323	05.08.2025 18:44:22,000	14,01	6,92	40,2	-11,0	38,8	0	-17,2
324	05.08.2025 18:44:23,000	14,01	6,90	37,8	-11,8	40,5	0	-17,7
325	05.08.2025 18:44:24,000	14,01	6,92	40,9	-10,0	39,2	0	-15,5
326	05.08.2025 18:44:25,000	14,01	6,92	39,3	-10,3	40,4	0	-15,7
327	05.08.2025 18:44:26,000	14,04	6,93	39,3	-8,9	41,8	0	-13,2
328	05.08.2025 18:44:27,000	14,04	6,95	34,6	-13,7	41,6	0	-20,1
329	05.08.2025 18:44:28,000	14,04	6,95	42,5	-7,6	39,9	0	-11,7
330	05.08.2025 18:44:29,000	14,04	6,95	38,7	-10,1	41,3	0	-15,1
331	05.08.2025 18:44:30,000	14,04	6,97	38,4	-10,4	41,3	0	-15,5
332	05.08.2025 18:44:31,000	14,01	6,97	38,6	-10,5	40,9	0	-15,9
333	05.08.2025 18:44:32,000	14,01	6,97	37,7	-11,2	41,0	0	-16,8
334	05.08.2025 18:44:33,000	14,01	6,99	39,1	-10,1	40,8	0	-15,3
335	05.08.2025 18:44:34,000	14,01	6,99	35,3	-12,2	42,5	0	-17,7
336	05.08.2025 18:44:35,000	14,01	6,97	42,0	-6,4	41,7	0	-9,6
337	05.08.2025 18:44:36,000	14,01	7,02	37,4	-10,2	42,4	0	-15,0
338	05.08.2025 18:44:37,000	14,01	7,02	41,3	-7,4	41,3	0	-11,2
339	05.08.2025 18:44:38,000	14,04	7,02	39,8	-8,7	41,5	0	-13,0
340	05.08.2025 18:44:39,000	14,04	7,04	34,6	-11,1	44,2	0	-15,8
341	05.08.2025 18:44:40,000	14,04	7,04	41,2	-6,7	42,1	0	-10,0
342	05.08.2025 18:44:41,000	13,98	7,06	38,4	-10,5	41,1	0	-15,7
343	05.08.2025 18:44:42,000	13,98	7,11	40,0	-9,2	40,8	0	-14,0
344	05.08.2025 18:44:43,000	13,95	7,10	37,2	-10,4	42,4	0	-15,2
345	05.08.2025 18:44:44,000	13,91	7,13	37,9	-10,5	41,6	0	-15,7
346	05.08.2025 18:44:45,000	13,88	7,17	37,9	-11,2	40,9	0	-16,7
347	05.08.2025 18:44:46,000	13,85	7,17	36,3	-12,0	41,7	0	-17,7
348	05.08.2025 18:44:47,000	13,85	7,19	39,8	-10,7	39,5	0	-16,4
349	05.08.2025 18:44:48,000	13,82	7,21	38,7	-11,5	39,8	0	-17,5
350	05.08.2025 18:44:49,000	13,76	7,23	35,8	-13,8	40,5	0	-20,6
351	05.08.2025 18:44:50,000	13,73	7,25	38,5	-11,3	40,2	0	-17,2
352	05.08.2025 18:44:51,000	13,67	7,27	39,1	-12,2	38,7	0	-19,0
353	05.08.2025 18:44:52,000	13,63	7,29	37,3	-13,8	38,8	0	-21,2
354	05.08.2025 18:44:53,000	13,60	7,28	34,1	-14,8	41,1	0	-21,6
355	05.08.2025 18:44:54,000	13,57	7,30	36,3	-14,5	39,2	0	-22,0
356	05.08.2025 18:44:55,000	13,54	7,32	37,9	-13,8	38,3	0	-21,5
357	05.08.2025 18:44:56,000	13,51	7,32	38,5	-14,4	37,1	0	-22,7
358	05.08.2025 18:44:57,000	13,51	7,37	36,5	-14,9	38,6	0	-22,8
359	05.08.2025 18:44:58,000	13,48	7,39	34,8	-15,4	39,7	0	-23,0
360	05.08.2025 18:44:59,000	13,48	7,39	36,7	-15,1	38,2	0	-23,2
361	05.08.2025 18:45:00,000	13,48	7,41	37,7	-13,5	38,8	0	-20,8
362	05.08.2025 18:45:01,000	13,48	7,41	37,7	-13,3	39,0	0	-20,4
363	05.08.2025 18:45:02,000	13,42	7,48	37,5	-13,7	38,7	0	-21,2
364	05.08.2025 18:45:03,000	13,38	7,50	38,5	-13,0	38,5	0	-20,1
365	05.08.2025 18:45:04,000	13,35	7,52	36,1	-13,8	40,0	0	-20,7
366	05.08.2025 18:45:05,000	13,32	7,51	36,0	-14,4	39,6	0	-21,7
367	05.08.2025 18:45:06,000	13,32	7,54	35,4	-13,4	41,2	0	-19,7
368	05.08.2025 18:45:07,000	13,32	7,56	35,4	-12,9	41,7	0	-19,0
369	05.08.2025 18:45:08,000	13,26	7,60	34,4	-14,7	40,9	0	-21,6
370	05.08.2025 18:45:09,000	13,20	7,62	34,6	-13,6	41,8	0	-19,8
371	05.08.2025 18:45:10,000	13,13	7,66	35,9	-12,7	41,4	0	-18,7
372	05.08.2025 18:45:11,000	13,04	7,67	38,3	-11,7	40,0	0	-17,8
373	05.08.2025 18:45:12,000	12,94	7,74	36,6	-14,0	39,4	0	-21,2
374	05.08.2025 18:45:13,000	12,85	7,77	36,5	-17,4	36,1	0	-27,2
375	05.08.2025 18:45:14,000	12,76	7,79	35,2	-20,5	34,3	0	-32,2
376	05.08.2025 18:45:15,000	12,69	7,80	31,3	-17,4	41,3	0	-24,9
377	05.08.2025 18:45:16,000	12,66	7,80	28,8	-16,7	44,5	0	-22,9
378	05.08.2025 18:45:17,000	12,63	7,80	27,7	-16,3	46,0	0	-21,8
379	05.08.2025 18:45:18,000	12,60	7,82	25,9	-13,1	51,0	0	-16,8
380	05.08.2025 18:45:19,000	12,57	7,89	33,7	-11,7	44,6	0	-16,5
381	05.08.2025 18:45:20,000	12,50	7,90	34,2	-5,8	50,0	0	-7,6
382	05.08.2025 18:45:21,000	12,44	7,92	37,2	-5,9	46,9	0	-8,1
383	05.08.2025 18:45:22,000	12,44	7,92	38,6	-8,1	43,3	0	-11,8
384	05.08.2025 18:45:23,000	12,44	7,94	38,2	-8,1	43,7	0	-11,7
385	05.08.2025 18:45:24,000	12,44	7,97	38,5	-6,1	45,4	0	-8,6
386	05.08.2025 18:45:25,000	12,41	7,96	40,3	-8,6	41,1	0	-13,0
387	05.08.2025 18:45:26,000	12,41	7,99	41,0	-7,7	41,3	0	-11,7
388	05.08.2025 18:45:27,000	12,41	8,04	40,3	-6,3	43,4	0	-9,1
389	05.08.2025 18:45:28,000	12,38	8,03	40,9	-6,5	42,6	0	-9,6
390	05.08.2025 18:45:29,000	12,38	8,03	40,6	-7,6	41,8	0	-11,4
391	05.08.2025 18:45:30,000	12,34	8,03	40,7	-5,2	44,2	0	-7,4
392	05.08.2025 18:45:31,000	12,28	8,12	42,7	-4,4	42,8	0	-6,5
393	05.08.2025 18:45:32,000	12,22	8,11	43,5	-3,4	43,1	0	-5,0
394	05.08.2025 18:45:33,000	12,12	8,17	44,3	-3,4	42,3	0	-5,1
395	05.08.2025 18:45:34,000	12,03	8,21	45,0	-2,3	42,7	0	-3,4
396	05.08.2025 18:45:35,000	11,83	8,31	45,5	-2,3	42,3	0	-3,4
397	05.08.2025 18:45:36,000	11,58	8,31	44,9	-2,2	42,9	0	-3,2
398	05.08.2025 18:45:37,000	11,45	8,29	44,8	-2,5	42,6	0	-3,7
399	05.08.2025 18:45:38,000	11,38	8,31	46,2	-1,5	42,3	0	-2,3
400	05.08.2025 18:45:39,000	11,35	8,31	46,2	-2,4	41,4	0	-3,7
401	05.08.2025 18:45:40,000	11,32	8,33	45,1	-2,0	42,9	0	-2,9
402	05.08.2025 18:45:41,000	11,26	8,34	45,5	-2,7	41,8	0	-4,0
403	05.08.2025 18:45:42,000	11,22	8,39	46,6	-1,8	41,6	0	-2,7
404	05.08.2025 18:45:43,000	11,13	8,45	46,3	-2,2	41,5	0	-3,3
405	05.08.2025 18:45:44,000	10,96	8,53	46,4	-2,7	40,9	0	-4,2
406	05.08.2025 18:45:45,000	10,87	8,52	47,4	-2,7	39,9	0	-4,1
407	05.08.2025 18:45:46,000	10,67	8,52	49,8	0,2	40,0	0	0,3
408	05.08.2025 18:45:47,000	10,48	8,57	46,7	-2,9	40,4	0	-4,5
409	05.08.2025 18:45:48,000	10,25	8,60	48,4	-2,7	38,8	0	-4,3
410	05.08.2025 18:45:49,000	10,08	8,63	47,2	-3,8	39,0	0	-6,1
411	05.08.2025 18:45:50,000	9,92	8,66	47,0	-3,5	39,4	0	-5,6
412	05.08.2025 18:45:51,000	9,78	8,69	46,7	-4,3	39,0	0	-6,9
413	05.08.2025 18:45:52,000	9,59	8,72	45,1	-6,5	38,4	0	-10,4
414	05.08.2025 18:45:53,000	9,55	8,72	43,9	-6,6	39,5	0	-10,3
415	05.08.2025 18:45:54,000	9,49	8,76	44,7	-6,1	39,2	0	-9,7
416	05.08.2025 18:45:55,000	9,35	8,79	43,9	-6,8	39,3	0	-10,7
417	05.08.2025 18:45:56,000	9,29	8,81	43,8	-6,6	39,7	0	-10,3
418	05.08.2025 18:45:57,000	9,15	8,84	44,6	-5,8	39,7	0	-9,0
419	05.08.2025 18:45:58,000	9,05	8,83	41,5	-9,6	38,9	0	-15,1
420	05.08.2025 18:45:59,000	8,95	8,87	39,3	-11,4	39,3	0	-17,6
421	05.08.2025 18:46:00,000	8,85	8,86	42,2	-3,3	44,5	0	-4,7
422	05.08.2025 18:46:01,000	8,82	8,90	43,7	-5,9	40,4	0	-9,0
423	05.08.2025 18:46:02,000	8,82	8,90	43,6	-6,7	39,7	0	-10,5
424	05.08.2025 18:46:03,000	8,85	8,90	44,5	-5,5	40,0	0	-8,5
425	05.08.2025 18:46:04,000	8,88	8,93	44,3	-4,8	41,0	0	-7,3
426	05.08.2025 18:46:05,000	8,92	8,93	43,8	-6,2	40,0	0	-9,7
427	05.08.2025 18:46:06,000	8,92	8,93	44,9	-5,4	39,7	0	-8,5
428	05.08.2025 18:46:07,000	8,95	8,94	43,8	-6,5	39,8	0	-10,1
429	05.08.2025 18:46:08,000	8,99	8,96	44,7	-6,1	39,2	0	-9,7
430	05.08.2025 18:46:09,000	8,99	9,01	45,9	-4,8	39,2	0	-7,7
431	05.08.2025 18:46:10,000	8,95	9,03	44,5	-4,9	40,5	0	-7,6
432	05.08.2025 18:46:11,000	8,92	9,05	45,3	-6,1	38,6	0	-9,7
433	05.08.2025 18:46:12,000	8,88	9,07	45,8	-6,2	38,1	0	-10,0
434	05.08.2025 18:46:13,000	8,88	9,09	44,1	-6,7	39,2	0	-10,6
435	05.08.2025 18:46:14,000	8,85	9,11	44,6	-6,2	39,2	0	-9,8
436	05.08.2025 18:46:15,000	8,68	9,19	44,9	-6,4	38,8	0	-10,1
437	05.08.2025 18:46:16,000	8,55	9,20	44,1	-7,0	38,9	0	-11,2
438	05.08.2025 18:46:17,000	8,48	9,22	44,2	-6,3	39,5	0	-9,9
439	05.08.2025 18:46:18,000	8,34	9,28	44,0	-6,8	39,2	0	-10,7
440	05.08.2025 18:46:19,000	8,21	9,28	44,1	-7,6	38,3	0	-12,2
441	05.08.2025 18:46:20,000	8,11	9,32	42,7	-7,4	39,9	0	-11,5
442	05.08.2025 18:46:21,000	8,04	9,31	42,8	-8,5	38,7	0	-13,5
443	05.08.2025 18:46:22,000	7,93	9,35	42,2	-9,5	38,3	0	-15,1
444	05.08.2025 18:46:23,000	7,87	9,34	42,0	-7,0	41,0	0	-10,7
445	05.08.2025 18:46:24,000	7,80	9,41	42,2	-7,8	40,0	0	-12,0
446	05.08.2025 18:46:25,000	7,73	9,40	42,3	-8,3	39,4	0	-13,0
447	05.08.2025 18:46:26,000	7,73	9,45	42,3	-7,1	40,6	0	-10,9
448	05.08.2025 18:46:27,000	7,69	9,44	40,7	-8,4	40,9	0	-12,7
449	05.08.2025 18:46:28,000	7,63	9,51	42,5	-6,8	40,8	0	-10,3
450	05.08.2025 18:46:29,000	7,59	9,53	41,7	-7,9	40,4	0	-12,1
451	05.08.2025 18:46:30,000	7,56	9,52	41,6	-7,4	41,0	0	-11,3
452	05.08.2025 18:46:31,000	7,45	9,56	40,8	-6,5	42,7	0	-9,6
453	05.08.2025 18:46:32,000	7,38	9,58	41,4	-5,8	42,9	0	-8,5
454	05.08.2025 18:46:33,000	7,38	9,60	41,7	-5,9	42,5	0	-8,7
455	05.08.2025 18:46:34,000	7,42	9,63	40,1	-7,9	42,0	0	-11,7
456	05.08.2025 18:46:35,000	7,35	9,67	42,0	-6,1	41,9	0	-9,1
457	05.08.2025 18:46:36,000	7,28	9,68	39,4	-9,6	41,0	0	-14,5
458	05.08.2025 18:46:37,000	7,25	9,70	40,3	-8,1	41,6	0	-12,2
459	05.08.2025 18:46:38,000	7,21	9,72	43,0	-6,0	40,9	0	-9,2
460	05.08.2025 18:46:39,000	7,18	9,74	39,6	-9,7	40,6	0	-14,8
461	05.08.2025 18:46:40,000	7,18	9,77	40,9	-7,3	41,8	0	-10,9
462	05.08.2025 18:46:41,000	7,18	9,77	38,4	-10,3	41,3	0	-15,5
463	05.08.2025 18:46:42,000	7,14	9,81	38,5	-9,6	42,0	0	-14,2
464	05.08.2025 18:46:43,000	7,11	9,85	39,8	-7,4	42,8	0	-10,8
465	05.08.2025 18:46:44,000	7,00	9,84	37,7	-8,8	43,5	0	-12,8
466	05.08.2025 18:46:45,000	7,00	9,87	38,4	-6,9	44,8	0	-9,8
467	05.08.2025 18:46:46,000	6,97	9,89	40,6	-6,1	43,3	0	-9,0
468	05.08.2025 18:46:47,000	6,93	9,91	39,4	-7,3	43,3	0	-10,6
469	05.08.2025 18:46:48,000	6,90	9,93	37,3	-9,1	43,6	0	-13,1
470	05.08.2025 18:46:49,000	6,90	9,95	39,8	-8,5	41,7	0	-12,7
471	05.08.2025 18:46:50,000	6,90	10,00	39,9	-7,9	42,2	0	-11,8
472	05.08.2025 18:46:51,000	6,90	10,00	36,9	-8,4	44,7	0	-11,9
473	05.08.2025 18:46:52,000	6,86	10,04	38,2	-8,9	42,8	0	-13,1
474	05.08.2025 18:46:53,000	6,79	10,08	42,6	-12,9	34,5	0	-21,8
475	05.08.2025 18:46:54,000	6,76	10,08	31,8	-15,9	42,3	0	-22,6
476	05.08.2025 18:46:55,000	6,72	10,10	29,7	-15,5	44,7	0	-21,3
477	05.08.2025 18:46:56,000	6,72	10,10	31,8	-17,0	41,2	0	-24,5
478	05.08.2025 18:46:57,000	6,72	10,12	32,3	-14,2	43,5	0	-20,0
479	05.08.2025 18:46:58,000	6,72	10,14	33,7	-13,4	42,9	0	-19,3
480	05.08.2025 18:46:59,000	6,69	10,19	35,5	-13,3	41,2	0	-19,6
481	05.08.2025 18:47:00,000	6,58	10,22	37,1	-10,3	42,6	0	-15,0
482	05.08.2025 18:47:01,000	6,58	10,22	39,8	-7,5	42,7	0	-11,0
483	05.08.2025 18:47:02,000	6,55	10,24	40,8	-5,2	43,9	0	-7,5
484	05.08.2025 18:47:03,000	6,55	10,27	42,3	-2,9	44,8	0	-4,1
485	05.08.2025 18:47:04,000	6,55	10,29	45,5	-2,8	41,8	0	-4,2
486	05.08.2025 18:47:05,000	6,58	10,27	47,0	-2,4	40,6	0	-3,7
487	05.08.2025 18:47:06,000	6,58	10,32	45,7	-2,7	41,6	0	-4,0
488	05.08.2025 18:47:07,000	6,58	10,34	46,6	-2,5	40,9	0	-3,8
489	05.08.2025 18:47:08,000	6,58	10,34	50,2	-2,4	37,4	0	-4,0
490	05.08.2025 18:47:09,000	6,58	10,37	48,7	-3,0	38,3	0	-4,8
491	05.08.2025 18:47:10,000	6,58	10,37	48,7	-2,4	38,9	0	-3,9
492	05.08.2025 18:47:11,000	6,58	10,41	49,6	-2,1	38,3	0	-3,4
493	05.08.2025 18:47:12,000	6,55	10,46	51,9	-2,1	36,0	0	-3,5
494	05.08.2025 18:47:13,000	6,48	10,47	51,6	-2,0	36,4	0	-3,4
495	05.08.2025 18:47:14,000	6,41	10,49	49,4	-2,2	38,4	0	-3,6
496	05.08.2025 18:47:15,000	6,41	10,51	49,1	-2,9	38,0	0	-4,8
497	05.08.2025 18:47:16,000	6,41	10,54	49,8	-3,1	37,1	0	-5,2
498	05.08.2025 18:47:17,000	6,41	10,56	49,7	-3,1	37,2	0	-5,2
499	05.08.2025 18:47:18,000	6,37	10,60	48,6	-3,2	38,2	0	-5,1
500	05.08.2025 18:47:19,000	6,37	10,60	47,8	-3,5	38,7	0	-5,7
501	05.08.2025 18:47:20,000	6,41	10,63	49,1	-2,7	38,2	0	-4,5
502	05.08.2025 18:47:21,000	6,41	10,65	48,9	-3,4	37,7	0	-5,6
503	05.08.2025 18:47:22,000	6,41	10,68	48,0	-3,1	38,9	0	-5,0
504	05.08.2025 18:47:23,000	6,41	10,70	48,0	-3,2	38,8	0	-5,1
505	05.08.2025 18:47:24,000	6,41	10,72	49,3	-3,1	37,6	0	-5,1
506	05.08.2025 18:47:25,000	6,41	10,77	48,6	-3,4	38,0	0	-5,6
507	05.08.2025 18:47:26,000	6,41	10,79	48,2	-3,5	38,4	0	-5,6
508	05.08.2025 18:47:27,000	6,41	10,82	48,4	-3,3	38,3	0	-5,4
509	05.08.2025 18:47:28,000	6,37	10,88	48,6	-3,8	37,6	0	-6,3
510	05.08.2025 18:47:29,000	6,30	10,90	49,0	-3,9	37,1	0	-6,5
511	05.08.2025 18:47:30,000	6,27	10,92	48,5	-3,7	37,8	0	-6,0
512	05.08.2025 18:47:31,000	6,23	10,94	48,7	-3,7	37,6	0	-6,1
513	05.08.2025 18:47:32,000	6,19	10,98	50,0	-3,9	36,0	0	-6,7
514	05.08.2025 18:47:33,000	6,16	11,00	48,9	-3,4	37,7	0	-5,5
515	05.08.2025 18:47:34,000	6,12	11,02	48,7	-3,9	37,4	0	-6,5
516	05.08.2025 18:47:35,000	6,09	11,02	50,4	-3,0	36,6	0	-5,0
517	05.08.2025 18:47:36,000	6,09	11,07	48,8	-3,7	37,5	0	-6,1
518	05.08.2025 18:47:37,000	6,09	11,09	48,9	-3,5	37,6	0	-5,8
519	05.08.2025 18:47:38,000	6,09	11,14	50,8	-3,6	35,5	0	-6,2
520	05.08.2025 18:47:39,000	6,09	11,16	49,6	-4,4	36,1	0	-7,5
521	05.08.2025 18:47:40,000	6,05	11,20	47,7	-4,6	37,7	0	-7,5
522	05.08.2025 18:47:41,000	6,05	11,23	48,7	-4,2	37,1	0	-6,9
523	05.08.2025 18:47:42,000	6,02	11,25	50,5	-3,9	35,6	0	-6,7
524	05.08.2025 18:47:43,000	5,87	11,33	48,6	-4,0	37,5	0	-6,5
525	05.08.2025 18:47:44,000	5,73	11,34	47,2	-3,8	39,0	0	-6,1
526	05.08.2025 18:47:45,000	5,62	11,37	51,9	-2,9	35,3	0	-5,0
527	05.08.2025 18:47:46,000	5,55	11,39	52,5	-3,2	34,3	0	-5,7
528	05.08.2025 18:47:47,000	5,55	11,41	50,1	-3,5	36,4	0	-5,9
529	05.08.2025 18:47:48,000	5,55	11,43	51,8	-4,4	33,8	0	-7,9
530	05.08.2025 18:47:49,000	5,55	11,46	53,5	-4,3	32,2	0	-8,1
531	05.08.2025 18:47:50,000	5,55	11,51	52,1	-4,4	33,5	0	-7,9
532	05.08.2025 18:47:51,000	5,52	11,55	51,6	-5,0	33,4	0	-9,0
533	05.08.2025 18:47:52,000	5,52	11,57	51,8	-4,9	33,3	0	-9,0
534	05.08.2025 18:47:53,000	5,52	11,60	52,2	-6,1	31,7	0	-11,6
535	05.08.2025 18:47:54,000	5,52	11,60	52,9	-6,0	31,1	0	-11,5
536	05.08.2025 18:47:55,000	5,48	11,62	50,4	-7,2	32,4	0	-13,3
537	05.08.2025 18:47:56,000	5,48	11,64	39,3	-12,3	38,4	0	-19,2
538	05.08.2025 18:47:57,000	5,41	11,66	12,8	-11,7	65,5	1	-13,1
539	05.08.2025 18:47:58,000	5,34	11,67	5,2	-20,8	64,1	0	-21,9
540	05.08.2025 18:47:59,000	5,30	11,67	-0,9	-17,7	71,4	0	-17,9
541	05.08.2025 18:48:00,000	5,30	11,67	-0,6	-9,0	80,4	0	-9,0
542	05.08.2025 18:48:01,000	5,26	11,69	-0,1	-3,2	86,7	0	-3,2
543	05.08.2025 18:48:02,000	5,19	11,70	-1,8	-5,7	82,5	0	-5,8
544	05.08.2025 18:48:03,000	5,12	11,67	0,0	-6,1	83,9	0	-6,1
545	05.08.2025 18:48:04,000	5,12	11,67	-5,8	-4,1	80,1	0	-4,2
546	05.08.2025 18:48:05,000	5,12	11,67	-4,5	-2,3	83,2	0	-2,4
547	05.08.2025 18:48:06,000	5,12	11,67	-6,9	-6,4	76,7	0	-6,7
548	05.08.2025 18:48:07,000	5,12	11,67	2,1	-4,9	83,0	1	-5,0
549	05.08.2025 18:48:08,000	5,12	11,65	1,4	-15,1	73,6	0	-15,3
550	05.08.2025 18:48:09,000	5,08	11,67	-2,2	-9,4	78,3	0	-9,7
551	05.08.2025 18:48:10,000	5,08	11,67	-9,7	-7,7	72,6	0	-8,2
552	05.08.2025 18:48:11,000	5,05	11,64	0,0	-6,8	83,2	0	-6,8
553	05.08.2025 18:48:12,000	5,05	11,66	-6,0	-4,9	79,1	0	-5,1
554	05.08.2025 18:48:13,000	5,01	11,64	-0,3	-12,6	77,1	0	-12,7
555	05.08.2025 18:48:14,000	4,97	11,66	-9,8	-7,8	72,4	0	-8,3
556	05.08.2025 18:48:15,000	4,97	11,66	-8,5	-5,3	76,1	0	-5,6
557	05.08.2025 18:48:16,000	4,94	11,65	-1,3	-9,4	79,3	0	-9,5
558	05.08.2025 18:48:17,000	4,94	11,65	-10,2	-12,6	67,2	0	-13,8
559	05.08.2025 18:48:18,000	4,90	11,65	-0,7	-3,5	85,8	0	-3,5
560	05.08.2025 18:48:19,000	4,90	11,67	-3,1	-5,2	81,7	0	-5,3
561	05.08.2025 18:48:20,000	4,87	11,65	-6,3	-5,4	78,4	0	-5,6
562	05.08.2025 18:48:21,000	4,87	11,65	-4,6	-1,6	83,8	0	-1,6
563	05.08.2025 18:48:22,000	4,83	11,67	-3,4	-11,9	74,6	0	-12,4
564	05.08.2025 18:48:23,000	4,83	11,67	-2,3	-6,7	81,0	0	-6,8
565	05.08.2025 18:48:24,000	4,79	11,64	-1,6	-16,4	72,0	1	-16,7
566	05.08.2025 18:48:25,000	4,76	11,63	-1,6	-10,8	77,6	0	-10,9
567	05.08.2025 18:48:26,000	4,76	11,66	-7,5	-2,0	80,5	0	-2,0
568	05.08.2025 18:48:27,000	4,76	11,66	-7,7	-5,3	77,0	0	-5,6
569	05.08.2025 18:48:28,000	4,72	11,65	-5,4	-13,5	71,0	0	-14,3
570	05.08.2025 18:48:29,000	4,72	11,63	-5,4	-4,9	79,8	0	-5,1
571	05.08.2025 18:48:30,000	4,68	11,65	-4,1	-5,2	80,7	0	-5,4
572	05.08.2025 18:48:31,000	4,61	11,67	-2,8	-5,3	81,8	1	-5,5
573	05.08.2025 18:48:32,000	4,57	11,66	-9,7	-11,4	68,9	0	-12,4
574	05.08.2025 18:48:33,000	4,57	11,64	6,7	-6,4	76,9	0	-6,7
575	05.08.2025 18:48:34,000	4,57	11,61	-5,1	-8,4	76,6	0	-8,8
576	05.08.2025 18:48:35,000	4,54	11,63	-0,3	-4,8	85,0	0	-4,8
577	05.08.2025 18:48:36,000	4,54	11,63	-3,9	-3,0	83,1	0	-3,1
578	05.08.2025 18:48:37,000	4,50	11,63	-5,4	-10,7	73,9	1	-11,3
579	05.08.2025 18:48:38,000	4,50	11,61	0,3	-13,8	75,8	0	-13,9
580	05.08.2025 18:48:39,000	4,46	11,60	-9,2	-10,5	70,3	1	-11,4
581	05.08.2025 18:48:40,000	4,46	11,63	-1,7	-12,4	75,9	0	-12,6
582	05.08.2025 18:48:41,000	4,43	11,60	-4,7	-5,7	79,6	0	-5,9
583	05.08.2025 18:48:42,000	4,43	11,60	1,1	-10,4	78,5	0	-10,5
584	05.08.2025 18:48:43,000	4,39	11,62	-4,7	-10,3	75,0	0	-10,8
585	05.08.2025 18:48:44,000	4,39	11,62	-8,7	-6,5	74,8	0	-6,9
586	05.08.2025 18:48:45,000	4,39	11,60	-6,2	-2,9	80,9	1	-3,0
587	05.08.2025 18:48:46,000	4,35	11,62	-0,7	-8,2	81,1	0	-8,3
588	05.08.2025 18:48:47,000	4,35	11,62	7,0	-9,4	73,6	0	-10,0
589	05.08.2025 18:48:48,000	4,35	11,59	-7,4	-0,6	82,0	0	-0,6
590	05.08.2025 18:48:49,000	4,35	11,59	-2,0	-9,2	78,8	1	-9,4
591	05.08.2025 18:48:50,000	4,32	11,59	-3,3	-6,9	79,9	0	-7,1
592	05.08.2025 18:48:51,000	4,32	11,59	-2,9	-10,2	76,9	0	-10,5
593	05.08.2025 18:48:52,000	4,32	11,61	-1,1	-8,1	80,8	0	-8,2
594	05.08.2025 18:48:53,000	4,28	11,61	-0,6	-9,3	80,0	0	-9,4
595	05.08.2025 18:48:54,000	4,28	11,58	-4,6	-12,1	73,3	0	-12,7
596	05.08.2025 18:48:55,000	4,28	11,58	-8,7	-8,3	72,9	0	-8,9
597	05.08.2025 18:48:56,000	4,28	11,58	-0,4	-9,5	80,1	0	-9,5
598	05.08.2025 18:48:57,000	4,28	11,58	-9,8	-3,7	76,5	0	-3,9
599	05.08.2025 18:48:58,000	4,28	11,58	-4,9	-5,8	79,3	0	-6,1
600	05.08.2025 18:48:59,000	4,28	11,58	-3,1	-10,0	76,8	0	-10,3
601	05.08.2025 18:49:00,000	4,24	11,58	-3,8	-4,1	82,1	0	-4,2
602	05.08.2025 18:49:01,000	4,24	11,58	-4,2	-8,2	77,5	0	-8,6
603	05.08.2025 18:49:02,000	4,24	11,56	-3,5	-5,2	81,3	0	-5,4
604	05.08.2025 18:49:03,000	4,24	11,58	-2,0	-5,3	82,7	0	-5,4
605	05.08.2025 18:49:04,000	4,24	11,58	2,4	-6,1	81,5	1	-6,2
606	05.08.2025 18:49:05,000	4,20	11,58	-1,3	-4,2	84,6	0	-4,2
607	05.08.2025 18:49:06,000	4,20	11,53	-6,9	-5,5	77,6	0	-5,8
608	05.08.2025 18:49:07,000	4,20	11,58	-0,9	-8,8	80,3	0	-8,9
609	05.08.2025 18:49:08,000	4,20	11,55	-9,7	-5,3	75,1	0	-5,6
610	05.08.2025 18:49:09,000	4,20	11,55	0,9	-4,8	84,3	0	-4,8
611	05.08.2025 18:49:10,000	4,17	11,55	-6,0	-4,7	79,3	0	-4,9
612	05.08.2025 18:49:11,000	4,17	11,57	2,3	-1,1	86,5	0	-1,1
613	05.08.2025 18:49:12,000	4,13	11,57	-5,0	-5,0	80,0	0	-5,2
614	05.08.2025 18:49:13,000	4,13	11,54	-10,5	-6,1	73,4	0	-6,6
615	05.08.2025 18:49:14,000	4,13	11,54	0,5	-6,6	82,8	0	-6,7
616	05.08.2025 18:49:15,000	4,09	11,54	-6,8	-3,0	80,2	0	-3,1
617	05.08.2025 18:49:16,000	4,09	11,54	-8,7	-3,0	78,2	1	-3,1
618	05.08.2025 18:49:17,000	4,09	11,54	-9,7	-2,7	77,5	0	-2,9
619	05.08.2025 18:49:18,000	4,06	11,54	-5,9	-6,0	78,1	1	-6,3
620	05.08.2025 18:49:19,000	4,06	11,54	2,1	-1,1	86,9	0	-1,1
621	05.08.2025 18:49:20,000	4,02	11,56	-2,5	-9,5	78,0	0	-9,7
622	05.08.2025 18:49:21,000	4,02	11,56	-4,3	-11,7	74,0	0	-12,2
623	05.08.2025 18:49:22,000	4,02	11,53	-6,6	-11,0	72,5	0	-11,7
624	05.08.2025 18:49:23,000	3,98	11,53	0,4	-9,8	79,8	0	-9,8
625	05.08.2025 18:49:24,000	3,98	11,53	-2,5	-9,7	77,8	0	-9,9
626	05.08.2025 18:49:25,000	3,98	11,55	-1,2	0,2	88,7	0	0,2
627	05.08.2025 18:49:26,000	3,95	11,53	-2,8	-4,0	83,2	0	-4,1
628	05.08.2025 18:49:27,000	3,95	11,53	-2,6	-14,0	73,3	1	-14,4
629	05.08.2025 18:49:28,000	3,95	11,53	1,6	-3,6	84,8	0	-3,7
630	05.08.2025 18:49:29,000	3,91	11,52	-10,5	-7,0	72,5	0	-7,6
631	05.08.2025 18:49:30,000	3,91	11,50	-7,0	-6,8	76,2	0	-7,1
632	05.08.2025 18:49:31,000	3,91	11,54	4,2	-6,1	79,8	1	-6,3
633	05.08.2025 18:49:32,000	3,91	11,52	-2,2	-1,9	85,9	0	-1,9
634	05.08.2025 18:49:33,000	3,87	11,47	6,3	7,0	76,7	1	7,4
635	05.08.2025 18:49:34,000	3,87	11,54	10,3	-6,7	73,0	0	-7,2
636	05.08.2025 18:49:35,000	3,83	11,51	-0,8	0,8	88,5	1	0,8
637	05.08.2025 18:49:36,000	3,80	11,51	-1,6	-13,0	75,5	0	-13,2
638	05.08.2025 18:49:37,000	3,80	11,51	10,2	-6,6	73,2	0	-7,1
639	05.08.2025 18:49:38,000	3,80	11,49	-0,5	-7,7	81,8	0	-7,7
640	05.08.2025 18:49:39,000	3,76	11,51	-7,5	-8,3	74,2	0	-8,8
641	05.08.2025 18:49:40,000	3,76	11,51	-3,0	-4,0	83,0	0	-4,1
642	05.08.2025 18:49:41,000	3,76	11,51	-6,0	-4,9	79,1	0	-5,1
643	05.08.2025 18:49:42,000	3,76	11,48	-7,0	-7,6	75,4	0	-8,1
644	05.08.2025 18:49:43,000	3,76	11,51	-0,3	-11,7	78,0	0	-11,8
645	05.08.2025 18:49:44,000	3,76	11,51	7,5	-11,5	71,0	0	-12,3
646	05.08.2025 18:49:45,000	3,72	11,48	-1,2	-4,3	84,5	0	-4,4
647	05.08.2025 18:49:46,000	3,72	11,53	-3,6	-12,8	73,7	1	-13,2
648	05.08.2025 18:49:47,000	3,68	11,50	-9,4	-2,1	78,5	0	-2,2
649	05.08.2025 18:49:48,000	3,68	11,50	7,4	-10,7	71,9	0	-11,5
650	05.08.2025 18:49:49,000	3,68	11,50	-4,3	-7,4	78,3	0	-7,7
651	05.08.2025 18:49:50,000	3,68	11,50	3,1	-5,1	81,8	1	-5,3
652	05.08.2025 18:49:51,000	3,65	11,49	3,2	-8,7	78,1	1	-9,0
653	05.08.2025 18:49:52,000	3,65	11,47	-2,2	-6,9	81,0	1	-7,0
654	05.08.2025 18:49:53,000	3,61	11,47	6,7	-0,3	83,1	1	-0,3
655	05.08.2025 18:49:54,000	3,53	11,51	7,1	-12,1	70,8	0	-12,9
656	05.08.2025 18:49:55,000	3,53	11,48	8,2	-8,5	73,4	0	-9,0
657	05.08.2025 18:49:56,000	3,50	11,48	20,3	3,0	66,7	1	3,3
658	05.08.2025 18:49:57,000	3,46	11,47	2,5	-12,2	75,4	0	-12,5
659	05.08.2025 18:49:58,000	3,46	11,47	-3,6	-13,8	72,6	0	-14,3
660	05.08.2025 18:49:59,000	3,46	11,47	4,5	-7,6	77,8	0	-8,0
661	05.08.2025 18:50:00,000	3,46	11,47	0,9	2,7	86,4	0	2,8
662	05.08.2025 18:50:01,000	3,42	11,47	-5,9	-4,6	79,5	0	-4,7
663	05.08.2025 18:50:02,000	3,38	11,47	-6,7	-12,3	71,0	0	-13,1
664	05.08.2025 18:50:03,000	3,38	11,47	3,3	16,9	69,8	1	17,5
665	05.08.2025 18:50:04,000	3,38	11,47	24,2	-9,2	56,6	0	-11,2
666	05.08.2025 18:50:05,000	3,35	11,46	20,1	0,5	69,3	1	0,6
667	05.08.2025 18:50:06,000	3,31	11,46	10,0	-0,2	79,8	0	-0,2
668	05.08.2025 18:50:07,000	3,27	11,45	1,0	-10,5	78,5	0	-10,6
669	05.08.2025 18:50:08,000	3,27	11,48	17,0	-3,4	69,6	1	-3,7
670	05.08.2025 18:50:09,000	3,27	11,45	12,6	-0,6	76,7	0	-0,6
671	05.08.2025 18:50:10,000	3,23	11,40	0,5	-8,2	81,3	1	-8,3
672	05.08.2025 18:50:11,000	3,23	11,45	3,3	-1,8	84,9	0	-1,8
673	05.08.2025 18:50:12,000	3,20	11,45	16,2	-7,1	66,7	1	-7,9
674	05.08.2025 18:50:13,000	3,20	11,45	-1,6	-22,1	66,3	1	-22,5
675	05.08.2025 18:50:14,000	3,16	11,44	-8,4	-15,6	66,0	0	-16,9
676	05.08.2025 18:50:15,000	3,16	11,44	-6,3	-16,8	66,9	0	-17,9
677	05.08.2025 18:50:16,000	3,16	11,42	-1,5	-20,0	68,5	0	-20,4
678	05.08.2025 18:50:17,000	3,16	11,44	-9,5	3,8	76,7	0	4,0
679	05.08.2025 18:50:18,000	3,16	11,44	-2,2	-2,0	85,8	0	-2,0
680	05.08.2025 18:50:19,000	3,16	11,44	5,7	6,6	77,7	1	6,9
681	05.08.2025 18:50:20,000	3,16	11,44	9,2	-5,4	75,4	1	-5,8
682	05.08.2025 18:50:21,000	3,16	11,42	23,1	-2,0	64,9	0	-2,2
683	05.08.2025 18:50:22,000	3,16	11,44	10,7	-4,1	75,2	0	-4,4
684	05.08.2025 18:50:23,000	3,16	11,42	16,2	2,2	71,6	0	2,4
685	05.08.2025 18:50:24,000	3,16	11,42	14,6	2,9	72,6	0	3,0
686	05.08.2025 18:50:25,000	3,16	11,42	13,1	0,9	76,0	1	1,0
687	05.08.2025 18:50:26,000	3,16	11,42	14,0	-7,0	68,9	1	-7,7
688	05.08.2025 18:50:27,000	3,20	11,42	16,4	-5,7	67,9	0	-6,3
689	05.08.2025 18:50:28,000	3,16	11,39	15,1	-8,6	66,3	0	-9,6
690	05.08.2025 18:50:29,000	3,16	11,39	13,0	-13,9	63,1	0	-15,6
691	05.08.2025 18:50:30,000	3,16	11,39	14,7	-21,3	54,0	0	-24,9
692	05.08.2025 18:50:31,000	3,16	11,42	13,9	-22,2	53,9	0	-25,8
693	05.08.2025 18:50:32,000	3,16	11,39	15,3	-17,3	57,4	0	-20,2
694	05.08.2025 18:50:33,000	3,16	11,39	13,0	-17,2	59,8	0	-19,6
695	05.08.2025 18:50:34,000	3,20	11,40	12,2	-9,4	68,4	0	-10,4
696	05.08.2025 18:50:35,000	3,16	11,39	10,6	-5,9	73,5	1	-6,3
697	05.08.2025 18:50:36,000	3,12	11,39	43,9	-22,8	23,2	0	-44,5
698	05.08.2025 18:50:37,000	3,08	11,36	60,0	-11,9	18,1	1	-44,5
699	05.08.2025 18:50:38,000	3,04	11,36	33,9	-10,1	46,0	0	-14,0
700	05.08.2025 18:50:39,000	3,04	11,41	17,6	-0,2	72,1	0	-0,3
701	05.08.2025 18:50:40,000	3,01	11,43	2,9	6,0	81,1	0	6,2
702	05.08.2025 18:50:41,000	2,97	11,40	-4,8	1,4	83,8	0	1,4
703	05.08.2025 18:50:42,000	2,93	11,42	-0,8	-4,7	84,5	0	-4,7
704	05.08.2025 18:50:43,000	2,93	11,39	4,7	4,4	81,0	1	4,5
705	05.08.2025 18:50:44,000	2,93	11,42	11,6	1,4	77,0	1	1,5
706	05.08.2025 18:50:45,000	2,89	11,41	0,3	13,3	76,4	0	13,3
707	05.08.2025 18:50:46,000	2,89	11,39	0,8	13,7	75,5	1	13,8
708	05.08.2025 18:50:47,000	2,89	11,39	0,1	12,9	77,0	0	12,9
709	05.08.2025 18:50:48,000	2,89	11,39	3,0	16,1	70,9	0	16,7
710	05.08.2025 18:50:49,000	2,85	11,39	5,3	6,5	78,3	0	6,7
711	05.08.2025 18:50:50,000	2,85	11,39	-7,7	-5,7	76,6	1	-6,0
712	05.08.2025 18:50:51,000	2,82	11,38	-7,1	-6,4	76,6	1	-6,7
713	05.08.2025 18:50:52,000	2,82	11,38	-9,7	-2,8	77,5	1	-2,9
714	05.08.2025 18:50:53,000	2,78	11,38	-0,6	-4,5	84,9	1	-4,5
715	05.08.2025 18:50:54,000	2,78	11,40	1,2	-7,2	81,6	0	-7,3
716	05.08.2025 18:50:55,000	2,74	11,40	1,7	-1,8	86,5	0	-1,8
717	05.08.2025 18:50:56,000	2,70	11,37	-5,8	0,2	84,0	0	0,2
718	05.08.2025 18:50:57,000	2,70	11,39	3,0	-16,1	70,9	0	-16,6
719	05.08.2025 18:50:58,000	2,66	11,37	-0,8	-5,5	83,7	1	-5,5
720	05.08.2025 18:50:59,000	2,66	11,39	3,3	-13,1	73,6	0	-13,6
721	05.08.2025 18:51:00,000	2,63	11,36	0,0	-13,9	76,0	0	-13,9
722	05.08.2025 18:51:01,000	2,63	11,36	-5,5	4,5	80,0	0	4,7
723	05.08.2025 18:51:02,000	2,63	11,36	9,7	-11,1	69,1	0	-12,1
724	05.08.2025 18:51:03,000	2,59	11,33	7,7	-9,0	73,3	1	-9,6
725	05.08.2025 18:51:04,000	2,59	11,33	7,8	0,1	82,1	1	0,1
726	05.08.2025 18:51:05,000	2,59	11,36	1,5	-6,8	81,7	1	-6,9
727	05.08.2025 18:51:06,000	2,55	11,38	4,5	0,5	85,0	0	0,5
728	05.08.2025 18:51:07,000	2,55	11,35	6,0	-7,7	76,2	1	-8,1
729	05.08.2025 18:51:08,000	2,55	11,35	5,2	2,4	82,4	1	2,4
730	05.08.2025 18:51:09,000	2,55	11,35	7,9	-2,1	80,1	1	-2,1
731	05.08.2025 18:51:10,000	2,55	11,33	8,3	10,8	70,9	0	11,7
732	05.08.2025 18:51:11,000	2,51	11,49	15,4	5,2	69,4	1	5,7
733	05.08.2025 18:51:12,000	2,51	11,33	9,4	3,7	76,9	1	3,9
734	05.08.2025 18:51:13,000	2,51	11,33	15,1	2,5	72,5	1	2,6
735	05.08.2025 18:51:14,000	2,51	11,30	30,2	-3,0	56,8	0	-3,7
736	05.08.2025 18:51:15,000	2,47	11,32	26,2	-1,2	62,6	0	-1,4
737	05.08.2025 18:51:16,000	2,47	11,30	28,4	-6,4	55,2	0	-7,9
738	05.08.2025 18:51:17,000	2,47	11,27	32,3	-9,0	48,7	0	-12,1
739	05.08.2025 18:51:18,000	2,47	11,27	31,9	-4,9	53,2	0	-6,2
740	05.08.2025 18:51:19,000	2,43	11,27	35,0	-3,1	51,8	0	-4,0
741	05.08.2025 18:51:20,000	2,43	11,25	35,8	-9,7	44,5	0	-13,8
742	05.08.2025 18:51:21,000	2,43	11,25	30,8	2,0	57,3	0	2,3
743	05.08.2025 18:51:22,000	2,39	11,20	37,1	-6,7	46,2	0	-9,3
744	05.08.2025 18:51:23,000	2,39	11,20	34,8	10,3	45,0	0	14,4
745	05.08.2025 18:51:24,000	2,39	11,24	38,9	11,7	39,4	0	18,1
746	05.08.2025 18:51:25,000	2,39	11,24	38,9	-4,0	47,1	0	-5,4
747	05.08.2025 18:51:26,000	2,39	11,20	43,8	0,0	46,2	0	0,0
748	05.08.2025 18:51:27,000	2,39	11,17	40,5	-0,3	49,3	0	-0,3
749	05.08.2025 18:51:28,000	2,39	11,15	42,2	-0,5	47,4	0	-0,7
750	05.08.2025 18:51:29,000	2,43	11,13	43,3	-0,5	46,3	0	-0,6
751	05.08.2025 18:51:30,000	2,43	11,11	41,1	1,3	47,5	0	1,8
752	05.08.2025 18:51:31,000	2,39	11,08	41,6	-0,5	47,8	0	-0,7
753	05.08.2025 18:51:32,000	2,39	11,08	41,9	-1,1	47,0	0	-1,5
754	05.08.2025 18:51:33,000	2,39	11,05	42,0	0,5	47,6	0	0,6
755	05.08.2025 18:51:34,000	2,39	11,03	43,7	0,3	45,9	0	0,5
756	05.08.2025 18:51:35,000	2,39	11,03	43,6	-1,9	44,5	0	-2,7
757	05.08.2025 18:51:36,000	2,36	10,98	42,2	-0,7	47,2	0	-0,9
758	05.08.2025 18:51:37,000	2,36	10,96	42,0	-1,8	46,3	0	-2,4
759	05.08.2025 18:51:38,000	2,36	10,93	39,9	-2,0	48,0	0	-2,7
760	05.08.2025 18:51:39,000	2,36	10,91	41,1	-2,0	46,9	0	-2,7
761	05.08.2025 18:51:40,000	2,36	10,89	41,2	-2,6	46,2	0	-3,6
762	05.08.2025 18:51:41,000	2,32	10,88	40,3	-2,1	47,7	0	-2,8
763	05.08.2025 18:51:42,000	2,32	10,86	41,3	-2,6	46,1	0	-3,6
764	05.08.2025 18:51:43,000	2,32	10,83	44,0	-2,0	44,0	0	-2,9
765	05.08.2025 18:51:44,000	2,32	10,81	43,1	-2,0	44,9	0	-2,9
766	05.08.2025 18:51:45,000	2,32	10,79	42,8	-2,9	44,3	0	-4,2
767	05.08.2025 18:51:46,000	2,32	10,74	43,2	-3,1	43,8	0	-4,5
768	05.08.2025 18:51:47,000	2,32	10,76	45,0	-2,1	42,9	0	-3,1
769	05.08.2025 18:51:48,000	2,32	10,72	43,6	-1,9	44,5	0	-2,7
770	05.08.2025 18:51:49,000	2,32	10,69	43,4	-3,2	43,4	0	-4,7
771	05.08.2025 18:51:50,000	2,32	10,67	44,2	-3,5	42,3	0	-5,2
772	05.08.2025 18:51:51,000	2,32	10,67	45,2	-2,4	42,4	0	-3,5
773	05.08.2025 18:51:52,000	2,32	10,65	44,5	-3,2	42,3	0	-4,7
774	05.08.2025 18:51:53,000	2,28	10,62	44,7	-2,9	42,4	0	-4,2
775	05.08.2025 18:51:54,000	2,28	10,62	45,9	-2,4	41,8	0	-3,6
776	05.08.2025 18:51:55,000	2,28	10,60	45,6	-1,4	43,0	0	-2,1
777	05.08.2025 18:51:56,000	2,28	10,57	45,6	-2,7	41,8	0	-4,0
778	05.08.2025 18:51:57,000	2,28	10,57	45,8	-2,5	41,7	0	-3,8
779	05.08.2025 18:51:58,000	2,28	10,55	46,8	1,2	42,0	0	1,7
780	05.08.2025 18:51:59,000	2,28	10,52	46,2	-2,6	41,2	0	-3,9
781	05.08.2025 18:52:00,000	2,28	10,50	45,4	-2,5	42,0	0	-3,8
782	05.08.2025 18:52:01,000	2,28	10,50	45,7	-1,7	42,6	0	-2,5
783	05.08.2025 18:52:02,000	2,28	10,45	48,3	-0,8	40,9	0	-1,2
784	05.08.2025 18:52:03,000	2,28	10,45	46,9	-1,4	41,8	0	-2,1
785	05.08.2025 18:52:04,000	2,32	10,43	44,7	-2,7	42,6	0	-4,0
786	05.08.2025 18:52:05,000	2,28	10,43	46,3	-2,3	41,4	0	-3,5
787	05.08.2025 18:52:06,000	2,28	10,41	45,8	-1,9	42,2	0	-2,9
788	05.08.2025 18:52:07,000	2,28	10,41	46,8	-1,6	41,6	0	-2,4
789	05.08.2025 18:52:08,000	2,28	10,36	47,0	-1,5	41,5	0	-2,2
790	05.08.2025 18:52:09,000	2,28	10,38	46,9	-2,1	41,0	0	-3,3
791	05.08.2025 18:52:10,000	2,24	10,36	47,9	-1,9	40,3	0	-2,9
792	05.08.2025 18:52:11,000	2,24	10,33	47,2	0,2	42,6	0	0,3
793	05.08.2025 18:52:12,000	2,24	10,31	47,3	-0,9	41,8	0	-1,3
794	05.08.2025 18:52:13,000	2,24	10,31	47,8	-1,0	41,2	0	-1,6
795	05.08.2025 18:52:14,000	2,24	10,29	48,6	0,3	41,1	0	0,4
796	05.08.2025 18:52:15,000	2,24	10,29	48,0	0,0	42,0	0	0,0
797	05.08.2025 18:52:16,000	2,24	10,26	47,5	-0,5	42,0	0	-0,7
798	05.08.2025 18:52:17,000	2,24	10,26	41,5	10,0	38,5	0	15,9
799	05.08.2025 18:52:18,000	2,24	10,31	47,1	16,6	26,3	1	33,0
800	05.08.2025 18:52:19,000	2,24	10,26	45,2	3,7	41,1	0	5,6
801	05.08.2025 18:52:20,000	2,24	10,24	45,6	3,5	40,9	0	5,3
802	05.08.2025 18:52:21,000	2,24	10,21	46,2	3,4	40,4	0	5,2
803	05.08.2025 18:52:22,000	2,24	10,19	48,6	1,6	39,8	0	2,5
804	05.08.2025 18:52:23,000	2,24	10,17	44,6	4,2	41,3	0	6,3
805	05.08.2025 18:52:24,000	2,24	10,12	45,5	2,2	42,3	0	3,3
806	05.08.2025 18:52:25,000	2,24	10,12	45,1	2,2	42,7	0	3,2
807	05.08.2025 18:52:26,000	2,28	10,10	45,0	2,3	42,7	0	3,4
808	05.08.2025 18:52:27,000	2,28	10,05	44,3	3,7	42,0	0	5,6
809	05.08.2025 18:52:28,000	2,28	10,05	45,3	3,7	41,0	0	5,6
810	05.08.2025 18:52:29,000	2,28	10,01	43,3	4,9	41,8	0	7,4
811	05.08.2025 18:52:30,000	2,28	9,96	42,2	6,1	41,7	0	9,1
812	05.08.2025 18:52:31,000	2,28	9,96	43,9	4,9	41,2	0	7,4
813	05.08.2025 18:52:32,000	2,32	9,89	42,8	5,6	41,6	0	8,4
814	05.08.2025 18:52:33,000	2,32	9,87	42,0	6,6	41,4	0	10,0
815	05.08.2025 18:52:34,000	2,32	9,85	43,2	5,6	41,2	0	8,6
816	05.08.2025 18:52:35,000	2,32	9,80	42,9	6,3	40,8	0	9,6
817	05.08.2025 18:52:36,000	2,32	9,78	41,4	5,7	43,0	0	8,3
818	05.08.2025 18:52:37,000	2,36	9,73	42,0	5,5	42,5	0	8,2
819	05.08.2025 18:52:38,000	2,36	9,71	43,6	6,2	40,2	0	9,6
820	05.08.2025 18:52:39,000	2,36	9,69	42,8	6,4	40,8	0	9,8
821	05.08.2025 18:52:40,000	2,39	9,64	42,6	6,4	41,0	0	9,7
822	05.08.2025 18:52:41,000	2,39	9,62	43,4	6,1	40,5	0	9,3
823	05.08.2025 18:52:42,000	2,39	9,60	43,5	6,0	40,5	0	9,3
824	05.08.2025 18:52:43,000	2,39	9,57	42,7	6,1	41,1	0	9,3
825	05.08.2025 18:52:44,000	2,43	9,55	42,5	6,7	40,8	0	10,3
826	05.08.2025 18:52:45,000	2,43	9,51	43,4	6,3	40,3	0	9,8
827	05.08.2025 18:52:46,000	2,43	9,48	44,3	6,7	38,9	0	10,7
828	05.08.2025 18:52:47,000	2,47	9,46	44,5	6,3	39,2	0	10,0
829	05.08.2025 18:52:48,000	2,47	9,46	44,5	6,3	39,2	0	9,9
830	05.08.2025 18:52:49,000	2,47	9,42	45,2	6,3	38,5	0	10,1
831	05.08.2025 18:52:50,000	2,47	9,37	44,3	6,7	39,0	0	10,6
832	05.08.2025 18:52:51,000	2,51	9,37	44,3	6,6	39,0	0	10,5
833	05.08.2025 18:52:52,000	2,51	9,35	44,4	6,6	38,9	0	10,5
834	05.08.2025 18:52:53,000	2,51	9,33	44,1	6,5	39,4	0	10,3
835	05.08.2025 18:52:54,000	2,51	9,28	44,1	6,8	39,1	0	10,7
836	05.08.2025 18:52:55,000	2,55	9,28	44,4	6,1	39,5	0	9,7
837	05.08.2025 18:52:56,000	2,55	9,24	45,0	5,6	39,4	0	8,8
838	05.08.2025 18:52:57,000	2,55	9,21	45,6	6,0	38,4	0	9,6
839	05.08.2025 18:52:58,000	2,55	9,19	43,8	6,3	39,9	0	9,8
840	05.08.2025 18:52:59,000	2,59	9,17	41,1	13,7	35,2	0	22,7
841	05.08.2025 18:53:00,000	2,59	9,19	48,8	9,7	31,5	0	18,1
842	05.08.2025 18:53:01,000	2,59	9,15	42,0	11,0	37,0	0	17,9
843	05.08.2025 18:53:02,000	2,59	9,15	46,3	11,6	32,0	0	21,0
844	05.08.2025 18:53:03,000	2,63	9,13	45,4	7,7	37,0	0	12,6
845	05.08.2025 18:53:04,000	2,63	9,08	46,1	8,1	35,8	0	13,6
846	05.08.2025 18:53:05,000	2,63	9,03	46,3	7,3	36,4	0	12,2
847	05.08.2025 18:53:06,000	2,63	9,01	44,3	6,8	38,9	0	10,8
848	05.08.2025 18:53:07,000	2,63	8,99	44,5	6,2	39,3	0	9,9
849	05.08.2025 18:53:08,000	2,63	8,91	47,0	6,1	36,9	0	10,1
850	05.08.2025 18:53:09,000	2,66	8,87	43,5	7,9	38,5	0	12,7
851	05.08.2025 18:53:10,000	2,66	8,85	45,4	7,5	37,2	0	12,3
852	05.08.2025 18:53:11,000	2,66	8,78	43,3	8,0	38,7	0	12,7
853	05.08.2025 18:53:12,000	2,70	8,76	43,5	8,5	38,0	0	13,7
854	05.08.2025 18:53:13,000	2,70	8,71	44,4	9,3	36,3	0	15,4
855	05.08.2025 18:53:14,000	2,70	8,66	42,3	9,4	38,3	0	15,0
856	05.08.2025 18:53:15,000	2,74	8,62	37,8	11,4	40,7	0	17,2
857	05.08.2025 18:53:16,000	2,74	8,60	44,1	9,0	36,9	0	14,8
858	05.08.2025 18:53:17,000	2,78	8,55	45,6	8,6	35,8	0	14,5
859	05.08.2025 18:53:18,000	2,78	8,53	44,0	9,9	36,1	0	16,4
860	05.08.2025 18:53:19,000	2,78	8,48	45,0	8,5	36,5	0	14,1
861	05.08.2025 18:53:20,000	2,78	8,46	45,7	8,2	36,1	0	13,7
862	05.08.2025 18:53:21,000	2,82	8,42	46,4	8,3	35,2	0	14,2
863	05.08.2025 18:53:22,000	2,82	8,39	46,7	8,3	35,0	0	14,4
864	05.08.2025 18:53:23,000	2,85	8,37	46,1	8,2	35,7	0	13,8
865	05.08.2025 18:53:24,000	2,85	8,33	46,2	8,1	35,7	0	13,8
866	05.08.2025 18:53:25,000	2,85	8,28	44,8	9,0	36,1	0	15,1
867	05.08.2025 18:53:26,000	2,85	8,26	46,3	9,7	34,1	0	16,9
868	05.08.2025 18:53:27,000	2,89	8,21	46,3	9,9	33,8	0	17,4
869	05.08.2025 18:53:28,000	2,89	8,17	44,3	10,6	35,0	0	18,1
870	05.08.2025 18:53:29,000	2,93	8,15	44,4	10,7	34,9	0	18,3
871	05.08.2025 18:53:30,000	2,93	8,12	45,0	10,9	34,1	0	18,8
872	05.08.2025 18:53:31,000	2,97	8,10	43,6	12,0	34,4	0	20,5
873	05.08.2025 18:53:32,000	2,97	8,03	44,7	10,4	34,9	0	17,7
874	05.08.2025 18:53:33,000	2,97	8,01	44,6	11,3	34,1	0	19,5
875	05.08.2025 18:53:34,000	3,01	7,97	43,2	11,9	34,9	0	20,0
876	05.08.2025 18:53:35,000	3,01	7,94	43,5	11,3	35,1	0	19,1
877	05.08.2025 18:53:36,000	3,04	7,92	43,0	11,6	35,4	0	19,3
878	05.08.2025 18:53:37,000	3,04	7,85	43,3	11,1	35,6	0	18,5
879	05.08.2025 18:53:38,000	3,08	7,83	42,6	11,0	36,4	0	18,1
880	05.08.2025 18:53:39,000	3,12	7,77	41,3	11,5	37,2	0	18,5
881	05.08.2025 18:53:40,000	3,23	7,69	42,7	9,5	37,7	0	15,3
882	05.08.2025 18:53:41,000	3,35	7,65	41,9	9,9	38,2	0	15,7
883	05.08.2025 18:53:42,000	3,46	7,62	41,2	9,5	39,3	0	14,7
884	05.08.2025 18:53:43,000	3,57	7,56	40,8	7,1	42,2	0	10,5
885	05.08.2025 18:53:44,000	3,68	7,50	38,2	5,6	46,2	0	7,8
886	05.08.2025 18:53:45,000	3,80	7,42	44,5	-0,6	45,0	0	-0,8
887	05.08.2025 18:53:46,000	3,98	7,39	55,4	-0,3	34,3	0	-0,6
888	05.08.2025 18:53:47,000	4,28	7,28	50,4	15,1	24,5	0	32,3
889	05.08.2025 18:53:48,000	4,68	7,34	49,8	18,5	21,7	0	40,6
890	05.08.2025 18:53:49,000	4,94	7,35	48,7	17,5	23,8	0	36,7
891	05.08.2025 18:53:50,000	5,12	7,37	48,6	17,4	24,0	0	36,4
892	05.08.2025 18:53:51,000	5,23	7,38	53,7	12,9	23,4	0	29,3
893	05.08.2025 18:53:52,000	5,34	7,44	53,1	16,6	20,4	0	39,3
894	05.08.2025 18:53:53,000	5,37	7,42	53,4	15,5	21,0	0	36,8
895	05.08.2025 18:53:54,000	5,41	7,44	53,4	15,0	21,6	0	35,2
896	05.08.2025 18:53:55,000	5,44	7,45	53,9	16,1	20,0	0	39,0
897	05.08.2025 18:53:56,000	5,44	7,45	55,1	13,8	21,1	0	33,6
898	05.08.2025 18:53:57,000	5,48	7,43	52,5	14,8	22,7	0	33,6
899	05.08.2025 18:53:58,000	5,48	7,45	52,9	15,1	22,1	0	34,8
900	05.08.2025 18:53:59,000	5,52	7,45	53,3	15,4	21,3	0	36,2
901	05.08.2025 18:54:00,000	5,52	7,43	52,6	14,9	22,5	0	34,0
902	05.08.2025 18:54:01,000	5,52	7,43	52,3	13,9	23,8	0	30,8
903	05.08.2025 18:54:02,000	5,55	7,44	53,1	14,4	22,4	0	33,3
904	05.08.2025 18:54:03,000	5,59	7,44	53,8	14,7	21,5	0	34,9
905	05.08.2025 18:54:04,000	5,59	7,42	52,9	12,9	24,2	0	28,6
906	05.08.2025 18:54:05,000	5,62	7,40	55,9	9,0	25,1	0	20,3
907	05.08.2025 18:54:06,000	5,66	7,35	59,8	4,1	26,2	0	9,1
908	05.08.2025 18:54:07,000	5,70	7,33	59,2	3,3	27,5	0	7,1
909	05.08.2025 18:54:08,000	5,73	7,31	58,9	3,2	27,9	0	6,9
910	05.08.2025 18:54:09,000	5,77	7,25	56,1	4,5	29,4	0	9,1
911	05.08.2025 18:54:10,000	5,87	7,23	55,4	4,5	30,1	0	9,0
912	05.08.2025 18:54:11,000	5,95	7,19	56,0	3,5	30,5	0	6,9
913	05.08.2025 18:54:12,000	5,98	7,17	55,5	2,8	31,6	0	5,4
914	05.08.2025 18:54:13,000	6,02	7,15	53,2	3,8	33,0	0	7,0
915	05.08.2025 18:54:14,000	6,02	7,11	51,8	3,9	34,3	0	6,9
916	05.08.2025 18:54:15,000	6,02	7,06	49,3	6,4	34,3	0	11,4
917	05.08.2025 18:54:16,000	6,05	7,02	46,8	7,2	35,9	0	12,2
918	05.08.2025 18:54:17,000	6,09	7,00	52,2	4,8	33,0	0	8,8
919	05.08.2025 18:54:18,000	6,12	6,93	50,8	6,4	32,8	0	11,8
920	05.08.2025 18:54:19,000	6,23	6,87	49,9	7,0	33,1	0	12,7
921	05.08.2025 18:54:20,000	6,37	6,84	49,2	8,0	32,8	0	14,5
922	05.08.2025 18:54:21,000	6,44	6,82	50,5	7,8	31,6	0	14,6
923	05.08.2025 18:54:22,000	6,51	6,81	50,1	7,5	32,4	0	13,8
924	05.08.2025 18:54:23,000	6,55	6,81	49,3	7,4	33,3	0	13,4
925	05.08.2025 18:54:24,000	6,58	6,79	49,9	8,0	32,1	0	14,8
926	05.08.2025 18:54:25,000	6,58	6,74	45,6	7,8	36,5	0	13,0
927	05.08.2025 18:54:26,000	6,58	6,79	50,9	11,7	27,4	0	23,9
928	05.08.2025 18:54:27,000	6,58	6,79	52,1	12,9	24,9	0	28,1
929	05.08.2025 18:54:28,000	6,62	6,77	51,4	11,5	27,1	0	23,8
930	05.08.2025 18:54:29,000	6,65	6,77	52,1	12,2	25,7	0	26,2
931	05.08.2025 18:54:30,000	6,69	6,75	52,8	12,8	24,4	0	28,4
932	05.08.2025 18:54:31,000	6,76	6,76	53,1	11,1	25,9	0	23,9
933	05.08.2025 18:54:32,000	6,83	6,74	52,5	10,4	27,1	0	21,7
934	05.08.2025 18:54:33,000	6,90	6,70	52,8	11,4	25,8	0	24,5
935	05.08.2025 18:54:34,000	6,93	6,73	54,9	9,2	25,9	1	20,2
936	05.08.2025 18:54:35,000	6,97	6,66	42,3	9,9	37,8	0	16,0
937	05.08.2025 18:54:36,000	7,00	6,62	51,2	4,4	34,4	0	7,8
938	05.08.2025 18:54:37,000	7,04	6,62	51,3	4,1	34,6	0	7,2
939	05.08.2025 18:54:38,000	7,11	6,56	48,2	4,0	37,7	0	6,6
940	05.08.2025 18:54:39,000	7,21	6,50	51,4	3,2	35,3	0	5,6
941	05.08.2025 18:54:40,000	7,45	6,48	49,9	4,4	35,7	0	7,6
942	05.08.2025 18:54:41,000	7,56	6,47	49,0	5,6	35,3	0	9,7
943	05.08.2025 18:54:42,000	7,63	6,40	55,3	0,1	34,7	0	0,1
944	05.08.2025 18:54:43,000	7,66	6,38	49,4	4,1	36,4	0	7,0
945	05.08.2025 18:54:44,000	7,69	6,36	52,4	3,3	34,3	0	5,9
946	05.08.2025 18:54:45,000	7,73	6,37	52,1	3,3	34,7	0	5,7
947	05.08.2025 18:54:46,000	7,73	6,32	54,4	0,3	35,3	0	0,5
948	05.08.2025 18:54:47,000	7,76	6,32	53,6	0,5	35,9	0	0,9
949	05.08.2025 18:54:48,000	7,83	6,26	52,9	2,4	34,6	0	4,3
950	05.08.2025 18:54:49,000	8,04	6,21	51,8	3,6	34,6	0	6,4
951	05.08.2025 18:54:50,000	8,17	6,18	50,5	3,5	36,0	0	6,0
952	05.08.2025 18:54:51,000	8,24	6,16	46,1	5,5	38,4	0	8,9
953	05.08.2025 18:54:52,000	8,28	6,14	52,3	7,1	30,6	0	13,8
954	05.08.2025 18:54:53,000	8,34	6,12	52,7	7,4	29,9	0	14,6
955	05.08.2025 18:54:54,000	8,45	6,13	51,4	7,6	31,0	0	14,5
956	05.08.2025 18:54:55,000	8,51	6,07	51,2	7,0	31,8	0	13,2
957	05.08.2025 18:54:56,000	8,55	6,05	50,1	7,8	32,1	0	14,4
958	05.08.2025 18:54:57,000	8,58	6,05	52,0	5,7	32,3	0	10,6
959	05.08.2025 18:54:58,000	8,58	6,03	53,0	3,2	33,8	0	5,8
960	05.08.2025 18:54:59,000	8,62	6,01	52,2	3,0	34,8	0	5,2
961	05.08.2025 18:55:00,000	8,62	5,99	51,6	1,9	36,5	0	3,2
962	05.08.2025 18:55:01,000	8,65	5,97	52,0	2,1	35,9	0	3,6
963	05.08.2025 18:55:02,000	8,65	5,97	51,1	5,5	33,5	0	9,8
964	05.08.2025 18:55:03,000	8,65	5,97	52,3	4,3	33,4	0	7,8
965	05.08.2025 18:55:04,000	8,62	5,92	52,5	3,8	33,7	0	6,8
966	05.08.2025 18:55:05,000	8,62	5,89	53,9	2,4	33,7	0	4,4
967	05.08.2025 18:55:06,000	8,65	5,87	54,5	1,7	33,8	0	3,0
968	05.08.2025 18:55:07,000	8,72	5,85	55,1	2,1	32,8	0	3,8
969	05.08.2025 18:55:08,000	8,78	5,81	54,6	1,8	33,6	0	3,3
970	05.08.2025 18:55:09,000	8,82	5,79	52,7	-1,7	35,6	0	-3,0
971	05.08.2025 18:55:10,000	8,82	5,77	52,2	-0,8	37,0	0	-1,4
972	05.08.2025 18:55:11,000	8,82	5,75	50,6	1,6	37,9	0	2,6
973	05.08.2025 18:55:12,000	8,85	5,70	48,0	2,5	39,4	0	4,0
974	05.08.2025 18:55:13,000	8,88	5,68	52,7	-0,6	36,7	0	-1,1
975	05.08.2025 18:55:14,000	8,88	5,66	43,5	6,5	40,0	0	10,2
976	05.08.2025 18:55:15,000	8,88	5,64	48,8	1,8	39,4	0	2,9
977	05.08.2025 18:55:16,000	8,88	5,61	51,1	2,5	36,4	0	4,2
978	05.08.2025 18:55:17,000	8,85	5,61	44,8	4,8	40,4	0	7,4
979	05.08.2025 18:55:18,000	8,85	5,59	50,7	4,9	34,4	0	8,6
980	05.08.2025 18:55:19,000	8,88	5,57	50,8	3,1	36,0	0	5,3
981	05.08.2025 18:55:20,000	8,92	5,52	45,7	5,7	38,6	0	9,1
982	05.08.2025 18:55:21,000	8,99	5,51	47,8	5,3	36,9	0	8,8
983	05.08.2025 18:55:22,000	9,05	5,47	52,7	2,1	35,1	0	3,7
984	05.08.2025 18:55:23,000	9,12	5,47	49,0	6,4	34,6	0	11,2
985	05.08.2025 18:55:24,000	9,15	5,43	45,5	7,1	37,4	0	11,7
986	05.08.2025 18:55:25,000	9,15	5,38	50,1	8,0	32,0	0	14,8
987	05.08.2025 18:55:26,000	9,15	5,41	49,3	7,2	33,5	0	12,8
988	05.08.2025 18:55:27,000	9,15	5,36	52,2	2,4	35,4	0	4,2
989	05.08.2025 18:55:28,000	9,19	5,31	48,6	5,6	35,9	0	9,5
990	05.08.2025 18:55:29,000	9,22	5,32	49,4	6,8	33,8	0	12,1
991	05.08.2025 18:55:30,000	9,32	5,28	51,5	2,9	35,7	0	4,9
992	05.08.2025 18:55:31,000	9,39	5,22	51,6	4,1	34,3	0	7,2
993	05.08.2025 18:55:32,000	9,45	5,22	51,0	5,7	33,3	0	10,3
994	05.08.2025 18:55:33,000	9,55	5,16	53,9	2,1	34,1	0	3,7
995	05.08.2025 18:55:34,000	9,62	5,19	49,6	3,3	37,1	0	5,4
996	05.08.2025 18:55:35,000	9,65	5,15	50,6	5,7	33,7	0	10,2
997	05.08.2025 18:55:36,000	9,65	5,13	51,1	5,3	33,6	0	9,5
998	05.08.2025 18:55:37,000	9,69	5,08	51,0	1,7	37,4	0	2,7
999	05.08.2025 18:55:38,000	9,69	5,04	52,7	-1,5	35,9	0	-2,5
1000	05.08.2025 18:55:39,000	9,72	5,02	45,2	4,1	40,7	0	6,3
1001	05.08.2025 18:55:40,000	9,72	4,99	52,1	0,5	37,5	0	0,8
1002	05.08.2025 18:55:41,000	9,75	4,97	50,8	-1,6	37,6	0	-2,6
1003	05.08.2025 18:55:42,000	9,78	4,88	41,6	5,2	43,2	0	7,6
1004	05.08.2025 18:55:43,000	9,98	4,88	50,4	-1,3	38,2	0	-2,2
1005	05.08.2025 18:55:44,000	10,15	4,80	48,1	-1,2	40,7	0	-1,9
1006	05.08.2025 18:55:45,000	10,25	4,79	46,0	0,5	43,5	0	0,7
1007	05.08.2025 18:55:46,000	10,31	4,77	38,1	1,5	50,4	0	2,0
1008	05.08.2025 18:55:47,000	10,41	4,71	30,5	-4,2	55,3	0	-5,2
1009	05.08.2025 18:55:48,000	10,54	4,63	33,1	-4,9	51,9	0	-6,3
1010	05.08.2025 18:55:49,000	10,77	4,60	37,5	-9,1	43,4	0	-13,2
1011	05.08.2025 18:55:50,000	11,00	4,53	35,5	-1,6	52,9	0	-2,1
1012	05.08.2025 18:55:51,000	11,13	4,52	35,6	-3,6	50,8	0	-4,7
1013	05.08.2025 18:55:52,000	11,22	4,51	36,3	-6,2	47,4	0	-8,5
1014	05.08.2025 18:55:53,000	11,32	4,52	36,2	-6,8	47,0	0	-9,4
1015	05.08.2025 18:55:54,000	11,42	4,48	38,7	-2,2	49,1	0	-2,9
1016	05.08.2025 18:55:55,000	11,51	4,47	39,9	-7,0	43,2	0	-10,2
1017	05.08.2025 18:55:56,000	11,55	4,49	41,5	-5,6	43,0	0	-8,2
1018	05.08.2025 18:55:57,000	11,58	4,52	38,7	2,5	48,8	0	3,3
1019	05.08.2025 18:55:58,000	11,55	4,52	39,9	2,7	47,4	0	3,7
1020	05.08.2025 18:55:59,000	11,55	4,49	46,2	-3,7	40,1	0	-5,7
1021	05.08.2025 18:56:00,000	11,58	4,52	41,7	-1,2	47,1	0	-1,7
1022	05.08.2025 18:56:01,000	11,58	4,50	39,9	1,3	48,8	0	1,7
1023	05.08.2025 18:56:02,000	11,61	4,50	40,1	1,7	48,2	0	2,3
1024	05.08.2025 18:56:03,000	11,64	4,50	37,1	7,7	45,3	0	10,8
1025	05.08.2025 18:56:04,000	11,64	4,50	38,5	6,2	45,2	0	8,8
1026	05.08.2025 18:56:05,000	11,64	4,48	34,6	7,8	47,6	0	10,6
1027	05.08.2025 18:56:06,000	11,71	4,51	33,9	7,4	48,7	0	9,9
1028	05.08.2025 18:56:07,000	11,77	4,52	35,0	8,0	47,0	0	11,0
1029	05.08.2025 18:56:08,000	11,77	4,49	35,2	6,3	48,5	0	8,4
1030	05.08.2025 18:56:09,000	11,80	4,52	40,1	1,5	48,4	0	2,0
1031	05.08.2025 18:56:10,000	11,80	4,52	34,9	2,0	53,1	0	2,5
1032	05.08.2025 18:56:11,000	11,80	4,49	20,0	5,2	64,9	0	5,8
1033	05.08.2025 18:56:12,000	11,80	4,49	25,0	-2,0	63,0	0	-2,3
1034	05.08.2025 18:56:13,000	11,90	4,48	33,0	-0,3	56,7	0	-0,3
1035	05.08.2025 18:56:14,000	11,96	4,49	34,2	3,8	52,1	0	4,8
1036	05.08.2025 18:56:15,000	12,06	4,43	30,3	7,2	52,5	0	9,2
1037	05.08.2025 18:56:16,000	12,12	4,48	37,3	8,3	44,4	0	11,9
1038	05.08.2025 18:56:17,000	12,18	4,46	40,8	2,6	46,6	0	3,5
1039	05.08.2025 18:56:18,000	12,25	4,47	40,4	0,4	49,2	0	0,6
1040	05.08.2025 18:56:19,000	12,25	4,47	37,2	3,7	49,1	0	5,0
1041	05.08.2025 18:56:20,000	12,25	4,44	34,7	8,0	47,3	0	10,9
1042	05.08.2025 18:56:21,000	12,28	4,45	35,3	4,7	50,0	0	6,1
1043	05.08.2025 18:56:22,000	12,31	4,45	37,8	1,6	50,6	0	2,1
1044	05.08.2025 18:56:23,000	12,31	4,43	40,2	2,8	46,9	0	3,9
1045	05.08.2025 18:56:24,000	12,31	4,45	35,7	6,8	47,5	0	9,2
1046	05.08.2025 18:56:25,000	12,34	4,48	40,7	2,8	46,5	0	3,9
1047	05.08.2025 18:56:26,000	12,34	4,45	38,9	1,9	49,2	0	2,5
1048	05.08.2025 18:56:27,000	12,34	4,48	41,5	-2,1	46,4	0	-2,9
1049	05.08.2025 18:56:28,000	12,34	4,45	45,5	-2,5	42,0	1	-3,8
1050	05.08.2025 18:56:29,000	12,38	4,46	34,2	2,7	53,1	0	3,4
1051	05.08.2025 18:56:30,000	12,44	4,42	30,4	-10,7	49,0	1	-14,2
1052	05.08.2025 18:56:31,000	12,50	4,35	35,8	0,2	54,0	0	0,3
1053	05.08.2025 18:56:32,000	12,57	4,38	26,8	14,3	48,9	0	18,7
1054	05.08.2025 18:56:33,000	12,60	4,36	35,8	6,2	48,0	0	8,4
1055	05.08.2025 18:56:34,000	12,63	4,36	33,4	9,4	47,2	0	12,8
1056	05.08.2025 18:56:35,000	12,63	4,39	34,9	10,4	44,7	0	14,7
1057	05.08.2025 18:56:36,000	12,63	4,36	30,9	12,2	46,9	0	16,5
1058	05.08.2025 18:56:37,000	12,63	4,34	32,3	10,8	46,9	0	14,8
1059	05.08.2025 18:56:38,000	12,69	4,32	34,1	1,2	54,7	0	1,5
1060	05.08.2025 18:56:39,000	12,79	4,36	44,8	0,3	44,9	0	0,4
1061	05.08.2025 18:56:40,000	12,82	4,38	49,8	-1,1	39,1	0	-1,7
1062	05.08.2025 18:56:41,000	12,88	4,37	47,7	1,8	40,5	0	2,8
1063	05.08.2025 18:56:42,000	12,88	4,37	46,0	3,3	40,6	0	5,1
1064	05.08.2025 18:56:43,000	12,88	4,34	38,1	1,5	50,4	0	1,9
1065	05.08.2025 18:56:44,000	12,91	4,32	45,7	-6,9	37,4	0	-11,3
1066	05.08.2025 18:56:45,000	12,94	4,33	50,0	-23,1	16,9	0	-53,4
1067	05.08.2025 18:56:46,000	13,01	4,31	62,8	-22,8	4,4	1	-53,4
1068	05.08.2025 18:56:47,000	13,04	4,41	51,8	-22,2	16,0	0	-53,9
1069	05.08.2025 18:56:48,000	13,01	4,38	43,0	-21,7	25,3	0	-41,0
1070	05.08.2025 18:56:49,000	13,04	4,36	55,4	-14,7	19,8	0	-36,9
1071	05.08.2025 18:56:50,000	13,10	4,36	58,0	-24,3	7,7	0	-72,0
1072	05.08.2025 18:56:51,000	13,13	4,32	58,8	-26,1	5,0	1	-78,7
1073	05.08.2025 18:56:52,000	13,20	4,40	54,6	-32,5	2,9	0	-84,7
1074	05.08.2025 18:56:53,000	13,16	4,42	60,2	-25,0	4,8	0	-78,8
1075	05.08.2025 18:56:54,000	13,10	4,46	60,6	-25,5	3,9	0	-81,1
1076	05.08.2025 18:56:55,000	12,98	4,47	63,1	-23,6	3,3	0	-81,1
1077	05.08.2025 18:56:56,000	12,88	4,48	63,0	-22,6	4,4	0	-81,1
1078	05.08.2025 18:56:57,000	12,76	4,49	56,2	-15,7	18,0	0	-41,2
1079	05.08.2025 18:56:58,000	12,66	4,51	41,9	-13,0	35,1	0	-21,6
1080	05.08.2025 18:56:59,000	12,57	4,50	67,1	-5,3	17,5	0	-21,6
1081	05.08.2025 18:57:00,000	12,47	4,56	69,7	9,3	11,0	1	-21,6
1082	05.08.2025 18:57:01,000	12,41	4,58	61,8	15,7	12,6	1	-21,6
1083	05.08.2025 18:57:02,000	12,34	4,57	54,2	17,9	17,9	0	45,0
1084	05.08.2025 18:57:03,000	12,28	4,59	54,7	23,2	12,2	0	61,7
1085	05.08.2025 18:57:04,000	12,22	4,58	74,6	12,2	-3,1	0	61,7
1086	05.08.2025 18:57:05,000	12,15	4,60	66,9	11,2	11,9	0	61,7
1087	05.08.2025 18:57:06,000	12,09	4,59	60,7	2,4	27,0	0	5,2
1088	05.08.2025 18:57:07,000	12,06	4,61	49,3	30,3	10,4	0	70,1
1089	05.08.2025 18:57:08,000	11,99	4,58	51,5	19,8	18,7	0	46,6
1090	05.08.2025 18:57:09,000	11,96	4,60	78,5	-4,2	7,2	1	46,6
1091	05.08.2025 18:57:10,000	11,93	4,60	72,5	-10,6	6,9	0	46,6
1092	05.08.2025 18:57:11,000	11,90	4,60	82,3	-2,6	5,1	1	46,6
1093	05.08.2025 18:57:12,000	11,87	4,60	52,5	27,0	10,6	0	67,8
1094	05.08.2025 18:57:13,000	11,83	4,62	-8,5	-9,8	71,7	0	-10,6
1095	05.08.2025 18:57:14,000	11,80	4,61	-6,6	-4,4	79,0	0	-4,5
1096	05.08.2025 18:57:15,000	11,77	4,63	-5,8	-4,7	79,5	0	-4,9
1097	05.08.2025 18:57:16,000	11,74	4,61	-1,8	-9,3	78,9	0	-9,4
1098	05.08.2025 18:57:17,000	11,74	4,63	-5,4	-9,0	75,6	0	-9,5
1099	05.08.2025 18:57:18,000	11,71	4,65	-11,4	-5,1	73,4	0	-5,5
1100	05.08.2025 18:57:19,000	11,67	4,67	-9,7	-5,4	75,0	0	-5,7
1101	05.08.2025 18:57:20,000	11,67	4,65	-7,4	-7,2	75,4	0	-7,6
1102	05.08.2025 18:57:21,000	11,64	4,64	-6,7	-8,1	75,1	0	-8,6
1103	05.08.2025 18:57:22,000	11,61	4,66	-6,7	-7,8	75,5	0	-8,2
1104	05.08.2025 18:57:23,000	11,61	4,64	-6,1	-8,4	75,5	0	-8,9
1105	05.08.2025 18:57:24,000	11,58	4,66	-6,3	-7,9	75,8	0	-8,3
1106	05.08.2025 18:57:25,000	11,55	4,66	-4,7	-10,0	75,3	0	-10,4
1107	05.08.2025 18:57:26,000	11,55	4,66	-5,7	-9,1	75,2	0	-9,6
1108	05.08.2025 18:57:27,000	11,51	4,65	-12,7	-8,9	68,5	0	-9,8
1109	05.08.2025 18:57:28,000	11,51	4,65	-46,7	15,2	-28,1	1	150,7
1110	05.08.2025 18:57:29,000	11,48	4,65	7,2	14,8	-68,0	0	164,1
1111	05.08.2025 18:57:30,000	11,48	4,67	15,4	17,2	-57,3	0	159,9
1112	05.08.2025 18:57:31,000	11,45	4,67	15,8	16,9	-57,3	0	160,3
1113	05.08.2025 18:57:32,000	11,45	4,65	15,4	17,7	-56,9	0	159,3
1114	05.08.2025 18:57:33,000	11,45	4,67	15,1	17,8	-57,1	0	159,3
1115	05.08.2025 18:57:34,000	11,42	4,67	16,4	16,9	-56,7	0	160,1
1116	05.08.2025 18:57:35,000	11,42	4,67	15,5	17,1	-57,4	0	160,1
1117	05.08.2025 18:57:36,000	11,42	4,67	15,2	18,0	-56,8	0	158,9
1118	05.08.2025 18:57:37,000	11,38	4,66	15,6	17,1	-57,2	0	160,0
1119	05.08.2025 18:57:38,000	11,38	4,66	15,6	17,3	-57,2	0	159,8
1120	05.08.2025 18:57:39,000	11,35	4,66	15,8	17,7	-56,5	0	159,2
1121	05.08.2025 18:57:40,000	11,35	4,69	16,2	17,1	-56,7	0	159,9
1122	05.08.2025 18:57:41,000	11,35	4,66	3,0	84,5	-2,5	1	92,6
1123	05.08.2025 18:57:42,000	11,32	4,68	4,9	78,8	6,3	0	83,4
1124	05.08.2025 18:57:43,000	11,32	4,66	4,6	79,9	5,5	0	84,3
1125	05.08.2025 18:57:44,000	11,32	4,66	4,9	79,0	6,1	0	83,7
1126	05.08.2025 18:57:45,000	11,32	4,68	5,1	79,0	5,8	0	83,9
1127	05.08.2025 18:57:46,000	11,29	4,68	5,1	78,7	6,1	0	83,6
1128	05.08.2025 18:57:47,000	11,29	4,68	4,9	78,5	6,6	0	83,1
1129	05.08.2025 18:57:48,000	11,29	4,68	4,7	79,8	5,5	0	84,2
1130	05.08.2025 18:57:49,000	11,29	4,68	5,1	78,8	6,1	0	83,7
1131	05.08.2025 18:57:50,000	11,26	4,68	5,4	78,4	6,2	0	83,5
1132	05.08.2025 18:57:51,000	11,26	4,68	4,7	80,1	5,2	0	84,6
1133	05.08.2025 18:57:52,000	11,26	4,68	4,7	79,2	6,0	0	83,7
1134	05.08.2025 18:57:53,000	11,26	4,68	5,1	78,6	6,3	0	83,4
1135	05.08.2025 18:57:54,000	11,26	4,68	4,9	79,3	5,8	0	84,0
1136	05.08.2025 18:57:55,000	11,26	4,68	4,8	78,8	6,4	0	83,4
1137	05.08.2025 18:57:56,000	11,22	4,65	5,2	78,7	6,1	0	83,6
1138	05.08.2025 18:57:57,000	11,22	4,67	4,9	78,9	6,2	0	83,5
1139	05.08.2025 18:57:58,000	11,22	4,70	4,9	79,1	6,0	0	83,7
1140	05.08.2025 18:57:59,000	11,22	4,65	4,6	79,8	5,6	0	84,2
1141	05.08.2025 18:58:00,000	11,22	4,67	5,4	78,9	5,8	0	84,0
1142	05.08.2025 18:58:01,000	11,22	4,67	4,9	78,9	6,3	0	83,4
1143	05.08.2025 18:58:02,000	11,22	4,67	4,5	79,6	5,9	0	83,8
1144	05.08.2025 18:58:03,000	11,22	4,67	5,5	78,4	6,1	0	83,7
1145	05.08.2025 18:58:04,000	11,22	4,67	4,5	79,3	6,2	0	83,5
1146	05.08.2025 18:58:05,000	11,22	4,67	4,7	79,3	6,0	0	83,8
1147	05.08.2025 18:58:06,000	11,22	4,67	5,1	79,0	5,9	0	83,9
1148	05.08.2025 18:58:07,000	11,22	4,67	5,3	78,3	6,4	0	83,3
1149	05.08.2025 18:58:08,000	11,22	4,67	4,4	79,7	5,9	0	83,9
1150	05.08.2025 18:58:09,000	11,22	4,67	4,8	79,3	5,9	0	83,8
1151	05.08.2025 18:58:10,000	11,22	4,70	5,3	78,8	5,9	0	83,9
1152	05.08.2025 18:58:11,000	11,22	4,67	4,8	79,2	6,0	0	83,8
1153	05.08.2025 18:58:12,000	11,22	4,67	4,9	78,5	6,6	0	83,2
1154	05.08.2025 18:58:13,000	11,22	4,70	4,8	79,0	6,2	0	83,6
1155	05.08.2025 18:58:14,000	11,22	4,67	5,0	79,3	5,7	0	84,1
1156	05.08.2025 18:58:15,000	11,22	4,70	4,7	78,9	6,4	0	83,4
1157	05.08.2025 18:58:16,000	11,22	4,67	4,8	78,7	6,5	0	83,3
1158	05.08.2025 18:58:17,000	11,22	4,67	5,2	78,9	5,9	0	83,8
1159	05.08.2025 18:58:18,000	11,22	4,67	4,9	78,9	6,2	0	83,5
1160	05.08.2025 18:58:19,000	11,22	4,67	4,6	79,2	6,2	0	83,6
1161	05.08.2025 18:58:20,000	11,22	4,67	4,9	78,9	6,2	0	83,5
1162	05.08.2025 18:58:21,000	11,22	4,67	5,1	78,9	6,0	0	83,8
1163	05.08.2025 18:58:22,000	11,22	4,65	-45,2	9,2	-35,7	1	164,5
1164	05.08.2025 18:58:23,000	11,22	4,67	-43,8	-7,3	-39,0	0	-168,5
1165	05.08.2025 18:58:24,000	11,26	4,68	-60,2	1,5	-28,3	0	176,8
1166	05.08.2025 18:58:25,000	11,26	4,65	-55,7	-0,4	-33,9	1	-179,4
1167	05.08.2025 18:58:26,000	11,26	4,68	-53,1	-2,3	-34,7	1	-176,0
1168	05.08.2025 18:58:27,000	11,26	4,68	-54,9	2,1	-33,0	0	176,1
1169	05.08.2025 18:58:28,000	11,29	4,68	-63,5	-0,3	-26,2	0	-179,3
1170	05.08.2025 18:58:29,000	11,29	4,68	-59,3	0,7	-30,0	0	178,5
1171	05.08.2025 18:58:30,000	11,29	4,66	-57,9	0,9	-31,1	1	178,2
1172	05.08.2025 18:58:31,000	11,29	4,66	-59,6	0,6	-29,8	1	178,9
1173	05.08.2025 18:58:32,000	11,29	4,68	-61,0	1,7	-27,4	0	176,4
1174	05.08.2025 18:58:33,000	11,29	4,68	-58,2	1,0	-30,7	0	178,0
1175	05.08.2025 18:58:34,000	11,32	4,68	-55,4	4,6	-29,9	0	170,7
1176	05.08.2025 18:58:35,000	11,32	4,66	-59,0	3,6	-27,4	0	172,2
1177	05.08.2025 18:58:36,000	11,32	4,68	-59,4	0,9	-29,7	0	178,1
1178	05.08.2025 18:58:37,000	11,32	4,68	-55,5	2,7	-31,8	0	174,8
1179	05.08.2025 18:58:38,000	11,32	4,68	-59,4	3,9	-26,7	1	171,3
1180	05.08.2025 18:58:39,000	11,32	4,68	-54,7	3,5	-31,8	0	173,3
1181	05.08.2025 18:58:40,000	11,32	4,66	-52,3	7,9	-29,7	0	164,3
1182	05.08.2025 18:58:41,000	11,35	4,69	-56,6	1,6	-31,9	1	177,1
1183	05.08.2025 18:58:42,000	11,35	4,66	-59,0	1,2	-29,8	0	177,5
1184	05.08.2025 18:58:43,000	11,35	4,69	-58,5	0,3	-31,1	0	179,4
1185	05.08.2025 18:58:44,000	11,35	4,66	-63,9	0,1	-26,0	0	179,8
1186	05.08.2025 18:58:45,000	11,35	4,66	-63,7	-1,4	-24,9	1	-176,6
1187	05.08.2025 18:58:46,000	11,38	4,69	-65,8	-0,2	-24,0	0	-176,6
1188	05.08.2025 18:58:47,000	11,38	4,66	-66,6	-0,2	-23,2	0	-176,6
1189	05.08.2025 18:58:48,000	11,38	4,66	-63,9	0,5	-25,5	0	178,8
1190	05.08.2025 18:58:49,000	11,38	4,66	-65,3	-0,5	-24,2	0	178,8
1191	05.08.2025 18:58:50,000	11,38	4,66	-65,5	-1,4	-23,1	0	178,8
1192	05.08.2025 18:58:51,000	11,38	4,66	-61,3	0,2	-28,5	0	179,7
1193	05.08.2025 18:58:52,000	11,42	4,67	-64,9	-0,1	-25,1	0	-179,8
1194	05.08.2025 18:58:53,000	11,42	4,67	-65,6	0,1	-24,3	1	-179,8
1195	05.08.2025 18:58:54,000	11,42	4,67	-68,5	-0,6	-20,9	0	-179,8
1196	05.08.2025 18:58:55,000	11,42	4,67	-69,1	-0,7	-20,3	0	-179,8
1197	05.08.2025 18:58:56,000	11,45	4,65	-66,5	-0,6	-22,8	1	-179,8
1198	05.08.2025 18:58:57,000	11,45	4,67	-62,1	-2,2	-25,7	0	-175,1
1199	05.08.2025 18:58:58,000	11,45	4,67	-65,1	-0,5	-24,4	0	-175,1
1200	05.08.2025 18:58:59,000	11,45	4,67	-66,6	-0,5	-22,9	0	-175,1
1201	05.08.2025 18:59:00,000	11,45	4,67	-65,3	0,2	-24,5	0	-175,1
1202	05.08.2025 18:59:01,000	11,45	4,65	-55,7	0,3	-34,0	0	179,4
1203	05.08.2025 18:59:02,000	11,45	4,67	-57,3	1,7	-31,0	0	176,7
1204	05.08.2025 18:59:03,000	11,48	4,67	-61,2	1,9	-26,9	0	175,8
1205	05.08.2025 18:59:04,000	11,48	4,65	-55,0	5,0	-30,0	0	170,0
1206	05.08.2025 18:59:05,000	11,48	4,65	-54,4	5,6	-30,0	0	168,9
1207	05.08.2025 18:59:06,000	11,48	4,67	-55,5	4,5	-30,0	0	171,1
1208	05.08.2025 18:59:07,000	11,48	4,65	-54,3	6,0	-29,7	0	168,1
1209	05.08.2025 18:59:08,000	11,51	4,68	-54,8	3,8	-31,4	0	172,6
1210	05.08.2025 18:59:09,000	11,51	4,65	-55,1	5,0	-29,8	0	169,9
1211	05.08.2025 18:59:10,000	11,51	4,68	-56,4	4,8	-28,9	0	170,2
1212	05.08.2025 18:59:11,000	11,51	4,65	-55,6	5,5	-28,9	0	168,8
1213	05.08.2025 18:59:12,000	11,51	4,68	-53,8	4,5	-31,7	0	171,5
1214	05.08.2025 18:59:13,000	11,51	4,65	-56,3	6,7	-27,1	0	165,6
1215	05.08.2025 18:59:14,000	11,55	4,66	-55,0	5,0	-30,0	0	170,1
1216	05.08.2025 18:59:15,000	11,55	4,66	-70,9	4,9	-14,1	0	170,1
1217	05.08.2025 18:59:16,000	11,55	4,66	1,5	-82,5	-5,9	0	-96,0
1218	05.08.2025 18:59:17,000	11,55	4,66	1,3	-83,8	-4,9	0	-94,9
1219	05.08.2025 18:59:18,000	11,55	4,66	1,4	-82,7	-5,9	0	-96,0
1220	05.08.2025 18:59:19,000	11,58	4,66	1,6	-82,5	-5,9	0	-96,0
1221	05.08.2025 18:59:20,000	11,58	4,66	1,5	-83,2	-5,3	0	-95,4
1222	05.08.2025 18:59:21,000	11,58	4,66	1,7	-82,6	-5,7	0	-95,8
1223	05.08.2025 18:59:22,000	11,58	4,66	1,5	-83,2	-5,2	0	-95,3
1224	05.08.2025 18:59:23,000	11,58	4,66	1,2	-84,0	-4,8	0	-94,8
1225	05.08.2025 18:59:24,000	11,58	4,66	1,6	-82,9	-5,5	0	-95,6
1226	05.08.2025 18:59:25,000	11,61	4,66	2,0	-82,3	-5,7	0	-95,8
1227	05.08.2025 18:59:26,000	11,61	4,69	1,1	-83,8	-5,0	0	-95,1
1228	05.08.2025 18:59:27,000	11,61	4,66	1,7	-82,4	-6,0	0	-96,1
1229	05.08.2025 18:59:28,000	11,61	4,69	1,8	-81,9	-6,3	0	-96,4
1230	05.08.2025 18:59:29,000	11,61	4,69	1,5	-83,6	-4,9	0	-94,9
1231	05.08.2025 18:59:30,000	11,61	4,66	1,3	-83,3	-5,3	0	-95,4
1232	05.08.2025 18:59:31,000	11,64	4,67	1,7	-81,6	-6,8	0	-96,9
1233	05.08.2025 18:59:32,000	11,64	4,67	1,7	-82,8	-5,5	0	-95,6
1234	05.08.2025 18:59:33,000	11,64	4,67	1,2	-84,3	-4,5	0	-94,6
1235	05.08.2025 18:59:34,000	11,64	4,67	2,0	-81,5	-6,6	0	-96,7
1236	05.08.2025 18:59:35,000	11,64	4,67	2,1	-82,0	-5,9	0	-96,0
1237	05.08.2025 18:59:36,000	11,64	4,67	1,5	-83,8	-4,6	0	-94,7
1238	05.08.2025 18:59:37,000	11,67	4,67	1,0	-83,6	-5,4	0	-95,5
1239	05.08.2025 18:59:38,000	11,67	4,67	1,8	-81,1	-7,0	0	-97,2
1240	05.08.2025 18:59:39,000	11,67	4,65	1,8	-82,6	-5,6	0	-95,7
1241	05.08.2025 18:59:40,000	11,67	4,67	0,5	-85,1	-4,4	0	-94,5
1242	05.08.2025 18:59:41,000	11,67	4,67	1,8	-81,6	-6,6	0	-96,8
1243	05.08.2025 18:59:42,000	11,67	4,69	1,9	-82,7	-5,4	0	-95,5
1244	05.08.2025 18:59:43,000	11,71	4,67	2,1	-81,8	-6,0	0	-96,2
1245	05.08.2025 18:59:44,000	11,71	4,70	1,1	-83,9	-5,1	0	-95,1
1246	05.08.2025 18:59:45,000	11,71	4,67	1,2	-83,9	-4,9	0	-95,0
1247	05.08.2025 18:59:46,000	11,71	4,67	2,1	-80,9	-7,0	0	-97,1
1248	05.08.2025 18:59:47,000	11,71	4,67	1,7	-82,2	-6,1	0	-96,2
1249	05.08.2025 18:59:48,000	11,71	4,67	1,1	-84,7	-4,2	0	-94,3
1250	05.08.2025 18:59:49,000	11,74	4,68	1,3	-83,2	-5,4	0	-95,5
1251	05.08.2025 18:59:50,000	11,74	4,68	2,7	-80,2	-7,2	0	-97,3
1252	05.08.2025 18:59:51,000	11,74	4,68	1,7	-83,1	-5,3	0	-95,3
1253	05.08.2025 18:59:52,000	11,74	4,65	0,5	-85,6	-3,9	0	-93,9
1254	05.08.2025 18:59:53,000	11,74	4,65	2,2	-80,8	-7,1	0	-97,2
1255	05.08.2025 18:59:54,000	11,77	4,66	2,3	-81,1	-6,6	0	-96,8
1256	05.08.2025 18:59:55,000	11,77	4,68	1,0	-83,9	-5,0	0	-95,1
1257	05.08.2025 18:59:56,000	11,77	4,66	1,6	-82,5	-5,9	0	-96,0
1258	05.08.2025 18:59:57,000	11,77	4,68	2,4	-81,1	-6,4	0	-96,6
1259	05.08.2025 18:59:58,000	11,77	4,68	1,2	-83,0	-5,8	0	-95,8
1260	05.08.2025 18:59:59,000	11,80	4,68	1,5	-82,9	-5,6	0	-95,7
1261	05.08.2025 19:00:00,000	11,80	4,68	2,2	-81,1	-6,6	0	-96,8
1262	05.08.2025 19:00:01,000	11,80	4,68	1,3	-82,5	-6,2	0	-96,2
1263	05.08.2025 19:00:02,000	11,80	4,66	1,5	-83,1	-5,4	0	-95,5
1264	05.08.2025 19:00:03,000	11,80	4,66	2,1	-82,3	-5,6	0	-95,7
1265	05.08.2025 19:00:04,000	11,83	4,69	2,1	-81,7	-6,2	0	-96,3
1266	05.08.2025 19:00:05,000	11,83	4,66	1,9	-82,2	-5,9	0	-96,0
1267	05.08.2025 19:00:06,000	11,83	4,66	1,1	-83,9	-5,0	0	-95,1
1268	05.08.2025 19:00:07,000	11,83	4,66	2,0	-82,7	-5,3	0	-95,4
1269	05.08.2025 19:00:08,000	11,87	4,67	1,7	-82,1	-6,1	0	-96,3
1270	05.08.2025 19:00:09,000	11,87	4,67	1,0	-83,1	-5,9	0	-95,9
1271	05.08.2025 19:00:10,000	11,87	4,67	2,0	-82,6	-5,3	0	-95,4
1272	05.08.2025 19:00:11,000	11,87	4,67	1,2	-83,5	-5,2	0	-95,3
1273	05.08.2025 19:00:12,000	11,87	4,67	1,3	-82,4	-6,3	0	-96,4
1274	05.08.2025 19:00:13,000	11,87	4,67	1,5	-83,1	-5,3	0	-95,4
1275	05.08.2025 19:00:14,000	11,90	4,65	1,2	-83,0	-5,8	0	-95,9
1276	05.08.2025 19:00:15,000	11,90	4,67	1,3	-83,1	-5,6	0	-95,7
1277	05.08.2025 19:00:16,000	11,90	4,67	1,6	-82,5	-5,9	0	-96,0
1278	05.08.2025 19:00:17,000	11,90	4,67	1,1	-83,5	-5,4	0	-95,4
1279	05.08.2025 19:00:18,000	11,90	4,67	2,0	-82,3	-5,6	0	-95,7
1280	05.08.2025 19:00:19,000	11,90	4,67	1,9	-82,2	-5,9	0	-96,0
1281	05.08.2025 19:00:20,000	11,93	4,67	0,7	-84,0	-5,3	0	-95,3
1282	05.08.2025 19:00:21,000	11,93	4,67	1,7	-82,5	-5,7	0	-95,8
1283	05.08.2025 19:00:22,000	11,93	4,67	1,4	-83,0	-5,7	0	-95,7
1284	05.08.2025 19:00:23,000	11,93	4,67	0,8	-83,0	-6,2	0	-96,2
1285	05.08.2025 19:00:24,000	11,93	4,67	1,8	-82,4	-5,8	0	-95,9
1286	05.08.2025 19:00:25,000	11,93	4,67	0,9	-83,9	-5,2	0	-95,3
1287	05.08.2025 19:00:26,000	11,93	4,67	1,8	-82,7	-5,5	0	-95,6
1288	05.08.2025 19:00:27,000	11,96	4,68	1,8	-82,6	-5,7	0	-95,8
1289	05.08.2025 19:00:28,000	11,96	4,68	1,1	-83,1	-5,8	0	-95,8
1290	05.08.2025 19:00:29,000	11,96	4,68	1,4	-83,2	-5,4	0	-95,5
1291	05.08.2025 19:00:30,000	11,96	4,68	1,1	-83,1	-5,7	0	-95,8
1292	05.08.2025 19:00:31,000	11,96	4,68	1,3	-82,4	-6,3	0	-96,3
1293	05.08.2025 19:00:32,000	11,96	4,68	1,0	-83,6	-5,4	0	-95,4
1294	05.08.2025 19:00:33,000	11,99	4,65	1,5	-83,7	-4,9	0	-94,9
1295	05.08.2025 19:00:34,000	11,99	4,68	1,8	-82,1	-6,1	0	-96,2
1296	05.08.2025 19:00:35,000	11,99	4,68	1,6	-82,4	-6,0	0	-96,1
1297	05.08.2025 19:00:36,000	11,99	4,65	1,0	-84,0	-4,9	0	-95,0
1298	05.08.2025 19:00:37,000	11,99	4,68	1,4	-82,8	-5,8	0	-95,9
1299	05.08.2025 19:00:38,000	11,99	4,68	1,6	-82,4	-6,0	0	-96,1
1300	05.08.2025 19:00:39,000	12,03	4,66	1,5	-83,1	-5,3	0	-95,4
1301	05.08.2025 19:00:40,000	12,03	4,68	1,1	-83,2	-5,7	0	-95,7
1302	05.08.2025 19:00:41,000	12,03	4,68	1,1	-83,2	-5,7	0	-95,8
1303	05.08.2025 19:00:42,000	12,03	4,66	1,7	-82,8	-5,5	0	-95,6
1304	05.08.2025 19:00:43,000	12,03	4,68	1,4	-82,6	-6,0	0	-96,1
1305	05.08.2025 19:00:44,000	12,06	4,68	1,1	-83,5	-5,4	0	-95,4
1306	05.08.2025 19:00:45,000	12,06	4,66	1,4	-83,0	-5,6	0	-95,7
1307	05.08.2025 19:00:46,000	12,06	4,66	1,4	-83,0	-5,5	0	-95,6
1308	05.08.2025 19:00:47,000	12,06	4,66	1,7	-82,5	-5,8	0	-95,9
1309	05.08.2025 19:00:48,000	12,06	4,68	1,5	-82,7	-5,8	0	-95,9
1310	05.08.2025 19:00:49,000	12,06	4,66	1,0	-83,8	-5,2	0	-95,2
1311	05.08.2025 19:00:50,000	12,09	4,69	1,3	-83,0	-5,7	0	-95,8
1312	05.08.2025 19:00:51,000	12,09	4,66	1,4	-82,2	-6,5	0	-96,6
1313	05.08.2025 19:00:52,000	12,09	4,66	1,1	-83,6	-5,3	0	-95,4
1314	05.08.2025 19:00:53,000	12,09	4,66	1,5	-83,3	-5,1	0	-95,2
1315	05.08.2025 19:00:54,000	12,12	4,69	1,5	-82,1	-6,4	0	-96,5
1316	05.08.2025 19:00:55,000	12,12	4,67	1,5	-83,1	-5,4	0	-95,5
1317	05.08.2025 19:00:56,000	12,12	4,67	1,3	-83,7	-5,0	0	-95,0
1318	05.08.2025 19:00:57,000	12,12	4,67	1,7	-82,0	-6,4	0	-96,5
1319	05.08.2025 19:00:58,000	12,12	4,67	1,3	-82,6	-6,2	0	-96,2
1320	05.08.2025 19:00:59,000	12,12	4,67	1,0	-84,7	-4,3	0	-94,4
1321	05.08.2025 19:01:00,000	12,15	4,67	1,4	-82,1	-6,5	0	-96,6
1322	05.08.2025 19:01:01,000	12,15	4,65	1,5	-82,5	-6,1	0	-96,2
1323	05.08.2025 19:01:02,000	12,15	4,67	1,3	-83,9	-4,7	0	-94,8
1324	05.08.2025 19:01:03,000	12,15	4,67	1,5	-82,5	-6,0	0	-96,1
1325	05.08.2025 19:01:04,000	12,15	4,65	1,6	-82,7	-5,7	0	-95,8
1326	05.08.2025 19:01:05,000	12,18	4,67	1,3	-83,4	-5,3	0	-95,4
1327	05.08.2025 19:01:06,000	12,18	4,67	1,3	-82,8	-5,8	0	-95,9
1328	05.08.2025 19:01:07,000	12,18	4,70	1,3	-82,8	-5,9	0	-96,0
1329	05.08.2025 19:01:08,000	12,18	4,67	1,3	-83,2	-5,5	0	-95,6
1330	05.08.2025 19:01:09,000	12,18	4,67	1,4	-83,1	-5,5	0	-95,6
1331	05.08.2025 19:01:10,000	12,18	4,67	1,6	-82,3	-6,1	0	-96,2
1332	05.08.2025 19:01:11,000	12,22	4,68	1,7	-83,2	-5,1	0	-95,2
1333	05.08.2025 19:01:12,000	12,22	4,65	1,2	-83,5	-5,2	0	-95,3
1334	05.08.2025 19:01:13,000	12,22	4,68	1,9	-81,6	-6,5	0	-96,7
1335	05.08.2025 19:01:14,000	12,22	4,68	1,6	-83,0	-5,4	0	-95,5
1336	05.08.2025 19:01:15,000	12,22	4,68	0,8	-84,2	-5,0	0	-95,0
1337	05.08.2025 19:01:16,000	12,25	4,66	1,8	-82,0	-6,2	0	-96,3
1338	05.08.2025 19:01:17,000	12,25	4,68	1,7	-82,7	-5,6	0	-95,7
1339	05.08.2025 19:01:18,000	12,25	4,66	1,4	-83,1	-5,5	0	-95,6
1340	05.08.2025 19:01:19,000	12,25	4,68	1,6	-83,1	-5,4	0	-95,5
1341	05.08.2025 19:01:20,000	12,25	4,68	1,3	-83,2	-5,5	0	-95,6
1342	05.08.2025 19:01:21,000	12,25	4,66	1,5	-82,6	-5,8	0	-95,9
1343	05.08.2025 19:01:22,000	12,28	4,66	1,5	-82,9	-5,6	0	-95,7
1344	05.08.2025 19:01:23,000	12,28	4,68	1,3	-83,1	-5,6	0	-95,6
1345	05.08.2025 19:01:24,000	12,28	4,66	1,2	-83,0	-5,8	0	-95,8
1346	05.08.2025 19:01:25,000	12,28	4,68	1,3	-82,9	-5,8	0	-95,9
1347	05.08.2025 19:01:26,000	12,28	4,66	1,3	-83,0	-5,7	0	-95,8
1348	05.08.2025 19:01:27,000	12,31	4,69	1,3	-83,2	-5,5	0	-95,6
1349	05.08.2025 19:01:28,000	12,31	4,66	1,5	-82,8	-5,7	0	-95,7
1350	05.08.2025 19:01:29,000	12,31	4,66	1,6	-82,6	-5,8	0	-95,9
1351	05.08.2025 19:01:30,000	12,31	4,66	1,3	-83,2	-5,5	0	-95,5
1352	05.08.2025 19:01:31,000	12,31	4,66	1,8	-82,8	-5,4	0	-95,5
1353	05.08.2025 19:01:32,000	12,31	4,66	1,8	-82,2	-6,0	0	-96,2
1354	05.08.2025 19:01:33,000	12,34	4,67	0,6	-84,6	-4,8	0	-94,9
1355	05.08.2025 19:01:34,000	12,34	4,67	1,6	-82,8	-5,6	0	-95,7
1356	05.08.2025 19:01:35,000	12,34	4,67	0,7	-84,2	-5,0	0	-95,1
1357	05.08.2025 19:01:36,000	12,34	4,67	0,6	-85,6	-3,7	0	-93,7
1358	05.08.2025 19:01:37,000	12,34	4,67	1,1	-84,5	-4,4	0	-94,5
1359	05.08.2025 19:01:38,000	12,34	4,67	1,1	-83,1	-5,8	0	-95,8
1360	05.08.2025 19:01:39,000	12,38	4,69	1,3	-84,5	-4,2	0	-94,3
1361	05.08.2025 19:01:40,000	12,38	4,67	1,4	-84,0	-4,6	0	-94,7
1362	05.08.2025 19:01:41,000	12,38	4,67	1,1	-84,3	-4,6	0	-94,7
1363	05.08.2025 19:01:42,000	12,38	4,67	0,9	-84,2	-4,9	0	-95,0
1364	05.08.2025 19:01:43,000	12,38	4,67	1,2	-82,8	-5,9	0	-96,0
1365	05.08.2025 19:01:44,000	12,41	4,67	-0,2	-84,9	-4,9	0	-94,9
1366	05.08.2025 19:01:45,000	12,41	4,65	0,3	-84,9	-4,8	0	-94,8
1367	05.08.2025 19:01:46,000	12,41	4,65	0,4	-83,4	-6,2	0	-96,2
1368	05.08.2025 19:01:47,000	12,41	4,67	0,1	-83,4	-6,5	0	-96,5
1369	05.08.2025 19:01:48,000	12,41	4,67	0,1	-85,3	-4,6	0	-94,7
1370	05.08.2025 19:01:49,000	12,44	4,65	0,2	-84,4	-5,4	0	-95,4
1371	05.08.2025 19:01:50,000	12,44	4,65	-0,3	-83,7	-6,0	0	-96,0
1372	05.08.2025 19:01:51,000	12,44	4,65	-0,3	-83,7	-6,0	0	-96,0
1373	05.08.2025 19:01:52,000	12,44	4,65	-1,3	-83,4	-5,3	0	-95,4
1374	05.08.2025 19:01:53,000	12,44	4,68	-0,1	-82,3	-7,6	0	-97,6
1375	05.08.2025 19:01:54,000	12,44	4,65	-1,5	-82,6	-5,9	0	-96,0
1376	05.08.2025 19:01:55,000	12,44	4,65	-1,2	-83,3	-5,5	0	-95,6
1377	05.08.2025 19:01:56,000	12,44	4,65	-0,1	-83,0	-6,9	0	-96,9
1378	05.08.2025 19:01:57,000	12,47	4,65	-1,5	-81,4	-7,1	0	-97,2
1379	05.08.2025 19:01:58,000	12,47	4,65	-1,1	-83,0	-5,9	0	-96,0
1380	05.08.2025 19:01:59,000	12,47	4,65	-1,1	-82,9	-6,0	0	-96,1
1381	05.08.2025 19:02:00,000	12,47	4,68	-0,6	-82,2	-7,2	0	-97,3
1382	05.08.2025 19:02:01,000	12,47	4,65	-0,9	-82,1	-6,9	0	-97,0
1383	05.08.2025 19:02:02,000	12,50	4,66	-1,1	-82,9	-6,0	0	-96,1
1384	05.08.2025 19:02:03,000	12,50	4,66	-0,4	-83,6	-5,9	0	-96,0
1385	05.08.2025 19:02:04,000	12,50	4,66	0,7	-82,0	-7,3	0	-97,4
1386	05.08.2025 19:02:05,000	12,50	4,66	-1,0	-82,9	-6,0	0	-96,1
1387	05.08.2025 19:02:06,000	12,50	4,66	-0,1	-83,2	-6,7	0	-96,7
1388	05.08.2025 19:02:07,000	12,50	4,68	-0,9	-83,0	-6,1	0	-96,2
1389	05.08.2025 19:02:08,000	12,50	4,66	-1,0	-82,2	-6,9	0	-96,9
1390	05.08.2025 19:02:09,000	12,53	4,66	-0,3	-82,8	-6,8	0	-96,9
1391	05.08.2025 19:02:10,000	12,53	4,66	-1,5	-81,2	-7,3	0	-97,4
1392	05.08.2025 19:02:11,000	12,53	4,66	-1,1	-82,5	-6,5	0	-96,5
1393	05.08.2025 19:02:12,000	12,53	4,66	-0,5	-82,2	-7,3	0	-97,4
1394	05.08.2025 19:02:13,000	12,53	4,68	-1,8	-81,6	-6,6	0	-96,8
1395	05.08.2025 19:02:14,000	12,57	4,66	-1,7	-81,4	-6,9	0	-97,0
1396	05.08.2025 19:02:15,000	12,57	4,64	-0,4	-81,9	-7,7	0	-97,7
1397	05.08.2025 19:02:16,000	12,57	4,66	-1,9	-81,4	-6,7	0	-96,8
1398	05.08.2025 19:02:17,000	12,57	4,66	-2,2	-80,0	-7,8	0	-97,9
1399	05.08.2025 19:02:18,000	12,57	4,66	-2,1	-80,3	-7,6	0	-97,7
1400	05.08.2025 19:02:19,000	12,57	4,64	-2,5	-80,5	-7,0	0	-97,2
1401	05.08.2025 19:02:20,000	12,60	4,67	-1,9	-80,9	-7,2	0	-97,3
1402	05.08.2025 19:02:21,000	12,60	4,67	-1,2	-80,7	-8,1	0	-98,2
1403	05.08.2025 19:02:22,000	12,60	4,67	-1,8	-81,4	-6,7	0	-96,9
1404	05.08.2025 19:02:23,000	12,60	4,67	-1,2	-81,6	-7,2	0	-97,3
1405	05.08.2025 19:02:24,000	12,60	4,67	-1,8	-81,4	-6,7	0	-96,9
1406	05.08.2025 19:02:25,000	12,63	4,67	-1,1	-81,4	-7,4	0	-97,5
1407	05.08.2025 19:02:26,000	12,63	4,67	-1,5	-81,4	-7,1	0	-97,2
1408	05.08.2025 19:02:27,000	12,63	4,65	-1,3	-81,5	-7,2	0	-97,3
1409	05.08.2025 19:02:28,000	12,63	4,65	-3,1	-79,8	-7,1	0	-97,3
1410	05.08.2025 19:02:29,000	12,63	4,67	-2,4	-79,2	-8,5	0	-98,7
1411	05.08.2025 19:02:30,000	12,66	4,67	-3,0	-79,7	-7,3	0	-97,5
1412	05.08.2025 19:02:31,000	12,66	4,65	-3,1	-79,3	-7,6	0	-97,8
1413	05.08.2025 19:02:32,000	12,66	4,67	-2,6	-79,0	-8,4	0	-98,6
1414	05.08.2025 19:02:33,000	12,66	4,65	-2,8	-79,6	-7,6	0	-97,8
1415	05.08.2025 19:02:34,000	12,66	4,65	-2,3	-80,3	-7,4	0	-97,6
1416	05.08.2025 19:02:35,000	12,66	4,67	-1,0	-82,0	-7,0	0	-97,1
1417	05.08.2025 19:02:36,000	12,69	4,65	-0,9	-82,6	-6,5	0	-96,5
1418	05.08.2025 19:02:37,000	12,69	4,68	-0,1	-82,3	-7,6	0	-97,6
1419	05.08.2025 19:02:38,000	12,69	4,65	-0,3	-82,9	-6,9	0	-96,9
1420	05.08.2025 19:02:39,000	12,69	4,65	-0,7	-83,9	-5,5	0	-95,5
1421	05.08.2025 19:02:40,000	12,69	4,65	0,2	-82,0	-7,8	0	-97,8
1422	05.08.2025 19:02:41,000	12,69	4,68	-0,1	-83,5	-6,3	0	-96,4
1423	05.08.2025 19:02:42,000	12,69	4,65	-0,2	-83,0	-6,8	0	-96,8
1424	05.08.2025 19:02:43,000	12,72	4,68	-0,1	-83,9	-5,9	0	-95,9
1425	05.08.2025 19:02:44,000	12,72	4,66	0,2	-82,7	-7,1	0	-97,1
1426	05.08.2025 19:02:45,000	12,72	4,66	0,7	-82,7	-6,6	0	-96,6
1427	05.08.2025 19:02:46,000	12,72	4,66	0,1	-83,6	-6,3	0	-96,3
1428	05.08.2025 19:02:47,000	12,72	4,63	0,4	-83,5	-6,0	0	-96,1
1429	05.08.2025 19:02:48,000	12,76	4,66	0,6	-82,3	-7,1	0	-97,2
1430	05.08.2025 19:02:49,000	12,76	4,66	0,4	-83,6	-6,0	0	-96,0
1431	05.08.2025 19:02:50,000	12,76	4,66	0,2	-82,8	-7,0	0	-97,0
1432	05.08.2025 19:02:51,000	12,76	4,66	0,2	-84,1	-5,7	0	-95,7
1433	05.08.2025 19:02:52,000	12,76	4,66	1,1	-82,1	-6,8	0	-96,9
1434	05.08.2025 19:02:53,000	12,76	4,68	1,0	-82,8	-6,3	0	-96,3
1435	05.08.2025 19:02:54,000	12,76	4,66	0,3	-82,6	-7,0	0	-97,1
1436	05.08.2025 19:02:55,000	12,79	4,64	-20,9	-61,7	-7,4	0	-98,5
1437	05.08.2025 19:02:56,000	12,79	4,66	-56,4	-24,9	8,7	0	-70,0
1438	05.08.2025 19:02:57,000	12,79	4,64	-75,1	-6,6	8,4	0	-70,0
1439	05.08.2025 19:02:58,000	12,82	4,64	-28,2	22,9	38,8	0	32,3
1440	05.08.2025 19:02:59,000	12,82	4,64	-21,9	-13,4	54,7	0	-16,5
1441	05.08.2025 19:03:00,000	12,82	4,64	-51,4	-11,4	27,3	0	-23,5
1442	05.08.2025 19:03:01,000	12,82	4,76	-19,9	-33,7	36,4	1	-43,2
1443	05.08.2025 19:03:02,000	12,85	4,76	-16,4	-26,3	47,3	0	-31,8
1444	05.08.2025 19:03:03,000	12,85	4,76	-22,3	-34,8	32,9	0	-46,4
1445	05.08.2025 19:03:04,000	12,85	4,74	-15,8	-37,2	36,9	0	-45,2
1446	05.08.2025 19:03:05,000	12,85	4,76	-28,9	-59,1	-1,9	0	-92,3
1447	05.08.2025 19:03:06,000	12,88	4,79	-29,0	-49,5	-11,5	0	-105,1
1448	05.08.2025 19:03:07,000	12,88	4,77	58,1	-15,7	-16,2	1	-135,9
1449	05.08.2025 19:03:08,000	12,88	4,77	10,7	-15,1	64,2	0	-16,7
1450	05.08.2025 19:03:09,000	12,91	4,72	26,6	5,7	57,8	0	6,8
1451	05.08.2025 19:03:10,000	12,94	4,75	11,7	15,1	63,2	0	16,9
1452	05.08.2025 19:03:11,000	13,01	4,68	4,2	13,4	72,4	0	14,0
1453	05.08.2025 19:03:12,000	13,10	4,69	-30,1	-31,9	28,0	0	-48,3
1454	05.08.2025 19:03:13,000	13,20	4,68	-12,5	-69,6	7,9	0	-81,3
1455	05.08.2025 19:03:14,000	13,42	4,58	-45,6	-37,7	6,7	0	-79,1
1456	05.08.2025 19:03:15,000	13,70	4,54	-11,9	-24,6	-53,5	1	-152,0
1457	05.08.2025 19:03:16,000	13,98	4,45	-63,0	-15,8	-11,2	0	-152,0
1458	05.08.2025 19:03:17,000	14,32	4,51	-18,0	-6,5	-65,5	0	-172,7
1459	05.08.2025 19:03:18,000	14,60	4,46	9,5	52,5	28,0	0	58,9
1460	05.08.2025 19:03:19,000	15,06	4,39	27,3	-13,3	-49,4	1	-162,7
1461	05.08.2025 19:03:20,000	15,51	4,39	-74,8	-0,7	-14,5	0	-162,7
