#B	Created:	31.08.2025 10:38:38
##	Version	SeaStar	9.59
#5	Field separation:	0
#2	Date & Time:	1
#6	Decimal point:	,
#7	Date def.:	dd.mm.yyyy	.
#8	Time def.:	:
##	Axis	0	Temperature(°C)	clRed	FALSE
##	Axis	1	Pressure(Bar)	clBlue	FALSE
##	Axis	2	Angle(°)	clGreen	FALSE
##	Axis	3	EAL	clSkyBlue	FALSE
##	Axis	4	Roll(°)	$00404080	FALSE
##	Series	0	Temp(°C)	clRed	0	Temp(°C)	2
##	Series	1	Press(Bar)	clBlue	1	Press(Bar)	2
##	Series	2	Tilt-X(°)	clGreen	2	Tilt-X(°)	1
##	Series	3	Tilt-Y(°)	$00404080	2	Tilt-Y(°)	1
##	Series	4	Tilt-Z(°)	$00FF0080	2	Tilt-Z(°)	1
##	Series	5	EAL	clSkyBlue	3	EAL	0
##	Series	6	Roll(°)	$00404080	4	Roll(°)	1
##	Recorder	6	DST tilt	1174
##	Chart	6H1174DAT	
#D	Data:	1554	31.08.2025 10:12:00	31.08.2025 10:37:53
1	31.08.2025 10:12:00,000	21,29	-0,32	-2,0	-3,1	84,9	0	-3,1
2	31.08.2025 10:12:01,000	21,26	-0,32	-2,3	-2,9	84,8	0	-2,9
3	31.08.2025 10:12:02,000	21,26	-0,32	-1,3	-2,2	86,5	0	-2,2
4	31.08.2025 10:12:03,000	21,26	-0,32	-2,1	-2,1	85,8	0	-2,1
5	31.08.2025 10:12:04,000	21,23	-0,32	-2,4	-2,9	84,8	0	-2,9
6	31.08.2025 10:12:05,000	21,23	-0,32	-1,0	-3,0	86,0	0	-3,0
7	31.08.2025 10:12:06,000	21,23	-0,32	-2,0	-3,2	84,8	0	-3,2
8	31.08.2025 10:12:07,000	21,23	-0,32	-2,6	-3,6	83,8	0	-3,6
9	31.08.2025 10:12:08,000	21,23	-0,32	-1,8	-3,6	84,6	0	-3,6
10	31.08.2025 10:12:09,000	21,20	-0,32	-1,4	-2,5	86,0	0	-2,6
11	31.08.2025 10:12:10,000	21,20	-0,30	-2,2	-2,2	85,6	0	-2,3
12	31.08.2025 10:12:11,000	21,20	-0,30	-2,1	-2,4	85,5	0	-2,4
13	31.08.2025 10:12:12,000	21,20	-0,30	-2,0	-2,4	85,6	0	-2,4
14	31.08.2025 10:12:13,000	21,20	-0,32	-1,3	-2,8	85,8	0	-2,9
15	31.08.2025 10:12:14,000	21,17	-0,32	-2,0	-3,6	84,4	0	-3,6
16	31.08.2025 10:12:15,000	21,17	-0,32	-2,2	-3,1	84,7	0	-3,2
17	31.08.2025 10:12:16,000	21,17	-0,30	-2,3	-3,6	84,1	0	-3,7
18	31.08.2025 10:12:17,000	21,17	-0,32	-1,5	-3,1	85,4	0	-3,1
19	31.08.2025 10:12:18,000	21,17	-0,30	-1,6	-2,0	86,3	0	-2,1
20	31.08.2025 10:12:19,000	21,14	-0,32	-2,4	-2,3	85,3	0	-2,4
21	31.08.2025 10:12:20,000	21,14	-0,30	-2,1	-2,5	85,4	0	-2,6
22	31.08.2025 10:12:21,000	21,14	-0,30	-1,5	-2,3	86,2	0	-2,3
23	31.08.2025 10:12:22,000	21,14	-0,32	-1,6	-2,8	85,6	0	-2,8
24	31.08.2025 10:12:23,000	21,11	-0,34	-2,4	-4,0	83,6	0	-4,1
25	31.08.2025 10:12:24,000	21,11	-0,34	-2,1	-3,6	84,3	0	-3,6
26	31.08.2025 10:12:25,000	21,11	-0,34	-1,9	-3,1	85,0	0	-3,2
27	31.08.2025 10:12:26,000	21,11	-0,32	-1,6	-2,7	85,8	0	-2,7
28	31.08.2025 10:12:27,000	21,11	-0,32	-2,2	-2,8	85,1	0	-2,8
29	31.08.2025 10:12:28,000	21,08	-0,32	-1,9	-1,8	86,3	0	-1,8
30	31.08.2025 10:12:29,000	21,08	-0,32	-1,8	-1,9	86,3	0	-1,9
31	31.08.2025 10:12:30,000	21,08	-0,34	-1,7	-2,8	85,5	0	-2,9
32	31.08.2025 10:12:31,000	21,08	-0,32	-2,0	-3,6	84,5	0	-3,7
33	31.08.2025 10:12:32,000	21,08	-0,32	-2,3	-3,2	84,5	0	-3,3
34	31.08.2025 10:12:33,000	21,08	-0,32	-1,8	-3,6	84,7	0	-3,6
35	31.08.2025 10:12:34,000	21,05	-0,32	-1,8	-3,4	84,8	0	-3,4
36	31.08.2025 10:12:35,000	21,05	-0,32	-2,1	-2,8	85,1	0	-2,8
37	31.08.2025 10:12:36,000	21,05	-0,34	-2,1	-1,9	86,1	0	-1,9
38	31.08.2025 10:12:37,000	21,05	-0,32	-1,6	-2,7	85,6	0	-2,8
39	31.08.2025 10:12:38,000	21,05	-0,32	-1,8	-2,2	86,1	0	-2,2
40	31.08.2025 10:12:39,000	21,05	-0,32	-1,9	-3,0	85,1	0	-3,1
41	31.08.2025 10:12:40,000	21,05	-0,32	-2,5	-3,6	84,0	0	-3,6
42	31.08.2025 10:12:41,000	21,05	-0,34	-1,8	-3,5	84,7	0	-3,6
43	31.08.2025 10:12:42,000	21,03	-0,34	-1,6	-3,0	85,4	0	-3,0
44	31.08.2025 10:12:43,000	21,03	-0,34	-2,1	-3,3	84,6	0	-3,3
45	31.08.2025 10:12:44,000	21,03	-0,32	-1,9	-3,2	84,9	0	-3,2
46	31.08.2025 10:12:45,000	21,03	-0,32	-2,0	-2,3	85,7	0	-2,3
47	31.08.2025 10:12:46,000	21,03	-0,32	-2,0	-2,3	85,8	0	-2,3
48	31.08.2025 10:12:47,000	21,00	-0,34	-1,3	-2,4	86,2	0	-2,5
49	31.08.2025 10:12:48,000	21,00	-0,32	-2,2	-3,2	84,6	0	-3,2
50	31.08.2025 10:12:49,000	21,00	-0,32	-1,9	-3,1	85,0	0	-3,1
51	31.08.2025 10:12:50,000	21,00	-0,32	-2,0	-3,1	84,9	0	-3,2
52	31.08.2025 10:12:51,000	21,00	-0,32	-2,1	-3,0	84,9	0	-3,0
53	31.08.2025 10:12:52,000	21,00	-0,32	-1,4	-3,5	85,2	0	-3,5
54	31.08.2025 10:12:53,000	20,97	-0,32	-2,0	-2,9	85,1	0	-3,0
55	31.08.2025 10:12:54,000	20,97	-0,32	-2,3	-1,7	86,0	0	-1,8
56	31.08.2025 10:12:55,000	20,97	-0,32	-1,7	-2,5	85,7	0	-2,6
57	31.08.2025 10:12:56,000	20,97	-0,32	-1,6	-2,6	85,8	0	-2,6
58	31.08.2025 10:12:57,000	20,97	-0,32	-1,8	-2,7	85,5	0	-2,8
59	31.08.2025 10:12:58,000	20,97	-0,32	-2,4	-2,4	85,3	0	-2,4
60	31.08.2025 10:12:59,000	20,97	-0,34	-1,7	-3,1	85,2	0	-3,1
61	31.08.2025 10:13:00,000	20,94	-0,34	-1,7	-2,9	85,4	0	-3,0
62	31.08.2025 10:13:01,000	20,94	-0,32	-1,9	-3,0	85,1	0	-3,1
63	31.08.2025 10:13:02,000	20,94	-0,34	-2,1	-2,9	85,0	0	-2,9
64	31.08.2025 10:13:03,000	20,94	-0,32	-1,9	-2,7	85,4	0	-2,7
65	31.08.2025 10:13:04,000	20,94	-0,32	-1,4	-2,2	86,4	0	-2,2
66	31.08.2025 10:13:05,000	20,94	-0,32	-2,3	-1,5	86,2	0	-1,5
67	31.08.2025 10:13:06,000	20,91	-0,32	-1,5	-2,3	86,2	0	-2,3
68	31.08.2025 10:13:07,000	20,91	-0,32	-1,7	-2,5	85,8	0	-2,5
69	31.08.2025 10:13:08,000	20,91	-0,32	-2,2	-2,6	85,2	0	-2,7
70	31.08.2025 10:13:09,000	20,91	-0,32	-1,9	-2,8	85,3	0	-2,9
71	31.08.2025 10:13:10,000	20,91	-0,32	-1,7	-3,2	85,0	0	-3,3
72	31.08.2025 10:13:11,000	20,91	-0,32	-1,8	-2,6	85,6	0	-2,7
73	31.08.2025 10:13:12,000	20,91	-0,32	-1,8	-2,4	85,8	0	-2,5
74	31.08.2025 10:13:13,000	20,88	-0,32	-11,9	-3,1	75,0	0	-3,3
75	31.08.2025 10:13:14,000	20,88	-0,32	16,7	69,6	3,6	0	86,1
76	31.08.2025 10:13:15,000	20,88	-0,32	17,5	61,3	-11,2	0	103,0
77	31.08.2025 10:13:16,000	20,88	-0,32	48,0	29,0	13,0	1	64,9
78	31.08.2025 10:13:17,000	20,88	-0,34	57,3	26,5	6,2	0	76,2
79	31.08.2025 10:13:18,000	20,88	-0,34	55,7	28,3	6,0	0	77,6
80	31.08.2025 10:13:19,000	20,88	-0,32	84,2	2,2	3,6	0	77,6
81	31.08.2025 10:13:20,000	20,85	-0,32	64,9	-25,1	0,1	0	-89,9
82	31.08.2025 10:13:21,000	20,85	-0,34	67,5	-22,1	0,4	0	-89,9
83	31.08.2025 10:13:22,000	20,85	-0,32	68,3	-21,1	0,6	0	-89,9
84	31.08.2025 10:13:23,000	20,85	-0,34	70,0	-19,1	0,9	0	-89,9
85	31.08.2025 10:13:24,000	20,85	-0,32	58,9	-19,9	-11,1	0	-119,6
86	31.08.2025 10:13:25,000	20,85	-0,34	12,1	9,2	-68,7	1	169,9
87	31.08.2025 10:13:26,000	20,85	-0,34	22,2	31,3	-36,5	0	138,7
88	31.08.2025 10:13:27,000	20,82	-0,34	15,4	51,0	-23,6	1	118,0
89	31.08.2025 10:13:28,000	20,82	-0,32	16,5	71,1	2,4	0	87,4
90	31.08.2025 10:13:29,000	20,82	-0,32	17,3	70,8	-1,9	0	92,0
91	31.08.2025 10:13:30,000	20,82	-0,32	16,2	70,8	3,0	0	86,8
92	31.08.2025 10:13:31,000	20,82	-0,32	16,9	72,8	0,3	0	89,7
93	31.08.2025 10:13:32,000	20,82	-0,32	16,4	72,8	-0,8	0	90,9
94	31.08.2025 10:13:33,000	20,82	-0,32	15,5	72,2	2,3	0	87,6
95	31.08.2025 10:13:34,000	20,82	-0,34	16,4	73,6	0,1	0	89,9
96	31.08.2025 10:13:35,000	20,79	-0,32	17,4	71,7	0,8	0	89,1
97	31.08.2025 10:13:36,000	20,79	-0,32	17,4	71,1	1,5	0	88,4
98	31.08.2025 10:13:37,000	20,79	-0,32	17,0	71,6	1,4	0	88,5
99	31.08.2025 10:13:38,000	20,79	-0,32	16,8	73,2	0,0	0	90,0
100	31.08.2025 10:13:39,000	20,79	-0,32	16,8	71,7	-1,5	0	91,6
101	31.08.2025 10:13:40,000	20,79	-0,32	16,1	71,6	-2,2	0	92,4
102	31.08.2025 10:13:41,000	20,79	-0,32	15,7	72,1	-2,3	0	92,4
103	31.08.2025 10:13:42,000	20,79	-0,34	16,3	70,7	-2,9	0	93,2
104	31.08.2025 10:13:43,000	20,76	-0,34	15,9	65,5	-8,6	0	99,7
105	31.08.2025 10:13:44,000	20,76	-0,34	16,8	66,6	-6,6	0	97,4
106	31.08.2025 10:13:45,000	20,76	-0,37	17,2	66,0	-6,8	0	97,7
107	31.08.2025 10:13:46,000	20,76	-0,34	17,2	65,5	-7,3	0	98,2
108	31.08.2025 10:13:47,000	20,76	-0,37	17,1	65,3	-7,6	0	98,5
109	31.08.2025 10:13:48,000	20,76	-0,34	16,4	66,5	-7,1	0	97,9
110	31.08.2025 10:13:49,000	20,76	-0,34	15,9	66,9	-7,1	0	97,9
111	31.08.2025 10:13:50,000	20,76	-0,37	15,3	66,8	-7,9	0	98,8
112	31.08.2025 10:13:51,000	20,73	-0,32	15,8	67,8	-6,4	0	97,1
113	31.08.2025 10:13:52,000	20,73	-0,34	16,1	68,4	-5,5	0	96,1
114	31.08.2025 10:13:53,000	20,73	-0,34	15,9	68,8	-5,3	0	95,8
115	31.08.2025 10:13:54,000	20,73	-0,34	16,9	68,5	-4,5	0	94,9
116	31.08.2025 10:13:55,000	20,73	-0,34	16,1	68,0	-5,8	0	96,4
117	31.08.2025 10:13:56,000	20,73	-0,34	15,0	69,3	-5,7	0	96,2
118	31.08.2025 10:13:57,000	20,73	-0,34	14,0	72,6	-3,4	0	93,6
119	31.08.2025 10:13:58,000	20,73	-0,34	12,1	75,8	-2,0	0	92,1
120	31.08.2025 10:13:59,000	20,73	-0,34	11,3	75,4	3,2	0	86,6
121	31.08.2025 10:14:00,000	20,70	-0,37	8,4	66,2	15,4	0	73,3
122	31.08.2025 10:14:01,000	20,70	-0,34	7,4	65,1	17,5	0	71,1
123	31.08.2025 10:14:02,000	20,70	-0,34	3,9	45,1	40,9	0	47,2
124	31.08.2025 10:14:03,000	20,70	-0,34	3,4	43,0	43,6	0	44,7
125	31.08.2025 10:14:04,000	20,70	-0,34	2,1	42,4	45,6	0	43,4
126	31.08.2025 10:14:05,000	20,70	-0,34	1,4	42,7	45,8	0	43,4
127	31.08.2025 10:14:06,000	20,70	-0,32	1,4	41,9	46,7	0	42,6
128	31.08.2025 10:14:07,000	20,70	-0,37	0,7	41,7	47,6	0	42,0
129	31.08.2025 10:14:08,000	20,70	-0,34	1,6	40,2	48,2	0	40,9
130	31.08.2025 10:14:09,000	20,67	-0,32	0,9	40,9	48,2	0	41,3
131	31.08.2025 10:14:10,000	20,67	-0,34	1,3	39,1	49,6	0	39,7
132	31.08.2025 10:14:11,000	20,67	-0,32	2,2	39,8	48,0	0	40,8
133	31.08.2025 10:14:12,000	20,67	-0,34	3,7	39,1	47,3	0	40,7
134	31.08.2025 10:14:13,000	20,67	-0,34	4,8	35,9	49,3	0	37,9
135	31.08.2025 10:14:14,000	20,67	-0,34	5,4	35,9	48,7	0	38,1
136	31.08.2025 10:14:15,000	20,67	-0,34	5,3	35,1	49,7	0	37,2
137	31.08.2025 10:14:16,000	20,64	-0,34	5,2	35,5	49,3	0	37,7
138	31.08.2025 10:14:17,000	20,64	-0,32	4,5	36,9	48,6	0	38,9
139	31.08.2025 10:14:18,000	20,64	-0,34	3,4	35,7	50,9	0	37,1
140	31.08.2025 10:14:19,000	20,64	-0,34	3,6	36,1	50,3	0	37,6
141	31.08.2025 10:14:20,000	20,64	-0,34	2,7	35,9	51,4	0	37,0
142	31.08.2025 10:14:21,000	20,64	-0,34	2,3	36,4	51,4	0	37,3
143	31.08.2025 10:14:22,000	20,64	-0,32	2,9	36,5	50,6	0	37,7
144	31.08.2025 10:14:23,000	20,64	-0,34	2,2	37,2	50,6	0	38,1
145	31.08.2025 10:14:24,000	20,64	-0,37	1,5	36,9	51,5	0	37,6
146	31.08.2025 10:14:25,000	20,64	-0,34	2,3	36,4	51,4	0	37,3
147	31.08.2025 10:14:26,000	20,61	-0,34	2,2	36,8	51,0	0	37,7
148	31.08.2025 10:14:27,000	20,61	-0,34	2,3	37,3	50,4	0	38,3
149	31.08.2025 10:14:28,000	20,61	-0,34	1,8	36,0	52,2	0	36,7
150	31.08.2025 10:14:29,000	20,61	-0,34	4,0	35,7	50,3	0	37,4
151	31.08.2025 10:14:30,000	20,61	-0,34	5,8	35,2	49,0	0	37,6
152	31.08.2025 10:14:31,000	20,61	-0,34	5,8	35,2	49,0	0	37,6
153	31.08.2025 10:14:32,000	20,61	-0,34	6,3	34,9	48,8	0	37,5
154	31.08.2025 10:14:33,000	20,61	-0,34	6,5	31,8	51,7	0	34,2
155	31.08.2025 10:14:34,000	20,61	-0,34	8,6	33,8	47,6	0	37,3
156	31.08.2025 10:14:35,000	20,61	-0,34	7,2	32,1	50,6	0	34,9
157	31.08.2025 10:14:36,000	20,61	-0,34	6,2	33,0	50,8	0	35,4
158	31.08.2025 10:14:37,000	20,61	-0,34	7,9	31,8	50,3	0	34,7
159	31.08.2025 10:14:38,000	20,61	-0,32	7,0	31,4	51,6	0	34,0
160	31.08.2025 10:14:39,000	20,58	-0,34	7,0	31,8	51,2	0	34,4
161	31.08.2025 10:14:40,000	20,58	-0,34	6,9	31,0	52,1	0	33,5
162	31.08.2025 10:14:41,000	20,58	-0,34	6,8	31,9	51,3	0	34,4
163	31.08.2025 10:14:42,000	20,58	-0,37	5,3	31,9	52,8	0	33,8
164	31.08.2025 10:14:43,000	20,58	-0,34	2,6	32,5	55,0	0	33,4
165	31.08.2025 10:14:44,000	20,58	-0,34	1,1	36,4	52,5	0	36,9
166	31.08.2025 10:14:45,000	20,58	-0,34	-4,4	33,2	52,4	0	34,8
167	31.08.2025 10:14:46,000	20,58	-0,34	-3,8	30,8	55,4	0	32,2
168	31.08.2025 10:14:47,000	20,58	-0,34	-3,2	32,5	54,3	0	33,7
169	31.08.2025 10:14:48,000	20,58	-0,32	-7,6	25,5	56,9	0	27,7
170	31.08.2025 10:14:49,000	20,58	-0,34	-8,3	26,1	55,5	0	28,7
171	31.08.2025 10:14:50,000	20,58	-0,34	-7,5	27,1	55,4	0	29,5
172	31.08.2025 10:14:51,000	20,58	-0,34	-7,6	26,5	55,9	0	28,8
173	31.08.2025 10:14:52,000	20,56	-0,34	-6,4	26,3	57,3	0	28,2
174	31.08.2025 10:14:53,000	20,56	-0,32	-3,7	27,0	59,3	0	28,1
175	31.08.2025 10:14:54,000	20,56	-0,34	-2,9	26,8	60,3	0	27,7
176	31.08.2025 10:14:55,000	20,56	-0,37	-1,3	26,1	62,6	0	26,5
177	31.08.2025 10:14:56,000	20,56	-0,34	0,2	27,3	62,5	0	27,4
178	31.08.2025 10:14:57,000	20,56	-0,34	-0,9	24,7	64,4	0	24,9
179	31.08.2025 10:14:58,000	20,56	-0,34	-1,0	25,4	63,6	0	25,7
180	31.08.2025 10:14:59,000	20,56	-0,34	-0,3	24,9	64,8	0	25,0
181	31.08.2025 10:15:00,000	20,56	-0,34	-0,9	24,6	64,5	0	24,8
182	31.08.2025 10:15:01,000	20,56	-0,32	-0,1	24,8	65,0	0	24,9
183	31.08.2025 10:15:02,000	20,53	-0,32	-0,3	24,9	64,8	0	25,0
184	31.08.2025 10:15:03,000	20,53	-0,34	0,2	25,1	64,7	0	25,1
185	31.08.2025 10:15:04,000	20,53	-0,34	-0,1	24,3	65,6	0	24,3
186	31.08.2025 10:15:05,000	20,53	-0,34	0,5	25,5	64,0	0	25,6
187	31.08.2025 10:15:06,000	20,53	-0,32	1,9	24,3	63,8	0	24,8
188	31.08.2025 10:15:07,000	20,53	-0,34	1,5	22,6	65,9	0	23,0
189	31.08.2025 10:15:08,000	20,53	-0,34	1,9	24,3	63,8	0	24,8
190	31.08.2025 10:15:09,000	20,53	-0,34	2,5	23,6	63,8	0	24,3
191	31.08.2025 10:15:10,000	20,53	-0,34	1,5	23,0	65,5	0	23,4
192	31.08.2025 10:15:11,000	20,53	-0,34	1,7	22,5	65,8	0	22,9
193	31.08.2025 10:15:12,000	20,50	-0,34	1,7	23,6	64,8	0	24,0
194	31.08.2025 10:15:13,000	20,50	-0,34	2,5	22,8	64,7	0	23,4
195	31.08.2025 10:15:14,000	20,50	-0,34	1,7	21,6	66,7	0	22,0
196	31.08.2025 10:15:15,000	20,50	-0,34	1,5	21,1	67,4	0	21,4
197	31.08.2025 10:15:16,000	20,50	-0,34	1,9	21,0	67,1	0	21,5
198	31.08.2025 10:15:17,000	20,50	-0,34	1,8	21,4	66,8	0	21,9
199	31.08.2025 10:15:18,000	20,50	-0,34	1,5	21,4	67,0	0	21,8
200	31.08.2025 10:15:19,000	20,50	-0,34	1,4	22,1	66,4	0	22,5
201	31.08.2025 10:15:20,000	20,50	-0,34	2,1	21,3	66,6	0	21,8
202	31.08.2025 10:15:21,000	20,47	-0,34	1,3	21,7	67,0	0	22,0
203	31.08.2025 10:15:22,000	20,47	-0,32	1,8	22,1	66,1	0	22,5
204	31.08.2025 10:15:23,000	20,47	-0,34	1,2	22,0	66,7	0	22,3
205	31.08.2025 10:15:24,000	20,47	-0,32	1,4	22,0	66,6	0	22,4
206	31.08.2025 10:15:25,000	20,47	-0,34	1,9	21,8	66,3	0	22,3
207	31.08.2025 10:15:26,000	20,47	-0,32	1,8	21,8	66,4	0	22,3
208	31.08.2025 10:15:27,000	20,47	-0,34	1,7	22,5	65,8	0	22,9
209	31.08.2025 10:15:28,000	20,47	-0,34	0,9	22,4	66,8	0	22,6
210	31.08.2025 10:15:29,000	20,47	-0,34	1,7	22,3	66,1	0	22,7
211	31.08.2025 10:15:30,000	20,47	-0,32	2,0	21,7	66,3	0	22,2
212	31.08.2025 10:15:31,000	20,47	-0,34	1,9	22,3	65,8	0	22,8
213	31.08.2025 10:15:32,000	20,44	-0,34	1,8	22,9	65,3	0	23,4
214	31.08.2025 10:15:33,000	20,44	-0,37	1,6	22,2	66,2	0	22,6
215	31.08.2025 10:15:34,000	20,44	-0,34	1,5	22,3	66,1	0	22,7
216	31.08.2025 10:15:35,000	20,44	-0,34	2,1	22,7	65,2	0	23,2
217	31.08.2025 10:15:36,000	20,44	-0,37	1,6	22,5	66,0	0	22,9
218	31.08.2025 10:15:37,000	20,44	-0,37	2,2	22,2	65,6	0	22,7
219	31.08.2025 10:15:38,000	20,44	-0,37	2,4	23,3	64,3	0	23,9
220	31.08.2025 10:15:39,000	20,44	-0,37	1,9	23,1	65,0	0	23,6
221	31.08.2025 10:15:40,000	20,44	-0,37	2,7	24,5	62,8	0	25,2
222	31.08.2025 10:15:41,000	20,44	-0,37	3,0	23,9	63,1	0	24,7
223	31.08.2025 10:15:42,000	20,44	-0,34	3,3	24,8	62,0	0	25,7
224	31.08.2025 10:15:43,000	20,44	-0,34	2,5	25,4	62,1	0	26,1
225	31.08.2025 10:15:44,000	20,41	-0,37	2,2	25,2	62,6	0	25,9
226	31.08.2025 10:15:45,000	20,41	-0,34	2,8	24,9	62,3	0	25,7
227	31.08.2025 10:15:46,000	20,41	-0,34	2,6	25,3	62,1	0	26,0
228	31.08.2025 10:15:47,000	20,41	-0,34	2,8	25,8	61,3	0	26,7
229	31.08.2025 10:15:48,000	20,41	-0,37	2,6	26,5	60,8	0	27,3
230	31.08.2025 10:15:49,000	20,41	-0,34	3,2	26,8	60,0	0	27,8
231	31.08.2025 10:15:50,000	20,41	-0,37	2,7	27,4	59,9	0	28,2
232	31.08.2025 10:15:51,000	20,41	-0,37	3,6	30,5	55,9	0	31,8
233	31.08.2025 10:15:52,000	20,41	-0,37	36,9	41,7	11,4	1	73,1
234	31.08.2025 10:15:53,000	20,41	-0,37	37,0	51,7	-1,3	0	91,7
235	31.08.2025 10:15:54,000	20,41	-0,34	26,3	39,1	24,6	0	56,1
236	31.08.2025 10:15:55,000	20,41	-0,37	11,1	39,5	39,3	0	45,1
237	31.08.2025 10:15:56,000	20,38	-0,37	12,4	43,9	33,7	0	51,1
238	31.08.2025 10:15:57,000	20,38	-0,37	15,3	51,3	23,4	0	62,3
239	31.08.2025 10:15:58,000	20,38	-0,37	13,9	48,6	27,5	0	57,8
240	31.08.2025 10:15:59,000	20,38	-0,37	12,7	45,6	31,7	0	53,3
241	31.08.2025 10:16:00,000	20,38	-0,37	16,2	58,3	15,5	0	71,8
242	31.08.2025 10:16:01,000	20,38	-0,37	15,4	51,7	22,9	0	62,9
243	31.08.2025 10:16:02,000	20,38	-0,34	12,1	41,7	36,1	0	48,3
244	31.08.2025 10:16:03,000	20,38	-0,34	10,6	36,9	42,5	0	41,8
245	31.08.2025 10:16:04,000	20,38	-0,37	9,7	32,9	47,5	0	36,7
246	31.08.2025 10:16:05,000	20,38	-0,37	9,9	33,8	46,3	0	37,9
247	31.08.2025 10:16:06,000	20,35	-0,37	10,5	35,3	44,3	0	39,8
248	31.08.2025 10:16:07,000	20,35	-0,37	10,9	36,6	42,5	0	41,6
249	31.08.2025 10:16:08,000	20,35	-0,34	10,5	36,1	43,4	0	40,8
250	31.08.2025 10:16:09,000	20,35	-0,37	11,0	36,7	42,3	0	41,8
251	31.08.2025 10:16:10,000	20,35	-0,34	11,2	38,3	40,5	0	43,8
252	31.08.2025 10:16:11,000	20,35	-0,37	12,0	42,6	35,4	0	49,2
253	31.08.2025 10:16:12,000	20,35	-0,34	12,2	42,3	35,5	0	49,0
254	31.08.2025 10:16:13,000	20,35	-0,34	12,3	40,3	37,5	0	46,7
255	31.08.2025 10:16:14,000	20,35	-0,34	10,5	36,7	42,8	0	41,5
256	31.08.2025 10:16:15,000	20,35	-0,37	10,7	36,7	42,6	0	41,6
257	31.08.2025 10:16:16,000	20,35	-0,34	10,3	33,6	46,1	0	37,9
258	31.08.2025 10:16:17,000	20,35	-0,37	10,4	34,0	45,6	0	38,3
259	31.08.2025 10:16:18,000	20,35	-0,37	10,1	36,0	43,8	0	40,6
260	31.08.2025 10:16:19,000	20,32	-0,37	12,2	42,5	35,3	0	49,2
261	31.08.2025 10:16:20,000	20,32	-0,34	11,4	37,4	41,2	0	42,7
262	31.08.2025 10:16:21,000	20,32	-0,37	10,8	37,7	41,5	0	42,8
263	31.08.2025 10:16:22,000	20,32	-0,34	10,1	37,3	42,6	0	42,0
264	31.08.2025 10:16:23,000	20,32	-0,34	12,8	50,9	26,3	0	59,7
265	31.08.2025 10:16:24,000	20,32	-0,37	16,3	69,1	4,6	0	84,9
266	31.08.2025 10:16:25,000	20,32	-0,37	8,5	10,4	-71,0	0	168,8
267	31.08.2025 10:16:26,000	20,32	-0,37	-1,7	3,7	-84,6	1	176,2
268	31.08.2025 10:16:27,000	20,32	-0,37	-10,5	-5,1	-74,4	0	-174,6
269	31.08.2025 10:16:28,000	20,26	-0,21	57,2	28,9	3,8	1	82,1
270	31.08.2025 10:16:29,000	20,11	-0,26	48,3	21,1	20,5	0	45,8
271	31.08.2025 10:16:30,000	20,08	-0,30	21,0	39,4	29,6	0	51,7
272	31.08.2025 10:16:31,000	20,00	-0,37	20,1	52,0	18,0	0	67,9
273	31.08.2025 10:16:32,000	19,88	-0,23	21,2	44,6	24,2	0	59,1
274	31.08.2025 10:16:33,000	19,82	-0,30	34,1	-7,0	48,9	0	-9,3
275	31.08.2025 10:16:34,000	19,76	-0,30	36,9	-4,9	48,2	0	-6,6
276	31.08.2025 10:16:35,000	19,70	-0,30	23,6	6,6	59,8	0	7,8
277	31.08.2025 10:16:36,000	19,67	-0,26	24,2	16,6	49,3	0	21,2
278	31.08.2025 10:16:37,000	19,61	-0,23	36,8	4,6	48,6	0	6,2
279	31.08.2025 10:16:38,000	19,58	-0,23	29,0	7,4	53,6	0	9,3
280	31.08.2025 10:16:39,000	19,52	-0,23	21,1	20,5	48,4	0	25,8
281	31.08.2025 10:16:40,000	19,49	-0,19	34,6	4,9	50,5	0	6,4
282	31.08.2025 10:16:41,000	19,46	-0,21	30,6	13,5	45,9	0	18,5
283	31.08.2025 10:16:42,000	19,44	-0,23	23,0	18,5	48,5	0	23,7
284	31.08.2025 10:16:43,000	19,44	-0,23	21,6	14,9	53,5	0	18,3
285	31.08.2025 10:16:44,000	19,41	-0,21	27,1	13,6	49,3	0	17,8
286	31.08.2025 10:16:45,000	19,38	-0,23	20,8	9,4	59,7	0	11,1
287	31.08.2025 10:16:46,000	19,38	-0,21	24,8	9,5	55,7	0	11,6
288	31.08.2025 10:16:47,000	19,35	-0,19	28,6	9,8	51,6	0	12,6
289	31.08.2025 10:16:48,000	19,35	-0,17	21,9	14,7	53,3	0	18,2
290	31.08.2025 10:16:49,000	19,35	-0,14	36,3	4,6	49,1	0	6,1
291	31.08.2025 10:16:50,000	19,32	-0,14	32,9	6,1	51,0	0	8,0
292	31.08.2025 10:16:51,000	19,32	-0,14	28,2	12,2	49,6	0	16,0
293	31.08.2025 10:16:52,000	19,29	-0,12	38,4	10,9	40,7	0	16,5
294	31.08.2025 10:16:53,000	19,29	-0,10	45,7	10,4	33,8	0	18,2
295	31.08.2025 10:16:54,000	19,29	-0,08	50,7	8,3	31,0	0	15,8
296	31.08.2025 10:16:55,000	19,26	-0,05	52,8	9,0	28,2	0	18,5
297	31.08.2025 10:16:56,000	19,23	-0,05	52,8	9,0	28,2	0	18,4
298	31.08.2025 10:16:57,000	19,20	-0,05	55,7	9,5	24,8	0	21,7
299	31.08.2025 10:16:58,000	19,20	-0,03	52,7	12,9	24,4	0	28,5
300	31.08.2025 10:16:59,000	19,17	-0,03	54,6	9,0	26,4	0	19,5
301	31.08.2025 10:17:00,000	19,17	-0,03	54,4	9,0	26,7	0	19,2
302	31.08.2025 10:17:01,000	19,14	-0,01	52,7	13,1	24,2	0	29,1
303	31.08.2025 10:17:02,000	19,14	0,01	54,7	11,9	23,4	0	27,5
304	31.08.2025 10:17:03,000	19,14	0,01	53,2	11,7	25,1	0	25,7
305	31.08.2025 10:17:04,000	19,11	-0,03	51,9	11,9	26,2	0	25,2
306	31.08.2025 10:17:05,000	19,11	0,01	52,9	15,9	21,3	0	37,1
307	31.08.2025 10:17:06,000	19,08	-0,01	55,4	13,1	21,4	0	31,9
308	31.08.2025 10:17:07,000	19,08	-0,01	54,1	12,3	23,6	0	28,2
309	31.08.2025 10:17:08,000	19,08	0,01	51,6	15,5	22,8	0	34,7
310	31.08.2025 10:17:09,000	19,05	0,03	53,6	14,7	21,7	0	34,5
311	31.08.2025 10:17:10,000	19,05	0,03	55,5	13,6	20,9	0	33,5
312	31.08.2025 10:17:11,000	19,05	0,03	54,1	13,1	22,8	0	30,4
313	31.08.2025 10:17:12,000	19,05	0,06	57,2	10,7	22,1	0	26,3
314	31.08.2025 10:17:13,000	19,02	0,06	55,4	13,2	21,4	0	32,2
315	31.08.2025 10:17:14,000	19,02	0,06	59,0	10,8	20,2	0	28,7
316	31.08.2025 10:17:15,000	19,02	0,08	58,2	10,4	21,4	0	26,3
317	31.08.2025 10:17:16,000	19,02	0,08	58,2	11,6	20,3	0	30,1
318	31.08.2025 10:17:17,000	19,02	0,08	61,4	9,8	18,8	0	30,1
319	31.08.2025 10:17:18,000	19,02	0,08	60,9	9,1	20,0	0	30,1
320	31.08.2025 10:17:19,000	19,02	0,10	59,5	10,3	20,1	0	30,1
321	31.08.2025 10:17:20,000	19,02	0,10	59,9	9,3	20,8	0	30,1
322	31.08.2025 10:17:21,000	18,99	0,10	62,6	8,1	19,3	0	30,1
323	31.08.2025 10:17:22,000	18,99	0,12	61,5	7,3	21,3	0	30,1
324	31.08.2025 10:17:23,000	18,99	0,10	62,0	7,8	20,3	0	30,1
325	31.08.2025 10:17:24,000	19,02	0,12	65,2	5,9	18,9	0	30,1
326	31.08.2025 10:17:25,000	19,02	0,12	66,2	4,7	19,0	0	30,1
327	31.08.2025 10:17:26,000	19,02	0,12	64,9	5,2	19,8	0	30,1
328	31.08.2025 10:17:27,000	19,02	0,12	67,6	2,7	19,7	0	30,1
329	31.08.2025 10:17:28,000	19,02	0,17	67,7	2,6	19,7	0	30,1
330	31.08.2025 10:17:29,000	19,02	0,15	67,8	2,4	19,7	0	30,1
331	31.08.2025 10:17:30,000	19,02	0,17	66,2	2,3	21,5	0	30,1
332	31.08.2025 10:17:31,000	18,99	0,17	68,1	0,3	21,6	0	30,1
333	31.08.2025 10:17:32,000	18,99	0,19	68,2	-4,2	17,6	0	30,1
334	31.08.2025 10:17:33,000	18,99	0,19	67,3	-3,7	19,0	0	30,1
335	31.08.2025 10:17:34,000	18,99	0,21	67,0	-5,1	17,9	0	30,1
336	31.08.2025 10:17:35,000	18,99	0,21	65,5	-8,5	16,0	0	30,1
337	31.08.2025 10:17:36,000	18,99	0,23	63,4	-9,9	16,7	0	30,1
338	31.08.2025 10:17:37,000	18,99	0,26	62,3	-11,8	15,8	0	30,1
339	31.08.2025 10:17:38,000	18,99	0,28	60,0	-14,9	15,1	0	30,1
340	31.08.2025 10:17:39,000	18,99	0,28	56,8	-17,1	16,1	0	-46,7
341	31.08.2025 10:17:40,000	18,99	0,28	57,6	-17,4	15,0	0	-49,0
342	31.08.2025 10:17:41,000	18,99	0,28	60,0	-16,8	13,2	0	-49,0
343	31.08.2025 10:17:42,000	18,99	0,30	59,3	-15,7	15,1	0	-49,0
344	31.08.2025 10:17:43,000	18,96	0,32	59,7	-13,4	16,8	0	-49,0
345	31.08.2025 10:17:44,000	18,93	0,32	60,4	-15,4	14,2	0	-49,0
346	31.08.2025 10:17:45,000	18,93	0,37	61,6	-15,4	13,0	0	-49,0
347	31.08.2025 10:17:46,000	18,90	0,37	57,7	-16,2	16,1	0	-45,2
348	31.08.2025 10:17:47,000	18,87	0,36	57,3	-17,1	15,6	0	-47,5
349	31.08.2025 10:17:48,000	18,87	0,41	56,5	-18,2	15,3	0	-49,8
350	31.08.2025 10:17:49,000	18,81	0,40	55,6	-19,4	15,0	0	-52,1
351	31.08.2025 10:17:50,000	18,81	0,43	54,9	-21,2	14,0	0	-56,2
352	31.08.2025 10:17:51,000	18,78	0,47	58,6	-19,3	12,1	0	-57,4
353	31.08.2025 10:17:52,000	18,78	0,47	56,9	-18,6	14,5	0	-51,8
354	31.08.2025 10:17:53,000	18,75	0,49	56,0	-18,0	15,9	0	-48,4
355	31.08.2025 10:17:54,000	18,75	0,51	59,3	-16,5	14,2	0	-48,4
356	31.08.2025 10:17:55,000	18,72	0,53	56,8	-16,7	16,5	0	-45,4
357	31.08.2025 10:17:56,000	18,69	0,58	60,7	-13,8	15,5	0	-45,4
358	31.08.2025 10:17:57,000	18,69	0,55	59,0	-12,4	18,6	0	-33,9
359	31.08.2025 10:17:58,000	18,66	0,60	63,9	-9,9	16,2	0	-33,9
360	31.08.2025 10:17:59,000	18,66	0,60	62,3	-9,4	18,3	0	-33,9
361	31.08.2025 10:18:00,000	18,69	0,62	61,3	-7,6	21,0	0	-33,9
362	31.08.2025 10:18:01,000	18,69	0,64	62,4	-8,4	19,2	0	-33,9
363	31.08.2025 10:18:02,000	18,66	0,66	63,3	-7,9	18,8	0	-33,9
364	31.08.2025 10:18:03,000	18,66	0,68	64,4	-7,3	18,4	0	-33,9
365	31.08.2025 10:18:04,000	18,66	0,71	59,9	-6,8	23,3	0	-16,7
366	31.08.2025 10:18:05,000	18,66	0,73	64,3	-6,1	19,5	0	-16,7
367	31.08.2025 10:18:06,000	18,66	0,73	64,0	-4,9	21,2	0	-16,7
368	31.08.2025 10:18:07,000	18,66	0,77	59,2	-5,7	25,1	0	-13,2
369	31.08.2025 10:18:08,000	18,69	0,80	64,3	-5,5	20,2	0	-13,2
370	31.08.2025 10:18:09,000	18,69	0,82	65,8	-4,5	19,8	0	-13,2
371	31.08.2025 10:18:10,000	18,69	0,84	65,8	-4,5	19,8	0	-13,2
372	31.08.2025 10:18:11,000	18,66	0,86	64,3	-4,7	21,0	0	-13,2
373	31.08.2025 10:18:12,000	18,66	0,86	67,2	-2,7	20,1	0	-13,2
374	31.08.2025 10:18:13,000	18,66	0,91	69,5	-0,3	20,2	0	-13,2
375	31.08.2025 10:18:14,000	18,66	0,93	69,2	0,0	20,8	0	-13,2
376	31.08.2025 10:18:15,000	18,66	0,97	66,3	-0,3	23,3	0	-13,2
377	31.08.2025 10:18:16,000	18,60	0,99	69,5	0,7	19,8	0	-13,2
378	31.08.2025 10:18:17,000	18,55	1,03	70,0	-0,1	19,9	0	-13,2
379	31.08.2025 10:18:18,000	18,52	1,03	68,3	0,4	21,3	0	-13,2
380	31.08.2025 10:18:19,000	18,52	1,05	65,8	-0,2	24,0	0	-13,2
381	31.08.2025 10:18:20,000	18,52	1,08	66,0	1,3	22,6	0	-13,2
382	31.08.2025 10:18:21,000	18,49	1,10	58,2	4,3	27,5	0	9,2
383	31.08.2025 10:18:22,000	18,49	1,10	47,9	4,9	37,2	0	8,1
384	31.08.2025 10:18:23,000	18,43	1,12	50,3	2,3	37,5	0	3,8
385	31.08.2025 10:18:24,000	18,34	1,11	51,5	1,3	37,2	0	2,1
386	31.08.2025 10:18:25,000	18,25	1,10	49,7	1,2	39,1	0	1,9
387	31.08.2025 10:18:26,000	18,19	1,14	49,8	0,2	40,0	0	0,3
388	31.08.2025 10:18:27,000	18,10	1,14	51,2	-0,9	37,9	0	-1,5
389	31.08.2025 10:18:28,000	18,04	1,13	51,4	-1,5	37,1	0	-2,5
390	31.08.2025 10:18:29,000	17,95	1,17	49,3	-1,0	39,6	0	-1,6
391	31.08.2025 10:18:30,000	17,86	1,17	50,5	-1,2	38,3	0	-2,0
392	31.08.2025 10:18:31,000	17,80	1,19	53,1	-1,6	35,3	0	-2,7
393	31.08.2025 10:18:32,000	17,74	1,20	53,0	-1,6	35,3	0	-2,8
394	31.08.2025 10:18:33,000	17,68	1,20	50,4	-1,7	37,9	0	-2,7
395	31.08.2025 10:18:34,000	17,59	1,19	51,2	-1,0	37,8	0	-1,7
396	31.08.2025 10:18:35,000	17,53	1,19	53,5	-1,3	35,2	0	-2,2
397	31.08.2025 10:18:36,000	17,50	1,19	53,4	-0,3	36,3	0	-0,5
398	31.08.2025 10:18:37,000	17,44	1,23	49,3	0,6	40,1	0	0,9
399	31.08.2025 10:18:38,000	17,35	1,22	51,5	2,3	36,2	0	3,8
400	31.08.2025 10:18:39,000	17,32	1,24	53,5	3,1	33,4	0	5,6
401	31.08.2025 10:18:40,000	17,29	1,24	47,7	3,7	38,6	0	6,0
402	31.08.2025 10:18:41,000	17,29	1,22	45,5	0,9	43,6	1	1,3
403	31.08.2025 10:18:42,000	17,29	1,26	61,3	-2,9	25,8	0	-6,6
404	31.08.2025 10:18:43,000	17,29	1,29	67,5	1,7	20,8	0	-6,6
405	31.08.2025 10:18:44,000	17,26	1,35	65,8	2,3	21,9	0	-6,6
406	31.08.2025 10:18:45,000	17,23	1,35	69,6	1,9	18,5	0	-6,6
407	31.08.2025 10:18:46,000	17,17	1,39	67,9	1,2	20,8	0	-6,6
408	31.08.2025 10:18:47,000	17,14	1,39	64,3	1,7	24,0	0	-6,6
409	31.08.2025 10:18:48,000	17,14	1,39	61,0	1,9	27,0	0	4,3
410	31.08.2025 10:18:49,000	17,11	1,38	55,0	2,9	32,1	0	5,5
411	31.08.2025 10:18:50,000	17,14	1,36	53,4	1,8	34,9	0	3,1
412	31.08.2025 10:18:51,000	17,14	1,36	50,6	1,6	37,8	0	2,6
413	31.08.2025 10:18:52,000	17,08	1,38	51,6	-0,1	38,3	0	-0,2
414	31.08.2025 10:18:53,000	16,87	1,41	48,7	-4,5	36,8	0	-7,5
415	31.08.2025 10:18:54,000	16,69	1,40	37,8	-9,3	42,9	0	-13,6
416	31.08.2025 10:18:55,000	16,60	1,35	33,4	-11,0	45,6	0	-15,3
417	31.08.2025 10:18:56,000	16,54	1,35	36,0	-5,8	48,1	0	-7,9
418	31.08.2025 10:18:57,000	16,48	1,32	31,8	-16,1	42,1	0	-23,0
419	31.08.2025 10:18:58,000	16,45	1,36	30,2	-18,4	41,5	0	-26,0
420	31.08.2025 10:18:59,000	16,42	1,34	34,4	-17,7	37,9	0	-26,7
421	31.08.2025 10:19:00,000	16,39	1,34	30,7	-5,4	53,9	0	-6,7
422	31.08.2025 10:19:01,000	16,36	1,38	32,0	6,9	51,1	0	8,9
423	31.08.2025 10:19:02,000	16,20	1,35	30,5	6,7	52,9	0	8,5
424	31.08.2025 10:19:03,000	16,11	1,36	33,2	5,8	51,0	0	7,6
425	31.08.2025 10:19:04,000	16,05	1,36	33,2	6,8	50,1	0	8,9
426	31.08.2025 10:19:05,000	15,99	1,38	30,3	5,5	54,2	0	6,9
427	31.08.2025 10:19:06,000	15,93	1,40	30,4	6,7	52,8	0	8,5
428	31.08.2025 10:19:07,000	15,87	1,39	29,9	7,6	52,4	0	9,7
429	31.08.2025 10:19:08,000	15,84	1,37	38,4	3,5	48,1	0	4,7
430	31.08.2025 10:19:09,000	15,84	1,37	40,9	1,5	47,7	0	2,0
431	31.08.2025 10:19:10,000	15,81	1,36	44,4	0,7	44,9	0	1,0
432	31.08.2025 10:19:11,000	15,81	1,36	34,3	-6,6	49,0	0	-8,8
433	31.08.2025 10:19:12,000	15,81	1,32	25,7	-4,7	59,6	0	-5,5
434	31.08.2025 10:19:13,000	15,75	1,34	30,4	-2,3	57,2	0	-2,8
435	31.08.2025 10:19:14,000	15,69	1,31	30,5	-8,4	51,1	0	-10,9
436	31.08.2025 10:19:15,000	15,69	1,31	29,9	-11,5	48,6	0	-15,2
437	31.08.2025 10:19:16,000	15,69	1,31	31,7	-12,9	45,4	0	-17,8
438	31.08.2025 10:19:17,000	15,72	1,34	34,1	-11,7	44,2	0	-16,5
439	31.08.2025 10:19:18,000	15,72	1,31	35,2	-11,3	43,5	0	-16,2
440	31.08.2025 10:19:19,000	15,72	1,31	35,1	-12,5	42,3	0	-18,2
441	31.08.2025 10:19:20,000	15,72	1,34	35,1	-13,6	41,4	0	-19,9
442	31.08.2025 10:19:21,000	15,69	1,36	33,6	-17,5	38,9	0	-26,1
443	31.08.2025 10:19:22,000	15,66	1,35	31,8	-17,5	40,8	0	-25,2
444	31.08.2025 10:19:23,000	15,66	1,35	29,3	-16,0	44,8	0	-21,9
445	31.08.2025 10:19:24,000	15,69	1,36	27,6	-12,7	49,8	0	-16,5
446	31.08.2025 10:19:25,000	15,66	1,35	26,4	-7,0	56,7	0	-8,5
447	31.08.2025 10:19:26,000	15,60	1,37	29,6	-3,2	57,2	0	-3,9
448	31.08.2025 10:19:27,000	15,54	1,37	30,9	-3,2	55,9	0	-3,9
449	31.08.2025 10:19:28,000	15,50	1,41	30,3	-4,7	55,0	0	-5,8
450	31.08.2025 10:19:29,000	15,47	1,41	31,2	-3,6	55,2	0	-4,4
451	31.08.2025 10:19:30,000	15,44	1,43	32,1	-2,4	55,5	0	-2,9
452	31.08.2025 10:19:31,000	15,41	1,43	35,3	-2,8	51,8	0	-3,7
453	31.08.2025 10:19:32,000	15,38	1,43	35,0	-2,0	53,0	0	-2,6
454	31.08.2025 10:19:33,000	15,38	1,43	34,5	-0,1	55,3	0	-0,1
455	31.08.2025 10:19:34,000	15,38	1,43	34,1	-1,8	54,1	0	-2,2
456	31.08.2025 10:19:35,000	15,38	1,45	34,3	1,4	54,3	0	1,7
457	31.08.2025 10:19:36,000	15,35	1,45	37,3	-1,0	51,6	0	-1,3
458	31.08.2025 10:19:37,000	15,38	1,47	36,0	-4,1	49,8	0	-5,4
459	31.08.2025 10:19:38,000	15,38	1,47	39,8	-4,4	45,8	0	-6,2
460	31.08.2025 10:19:39,000	15,35	1,47	39,6	-5,6	44,8	0	-8,0
461	31.08.2025 10:19:40,000	15,32	1,49	39,3	-5,9	44,9	0	-8,4
462	31.08.2025 10:19:41,000	15,26	1,48	40,1	-5,8	44,2	0	-8,3
463	31.08.2025 10:19:42,000	15,23	1,48	40,3	-6,6	43,1	0	-9,7
464	31.08.2025 10:19:43,000	15,23	1,50	38,7	-7,5	43,8	0	-10,8
465	31.08.2025 10:19:44,000	15,20	1,50	38,5	-7,1	44,4	0	-10,1
466	31.08.2025 10:19:45,000	15,14	1,50	39,7	-6,0	44,3	0	-8,6
467	31.08.2025 10:19:46,000	15,14	1,52	39,0	-7,8	43,2	0	-11,4
468	31.08.2025 10:19:47,000	15,11	1,54	38,1	-8,6	43,2	0	-12,6
469	31.08.2025 10:19:48,000	15,05	1,54	38,8	-7,2	44,0	0	-10,4
470	31.08.2025 10:19:49,000	14,95	1,58	39,1	-8,3	42,7	0	-12,2
471	31.08.2025 10:19:50,000	14,86	1,59	38,3	-8,2	43,5	0	-11,9
472	31.08.2025 10:19:51,000	14,80	1,59	37,8	-8,9	43,3	0	-12,9
473	31.08.2025 10:19:52,000	14,71	1,63	37,5	-8,8	43,7	0	-12,7
474	31.08.2025 10:19:53,000	14,58	1,62	36,6	-8,9	44,5	0	-12,7
475	31.08.2025 10:19:54,000	14,55	1,64	37,4	-9,1	43,5	0	-13,2
476	31.08.2025 10:19:55,000	14,46	1,65	37,3	-8,7	44,0	0	-12,5
477	31.08.2025 10:19:56,000	14,37	1,67	37,0	-9,5	43,5	0	-13,7
478	31.08.2025 10:19:57,000	14,21	1,71	37,9	-9,4	42,7	0	-13,7
479	31.08.2025 10:19:58,000	14,12	1,68	36,9	-7,4	45,7	0	-10,3
480	31.08.2025 10:19:59,000	14,03	1,69	37,0	-7,0	46,0	0	-9,7
481	31.08.2025 10:20:00,000	14,03	1,69	37,4	-7,4	45,1	0	-10,5
482	31.08.2025 10:20:01,000	14,00	1,71	36,6	-8,2	45,2	0	-11,5
483	31.08.2025 10:20:02,000	13,90	1,75	34,9	-10,3	44,8	0	-14,5
484	31.08.2025 10:20:03,000	13,87	1,75	38,1	-7,0	45,0	0	-9,9
485	31.08.2025 10:20:04,000	13,84	1,79	36,4	-8,4	45,3	0	-11,8
486	31.08.2025 10:20:05,000	13,75	1,81	34,6	-9,7	45,6	0	-13,6
487	31.08.2025 10:20:06,000	13,65	1,78	35,7	-8,5	45,8	0	-11,9
488	31.08.2025 10:20:07,000	13,62	1,80	35,5	-8,9	45,7	0	-12,4
489	31.08.2025 10:20:08,000	13,59	1,82	36,1	-8,9	45,0	0	-12,6
490	31.08.2025 10:20:09,000	13,56	1,84	36,0	-8,0	46,1	0	-11,1
491	31.08.2025 10:20:10,000	13,56	1,84	34,0	-10,9	45,1	0	-15,2
492	31.08.2025 10:20:11,000	13,53	1,86	32,6	-11,4	46,1	0	-15,7
493	31.08.2025 10:20:12,000	13,53	1,86	34,1	-9,0	46,9	0	-12,4
494	31.08.2025 10:20:13,000	13,50	1,86	35,8	-6,6	47,6	0	-8,9
495	31.08.2025 10:20:14,000	13,50	1,90	33,2	-9,8	47,0	0	-13,4
496	31.08.2025 10:20:15,000	13,50	1,93	31,1	-10,2	48,7	0	-13,6
497	31.08.2025 10:20:16,000	13,47	1,92	27,8	-12,2	50,1	0	-15,8
498	31.08.2025 10:20:17,000	13,47	1,92	28,0	-12,5	49,5	0	-16,3
499	31.08.2025 10:20:18,000	13,47	1,97	29,6	-12,2	48,2	0	-16,3
500	31.08.2025 10:20:19,000	13,47	1,97	31,9	-9,7	48,4	0	-13,0
501	31.08.2025 10:20:20,000	13,47	1,97	32,7	-10,6	46,6	0	-14,6
502	31.08.2025 10:20:21,000	13,40	2,05	30,6	-15,8	43,5	0	-22,1
503	31.08.2025 10:20:22,000	13,31	2,07	31,5	-15,9	42,6	0	-22,5
504	31.08.2025 10:20:23,000	13,22	2,04	32,6	-16,0	41,4	0	-23,1
505	31.08.2025 10:20:24,000	13,06	2,10	33,8	-15,5	40,6	0	-22,8
506	31.08.2025 10:20:25,000	12,90	2,09	32,8	-15,7	41,5	0	-22,7
507	31.08.2025 10:20:26,000	12,81	2,13	32,0	-13,3	44,7	0	-18,5
508	31.08.2025 10:20:27,000	12,68	2,12	33,9	-11,5	44,6	0	-16,2
509	31.08.2025 10:20:28,000	12,59	2,16	32,6	-13,3	44,1	0	-18,7
510	31.08.2025 10:20:29,000	12,55	2,15	31,2	-15,6	43,2	0	-21,9
511	31.08.2025 10:20:30,000	12,55	2,20	32,0	-12,6	45,4	0	-17,4
512	31.08.2025 10:20:31,000	12,52	2,20	32,6	-12,3	45,2	0	-17,1
513	31.08.2025 10:20:32,000	12,46	2,19	31,2	-13,3	45,5	0	-18,4
514	31.08.2025 10:20:33,000	12,40	2,23	36,3	-7,0	46,7	0	-9,6
515	31.08.2025 10:20:34,000	12,33	2,27	37,4	-7,2	45,5	0	-10,1
516	31.08.2025 10:20:35,000	12,24	2,27	37,8	-8,5	43,7	0	-12,3
517	31.08.2025 10:20:36,000	12,08	2,30	38,0	-6,8	45,3	0	-9,6
518	31.08.2025 10:20:37,000	11,95	2,31	38,5	-6,4	45,1	0	-9,1
519	31.08.2025 10:20:38,000	11,76	2,35	38,3	-7,6	44,1	0	-10,9
520	31.08.2025 10:20:39,000	11,60	2,36	37,9	-8,1	44,0	0	-11,6
521	31.08.2025 10:20:40,000	11,50	2,37	38,1	-8,4	43,4	0	-12,2
522	31.08.2025 10:20:41,000	11,34	2,39	39,2	-6,8	44,0	0	-9,8
523	31.08.2025 10:20:42,000	11,24	2,40	38,6	-7,4	44,0	0	-10,7
524	31.08.2025 10:20:43,000	11,18	2,44	37,4	-9,4	43,2	0	-13,7
525	31.08.2025 10:20:44,000	10,99	2,45	38,1	-7,5	44,5	0	-10,7
526	31.08.2025 10:20:45,000	10,79	2,46	39,6	-6,8	43,6	0	-9,9
527	31.08.2025 10:20:46,000	10,69	2,48	37,6	-7,9	44,5	0	-11,3
528	31.08.2025 10:20:47,000	10,63	2,50	37,8	-7,0	45,2	0	-9,9
529	31.08.2025 10:20:48,000	10,50	2,53	38,4	-7,6	44,1	0	-10,9
530	31.08.2025 10:20:49,000	10,34	2,54	38,0	-7,8	44,1	0	-11,3
531	31.08.2025 10:20:50,000	10,24	2,60	37,1	-7,6	45,3	0	-10,7
532	31.08.2025 10:20:51,000	10,07	2,62	36,9	-10,2	42,9	0	-14,8
533	31.08.2025 10:20:52,000	9,94	2,67	37,5	-10,2	42,3	0	-15,0
534	31.08.2025 10:20:53,000	9,78	2,66	37,3	-9,8	42,9	0	-14,3
535	31.08.2025 10:20:54,000	9,71	2,66	37,5	-10,0	42,6	0	-14,6
536	31.08.2025 10:20:55,000	9,61	2,70	37,4	-9,2	43,3	0	-13,4
537	31.08.2025 10:20:56,000	9,51	2,71	36,8	-8,9	44,3	0	-12,8
538	31.08.2025 10:20:57,000	9,44	2,71	34,7	-10,5	44,9	0	-14,7
539	31.08.2025 10:20:58,000	9,44	2,71	34,3	-12,5	43,2	0	-17,9
540	31.08.2025 10:20:59,000	9,44	2,73	33,3	-13,6	43,1	0	-19,4
541	31.08.2025 10:21:00,000	9,44	2,75	34,3	-11,5	44,2	0	-16,3
542	31.08.2025 10:21:01,000	9,44	2,75	35,1	-9,4	45,5	0	-13,1
543	31.08.2025 10:21:02,000	9,41	2,75	34,5	-10,3	45,2	0	-14,4
544	31.08.2025 10:21:03,000	9,31	2,90	31,2	-13,5	45,3	0	-18,6
545	31.08.2025 10:21:04,000	9,18	2,82	30,8	-14,9	44,3	0	-20,6
546	31.08.2025 10:21:05,000	9,15	2,87	32,9	-11,9	45,2	0	-16,5
547	31.08.2025 10:21:06,000	9,15	2,87	24,0	-20,4	45,6	0	-26,7
548	31.08.2025 10:21:07,000	9,15	2,89	23,1	-14,6	52,3	0	-18,3
549	31.08.2025 10:21:08,000	9,11	2,95	22,8	-6,8	60,4	0	-8,0
550	31.08.2025 10:21:09,000	8,94	2,94	22,4	-6,8	60,8	0	-7,9
551	31.08.2025 10:21:10,000	8,74	2,95	23,0	-6,8	60,2	0	-8,0
552	31.08.2025 10:21:11,000	8,64	2,99	24,7	-7,1	58,1	0	-8,6
553	31.08.2025 10:21:12,000	8,54	3,03	25,1	-6,2	58,6	0	-7,4
554	31.08.2025 10:21:13,000	8,47	3,02	29,6	-4,3	56,1	0	-5,2
555	31.08.2025 10:21:14,000	8,44	3,04	32,3	-1,9	55,7	0	-2,4
556	31.08.2025 10:21:15,000	8,44	3,09	34,8	-2,5	52,8	0	-3,1
557	31.08.2025 10:21:16,000	8,41	3,09	36,0	-3,2	50,8	0	-4,1
558	31.08.2025 10:21:17,000	8,41	3,11	37,8	-1,4	50,8	0	-1,8
559	31.08.2025 10:21:18,000	8,37	3,13	41,0	-2,0	47,0	0	-2,7
560	31.08.2025 10:21:19,000	8,37	3,13	42,9	-0,9	46,2	0	-1,2
561	31.08.2025 10:21:20,000	8,37	3,15	44,8	-0,6	44,6	0	-0,8
562	31.08.2025 10:21:21,000	8,41	3,18	48,0	0,9	41,1	0	1,4
563	31.08.2025 10:21:22,000	8,41	3,20	48,5	2,0	39,6	0	3,1
564	31.08.2025 10:21:23,000	8,27	3,24	49,3	1,8	38,9	0	2,8
565	31.08.2025 10:21:24,000	8,20	3,25	51,6	2,0	36,4	0	3,4
566	31.08.2025 10:21:25,000	8,10	3,29	53,5	2,8	33,7	0	5,0
567	31.08.2025 10:21:26,000	8,00	3,28	52,6	2,5	34,9	0	4,3
568	31.08.2025 10:21:27,000	7,96	3,33	52,0	1,8	36,2	0	3,0
569	31.08.2025 10:21:28,000	7,93	3,35	53,9	2,1	34,0	0	3,7
570	31.08.2025 10:21:29,000	7,89	3,37	54,2	2,8	33,0	0	5,1
571	31.08.2025 10:21:30,000	7,86	3,39	53,0	2,0	35,0	0	3,6
572	31.08.2025 10:21:31,000	7,83	3,41	52,0	2,0	35,9	0	3,5
573	31.08.2025 10:21:32,000	7,83	3,45	53,7	2,2	34,1	0	4,0
574	31.08.2025 10:21:33,000	7,83	3,45	53,9	1,9	34,2	0	3,3
575	31.08.2025 10:21:34,000	7,86	3,50	52,2	1,1	36,7	0	1,9
576	31.08.2025 10:21:35,000	7,79	3,54	51,6	0,8	37,6	0	1,4
577	31.08.2025 10:21:36,000	7,72	3,58	52,9	0,4	36,7	0	0,6
578	31.08.2025 10:21:37,000	7,65	3,60	53,8	-0,5	35,7	0	-0,9
579	31.08.2025 10:21:38,000	7,55	3,64	54,2	-1,4	34,4	0	-2,4
580	31.08.2025 10:21:39,000	7,34	3,69	53,6	-1,5	34,9	0	-2,5
581	31.08.2025 10:21:40,000	7,21	3,70	55,9	-2,4	31,7	0	-4,6
582	31.08.2025 10:21:41,000	7,10	3,76	57,0	-2,2	30,8	0	-4,2
583	31.08.2025 10:21:42,000	7,00	3,78	55,8	-3,2	31,1	0	-6,1
584	31.08.2025 10:21:43,000	6,93	3,80	55,2	-2,7	32,1	0	-5,1
585	31.08.2025 10:21:44,000	6,86	3,84	54,8	-2,8	32,4	0	-5,3
586	31.08.2025 10:21:45,000	6,82	3,86	56,9	-2,4	30,7	0	-4,6
587	31.08.2025 10:21:46,000	6,82	3,86	58,1	-2,3	29,6	0	-4,6
588	31.08.2025 10:21:47,000	6,82	3,90	56,3	-2,3	31,4	0	-4,4
589	31.08.2025 10:21:48,000	6,82	3,95	57,7	-1,0	31,3	0	-1,9
590	31.08.2025 10:21:49,000	6,82	3,97	60,6	-0,9	28,6	0	-1,8
591	31.08.2025 10:21:50,000	6,82	3,97	57,1	-0,9	32,0	0	-1,8
592	31.08.2025 10:21:51,000	6,86	3,97	55,5	-0,5	34,0	0	-1,0
593	31.08.2025 10:21:52,000	6,82	4,02	56,4	0,7	32,8	0	1,3
594	31.08.2025 10:21:53,000	6,75	4,10	48,9	-4,3	36,8	0	-7,1
595	31.08.2025 10:21:54,000	6,61	4,09	28,2	11,2	50,6	1	14,5
596	31.08.2025 10:21:55,000	6,51	4,13	9,5	6,5	74,1	0	6,9
597	31.08.2025 10:21:56,000	6,40	4,08	9,6	-2,5	77,9	1	-2,6
598	31.08.2025 10:21:57,000	6,26	3,87	9,3	-2,0	78,6	1	-2,1
599	31.08.2025 10:21:58,000	6,12	4,13	9,0	1,6	79,4	1	1,6
600	31.08.2025 10:21:59,000	5,69	4,03	20,6	-5,5	63,8	1	-6,3
601	31.08.2025 10:22:00,000	5,62	4,03	0,8	-12,6	76,6	0	-12,7
602	31.08.2025 10:22:01,000	5,55	3,98	-2,7	-1,0	86,3	0	-1,0
603	31.08.2025 10:22:02,000	5,55	3,93	4,1	-2,8	83,2	0	-2,8
604	31.08.2025 10:22:03,000	5,55	4,02	-7,5	-0,7	81,8	0	-0,7
605	31.08.2025 10:22:04,000	5,59	4,00	-5,8	10,2	74,0	0	10,8
606	31.08.2025 10:22:05,000	5,59	4,00	13,5	52,9	23,6	1	62,6
607	31.08.2025 10:22:06,000	5,59	4,00	38,8	11,6	39,5	1	17,9
608	31.08.2025 10:22:07,000	5,55	4,00	-9,8	-3,0	77,2	1	-3,1
609	31.08.2025 10:22:08,000	5,44	4,17	-1,9	-0,8	87,3	1	-0,8
610	31.08.2025 10:22:09,000	5,37	4,08	22,4	-29,7	37,9	1	-39,2
611	31.08.2025 10:22:10,000	5,33	4,01	6,9	1,9	81,2	1	1,9
612	31.08.2025 10:22:11,000	5,33	3,96	2,7	-11,3	76,0	1	-11,6
613	31.08.2025 10:22:12,000	5,30	4,00	14,2	-21,0	54,8	0	-24,5
614	31.08.2025 10:22:13,000	5,26	3,89	0,9	-16,9	72,2	1	-17,1
615	31.08.2025 10:22:14,000	5,23	4,04	9,6	-19,8	60,7	1	-21,8
616	31.08.2025 10:22:15,000	5,19	4,02	0,4	-7,5	82,1	0	-7,6
617	31.08.2025 10:22:16,000	5,15	4,06	8,1	-14,8	67,1	0	-16,0
618	31.08.2025 10:22:17,000	5,12	3,95	-28,2	-7,2	54,6	1	-8,9
619	31.08.2025 10:22:18,000	5,04	4,01	-10,0	-12,2	67,9	1	-13,3
620	31.08.2025 10:22:19,000	4,94	4,03	-16,8	-16,4	56,7	0	-19,4
621	31.08.2025 10:22:20,000	4,86	3,98	14,4	-25,8	49,8	0	-30,3
622	31.08.2025 10:22:21,000	4,86	3,93	5,6	-37,7	46,8	1	-40,1
623	31.08.2025 10:22:22,000	4,90	4,02	9,0	-15,5	65,5	0	-16,9
624	31.08.2025 10:22:23,000	4,90	3,91	3,4	-8,3	78,4	0	-8,5
625	31.08.2025 10:22:24,000	4,90	3,96	0,4	-12,9	76,7	0	-13,0
626	31.08.2025 10:22:25,000	4,90	3,96	1,3	-4,0	84,7	1	-4,1
627	31.08.2025 10:22:26,000	4,90	3,93	3,9	0,8	85,3	0	0,8
628	31.08.2025 10:22:27,000	4,90	3,96	4,6	-17,6	67,9	0	-18,4
629	31.08.2025 10:22:28,000	4,90	3,93	-2,2	-8,5	79,3	1	-8,6
630	31.08.2025 10:22:29,000	4,83	4,00	2,3	-2,5	85,2	0	-2,5
631	31.08.2025 10:22:30,000	4,79	3,95	2,2	-16,3	71,5	1	-16,7
632	31.08.2025 10:22:31,000	4,75	3,95	-3,8	-5,8	80,4	1	-6,0
633	31.08.2025 10:22:32,000	4,75	3,99	-5,6	-3,0	81,3	0	-3,1
634	31.08.2025 10:22:33,000	4,75	3,97	-2,1	-7,6	80,3	1	-7,7
635	31.08.2025 10:22:34,000	4,72	3,94	-9,4	-4,7	75,8	1	-5,0
636	31.08.2025 10:22:35,000	4,72	3,97	14,4	-1,6	74,0	1	-1,7
637	31.08.2025 10:22:36,000	4,68	4,01	-22,3	-1,0	66,7	1	-1,0
638	31.08.2025 10:22:37,000	4,64	3,96	-3,1	-2,4	84,6	0	-2,4
639	31.08.2025 10:22:38,000	4,61	3,98	10,2	-17,6	62,2	0	-19,5
640	31.08.2025 10:22:39,000	4,57	3,93	-0,7	-19,4	69,9	1	-19,5
641	31.08.2025 10:22:40,000	4,46	3,95	-9,9	-3,9	76,2	1	-4,1
642	31.08.2025 10:22:41,000	4,35	3,94	-1,8	-14,8	73,3	0	-15,1
643	31.08.2025 10:22:42,000	4,31	3,96	5,6	-13,2	71,3	0	-13,9
644	31.08.2025 10:22:43,000	4,31	3,94	0,3	-17,3	72,4	0	-17,4
645	31.08.2025 10:22:44,000	4,31	3,94	5,2	6,7	78,1	1	7,0
646	31.08.2025 10:22:45,000	4,31	3,94	9,6	-12,5	67,9	1	-13,6
647	31.08.2025 10:22:46,000	4,28	4,09	4,1	2,5	83,4	1	2,6
648	31.08.2025 10:22:47,000	4,20	3,91	2,1	-11,9	76,0	0	-12,2
649	31.08.2025 10:22:48,000	4,17	3,93	-4,2	0,6	85,2	1	0,6
650	31.08.2025 10:22:49,000	4,17	3,93	-5,4	-14,2	70,4	0	-15,0
651	31.08.2025 10:22:50,000	4,13	3,93	2,7	-9,6	77,8	0	-9,8
652	31.08.2025 10:22:51,000	4,13	3,90	3,6	-16,7	69,7	0	-17,3
653	31.08.2025 10:22:52,000	4,13	3,88	-3,0	-8,6	78,4	0	-8,9
654	31.08.2025 10:22:53,000	4,13	3,93	0,4	-20,3	69,3	0	-20,4
655	31.08.2025 10:22:54,000	4,09	3,95	-2,8	-7,9	79,3	0	-8,1
656	31.08.2025 10:22:55,000	4,05	3,90	0,0	-6,8	83,2	1	-6,8
657	31.08.2025 10:22:56,000	4,05	3,90	0,2	-11,3	78,5	1	-11,3
658	31.08.2025 10:22:57,000	4,02	3,92	-15,9	-12,9	61,3	0	-14,8
659	31.08.2025 10:22:58,000	4,02	3,90	-2,5	-13,8	73,7	0	-14,2
660	31.08.2025 10:22:59,000	4,02	3,92	-3,0	-17,3	69,7	0	-17,9
661	31.08.2025 10:23:00,000	3,98	3,92	-0,7	9,5	79,8	0	9,6
662	31.08.2025 10:23:01,000	3,98	3,92	-1,0	4,3	84,6	1	4,4
663	31.08.2025 10:23:02,000	3,94	3,89	-14,0	0,9	75,1	0	0,9
664	31.08.2025 10:23:03,000	3,87	3,91	-10,5	-2,7	76,8	1	-2,8
665	31.08.2025 10:23:04,000	3,87	3,93	-6,9	-10,7	72,5	0	-11,4
666	31.08.2025 10:23:05,000	3,83	3,93	-2,0	13,7	74,3	0	14,0
667	31.08.2025 10:23:06,000	3,83	3,88	21,0	-13,9	55,1	1	-16,9
668	31.08.2025 10:23:07,000	3,79	3,90	12,3	-14,0	63,7	0	-15,7
669	31.08.2025 10:23:08,000	3,76	3,92	15,7	-4,2	70,1	1	-4,5
670	31.08.2025 10:23:09,000	3,72	3,90	7,7	-24,9	57,4	1	-27,1
671	31.08.2025 10:23:10,000	3,68	3,92	-3,5	-7,4	79,0	1	-7,7
672	31.08.2025 10:23:11,000	3,61	3,92	-5,5	-12,4	72,1	0	-13,1
673	31.08.2025 10:23:12,000	3,57	3,89	-4,4	-1,6	84,0	1	-1,7
674	31.08.2025 10:23:13,000	3,57	3,89	-4,2	-8,6	77,3	0	-8,9
675	31.08.2025 10:23:14,000	3,57	3,91	-13,4	-1,0	75,6	1	-1,0
676	31.08.2025 10:23:15,000	3,57	3,89	-21,2	-3,8	65,0	0	-4,3
677	31.08.2025 10:23:16,000	3,57	3,87	9,4	-9,8	70,8	1	-10,6
678	31.08.2025 10:23:17,000	3,57	3,87	1,7	-0,7	87,7	0	-0,7
679	31.08.2025 10:23:18,000	3,50	3,91	4,1	-9,9	76,0	0	-10,3
680	31.08.2025 10:23:19,000	3,42	3,90	-6,0	-7,5	76,5	0	-7,9
681	31.08.2025 10:23:20,000	3,42	3,93	-3,7	-3,1	83,2	0	-3,1
682	31.08.2025 10:23:21,000	3,42	3,90	-4,9	-4,5	80,6	0	-4,6
683	31.08.2025 10:23:22,000	3,42	3,88	-11,6	-4,7	73,7	0	-5,0
684	31.08.2025 10:23:23,000	3,42	3,86	2,0	-10,4	77,6	0	-10,6
685	31.08.2025 10:23:24,000	3,42	3,88	-2,1	-8,7	79,2	0	-8,9
686	31.08.2025 10:23:25,000	3,46	3,88	-6,3	-15,1	68,6	0	-16,1
687	31.08.2025 10:23:26,000	3,46	3,88	-7,5	-18,9	63,6	0	-20,4
688	31.08.2025 10:23:27,000	3,46	3,88	-16,8	-9,7	63,5	0	-11,0
689	31.08.2025 10:23:28,000	3,46	3,88	4,6	-3,8	81,7	0	-3,9
690	31.08.2025 10:23:29,000	3,46	3,88	-0,2	1,5	88,3	1	1,5
691	31.08.2025 10:23:30,000	3,46	3,88	-1,9	7,0	81,1	1	7,1
692	31.08.2025 10:23:31,000	3,42	3,90	-8,3	8,8	72,9	1	9,4
693	31.08.2025 10:23:32,000	3,42	3,90	5,8	7,3	76,9	0	7,7
694	31.08.2025 10:23:33,000	3,38	3,88	14,6	3,0	72,4	0	3,2
695	31.08.2025 10:23:34,000	3,38	3,88	7,0	-11,1	71,9	1	-11,9
696	31.08.2025 10:23:35,000	3,34	3,88	9,3	-6,9	73,8	0	-7,4
697	31.08.2025 10:23:36,000	3,34	3,88	-5,3	-9,1	75,6	1	-9,6
698	31.08.2025 10:23:37,000	3,31	3,87	-8,8	-3,3	77,9	0	-3,4
699	31.08.2025 10:23:38,000	3,31	3,87	-4,8	-6,9	78,3	0	-7,2
700	31.08.2025 10:23:39,000	3,31	3,87	-2,4	-6,8	80,8	0	-7,0
701	31.08.2025 10:23:40,000	3,27	3,87	-5,7	-9,2	75,1	1	-9,7
702	31.08.2025 10:23:41,000	3,27	3,89	-2,6	-12,9	74,5	0	-13,3
703	31.08.2025 10:23:42,000	3,27	3,89	-2,0	-9,2	78,8	0	-9,4
704	31.08.2025 10:23:43,000	3,23	3,91	-7,6	-16,0	66,3	0	-17,3
705	31.08.2025 10:23:44,000	3,23	3,89	2,5	-10,8	76,7	0	-11,1
706	31.08.2025 10:23:45,000	3,23	3,89	-2,2	-11,4	76,5	0	-11,6
707	31.08.2025 10:23:46,000	3,19	3,89	3,0	-17,0	70,0	0	-17,6
708	31.08.2025 10:23:47,000	3,19	3,89	0,3	-15,2	74,5	0	-15,3
709	31.08.2025 10:23:48,000	3,19	3,87	6,8	-19,0	64,2	0	-20,4
710	31.08.2025 10:23:49,000	3,19	3,89	-13,9	-5,2	70,9	0	-5,6
711	31.08.2025 10:23:50,000	3,16	3,89	11,3	-9,9	68,7	1	-10,9
712	31.08.2025 10:23:51,000	3,16	3,86	-3,0	-3,4	83,6	0	-3,5
713	31.08.2025 10:23:52,000	3,12	3,86	-8,0	0,1	82,0	0	0,1
714	31.08.2025 10:23:53,000	3,12	3,86	2,3	-13,0	74,7	1	-13,3
715	31.08.2025 10:23:54,000	3,12	3,86	-8,7	-4,3	77,0	1	-4,5
716	31.08.2025 10:23:55,000	3,12	3,91	-10,1	-6,0	73,9	0	-6,4
717	31.08.2025 10:23:56,000	3,04	3,92	-2,4	-3,5	84,1	0	-3,6
718	31.08.2025 10:23:57,000	3,04	3,92	1,5	-8,2	80,2	0	-8,4
719	31.08.2025 10:23:58,000	3,04	3,90	0,1	-11,9	77,9	0	-12,0
720	31.08.2025 10:23:59,000	3,04	3,90	3,8	-7,4	78,8	0	-7,7
721	31.08.2025 10:24:00,000	3,04	3,90	7,2	-2,5	80,3	1	-2,6
722	31.08.2025 10:24:01,000	3,04	3,86	-4,2	-1,3	84,5	1	-1,3
723	31.08.2025 10:24:02,000	3,04	3,90	-11,3	-0,4	78,2	0	-0,5
724	31.08.2025 10:24:03,000	3,00	3,90	8,5	0,1	81,4	1	0,1
725	31.08.2025 10:24:04,000	2,97	3,90	-22,4	-14,3	53,3	0	-17,8
726	31.08.2025 10:24:05,000	2,93	3,92	12,5	6,2	71,4	0	6,7
727	31.08.2025 10:24:06,000	2,93	3,89	8,2	-33,9	47,9	1	-37,3
728	31.08.2025 10:24:07,000	2,89	3,91	6,6	-12,1	71,3	1	-12,9
729	31.08.2025 10:24:08,000	2,85	3,87	-2,3	-3,8	83,9	0	-3,8
730	31.08.2025 10:24:09,000	2,85	3,91	-12,1	-5,9	72,0	1	-6,4
731	31.08.2025 10:24:10,000	2,85	4,00	24,6	13,0	52,4	0	16,3
732	31.08.2025 10:24:11,000	2,85	3,89	17,5	-7,1	65,4	1	-8,0
733	31.08.2025 10:24:12,000	2,85	3,89	9,7	7,5	72,8	0	8,1
734	31.08.2025 10:24:13,000	2,81	3,86	-1,2	-6,4	82,5	1	-6,4
735	31.08.2025 10:24:14,000	2,81	3,86	6,2	-5,6	78,2	1	-5,8
736	31.08.2025 10:24:15,000	2,78	3,88	-2,1	-0,2	87,7	0	-0,2
737	31.08.2025 10:24:16,000	2,78	3,88	14,6	1,8	73,6	1	1,9
738	31.08.2025 10:24:17,000	2,78	3,86	1,6	11,9	76,5	1	12,1
739	31.08.2025 10:24:18,000	2,74	3,90	14,9	-35,4	39,7	0	-42,3
740	31.08.2025 10:24:19,000	2,74	3,88	2,3	16,1	71,6	1	16,5
741	31.08.2025 10:24:20,000	2,74	3,88	-6,3	-10,4	73,3	1	-11,0
742	31.08.2025 10:24:21,000	2,70	3,88	-5,0	1,6	83,5	0	1,6
743	31.08.2025 10:24:22,000	2,66	3,90	14,1	-16,0	59,9	0	-18,4
744	31.08.2025 10:24:23,000	2,66	3,90	19,9	-24,8	45,3	1	-31,1
745	31.08.2025 10:24:24,000	2,66	3,85	-5,1	-3,6	81,3	0	-3,7
746	31.08.2025 10:24:25,000	2,66	3,88	-1,1	6,3	82,6	0	6,4
747	31.08.2025 10:24:26,000	2,66	3,90	11,1	-7,2	71,7	1	-7,8
748	31.08.2025 10:24:27,000	2,66	3,88	7,3	-21,4	61,3	0	-23,1
749	31.08.2025 10:24:28,000	2,66	3,90	35,6	7,3	47,1	0	10,0
750	31.08.2025 10:24:29,000	2,66	3,85	-0,5	9,7	79,8	0	9,7
751	31.08.2025 10:24:30,000	2,62	3,87	6,6	11,1	72,2	0	11,8
752	31.08.2025 10:24:31,000	2,62	3,87	5,0	4,5	80,5	0	4,7
753	31.08.2025 10:24:32,000	2,62	3,85	-3,2	-31,1	55,7	1	-32,3
754	31.08.2025 10:24:33,000	2,62	3,85	7,2	-15,3	67,5	0	-16,5
755	31.08.2025 10:24:34,000	2,58	3,85	4,6	-2,4	83,0	0	-2,5
756	31.08.2025 10:24:35,000	2,55	3,89	-4,4	-7,3	78,3	1	-7,6
757	31.08.2025 10:24:36,000	2,55	3,84	7,4	-1,2	81,4	1	-1,2
758	31.08.2025 10:24:37,000	2,55	3,84	6,3	-3,4	80,3	1	-3,5
759	31.08.2025 10:24:38,000	2,51	3,84	14,9	-1,9	73,1	0	-2,1
760	31.08.2025 10:24:39,000	2,51	3,84	15,0	-3,3	71,8	1	-3,5
761	31.08.2025 10:24:40,000	2,51	3,82	7,2	-6,3	76,6	1	-6,6
762	31.08.2025 10:24:41,000	2,51	4,67	29,5	3,0	57,5	1	3,6
763	31.08.2025 10:24:42,000	2,51	3,86	-8,5	-21,2	60,3	1	-23,2
764	31.08.2025 10:24:43,000	2,51	3,86	7,6	-7,5	74,9	1	-8,0
765	31.08.2025 10:24:44,000	2,51	3,86	0,4	1,7	87,9	1	1,7
766	31.08.2025 10:24:45,000	2,51	3,82	-3,1	-12,0	74,8	1	-12,4
767	31.08.2025 10:24:46,000	2,51	3,84	-5,8	-1,7	82,5	1	-1,7
768	31.08.2025 10:24:47,000	2,51	3,86	3,9	1,6	84,5	0	1,6
769	31.08.2025 10:24:48,000	2,47	3,91	37,0	28,5	24,5	1	48,9
770	31.08.2025 10:24:49,000	2,43	3,84	-21,3	2,8	65,9	1	3,1
771	31.08.2025 10:24:50,000	2,39	3,88	6,5	-5,9	77,5	1	-6,2
772	31.08.2025 10:24:51,000	2,35	3,88	19,2	-3,7	67,1	1	-4,1
773	31.08.2025 10:24:52,000	2,35	3,83	-10,8	-9,0	70,1	1	-9,9
774	31.08.2025 10:24:53,000	2,35	3,88	17,4	3,4	69,2	0	3,7
775	31.08.2025 10:24:54,000	2,35	3,83	4,1	-11,0	74,9	1	-11,4
776	31.08.2025 10:24:55,000	2,35	3,88	44,7	-2,4	42,9	1	-3,6
777	31.08.2025 10:24:56,000	2,31	3,90	21,1	2,2	66,6	0	2,5
778	31.08.2025 10:24:57,000	2,31	3,85	8,0	-7,3	74,6	1	-7,8
779	31.08.2025 10:24:58,000	2,31	3,83	8,0	16,5	65,5	1	17,9
780	31.08.2025 10:24:59,000	2,31	3,87	17,4	-3,5	69,0	0	-3,8
781	31.08.2025 10:25:00,000	2,31	3,85	12,7	-2,2	75,1	1	-2,4
782	31.08.2025 10:25:01,000	2,28	3,85	17,8	5,6	66,5	0	6,3
783	31.08.2025 10:25:02,000	2,28	3,83	40,9	15,8	33,2	1	26,7
784	31.08.2025 10:25:03,000	2,28	3,83	2,2	-20,0	67,8	1	-20,5
785	31.08.2025 10:25:04,000	2,28	3,80	-5,8	-7,4	76,8	1	-7,8
786	31.08.2025 10:25:05,000	2,28	3,85	17,3	-4,5	68,2	1	-5,0
787	31.08.2025 10:25:06,000	2,28	3,83	13,5	-3,5	72,9	1	-3,8
788	31.08.2025 10:25:07,000	2,24	3,85	5,0	-2,4	82,6	1	-2,4
789	31.08.2025 10:25:08,000	2,24	3,82	-10,2	-2,1	77,7	1	-2,2
790	31.08.2025 10:25:09,000	2,24	3,85	-4,7	-4,9	80,3	1	-5,1
791	31.08.2025 10:25:10,000	2,24	3,85	-3,6	18,6	67,9	0	19,3
792	31.08.2025 10:25:11,000	2,24	3,87	-6,7	-5,4	77,9	0	-5,6
793	31.08.2025 10:25:12,000	2,24	3,85	10,9	-1,2	77,9	0	-1,3
794	31.08.2025 10:25:13,000	2,24	3,85	2,9	-1,5	85,6	0	-1,5
795	31.08.2025 10:25:14,000	2,24	3,87	-2,3	-10,5	77,3	1	-10,7
796	31.08.2025 10:25:15,000	2,24	3,87	-3,9	-20,8	65,3	1	-21,7
797	31.08.2025 10:25:16,000	2,24	3,85	-3,0	-12,8	74,2	0	-13,2
798	31.08.2025 10:25:17,000	2,24	3,85	10,1	-3,3	76,6	0	-3,5
799	31.08.2025 10:25:18,000	2,24	3,85	11,4	-0,8	77,8	1	-0,8
800	31.08.2025 10:25:19,000	2,24	3,82	0,3	-2,4	87,3	0	-2,4
801	31.08.2025 10:25:20,000	2,24	3,82	-9,5	-2,5	78,0	0	-2,6
802	31.08.2025 10:25:21,000	2,24	3,85	-2,7	3,1	84,2	0	3,1
803	31.08.2025 10:25:22,000	2,24	3,82	-2,6	-1,5	86,0	0	-1,5
804	31.08.2025 10:25:23,000	2,24	3,85	-6,8	5,4	77,8	0	5,7
805	31.08.2025 10:25:24,000	2,24	3,85	-5,9	6,0	78,1	0	6,2
806	31.08.2025 10:25:25,000	2,24	3,85	10,9	1,8	77,3	0	1,9
807	31.08.2025 10:25:26,000	2,24	3,89	10,4	15,5	64,1	1	17,2
808	31.08.2025 10:25:27,000	2,24	3,85	16,4	4,1	69,4	0	4,5
809	31.08.2025 10:25:28,000	2,24	3,85	12,7	-2,4	74,9	0	-2,5
810	31.08.2025 10:25:29,000	2,24	3,85	17,6	19,3	53,1	0	23,3
811	31.08.2025 10:25:30,000	2,24	3,85	17,8	29,4	42,8	0	36,3
812	31.08.2025 10:25:31,000	2,20	3,84	16,0	15,5	58,4	0	18,1
813	31.08.2025 10:25:32,000	2,20	3,87	-0,7	-7,3	82,0	1	-7,4
814	31.08.2025 10:25:33,000	2,20	3,84	-4,8	0,6	84,6	0	0,6
815	31.08.2025 10:25:34,000	2,20	3,82	-12,5	-8,1	69,3	1	-8,9
816	31.08.2025 10:25:35,000	2,20	3,84	17,4	-3,3	69,3	0	-3,6
817	31.08.2025 10:25:36,000	2,20	3,87	-3,2	3,6	83,2	0	3,7
818	31.08.2025 10:25:37,000	2,16	3,84	-3,2	7,8	79,0	1	8,0
819	31.08.2025 10:25:38,000	2,16	3,84	4,8	-1,3	83,8	1	-1,3
820	31.08.2025 10:25:39,000	2,16	3,80	-6,5	-14,9	68,6	1	-15,9
821	31.08.2025 10:25:40,000	2,16	3,84	-15,3	0,8	73,9	1	0,9
822	31.08.2025 10:25:41,000	2,16	3,80	-2,1	5,6	82,3	1	5,7
823	31.08.2025 10:25:42,000	2,16	3,82	-6,8	7,4	75,8	1	7,8
824	31.08.2025 10:25:43,000	2,16	3,82	-7,8	3,1	79,1	1	3,2
825	31.08.2025 10:25:44,000	2,16	3,84	-1,2	4,2	84,6	0	4,3
826	31.08.2025 10:25:45,000	2,16	3,80	4,7	-1,2	84,1	1	-1,2
827	31.08.2025 10:25:46,000	2,16	3,80	-4,3	-13,3	72,3	1	-13,9
828	31.08.2025 10:25:47,000	2,16	3,82	-7,4	-9,1	73,5	0	-9,7
829	31.08.2025 10:25:48,000	2,16	3,82	1,2	-5,2	83,7	1	-5,2
830	31.08.2025 10:25:49,000	2,16	3,80	-12,5	-3,3	74,2	1	-3,5
831	31.08.2025 10:25:50,000	2,16	3,80	-1,2	-6,3	82,5	0	-6,4
832	31.08.2025 10:25:51,000	2,16	3,80	-4,7	-8,5	76,8	1	-8,9
833	31.08.2025 10:25:52,000	2,16	3,80	3,0	-22,9	64,0	0	-23,7
834	31.08.2025 10:25:53,000	2,16	3,82	6,1	-3,2	80,7	0	-3,4
835	31.08.2025 10:25:54,000	2,16	3,84	14,3	-59,3	16,4	0	-71,1
836	31.08.2025 10:25:55,000	2,16	3,82	4,7	-34,0	51,3	1	-35,8
837	31.08.2025 10:25:56,000	2,16	3,82	-1,5	-22,1	66,4	0	-22,5
838	31.08.2025 10:25:57,000	2,16	3,82	-2,6	-0,7	86,7	0	-0,7
839	31.08.2025 10:25:58,000	2,12	3,82	-2,8	-9,8	77,4	0	-10,1
840	31.08.2025 10:25:59,000	2,12	3,82	-1,1	-4,9	84,0	0	-4,9
841	31.08.2025 10:26:00,000	2,12	3,82	1,5	-0,1	88,5	0	-0,1
842	31.08.2025 10:26:01,000	2,16	3,82	4,1	6,7	79,2	0	6,9
843	31.08.2025 10:26:02,000	2,16	3,82	3,1	13,9	73,0	0	14,3
844	31.08.2025 10:26:03,000	2,16	3,82	4,5	25,3	60,2	0	26,5
845	31.08.2025 10:26:04,000	2,16	3,80	5,9	23,8	60,3	0	25,4
846	31.08.2025 10:26:05,000	2,16	3,80	6,3	45,2	38,5	0	48,6
847	31.08.2025 10:26:06,000	2,16	3,82	6,8	44,5	38,7	0	48,1
848	31.08.2025 10:26:07,000	2,16	3,80	6,2	39,6	44,3	0	42,5
849	31.08.2025 10:26:08,000	2,16	3,82	10,0	51,7	28,3	0	58,3
850	31.08.2025 10:26:09,000	2,16	3,82	24,2	45,8	20,0	0	63,8
851	31.08.2025 10:26:10,000	2,16	3,82	22,8	44,0	23,2	0	59,8
852	31.08.2025 10:26:11,000	2,16	3,82	21,3	45,0	23,6	0	59,8
853	31.08.2025 10:26:12,000	2,16	3,80	23,1	45,7	21,2	0	62,5
854	31.08.2025 10:26:13,000	2,16	3,82	32,6	33,5	23,9	1	53,4
855	31.08.2025 10:26:14,000	2,16	3,82	36,8	29,4	23,8	0	50,5
856	31.08.2025 10:26:15,000	2,16	3,80	48,8	25,1	16,1	0	56,6
857	31.08.2025 10:26:16,000	2,16	3,80	59,0	24,8	6,2	0	75,5
858	31.08.2025 10:26:17,000	2,16	3,82	57,6	24,2	8,2	0	70,8
859	31.08.2025 10:26:18,000	2,12	3,79	55,3	23,4	11,3	0	63,6
860	31.08.2025 10:26:19,000	2,12	3,79	57,7	14,0	18,3	0	37,6
861	31.08.2025 10:26:20,000	2,12	3,79	51,2	16,8	22,0	0	37,7
862	31.08.2025 10:26:21,000	2,12	3,82	54,4	20,8	14,8	0	54,1
863	31.08.2025 10:26:22,000	2,12	3,82	52,5	18,0	19,5	0	42,7
864	31.08.2025 10:26:23,000	2,12	3,82	52,3	15,3	22,4	0	34,8
865	31.08.2025 10:26:24,000	2,12	3,79	51,7	15,2	23,2	0	33,8
866	31.08.2025 10:26:25,000	2,12	3,82	49,8	15,8	24,4	0	33,5
867	31.08.2025 10:26:26,000	2,12	3,79	46,3	18,8	24,8	0	37,7
868	31.08.2025 10:26:27,000	2,12	3,79	34,8	25,7	29,4	0	41,6
869	31.08.2025 10:26:28,000	2,12	3,82	0,2	12,7	-77,1	0	167,2
870	31.08.2025 10:26:29,000	2,12	3,82	-6,4	-8,0	-75,6	0	-171,5
871	31.08.2025 10:26:30,000	2,08	3,81	-7,1	-5,1	-77,8	0	-174,6
872	31.08.2025 10:26:31,000	2,08	3,79	-7,1	-5,1	-77,7	0	-174,6
873	31.08.2025 10:26:32,000	2,08	3,81	-7,0	-6,3	-76,6	0	-173,3
874	31.08.2025 10:26:33,000	2,08	3,81	-6,8	-7,3	-75,9	0	-172,3
875	31.08.2025 10:26:34,000	2,08	3,79	-6,1	-2,1	-81,8	0	-177,8
876	31.08.2025 10:26:35,000	2,08	3,81	0,6	9,3	-80,1	0	170,7
877	31.08.2025 10:26:36,000	2,08	3,81	-1,5	19,8	-68,7	0	159,8
878	31.08.2025 10:26:37,000	2,08	3,81	11,6	24,0	-54,4	0	152,8
879	31.08.2025 10:26:38,000	2,08	3,79	13,1	48,2	-28,7	0	123,3
880	31.08.2025 10:26:39,000	2,08	3,81	32,2	38,3	-19,5	0	118,8
881	31.08.2025 10:26:40,000	2,08	3,79	67,8	20,0	2,2	0	118,8
882	31.08.2025 10:26:41,000	2,08	3,79	57,1	20,3	12,6	0	57,7
883	31.08.2025 10:26:42,000	2,08	3,79	60,4	22,6	7,0	0	72,3
884	31.08.2025 10:26:43,000	2,04	3,79	57,2	26,2	6,6	0	75,3
885	31.08.2025 10:26:44,000	2,04	3,81	61,4	23,2	5,3	0	76,7
886	31.08.2025 10:26:45,000	2,00	3,76	58,7	22,9	8,4	0	69,3
887	31.08.2025 10:26:46,000	2,00	3,76	60,9	22,4	6,7	0	72,9
888	31.08.2025 10:26:47,000	2,00	3,76	57,4	25,0	7,5	0	72,8
889	31.08.2025 10:26:48,000	2,00	3,79	60,4	17,8	11,9	0	72,8
890	31.08.2025 10:26:49,000	2,00	3,79	50,0	20,2	19,7	0	45,7
891	31.08.2025 10:26:50,000	2,00	3,81	26,1	24,5	39,4	0	33,7
892	31.08.2025 10:26:51,000	2,00	3,81	3,0	29,3	57,7	0	30,3
893	31.08.2025 10:26:52,000	1,97	3,81	1,3	14,7	73,9	1	14,9
894	31.08.2025 10:26:53,000	2,00	3,83	10,6	12,1	67,3	0	13,3
895	31.08.2025 10:26:54,000	1,97	3,81	8,5	9,0	72,5	0	9,7
896	31.08.2025 10:26:55,000	1,97	3,83	15,3	-9,4	65,3	0	-10,6
897	31.08.2025 10:26:56,000	1,97	3,83	7,7	8,4	74,0	0	8,9
898	31.08.2025 10:26:57,000	1,93	3,83	3,7	10,2	76,1	1	10,6
899	31.08.2025 10:26:58,000	1,93	3,83	9,3	13,1	67,6	1	14,3
900	31.08.2025 10:26:59,000	1,93	3,83	-5,7	-6,8	77,5	1	-7,2
901	31.08.2025 10:27:00,000	1,93	3,80	19,1	14,2	56,7	1	17,0
902	31.08.2025 10:27:01,000	1,93	3,78	11,0	-4,4	74,6	0	-4,7
903	31.08.2025 10:27:02,000	1,93	3,83	19,8	-8,1	62,1	0	-9,4
904	31.08.2025 10:27:03,000	1,93	3,80	-17,4	5,5	67,2	0	6,1
905	31.08.2025 10:27:04,000	1,93	3,80	-0,1	13,2	76,7	1	13,2
906	31.08.2025 10:27:05,000	1,93	3,83	-0,2	3,4	86,4	0	3,4
907	31.08.2025 10:27:06,000	1,93	3,83	-4,7	7,2	78,1	0	7,5
908	31.08.2025 10:27:07,000	1,93	3,83	13,4	36,9	39,8	1	43,2
909	31.08.2025 10:27:08,000	1,89	3,80	62,1	21,1	6,8	0	43,2
910	31.08.2025 10:27:09,000	1,89	3,78	58,2	24,1	7,7	0	71,8
911	31.08.2025 10:27:10,000	1,85	3,73	60,7	23,1	6,1	0	74,7
912	31.08.2025 10:27:11,000	1,85	3,71	54,7	20,8	14,5	0	54,7
913	31.08.2025 10:27:12,000	1,85	3,69	44,9	22,8	22,3	0	45,6
914	31.08.2025 10:27:13,000	1,85	3,71	49,3	21,4	19,3	0	47,9
915	31.08.2025 10:27:14,000	1,85	3,69	43,5	23,7	22,8	1	46,1
916	31.08.2025 10:27:15,000	1,85	3,78	56,1	18,7	15,2	0	50,7
917	31.08.2025 10:27:16,000	1,85	3,80	47,1	15,3	27,6	0	29,9
918	31.08.2025 10:27:17,000	1,81	3,77	50,5	19,4	20,1	0	44,1
919	31.08.2025 10:27:18,000	1,81	3,77	47,9	16,9	25,2	0	34,6
920	31.08.2025 10:27:19,000	1,81	3,77	44,5	15,4	30,1	0	28,1
921	31.08.2025 10:27:20,000	1,81	3,77	43,8	15,4	30,9	0	27,6
922	31.08.2025 10:27:21,000	1,77	3,77	40,8	13,2	36,0	0	21,5
923	31.08.2025 10:27:22,000	1,77	3,77	38,6	14,8	36,6	0	23,6
924	31.08.2025 10:27:23,000	1,77	3,77	42,8	13,8	33,3	0	23,8
925	31.08.2025 10:27:24,000	1,77	3,77	42,3	12,2	35,5	0	20,3
926	31.08.2025 10:27:25,000	1,77	3,75	41,5	13,0	35,5	0	21,4
927	31.08.2025 10:27:26,000	1,77	3,77	45,1	14,6	30,3	0	26,7
928	31.08.2025 10:27:27,000	1,77	3,73	41,4	13,9	34,6	0	23,3
929	31.08.2025 10:27:28,000	1,77	3,73	37,9	14,8	37,4	0	23,2
930	31.08.2025 10:27:29,000	1,77	3,70	36,3	16,3	37,4	0	25,3
931	31.08.2025 10:27:30,000	1,77	3,68	39,2	16,8	33,9	0	27,7
932	31.08.2025 10:27:31,000	1,77	3,68	34,3	17,3	38,4	0	26,0
933	31.08.2025 10:27:32,000	1,81	3,66	37,5	18,7	33,8	0	30,3
934	31.08.2025 10:27:33,000	1,77	3,64	32,9	17,0	40,1	0	24,9
935	31.08.2025 10:27:34,000	1,81	3,59	38,3	12,5	39,1	0	19,3
936	31.08.2025 10:27:35,000	1,77	3,55	42,0	8,7	39,3	0	13,7
937	31.08.2025 10:27:36,000	1,77	3,50	35,9	12,9	41,2	0	19,1
938	31.08.2025 10:27:37,000	1,77	3,48	35,5	16,5	38,0	0	25,2
939	31.08.2025 10:27:38,000	1,77	3,43	39,1	10,7	40,2	0	16,3
940	31.08.2025 10:27:39,000	1,77	3,39	42,2	9,1	38,7	1	14,5
941	31.08.2025 10:27:40,000	1,77	3,32	38,2	9,6	42,2	0	14,2
942	31.08.2025 10:27:41,000	1,77	3,26	40,7	7,2	42,2	0	10,7
943	31.08.2025 10:27:42,000	1,77	3,21	35,5	10,6	43,9	0	15,1
944	31.08.2025 10:27:43,000	1,77	3,17	41,5	6,3	42,2	0	9,4
945	31.08.2025 10:27:44,000	1,77	3,08	37,0	11,0	42,0	0	16,2
946	31.08.2025 10:27:45,000	1,81	3,01	36,9	14,1	39,1	0	21,4
947	31.08.2025 10:27:46,000	1,81	2,99	42,3	9,7	38,0	0	15,6
948	31.08.2025 10:27:47,000	1,85	2,90	42,9	10,0	37,1	0	16,3
949	31.08.2025 10:27:48,000	1,89	2,86	38,9	13,8	37,2	0	21,9
950	31.08.2025 10:27:49,000	1,89	2,79	36,1	13,8	40,0	0	20,8
951	31.08.2025 10:27:50,000	1,93	2,73	44,0	10,8	35,2	0	18,2
952	31.08.2025 10:27:51,000	1,97	2,68	41,1	13,8	35,1	0	22,7
953	31.08.2025 10:27:52,000	1,97	2,62	43,1	11,4	35,5	0	19,0
954	31.08.2025 10:27:53,000	2,04	2,56	43,7	11,7	34,6	0	19,9
955	31.08.2025 10:27:54,000	2,12	2,49	38,5	16,2	35,3	0	26,2
956	31.08.2025 10:27:55,000	2,16	2,45	40,8	13,7	35,4	0	22,6
957	31.08.2025 10:27:56,000	2,20	2,41	39,7	13,7	36,6	0	22,0
958	31.08.2025 10:27:57,000	2,24	2,37	40,3	12,3	37,4	0	19,6
959	31.08.2025 10:27:58,000	2,28	2,32	39,0	11,7	39,3	0	18,1
960	31.08.2025 10:27:59,000	2,35	2,24	34,2	11,8	44,0	0	16,8
961	31.08.2025 10:28:00,000	2,47	2,20	39,3	18,7	32,0	0	31,4
962	31.08.2025 10:28:01,000	2,70	2,24	48,7	20,2	21,1	0	43,7
963	31.08.2025 10:28:02,000	2,85	2,25	53,7	15,4	20,8	0	36,9
964	31.08.2025 10:28:03,000	2,93	2,26	50,3	14,5	25,1	0	30,7
965	31.08.2025 10:28:04,000	2,97	2,26	60,6	8,4	21,0	0	30,7
966	31.08.2025 10:28:05,000	3,04	2,29	60,6	13,0	16,3	0	30,7
967	31.08.2025 10:28:06,000	3,04	2,29	58,7	13,7	17,6	0	38,1
968	31.08.2025 10:28:07,000	3,08	2,29	57,3	14,6	18,1	0	39,0
969	31.08.2025 10:28:08,000	3,08	2,27	55,6	15,0	19,4	0	38,1
970	31.08.2025 10:28:09,000	3,12	2,27	55,7	16,0	18,3	0	41,2
971	31.08.2025 10:28:10,000	3,12	2,27	55,7	15,7	18,5	0	40,5
972	31.08.2025 10:28:11,000	3,16	2,23	54,5	16,0	19,6	0	39,5
973	31.08.2025 10:28:12,000	3,23	2,21	53,3	16,5	20,2	0	39,6
974	31.08.2025 10:28:13,000	3,27	2,21	53,2	16,0	20,8	0	37,9
975	31.08.2025 10:28:14,000	3,34	2,17	51,4	16,4	22,2	0	36,8
976	31.08.2025 10:28:15,000	3,38	2,13	50,4	15,9	23,7	0	34,3
977	31.08.2025 10:28:16,000	3,38	2,08	49,7	15,5	24,8	0	32,6
978	31.08.2025 10:28:17,000	3,50	2,02	50,5	14,4	25,1	0	30,5
979	31.08.2025 10:28:18,000	3,61	1,99	49,8	15,1	25,1	0	31,7
980	31.08.2025 10:28:19,000	3,76	1,95	49,6	14,7	25,7	0	30,5
981	31.08.2025 10:28:20,000	3,83	1,93	48,9	14,7	26,4	0	29,9
982	31.08.2025 10:28:21,000	3,91	1,92	49,7	13,4	26,9	0	27,4
983	31.08.2025 10:28:22,000	3,91	1,83	50,2	12,6	27,2	0	25,7
984	31.08.2025 10:28:23,000	4,05	1,79	50,1	12,0	27,9	0	24,1
985	31.08.2025 10:28:24,000	4,17	1,78	50,5	10,3	29,2	0	20,3
986	31.08.2025 10:28:25,000	4,24	1,72	48,8	11,4	29,8	0	21,8
987	31.08.2025 10:28:26,000	4,39	1,68	48,1	8,7	33,3	0	15,5
988	31.08.2025 10:28:27,000	4,42	1,66	44,4	9,1	36,5	0	15,0
989	31.08.2025 10:28:28,000	4,50	1,62	42,2	8,6	39,2	0	13,4
990	31.08.2025 10:28:29,000	4,64	1,54	41,8	7,3	40,9	0	11,2
991	31.08.2025 10:28:30,000	4,75	1,46	43,2	5,6	41,1	0	8,5
992	31.08.2025 10:28:31,000	4,86	1,47	38,4	12,3	39,3	0	18,9
993	31.08.2025 10:28:32,000	5,04	1,34	35,0	13,1	41,9	0	19,1
994	31.08.2025 10:28:33,000	5,33	1,32	37,3	8,7	44,0	0	12,5
995	31.08.2025 10:28:34,000	5,69	1,30	37,3	10,8	41,9	0	16,0
996	31.08.2025 10:28:35,000	5,98	1,25	31,9	15,3	42,8	0	21,8
997	31.08.2025 10:28:36,000	6,19	1,22	33,8	15,2	40,9	0	22,3
998	31.08.2025 10:28:37,000	6,40	1,19	37,7	11,8	40,5	0	17,8
999	31.08.2025 10:28:38,000	6,51	1,17	40,7	6,8	42,5	0	10,1
1000	31.08.2025 10:28:39,000	6,61	1,16	40,9	7,8	41,2	0	11,9
1001	31.08.2025 10:28:40,000	6,75	1,12	42,4	7,3	40,3	0	11,2
1002	31.08.2025 10:28:41,000	6,86	1,10	43,7	7,4	38,9	0	11,7
1003	31.08.2025 10:28:42,000	6,93	1,06	45,7	6,8	37,5	0	11,1
1004	31.08.2025 10:28:43,000	7,03	1,07	49,2	3,5	37,3	0	5,7
1005	31.08.2025 10:28:44,000	7,07	1,03	53,7	2,5	33,8	0	4,4
1006	31.08.2025 10:28:45,000	7,17	1,04	55,5	2,6	31,9	0	5,0
1007	31.08.2025 10:28:46,000	7,34	0,98	51,7	0,4	37,9	0	0,7
1008	31.08.2025 10:28:47,000	7,59	0,97	50,2	-1,2	38,6	0	-1,9
1009	31.08.2025 10:28:48,000	7,83	0,88	47,8	-4,0	38,2	0	-6,5
1010	31.08.2025 10:28:49,000	8,10	0,87	48,6	-4,8	36,6	0	-8,0
1011	31.08.2025 10:28:50,000	8,24	0,70	46,2	-4,9	38,9	0	-7,8
1012	31.08.2025 10:28:51,000	8,64	0,75	44,5	-6,7	38,8	0	-10,6
1013	31.08.2025 10:28:52,000	8,94	0,77	43,4	-8,7	37,9	0	-14,0
1014	31.08.2025 10:28:53,000	9,15	0,72	45,3	-8,0	36,7	0	-13,2
1015	31.08.2025 10:28:54,000	9,35	0,67	43,2	-9,6	37,2	0	-15,7
1016	31.08.2025 10:28:55,000	9,54	0,70	37,4	-11,5	41,1	0	-17,2
1017	31.08.2025 10:28:56,000	9,68	0,69	35,4	-13,9	40,7	0	-20,6
1018	31.08.2025 10:28:57,000	9,68	0,71	34,7	-17,7	37,6	0	-26,9
1019	31.08.2025 10:28:58,000	9,81	0,67	37,8	-13,3	38,9	0	-20,4
1020	31.08.2025 10:28:59,000	9,88	0,66	35,7	-13,9	40,4	0	-20,7
1021	31.08.2025 10:29:00,000	9,94	0,66	34,5	-15,1	40,4	0	-22,3
1022	31.08.2025 10:29:01,000	9,94	0,62	36,1	-13,3	40,6	0	-19,9
1023	31.08.2025 10:29:02,000	10,01	0,55	35,8	-14,4	39,8	0	-21,6
1024	31.08.2025 10:29:03,000	10,07	0,58	32,4	-16,0	41,5	0	-23,1
1025	31.08.2025 10:29:04,000	10,14	0,58	32,6	-18,7	38,7	0	-27,6
1026	31.08.2025 10:29:05,000	10,27	0,55	38,0	-14,5	37,5	0	-22,7
1027	31.08.2025 10:29:06,000	10,37	0,53	34,7	-18,0	37,4	0	-27,4
1028	31.08.2025 10:29:07,000	10,47	0,49	34,0	-16,9	39,1	0	-25,3
1029	31.08.2025 10:29:08,000	10,60	0,50	34,1	-16,1	39,9	0	-23,8
1030	31.08.2025 10:29:09,000	10,63	0,53	32,5	-19,5	37,9	0	-29,0
1031	31.08.2025 10:29:10,000	10,73	0,47	36,8	-16,9	36,4	0	-26,5
1032	31.08.2025 10:29:11,000	10,79	0,47	34,0	-15,6	40,3	0	-23,1
1033	31.08.2025 10:29:12,000	10,86	0,45	32,6	-17,1	40,3	0	-25,0
1034	31.08.2025 10:29:13,000	10,89	0,48	36,8	-15,4	37,8	0	-23,8
1035	31.08.2025 10:29:14,000	10,89	0,43	36,3	-14,3	39,3	0	-21,7
1036	31.08.2025 10:29:15,000	10,89	0,43	37,7	-13,2	39,1	0	-20,2
1037	31.08.2025 10:29:16,000	10,95	0,42	36,9	-14,7	38,4	0	-22,6
1038	31.08.2025 10:29:17,000	11,08	0,40	35,9	-15,0	39,1	0	-22,7
1039	31.08.2025 10:29:18,000	11,18	0,39	33,9	-13,9	42,1	0	-20,1
1040	31.08.2025 10:29:19,000	11,28	0,37	33,9	-13,6	42,5	0	-19,6
1041	31.08.2025 10:29:20,000	11,34	0,32	36,0	-12,7	41,3	0	-18,8
1042	31.08.2025 10:29:21,000	11,50	0,28	38,5	-9,7	41,8	0	-14,4
1043	31.08.2025 10:29:22,000	11,63	0,30	38,3	-8,0	43,7	0	-11,6
1044	31.08.2025 10:29:23,000	11,69	0,26	40,9	-6,1	43,0	0	-9,0
1045	31.08.2025 10:29:24,000	11,76	0,26	41,6	-7,8	40,6	0	-11,9
1046	31.08.2025 10:29:25,000	11,85	0,23	40,4	-7,6	41,9	0	-11,4
1047	31.08.2025 10:29:26,000	11,92	0,19	41,7	-6,0	42,3	0	-8,9
1048	31.08.2025 10:29:27,000	11,98	0,19	43,9	-4,3	41,8	0	-6,5
1049	31.08.2025 10:29:28,000	12,05	0,17	42,6	-2,2	45,2	0	-3,1
1050	31.08.2025 10:29:29,000	12,05	0,12	41,6	-3,5	45,0	0	-4,9
1051	31.08.2025 10:29:30,000	12,08	0,10	37,6	-4,4	48,0	0	-5,9
1052	31.08.2025 10:29:31,000	12,17	0,08	41,9	-2,4	45,7	0	-3,4
1053	31.08.2025 10:29:32,000	12,30	0,03	37,9	-5,7	46,4	0	-7,9
1054	31.08.2025 10:29:33,000	12,36	0,03	37,9	-4,9	47,2	0	-6,7
1055	31.08.2025 10:29:34,000	12,46	-0,01	37,9	-5,5	46,7	0	-7,6
1056	31.08.2025 10:29:35,000	12,59	-0,03	40,8	-3,3	45,8	0	-4,6
1057	31.08.2025 10:29:36,000	12,68	-0,08	41,6	-4,4	44,0	0	-6,4
1058	31.08.2025 10:29:37,000	12,78	-0,10	41,3	-4,6	44,1	0	-6,7
1059	31.08.2025 10:29:38,000	12,87	-0,12	46,2	-3,6	40,3	0	-5,6
1060	31.08.2025 10:29:39,000	12,90	-0,12	49,1	0,6	40,3	0	0,9
1061	31.08.2025 10:29:40,000	12,96	-0,21	42,2	2,0	45,8	0	2,8
1062	31.08.2025 10:29:41,000	13,09	-0,21	46,8	1,9	41,3	0	2,8
1063	31.08.2025 10:29:42,000	13,12	-0,23	47,6	2,1	40,3	0	3,2
1064	31.08.2025 10:29:43,000	13,12	-0,23	46,6	3,4	40,0	0	5,4
1065	31.08.2025 10:29:44,000	13,22	-0,32	43,6	5,1	41,3	0	7,7
1066	31.08.2025 10:29:45,000	13,31	-0,32	44,6	5,0	40,3	0	7,8
1067	31.08.2025 10:29:46,000	13,37	-0,39	44,6	5,1	40,3	0	8,0
1068	31.08.2025 10:29:47,000	13,44	-0,34	34,7	6,7	48,6	0	9,0
1069	31.08.2025 10:29:48,000	13,50	-0,41	34,8	2,7	52,4	0	3,5
1070	31.08.2025 10:29:49,000	13,72	-0,46	44,3	2,1	43,7	0	3,0
1071	31.08.2025 10:29:50,000	13,84	-0,43	45,4	0,6	44,1	0	0,8
1072	31.08.2025 10:29:51,000	13,81	-0,46	44,0	-2,4	43,6	0	-3,5
1073	31.08.2025 10:29:52,000	13,78	-0,46	45,4	-3,3	41,4	0	-5,0
1074	31.08.2025 10:29:53,000	13,75	-0,52	44,6	-3,2	42,2	0	-4,8
1075	31.08.2025 10:29:54,000	13,90	-0,50	42,1	-6,9	41,0	0	-10,5
1076	31.08.2025 10:29:55,000	13,93	-0,52	43,9	-7,8	38,3	0	-12,5
1077	31.08.2025 10:29:56,000	14,06	-0,57	39,2	-8,6	42,2	0	-12,7
1078	31.08.2025 10:29:57,000	14,18	-0,52	38,5	-8,4	43,1	0	-12,3
1079	31.08.2025 10:29:58,000	14,18	-0,50	42,4	-7,4	40,1	0	-11,4
1080	31.08.2025 10:29:59,000	14,15	-0,52	44,4	-5,9	39,7	0	-9,3
1081	31.08.2025 10:30:00,000	14,12	-0,54	37,5	-7,1	45,3	0	-10,1
1082	31.08.2025 10:30:01,000	14,15	-0,54	39,1	-4,4	46,5	0	-6,1
1083	31.08.2025 10:30:02,000	14,18	-0,54	42,4	-2,2	45,4	0	-3,1
1084	31.08.2025 10:30:03,000	14,21	-0,54	42,1	0,6	47,3	0	0,8
1085	31.08.2025 10:30:04,000	14,21	-0,57	33,5	3,8	52,7	0	4,8
1086	31.08.2025 10:30:05,000	14,21	-0,54	29,8	3,1	57,1	0	3,8
1087	31.08.2025 10:30:06,000	14,28	-0,63	31,5	0,5	58,0	0	0,6
1088	31.08.2025 10:30:07,000	14,49	-0,59	29,2	1,3	59,4	0	1,6
1089	31.08.2025 10:30:08,000	14,62	-0,61	32,1	0,9	57,0	0	1,1
1090	31.08.2025 10:30:09,000	14,68	-0,59	33,2	-1,8	55,0	0	-2,2
1091	31.08.2025 10:30:10,000	14,68	-0,59	36,7	-3,3	50,0	0	-4,4
1092	31.08.2025 10:30:11,000	14,68	-0,59	30,4	-6,5	53,0	0	-8,3
1093	31.08.2025 10:30:12,000	14,68	-0,61	30,4	-10,3	49,3	0	-13,5
1094	31.08.2025 10:30:13,000	14,71	-0,59	33,8	-4,6	51,6	0	-6,0
1095	31.08.2025 10:30:14,000	14,68	-0,61	34,3	-4,3	51,4	0	-5,5
1096	31.08.2025 10:30:15,000	14,77	-0,61	30,9	-7,6	51,5	0	-9,8
1097	31.08.2025 10:30:16,000	14,83	-0,63	20,7	-6,6	62,7	1	-7,6
1098	31.08.2025 10:30:17,000	14,83	-0,63	27,6	-2,9	59,6	0	-3,4
1099	31.08.2025 10:30:18,000	14,95	-0,61	31,0	-3,8	55,1	0	-4,7
1100	31.08.2025 10:30:19,000	14,98	-0,61	27,6	-9,8	52,6	0	-12,4
1101	31.08.2025 10:30:20,000	15,01	-0,63	26,3	-13,5	50,2	0	-17,4
1102	31.08.2025 10:30:21,000	15,08	-0,63	24,0	-13,2	52,8	0	-16,6
1103	31.08.2025 10:30:22,000	15,11	-0,63	33,6	-12,0	44,4	0	-16,9
1104	31.08.2025 10:30:23,000	15,17	-0,59	37,4	-12,0	40,6	0	-18,0
1105	31.08.2025 10:30:24,000	15,17	-0,59	37,0	-11,4	41,5	0	-17,0
1106	31.08.2025 10:30:25,000	15,17	-0,59	38,1	-7,9	44,0	0	-11,4
1107	31.08.2025 10:30:26,000	15,11	-0,59	40,6	-5,4	44,0	0	-7,8
1108	31.08.2025 10:30:27,000	15,08	-0,66	34,2	-3,4	52,4	1	-4,3
1109	31.08.2025 10:30:28,000	15,11	-0,61	37,4	-0,9	51,6	1	-1,2
1110	31.08.2025 10:30:29,000	15,14	-0,63	34,9	0,9	54,2	1	1,1
1111	31.08.2025 10:30:30,000	15,23	-0,66	21,6	-8,8	59,6	0	-10,4
1112	31.08.2025 10:30:31,000	15,29	-0,66	36,8	-6,6	46,7	0	-9,1
1113	31.08.2025 10:30:32,000	15,38	-0,68	39,2	-9,7	41,1	0	-14,7
1114	31.08.2025 10:30:33,000	15,44	-0,63	33,6	-11,6	44,8	0	-16,3
1115	31.08.2025 10:30:34,000	15,44	-0,63	34,1	-16,7	39,1	0	-25,0
1116	31.08.2025 10:30:35,000	15,41	-0,66	32,3	-13,2	44,5	0	-18,4
1117	31.08.2025 10:30:36,000	15,38	-0,66	32,4	-11,6	46,0	0	-16,0
1118	31.08.2025 10:30:37,000	15,41	-0,63	36,6	-12,0	41,4	0	-17,7
1119	31.08.2025 10:30:38,000	15,44	-0,63	36,2	-7,0	46,8	0	-9,7
1120	31.08.2025 10:30:39,000	15,41	-0,68	34,2	-6,1	49,7	0	-8,1
1121	31.08.2025 10:30:40,000	15,41	-0,66	33,5	-8,6	47,9	0	-11,6
1122	31.08.2025 10:30:41,000	15,50	-0,70	29,4	-3,1	57,5	1	-3,7
1123	31.08.2025 10:30:42,000	15,57	-0,70	25,4	-4,3	60,3	0	-5,0
1124	31.08.2025 10:30:43,000	15,60	-0,68	35,9	-11,8	42,3	0	-17,3
1125	31.08.2025 10:30:44,000	15,60	-0,66	32,6	-11,6	45,9	0	-16,0
1126	31.08.2025 10:30:45,000	15,57	-0,68	36,2	-11,6	42,1	0	-17,0
1127	31.08.2025 10:30:46,000	15,57	-0,66	39,9	-14,4	35,7	0	-23,4
1128	31.08.2025 10:30:47,000	15,63	-0,63	35,1	-16,7	38,1	0	-25,4
1129	31.08.2025 10:30:48,000	15,63	-0,61	42,9	-9,8	37,3	0	-16,0
1130	31.08.2025 10:30:49,000	15,60	-0,59	44,1	-22,0	23,9	1	-42,8
1131	31.08.2025 10:30:50,000	15,60	-0,66	30,3	-12,5	47,2	0	-16,9
1132	31.08.2025 10:30:51,000	15,60	-0,63	29,8	-1,7	58,4	1	-2,1
1133	31.08.2025 10:30:52,000	15,63	-0,66	35,5	1,1	53,4	0	1,4
1134	31.08.2025 10:30:53,000	15,66	-0,66	47,7	0,4	42,0	0	0,5
1135	31.08.2025 10:30:54,000	15,69	-0,68	46,8	-1,6	41,6	0	-2,4
1136	31.08.2025 10:30:55,000	15,78	-0,66	47,8	1,7	40,5	0	2,7
1137	31.08.2025 10:30:56,000	15,78	-0,61	48,8	1,9	39,3	0	3,1
1138	31.08.2025 10:30:57,000	15,75	-0,63	49,2	-2,0	38,8	0	-3,2
1139	31.08.2025 10:30:58,000	15,75	-0,66	52,4	-1,7	36,0	0	-2,9
1140	31.08.2025 10:30:59,000	15,81	-0,66	52,7	-1,0	36,3	0	-1,7
1141	31.08.2025 10:31:00,000	15,81	-0,68	39,3	-17,2	33,4	0	-28,6
1142	31.08.2025 10:31:01,000	15,81	-0,70	46,2	-4,1	39,7	1	-6,5
1143	31.08.2025 10:31:02,000	15,90	-0,70	58,3	-9,1	22,7	0	-22,3
1144	31.08.2025 10:31:03,000	15,99	-0,70	58,6	-9,6	21,9	0	-24,2
1145	31.08.2025 10:31:04,000	16,08	-0,70	55,3	-3,0	31,7	0	-5,6
1146	31.08.2025 10:31:05,000	16,14	-0,68	49,1	-5,0	36,0	0	-8,4
1147	31.08.2025 10:31:06,000	16,17	-0,68	45,8	3,7	40,5	0	5,7
1148	31.08.2025 10:31:07,000	16,17	-0,68	39,2	5,8	44,9	0	8,3
1149	31.08.2025 10:31:08,000	16,11	-0,63	45,2	3,1	41,7	1	4,6
1150	31.08.2025 10:31:09,000	16,11	-0,63	36,5	3,3	50,3	0	4,3
1151	31.08.2025 10:31:10,000	16,11	-0,66	37,5	9,3	43,2	0	13,5
1152	31.08.2025 10:31:11,000	16,14	-0,63	44,6	7,5	37,9	1	12,1
1153	31.08.2025 10:31:12,000	16,11	-0,66	39,0	7,6	43,4	0	11,1
1154	31.08.2025 10:31:13,000	16,08	-0,66	40,1	11,8	38,0	0	18,7
1155	31.08.2025 10:31:14,000	16,08	-0,66	37,3	22,3	30,5	0	37,0
1156	31.08.2025 10:31:15,000	16,05	-0,63	52,8	14,1	23,1	0	32,1
1157	31.08.2025 10:31:16,000	16,05	-0,66	50,0	11,3	28,7	0	22,3
1158	31.08.2025 10:31:17,000	16,08	-0,66	57,8	8,2	24,0	0	19,3
1159	31.08.2025 10:31:18,000	16,11	-0,61	55,2	13,0	21,8	1	31,3
1160	31.08.2025 10:31:19,000	16,08	-0,68	56,9	14,7	18,4	0	38,8
1161	31.08.2025 10:31:20,000	16,08	-0,68	75,7	11,0	3,3	1	38,8
1162	31.08.2025 10:31:21,000	16,11	-0,75	75,5	9,4	5,2	0	38,8
1163	31.08.2025 10:31:22,000	16,11	-0,61	74,4	9,5	6,0	0	38,8
1164	31.08.2025 10:31:23,000	16,02	-0,61	65,3	17,9	6,8	0	38,8
1165	31.08.2025 10:31:24,000	15,90	-0,59	59,6	23,4	7,1	0	72,7
1166	31.08.2025 10:31:25,000	15,78	-0,59	48,3	31,8	9,9	0	71,8
1167	31.08.2025 10:31:26,000	15,66	-0,57	61,9	25,2	2,9	1	83,3
1168	31.08.2025 10:31:27,000	15,50	-0,54	37,0	49,5	3,4	0	85,5
1169	31.08.2025 10:31:28,000	15,35	-0,54	41,2	46,5	2,3	1	86,8
1170	31.08.2025 10:31:29,000	15,23	-0,52	51,3	14,5	-24,2	0	148,5
1171	31.08.2025 10:31:30,000	15,14	-0,50	45,8	35,5	-8,7	0	104,7
1172	31.08.2025 10:31:31,000	15,01	-0,52	53,2	28,9	7,9	0	74,0
1173	31.08.2025 10:31:32,000	14,89	-0,50	49,3	39,9	0,8	0	88,7
1174	31.08.2025 10:31:33,000	14,80	-0,48	81,0	-5,3	-3,7	0	88,7
1175	31.08.2025 10:31:34,000	14,71	-0,52	77,6	8,5	3,9	0	88,7
1176	31.08.2025 10:31:35,000	14,62	-0,50	79,5	7,0	3,4	1	88,7
1177	31.08.2025 10:31:36,000	14,49	-0,50	61,2	19,6	9,2	0	88,7
1178	31.08.2025 10:31:37,000	14,43	-0,52	-2,4	-15,4	72,2	0	-15,8
1179	31.08.2025 10:31:38,000	14,37	-0,50	-48,4	-12,8	28,8	0	-24,9
1180	31.08.2025 10:31:39,000	14,34	-0,50	-11,2	7,1	71,8	0	7,7
1181	31.08.2025 10:31:40,000	14,31	-0,50	-7,0	-5,2	77,8	0	-5,4
1182	31.08.2025 10:31:41,000	14,28	-0,50	0,0	-3,9	86,1	0	-3,9
1183	31.08.2025 10:31:42,000	14,28	-0,50	-8,5	-1,1	80,4	0	-1,1
1184	31.08.2025 10:31:43,000	14,24	-0,50	-13,8	-5,2	71,0	0	-5,7
1185	31.08.2025 10:31:44,000	14,21	-0,48	-11,1	-7,3	71,6	0	-7,9
1186	31.08.2025 10:31:45,000	14,18	-0,48	-6,6	-6,1	77,3	0	-6,4
1187	31.08.2025 10:31:46,000	14,18	-0,48	-6,0	-7,8	76,2	0	-8,2
1188	31.08.2025 10:31:47,000	14,15	-0,48	-6,1	-7,7	76,2	0	-8,1
1189	31.08.2025 10:31:48,000	14,12	-0,48	-6,9	-6,2	77,0	0	-6,5
1190	31.08.2025 10:31:49,000	14,09	-0,50	-5,6	-7,0	77,3	0	-7,3
1191	31.08.2025 10:31:50,000	14,09	-0,50	-8,4	-8,4	73,3	0	-8,9
1192	31.08.2025 10:31:51,000	14,06	-0,48	21,4	-12,7	55,9	1	-15,4
1193	31.08.2025 10:31:52,000	14,06	-0,48	-76,1	6,2	-7,7	0	-15,4
1194	31.08.2025 10:31:53,000	14,03	-0,48	-86,0	2,3	-1,7	0	-15,4
1195	31.08.2025 10:31:54,000	14,03	-0,48	-86,4	2,2	-1,4	0	-15,4
1196	31.08.2025 10:31:55,000	14,00	-0,46	-86,8	1,9	-1,3	0	-15,4
1197	31.08.2025 10:31:56,000	13,97	-0,48	-85,8	2,3	-1,9	0	-15,4
1198	31.08.2025 10:31:57,000	13,97	-0,46	-86,4	2,2	-1,5	0	-15,4
1199	31.08.2025 10:31:58,000	13,93	-0,46	-64,6	24,9	-0,5	1	91,2
1200	31.08.2025 10:31:59,000	13,93	-0,46	-30,0	2,3	57,7	1	2,8
1201	31.08.2025 10:32:00,000	13,93	-0,48	11,7	4,1	74,3	0	4,3
1202	31.08.2025 10:32:01,000	13,90	-0,48	32,5	-12,0	45,6	1	-16,6
1203	31.08.2025 10:32:02,000	13,90	-0,48	24,0	-20,5	45,5	1	-26,8
1204	31.08.2025 10:32:03,000	13,87	-0,50	2,4	-16,4	71,2	0	-16,8
1205	31.08.2025 10:32:04,000	13,87	-0,48	-15,0	-19,7	55,3	0	-23,1
1206	31.08.2025 10:32:05,000	13,87	-0,50	-59,9	-3,4	-26,7	0	-172,4
1207	31.08.2025 10:32:06,000	13,84	-0,46	-60,0	-1,5	-28,5	0	-177,0
1208	31.08.2025 10:32:07,000	13,84	-0,46	-60,4	-1,7	-27,8	0	-176,3
1209	31.08.2025 10:32:08,000	13,84	-0,46	-59,8	-2,0	-28,2	0	-175,7
1210	31.08.2025 10:32:09,000	13,84	-0,43	-59,2	-2,3	-28,5	0	-175,2
1211	31.08.2025 10:32:10,000	13,84	-0,46	-58,8	-1,8	-29,4	0	-176,4
1212	31.08.2025 10:32:11,000	13,84	-0,46	-59,1	-1,7	-29,2	0	-176,5
1213	31.08.2025 10:32:12,000	13,81	-0,46	-59,5	-2,0	-28,6	0	-175,9
1214	31.08.2025 10:32:13,000	13,81	-0,46	-59,2	-2,0	-28,9	0	-175,9
1215	31.08.2025 10:32:14,000	13,81	-0,46	-59,3	-2,0	-28,7	0	-175,9
1216	31.08.2025 10:32:15,000	13,78	-0,43	-59,3	-1,7	-29,0	0	-176,6
1217	31.08.2025 10:32:16,000	13,78	-0,43	-59,7	-1,9	-28,5	0	-176,1
1218	31.08.2025 10:32:17,000	13,78	-0,46	-59,2	-2,0	-28,8	0	-175,9
1219	31.08.2025 10:32:18,000	13,78	-0,43	-60,9	-1,1	-28,0	0	-177,6
1220	31.08.2025 10:32:19,000	13,78	-0,43	-58,9	-4,2	-27,0	0	-170,8
1221	31.08.2025 10:32:20,000	13,78	-0,43	-58,0	-2,4	-29,6	0	-175,2
1222	31.08.2025 10:32:21,000	13,75	-0,46	-54,0	0,6	-35,4	0	178,9
1223	31.08.2025 10:32:22,000	13,75	-0,48	-57,5	-3,4	-29,2	0	-173,1
1224	31.08.2025 10:32:23,000	13,75	-0,46	-43,9	-25,9	-20,1	0	-128,4
1225	31.08.2025 10:32:24,000	13,75	-0,46	-50,7	-4,2	-35,2	0	-172,7
1226	31.08.2025 10:32:25,000	13,78	-0,52	-49,8	-6,7	-33,5	0	-168,0
1227	31.08.2025 10:32:26,000	13,93	-0,48	-59,3	-1,0	-29,8	0	-178,1
1228	31.08.2025 10:32:27,000	13,97	-0,48	-55,7	-1,5	-32,8	0	-177,2
1229	31.08.2025 10:32:28,000	14,00	-0,48	-59,7	-0,4	-29,9	0	-179,2
1230	31.08.2025 10:32:29,000	14,00	-0,46	-54,8	-1,1	-34,2	1	-178,1
1231	31.08.2025 10:32:30,000	14,00	-0,50	-56,7	-1,9	-31,4	0	-176,4
1232	31.08.2025 10:32:31,000	14,00	-0,48	-59,3	-1,2	-29,5	0	-177,6
1233	31.08.2025 10:32:32,000	14,00	-0,50	-53,2	-2,0	-34,8	1	-176,5
1234	31.08.2025 10:32:33,000	14,00	-0,48	-51,5	0,2	-38,4	0	179,8
1235	31.08.2025 10:32:34,000	14,00	-0,48	-57,0	-1,5	-31,5	0	-177,1
1236	31.08.2025 10:32:35,000	14,00	-0,48	-60,4	-0,4	-29,2	0	-179,2
1237	31.08.2025 10:32:36,000	14,00	-0,48	-59,0	1,1	-29,9	0	177,9
1238	31.08.2025 10:32:37,000	13,97	-0,46	-57,7	-0,6	-31,8	0	-178,9
1239	31.08.2025 10:32:38,000	13,97	-0,48	-59,0	-0,9	-30,1	0	-178,1
1240	31.08.2025 10:32:39,000	13,97	-0,48	-61,6	-0,2	-28,2	0	-179,6
1241	31.08.2025 10:32:40,000	13,97	-0,48	-51,7	-1,9	-36,4	0	-176,7
1242	31.08.2025 10:32:41,000	13,97	-0,48	-57,2	-2,8	-30,0	0	-174,4
1243	31.08.2025 10:32:42,000	13,97	-0,46	-57,6	-2,9	-29,5	1	-174,1
1244	31.08.2025 10:32:43,000	13,97	-0,48	-46,1	1,0	-42,9	0	178,6
1245	31.08.2025 10:32:44,000	13,97	-0,46	-58,5	-1,5	-30,0	1	-177,0
1246	31.08.2025 10:32:45,000	13,97	-0,46	-59,2	-1,2	-29,6	1	-177,5
1247	31.08.2025 10:32:46,000	13,97	-0,46	-70,7	0,2	-19,1	1	-177,5
1248	31.08.2025 10:32:47,000	13,97	-0,46	-55,0	-5,0	-29,9	1	-170,0
1249	31.08.2025 10:32:48,000	13,97	-0,46	-66,1	-1,9	-22,0	0	-170,0
1250	31.08.2025 10:32:49,000	13,97	-0,46	-59,1	-3,6	-27,3	0	-172,2
1251	31.08.2025 10:32:50,000	13,97	-0,46	-56,5	-5,6	-28,0	1	-168,2
1252	31.08.2025 10:32:51,000	13,97	-0,46	-57,2	-1,3	-31,5	0	-177,5
1253	31.08.2025 10:32:52,000	13,97	-0,46	-56,8	-2,7	-30,5	0	-174,7
1254	31.08.2025 10:32:53,000	13,97	-0,46	-57,9	-1,6	-30,5	1	-176,8
1255	31.08.2025 10:32:54,000	13,97	-0,48	-59,2	-1,4	-29,4	0	-177,1
1256	31.08.2025 10:32:55,000	13,97	-0,46	-57,3	-1,4	-31,3	0	-177,3
1257	31.08.2025 10:32:56,000	13,97	-0,46	-59,4	-1,2	-29,4	0	-177,6
1258	31.08.2025 10:32:57,000	13,97	-0,46	-58,5	-3,5	-28,0	0	-172,6
1259	31.08.2025 10:32:58,000	13,97	-0,46	-58,5	-3,1	-28,4	1	-173,5
1260	31.08.2025 10:32:59,000	13,97	-0,46	-59,7	-2,3	-28,0	0	-175,1
1261	31.08.2025 10:33:00,000	13,97	-0,43	-58,6	-1,4	-30,0	1	-177,2
1262	31.08.2025 10:33:01,000	13,97	-0,46	-58,6	-2,0	-29,4	0	-175,9
1263	31.08.2025 10:33:02,000	13,97	-0,46	-60,3	-2,0	-27,8	1	-175,8
1264	31.08.2025 10:33:03,000	13,97	-0,46	-59,7	-1,1	-29,2	0	-177,7
1265	31.08.2025 10:33:04,000	13,97	-0,46	-58,8	-1,8	-29,3	0	-176,3
1266	31.08.2025 10:33:05,000	13,97	-0,46	-57,8	-2,4	-29,8	0	-175,1
1267	31.08.2025 10:33:06,000	13,97	-0,46	-59,1	-2,0	-28,9	0	-175,8
1268	31.08.2025 10:33:07,000	13,97	-0,46	-58,9	-1,8	-29,2	0	-176,2
1269	31.08.2025 10:33:08,000	13,97	-0,46	-59,1	-1,7	-29,2	0	-176,4
1270	31.08.2025 10:33:09,000	13,97	-0,46	-60,5	-1,6	-27,9	0	-176,6
1271	31.08.2025 10:33:10,000	13,97	-0,46	-58,8	-1,3	-29,9	0	-177,5
1272	31.08.2025 10:33:11,000	13,97	-0,46	-61,5	-0,1	-28,4	0	-179,8
1273	31.08.2025 10:33:12,000	14,00	-0,46	-59,5	-1,5	-29,1	0	-177,0
1274	31.08.2025 10:33:13,000	14,00	-0,43	-57,5	1,0	-31,5	1	178,1
1275	31.08.2025 10:33:14,000	14,00	-0,43	-60,7	-0,7	-28,5	1	-178,4
1276	31.08.2025 10:33:15,000	14,00	-0,46	-60,7	-0,2	-29,1	0	-179,6
1277	31.08.2025 10:33:16,000	14,00	-0,46	-59,9	-0,4	-29,7	0	-179,3
1278	31.08.2025 10:33:17,000	14,00	-0,46	-58,9	-2,3	-28,8	0	-175,3
1279	31.08.2025 10:33:18,000	14,03	-0,46	-55,1	-6,1	-28,8	1	-167,5
1280	31.08.2025 10:33:19,000	14,03	-0,46	-62,7	1,4	-26,0	0	176,9
1281	31.08.2025 10:33:20,000	14,03	-0,46	-48,4	8,2	-33,4	0	165,3
1282	31.08.2025 10:33:21,000	14,03	-0,46	-59,1	1,8	-29,1	1	176,3
1283	31.08.2025 10:33:22,000	14,03	-0,46	-57,7	1,5	-30,7	0	177,0
1284	31.08.2025 10:33:23,000	14,03	-0,46	-59,8	2,0	-28,3	0	175,9
1285	31.08.2025 10:33:24,000	14,03	-0,46	-58,2	1,4	-30,4	0	177,1
1286	31.08.2025 10:33:25,000	14,03	-0,46	-56,3	-0,4	-33,2	0	-179,2
1287	31.08.2025 10:33:26,000	14,06	-0,46	-60,5	-0,1	-29,4	0	-179,8
1288	31.08.2025 10:33:27,000	14,06	-0,46	-59,1	1,7	-29,2	1	176,6
1289	31.08.2025 10:33:28,000	14,06	-0,46	-58,2	1,6	-30,2	0	176,7
1290	31.08.2025 10:33:29,000	14,06	-0,46	-55,0	5,9	-29,2	0	168,1
1291	31.08.2025 10:33:30,000	14,06	-0,46	-56,0	4,2	-29,8	0	171,6
1292	31.08.2025 10:33:31,000	14,09	-0,46	-55,4	3,7	-30,9	0	172,8
1293	31.08.2025 10:33:32,000	14,09	-0,46	-79,6	-7,0	-3,3	1	172,8
1294	31.08.2025 10:33:33,000	14,09	-0,46	-36,1	49,3	-4,6	1	96,1
1295	31.08.2025 10:33:34,000	14,09	-0,48	1,2	-4,5	-84,3	0	-175,5
1296	31.08.2025 10:33:35,000	14,12	-0,46	1,3	-3,8	-84,9	0	-176,1
1297	31.08.2025 10:33:36,000	14,12	-0,43	0,5	-3,4	-86,0	0	-176,5
1298	31.08.2025 10:33:37,000	14,12	-0,43	-0,5	-3,8	-85,7	0	-176,2
1299	31.08.2025 10:33:38,000	14,12	-0,43	1,0	-5,0	-84,1	0	-175,0
1300	31.08.2025 10:33:39,000	14,12	-0,43	1,0	-5,3	-83,7	0	-174,7
1301	31.08.2025 10:33:40,000	14,12	-0,43	-0,6	-5,1	-84,3	0	-174,8
1302	31.08.2025 10:33:41,000	14,12	-0,43	-1,3	-4,5	-84,2	0	-175,5
1303	31.08.2025 10:33:42,000	14,12	-0,46	1,2	-4,0	-84,8	0	-175,9
1304	31.08.2025 10:33:43,000	14,12	-0,43	-1,1	-3,3	-85,6	0	-176,7
1305	31.08.2025 10:33:44,000	14,12	-0,43	-1,4	-3,0	-85,6	0	-177,0
1306	31.08.2025 10:33:45,000	14,12	-0,43	-0,8	-3,8	-85,5	0	-176,2
1307	31.08.2025 10:33:46,000	14,12	-0,43	0,4	-4,6	-85,0	0	-175,4
1308	31.08.2025 10:33:47,000	14,12	-0,43	-0,3	-4,0	-85,6	0	-175,9
1309	31.08.2025 10:33:48,000	14,15	-0,43	-0,7	-2,0	-87,2	0	-178,0
1310	31.08.2025 10:33:49,000	14,15	-0,43	0,7	-2,1	-87,2	0	-177,9
1311	31.08.2025 10:33:50,000	14,15	-0,46	0,6	-2,3	-87,1	0	-177,7
1312	31.08.2025 10:33:51,000	14,15	-0,46	-0,5	-2,7	-86,8	0	-177,3
1313	31.08.2025 10:33:52,000	14,15	-0,43	-0,3	-4,2	-85,5	0	-175,8
1314	31.08.2025 10:33:53,000	14,15	-0,46	0,3	-5,4	-84,3	0	-174,6
1315	31.08.2025 10:33:54,000	14,15	-0,43	-0,5	-6,6	-82,9	0	-173,3
1316	31.08.2025 10:33:55,000	14,15	-0,43	-0,5	-7,7	-81,8	0	-172,3
1317	31.08.2025 10:33:56,000	14,15	-0,46	-1,0	-8,1	-80,9	0	-171,8
1318	31.08.2025 10:33:57,000	14,18	-0,46	-0,8	-8,0	-81,2	0	-171,9
1319	31.08.2025 10:33:58,000	14,18	-0,46	0,3	-8,3	-81,3	0	-171,6
1320	31.08.2025 10:33:59,000	14,18	-0,41	-0,5	-8,1	-81,4	0	-171,9
1321	31.08.2025 10:34:00,000	14,18	-0,46	-0,8	-8,8	-80,3	0	-171,1
1322	31.08.2025 10:34:01,000	14,18	-0,46	-0,4	-8,8	-80,8	0	-171,2
1323	31.08.2025 10:34:02,000	14,18	-0,43	-0,8	-9,1	-80,2	0	-170,9
1324	31.08.2025 10:34:03,000	14,18	-0,46	-0,3	-10,0	-79,8	0	-170,0
1325	31.08.2025 10:34:04,000	14,18	-0,41	-0,4	-9,6	-80,0	0	-170,4
1326	31.08.2025 10:34:05,000	14,21	-0,43	-1,7	-9,9	-78,4	0	-169,9
1327	31.08.2025 10:34:06,000	14,21	-0,46	-0,7	-9,2	-80,1	0	-170,7
1328	31.08.2025 10:34:07,000	14,21	-0,43	0,3	-9,6	-80,1	0	-170,4
1329	31.08.2025 10:34:08,000	14,21	-0,43	-0,2	-10,1	-79,6	0	-169,8
1330	31.08.2025 10:34:09,000	14,21	-0,43	-1,8	-10,0	-78,2	0	-169,8
1331	31.08.2025 10:34:10,000	14,21	-0,46	-0,4	-11,2	-78,3	0	-168,7
1332	31.08.2025 10:34:11,000	14,21	-0,46	-0,6	-10,1	-79,3	0	-169,8
1333	31.08.2025 10:34:12,000	14,24	-0,43	0,2	-10,0	-79,8	0	-170,0
1334	31.08.2025 10:34:13,000	14,24	-0,46	0,3	-7,9	-81,9	0	-172,1
1335	31.08.2025 10:34:14,000	14,24	-0,46	-0,4	-6,3	-83,3	0	-173,7
1336	31.08.2025 10:34:15,000	14,24	-0,46	0,8	-7,0	-82,2	0	-173,0
1337	31.08.2025 10:34:16,000	14,24	-0,43	1,5	-6,1	-82,4	0	-173,8
1338	31.08.2025 10:34:17,000	14,24	-0,46	0,0	-5,4	-84,5	0	-174,5
1339	31.08.2025 10:34:18,000	14,24	-0,46	0,4	-6,0	-83,6	0	-174,0
1340	31.08.2025 10:34:19,000	14,28	-0,46	1,4	-5,9	-82,7	0	-174,0
1341	31.08.2025 10:34:20,000	14,28	-0,46	0,5	-6,8	-82,7	0	-173,1
1342	31.08.2025 10:34:21,000	14,28	-0,46	0,2	-5,7	-84,1	0	-174,3
1343	31.08.2025 10:34:22,000	14,28	-0,46	0,9	-6,5	-82,7	0	-173,5
1344	31.08.2025 10:34:23,000	14,28	-0,43	1,1	-5,6	-83,3	0	-174,4
1345	31.08.2025 10:34:24,000	14,28	-0,43	-0,2	-5,8	-84,0	0	-174,2
1346	31.08.2025 10:34:25,000	14,28	-0,46	0,6	-5,9	-83,5	0	-174,1
1347	31.08.2025 10:34:26,000	14,28	-0,43	2,1	-5,6	-82,2	0	-174,3
1348	31.08.2025 10:34:27,000	14,31	-0,46	-0,4	-4,8	-84,8	0	-175,2
1349	31.08.2025 10:34:28,000	14,31	-0,46	0,2	-5,3	-84,5	0	-174,7
1350	31.08.2025 10:34:29,000	14,31	-0,46	2,7	-4,8	-82,5	0	-175,0
1351	31.08.2025 10:34:30,000	14,31	-0,43	0,7	-4,7	-84,6	0	-175,3
1352	31.08.2025 10:34:31,000	14,31	-0,46	-0,2	-5,5	-84,3	0	-174,4
1353	31.08.2025 10:34:32,000	14,31	-0,46	2,1	-5,5	-82,4	0	-174,4
1354	31.08.2025 10:34:33,000	14,34	-0,46	1,7	-4,9	-83,4	0	-175,0
1355	31.08.2025 10:34:34,000	14,34	-0,46	-0,7	-5,8	-83,5	0	-174,2
1356	31.08.2025 10:34:35,000	14,34	-0,46	1,6	-5,1	-83,3	0	-174,8
1357	31.08.2025 10:34:36,000	14,34	-0,46	1,5	-5,4	-83,1	0	-174,5
1358	31.08.2025 10:34:37,000	14,34	-0,46	0,9	-5,4	-83,8	0	-174,6
1359	31.08.2025 10:34:38,000	14,34	-0,46	1,1	-5,9	-83,1	0	-174,1
1360	31.08.2025 10:34:39,000	14,34	-0,46	0,3	-5,9	-83,9	0	-174,1
1361	31.08.2025 10:34:40,000	14,34	-0,46	2,1	-6,2	-81,7	0	-173,7
1362	31.08.2025 10:34:41,000	14,37	-0,46	1,6	-5,3	-83,0	0	-174,6
1363	31.08.2025 10:34:42,000	14,37	-0,46	0,8	-5,4	-83,8	0	-174,6
1364	31.08.2025 10:34:43,000	14,37	-0,46	0,9	-4,2	-84,9	0	-175,7
1365	31.08.2025 10:34:44,000	14,37	-0,46	0,9	-5,1	-84,0	0	-174,8
1366	31.08.2025 10:34:45,000	14,37	-0,46	2,0	-4,7	-83,3	0	-175,2
1367	31.08.2025 10:34:46,000	14,37	-0,43	1,3	-6,1	-82,6	0	-173,9
1368	31.08.2025 10:34:47,000	14,37	-0,46	1,2	-4,3	-84,5	0	-175,6
1369	31.08.2025 10:34:48,000	14,37	-0,46	1,2	-4,4	-84,4	0	-175,5
1370	31.08.2025 10:34:49,000	14,40	-0,46	1,3	-6,2	-82,5	0	-173,7
1371	31.08.2025 10:34:50,000	14,40	-0,43	1,5	-5,3	-83,2	0	-174,6
1372	31.08.2025 10:34:51,000	14,40	-0,46	1,0	-5,4	-83,6	0	-174,6
1373	31.08.2025 10:34:52,000	14,40	-0,46	0,5	-5,9	-83,6	0	-174,1
1374	31.08.2025 10:34:53,000	14,40	-0,46	1,3	-5,6	-83,1	0	-174,3
1375	31.08.2025 10:34:54,000	14,40	-0,46	2,0	-4,9	-83,1	0	-175,0
1376	31.08.2025 10:34:55,000	14,40	-0,46	1,0	-4,8	-84,2	0	-175,2
1377	31.08.2025 10:34:56,000	14,43	-0,46	0,9	-4,3	-84,8	0	-175,7
1378	31.08.2025 10:34:57,000	14,43	-0,46	1,9	-3,8	-84,2	0	-176,1
1379	31.08.2025 10:34:58,000	14,43	-0,46	1,2	-5,0	-83,8	0	-175,0
1380	31.08.2025 10:34:59,000	14,43	-0,46	1,0	-5,3	-83,7	0	-174,7
1381	31.08.2025 10:35:00,000	14,43	-0,46	1,7	-4,7	-83,5	0	-175,2
1382	31.08.2025 10:35:01,000	14,43	-0,46	1,4	-5,5	-83,1	0	-174,4
1383	31.08.2025 10:35:02,000	14,46	-0,46	1,0	-6,0	-83,0	0	-174,0
1384	31.08.2025 10:35:03,000	14,46	-0,46	1,6	-5,1	-83,3	0	-174,8
1385	31.08.2025 10:35:04,000	14,46	-0,43	0,8	-5,4	-83,9	0	-174,6
1386	31.08.2025 10:35:05,000	14,46	-0,43	1,2	-4,7	-84,1	0	-175,3
1387	31.08.2025 10:35:06,000	14,46	-0,43	1,2	-4,7	-84,1	0	-175,2
1388	31.08.2025 10:35:07,000	14,46	-0,43	1,4	-5,6	-82,9	0	-174,3
1389	31.08.2025 10:35:08,000	14,46	-0,46	1,5	-4,7	-83,8	0	-175,2
1390	31.08.2025 10:35:09,000	14,49	-0,43	1,1	-5,8	-83,0	0	-174,1
1391	31.08.2025 10:35:10,000	14,49	-0,43	2,0	-4,6	-83,5	0	-175,3
1392	31.08.2025 10:35:11,000	14,49	-0,43	0,9	-4,4	-84,7	0	-175,6
1393	31.08.2025 10:35:12,000	14,49	-0,43	0,6	-5,3	-84,2	0	-174,7
1394	31.08.2025 10:35:13,000	14,49	-0,43	2,2	-5,9	-82,0	0	-174,0
1395	31.08.2025 10:35:14,000	14,52	-0,43	1,1	-4,3	-84,6	0	-175,6
1396	31.08.2025 10:35:15,000	14,52	-0,43	2,1	-6,4	-81,5	0	-173,5
1397	31.08.2025 10:35:16,000	14,52	-0,46	1,7	-4,3	-84,0	0	-175,6
1398	31.08.2025 10:35:17,000	14,52	-0,43	-0,1	-4,5	-85,5	0	-175,5
1399	31.08.2025 10:35:18,000	14,52	-0,43	2,2	-5,2	-82,6	0	-174,6
1400	31.08.2025 10:35:19,000	14,52	-0,46	1,7	-5,3	-83,1	0	-174,7
1401	31.08.2025 10:35:20,000	14,52	-0,43	0,9	-4,6	-84,5	0	-175,3
1402	31.08.2025 10:35:21,000	14,55	-0,43	0,6	-6,2	-83,2	0	-173,8
1403	31.08.2025 10:35:22,000	14,55	-0,43	1,9	-6,0	-82,2	0	-173,9
1404	31.08.2025 10:35:23,000	14,55	-0,43	1,8	-5,0	-83,2	0	-174,9
1405	31.08.2025 10:35:24,000	14,55	-0,43	0,8	-6,0	-83,2	0	-173,9
1406	31.08.2025 10:35:25,000	14,55	-0,43	0,5	-5,3	-84,1	0	-174,7
1407	31.08.2025 10:35:26,000	14,55	-0,43	1,2	-5,5	-83,3	0	-174,5
1408	31.08.2025 10:35:27,000	14,58	-0,43	2,3	-6,3	-81,4	0	-173,6
1409	31.08.2025 10:35:28,000	14,58	-0,43	0,0	-6,2	-83,8	0	-173,8
1410	31.08.2025 10:35:29,000	14,58	-0,43	7,9	-4,1	-78,0	1	-175,7
1411	31.08.2025 10:35:30,000	14,58	-0,43	3,0	-6,9	-80,1	0	-172,9
1412	31.08.2025 10:35:31,000	14,58	-0,46	1,0	-7,4	-81,6	0	-172,6
1413	31.08.2025 10:35:32,000	14,58	-0,43	-0,3	-6,3	-83,4	0	-173,7
1414	31.08.2025 10:35:33,000	14,58	-0,46	1,3	-6,0	-82,7	0	-173,9
1415	31.08.2025 10:35:34,000	14,62	-0,46	1,8	-6,4	-81,8	0	-173,5
1416	31.08.2025 10:35:35,000	14,62	-0,43	0,7	-6,7	-82,6	0	-173,2
1417	31.08.2025 10:35:36,000	14,62	-0,46	1,4	-6,5	-82,1	0	-173,5
1418	31.08.2025 10:35:37,000	14,62	-0,46	1,5	-5,8	-82,7	0	-174,1
1419	31.08.2025 10:35:38,000	14,62	-0,43	0,1	-6,3	-83,6	0	-173,7
1420	31.08.2025 10:35:39,000	14,65	-0,43	0,0	-6,4	-83,6	0	-173,6
1421	31.08.2025 10:35:40,000	14,65	-0,43	2,6	-5,5	-81,9	0	-174,3
1422	31.08.2025 10:35:41,000	14,65	-0,46	0,8	-6,9	-82,4	0	-173,1
1423	31.08.2025 10:35:42,000	14,65	-0,43	0,8	-6,7	-82,5	0	-173,3
1424	31.08.2025 10:35:43,000	14,65	-0,43	0,6	-6,8	-82,6	0	-173,1
1425	31.08.2025 10:35:44,000	14,65	-0,46	1,8	-6,3	-81,9	0	-173,6
1426	31.08.2025 10:35:45,000	14,65	-0,46	0,3	-6,9	-82,9	0	-173,1
1427	31.08.2025 10:35:46,000	14,65	-0,46	1,4	-5,8	-82,8	0	-174,1
1428	31.08.2025 10:35:47,000	14,68	-0,43	0,3	-6,6	-83,1	0	-173,3
1429	31.08.2025 10:35:48,000	14,68	-0,43	2,1	-9,1	-78,8	0	-170,7
1430	31.08.2025 10:35:49,000	14,68	-0,46	2,8	-8,4	-78,8	0	-171,3
1431	31.08.2025 10:35:50,000	14,68	-0,43	1,5	-9,8	-78,7	0	-170,1
1432	31.08.2025 10:35:51,000	14,68	-0,46	1,8	-8,2	-80,0	0	-171,6
1433	31.08.2025 10:35:52,000	14,68	-0,46	2,1	-9,2	-78,7	0	-170,6
1434	31.08.2025 10:35:53,000	14,71	-0,43	2,1	-9,1	-78,7	0	-170,7
1435	31.08.2025 10:35:54,000	14,71	-0,46	2,6	-9,0	-78,3	0	-170,7
1436	31.08.2025 10:35:55,000	14,71	-0,46	0,8	-10,7	-78,5	0	-169,2
1437	31.08.2025 10:35:56,000	14,71	-0,43	2,1	-9,0	-78,9	0	-170,8
1438	31.08.2025 10:35:57,000	14,71	-0,46	2,1	-10,5	-77,3	0	-169,2
1439	31.08.2025 10:35:58,000	14,71	-0,46	0,7	-10,3	-79,0	0	-169,6
1440	31.08.2025 10:35:59,000	14,71	-0,46	2,3	-9,5	-78,2	0	-170,2
1441	31.08.2025 10:36:00,000	14,71	-0,46	2,3	-9,0	-78,7	0	-170,8
1442	31.08.2025 10:36:01,000	14,74	-0,46	1,2	-8,8	-80,1	0	-171,1
1443	31.08.2025 10:36:02,000	14,74	-0,43	2,7	-8,9	-78,3	0	-170,8
1444	31.08.2025 10:36:03,000	14,74	-0,46	1,6	-8,4	-80,0	0	-171,5
1445	31.08.2025 10:36:04,000	14,74	-0,43	1,0	-8,9	-80,0	0	-171,0
1446	31.08.2025 10:36:05,000	14,74	-0,46	2,9	-8,9	-78,2	0	-170,8
1447	31.08.2025 10:36:06,000	14,74	-0,46	2,4	-8,3	-79,4	0	-171,5
1448	31.08.2025 10:36:07,000	14,77	-0,46	1,2	-8,4	-80,4	0	-171,5
1449	31.08.2025 10:36:08,000	14,77	-0,46	2,5	-8,2	-79,3	0	-171,6
1450	31.08.2025 10:36:09,000	14,77	-0,43	2,4	-7,3	-80,3	0	-172,5
1451	31.08.2025 10:36:10,000	14,77	-0,46	1,8	-8,9	-79,3	0	-170,9
1452	31.08.2025 10:36:11,000	14,77	-0,46	2,1	-8,8	-79,1	0	-171,0
1453	31.08.2025 10:36:12,000	14,77	-0,43	2,1	-10,0	-77,9	0	-169,7
1454	31.08.2025 10:36:13,000	14,77	-0,43	1,9	-10,0	-78,1	0	-169,8
1455	31.08.2025 10:36:14,000	14,77	-0,43	1,8	-9,7	-78,5	0	-170,2
1456	31.08.2025 10:36:15,000	14,80	-0,43	2,0	-9,6	-78,5	0	-170,2
1457	31.08.2025 10:36:16,000	14,80	-0,43	1,6	-10,4	-78,1	0	-169,5
1458	31.08.2025 10:36:17,000	14,80	-0,41	1,7	-9,9	-78,4	0	-169,9
1459	31.08.2025 10:36:18,000	14,80	-0,43	1,5	-8,7	-79,8	0	-171,2
1460	31.08.2025 10:36:19,000	14,80	-0,41	1,9	-8,9	-79,2	0	-170,9
1461	31.08.2025 10:36:20,000	14,80	-0,43	2,8	-8,9	-78,3	0	-170,9
1462	31.08.2025 10:36:21,000	14,80	-0,43	1,0	-8,7	-80,3	0	-171,3
1463	31.08.2025 10:36:22,000	14,83	-0,43	2,5	-8,8	-78,7	0	-171,0
1464	31.08.2025 10:36:23,000	14,83	-0,43	2,4	-8,8	-78,7	0	-171,0
1465	31.08.2025 10:36:24,000	14,83	-0,43	1,1	-9,0	-79,9	0	-170,9
1466	31.08.2025 10:36:25,000	14,83	-0,43	1,9	-9,2	-78,9	0	-170,7
1467	31.08.2025 10:36:26,000	14,83	-0,43	2,3	-9,3	-78,4	0	-170,5
1468	31.08.2025 10:36:27,000	14,83	-0,43	2,2	-8,8	-78,9	0	-171,0
1469	31.08.2025 10:36:28,000	14,83	-0,41	1,5	-8,6	-79,9	0	-171,3
1470	31.08.2025 10:36:29,000	14,83	-0,43	2,2	-9,7	-78,1	0	-170,1
1471	31.08.2025 10:36:30,000	14,83	-0,43	2,1	-9,6	-78,3	0	-170,2
1472	31.08.2025 10:36:31,000	14,83	-0,43	0,2	-9,1	-80,7	0	-170,9
1473	31.08.2025 10:36:32,000	14,86	-0,43	2,7	-9,9	-77,5	0	-169,9
1474	31.08.2025 10:36:33,000	14,86	-0,43	2,4	-10,0	-77,6	0	-169,7
1475	31.08.2025 10:36:34,000	14,86	-0,41	1,0	-10,0	-78,9	0	-169,8
1476	31.08.2025 10:36:35,000	14,86	-0,43	1,5	-8,8	-79,8	0	-171,1
1477	31.08.2025 10:36:36,000	14,86	-0,41	2,2	-9,5	-78,3	0	-170,3
1478	31.08.2025 10:36:37,000	14,86	-0,43	2,4	-9,7	-78,0	0	-170,1
1479	31.08.2025 10:36:38,000	14,86	-0,43	1,4	-9,1	-79,5	0	-170,8
1480	31.08.2025 10:36:39,000	14,86	-0,41	2,0	-8,8	-79,2	0	-171,0
1481	31.08.2025 10:36:40,000	14,89	-0,43	1,5	-10,2	-78,2	0	-169,6
1482	31.08.2025 10:36:41,000	14,89	-0,43	2,4	-9,5	-78,1	0	-170,3
1483	31.08.2025 10:36:42,000	14,89	-0,43	2,2	-8,8	-79,0	0	-171,0
1484	31.08.2025 10:36:43,000	14,89	-0,46	1,0	-11,0	-77,9	0	-168,9
1485	31.08.2025 10:36:44,000	14,89	-0,43	1,0	-8,4	-80,6	0	-171,5
1486	31.08.2025 10:36:45,000	14,89	-0,43	2,8	-9,5	-77,8	0	-170,3
1487	31.08.2025 10:36:46,000	14,89	-0,41	1,8	-10,0	-78,3	0	-169,9
1488	31.08.2025 10:36:47,000	14,92	-0,43	1,8	-9,6	-78,6	0	-170,2
1489	31.08.2025 10:36:48,000	14,92	-0,43	1,6	-9,0	-79,4	0	-170,9
1490	31.08.2025 10:36:49,000	14,92	-0,43	1,8	-9,7	-78,6	0	-170,2
1491	31.08.2025 10:36:50,000	14,92	-0,43	2,0	-9,2	-78,8	0	-170,6
1492	31.08.2025 10:36:51,000	14,92	-0,43	2,3	-10,0	-77,7	0	-169,7
1493	31.08.2025 10:36:52,000	14,92	-0,43	2,1	-9,2	-78,8	0	-170,6
1494	31.08.2025 10:36:53,000	14,92	-0,43	1,3	-9,2	-79,5	0	-170,7
1495	31.08.2025 10:36:54,000	14,92	-0,43	2,0	-8,3	-79,7	0	-171,6
1496	31.08.2025 10:36:55,000	14,92	-0,43	1,9	-8,4	-79,7	0	-171,5
1497	31.08.2025 10:36:56,000	14,95	-0,43	2,7	-9,3	-78,0	0	-170,5
1498	31.08.2025 10:36:57,000	14,95	-0,46	2,0	-9,1	-78,9	0	-170,7
1499	31.08.2025 10:36:58,000	14,95	-0,43	1,9	-8,6	-79,6	0	-171,3
1500	31.08.2025 10:36:59,000	14,95	-0,43	2,2	-8,5	-79,3	0	-171,3
1501	31.08.2025 10:37:00,000	14,95	-0,43	1,8	-8,7	-79,5	0	-171,1
1502	31.08.2025 10:37:01,000	14,95	-0,43	1,8	-8,6	-79,6	0	-171,2
1503	31.08.2025 10:37:02,000	14,95	-0,43	2,5	-9,0	-78,5	0	-170,7
1504	31.08.2025 10:37:03,000	14,98	-0,43	1,7	-9,2	-79,1	0	-170,7
1505	31.08.2025 10:37:04,000	14,98	-0,43	2,0	-9,3	-78,7	0	-170,5
1506	31.08.2025 10:37:05,000	14,98	-0,43	1,5	-9,4	-79,1	0	-170,5
1507	31.08.2025 10:37:06,000	14,98	-0,43	1,7	-9,7	-78,5	0	-170,1
1508	31.08.2025 10:37:07,000	14,98	-0,43	2,9	-9,5	-77,6	0	-170,2
1509	31.08.2025 10:37:08,000	14,98	-0,43	1,7	-7,6	-80,7	0	-172,3
1510	31.08.2025 10:37:09,000	14,98	-0,43	1,4	-9,5	-79,1	0	-170,4
1511	31.08.2025 10:37:10,000	14,98	-0,46	2,6	-8,0	-79,4	0	-171,8
1512	31.08.2025 10:37:11,000	15,01	-0,43	1,8	-8,8	-79,5	0	-171,1
1513	31.08.2025 10:37:12,000	15,01	-0,43	2,0	-9,2	-78,8	0	-170,6
1514	31.08.2025 10:37:13,000	15,01	-0,43	2,1	-8,9	-79,0	0	-170,9
1515	31.08.2025 10:37:14,000	15,01	-0,46	1,9	-8,3	-79,8	0	-171,5
1516	31.08.2025 10:37:15,000	15,01	-0,43	2,0	-9,2	-78,8	0	-170,6
1517	31.08.2025 10:37:16,000	15,01	-0,43	2,1	-8,3	-79,5	0	-171,5
1518	31.08.2025 10:37:17,000	15,01	-0,43	1,9	-8,2	-79,9	0	-171,6
1519	31.08.2025 10:37:18,000	15,01	-0,43	2,5	-8,7	-78,8	0	-171,0
1520	31.08.2025 10:37:19,000	15,01	-0,43	2,4	-8,7	-78,9	0	-171,0
1521	31.08.2025 10:37:20,000	15,05	-0,43	1,2	-9,2	-79,5	0	-170,7
1522	31.08.2025 10:37:21,000	15,05	-0,43	2,1	-8,3	-79,6	0	-171,5
1523	31.08.2025 10:37:22,000	15,05	-0,43	0,9	52,7	-36,5	0	126,8
1524	31.08.2025 10:37:23,000	15,05	-0,46	15,4	-41,1	33,5	1	-49,8
1525	31.08.2025 10:37:24,000	15,08	-0,48	-80,6	-7,0	-2,5	0	-49,8
1526	31.08.2025 10:37:25,000	15,14	-0,46	-76,1	-3,3	10,6	0	-49,8
1527	31.08.2025 10:37:26,000	15,35	-0,46	-66,0	-1,7	22,3	0	-49,8
1528	31.08.2025 10:37:27,000	15,50	-0,48	-7,0	27,2	55,8	0	29,4
1529	31.08.2025 10:37:28,000	15,66	-0,50	-0,2	37,9	51,9	0	38,0
1530	31.08.2025 10:37:29,000	15,75	-0,54	9,1	65,1	15,8	0	72,7
1531	31.08.2025 10:37:30,000	15,87	-0,26	-60,1	-5,4	24,5	0	-12,7
1532	31.08.2025 10:37:31,000	15,96	-0,26	-21,3	62,1	6,5	1	82,4
1533	31.08.2025 10:37:32,000	15,96	-0,23	-48,5	24,7	16,7	0	55,3
1534	31.08.2025 10:37:33,000	15,93	-0,21	3,1	14,3	72,6	0	14,8
1535	31.08.2025 10:37:34,000	15,90	-0,28	55,9	-1,7	32,4	1	-3,2
1536	31.08.2025 10:37:35,000	15,87	-0,23	56,5	-4,1	29,4	0	-8,3
1537	31.08.2025 10:37:36,000	15,84	-0,21	58,0	-14,8	17,2	0	-40,8
1538	31.08.2025 10:37:37,000	15,81	-0,23	64,5	-18,0	7,5	0	-40,8
1539	31.08.2025 10:37:38,000	15,78	-0,21	59,6	-18,0	12,3	0	-40,8
1540	31.08.2025 10:37:39,000	15,75	-0,23	56,7	-10,9	22,4	0	-26,5
1541	31.08.2025 10:37:40,000	15,75	-0,23	54,3	-8,7	27,0	1	-18,6
1542	31.08.2025 10:37:41,000	15,84	-0,19	24,3	-9,9	55,8	1	-12,1
1543	31.08.2025 10:37:42,000	16,02	-0,23	-20,8	-47,5	21,7	0	-62,6
1544	31.08.2025 10:37:43,000	16,30	-0,23	-25,8	-50,4	13,8	0	-72,3
1545	31.08.2025 10:37:44,000	16,48	-0,21	-26,7	-42,6	20,7	0	-61,8
1546	31.08.2025 10:37:45,000	16,66	-0,21	6,8	15,1	68,1	0	16,2
1547	31.08.2025 10:37:46,000	16,84	-0,26	12,7	32,3	45,0	1	37,5
1548	31.08.2025 10:37:47,000	16,93	-0,26	1,3	67,0	21,8	0	67,9
1549	31.08.2025 10:37:48,000	16,99	-0,28	3,1	59,9	27,0	0	62,0
1550	31.08.2025 10:37:49,000	17,02	-0,28	1,7	59,6	28,7	0	60,7
1551	31.08.2025 10:37:50,000	17,05	-0,26	4,7	39,2	46,1	0	41,4
1552	31.08.2025 10:37:51,000	17,08	-0,28	4,2	-78,5	7,3	0	-82,4
1553	31.08.2025 10:37:52,000	17,11	-0,19	-65,6	-3,1	-21,3	1	-82,4
1554	31.08.2025 10:37:53,000	17,29	-0,26	-31,1	46,9	-12,1	0	106,4
