#B	Created:	01.08.2025 14:51:37
##	Version	SeaStar	9.59
#5	Field separation:	0
#2	Date & Time:	1
#6	Decimal point:	,
#7	Date def.:	dd.mm.yyyy	.
#8	Time def.:	:
##	Axis	0	Temperature(°C)	clRed	FALSE
##	Axis	1	Pressure(Bar)	clBlue	FALSE
##	Axis	2	Angle(°)	clGreen	FALSE
##	Axis	3	EAL	clSkyBlue	FALSE
##	Axis	4	Roll(°)	$00404080	FALSE
##	Series	0	Temp(°C)	clRed	0	Temp(°C)	2
##	Series	1	Press(Bar)	clBlue	1	Press(Bar)	2
##	Series	2	Tilt-X(°)	clGreen	2	Tilt-X(°)	1
##	Series	3	Tilt-Y(°)	$00404080	2	Tilt-Y(°)	1
##	Series	4	Tilt-Z(°)	$00FF0080	2	Tilt-Z(°)	1
##	Series	5	EAL	clSkyBlue	3	EAL	0
##	Series	6	Roll(°)	$00404080	4	Roll(°)	1
##	Recorder	13	DST tilt	1173
##	Chart	13H1173DAT	
#D	Data:	1497	01.08.2025 14:26:00	01.08.2025 14:50:56
1	01.08.2025 14:26:00,000	20,70	4,63	12,2	-71,8	-6,0	0	-96,4
2	01.08.2025 14:26:01,000	20,70	4,63	12,3	-71,5	-6,1	0	-96,7
3	01.08.2025 14:26:02,000	20,70	4,63	12,4	-71,1	-6,5	0	-97,0
4	01.08.2025 14:26:03,000	20,67	4,63	12,1	-71,9	-6,0	0	-96,5
5	01.08.2025 14:26:04,000	20,67	4,63	12,1	-72,4	-5,4	0	-95,8
6	01.08.2025 14:26:05,000	20,67	4,63	12,7	-71,8	-5,5	0	-96,0
7	01.08.2025 14:26:06,000	20,67	4,63	12,3	-71,4	-6,4	0	-96,9
8	01.08.2025 14:26:07,000	20,67	4,63	12,0	-72,0	-6,0	0	-96,5
9	01.08.2025 14:26:08,000	20,67	4,63	12,0	-73,2	-4,8	0	-95,1
10	01.08.2025 14:26:09,000	20,67	4,63	12,2	-73,2	-4,6	0	-94,9
11	01.08.2025 14:26:10,000	20,67	4,63	12,3	-73,7	-4,0	0	-94,3
12	01.08.2025 14:26:11,000	20,67	4,63	13,6	-70,8	-5,7	0	-96,1
13	01.08.2025 14:26:12,000	20,64	4,62	8,6	-39,1	-42,3	0	-136,7
14	01.08.2025 14:26:13,000	20,64	4,62	50,8	-38,8	0,4	0	-89,3
15	01.08.2025 14:26:14,000	20,64	4,62	54,4	-34,7	0,9	0	-88,4
16	01.08.2025 14:26:15,000	20,64	4,62	63,8	-23,9	2,3	0	-88,4
17	01.08.2025 14:26:16,000	20,64	4,62	62,7	-26,2	1,1	0	-87,4
18	01.08.2025 14:26:17,000	20,64	4,62	15,5	-73,3	-1,2	1	-91,3
19	01.08.2025 14:26:18,000	20,62	4,62	2,7	-7,6	-79,6	0	-172,2
20	01.08.2025 14:26:19,000	20,62	4,60	3,2	-6,4	-80,4	0	-173,4
21	01.08.2025 14:26:20,000	20,62	4,62	3,9	-6,9	-79,3	0	-172,9
22	01.08.2025 14:26:21,000	20,62	4,62	2,9	-2,6	-84,4	0	-177,3
23	01.08.2025 14:26:22,000	20,62	4,62	5,3	-3,2	-81,5	0	-176,7
24	01.08.2025 14:26:23,000	20,62	4,62	23,6	-11,2	-55,2	1	-166,3
25	01.08.2025 14:26:24,000	20,62	4,60	53,3	-28,4	-8,3	0	-107,0
26	01.08.2025 14:26:25,000	20,59	4,67	41,3	-47,1	1,5	1	-87,9
27	01.08.2025 14:26:26,000	20,56	4,71	53,0	-19,4	17,6	0	-47,6
28	01.08.2025 14:26:27,000	20,53	4,73	55,2	-4,4	30,5	0	-8,5
29	01.08.2025 14:26:28,000	20,53	4,71	39,7	-13,3	36,9	0	-21,3
30	01.08.2025 14:26:29,000	20,53	4,71	36,8	-15,9	37,3	0	-24,7
31	01.08.2025 14:26:30,000	20,53	4,73	41,4	-10,2	38,4	0	-16,1
32	01.08.2025 14:26:31,000	20,53	4,75	36,6	-12,9	40,6	0	-19,3
33	01.08.2025 14:26:32,000	20,53	4,78	44,9	-1,6	43,5	0	-2,3
34	01.08.2025 14:26:33,000	20,53	4,80	32,1	-13,5	44,4	0	-18,9
35	01.08.2025 14:26:34,000	20,53	4,80	36,6	-15,0	38,4	0	-23,1
36	01.08.2025 14:26:35,000	20,53	4,80	39,2	-8,2	42,6	0	-12,1
37	01.08.2025 14:26:36,000	20,50	4,82	31,9	-17,2	40,9	0	-24,8
38	01.08.2025 14:26:37,000	20,50	4,85	33,4	-13,9	42,7	0	-19,9
39	01.08.2025 14:26:38,000	20,50	4,82	44,1	-4,0	41,9	0	-6,0
40	01.08.2025 14:26:39,000	20,50	4,82	36,0	-10,3	43,7	0	-14,7
41	01.08.2025 14:26:40,000	20,50	4,80	36,7	-8,7	44,6	0	-12,4
42	01.08.2025 14:26:41,000	20,50	4,82	44,3	-6,8	38,9	0	-10,8
43	01.08.2025 14:26:42,000	20,50	4,85	35,9	-7,5	46,6	0	-10,3
44	01.08.2025 14:26:43,000	20,50	4,85	35,5	-10,6	44,0	0	-15,1
45	01.08.2025 14:26:44,000	20,50	4,87	38,8	-12,0	39,2	0	-18,5
46	01.08.2025 14:26:45,000	20,47	4,87	44,1	-8,7	37,2	0	-14,3
47	01.08.2025 14:26:46,000	20,47	4,87	46,6	-5,1	38,3	0	-8,2
48	01.08.2025 14:26:47,000	20,47	4,89	50,5	-4,1	35,4	0	-7,1
49	01.08.2025 14:26:48,000	20,47	4,91	54,7	-5,5	29,8	0	-10,9
50	01.08.2025 14:26:49,000	20,47	4,94	53,4	-8,4	28,2	0	-17,2
51	01.08.2025 14:26:50,000	20,47	4,94	52,6	-8,2	29,3	0	-16,3
52	01.08.2025 14:26:51,000	20,47	4,98	49,7	-10,8	29,5	0	-21,0
53	01.08.2025 14:26:52,000	20,47	4,98	53,9	-9,3	26,9	0	-19,8
54	01.08.2025 14:26:53,000	20,44	4,98	58,3	-9,4	22,3	0	-23,3
55	01.08.2025 14:26:54,000	20,44	4,98	57,3	-10,8	21,9	0	-26,6
56	01.08.2025 14:26:55,000	20,44	5,00	58,6	-9,3	22,1	0	-23,4
57	01.08.2025 14:26:56,000	20,44	4,98	50,1	-6,7	33,2	1	-12,1
58	01.08.2025 14:26:57,000	20,44	5,00	51,3	-12,1	26,6	0	-25,3
59	01.08.2025 14:26:58,000	20,44	5,03	52,9	-16,7	20,5	0	-39,4
60	01.08.2025 14:26:59,000	20,44	5,05	54,6	-13,3	22,1	0	-31,5
61	01.08.2025 14:27:00,000	20,44	5,05	53,9	-14,1	22,0	0	-33,2
62	01.08.2025 14:27:01,000	20,44	5,08	54,8	-13,3	21,9	0	-31,8
63	01.08.2025 14:27:02,000	20,41	5,07	53,6	-17,2	19,2	0	-42,1
64	01.08.2025 14:27:03,000	20,41	5,10	56,3	-13,9	19,8	0	-35,3
65	01.08.2025 14:27:04,000	20,41	5,10	56,9	-11,8	21,2	0	-29,6
66	01.08.2025 14:27:05,000	20,41	5,10	55,5	-14,7	19,8	0	-37,0
67	01.08.2025 14:27:06,000	20,41	5,12	57,2	-13,5	19,3	0	-35,2
68	01.08.2025 14:27:07,000	20,41	5,12	57,3	-13,8	18,8	0	-36,6
69	01.08.2025 14:27:08,000	20,32	5,09	58,7	-12,7	18,6	0	-34,6
70	01.08.2025 14:27:09,000	20,15	5,16	58,7	-13,1	18,2	0	-35,9
71	01.08.2025 14:27:10,000	19,94	5,22	58,3	-14,1	17,7	0	-38,7
72	01.08.2025 14:27:11,000	19,73	5,20	59,1	-12,7	18,3	0	-38,7
73	01.08.2025 14:27:12,000	19,56	5,20	60,2	-11,4	18,4	0	-38,7
74	01.08.2025 14:27:13,000	19,47	5,19	59,8	-13,0	17,2	0	-38,7
75	01.08.2025 14:27:14,000	19,41	5,21	59,5	-15,0	15,5	0	-38,7
76	01.08.2025 14:27:15,000	19,32	5,23	57,9	-15,2	16,9	0	-42,2
77	01.08.2025 14:27:16,000	19,23	5,24	57,4	-14,1	18,5	0	-37,5
78	01.08.2025 14:27:17,000	19,17	5,24	57,0	-15,1	17,9	0	-40,3
79	01.08.2025 14:27:18,000	19,11	5,23	56,1	-17,1	16,8	0	-45,5
80	01.08.2025 14:27:19,000	19,05	5,25	55,2	-18,2	16,6	0	-47,5
81	01.08.2025 14:27:20,000	19,03	5,27	54,2	-17,8	17,9	0	-44,8
82	01.08.2025 14:27:21,000	19,03	5,27	55,8	-17,6	16,7	0	-46,5
83	01.08.2025 14:27:22,000	19,00	5,29	58,8	-13,6	17,6	0	-37,9
84	01.08.2025 14:27:23,000	19,00	5,27	59,4	-12,5	18,0	0	-37,9
85	01.08.2025 14:27:24,000	19,00	5,29	62,8	-8,9	18,3	0	-37,9
86	01.08.2025 14:27:25,000	19,00	5,29	62,9	-6,8	20,3	0	-37,9
87	01.08.2025 14:27:26,000	19,00	5,31	66,3	-5,1	18,6	0	-37,9
88	01.08.2025 14:27:27,000	19,00	5,29	67,6	-4,0	18,5	0	-37,9
89	01.08.2025 14:27:28,000	19,03	5,32	67,3	-3,1	19,6	0	-37,9
90	01.08.2025 14:27:29,000	19,03	5,32	68,1	-2,7	19,2	0	-37,9
91	01.08.2025 14:27:30,000	19,03	5,32	69,0	-3,6	17,5	0	-37,9
92	01.08.2025 14:27:31,000	19,03	5,34	69,0	-2,8	18,2	0	-37,9
93	01.08.2025 14:27:32,000	19,03	5,36	66,9	-2,9	20,2	0	-37,9
94	01.08.2025 14:27:33,000	19,03	5,36	67,2	-2,7	20,2	0	-37,9
95	01.08.2025 14:27:34,000	19,03	5,36	69,0	-2,5	18,5	0	-37,9
96	01.08.2025 14:27:35,000	19,03	5,39	68,0	-2,3	19,7	0	-37,9
97	01.08.2025 14:27:36,000	19,03	5,39	67,4	-3,1	19,5	0	-37,9
98	01.08.2025 14:27:37,000	19,03	5,41	65,6	-4,9	19,4	0	-37,9
99	01.08.2025 14:27:38,000	19,03	5,41	66,6	-4,2	19,3	0	-37,9
100	01.08.2025 14:27:39,000	19,00	5,43	66,4	-3,3	20,3	0	-37,9
101	01.08.2025 14:27:40,000	19,00	5,43	66,5	-2,8	20,7	0	-37,9
102	01.08.2025 14:27:41,000	19,00	5,45	66,9	-2,7	20,4	0	-37,9
103	01.08.2025 14:27:42,000	19,00	5,48	67,4	-3,9	18,7	0	-37,9
104	01.08.2025 14:27:43,000	19,00	5,48	64,3	-6,1	19,6	0	-37,9
105	01.08.2025 14:27:44,000	19,00	5,48	64,4	-7,2	18,4	0	-37,9
106	01.08.2025 14:27:45,000	19,00	5,50	63,7	-7,4	18,9	0	-37,9
107	01.08.2025 14:27:46,000	19,00	5,52	62,2	-9,3	18,5	0	-37,9
108	01.08.2025 14:27:47,000	18,97	5,52	61,1	-9,8	19,0	0	-37,9
109	01.08.2025 14:27:48,000	18,97	5,54	62,2	-8,6	19,1	0	-37,9
110	01.08.2025 14:27:49,000	18,97	5,57	67,0	-6,1	16,9	0	-37,9
111	01.08.2025 14:27:50,000	18,97	5,57	66,7	-4,1	19,2	0	-37,9
112	01.08.2025 14:27:51,000	18,97	5,59	65,5	-2,5	22,0	0	-37,9
113	01.08.2025 14:27:52,000	18,97	5,62	65,6	-2,0	22,3	0	-37,9
114	01.08.2025 14:27:53,000	18,97	5,64	70,3	-2,5	17,2	0	-37,9
115	01.08.2025 14:27:54,000	18,97	5,64	71,4	-1,7	16,9	0	-37,9
116	01.08.2025 14:27:55,000	18,91	5,68	67,0	-0,8	22,2	0	-37,9
117	01.08.2025 14:27:56,000	18,82	5,67	69,1	-0,7	20,2	0	-37,9
118	01.08.2025 14:27:57,000	18,79	5,69	72,7	0,4	16,9	0	-37,9
119	01.08.2025 14:27:58,000	18,79	5,72	74,2	0,4	15,5	0	-37,9
120	01.08.2025 14:27:59,000	18,70	5,75	71,7	0,7	17,6	0	-37,9
121	01.08.2025 14:28:00,000	18,67	5,75	70,6	1,1	18,3	0	-37,9
122	01.08.2025 14:28:01,000	18,64	5,77	72,5	2,4	15,0	0	-37,9
123	01.08.2025 14:28:02,000	18,64	5,80	71,2	3,3	15,5	0	-37,9
124	01.08.2025 14:28:03,000	18,61	5,82	70,0	2,8	17,2	0	-37,9
125	01.08.2025 14:28:04,000	18,55	5,83	71,6	3,5	14,9	0	-37,9
126	01.08.2025 14:28:05,000	18,55	5,86	70,7	5,3	14,0	0	-37,9
127	01.08.2025 14:28:06,000	18,52	5,88	69,4	5,3	15,3	0	-37,9
128	01.08.2025 14:28:07,000	18,49	5,90	68,4	5,2	16,4	0	-37,9
129	01.08.2025 14:28:08,000	18,46	5,90	68,9	5,5	15,6	0	-37,9
130	01.08.2025 14:28:09,000	18,46	5,94	69,1	6,7	14,2	0	-37,9
131	01.08.2025 14:28:10,000	18,43	5,99	68,4	6,2	15,4	0	-37,9
132	01.08.2025 14:28:11,000	18,37	5,98	66,6	4,8	18,6	0	-37,9
133	01.08.2025 14:28:12,000	18,34	6,00	65,9	2,5	21,6	0	-37,9
134	01.08.2025 14:28:13,000	18,34	6,00	66,4	2,5	21,1	0	-37,9
135	01.08.2025 14:28:14,000	18,34	6,03	65,4	3,7	20,8	0	-37,9
136	01.08.2025 14:28:15,000	18,34	6,03	64,6	5,1	20,3	0	-37,9
137	01.08.2025 14:28:16,000	18,34	6,05	66,2	3,9	20,0	0	-37,9
138	01.08.2025 14:28:17,000	18,34	6,07	68,3	2,4	19,2	0	-37,9
139	01.08.2025 14:28:18,000	18,31	6,09	69,2	0,7	20,1	0	-37,9
140	01.08.2025 14:28:19,000	18,28	6,14	69,4	-1,5	19,1	0	-37,9
141	01.08.2025 14:28:20,000	18,25	6,13	66,7	-3,3	20,0	0	-37,9
142	01.08.2025 14:28:21,000	18,25	6,16	66,4	-4,6	19,0	0	-37,9
143	01.08.2025 14:28:22,000	18,25	6,18	67,4	-5,7	16,9	0	-37,9
144	01.08.2025 14:28:23,000	18,25	6,18	66,1	-5,2	18,7	0	-37,9
145	01.08.2025 14:28:24,000	18,28	6,21	63,7	-6,9	19,4	0	-37,9
146	01.08.2025 14:28:25,000	18,25	6,23	62,9	-8,6	18,5	0	-37,9
147	01.08.2025 14:28:26,000	18,25	6,25	62,4	-9,9	17,6	0	-37,9
148	01.08.2025 14:28:27,000	18,25	6,25	61,4	-9,7	18,9	0	-37,9
149	01.08.2025 14:28:28,000	18,25	6,25	63,3	-6,2	20,5	0	-37,9
150	01.08.2025 14:28:29,000	18,25	6,28	58,4	-5,8	25,8	0	-13,1
151	01.08.2025 14:28:30,000	18,25	6,25	53,8	-6,0	30,2	0	-11,8
152	01.08.2025 14:28:31,000	18,28	6,23	52,7	-7,5	29,8	0	-14,8
153	01.08.2025 14:28:32,000	18,28	6,23	51,7	-5,9	32,5	0	-10,9
154	01.08.2025 14:28:33,000	18,28	6,23	49,6	-6,8	33,5	0	-12,3
155	01.08.2025 14:28:34,000	18,28	6,23	49,2	-7,3	33,4	0	-13,2
156	01.08.2025 14:28:35,000	18,28	6,23	52,4	-5,1	32,4	0	-9,5
157	01.08.2025 14:28:36,000	18,28	6,26	54,0	-5,3	30,7	0	-10,2
158	01.08.2025 14:28:37,000	18,25	6,23	50,8	-5,6	33,6	0	-10,1
159	01.08.2025 14:28:38,000	18,25	6,23	50,9	-7,5	31,6	0	-14,1
160	01.08.2025 14:28:39,000	18,22	6,23	53,4	-5,3	31,4	0	-10,0
161	01.08.2025 14:28:40,000	18,22	6,25	56,7	-3,7	29,6	0	-7,4
162	01.08.2025 14:28:41,000	18,22	6,25	54,3	-4,4	31,4	0	-8,4
163	01.08.2025 14:28:42,000	18,22	6,25	52,7	-5,9	31,4	0	-11,1
164	01.08.2025 14:28:43,000	18,19	6,22	56,8	-3,4	29,8	0	-6,9
165	01.08.2025 14:28:44,000	18,19	6,25	58,1	-1,9	30,0	0	-3,8
166	01.08.2025 14:28:45,000	18,19	6,25	54,8	-4,0	31,2	0	-7,8
167	01.08.2025 14:28:46,000	18,16	6,22	54,7	-4,9	30,4	0	-9,7
168	01.08.2025 14:28:47,000	18,16	6,24	57,4	-2,1	30,6	0	-4,1
169	01.08.2025 14:28:48,000	18,16	6,27	56,2	-3,3	30,4	0	-6,6
170	01.08.2025 14:28:49,000	18,13	6,22	50,3	-4,1	35,6	0	-7,0
171	01.08.2025 14:28:50,000	18,13	6,19	42,1	-3,6	44,3	1	-5,2
172	01.08.2025 14:28:51,000	18,11	6,24	62,0	2,0	26,1	0	4,5
173	01.08.2025 14:28:52,000	18,11	6,29	68,4	0,4	21,2	0	4,5
174	01.08.2025 14:28:53,000	18,08	6,28	66,9	-0,5	22,5	0	4,5
175	01.08.2025 14:28:54,000	18,08	6,31	65,3	-1,3	23,4	0	4,5
176	01.08.2025 14:28:55,000	18,05	6,30	65,4	-2,2	22,3	0	4,5
177	01.08.2025 14:28:56,000	18,05	6,30	62,0	-3,0	25,1	0	-7,0
178	01.08.2025 14:28:57,000	18,02	6,30	57,6	-3,6	28,8	0	-7,5
179	01.08.2025 14:28:58,000	18,02	6,28	54,8	-3,0	32,1	0	-5,7
180	01.08.2025 14:28:59,000	18,02	6,28	52,4	-3,6	34,1	0	-6,3
181	01.08.2025 14:29:00,000	17,99	6,25	49,8	-3,0	37,2	0	-5,0
182	01.08.2025 14:29:01,000	17,96	6,25	47,3	-5,4	37,3	0	-8,9
183	01.08.2025 14:29:02,000	17,93	6,27	45,9	-5,5	38,6	0	-8,9
184	01.08.2025 14:29:03,000	17,93	6,27	47,0	-7,3	35,8	0	-12,3
185	01.08.2025 14:29:04,000	17,87	6,26	49,9	3,2	36,8	0	5,4
186	01.08.2025 14:29:05,000	17,75	6,23	36,4	-1,8	51,8	0	-2,3
187	01.08.2025 14:29:06,000	17,63	6,22	36,8	-4,4	48,9	0	-5,8
188	01.08.2025 14:29:07,000	17,54	6,18	33,2	-12,5	44,4	0	-17,5
189	01.08.2025 14:29:08,000	17,54	6,21	41,7	-4,9	43,4	0	-7,2
190	01.08.2025 14:29:09,000	17,54	6,16	35,4	-10,5	44,1	0	-15,0
191	01.08.2025 14:29:10,000	17,57	6,16	31,1	-16,0	42,9	0	-22,6
192	01.08.2025 14:29:11,000	17,57	6,19	45,5	-3,3	41,2	0	-5,0
193	01.08.2025 14:29:12,000	17,60	6,17	34,6	-13,5	41,9	0	-19,7
194	01.08.2025 14:29:13,000	17,60	6,17	40,8	-7,1	42,1	0	-10,6
195	01.08.2025 14:29:14,000	17,63	6,17	34,1	-12,8	43,1	0	-18,3
196	01.08.2025 14:29:15,000	17,63	6,17	41,6	-7,4	41,0	0	-11,2
197	01.08.2025 14:29:16,000	17,63	6,17	37,2	-11,2	41,7	0	-16,5
198	01.08.2025 14:29:17,000	17,66	6,15	42,7	-6,7	40,6	0	-10,3
199	01.08.2025 14:29:18,000	17,66	6,15	40,2	-9,4	40,4	0	-14,4
200	01.08.2025 14:29:19,000	17,66	6,17	40,6	-8,0	41,3	0	-12,1
201	01.08.2025 14:29:20,000	17,66	6,17	41,3	-7,2	41,6	0	-10,8
202	01.08.2025 14:29:21,000	17,63	6,19	40,4	-8,5	41,0	0	-12,9
203	01.08.2025 14:29:22,000	17,60	6,17	41,4	-8,7	39,9	0	-13,4
204	01.08.2025 14:29:23,000	17,57	6,19	39,2	-10,7	40,2	0	-16,3
205	01.08.2025 14:29:24,000	17,54	6,21	40,5	-8,9	40,6	0	-13,5
206	01.08.2025 14:29:25,000	17,45	6,22	37,0	-12,3	40,7	0	-18,4
207	01.08.2025 14:29:26,000	17,42	6,22	41,4	-8,7	39,9	0	-13,5
208	01.08.2025 14:29:27,000	17,42	6,22	41,1	-9,3	39,6	0	-14,4
209	01.08.2025 14:29:28,000	17,42	6,24	41,1	-9,3	39,6	0	-14,4
210	01.08.2025 14:29:29,000	17,39	6,24	40,0	-9,0	41,0	0	-13,6
211	01.08.2025 14:29:30,000	17,39	6,24	39,2	-9,6	41,2	0	-14,5
212	01.08.2025 14:29:31,000	17,36	6,26	38,4	-10,4	41,2	0	-15,6
213	01.08.2025 14:29:32,000	17,36	6,26	40,8	-8,4	40,7	0	-12,9
214	01.08.2025 14:29:33,000	17,36	6,28	39,5	-10,0	40,4	0	-15,3
215	01.08.2025 14:29:34,000	17,36	6,28	39,4	-9,5	41,1	0	-14,4
216	01.08.2025 14:29:35,000	17,36	6,31	37,9	-10,3	41,7	0	-15,4
217	01.08.2025 14:29:36,000	17,33	6,30	40,0	-8,2	41,8	0	-12,3
218	01.08.2025 14:29:37,000	17,30	6,30	36,9	-11,0	42,1	0	-16,2
219	01.08.2025 14:29:38,000	17,30	6,30	35,0	-11,4	43,6	0	-16,3
220	01.08.2025 14:29:39,000	17,21	6,39	40,1	-8,4	41,5	0	-12,7
221	01.08.2025 14:29:40,000	17,18	6,38	44,0	-5,3	40,7	0	-8,1
222	01.08.2025 14:29:41,000	17,09	6,40	38,8	-11,5	39,7	0	-17,6
223	01.08.2025 14:29:42,000	17,00	6,44	41,5	-9,0	39,5	0	-14,0
224	01.08.2025 14:29:43,000	16,88	6,43	40,7	-8,6	40,7	0	-13,0
225	01.08.2025 14:29:44,000	16,85	6,45	37,9	-9,6	42,5	0	-14,1
226	01.08.2025 14:29:45,000	16,82	6,47	41,8	-7,3	41,0	0	-11,1
227	01.08.2025 14:29:46,000	16,79	6,49	38,9	-12,0	39,1	0	-18,5
228	01.08.2025 14:29:47,000	16,76	6,51	40,6	-10,6	38,9	0	-16,5
229	01.08.2025 14:29:48,000	16,70	6,53	42,4	-8,7	38,9	0	-13,8
230	01.08.2025 14:29:49,000	16,61	6,54	40,7	-10,3	38,9	0	-16,2
231	01.08.2025 14:29:50,000	16,58	6,54	41,7	-8,9	39,4	0	-13,8
232	01.08.2025 14:29:51,000	16,55	6,56	41,4	-10,2	38,4	0	-16,2
233	01.08.2025 14:29:52,000	16,52	6,56	41,9	-9,9	38,2	0	-15,8
234	01.08.2025 14:29:53,000	16,49	6,58	46,0	-8,8	35,2	0	-15,0
235	01.08.2025 14:29:54,000	16,37	6,61	48,0	-8,2	33,8	0	-14,5
236	01.08.2025 14:29:55,000	16,24	6,65	47,0	-7,3	35,7	0	-12,5
237	01.08.2025 14:29:56,000	16,15	6,68	46,1	-7,2	36,7	0	-12,0
238	01.08.2025 14:29:57,000	16,09	6,68	44,8	-7,5	37,7	0	-12,2
239	01.08.2025 14:29:58,000	16,03	6,70	44,7	-6,7	38,6	0	-10,8
240	01.08.2025 14:29:59,000	16,00	6,72	44,3	-7,4	38,3	0	-11,9
241	01.08.2025 14:30:00,000	15,91	6,76	44,5	-6,8	38,7	0	-10,8
242	01.08.2025 14:30:01,000	15,70	6,80	45,3	-7,1	37,6	0	-11,6
243	01.08.2025 14:30:02,000	15,48	6,81	43,6	-7,3	39,1	0	-11,4
244	01.08.2025 14:30:03,000	15,39	6,82	44,3	-6,8	38,8	0	-10,9
245	01.08.2025 14:30:04,000	15,36	6,84	42,7	-8,4	39,0	0	-13,2
246	01.08.2025 14:30:05,000	15,33	6,86	42,6	-7,1	40,3	0	-11,0
247	01.08.2025 14:30:06,000	15,30	6,88	43,5	-7,7	38,8	0	-12,2
248	01.08.2025 14:30:07,000	14,99	6,95	40,9	-8,9	40,2	0	-13,7
249	01.08.2025 14:30:08,000	14,75	6,97	41,9	-8,3	39,8	0	-12,8
250	01.08.2025 14:30:09,000	14,53	7,00	40,0	-8,5	41,6	0	-12,7
251	01.08.2025 14:30:10,000	14,41	7,03	34,7	-11,3	44,0	0	-16,1
252	01.08.2025 14:30:11,000	14,26	7,06	38,5	-9,4	42,1	0	-13,9
253	01.08.2025 14:30:12,000	14,16	7,10	36,6	-10,9	42,5	0	-15,9
254	01.08.2025 14:30:13,000	14,04	7,14	38,1	-9,8	42,1	0	-14,5
255	01.08.2025 14:30:14,000	13,98	7,15	34,3	-12,5	43,3	0	-17,9
256	01.08.2025 14:30:15,000	13,95	7,15	35,4	-11,5	43,1	0	-16,6
257	01.08.2025 14:30:16,000	13,91	7,17	35,4	-11,7	42,9	0	-16,9
258	01.08.2025 14:30:17,000	13,91	7,17	36,3	-10,0	43,7	0	-14,4
259	01.08.2025 14:30:18,000	13,91	7,20	37,5	-9,1	43,4	0	-13,1
260	01.08.2025 14:30:19,000	13,91	7,22	34,9	-12,3	42,8	0	-17,8
261	01.08.2025 14:30:20,000	13,91	7,24	37,8	-8,9	43,3	0	-13,0
262	01.08.2025 14:30:21,000	13,88	7,24	35,7	-10,4	43,9	0	-14,9
263	01.08.2025 14:30:22,000	13,70	7,34	37,3	-9,3	43,4	0	-13,5
264	01.08.2025 14:30:23,000	13,35	7,35	37,1	-9,6	43,3	0	-13,9
265	01.08.2025 14:30:24,000	13,20	7,36	36,4	-10,3	43,4	0	-14,9
266	01.08.2025 14:30:25,000	13,01	7,41	39,1	-8,0	42,9	0	-11,7
267	01.08.2025 14:30:26,000	12,88	7,47	34,4	-12,1	43,5	0	-17,3
268	01.08.2025 14:30:27,000	12,76	7,46	37,7	-8,1	44,2	0	-11,6
269	01.08.2025 14:30:28,000	12,76	7,46	35,5	-10,4	44,1	0	-14,9
270	01.08.2025 14:30:29,000	12,72	7,48	38,5	-8,3	43,1	0	-12,2
271	01.08.2025 14:30:30,000	12,72	7,50	38,4	-7,9	43,7	0	-11,4
272	01.08.2025 14:30:31,000	12,60	7,58	34,6	-11,5	43,9	0	-16,3
273	01.08.2025 14:30:32,000	12,31	7,58	38,8	-8,2	43,0	0	-12,0
274	01.08.2025 14:30:33,000	12,12	7,63	40,2	-6,1	43,7	0	-8,9
275	01.08.2025 14:30:34,000	11,80	7,74	39,4	-6,8	43,8	0	-9,8
276	01.08.2025 14:30:35,000	11,55	7,69	39,9	-6,8	43,3	0	-9,9
277	01.08.2025 14:30:36,000	11,22	7,75	39,0	-6,1	44,9	0	-8,7
278	01.08.2025 14:30:37,000	11,03	7,76	37,9	-8,1	44,0	0	-11,7
279	01.08.2025 14:30:38,000	10,96	7,77	37,6	-12,2	40,1	0	-18,5
280	01.08.2025 14:30:39,000	10,90	7,79	35,6	-16,6	37,8	0	-25,4
281	01.08.2025 14:30:40,000	10,87	7,79	34,5	-18,4	37,1	0	-28,0
282	01.08.2025 14:30:41,000	10,87	7,76	32,2	-17,7	40,2	0	-25,7
283	01.08.2025 14:30:42,000	10,87	7,81	40,5	-10,3	39,2	0	-16,0
284	01.08.2025 14:30:43,000	10,74	7,85	41,8	-9,3	38,9	0	-14,7
285	01.08.2025 14:30:44,000	10,54	7,92	42,9	-8,9	38,2	0	-14,3
286	01.08.2025 14:30:45,000	10,31	7,90	44,4	-7,2	38,4	0	-11,5
287	01.08.2025 14:30:46,000	10,21	7,89	42,9	-6,7	40,5	0	-10,3
288	01.08.2025 14:30:47,000	10,11	7,92	43,5	-7,1	39,4	0	-11,1
289	01.08.2025 14:30:48,000	10,05	7,94	43,9	-4,5	41,6	0	-6,8
290	01.08.2025 14:30:49,000	9,88	7,93	42,6	-6,5	40,9	0	-9,9
291	01.08.2025 14:30:50,000	9,88	7,95	43,6	-5,9	40,5	0	-9,1
292	01.08.2025 14:30:51,000	9,88	7,95	43,4	-5,9	40,8	0	-9,0
293	01.08.2025 14:30:52,000	9,95	7,93	43,3	-4,4	42,3	0	-6,5
294	01.08.2025 14:30:53,000	9,85	8,02	44,5	-3,9	41,6	0	-5,9
295	01.08.2025 14:30:54,000	9,72	7,98	44,4	-2,1	43,5	0	-3,1
296	01.08.2025 14:30:55,000	9,62	7,99	44,0	-1,6	44,4	0	-2,3
297	01.08.2025 14:30:56,000	9,55	8,01	42,8	-2,6	44,5	0	-3,8
298	01.08.2025 14:30:57,000	9,42	8,04	43,4	-2,8	43,9	0	-4,0
299	01.08.2025 14:30:58,000	9,39	8,04	45,1	-0,6	44,3	0	-0,9
300	01.08.2025 14:30:59,000	9,42	8,04	42,6	-3,3	44,1	0	-4,7
301	01.08.2025 14:31:00,000	9,42	8,07	44,8	-0,6	44,6	0	-0,9
302	01.08.2025 14:31:01,000	9,32	8,08	43,1	1,5	45,3	0	2,2
303	01.08.2025 14:31:02,000	9,25	8,10	43,5	0,7	45,8	0	1,0
304	01.08.2025 14:31:03,000	9,25	8,10	43,5	-0,9	45,6	0	-1,2
305	01.08.2025 14:31:04,000	9,32	8,10	43,3	1,0	45,7	0	1,3
306	01.08.2025 14:31:05,000	9,35	8,11	43,1	1,6	45,4	0	2,2
307	01.08.2025 14:31:06,000	9,35	8,11	43,7	0,1	46,2	0	0,1
308	01.08.2025 14:31:07,000	9,32	8,15	42,5	2,2	45,2	0	3,1
309	01.08.2025 14:31:08,000	9,25	8,17	41,2	2,2	46,6	0	3,1
310	01.08.2025 14:31:09,000	9,22	8,16	40,4	2,7	46,9	0	3,7
311	01.08.2025 14:31:10,000	9,25	8,17	41,3	3,9	44,8	0	5,6
312	01.08.2025 14:31:11,000	9,25	8,19	40,7	2,3	47,1	0	3,1
313	01.08.2025 14:31:12,000	9,32	8,20	40,2	3,5	46,3	0	4,9
314	01.08.2025 14:31:13,000	9,35	8,20	38,5	-3,2	48,3	0	-4,4
315	01.08.2025 14:31:14,000	9,35	8,25	39,9	2,6	47,5	0	3,5
316	01.08.2025 14:31:15,000	9,19	8,23	41,4	1,5	47,1	0	2,1
317	01.08.2025 14:31:16,000	9,12	8,25	39,3	-5,1	45,6	0	-7,2
318	01.08.2025 14:31:17,000	8,92	8,35	37,9	-6,4	45,7	0	-9,0
319	01.08.2025 14:31:18,000	8,72	8,32	43,3	-2,3	44,4	0	-3,3
320	01.08.2025 14:31:19,000	8,72	8,32	44,8	-1,9	43,3	0	-2,8
321	01.08.2025 14:31:20,000	8,62	8,36	42,4	-0,6	47,0	0	-0,8
322	01.08.2025 14:31:21,000	8,55	8,38	43,1	-0,7	46,2	0	-1,0
323	01.08.2025 14:31:22,000	8,55	8,38	42,6	2,4	45,0	0	3,4
324	01.08.2025 14:31:23,000	8,58	8,38	41,9	3,1	45,0	0	4,4
325	01.08.2025 14:31:24,000	8,62	8,39	42,5	3,8	43,7	0	5,5
326	01.08.2025 14:31:25,000	8,68	8,39	43,3	-0,1	46,5	0	-0,2
327	01.08.2025 14:31:26,000	8,68	8,42	41,8	3,9	44,3	0	5,6
328	01.08.2025 14:31:27,000	8,65	8,44	40,8	4,0	45,2	0	5,6
329	01.08.2025 14:31:28,000	8,48	8,47	40,5	3,8	45,7	0	5,3
330	01.08.2025 14:31:29,000	8,38	8,48	40,8	3,7	45,5	0	5,2
331	01.08.2025 14:31:30,000	8,34	8,50	41,8	3,2	45,1	0	4,5
332	01.08.2025 14:31:31,000	8,24	8,54	40,9	2,5	46,7	0	3,4
333	01.08.2025 14:31:32,000	8,21	8,56	40,8	4,5	44,6	0	6,5
334	01.08.2025 14:31:33,000	8,21	8,56	41,5	0,9	47,6	0	1,2
335	01.08.2025 14:31:34,000	8,17	8,58	41,8	3,0	45,2	0	4,2
336	01.08.2025 14:31:35,000	8,14	8,60	40,8	3,5	45,6	0	5,0
337	01.08.2025 14:31:36,000	8,04	8,61	39,5	4,7	45,8	0	6,6
338	01.08.2025 14:31:37,000	7,97	8,63	39,8	2,6	47,6	0	3,6
339	01.08.2025 14:31:38,000	7,97	8,63	39,9	5,1	44,9	0	7,3
340	01.08.2025 14:31:39,000	8,00	8,65	40,2	3,0	46,9	0	4,1
341	01.08.2025 14:31:40,000	7,83	8,73	41,3	5,8	42,9	0	8,6
342	01.08.2025 14:31:41,000	7,73	8,72	40,9	0,0	49,1	0	0,0
343	01.08.2025 14:31:42,000	7,66	8,71	40,0	2,4	47,7	0	3,2
344	01.08.2025 14:31:43,000	7,63	8,78	40,6	5,0	44,5	0	7,1
345	01.08.2025 14:31:44,000	7,63	8,73	40,8	2,9	46,3	0	4,0
346	01.08.2025 14:31:45,000	7,56	8,84	39,2	-0,4	50,4	0	-0,5
347	01.08.2025 14:31:46,000	7,35	8,84	39,9	4,2	45,9	0	5,9
348	01.08.2025 14:31:47,000	7,32	8,82	40,3	2,7	46,9	0	3,8
349	01.08.2025 14:31:48,000	7,35	8,84	39,3	0,5	50,2	0	0,7
350	01.08.2025 14:31:49,000	7,38	8,85	39,8	6,0	44,2	0	8,7
351	01.08.2025 14:31:50,000	7,45	8,88	37,1	-2,0	50,9	0	-2,5
352	01.08.2025 14:31:51,000	7,49	8,88	39,6	4,2	46,1	0	5,9
353	01.08.2025 14:31:52,000	7,49	8,88	39,1	0,4	50,5	0	0,5
354	01.08.2025 14:31:53,000	7,49	8,93	31,6	-6,3	52,0	0	-8,1
355	01.08.2025 14:31:54,000	7,38	8,94	38,7	5,7	45,6	0	8,0
356	01.08.2025 14:31:55,000	7,32	8,93	39,6	0,6	49,7	0	0,8
357	01.08.2025 14:31:56,000	7,25	8,97	33,8	-4,1	52,1	0	-5,2
358	01.08.2025 14:31:57,000	7,25	9,00	37,5	3,2	49,3	0	4,2
359	01.08.2025 14:31:58,000	7,14	9,01	37,2	0,4	52,5	0	0,5
360	01.08.2025 14:31:59,000	7,07	9,07	37,0	0,0	53,0	0	0,0
361	01.08.2025 14:32:00,000	7,00	9,07	40,0	2,3	47,7	0	3,1
362	01.08.2025 14:32:01,000	6,93	9,06	32,5	-4,8	52,7	0	-6,1
363	01.08.2025 14:32:02,000	6,90	9,13	37,5	2,5	50,0	0	3,3
364	01.08.2025 14:32:03,000	6,86	9,12	33,6	-2,8	53,6	0	-3,5
365	01.08.2025 14:32:04,000	6,79	9,16	32,5	-4,6	52,9	0	-5,9
366	01.08.2025 14:32:05,000	6,65	9,17	38,8	4,0	47,1	0	5,5
367	01.08.2025 14:32:06,000	6,62	9,19	30,3	-6,4	53,4	0	-8,0
368	01.08.2025 14:32:07,000	6,58	9,24	34,3	-2,9	52,8	0	-3,7
369	01.08.2025 14:32:08,000	6,55	9,23	39,3	0,6	50,1	0	0,8
370	01.08.2025 14:32:09,000	6,48	9,25	30,4	-8,1	51,5	0	-10,4
371	01.08.2025 14:32:10,000	6,44	9,24	38,3	3,3	48,3	0	4,5
372	01.08.2025 14:32:11,000	6,30	9,35	29,7	-8,2	52,1	0	-10,5
373	01.08.2025 14:32:12,000	6,23	9,36	37,6	0,1	52,3	0	0,2
374	01.08.2025 14:32:13,000	6,09	9,33	28,9	-7,2	53,9	0	-9,0
375	01.08.2025 14:32:14,000	6,05	9,35	34,6	-0,9	54,5	0	-1,1
376	01.08.2025 14:32:15,000	6,05	9,37	38,6	0,0	51,4	0	0,0
377	01.08.2025 14:32:16,000	6,02	9,39	38,0	-4,1	47,9	0	-5,5
378	01.08.2025 14:32:17,000	6,02	9,41	31,4	-16,1	42,5	0	-22,8
379	01.08.2025 14:32:18,000	5,95	9,41	32,9	0,5	56,6	0	0,6
380	01.08.2025 14:32:19,000	5,91	9,43	32,3	2,7	55,0	0	3,3
381	01.08.2025 14:32:20,000	5,87	9,44	32,3	2,5	55,2	0	3,1
382	01.08.2025 14:32:21,000	5,87	9,44	32,9	3,6	53,6	0	4,5
383	01.08.2025 14:32:22,000	5,87	9,49	35,3	3,1	51,5	0	4,0
384	01.08.2025 14:32:23,000	5,80	9,53	36,1	3,3	50,6	0	4,4
385	01.08.2025 14:32:24,000	5,73	9,52	35,8	4,8	49,4	0	6,3
386	01.08.2025 14:32:25,000	5,73	9,50	37,3	3,2	49,5	0	4,2
387	01.08.2025 14:32:26,000	5,73	9,50	37,6	2,5	50,0	0	3,2
388	01.08.2025 14:32:27,000	5,55	9,58	37,2	5,2	47,6	0	7,1
389	01.08.2025 14:32:28,000	5,44	9,56	36,3	2,0	51,7	0	2,6
390	01.08.2025 14:32:29,000	5,41	9,56	38,4	5,5	46,1	0	7,7
391	01.08.2025 14:32:30,000	5,44	9,59	39,4	4,3	46,2	0	6,0
392	01.08.2025 14:32:31,000	5,41	9,56	40,0	0,6	49,4	0	0,8
393	01.08.2025 14:32:32,000	5,44	9,59	39,2	2,0	48,8	0	2,7
394	01.08.2025 14:32:33,000	5,44	9,59	39,7	2,2	48,1	0	3,0
395	01.08.2025 14:32:34,000	5,44	9,64	41,2	2,3	46,4	0	3,2
396	01.08.2025 14:32:35,000	5,30	9,64	40,2	1,2	48,6	0	1,6
397	01.08.2025 14:32:36,000	5,26	9,66	40,9	2,1	47,0	0	2,9
398	01.08.2025 14:32:37,000	5,30	9,67	41,3	2,6	46,2	0	3,6
399	01.08.2025 14:32:38,000	5,30	9,69	42,1	1,7	46,3	0	2,3
400	01.08.2025 14:32:39,000	5,26	9,71	42,3	0,3	47,4	0	0,4
401	01.08.2025 14:32:40,000	5,16	9,72	41,6	0,7	47,7	0	0,9
402	01.08.2025 14:32:41,000	5,05	9,74	41,1	-1,7	47,2	0	-2,4
403	01.08.2025 14:32:42,000	5,01	9,78	43,6	0,3	46,1	0	0,5
404	01.08.2025 14:32:43,000	4,97	9,77	42,6	-0,8	46,7	0	-1,0
405	01.08.2025 14:32:44,000	4,94	9,77	42,2	-0,2	47,6	0	-0,3
406	01.08.2025 14:32:45,000	4,90	9,81	43,8	0,7	45,4	0	1,0
407	01.08.2025 14:32:46,000	4,83	9,83	42,5	-2,8	44,7	0	-4,0
408	01.08.2025 14:32:47,000	4,83	9,85	42,5	-2,6	44,8	0	-3,7
409	01.08.2025 14:32:48,000	4,83	9,88	42,7	-2,7	44,6	0	-3,8
410	01.08.2025 14:32:49,000	4,76	9,89	43,3	-1,2	45,5	0	-1,7
411	01.08.2025 14:32:50,000	4,72	9,91	42,0	-4,7	43,4	0	-6,8
412	01.08.2025 14:32:51,000	4,72	9,94	40,5	-10,2	39,3	0	-15,9
413	01.08.2025 14:32:52,000	4,72	9,96	43,7	-4,3	42,0	0	-6,5
414	01.08.2025 14:32:53,000	4,76	9,94	42,5	-2,5	45,0	0	-3,6
415	01.08.2025 14:32:54,000	4,76	9,96	41,0	-5,7	43,3	0	-8,3
416	01.08.2025 14:32:55,000	4,76	9,99	42,7	-6,2	41,1	0	-9,5
417	01.08.2025 14:32:56,000	4,79	10,01	41,1	-8,6	40,3	0	-13,2
418	01.08.2025 14:32:57,000	4,83	10,02	43,4	-4,6	41,9	0	-6,9
419	01.08.2025 14:32:58,000	4,76	10,13	41,0	-9,0	40,1	0	-13,8
420	01.08.2025 14:32:59,000	4,65	10,12	42,4	-6,4	41,1	0	-9,8
421	01.08.2025 14:33:00,000	4,50	10,12	41,2	-7,4	41,4	0	-11,2
422	01.08.2025 14:33:01,000	4,46	10,14	42,5	-8,0	39,5	0	-12,5
423	01.08.2025 14:33:02,000	4,46	10,17	41,2	-9,9	38,9	0	-15,5
424	01.08.2025 14:33:03,000	4,43	10,19	41,6	-8,7	39,7	0	-13,5
425	01.08.2025 14:33:04,000	4,32	10,22	41,2	-11,1	37,7	0	-17,7
426	01.08.2025 14:33:05,000	4,32	10,25	41,3	-11,3	37,3	0	-18,2
427	01.08.2025 14:33:06,000	4,28	10,29	41,4	-11,8	36,8	0	-19,2
428	01.08.2025 14:33:07,000	4,28	10,29	42,5	-12,0	35,5	0	-20,0
429	01.08.2025 14:33:08,000	4,28	10,31	42,5	-10,6	37,0	0	-17,2
430	01.08.2025 14:33:09,000	4,24	10,31	40,9	-10,2	38,9	0	-16,0
431	01.08.2025 14:33:10,000	4,24	10,36	41,7	-11,7	36,6	0	-19,1
432	01.08.2025 14:33:11,000	4,20	10,40	42,4	-12,2	35,3	0	-20,4
433	01.08.2025 14:33:12,000	4,20	10,40	42,1	-11,8	36,2	0	-19,4
434	01.08.2025 14:33:13,000	4,17	10,44	41,4	-11,1	37,5	0	-17,8
435	01.08.2025 14:33:14,000	4,13	10,46	40,9	-12,2	37,0	0	-19,6
436	01.08.2025 14:33:15,000	4,13	10,46	42,1	-12,5	35,4	0	-20,7
437	01.08.2025 14:33:16,000	4,17	10,51	41,9	-12,7	35,4	0	-21,1
438	01.08.2025 14:33:17,000	4,13	10,51	45,3	-10,7	33,9	0	-18,6
439	01.08.2025 14:33:18,000	4,17	10,56	44,5	-12,5	33,0	0	-21,9
440	01.08.2025 14:33:19,000	4,17	10,58	45,7	-11,4	32,9	0	-20,2
441	01.08.2025 14:33:20,000	4,13	10,60	44,3	-12,6	33,1	0	-22,0
442	01.08.2025 14:33:21,000	4,09	10,60	44,1	-12,9	33,1	0	-22,4
443	01.08.2025 14:33:22,000	4,17	10,65	33,3	-13,7	43,0	0	-19,6
444	01.08.2025 14:33:23,000	4,17	10,65	28,4	-19,1	42,5	1	-26,4
445	01.08.2025 14:33:24,000	4,13	10,65	-10,1	-25,6	54,3	0	-28,6
446	01.08.2025 14:33:25,000	4,13	10,63	0,1	-15,4	74,5	0	-15,4
447	01.08.2025 14:33:26,000	4,13	10,67	-2,9	-3,0	84,1	1	-3,1
448	01.08.2025 14:33:27,000	4,13	10,60	-7,6	-12,0	70,4	1	-12,9
449	01.08.2025 14:33:28,000	4,09	10,67	-3,1	-5,4	81,5	1	-5,6
450	01.08.2025 14:33:29,000	4,09	10,65	-2,8	-4,5	82,6	0	-4,6
451	01.08.2025 14:33:30,000	4,09	10,65	-7,4	-4,8	77,7	0	-5,1
452	01.08.2025 14:33:31,000	4,09	10,62	-22,4	-7,9	59,7	1	-9,4
453	01.08.2025 14:33:32,000	4,09	10,65	11,8	-7,8	70,4	0	-8,5
454	01.08.2025 14:33:33,000	4,06	10,62	-2,8	-6,2	81,1	0	-6,3
455	01.08.2025 14:33:34,000	4,02	10,64	1,0	2,7	86,2	0	2,8
456	01.08.2025 14:33:35,000	3,98	10,64	-17,3	-2,5	70,1	0	-2,7
457	01.08.2025 14:33:36,000	3,98	10,64	12,4	-7,0	70,5	1	-7,6
458	01.08.2025 14:33:37,000	3,98	10,61	5,1	-1,8	83,1	0	-1,9
459	01.08.2025 14:33:38,000	3,98	10,61	-7,2	-1,7	81,1	1	-1,7
460	01.08.2025 14:33:39,000	3,98	10,64	-8,2	-6,8	75,0	0	-7,2
461	01.08.2025 14:33:40,000	3,95	10,61	4,2	-11,0	74,8	1	-11,5
462	01.08.2025 14:33:41,000	3,91	10,60	-7,9	-2,4	79,7	0	-2,4
463	01.08.2025 14:33:42,000	3,91	10,65	13,7	-4,7	71,6	1	-5,1
464	01.08.2025 14:33:43,000	3,91	10,63	-2,2	1,5	86,2	1	1,6
465	01.08.2025 14:33:44,000	3,87	10,62	-5,0	0,1	84,9	0	0,1
466	01.08.2025 14:33:45,000	3,83	10,64	6,4	-3,4	80,1	0	-3,6
467	01.08.2025 14:33:46,000	3,83	10,62	9,1	6,0	74,9	1	6,4
468	01.08.2025 14:33:47,000	3,83	10,60	-1,9	-8,4	79,7	1	-8,5
469	01.08.2025 14:33:48,000	3,80	10,62	-4,4	-14,0	71,6	0	-14,6
470	01.08.2025 14:33:49,000	3,80	10,59	-0,2	-4,2	85,6	0	-4,3
471	01.08.2025 14:33:50,000	3,80	10,59	-9,7	-3,0	77,3	1	-3,1
472	01.08.2025 14:33:51,000	3,80	10,64	1,0	0,2	88,8	0	0,2
473	01.08.2025 14:33:52,000	3,76	10,59	-3,8	-0,4	85,8	0	-0,4
474	01.08.2025 14:33:53,000	3,76	10,59	-6,7	-2,6	80,7	1	-2,7
475	01.08.2025 14:33:54,000	3,76	10,59	2,9	-0,8	86,2	0	-0,8
476	01.08.2025 14:33:55,000	3,72	10,58	2,7	-14,2	73,1	0	-14,6
477	01.08.2025 14:33:56,000	3,68	10,56	4,3	-7,4	78,2	1	-7,7
478	01.08.2025 14:33:57,000	3,68	10,58	0,3	-9,6	80,2	0	-9,6
479	01.08.2025 14:33:58,000	3,61	10,57	-4,9	-11,6	73,4	0	-12,2
480	01.08.2025 14:33:59,000	3,57	10,62	33,0	-14,3	42,6	1	-20,5
481	01.08.2025 14:34:00,000	3,50	10,58	14,8	6,4	68,8	1	7,1
482	01.08.2025 14:34:01,000	3,35	10,61	7,8	-7,8	74,5	1	-8,3
483	01.08.2025 14:34:02,000	3,27	10,61	6,4	-10,2	73,3	0	-10,8
484	01.08.2025 14:34:03,000	3,23	10,60	-14,0	-11,3	64,7	0	-12,7
485	01.08.2025 14:34:04,000	3,23	10,58	1,9	-15,5	72,6	0	-15,8
486	01.08.2025 14:34:05,000	3,23	10,58	-1,6	-5,9	82,6	0	-6,0
487	01.08.2025 14:34:06,000	3,20	10,60	18,3	-47,6	24,0	0	-60,5
488	01.08.2025 14:34:07,000	3,20	10,60	6,4	-9,5	74,1	1	-10,0
489	01.08.2025 14:34:08,000	3,12	10,57	-5,9	-4,7	79,4	1	-4,9
490	01.08.2025 14:34:09,000	3,12	10,57	-1,4	-5,6	83,0	0	-5,6
491	01.08.2025 14:34:10,000	3,12	10,57	-6,7	-11,3	72,0	0	-12,1
492	01.08.2025 14:34:11,000	3,12	10,54	-9,6	-4,5	76,0	0	-4,7
493	01.08.2025 14:34:12,000	3,12	10,54	-0,1	-4,8	85,1	0	-4,8
494	01.08.2025 14:34:13,000	3,12	10,54	-2,8	-5,9	81,3	0	-6,0
495	01.08.2025 14:34:14,000	3,12	10,52	-9,0	-1,8	79,2	0	-1,8
496	01.08.2025 14:34:15,000	3,12	10,54	8,5	0,3	81,2	0	0,3
497	01.08.2025 14:34:16,000	3,12	10,54	-16,7	-3,4	69,9	0	-3,7
498	01.08.2025 14:34:17,000	3,12	10,54	1,5	-9,1	79,4	0	-9,2
499	01.08.2025 14:34:18,000	3,12	10,54	-1,0	-8,2	80,7	0	-8,3
500	01.08.2025 14:34:19,000	3,08	10,52	-2,6	-10,6	76,8	0	-10,9
501	01.08.2025 14:34:20,000	3,12	10,54	-19,7	-8,6	61,7	0	-10,0
502	01.08.2025 14:34:21,000	3,08	10,56	-22,1	-14,9	53,0	1	-18,4
503	01.08.2025 14:34:22,000	3,08	10,56	1,2	-8,8	80,1	0	-8,9
504	01.08.2025 14:34:23,000	3,08	10,59	-2,5	-14,6	72,9	1	-15,0
505	01.08.2025 14:34:24,000	3,01	10,56	10,5	-7,6	71,9	0	-8,2
506	01.08.2025 14:34:25,000	2,97	10,55	-19,6	-11,0	59,4	0	-13,0
507	01.08.2025 14:34:26,000	2,93	10,55	-3,3	4,6	82,2	0	4,7
508	01.08.2025 14:34:27,000	2,93	10,55	2,0	-2,1	85,9	0	-2,1
509	01.08.2025 14:34:28,000	2,85	10,54	4,9	-3,0	82,0	0	-3,1
510	01.08.2025 14:34:29,000	2,82	10,56	2,9	-2,2	84,9	0	-2,2
511	01.08.2025 14:34:30,000	2,78	10,53	-3,6	-2,9	83,5	0	-3,0
512	01.08.2025 14:34:31,000	2,78	10,53	-4,2	0,6	85,3	0	0,6
513	01.08.2025 14:34:32,000	2,74	10,53	-10,1	0,9	79,0	0	0,9
514	01.08.2025 14:34:33,000	2,74	10,53	-5,1	-3,5	81,3	0	-3,7
515	01.08.2025 14:34:34,000	2,70	10,50	2,7	-3,7	83,6	0	-3,8
516	01.08.2025 14:34:35,000	2,70	10,50	0,6	3,2	86,2	0	3,2
517	01.08.2025 14:34:36,000	2,66	10,52	1,5	7,7	80,9	0	7,8
518	01.08.2025 14:34:37,000	2,66	10,49	-0,1	-6,6	83,3	0	-6,6
519	01.08.2025 14:34:38,000	2,66	10,49	8,2	7,6	74,3	1	8,1
520	01.08.2025 14:34:39,000	2,63	10,47	4,0	4,7	81,3	1	4,9
521	01.08.2025 14:34:40,000	2,63	10,49	-4,7	-2,1	83,2	0	-2,1
522	01.08.2025 14:34:41,000	2,63	10,49	-6,9	-2,1	81,0	1	-2,1
523	01.08.2025 14:34:42,000	2,59	10,49	-0,6	-7,4	82,0	1	-7,5
524	01.08.2025 14:34:43,000	2,59	10,49	-0,7	-1,8	87,5	0	-1,8
525	01.08.2025 14:34:44,000	2,59	10,51	-6,3	9,4	74,3	1	9,9
526	01.08.2025 14:34:45,000	2,59	10,46	-5,1	-2,3	82,5	0	-2,4
527	01.08.2025 14:34:46,000	2,59	10,49	1,8	-0,3	87,9	1	-0,3
528	01.08.2025 14:34:47,000	2,55	10,48	5,1	-5,1	79,8	0	-5,3
529	01.08.2025 14:34:48,000	2,55	10,44	40,9	7,8	41,2	1	11,9
530	01.08.2025 14:34:49,000	2,51	10,43	-5,6	-3,2	81,2	1	-3,3
531	01.08.2025 14:34:50,000	2,51	10,48	-8,4	-8,0	73,5	1	-8,6
532	01.08.2025 14:34:51,000	2,47	10,47	-5,4	-4,3	80,3	1	-4,4
533	01.08.2025 14:34:52,000	2,47	10,47	-5,1	-8,4	76,5	0	-8,8
534	01.08.2025 14:34:53,000	2,47	10,47	-11,6	-5,4	72,9	0	-5,8
535	01.08.2025 14:34:54,000	2,47	10,47	2,4	-6,9	80,7	0	-7,1
536	01.08.2025 14:34:55,000	2,47	10,47	-1,9	-6,3	81,8	0	-6,4
537	01.08.2025 14:34:56,000	2,47	10,47	-7,3	1,1	81,6	0	1,1
538	01.08.2025 14:34:57,000	2,47	10,47	-3,4	-32,3	54,2	0	-33,6
539	01.08.2025 14:34:58,000	2,47	10,50	-3,8	-9,3	77,0	1	-9,6
540	01.08.2025 14:34:59,000	2,47	10,50	9,3	-8,8	71,9	0	-9,5
541	01.08.2025 14:35:00,000	2,47	10,47	-6,1	-8,3	75,6	1	-8,8
542	01.08.2025 14:35:01,000	2,47	10,50	0,6	-2,3	87,1	0	-2,3
543	01.08.2025 14:35:02,000	2,43	10,49	7,5	-13,7	68,7	0	-14,8
544	01.08.2025 14:35:03,000	2,43	10,47	-7,4	-6,2	76,3	1	-6,6
545	01.08.2025 14:35:04,000	2,43	10,45	-5,9	-5,6	78,5	0	-5,8
546	01.08.2025 14:35:05,000	2,43	10,47	-9,3	3,5	77,2	0	3,7
547	01.08.2025 14:35:06,000	2,43	10,45	11,6	9,2	69,1	1	10,1
548	01.08.2025 14:35:07,000	2,43	10,49	3,9	-7,3	78,8	0	-7,5
549	01.08.2025 14:35:08,000	2,43	10,45	9,6	-0,3	80,1	0	-0,3
550	01.08.2025 14:35:09,000	2,39	10,49	4,2	-4,0	81,8	1	-4,1
551	01.08.2025 14:35:10,000	2,39	10,49	4,0	-6,2	79,8	0	-6,4
552	01.08.2025 14:35:11,000	2,39	10,44	2,2	-12,0	75,8	0	-12,3
553	01.08.2025 14:35:12,000	2,39	10,47	24,0	-13,7	52,3	1	-17,2
554	01.08.2025 14:35:13,000	2,36	10,42	19,2	-16,5	54,2	1	-20,0
555	01.08.2025 14:35:14,000	2,32	10,48	1,6	-5,9	82,5	1	-6,0
556	01.08.2025 14:35:15,000	2,28	10,50	2,6	-12,9	74,5	1	-13,2
557	01.08.2025 14:35:16,000	2,28	10,45	-2,9	-6,4	80,7	1	-6,6
558	01.08.2025 14:35:17,000	2,24	10,45	4,0	-12,8	73,3	1	-13,3
559	01.08.2025 14:35:18,000	2,24	10,43	2,9	-16,2	70,9	1	-16,7
560	01.08.2025 14:35:19,000	2,24	10,45	-4,5	-7,4	78,0	0	-7,8
561	01.08.2025 14:35:20,000	2,24	10,47	-6,3	-12,3	71,4	1	-13,0
562	01.08.2025 14:35:21,000	2,24	10,47	-3,1	-6,4	80,4	0	-6,6
563	01.08.2025 14:35:22,000	2,24	10,43	13,8	-12,4	63,8	1	-14,0
564	01.08.2025 14:35:23,000	2,24	10,45	-0,7	-5,1	84,3	0	-5,1
565	01.08.2025 14:35:24,000	2,24	10,45	12,9	-5,1	71,9	0	-5,5
566	01.08.2025 14:35:25,000	2,24	10,45	-3,8	-15,8	70,4	0	-16,5
567	01.08.2025 14:35:26,000	2,24	10,45	9,6	4,5	75,9	1	4,8
568	01.08.2025 14:35:27,000	2,20	10,42	-5,0	-8,0	77,0	1	-8,4
569	01.08.2025 14:35:28,000	2,20	10,45	-1,0	-10,4	78,7	0	-10,5
570	01.08.2025 14:35:29,000	2,20	10,45	-7,7	-11,6	70,7	0	-12,5
571	01.08.2025 14:35:30,000	2,20	10,45	-3,9	-7,8	78,2	1	-8,1
572	01.08.2025 14:35:31,000	2,20	10,45	-4,1	-5,8	80,1	0	-6,0
573	01.08.2025 14:35:32,000	2,20	10,45	-1,7	-1,3	87,1	0	-1,3
574	01.08.2025 14:35:33,000	2,24	10,45	-6,8	1,0	82,3	0	1,0
575	01.08.2025 14:35:34,000	2,24	10,45	7,8	-6,1	76,1	0	-6,4
576	01.08.2025 14:35:35,000	2,20	10,45	-10,3	-7,4	72,2	1	-8,0
577	01.08.2025 14:35:36,000	2,20	10,45	-6,9	-1,7	81,4	0	-1,7
578	01.08.2025 14:35:37,000	2,20	10,47	15,3	-4,9	69,8	0	-5,4
579	01.08.2025 14:35:38,000	2,20	10,45	24,3	5,5	60,2	0	6,4
580	01.08.2025 14:35:39,000	2,16	10,42	7,4	-6,5	76,2	1	-6,8
581	01.08.2025 14:35:40,000	2,12	10,41	-4,4	-7,1	78,5	1	-7,4
582	01.08.2025 14:35:41,000	2,12	10,44	-3,7	-4,6	81,7	0	-4,7
583	01.08.2025 14:35:42,000	2,12	10,44	-1,0	-0,9	88,1	0	-0,9
584	01.08.2025 14:35:43,000	2,09	10,43	-1,9	-1,3	86,8	0	-1,3
585	01.08.2025 14:35:44,000	2,09	10,43	-11,0	-5,7	73,4	0	-6,1
586	01.08.2025 14:35:45,000	2,09	10,43	-2,0	-0,7	87,3	0	-0,7
587	01.08.2025 14:35:46,000	2,09	10,43	0,6	-7,5	81,9	1	-7,6
588	01.08.2025 14:35:47,000	2,09	10,43	-6,7	-3,1	80,3	0	-3,2
589	01.08.2025 14:35:48,000	2,05	10,43	-6,9	-5,4	77,6	0	-5,7
590	01.08.2025 14:35:49,000	2,05	10,45	-13,2	-4,5	72,4	0	-4,8
591	01.08.2025 14:35:50,000	2,05	10,45	-11,2	-9,2	69,5	0	-10,1
592	01.08.2025 14:35:51,000	2,05	10,45	0,0	-13,5	76,5	1	-13,5
593	01.08.2025 14:35:52,000	2,05	10,43	-6,6	-7,5	76,0	0	-7,9
594	01.08.2025 14:35:53,000	2,05	10,43	-4,8	-5,1	80,1	0	-5,3
595	01.08.2025 14:35:54,000	2,05	10,43	0,2	-7,2	82,6	0	-7,2
596	01.08.2025 14:35:55,000	2,05	10,43	-8,1	-3,9	78,0	0	-4,1
597	01.08.2025 14:35:56,000	2,05	10,45	-10,7	-4,7	74,6	0	-5,0
598	01.08.2025 14:35:57,000	2,01	10,47	29,4	7,1	53,5	0	8,9
599	01.08.2025 14:35:58,000	2,01	10,45	-7,5	-3,2	79,3	0	-3,3
600	01.08.2025 14:35:59,000	1,97	10,44	6,6	-13,7	69,7	0	-14,6
601	01.08.2025 14:36:00,000	1,93	10,46	-2,7	-2,9	84,3	0	-3,0
602	01.08.2025 14:36:01,000	1,93	10,44	-4,5	-18,3	67,2	0	-19,2
603	01.08.2025 14:36:02,000	1,93	10,46	4,5	-7,8	77,7	1	-8,1
604	01.08.2025 14:36:03,000	1,93	10,46	-0,5	-5,1	84,4	0	-5,2
605	01.08.2025 14:36:04,000	1,93	10,44	-1,7	-7,1	81,2	0	-7,2
606	01.08.2025 14:36:05,000	1,93	10,46	1,6	0,0	88,4	0	0,0
607	01.08.2025 14:36:06,000	1,93	10,46	-4,0	-7,6	78,3	0	-7,9
608	01.08.2025 14:36:07,000	1,93	10,46	-4,6	-4,8	80,6	0	-5,0
609	01.08.2025 14:36:08,000	1,93	10,44	-1,4	-6,7	81,9	0	-6,8
610	01.08.2025 14:36:09,000	1,93	10,46	-7,4	-4,0	78,6	0	-4,2
611	01.08.2025 14:36:10,000	1,93	10,46	-8,3	-7,5	74,2	0	-8,0
612	01.08.2025 14:36:11,000	1,97	10,47	-9,6	-6,6	73,8	0	-7,0
613	01.08.2025 14:36:12,000	1,97	10,47	0,9	-0,9	88,3	0	-0,9
614	01.08.2025 14:36:13,000	1,97	10,44	-3,6	-7,0	79,4	0	-7,2
615	01.08.2025 14:36:14,000	1,93	10,46	-9,2	-5,8	75,0	0	-6,2
616	01.08.2025 14:36:15,000	1,93	10,46	-5,8	-1,2	82,9	0	-1,3
617	01.08.2025 14:36:16,000	1,93	10,46	4,7	0,5	84,8	0	0,5
618	01.08.2025 14:36:17,000	1,93	10,46	-2,9	-5,9	81,2	1	-6,1
619	01.08.2025 14:36:18,000	1,93	10,46	-9,4	-3,8	76,8	0	-4,0
620	01.08.2025 14:36:19,000	1,93	10,46	-8,5	-8,2	73,3	0	-8,8
621	01.08.2025 14:36:20,000	1,93	10,46	-13,7	-0,5	75,8	0	-0,6
622	01.08.2025 14:36:21,000	1,93	10,49	-5,4	-12,7	71,9	1	-13,4
623	01.08.2025 14:36:22,000	1,93	10,46	-3,2	-12,7	74,0	0	-13,2
624	01.08.2025 14:36:23,000	1,93	10,49	-14,0	-8,2	67,8	0	-9,1
625	01.08.2025 14:36:24,000	1,89	10,46	-3,3	-5,4	81,3	0	-5,6
626	01.08.2025 14:36:25,000	1,89	10,46	-4,7	-2,4	82,9	0	-2,4
627	01.08.2025 14:36:26,000	1,89	10,48	-1,5	-7,3	81,2	0	-7,4
628	01.08.2025 14:36:27,000	1,89	10,46	-1,7	0,6	87,8	0	0,6
629	01.08.2025 14:36:28,000	1,89	10,46	-7,7	-6,7	75,6	0	-7,1
630	01.08.2025 14:36:29,000	1,85	10,48	-3,2	-2,0	84,8	0	-2,1
631	01.08.2025 14:36:30,000	1,85	10,48	-17,9	-4,8	67,3	1	-5,3
632	01.08.2025 14:36:31,000	1,85	10,48	-11,1	-5,4	73,4	0	-5,8
633	01.08.2025 14:36:32,000	1,85	10,48	3,1	-5,6	81,4	1	-5,7
634	01.08.2025 14:36:33,000	1,85	10,50	0,5	-7,2	82,3	1	-7,3
635	01.08.2025 14:36:34,000	1,85	10,48	-1,1	-6,2	82,7	0	-6,2
636	01.08.2025 14:36:35,000	1,85	10,48	-3,4	-9,5	77,1	1	-9,8
637	01.08.2025 14:36:36,000	1,85	10,50	-5,1	-3,6	81,3	1	-3,7
638	01.08.2025 14:36:37,000	1,85	10,50	-20,9	-1,8	67,3	0	-1,9
639	01.08.2025 14:36:38,000	1,85	10,50	10,0	-28,9	51,1	0	-32,4
640	01.08.2025 14:36:39,000	1,85	10,48	-24,6	-0,5	65,0	0	-0,5
641	01.08.2025 14:36:40,000	1,81	10,52	-7,2	-6,0	76,8	0	-6,3
642	01.08.2025 14:36:41,000	1,77	10,49	-2,7	-3,7	83,7	0	-3,8
643	01.08.2025 14:36:42,000	1,77	10,49	-2,4	4,4	83,1	0	4,5
644	01.08.2025 14:36:43,000	1,77	10,49	-6,0	-2,3	81,7	0	-2,4
645	01.08.2025 14:36:44,000	1,77	10,49	3,9	-2,6	83,4	0	-2,7
646	01.08.2025 14:36:45,000	1,77	10,49	4,3	3,8	81,9	0	3,9
647	01.08.2025 14:36:46,000	1,77	10,49	-5,3	4,6	80,0	0	4,8
648	01.08.2025 14:36:47,000	1,77	10,49	-7,8	1,5	80,7	0	1,5
649	01.08.2025 14:36:48,000	1,77	10,49	0,4	-3,3	86,3	0	-3,3
650	01.08.2025 14:36:49,000	1,77	10,52	-17,8	-3,3	68,9	0	-3,6
651	01.08.2025 14:36:50,000	1,77	10,52	7,7	-4,8	77,6	0	-5,0
652	01.08.2025 14:36:51,000	1,77	10,52	-8,8	-7,0	74,3	0	-7,4
653	01.08.2025 14:36:52,000	1,77	10,52	6,4	-5,0	78,6	0	-5,2
654	01.08.2025 14:36:53,000	1,74	10,47	0,5	-1,9	87,6	1	-1,9
655	01.08.2025 14:36:54,000	1,74	10,51	3,0	-0,5	86,5	0	-0,5
656	01.08.2025 14:36:55,000	1,74	10,49	-1,5	2,2	86,3	0	2,2
657	01.08.2025 14:36:56,000	1,74	10,51	-4,7	-0,5	84,8	0	-0,5
658	01.08.2025 14:36:57,000	1,74	10,47	-12,8	-2,9	74,3	0	-3,1
659	01.08.2025 14:36:58,000	1,74	10,51	0,9	-0,8	88,3	1	-0,8
660	01.08.2025 14:36:59,000	1,74	10,49	-1,7	-3,3	85,0	0	-3,4
661	01.08.2025 14:37:00,000	1,74	10,49	-7,1	-2,0	80,8	1	-2,1
662	01.08.2025 14:37:01,000	1,74	10,49	-6,8	-6,6	76,6	0	-6,9
663	01.08.2025 14:37:02,000	1,74	10,49	-12,0	-5,0	73,0	0	-5,3
664	01.08.2025 14:37:03,000	1,74	10,49	-7,1	-5,7	77,2	1	-6,0
665	01.08.2025 14:37:04,000	1,74	10,49	-4,3	-3,2	82,5	0	-3,3
666	01.08.2025 14:37:05,000	1,74	10,49	-7,1	-6,2	76,8	0	-6,5
667	01.08.2025 14:37:06,000	1,77	10,49	-14,0	2,0	73,9	0	2,1
668	01.08.2025 14:37:07,000	1,77	10,52	0,8	10,1	79,1	0	10,2
669	01.08.2025 14:37:08,000	1,77	10,49	-0,7	2,3	86,9	0	2,4
670	01.08.2025 14:37:09,000	1,74	10,49	-16,1	2,6	71,2	0	2,8
671	01.08.2025 14:37:10,000	1,74	10,49	-4,1	3,1	82,9	0	3,1
672	01.08.2025 14:37:11,000	1,74	10,49	-1,0	4,9	84,1	1	5,0
673	01.08.2025 14:37:12,000	1,74	10,49	-7,5	0,5	82,0	0	0,5
674	01.08.2025 14:37:13,000	1,74	10,49	-7,4	3,2	79,4	0	3,3
675	01.08.2025 14:37:14,000	1,74	10,51	-15,4	-1,1	73,5	1	-1,2
676	01.08.2025 14:37:15,000	1,74	10,51	24,3	2,8	62,9	0	3,2
677	01.08.2025 14:37:16,000	1,74	10,58	-3,8	0,3	85,9	1	0,3
678	01.08.2025 14:37:17,000	1,74	10,49	-8,6	-1,5	79,8	0	-1,6
679	01.08.2025 14:37:18,000	1,74	10,49	0,2	-4,2	85,6	0	-4,2
680	01.08.2025 14:37:19,000	1,70	10,49	3,0	-3,7	83,3	0	-3,8
681	01.08.2025 14:37:20,000	1,70	10,49	-2,8	-2,9	84,3	0	-3,0
682	01.08.2025 14:37:21,000	1,70	10,51	2,1	-1,8	86,1	0	-1,9
683	01.08.2025 14:37:22,000	1,70	10,51	0,0	-7,2	82,8	0	-7,2
684	01.08.2025 14:37:23,000	1,70	10,49	1,8	-3,8	84,4	0	-3,9
685	01.08.2025 14:37:24,000	1,70	10,49	9,3	-7,8	72,9	1	-8,4
686	01.08.2025 14:37:25,000	1,70	10,49	-9,1	-4,1	76,8	0	-4,3
687	01.08.2025 14:37:26,000	1,70	10,49	-14,1	-5,2	70,7	0	-5,6
688	01.08.2025 14:37:27,000	1,70	10,49	-8,4	-3,7	77,9	0	-3,9
689	01.08.2025 14:37:28,000	1,70	10,51	-5,1	-2,6	82,3	0	-2,7
690	01.08.2025 14:37:29,000	1,70	10,51	-10,6	-3,3	76,2	0	-3,4
691	01.08.2025 14:37:30,000	1,70	10,49	1,2	-6,8	82,0	0	-6,9
692	01.08.2025 14:37:31,000	1,70	10,51	-3,7	-2,0	84,3	0	-2,1
693	01.08.2025 14:37:32,000	1,70	10,51	-4,4	-5,1	80,5	0	-5,3
694	01.08.2025 14:37:33,000	1,70	10,51	4,6	-1,3	84,1	0	-1,3
695	01.08.2025 14:37:34,000	1,70	10,51	-4,3	-3,1	82,7	0	-3,1
696	01.08.2025 14:37:35,000	1,70	10,51	-0,8	-3,9	85,3	1	-3,9
697	01.08.2025 14:37:36,000	1,66	10,50	-10,5	-3,7	75,8	0	-3,9
698	01.08.2025 14:37:37,000	1,66	10,48	-2,4	-5,4	82,2	0	-5,5
699	01.08.2025 14:37:38,000	1,66	10,48	-11,8	-7,2	71,0	0	-7,8
700	01.08.2025 14:37:39,000	1,66	10,50	-5,2	-3,0	81,8	0	-3,1
701	01.08.2025 14:37:40,000	1,66	10,50	-7,7	0,2	82,1	0	0,2
702	01.08.2025 14:37:41,000	1,66	10,48	1,5	-11,3	77,2	0	-11,5
703	01.08.2025 14:37:42,000	1,66	10,50	-9,7	-2,8	77,5	0	-2,9
704	01.08.2025 14:37:43,000	1,66	10,50	-5,7	-4,3	80,1	0	-4,4
705	01.08.2025 14:37:44,000	1,66	10,50	-8,2	-6,1	75,7	0	-6,4
706	01.08.2025 14:37:45,000	1,66	10,50	-0,4	-3,8	85,8	0	-3,8
707	01.08.2025 14:37:46,000	1,66	10,50	-4,8	-8,5	76,7	0	-8,9
708	01.08.2025 14:37:47,000	1,66	10,48	-8,7	-2,4	78,8	0	-2,5
709	01.08.2025 14:37:48,000	1,66	10,50	-6,1	-11,3	72,7	0	-11,9
710	01.08.2025 14:37:49,000	1,66	10,46	-16,4	-0,1	73,5	1	-0,1
711	01.08.2025 14:37:50,000	1,66	10,50	2,0	-2,5	85,5	0	-2,5
712	01.08.2025 14:37:51,000	1,62	10,50	-7,0	-7,1	75,8	0	-7,5
713	01.08.2025 14:37:52,000	1,62	10,50	-2,5	-9,8	77,7	1	-10,1
714	01.08.2025 14:37:53,000	1,62	10,50	-4,1	-6,3	79,6	0	-6,5
715	01.08.2025 14:37:54,000	1,62	10,50	-8,9	-3,4	77,7	0	-3,5
716	01.08.2025 14:37:55,000	1,62	10,52	-2,1	-8,7	79,2	0	-8,9
717	01.08.2025 14:37:56,000	1,62	10,48	-3,7	-5,9	80,5	0	-6,0
718	01.08.2025 14:37:57,000	1,62	10,48	-5,8	2,2	82,1	0	2,2
719	01.08.2025 14:37:58,000	1,62	10,48	-1,9	-10,4	77,7	0	-10,6
720	01.08.2025 14:37:59,000	1,62	10,48	-9,7	-3,2	77,1	0	-3,4
721	01.08.2025 14:38:00,000	1,62	10,48	-6,0	-4,0	80,0	0	-4,1
722	01.08.2025 14:38:01,000	1,62	10,48	-5,2	-4,2	80,6	1	-4,4
723	01.08.2025 14:38:02,000	1,62	10,48	-13,9	-3,8	72,4	0	-4,1
724	01.08.2025 14:38:03,000	1,62	10,50	25,6	-23,1	41,2	1	-31,3
725	01.08.2025 14:38:04,000	1,62	10,45	3,6	-9,8	76,6	0	-10,1
726	01.08.2025 14:38:05,000	1,58	10,50	-4,5	-5,6	79,8	0	-5,9
727	01.08.2025 14:38:06,000	1,58	10,50	-7,0	-2,4	80,5	0	-2,5
728	01.08.2025 14:38:07,000	1,58	10,52	-0,7	-7,0	82,3	0	-7,0
729	01.08.2025 14:38:08,000	1,58	10,50	-8,3	-4,0	77,7	0	-4,2
730	01.08.2025 14:38:09,000	1,54	10,52	-4,1	-5,4	80,5	0	-5,5
731	01.08.2025 14:38:10,000	1,54	10,49	-6,9	-7,4	75,7	0	-7,8
732	01.08.2025 14:38:11,000	1,54	10,49	1,0	-2,6	86,3	0	-2,6
733	01.08.2025 14:38:12,000	1,54	10,47	-7,7	-3,9	78,4	1	-4,1
734	01.08.2025 14:38:13,000	1,54	10,47	2,8	-5,3	81,9	0	-5,4
735	01.08.2025 14:38:14,000	1,54	10,49	-10,8	-9,0	70,2	0	-9,8
736	01.08.2025 14:38:15,000	1,54	10,49	-1,1	-1,2	87,7	0	-1,2
737	01.08.2025 14:38:16,000	1,54	10,49	-13,6	-4,2	72,2	1	-4,5
738	01.08.2025 14:38:17,000	1,54	10,47	5,3	-15,6	69,1	0	-16,5
739	01.08.2025 14:38:18,000	1,54	10,52	-0,4	-7,3	82,3	0	-7,3
740	01.08.2025 14:38:19,000	1,54	10,49	17,4	-6,0	66,6	0	-6,7
741	01.08.2025 14:38:20,000	1,54	10,54	-14,3	-0,2	75,5	1	-0,2
742	01.08.2025 14:38:21,000	1,54	10,49	0,9	-11,7	77,5	0	-11,8
743	01.08.2025 14:38:22,000	1,54	10,47	-0,2	-9,2	80,6	0	-9,2
744	01.08.2025 14:38:23,000	1,54	10,49	-10,5	4,2	75,2	0	4,5
745	01.08.2025 14:38:24,000	1,54	10,49	-15,5	-5,8	68,8	0	-6,3
746	01.08.2025 14:38:25,000	1,54	10,49	-7,8	-10,3	71,8	0	-11,1
747	01.08.2025 14:38:26,000	1,54	10,52	-0,8	-18,3	71,0	0	-18,4
748	01.08.2025 14:38:27,000	1,54	10,52	-3,9	-5,2	81,0	0	-5,3
749	01.08.2025 14:38:28,000	1,54	10,52	-0,8	-1,2	88,0	0	-1,2
750	01.08.2025 14:38:29,000	1,54	10,52	6,3	-5,3	78,4	0	-5,6
751	01.08.2025 14:38:30,000	1,54	10,47	4,3	-1,4	84,4	0	-1,4
752	01.08.2025 14:38:31,000	1,54	10,52	-8,3	-1,2	80,4	1	-1,3
753	01.08.2025 14:38:32,000	1,54	10,47	-2,6	-7,4	79,9	1	-7,6
754	01.08.2025 14:38:33,000	1,54	10,49	4,0	-6,2	79,7	0	-6,5
755	01.08.2025 14:38:34,000	1,54	10,49	-10,8	-4,4	74,8	0	-4,7
756	01.08.2025 14:38:35,000	1,54	10,49	6,2	-7,3	76,4	0	-7,7
757	01.08.2025 14:38:36,000	1,54	10,47	8,3	-1,7	80,0	1	-1,7
758	01.08.2025 14:38:37,000	1,54	10,49	-2,0	-1,7	86,3	0	-1,8
759	01.08.2025 14:38:38,000	1,50	10,51	19,1	-8,6	62,2	0	-9,9
760	01.08.2025 14:38:39,000	1,50	10,49	10,3	-6,2	73,4	0	-6,7
761	01.08.2025 14:38:40,000	1,50	10,49	-3,2	-10,5	76,2	1	-10,9
762	01.08.2025 14:38:41,000	1,50	10,51	-7,3	-7,9	74,9	0	-8,3
763	01.08.2025 14:38:42,000	1,46	10,51	-11,5	-14,3	64,2	1	-15,9
764	01.08.2025 14:38:43,000	1,46	10,44	-16,4	-10,0	63,6	1	-11,4
765	01.08.2025 14:38:44,000	1,46	10,55	-4,9	-11,3	73,8	0	-11,8
766	01.08.2025 14:38:45,000	1,46	10,48	-0,3	-5,2	84,5	0	-5,3
767	01.08.2025 14:38:46,000	1,46	10,51	7,5	-9,4	73,1	1	-10,1
768	01.08.2025 14:38:47,000	1,46	10,48	12,7	-4,6	72,7	1	-4,9
769	01.08.2025 14:38:48,000	1,46	10,46	28,2	-8,7	53,1	0	-11,0
770	01.08.2025 14:38:49,000	1,46	10,46	30,2	-7,8	52,0	0	-10,0
771	01.08.2025 14:38:50,000	1,46	10,44	30,8	-5,3	53,9	0	-6,6
772	01.08.2025 14:38:51,000	1,46	10,41	32,5	-4,4	53,1	0	-5,6
773	01.08.2025 14:38:52,000	1,46	10,39	33,2	-5,1	51,6	0	-6,6
774	01.08.2025 14:38:53,000	1,46	10,37	33,1	-4,9	52,1	0	-6,2
775	01.08.2025 14:38:54,000	1,46	10,32	32,6	-4,2	53,2	0	-5,4
776	01.08.2025 14:38:55,000	1,46	10,27	33,8	-5,3	50,9	0	-6,9
777	01.08.2025 14:38:56,000	1,46	10,25	34,3	-5,2	50,5	0	-6,7
778	01.08.2025 14:38:57,000	1,46	10,22	34,0	-7,1	48,9	0	-9,5
779	01.08.2025 14:38:58,000	1,46	10,20	35,6	-5,8	48,7	0	-7,7
780	01.08.2025 14:38:59,000	1,46	10,15	35,0	-6,6	48,4	0	-8,9
781	01.08.2025 14:39:00,000	1,46	10,13	34,3	-7,6	48,1	0	-10,3
782	01.08.2025 14:39:01,000	1,46	10,11	35,5	-7,3	47,2	0	-10,0
783	01.08.2025 14:39:02,000	1,46	10,06	34,6	-9,6	45,8	0	-13,3
784	01.08.2025 14:39:03,000	1,46	10,04	35,8	-9,4	44,8	0	-13,3
785	01.08.2025 14:39:04,000	1,42	10,01	35,0	-10,1	44,8	0	-14,3
786	01.08.2025 14:39:05,000	1,42	9,96	35,1	-10,6	44,3	0	-15,1
787	01.08.2025 14:39:06,000	1,38	9,93	35,2	-9,3	45,5	0	-13,0
788	01.08.2025 14:39:07,000	1,38	9,91	35,8	-10,6	43,7	0	-15,2
789	01.08.2025 14:39:08,000	1,38	9,89	34,3	-9,0	46,7	0	-12,4
790	01.08.2025 14:39:09,000	1,34	9,84	33,9	-9,0	47,0	0	-12,4
791	01.08.2025 14:39:10,000	1,34	9,81	33,4	-8,1	48,4	0	-10,9
792	01.08.2025 14:39:11,000	1,34	9,79	35,4	-7,5	47,1	0	-10,4
793	01.08.2025 14:39:12,000	1,34	9,77	37,4	-11,4	41,2	0	-17,1
794	01.08.2025 14:39:13,000	1,34	9,74	36,2	-9,6	44,1	0	-13,8
795	01.08.2025 14:39:14,000	1,34	9,72	34,9	-11,2	43,9	0	-15,9
796	01.08.2025 14:39:15,000	1,30	9,69	32,7	-8,3	49,0	0	-11,1
797	01.08.2025 14:39:16,000	1,30	9,64	32,1	-9,2	48,8	0	-12,2
798	01.08.2025 14:39:17,000	1,30	9,64	30,0	-8,8	51,3	0	-11,3
799	01.08.2025 14:39:18,000	1,30	9,62	33,4	-10,0	46,6	0	-13,7
800	01.08.2025 14:39:19,000	1,30	9,60	32,6	-9,4	48,0	0	-12,6
801	01.08.2025 14:39:20,000	1,30	9,55	32,7	-15,3	42,0	0	-22,0
802	01.08.2025 14:39:21,000	1,30	9,53	32,4	-11,2	46,4	0	-15,4
803	01.08.2025 14:39:22,000	1,30	9,50	28,8	-7,6	53,6	0	-9,6
804	01.08.2025 14:39:23,000	1,30	9,50	28,9	-8,1	53,0	0	-10,3
805	01.08.2025 14:39:24,000	1,30	9,48	31,4	-10,0	48,6	0	-13,3
806	01.08.2025 14:39:25,000	1,30	9,45	35,3	-13,4	41,3	0	-19,7
807	01.08.2025 14:39:26,000	1,26	9,45	34,2	-13,2	42,6	0	-19,0
808	01.08.2025 14:39:27,000	1,26	9,43	40,1	-4,7	45,2	0	-6,7
809	01.08.2025 14:39:28,000	1,26	9,40	36,3	-12,3	41,5	0	-18,1
810	01.08.2025 14:39:29,000	1,26	9,36	35,1	-13,6	41,4	0	-20,0
811	01.08.2025 14:39:30,000	1,26	9,36	33,8	-11,8	44,3	0	-16,7
812	01.08.2025 14:39:31,000	1,26	9,33	33,1	-12,1	44,8	0	-17,0
813	01.08.2025 14:39:32,000	1,26	9,31	35,7	-12,8	41,5	0	-18,8
814	01.08.2025 14:39:33,000	1,26	9,31	36,4	-12,9	40,7	0	-19,2
815	01.08.2025 14:39:34,000	1,26	9,29	35,3	-12,2	42,5	0	-17,7
816	01.08.2025 14:39:35,000	1,26	9,26	35,9	-11,2	42,8	0	-16,3
817	01.08.2025 14:39:36,000	1,26	9,26	37,1	-9,4	43,5	0	-13,7
818	01.08.2025 14:39:37,000	1,26	9,26	36,6	-11,6	41,7	0	-17,2
819	01.08.2025 14:39:38,000	1,26	9,24	36,3	-12,8	40,8	0	-19,1
820	01.08.2025 14:39:39,000	1,26	9,22	36,2	-10,7	43,1	0	-15,5
821	01.08.2025 14:39:40,000	1,22	9,19	36,7	-11,7	41,6	0	-17,3
822	01.08.2025 14:39:41,000	1,22	9,19	37,0	-10,9	42,1	0	-16,0
823	01.08.2025 14:39:42,000	1,22	9,16	36,1	-12,4	41,5	0	-18,4
824	01.08.2025 14:39:43,000	1,22	9,16	36,6	-10,2	43,2	0	-14,8
825	01.08.2025 14:39:44,000	1,22	9,16	37,0	-10,1	42,9	0	-14,7
826	01.08.2025 14:39:45,000	1,22	9,14	37,5	-11,6	40,8	0	-17,4
827	01.08.2025 14:39:46,000	1,22	9,12	36,7	-10,4	42,9	0	-15,2
828	01.08.2025 14:39:47,000	1,18	9,11	36,4	-10,3	43,3	0	-14,8
829	01.08.2025 14:39:48,000	1,18	9,11	36,8	-10,3	42,9	0	-15,0
830	01.08.2025 14:39:49,000	1,18	9,11	36,5	-9,1	44,4	0	-13,0
831	01.08.2025 14:39:50,000	1,18	9,09	37,8	-10,7	41,6	0	-15,9
832	01.08.2025 14:39:51,000	1,18	9,09	37,9	-10,1	42,0	0	-15,0
833	01.08.2025 14:39:52,000	1,18	9,11	37,8	-9,6	42,6	0	-14,1
834	01.08.2025 14:39:53,000	1,18	9,09	37,5	-9,7	42,8	0	-14,2
835	01.08.2025 14:39:54,000	1,18	9,09	38,0	-11,7	40,3	0	-17,8
836	01.08.2025 14:39:55,000	1,18	9,09	38,4	-10,7	40,9	0	-16,1
837	01.08.2025 14:39:56,000	1,18	9,09	36,5	-9,5	44,0	0	-13,6
838	01.08.2025 14:39:57,000	1,18	9,07	36,1	-9,9	44,0	0	-14,1
839	01.08.2025 14:39:58,000	1,18	9,07	37,9	-9,4	42,8	0	-13,7
840	01.08.2025 14:39:59,000	1,18	9,07	37,9	-9,2	43,0	0	-13,4
841	01.08.2025 14:40:00,000	1,18	9,07	37,8	-10,5	41,6	0	-15,7
842	01.08.2025 14:40:01,000	1,18	9,04	36,1	-8,4	45,5	0	-11,8
843	01.08.2025 14:40:02,000	1,18	9,04	36,7	-9,8	43,4	0	-14,2
844	01.08.2025 14:40:03,000	1,18	9,04	31,3	-8,8	49,9	0	-11,5
845	01.08.2025 14:40:04,000	1,18	9,07	41,5	-6,0	42,5	0	-8,9
846	01.08.2025 14:40:05,000	1,18	9,04	39,2	-7,7	43,1	0	-11,3
847	01.08.2025 14:40:06,000	1,18	9,04	38,4	-10,4	41,2	0	-15,6
848	01.08.2025 14:40:07,000	1,18	9,04	39,0	-6,6	44,4	0	-9,4
849	01.08.2025 14:40:08,000	1,18	9,02	39,1	-7,2	43,6	0	-10,5
850	01.08.2025 14:40:09,000	1,18	9,02	37,6	-6,2	46,2	0	-8,6
851	01.08.2025 14:40:10,000	1,18	9,02	37,1	-7,5	45,4	0	-10,6
852	01.08.2025 14:40:11,000	1,18	9,02	39,2	-8,6	42,2	0	-12,8
853	01.08.2025 14:40:12,000	1,22	9,00	38,8	-7,9	43,3	0	-11,5
854	01.08.2025 14:40:13,000	1,22	9,00	36,5	-4,3	49,1	0	-5,8
855	01.08.2025 14:40:14,000	1,22	8,98	37,9	-7,3	44,8	0	-10,4
856	01.08.2025 14:40:15,000	1,22	8,95	38,9	-8,1	43,0	0	-11,9
857	01.08.2025 14:40:16,000	1,26	8,93	38,3	-5,3	46,4	0	-7,3
858	01.08.2025 14:40:17,000	1,26	8,96	36,9	-8,8	44,3	0	-12,6
859	01.08.2025 14:40:18,000	1,26	8,93	37,7	-5,0	47,3	0	-6,9
860	01.08.2025 14:40:19,000	1,26	8,93	37,9	-4,9	47,2	0	-6,7
861	01.08.2025 14:40:20,000	1,30	8,94	38,3	-6,4	45,3	0	-9,0
862	01.08.2025 14:40:21,000	1,30	8,91	38,6	-5,8	45,6	0	-8,1
863	01.08.2025 14:40:22,000	1,30	8,91	38,6	-4,9	46,5	0	-6,8
864	01.08.2025 14:40:23,000	1,30	8,89	38,9	-4,0	47,1	0	-5,5
865	01.08.2025 14:40:24,000	1,34	8,87	38,7	-4,3	47,0	0	-6,0
866	01.08.2025 14:40:25,000	1,34	8,87	40,1	-3,3	46,6	0	-4,6
867	01.08.2025 14:40:26,000	1,34	8,87	40,2	-3,6	46,1	0	-5,1
868	01.08.2025 14:40:27,000	1,34	8,85	38,9	-3,3	47,8	0	-4,5
869	01.08.2025 14:40:28,000	1,38	8,85	42,1	-3,4	44,4	0	-4,9
870	01.08.2025 14:40:29,000	1,38	8,88	43,9	-2,9	43,2	0	-4,2
871	01.08.2025 14:40:30,000	1,38	8,85	42,8	-1,9	45,4	0	-2,7
872	01.08.2025 14:40:31,000	1,38	8,85	42,9	-2,2	44,9	0	-3,1
873	01.08.2025 14:40:32,000	1,38	8,85	43,1	-2,3	44,6	0	-3,3
874	01.08.2025 14:40:33,000	1,38	8,83	42,6	-2,8	44,6	0	-4,0
875	01.08.2025 14:40:34,000	1,38	8,80	42,4	-2,8	44,8	0	-4,0
876	01.08.2025 14:40:35,000	1,38	8,78	41,8	-1,2	46,9	0	-1,7
877	01.08.2025 14:40:36,000	1,38	8,78	41,6	-1,6	46,8	0	-2,2
878	01.08.2025 14:40:37,000	1,38	8,76	41,1	-2,4	46,5	0	-3,3
879	01.08.2025 14:40:38,000	1,42	8,74	41,3	-3,6	45,1	0	-5,0
880	01.08.2025 14:40:39,000	1,42	8,74	42,0	-3,1	44,9	0	-4,5
881	01.08.2025 14:40:40,000	1,42	8,74	41,5	-1,1	47,4	0	-1,5
882	01.08.2025 14:40:41,000	1,42	8,71	41,1	-2,8	46,1	0	-3,9
883	01.08.2025 14:40:42,000	1,46	8,70	39,9	-0,2	49,9	0	-0,3
884	01.08.2025 14:40:43,000	1,46	8,65	39,6	-2,8	47,6	0	-3,8
885	01.08.2025 14:40:44,000	1,46	8,65	41,1	-3,2	45,7	0	-4,5
886	01.08.2025 14:40:45,000	1,50	8,65	43,7	-1,6	44,7	0	-2,3
887	01.08.2025 14:40:46,000	1,50	8,61	41,7	-2,3	45,9	0	-3,3
888	01.08.2025 14:40:47,000	1,54	8,59	41,2	-2,5	46,3	0	-3,5
889	01.08.2025 14:40:48,000	1,54	8,59	42,0	-1,4	46,6	0	-2,0
890	01.08.2025 14:40:49,000	1,54	8,56	43,0	-0,3	46,8	0	-0,4
891	01.08.2025 14:40:50,000	1,58	8,54	43,7	-0,3	46,0	0	-0,4
892	01.08.2025 14:40:51,000	1,58	8,52	42,3	-1,0	46,6	0	-1,4
893	01.08.2025 14:40:52,000	1,58	8,52	42,4	-0,6	47,0	0	-0,8
894	01.08.2025 14:40:53,000	1,62	8,45	43,1	-0,3	46,6	0	-0,4
895	01.08.2025 14:40:54,000	1,62	8,45	43,1	-0,7	46,2	0	-0,9
896	01.08.2025 14:40:55,000	1,62	8,43	42,4	0,4	47,2	0	0,5
897	01.08.2025 14:40:56,000	1,62	8,41	44,2	-1,3	44,5	0	-1,9
898	01.08.2025 14:40:57,000	1,62	8,41	41,0	1,0	48,0	0	1,3
899	01.08.2025 14:40:58,000	1,66	8,36	41,0	2,5	46,5	0	3,5
900	01.08.2025 14:40:59,000	1,74	8,35	40,1	1,9	48,0	0	2,6
901	01.08.2025 14:41:00,000	1,74	8,33	42,6	1,7	45,7	0	2,4
902	01.08.2025 14:41:01,000	1,77	8,31	42,0	0,5	47,5	0	0,7
903	01.08.2025 14:41:02,000	1,81	8,29	43,7	0,1	46,1	0	0,2
904	01.08.2025 14:41:03,000	1,85	8,24	44,3	1,4	44,2	0	2,1
905	01.08.2025 14:41:04,000	1,85	8,24	43,7	0,5	45,8	0	0,6
906	01.08.2025 14:41:05,000	1,89	8,20	42,7	1,0	46,3	0	1,4
907	01.08.2025 14:41:06,000	1,89	8,20	44,2	1,3	44,5	0	1,8
908	01.08.2025 14:41:07,000	1,89	8,18	42,2	3,6	44,2	0	5,2
909	01.08.2025 14:41:08,000	1,89	8,15	42,3	2,6	45,1	0	3,7
910	01.08.2025 14:41:09,000	1,93	8,13	40,0	3,6	46,4	0	5,1
911	01.08.2025 14:41:10,000	1,97	8,09	42,9	3,1	44,0	0	4,5
912	01.08.2025 14:41:11,000	1,97	8,11	44,7	1,4	43,8	0	2,1
913	01.08.2025 14:41:12,000	2,01	8,07	43,9	0,9	45,2	0	1,2
914	01.08.2025 14:41:13,000	2,01	8,03	41,8	2,3	45,9	0	3,2
915	01.08.2025 14:41:14,000	2,01	8,03	45,0	2,3	42,7	0	3,4
916	01.08.2025 14:41:15,000	2,05	8,01	44,6	2,2	43,2	0	3,2
917	01.08.2025 14:41:16,000	2,05	7,98	32,3	8,6	49,2	0	11,4
918	01.08.2025 14:41:17,000	2,05	7,98	42,5	4,0	43,4	0	5,9
919	01.08.2025 14:41:18,000	2,05	7,96	45,1	4,2	40,8	0	6,4
920	01.08.2025 14:41:19,000	2,05	7,94	44,0	4,6	41,4	0	7,0
921	01.08.2025 14:41:20,000	2,05	7,89	39,5	6,2	44,3	0	8,9
922	01.08.2025 14:41:21,000	2,09	7,87	44,2	3,8	42,0	0	5,6
923	01.08.2025 14:41:22,000	2,12	7,85	46,8	1,7	41,5	0	2,5
924	01.08.2025 14:41:23,000	2,16	7,83	43,5	3,8	42,8	0	5,6
925	01.08.2025 14:41:24,000	2,16	7,81	39,9	5,2	44,9	0	7,4
926	01.08.2025 14:41:25,000	2,20	7,74	43,7	4,1	42,2	0	6,1
927	01.08.2025 14:41:26,000	2,24	7,72	45,1	2,2	42,7	0	3,2
928	01.08.2025 14:41:27,000	2,28	7,70	44,6	2,6	42,8	0	3,9
929	01.08.2025 14:41:28,000	2,36	7,64	41,0	5,0	44,0	0	7,2
930	01.08.2025 14:41:29,000	2,47	7,60	38,7	8,9	42,4	0	13,1
931	01.08.2025 14:41:30,000	2,55	7,59	45,2	1,0	43,8	0	1,5
932	01.08.2025 14:41:31,000	2,66	7,53	43,1	3,3	43,6	0	4,8
933	01.08.2025 14:41:32,000	2,70	7,49	40,5	4,1	45,4	0	5,9
934	01.08.2025 14:41:33,000	2,74	7,47	43,9	3,0	43,1	0	4,4
935	01.08.2025 14:41:34,000	2,78	7,45	43,6	3,4	43,1	0	4,9
936	01.08.2025 14:41:35,000	2,89	7,39	40,5	4,6	44,9	0	6,5
937	01.08.2025 14:41:36,000	3,01	7,36	42,0	3,9	44,1	0	5,6
938	01.08.2025 14:41:37,000	3,04	7,34	44,9	1,7	43,4	0	2,5
939	01.08.2025 14:41:38,000	3,08	7,32	43,4	3,7	42,9	0	5,4
940	01.08.2025 14:41:39,000	3,08	7,27	43,8	2,6	43,7	0	3,7
941	01.08.2025 14:41:40,000	3,12	7,25	44,6	3,4	42,0	0	5,1
942	01.08.2025 14:41:41,000	3,16	7,21	43,7	4,4	41,9	0	6,6
943	01.08.2025 14:41:42,000	3,16	7,18	42,4	5,3	42,4	0	7,9
944	01.08.2025 14:41:43,000	3,16	7,16	42,1	4,3	43,6	0	6,3
945	01.08.2025 14:41:44,000	3,16	7,14	42,1	5,0	43,0	0	7,3
946	01.08.2025 14:41:45,000	3,16	7,09	42,4	5,3	42,3	0	7,9
947	01.08.2025 14:41:46,000	3,16	7,07	42,2	5,7	42,1	0	8,5
948	01.08.2025 14:41:47,000	3,20	7,05	42,7	4,7	42,6	0	7,0
949	01.08.2025 14:41:48,000	3,23	6,98	39,6	6,6	43,8	0	9,6
950	01.08.2025 14:41:49,000	3,31	6,94	38,8	8,9	42,3	0	13,2
951	01.08.2025 14:41:50,000	3,42	6,95	40,4	8,4	41,1	0	12,8
952	01.08.2025 14:41:51,000	3,42	6,91	40,0	9,7	40,3	0	14,9
953	01.08.2025 14:41:52,000	3,42	6,88	37,9	11,4	40,7	0	17,1
954	01.08.2025 14:41:53,000	3,42	6,83	38,4	9,7	41,9	0	14,4
955	01.08.2025 14:41:54,000	3,42	6,81	40,1	9,9	40,0	0	15,2
956	01.08.2025 14:41:55,000	3,46	6,77	41,0	8,5	40,5	0	12,9
957	01.08.2025 14:41:56,000	3,46	6,74	40,6	7,5	41,9	0	11,2
958	01.08.2025 14:41:57,000	3,50	6,70	40,9	7,3	41,8	0	11,0
959	01.08.2025 14:41:58,000	3,61	6,64	41,6	6,5	42,0	0	9,7
960	01.08.2025 14:41:59,000	3,68	6,63	44,2	4,0	41,8	0	6,1
961	01.08.2025 14:42:00,000	3,76	6,56	37,9	5,3	46,8	0	7,2
962	01.08.2025 14:42:01,000	4,06	6,50	36,2	3,7	50,1	0	4,9
963	01.08.2025 14:42:02,000	4,35	6,44	30,9	4,6	54,6	0	5,7
964	01.08.2025 14:42:03,000	4,61	6,35	28,1	4,4	57,5	0	5,3
965	01.08.2025 14:42:04,000	4,83	6,35	36,0	7,1	46,9	0	9,7
966	01.08.2025 14:42:05,000	4,97	6,39	51,4	1,9	36,7	0	3,1
967	01.08.2025 14:42:06,000	5,01	6,41	44,8	6,1	39,0	0	9,7
968	01.08.2025 14:42:07,000	5,05	6,42	41,3	11,7	37,0	0	18,9
969	01.08.2025 14:42:08,000	5,05	6,44	44,2	11,1	34,7	0	18,9
970	01.08.2025 14:42:09,000	5,01	6,46	55,2	4,7	30,1	0	9,3
971	01.08.2025 14:42:10,000	5,01	6,44	54,8	6,5	28,6	0	13,4
972	01.08.2025 14:42:11,000	5,08	6,42	54,0	5,8	30,2	0	11,4
973	01.08.2025 14:42:12,000	5,12	6,40	55,1	4,8	30,1	0	9,5
974	01.08.2025 14:42:13,000	5,19	6,41	54,7	4,9	30,4	0	9,6
975	01.08.2025 14:42:14,000	5,23	6,39	55,7	3,1	31,2	0	5,9
976	01.08.2025 14:42:15,000	5,23	6,39	55,2	3,1	31,8	0	5,8
977	01.08.2025 14:42:16,000	5,23	6,37	55,9	2,4	31,7	0	4,5
978	01.08.2025 14:42:17,000	5,23	6,34	56,5	1,0	32,5	0	1,9
979	01.08.2025 14:42:18,000	5,23	6,32	56,3	-0,3	33,3	0	-0,6
980	01.08.2025 14:42:19,000	5,23	6,32	56,8	-1,4	31,8	0	-2,6
981	01.08.2025 14:42:20,000	5,23	6,30	57,6	-0,9	31,5	0	-1,7
982	01.08.2025 14:42:21,000	5,23	6,30	56,1	-1,3	32,7	0	-2,4
983	01.08.2025 14:42:22,000	5,23	6,27	56,5	-1,8	31,6	0	-3,5
984	01.08.2025 14:42:23,000	5,23	6,27	57,4	-2,4	30,2	0	-4,7
985	01.08.2025 14:42:24,000	5,26	6,23	57,0	-1,5	31,5	0	-2,8
986	01.08.2025 14:42:25,000	5,26	6,21	51,5	-1,5	37,0	0	-2,5
987	01.08.2025 14:42:26,000	5,26	6,18	50,8	-4,2	34,9	0	-7,4
988	01.08.2025 14:42:27,000	5,26	6,16	53,3	-2,7	34,0	0	-4,9
989	01.08.2025 14:42:28,000	5,30	6,09	52,1	-0,8	37,1	0	-1,3
990	01.08.2025 14:42:29,000	5,70	6,04	49,5	-2,4	38,1	0	-3,9
991	01.08.2025 14:42:30,000	6,19	5,95	48,9	-4,5	36,6	0	-7,6
992	01.08.2025 14:42:31,000	6,76	5,89	46,1	-6,8	37,1	0	-11,2
993	01.08.2025 14:42:32,000	7,00	5,89	45,0	-7,2	37,8	0	-11,7
994	01.08.2025 14:42:33,000	7,11	5,86	37,5	2,7	49,7	0	3,6
995	01.08.2025 14:42:34,000	7,21	5,82	40,6	-4,0	45,4	0	-5,6
996	01.08.2025 14:42:35,000	7,42	5,77	42,5	-4,4	43,1	0	-6,5
997	01.08.2025 14:42:36,000	7,63	5,74	42,6	-2,6	44,8	0	-3,8
998	01.08.2025 14:42:37,000	7,87	5,67	42,7	-2,6	44,7	0	-3,7
999	01.08.2025 14:42:38,000	8,24	5,62	40,1	2,5	47,3	0	3,5
1000	01.08.2025 14:42:39,000	8,48	5,67	43,7	-1,7	44,6	0	-2,4
1001	01.08.2025 14:42:40,000	8,58	5,65	44,1	-1,6	44,4	0	-2,3
1002	01.08.2025 14:42:41,000	8,75	5,62	44,9	-2,4	42,6	0	-3,6
1003	01.08.2025 14:42:42,000	9,25	5,56	44,9	-1,3	43,8	0	-1,9
1004	01.08.2025 14:42:43,000	9,75	5,54	43,2	1,2	45,6	0	1,7
1005	01.08.2025 14:42:44,000	9,95	5,53	40,9	3,0	46,1	0	4,1
1006	01.08.2025 14:42:45,000	10,21	5,51	44,4	-1,0	44,6	0	-1,4
1007	01.08.2025 14:42:46,000	10,31	5,55	47,9	-0,7	41,5	0	-1,0
1008	01.08.2025 14:42:47,000	10,38	5,53	53,3	0,1	36,6	0	0,2
1009	01.08.2025 14:42:48,000	10,44	5,56	54,0	2,6	33,5	0	4,7
1010	01.08.2025 14:42:49,000	10,44	5,61	56,9	2,1	30,9	0	4,1
1011	01.08.2025 14:42:50,000	10,44	5,63	57,6	2,0	30,4	0	4,0
1012	01.08.2025 14:42:51,000	10,41	5,65	57,8	0,9	31,3	0	1,8
1013	01.08.2025 14:42:52,000	10,38	5,67	56,8	1,3	31,9	0	2,5
1014	01.08.2025 14:42:53,000	10,38	5,67	50,7	0,2	39,1	0	0,3
1015	01.08.2025 14:42:54,000	10,34	5,67	44,4	-0,9	44,7	0	-1,3
1016	01.08.2025 14:42:55,000	10,34	5,64	44,6	-2,4	43,1	0	-3,5
1017	01.08.2025 14:42:56,000	10,38	5,65	43,8	-2,0	44,2	0	-2,9
1018	01.08.2025 14:42:57,000	10,38	5,65	43,7	-2,4	44,0	0	-3,4
1019	01.08.2025 14:42:58,000	10,38	5,60	45,6	-4,5	39,8	0	-7,1
1020	01.08.2025 14:42:59,000	10,54	5,59	46,7	-5,5	37,8	0	-8,9
1021	01.08.2025 14:43:00,000	10,67	5,56	45,9	-2,0	42,1	0	-3,0
1022	01.08.2025 14:43:01,000	10,90	5,56	47,7	-5,4	37,0	0	-8,9
1023	01.08.2025 14:43:02,000	11,06	5,55	47,7	-6,1	36,3	0	-10,3
1024	01.08.2025 14:43:03,000	11,22	5,52	48,6	-4,6	36,8	0	-7,7
1025	01.08.2025 14:43:04,000	11,29	5,53	50,6	-0,9	38,5	0	-1,5
1026	01.08.2025 14:43:05,000	11,32	5,48	48,9	-6,2	34,9	0	-10,8
1027	01.08.2025 14:43:06,000	11,42	5,54	49,1	-5,9	35,0	0	-10,3
1028	01.08.2025 14:43:07,000	11,42	5,51	49,0	-6,3	34,7	0	-11,0
1029	01.08.2025 14:43:08,000	11,38	5,51	50,1	-5,7	34,2	0	-10,2
1030	01.08.2025 14:43:09,000	11,35	5,51	50,5	-5,8	33,7	0	-10,3
1031	01.08.2025 14:43:10,000	11,45	5,52	51,4	-3,5	35,1	0	-6,1
1032	01.08.2025 14:43:11,000	11,64	5,47	49,3	-6,3	34,4	0	-11,2
1033	01.08.2025 14:43:12,000	11,74	5,48	49,6	-5,7	34,7	0	-9,9
1034	01.08.2025 14:43:13,000	11,74	5,48	50,5	-4,2	35,3	0	-7,3
1035	01.08.2025 14:43:14,000	11,87	5,42	45,6	-5,2	39,1	0	-8,3
1036	01.08.2025 14:43:15,000	11,96	5,43	45,8	-5,4	38,8	0	-8,6
1037	01.08.2025 14:43:16,000	11,99	5,41	39,0	-11,0	40,0	0	-16,8
1038	01.08.2025 14:43:17,000	12,03	5,43	46,8	-6,4	36,9	0	-10,5
1039	01.08.2025 14:43:18,000	11,99	5,43	41,1	-8,9	40,0	0	-13,8
1040	01.08.2025 14:43:19,000	11,96	5,43	39,8	-8,2	42,0	0	-12,3
1041	01.08.2025 14:43:20,000	12,15	5,40	44,8	-6,3	38,8	0	-10,1
1042	01.08.2025 14:43:21,000	12,28	5,41	44,1	-8,8	37,0	0	-14,4
1043	01.08.2025 14:43:22,000	12,25	5,39	46,4	-5,3	38,3	0	-8,6
1044	01.08.2025 14:43:23,000	12,22	5,34	37,2	-9,2	43,6	0	-13,3
1045	01.08.2025 14:43:24,000	12,28	5,34	34,7	-14,8	40,5	0	-21,9
1046	01.08.2025 14:43:25,000	12,38	5,33	45,9	-8,3	35,8	0	-14,0
1047	01.08.2025 14:43:26,000	12,44	5,31	35,6	-13,3	41,1	0	-19,7
1048	01.08.2025 14:43:27,000	12,47	5,27	38,5	-12,2	39,3	0	-18,7
1049	01.08.2025 14:43:28,000	12,63	5,23	42,4	-10,3	37,3	0	-16,6
1050	01.08.2025 14:43:29,000	12,82	5,25	41,2	-10,4	38,4	0	-16,4
1051	01.08.2025 14:43:30,000	12,88	5,26	43,1	-7,5	39,5	0	-11,7
1052	01.08.2025 14:43:31,000	12,94	5,22	48,4	-10,2	31,4	0	-18,9
1053	01.08.2025 14:43:32,000	13,10	5,23	50,9	-7,9	31,3	0	-14,9
1054	01.08.2025 14:43:33,000	13,16	5,22	46,5	-10,1	33,4	0	-17,9
1055	01.08.2025 14:43:34,000	13,16	5,22	31,9	-10,9	47,2	1	-14,8
1056	01.08.2025 14:43:35,000	13,16	5,17	40,2	-12,5	37,3	0	-19,9
1057	01.08.2025 14:43:36,000	13,26	5,18	41,1	-11,3	37,6	0	-18,0
1058	01.08.2025 14:43:37,000	13,23	5,20	39,9	-9,9	40,2	0	-15,1
1059	01.08.2025 14:43:38,000	13,26	5,16	31,8	-15,1	43,1	0	-21,4
1060	01.08.2025 14:43:39,000	13,29	5,11	42,7	-9,1	38,2	0	-14,5
1061	01.08.2025 14:43:40,000	13,29	5,11	28,9	-15,7	45,4	0	-21,3
1062	01.08.2025 14:43:41,000	13,26	5,16	40,0	-9,8	40,2	0	-15,0
1063	01.08.2025 14:43:42,000	13,35	5,09	37,4	-13,2	39,5	0	-20,1
1064	01.08.2025 14:43:43,000	13,35	5,07	42,5	-10,5	37,0	0	-17,2
1065	01.08.2025 14:43:44,000	13,35	5,07	37,8	-14,3	37,9	0	-22,2
1066	01.08.2025 14:43:45,000	13,32	5,09	42,4	-10,6	37,1	0	-17,1
1067	01.08.2025 14:43:46,000	13,29	5,06	40,5	-11,5	37,9	0	-18,3
1068	01.08.2025 14:43:47,000	13,26	5,06	45,7	-9,6	34,7	0	-16,4
1069	01.08.2025 14:43:48,000	13,23	5,04	38,2	-13,7	38,2	0	-21,3
1070	01.08.2025 14:43:49,000	13,20	5,03	45,8	-8,8	35,4	0	-15,0
1071	01.08.2025 14:43:50,000	13,23	5,04	35,9	-15,6	38,5	0	-23,7
1072	01.08.2025 14:43:51,000	13,29	4,97	37,1	-10,0	42,8	0	-14,6
1073	01.08.2025 14:43:52,000	13,32	4,95	40,5	-9,5	40,0	0	-14,7
1074	01.08.2025 14:43:53,000	13,32	4,93	37,0	-12,5	40,4	0	-18,9
1075	01.08.2025 14:43:54,000	13,29	4,90	45,4	-6,6	38,0	0	-10,7
1076	01.08.2025 14:43:55,000	13,29	4,88	35,5	-13,0	41,5	0	-19,1
1077	01.08.2025 14:43:56,000	13,35	4,88	39,8	-10,2	40,0	0	-15,7
1078	01.08.2025 14:43:57,000	13,48	4,85	40,1	-10,0	39,8	0	-15,4
1079	01.08.2025 14:43:58,000	13,51	4,80	43,0	-6,8	40,2	0	-10,5
1080	01.08.2025 14:43:59,000	13,54	4,76	40,7	-8,3	41,0	0	-12,5
1081	01.08.2025 14:44:00,000	13,57	4,74	36,0	-11,7	42,3	0	-17,0
1082	01.08.2025 14:44:01,000	13,63	4,72	38,7	-9,9	41,4	0	-14,8
1083	01.08.2025 14:44:02,000	13,67	4,68	37,5	-10,0	42,5	0	-14,6
1084	01.08.2025 14:44:03,000	13,67	4,68	37,5	-8,7	43,7	0	-12,6
1085	01.08.2025 14:44:04,000	13,63	4,63	39,9	-7,5	42,6	0	-11,0
1086	01.08.2025 14:44:05,000	13,67	4,63	39,9	-7,5	42,6	0	-11,0
1087	01.08.2025 14:44:06,000	13,76	4,57	38,8	-9,0	42,2	0	-13,3
1088	01.08.2025 14:44:07,000	13,82	4,58	39,1	-4,5	46,4	0	-6,3
1089	01.08.2025 14:44:08,000	13,85	4,53	32,1	-6,6	51,3	0	-8,5
1090	01.08.2025 14:44:09,000	13,85	4,51	31,7	-5,1	53,2	0	-6,4
1091	01.08.2025 14:44:10,000	13,95	4,47	31,3	-2,3	56,4	0	-2,7
1092	01.08.2025 14:44:11,000	14,07	4,48	34,7	2,8	52,5	0	3,5
1093	01.08.2025 14:44:12,000	14,19	4,42	31,2	4,4	54,4	0	5,5
1094	01.08.2025 14:44:13,000	14,35	4,44	33,4	6,3	50,3	0	8,2
1095	01.08.2025 14:44:14,000	14,47	4,43	31,3	7,4	51,3	0	9,6
1096	01.08.2025 14:44:15,000	14,56	4,41	30,6	-2,8	56,6	0	-3,4
1097	01.08.2025 14:44:16,000	14,66	4,40	35,9	-3,0	51,1	0	-3,9
1098	01.08.2025 14:44:17,000	14,66	4,40	35,4	-4,2	50,4	0	-5,5
1099	01.08.2025 14:44:18,000	14,63	4,40	33,8	-12,1	44,1	0	-17,1
1100	01.08.2025 14:44:19,000	14,60	4,42	35,9	-4,2	49,9	0	-5,6
1101	01.08.2025 14:44:20,000	14,56	4,41	30,5	-3,4	56,1	0	-4,1
1102	01.08.2025 14:44:21,000	14,56	4,41	30,1	-2,0	57,9	0	-2,3
1103	01.08.2025 14:44:22,000	14,60	4,39	32,1	-4,3	53,7	0	-5,3
1104	01.08.2025 14:44:23,000	14,66	4,38	34,0	1,4	54,5	1	1,8
1105	01.08.2025 14:44:24,000	14,69	4,36	32,8	7,5	49,7	0	10,0
1106	01.08.2025 14:44:25,000	14,75	4,36	24,1	1,3	64,6	0	1,4
1107	01.08.2025 14:44:26,000	14,81	4,37	28,9	-2,3	58,7	0	-2,8
1108	01.08.2025 14:44:27,000	14,87	4,35	33,4	-0,6	55,9	0	-0,8
1109	01.08.2025 14:44:28,000	14,93	4,33	25,8	-2,7	61,5	0	-3,1
1110	01.08.2025 14:44:29,000	14,96	4,34	29,3	-4,6	56,0	0	-5,6
1111	01.08.2025 14:44:30,000	14,96	4,34	28,5	-7,2	54,2	1	-9,1
1112	01.08.2025 14:44:31,000	14,99	4,34	25,3	-9,4	55,3	0	-11,5
1113	01.08.2025 14:44:32,000	15,03	4,32	32,8	0,5	56,7	0	0,6
1114	01.08.2025 14:44:33,000	15,09	4,32	29,8	3,7	56,5	0	4,5
1115	01.08.2025 14:44:34,000	15,18	4,31	29,4	5,6	55,0	1	6,9
1116	01.08.2025 14:44:35,000	15,21	4,31	31,1	-3,7	55,2	1	-4,5
1117	01.08.2025 14:44:36,000	15,27	4,32	23,9	-5,5	60,6	0	-6,4
1118	01.08.2025 14:44:37,000	15,27	4,36	34,3	-1,3	54,3	0	-1,7
1119	01.08.2025 14:44:38,000	15,30	4,32	23,6	-7,9	58,5	0	-9,4
1120	01.08.2025 14:44:39,000	15,36	4,33	26,8	-9,3	53,9	0	-11,6
1121	01.08.2025 14:44:40,000	15,39	4,33	26,7	-7,1	56,2	0	-8,7
1122	01.08.2025 14:44:41,000	15,39	4,33	27,4	-2,8	59,8	1	-3,3
1123	01.08.2025 14:44:42,000	15,39	4,33	26,2	-3,8	60,0	0	-4,5
1124	01.08.2025 14:44:43,000	15,42	4,33	23,0	-2,9	64,2	0	-3,2
1125	01.08.2025 14:44:44,000	15,42	4,38	23,5	4,3	62,2	0	4,9
1126	01.08.2025 14:44:45,000	15,42	4,36	28,9	-0,9	60,3	0	-1,0
1127	01.08.2025 14:44:46,000	15,45	4,36	34,4	-0,4	55,2	0	-0,5
1128	01.08.2025 14:44:47,000	15,45	4,34	21,9	-7,2	60,9	0	-8,4
1129	01.08.2025 14:44:48,000	15,48	4,34	23,4	-9,5	57,1	0	-11,5
1130	01.08.2025 14:44:49,000	15,51	4,32	26,0	-9,0	55,0	0	-11,1
1131	01.08.2025 14:44:50,000	15,55	4,32	28,8	-6,5	54,7	0	-8,1
1132	01.08.2025 14:44:51,000	15,51	4,32	31,4	1,7	56,9	0	2,1
1133	01.08.2025 14:44:52,000	15,51	4,34	26,3	2,1	61,7	0	2,3
1134	01.08.2025 14:44:53,000	15,55	4,30	23,8	1,4	64,7	0	1,6
1135	01.08.2025 14:44:54,000	15,61	4,30	24,6	-2,2	63,2	0	-2,4
1136	01.08.2025 14:44:55,000	15,67	4,31	28,4	-6,9	54,7	0	-8,6
1137	01.08.2025 14:44:56,000	15,67	4,33	28,9	-7,7	53,3	0	-9,8
1138	01.08.2025 14:44:57,000	15,67	4,36	28,9	-1,4	59,6	0	-1,7
1139	01.08.2025 14:44:58,000	15,70	4,34	25,5	-10,5	54,0	0	-13,1
1140	01.08.2025 14:44:59,000	15,70	4,38	27,8	-9,3	52,8	0	-11,8
1141	01.08.2025 14:45:00,000	15,73	4,34	25,9	-7,1	56,9	0	-8,6
1142	01.08.2025 14:45:01,000	15,79	4,32	27,9	-2,6	59,5	0	-3,0
1143	01.08.2025 14:45:02,000	15,85	4,30	25,8	6,3	57,9	0	7,6
1144	01.08.2025 14:45:03,000	15,88	4,33	34,0	-6,4	49,6	0	-8,5
1145	01.08.2025 14:45:04,000	15,88	4,38	31,4	-15,4	43,2	0	-21,8
1146	01.08.2025 14:45:05,000	15,88	4,38	40,4	-6,4	43,2	0	-9,4
1147	01.08.2025 14:45:06,000	15,85	4,40	37,9	1,6	50,5	0	2,1
1148	01.08.2025 14:45:07,000	15,85	4,40	42,0	-4,3	43,7	0	-6,3
1149	01.08.2025 14:45:08,000	15,85	4,35	32,0	-8,2	49,8	1	-10,8
1150	01.08.2025 14:45:09,000	15,91	4,36	44,2	-6,9	39,0	1	-10,9
1151	01.08.2025 14:45:10,000	15,94	4,34	29,0	-15,1	45,9	0	-20,4
1152	01.08.2025 14:45:11,000	15,94	4,34	28,4	-7,0	54,7	0	-8,7
1153	01.08.2025 14:45:12,000	16,00	4,34	47,2	-11,0	31,8	1	-20,1
1154	01.08.2025 14:45:13,000	16,06	4,32	31,7	-2,9	55,3	0	-3,6
1155	01.08.2025 14:45:14,000	16,06	4,30	33,5	-17,0	39,5	0	-25,2
1156	01.08.2025 14:45:15,000	16,09	4,28	26,4	15,8	47,8	0	20,7
1157	01.08.2025 14:45:16,000	16,12	4,28	37,0	-3,1	49,8	1	-4,1
1158	01.08.2025 14:45:17,000	16,15	4,26	30,0	-7,4	52,7	0	-9,4
1159	01.08.2025 14:45:18,000	16,15	4,26	34,7	-4,6	50,8	0	-6,0
1160	01.08.2025 14:45:19,000	16,21	4,24	51,5	9,4	29,2	0	18,6
1161	01.08.2025 14:45:20,000	16,24	4,25	60,6	8,5	20,8	0	18,6
1162	01.08.2025 14:45:21,000	16,27	4,23	64,8	10,9	14,4	0	18,6
1163	01.08.2025 14:45:22,000	16,27	4,23	62,4	14,8	12,8	0	18,6
1164	01.08.2025 14:45:23,000	16,30	4,28	61,3	20,0	8,7	0	18,6
1165	01.08.2025 14:45:24,000	16,33	4,28	60,9	21,8	7,3	0	18,6
1166	01.08.2025 14:45:25,000	16,33	4,28	58,7	22,2	9,1	0	67,1
1167	01.08.2025 14:45:26,000	16,37	4,26	60,8	19,8	9,4	0	67,1
1168	01.08.2025 14:45:27,000	16,40	4,24	57,6	24,0	8,4	0	70,3
1169	01.08.2025 14:45:28,000	16,46	4,20	56,0	26,0	8,1	0	72,1
1170	01.08.2025 14:45:29,000	16,49	4,25	58,2	24,2	7,6	0	72,0
1171	01.08.2025 14:45:30,000	16,46	4,29	57,2	19,9	12,8	0	56,9
1172	01.08.2025 14:45:31,000	16,37	4,33	54,8	18,4	16,8	1	47,6
1173	01.08.2025 14:45:32,000	16,27	4,34	48,8	3,4	37,8	0	5,5
1174	01.08.2025 14:45:33,000	16,15	4,38	30,4	4,8	54,8	0	6,0
1175	01.08.2025 14:45:34,000	16,03	4,39	35,3	9,7	45,0	0	13,7
1176	01.08.2025 14:45:35,000	15,91	4,43	63,1	19,2	7,7	0	13,7
1177	01.08.2025 14:45:36,000	15,76	4,44	63,6	20,1	6,3	1	13,7
1178	01.08.2025 14:45:37,000	15,67	4,43	52,7	23,4	13,9	0	58,8
1179	01.08.2025 14:45:38,000	15,55	4,44	50,6	16,9	22,5	0	37,3
1180	01.08.2025 14:45:39,000	15,48	4,46	57,8	23,9	8,4	0	70,2
1181	01.08.2025 14:45:40,000	15,42	4,45	59,9	21,7	8,3	0	68,5
1182	01.08.2025 14:45:41,000	15,33	4,46	80,3	-2,4	7,3	1	68,5
1183	01.08.2025 14:45:42,000	15,27	4,46	78,0	-4,4	7,6	0	68,5
1184	01.08.2025 14:45:43,000	15,24	4,48	82,5	-3,5	4,1	1	68,5
1185	01.08.2025 14:45:44,000	15,18	4,47	42,5	34,7	12,9	0	68,4
1186	01.08.2025 14:45:45,000	15,12	4,49	0,1	0,7	89,2	0	0,7
1187	01.08.2025 14:45:46,000	15,09	4,49	-8,9	0,2	80,9	0	0,2
1188	01.08.2025 14:45:47,000	15,03	4,48	-11,0	-0,9	78,1	0	-1,0
1189	01.08.2025 14:45:48,000	14,99	4,48	-9,7	-1,5	78,8	0	-1,5
1190	01.08.2025 14:45:49,000	14,96	4,48	-4,0	-0,7	85,3	0	-0,7
1191	01.08.2025 14:45:50,000	14,93	4,47	-6,1	-3,3	80,6	0	-3,4
1192	01.08.2025 14:45:51,000	14,90	4,49	-9,5	-0,4	80,1	0	-0,4
1193	01.08.2025 14:45:52,000	14,87	4,49	-9,0	-1,8	79,2	0	-1,8
1194	01.08.2025 14:45:53,000	14,84	4,49	-4,7	-1,9	83,3	0	-2,0
1195	01.08.2025 14:45:54,000	14,81	4,51	-4,0	-2,7	83,3	0	-2,7
1196	01.08.2025 14:45:55,000	14,81	4,48	-2,9	-1,6	85,6	0	-1,6
1197	01.08.2025 14:45:56,000	14,78	4,51	-2,7	-1,7	85,6	0	-1,7
1198	01.08.2025 14:45:57,000	14,75	4,50	-1,7	-2,3	86,0	0	-2,3
1199	01.08.2025 14:45:58,000	14,72	4,50	-3,1	-1,4	85,5	0	-1,4
1200	01.08.2025 14:45:59,000	14,69	4,50	-6,3	-2,8	80,9	0	-2,9
1201	01.08.2025 14:46:00,000	14,69	4,50	-79,6	3,3	-7,1	1	-2,9
1202	01.08.2025 14:46:01,000	14,66	4,49	6,4	-76,0	-7,6	1	-98,0
1203	01.08.2025 14:46:02,000	14,63	4,49	4,3	-80,7	-5,0	0	-95,2
1204	01.08.2025 14:46:03,000	14,63	4,51	4,8	-80,9	-4,4	0	-94,5
1205	01.08.2025 14:46:04,000	14,60	4,51	4,2	-81,4	-4,4	0	-94,6
1206	01.08.2025 14:46:05,000	14,60	4,51	4,3	-80,7	-5,0	0	-95,2
1207	01.08.2025 14:46:06,000	14,56	4,51	5,1	-80,6	-4,2	0	-94,4
1208	01.08.2025 14:46:07,000	14,53	4,50	4,2	-81,3	-4,4	0	-94,6
1209	01.08.2025 14:46:08,000	14,53	4,53	4,1	-80,8	-5,1	0	-95,3
1210	01.08.2025 14:46:09,000	14,50	4,53	4,9	-81,0	-4,2	0	-94,3
1211	01.08.2025 14:46:10,000	14,50	4,53	4,2	-81,7	-4,2	0	-94,3
1212	01.08.2025 14:46:11,000	14,47	4,50	4,7	-80,4	-5,0	0	-95,2
1213	01.08.2025 14:46:12,000	14,47	4,50	-0,8	-80,9	-8,3	0	-98,4
1214	01.08.2025 14:46:13,000	14,47	4,50	8,2	-45,6	-36,2	0	-129,7
1215	01.08.2025 14:46:14,000	14,44	4,52	3,2	-79,6	-7,2	0	-97,4
1216	01.08.2025 14:46:15,000	14,44	4,52	3,3	-79,3	-7,4	0	-97,6
1217	01.08.2025 14:46:16,000	14,44	4,52	3,8	-78,8	-7,4	0	-97,6
1218	01.08.2025 14:46:17,000	14,41	4,54	2,1	-67,6	-20,3	0	-110,8
1219	01.08.2025 14:46:18,000	14,41	4,49	-49,1	0,4	-40,6	0	179,4
1220	01.08.2025 14:46:19,000	14,41	4,54	-45,8	-2,4	-41,8	1	-176,3
1221	01.08.2025 14:46:20,000	14,38	4,51	-48,8	-3,2	-38,0	0	-174,9
1222	01.08.2025 14:46:21,000	14,38	4,51	-53,8	-4,1	-32,1	1	-172,3
1223	01.08.2025 14:46:22,000	14,38	4,51	-53,4	-6,2	-30,5	0	-168,0
1224	01.08.2025 14:46:23,000	14,38	4,51	-54,3	-3,3	-32,4	0	-173,9
1225	01.08.2025 14:46:24,000	14,38	4,51	-54,2	-2,8	-33,0	0	-174,8
1226	01.08.2025 14:46:25,000	14,35	4,51	-53,3	-1,7	-35,0	0	-177,1
1227	01.08.2025 14:46:26,000	14,35	4,51	-57,3	-1,7	-30,9	0	-176,7
1228	01.08.2025 14:46:27,000	14,35	4,53	-57,3	-0,9	-31,8	0	-178,4
1229	01.08.2025 14:46:28,000	14,32	4,53	-56,7	-1,4	-31,9	0	-177,3
1230	01.08.2025 14:46:29,000	14,32	4,51	-57,2	-1,1	-31,7	0	-177,9
1231	01.08.2025 14:46:30,000	14,32	4,53	-56,8	-1,5	-31,7	0	-177,2
1232	01.08.2025 14:46:31,000	14,32	4,53	-57,1	-0,7	-32,1	0	-178,6
1233	01.08.2025 14:46:32,000	14,32	4,53	-57,0	-1,1	-31,9	0	-178,0
1234	01.08.2025 14:46:33,000	14,32	4,53	-57,9	-1,4	-30,7	0	-177,3
1235	01.08.2025 14:46:34,000	14,29	4,55	-56,7	-2,2	-31,2	0	-175,8
1236	01.08.2025 14:46:35,000	14,29	4,53	-55,9	-2,7	-31,4	0	-174,8
1237	01.08.2025 14:46:36,000	14,29	4,53	-57,1	-1,5	-31,4	0	-177,1
1238	01.08.2025 14:46:37,000	14,29	4,53	-56,0	-2,2	-31,7	0	-175,7
1239	01.08.2025 14:46:38,000	14,29	4,53	-57,6	-1,1	-31,3	0	-177,8
1240	01.08.2025 14:46:39,000	14,29	4,53	-56,5	-2,6	-30,9	0	-174,9
1241	01.08.2025 14:46:40,000	14,29	4,53	-53,6	-1,0	-35,5	0	-178,3
1242	01.08.2025 14:46:41,000	14,29	4,50	-56,8	0,2	-33,0	0	179,6
1243	01.08.2025 14:46:42,000	14,29	4,53	-57,1	-0,1	-32,9	0	-179,9
1244	01.08.2025 14:46:43,000	14,29	4,50	-57,5	-0,2	-32,3	0	-179,6
1245	01.08.2025 14:46:44,000	14,29	4,53	-57,4	-0,5	-32,1	0	-179,1
1246	01.08.2025 14:46:45,000	14,29	4,53	-57,0	-0,8	-32,1	0	-178,5
1247	01.08.2025 14:46:46,000	14,26	4,52	-56,3	-0,6	-33,1	0	-178,9
1248	01.08.2025 14:46:47,000	14,26	4,52	-56,7	0,2	-33,1	0	179,6
1249	01.08.2025 14:46:48,000	14,26	4,52	-57,1	-0,4	-32,5	0	-179,2
1250	01.08.2025 14:46:49,000	14,26	4,52	-56,2	-0,7	-33,1	0	-178,7
1251	01.08.2025 14:46:50,000	14,26	4,52	-56,5	-0,4	-33,1	0	-179,2
1252	01.08.2025 14:46:51,000	14,26	4,52	-57,2	-0,3	-32,5	0	-179,4
1253	01.08.2025 14:46:52,000	14,26	4,52	-56,4	-0,7	-32,9	0	-178,6
1254	01.08.2025 14:46:53,000	14,26	4,52	-56,7	-0,1	-33,2	0	-179,7
1255	01.08.2025 14:46:54,000	14,26	4,52	-57,1	0,2	-32,7	0	179,6
1256	01.08.2025 14:46:55,000	14,29	4,53	-56,3	-0,5	-33,3	0	-179,2
1257	01.08.2025 14:46:56,000	14,29	4,53	-56,6	0,0	-33,4	0	-180,0
1258	01.08.2025 14:46:57,000	14,26	4,52	-55,3	-0,5	-34,1	0	-179,1
1259	01.08.2025 14:46:58,000	14,29	4,53	-55,4	-0,9	-33,7	0	-178,4
1260	01.08.2025 14:46:59,000	14,29	4,53	-54,7	-1,1	-34,3	0	-178,1
1261	01.08.2025 14:47:00,000	14,29	4,53	-55,2	-0,8	-34,0	0	-178,5
1262	01.08.2025 14:47:01,000	14,29	4,50	-55,4	-0,6	-34,0	0	-179,0
1263	01.08.2025 14:47:02,000	14,29	4,50	-55,6	-0,1	-34,3	0	-179,7
1264	01.08.2025 14:47:03,000	14,29	4,53	-54,0	-1,9	-34,1	0	-176,7
1265	01.08.2025 14:47:04,000	14,29	4,53	-54,6	-1,2	-34,2	0	-177,9
1266	01.08.2025 14:47:05,000	14,29	4,53	-54,0	-1,1	-34,9	0	-178,0
1267	01.08.2025 14:47:06,000	14,29	4,53	-53,4	-1,5	-35,1	0	-177,4
1268	01.08.2025 14:47:07,000	14,29	4,53	-53,2	-1,3	-35,5	0	-177,7
1269	01.08.2025 14:47:08,000	14,29	4,53	-54,2	-1,3	-34,5	0	-177,7
1270	01.08.2025 14:47:09,000	14,29	4,53	-54,2	-0,8	-35,1	0	-178,6
1271	01.08.2025 14:47:10,000	14,29	4,53	-54,0	-0,8	-35,2	0	-178,6
1272	01.08.2025 14:47:11,000	14,29	4,50	-54,4	-0,4	-35,2	0	-179,3
1273	01.08.2025 14:47:12,000	14,29	4,50	-53,9	-0,8	-35,3	0	-178,7
1274	01.08.2025 14:47:13,000	14,32	4,53	-54,8	-0,2	-35,0	0	-179,6
1275	01.08.2025 14:47:14,000	14,32	4,53	-53,8	-0,5	-35,8	0	-179,2
1276	01.08.2025 14:47:15,000	14,32	4,53	-54,5	0,1	-35,4	0	179,8
1277	01.08.2025 14:47:16,000	14,32	4,53	-53,9	-0,9	-35,2	0	-178,4
1278	01.08.2025 14:47:17,000	14,32	4,51	-53,1	-1,4	-35,5	0	-177,5
1279	01.08.2025 14:47:18,000	14,32	4,51	-52,8	-1,5	-35,6	0	-177,4
1280	01.08.2025 14:47:19,000	14,32	4,53	-53,8	-0,6	-35,6	0	-179,0
1281	01.08.2025 14:47:20,000	14,32	4,51	-53,9	-0,5	-35,6	0	-179,1
1282	01.08.2025 14:47:21,000	14,35	4,53	-55,9	0,1	-34,0	1	179,9
1283	01.08.2025 14:47:22,000	14,35	4,53	-59,2	-1,2	-29,6	0	-177,5
1284	01.08.2025 14:47:23,000	14,35	4,53	-57,2	-0,3	-32,5	0	-179,4
1285	01.08.2025 14:47:24,000	14,35	4,51	-58,2	-0,3	-31,5	0	-179,4
1286	01.08.2025 14:47:25,000	14,35	4,53	-58,2	-0,5	-31,3	0	-179,1
1287	01.08.2025 14:47:26,000	14,35	4,53	-57,6	-0,7	-31,7	0	-178,7
1288	01.08.2025 14:47:27,000	14,35	4,53	-49,8	-9,6	-30,5	1	-161,7
1289	01.08.2025 14:47:28,000	14,35	4,51	-55,6	1,1	-33,4	1	178,1
1290	01.08.2025 14:47:29,000	14,38	4,54	-57,3	-0,3	-32,5	0	-179,5
1291	01.08.2025 14:47:30,000	14,38	4,54	-57,0	-1,3	-31,7	1	-177,5
1292	01.08.2025 14:47:31,000	14,38	4,54	-56,7	4,9	-28,4	0	169,7
1293	01.08.2025 14:47:32,000	14,38	4,51	-55,6	3,4	-31,0	0	173,5
1294	01.08.2025 14:47:33,000	14,38	4,51	-51,7	10,9	-27,4	0	157,5
1295	01.08.2025 14:47:34,000	14,38	4,54	-53,3	12,7	-24,0	1	151,4
1296	01.08.2025 14:47:35,000	14,41	4,54	-48,1	14,9	-27,0	0	150,4
1297	01.08.2025 14:47:36,000	14,41	4,52	-48,9	12,9	-28,1	0	154,4
1298	01.08.2025 14:47:37,000	14,41	4,54	-56,2	9,9	-23,9	1	157,0
1299	01.08.2025 14:47:38,000	14,41	4,52	-51,5	13,3	-25,2	0	151,5
1300	01.08.2025 14:47:39,000	14,41	4,52	-53,0	11,6	-25,3	0	154,6
1301	01.08.2025 14:47:40,000	14,41	4,52	-49,8	12,4	-27,8	1	155,2
1302	01.08.2025 14:47:41,000	14,44	4,52	-54,4	11,3	-24,3	0	154,5
1303	01.08.2025 14:47:42,000	14,44	4,52	-57,3	6,8	-25,9	0	164,7
1304	01.08.2025 14:47:43,000	14,44	4,52	-52,4	9,0	-28,6	0	161,8
1305	01.08.2025 14:47:44,000	14,44	4,52	-48,8	11,4	-29,8	0	158,2
1306	01.08.2025 14:47:45,000	14,44	4,52	-54,0	4,5	-31,5	0	171,3
1307	01.08.2025 14:47:46,000	14,44	4,54	-55,9	8,2	-25,9	0	161,8
1308	01.08.2025 14:47:47,000	14,44	4,54	-43,0	27,8	-19,2	0	125,3
1309	01.08.2025 14:47:48,000	14,44	4,52	-36,4	31,9	-21,7	1	125,3
1310	01.08.2025 14:47:49,000	14,47	4,55	-46,9	29,4	-13,7	0	115,9
1311	01.08.2025 14:47:50,000	14,47	4,55	-22,5	32,3	-35,3	0	137,1
1312	01.08.2025 14:47:51,000	14,47	4,52	-85,7	1,7	-2,5	0	137,1
1313	01.08.2025 14:47:52,000	14,47	4,55	-83,2	3,0	-3,8	0	137,1
1314	01.08.2025 14:47:53,000	14,47	4,52	-83,6	3,0	-3,4	0	137,1
1315	01.08.2025 14:47:54,000	14,47	4,52	-82,6	2,8	-4,6	0	137,1
1316	01.08.2025 14:47:55,000	14,47	4,52	-83,6	2,8	-3,6	0	137,1
1317	01.08.2025 14:47:56,000	14,47	4,52	-82,5	4,2	-3,3	0	137,1
1318	01.08.2025 14:47:57,000	14,47	4,52	-83,3	3,0	-3,7	0	137,1
1319	01.08.2025 14:47:58,000	14,47	4,55	-83,9	2,2	-3,8	0	137,1
1320	01.08.2025 14:47:59,000	14,47	4,52	-82,7	3,9	-3,4	0	137,1
1321	01.08.2025 14:48:00,000	14,50	4,53	-82,6	3,6	-3,9	0	137,1
1322	01.08.2025 14:48:01,000	14,50	4,55	-83,8	2,1	-4,0	0	137,1
1323	01.08.2025 14:48:02,000	14,50	4,53	-82,9	3,2	-3,9	0	137,1
1324	01.08.2025 14:48:03,000	14,50	4,55	-83,1	3,7	-3,2	0	137,1
1325	01.08.2025 14:48:04,000	14,50	4,53	-83,4	2,9	-3,8	0	137,1
1326	01.08.2025 14:48:05,000	14,50	4,53	-83,3	2,9	-3,7	0	137,1
1327	01.08.2025 14:48:06,000	14,50	4,53	-83,6	3,5	-2,9	0	137,1
1328	01.08.2025 14:48:07,000	14,50	4,53	-82,8	3,6	-3,6	0	137,1
1329	01.08.2025 14:48:08,000	14,50	4,53	-84,1	2,3	-3,7	0	137,1
1330	01.08.2025 14:48:09,000	14,50	4,53	-82,9	3,3	-3,8	0	137,1
1331	01.08.2025 14:48:10,000	14,50	4,53	-82,8	3,9	-3,2	0	137,1
1332	01.08.2025 14:48:11,000	14,50	4,53	-83,8	2,9	-3,3	0	137,1
1333	01.08.2025 14:48:12,000	14,50	4,53	-83,7	2,5	-3,8	0	137,1
1334	01.08.2025 14:48:13,000	14,53	4,53	-82,3	4,0	-3,6	0	137,1
1335	01.08.2025 14:48:14,000	14,53	4,53	-83,3	3,2	-3,6	0	137,1
1336	01.08.2025 14:48:15,000	14,53	4,53	-84,4	2,8	-2,8	0	137,1
1337	01.08.2025 14:48:16,000	14,53	4,53	-83,0	3,9	-3,2	0	137,1
1338	01.08.2025 14:48:17,000	14,53	4,53	-83,5	3,2	-3,3	0	137,1
1339	01.08.2025 14:48:18,000	14,53	4,53	-83,7	2,6	-3,7	0	137,1
1340	01.08.2025 14:48:19,000	14,53	4,53	-82,8	3,9	-3,3	0	137,1
1341	01.08.2025 14:48:20,000	14,53	4,53	-83,7	3,2	-3,1	0	137,1
1342	01.08.2025 14:48:21,000	14,53	4,53	-83,7	2,7	-3,6	0	137,1
1343	01.08.2025 14:48:22,000	14,53	4,50	-83,0	3,7	-3,2	0	137,1
1344	01.08.2025 14:48:23,000	14,53	4,53	-84,0	3,1	-2,9	0	137,1
1345	01.08.2025 14:48:24,000	14,56	4,53	-83,1	3,1	-3,8	0	137,1
1346	01.08.2025 14:48:25,000	14,56	4,53	-83,0	3,3	-3,7	0	137,1
1347	01.08.2025 14:48:26,000	14,56	4,53	-83,4	3,6	-3,0	0	137,1
1348	01.08.2025 14:48:27,000	14,56	4,53	-84,0	3,1	-2,9	0	137,1
1349	01.08.2025 14:48:28,000	14,56	4,51	-84,2	2,7	-3,1	0	137,1
1350	01.08.2025 14:48:29,000	14,56	4,53	-82,7	3,5	-3,7	0	137,1
1351	01.08.2025 14:48:30,000	14,56	4,53	-82,9	3,5	-3,6	0	137,1
1352	01.08.2025 14:48:31,000	14,56	4,53	-83,3	3,5	-3,2	0	137,1
1353	01.08.2025 14:48:32,000	14,56	4,53	-84,0	3,0	-3,0	0	137,1
1354	01.08.2025 14:48:33,000	14,56	4,53	-84,4	2,5	-3,1	0	137,1
1355	01.08.2025 14:48:34,000	14,56	4,53	-82,2	4,4	-3,4	0	137,1
1356	01.08.2025 14:48:35,000	14,60	4,53	-83,1	3,7	-3,2	0	137,1
1357	01.08.2025 14:48:36,000	14,60	4,53	-84,8	1,9	-3,3	0	137,1
1358	01.08.2025 14:48:37,000	14,60	4,53	-83,8	3,0	-3,2	0	137,1
1359	01.08.2025 14:48:38,000	14,60	4,53	-81,7	4,8	-3,5	0	137,1
1360	01.08.2025 14:48:39,000	14,60	4,51	-83,7	3,0	-3,2	0	137,1
1361	01.08.2025 14:48:40,000	14,60	4,51	-85,1	2,0	-2,9	0	137,1
1362	01.08.2025 14:48:41,000	14,60	4,53	-83,1	3,5	-3,4	0	137,1
1363	01.08.2025 14:48:42,000	14,60	4,53	-82,3	4,4	-3,3	0	137,1
1364	01.08.2025 14:48:43,000	14,63	4,54	-84,0	2,9	-3,1	0	137,1
1365	01.08.2025 14:48:44,000	14,63	4,54	-84,4	2,0	-3,6	0	137,1
1366	01.08.2025 14:48:45,000	14,63	4,51	-82,7	4,1	-3,1	0	137,1
1367	01.08.2025 14:48:46,000	14,63	4,51	-82,9	3,9	-3,2	0	137,1
1368	01.08.2025 14:48:47,000	14,63	4,51	-84,2	2,4	-3,4	0	137,1
1369	01.08.2025 14:48:48,000	14,63	4,51	-83,4	3,4	-3,2	0	137,1
1370	01.08.2025 14:48:49,000	14,63	4,54	-83,5	3,7	-2,8	0	137,1
1371	01.08.2025 14:48:50,000	14,63	4,51	-83,3	3,1	-3,6	0	137,1
1372	01.08.2025 14:48:51,000	14,63	4,54	-83,3	3,4	-3,3	0	137,1
1373	01.08.2025 14:48:52,000	14,63	4,54	-84,0	3,0	-3,0	0	137,1
1374	01.08.2025 14:48:53,000	14,66	4,54	-83,3	3,5	-3,2	0	137,1
1375	01.08.2025 14:48:54,000	14,66	4,54	-82,6	3,8	-3,6	0	137,1
1376	01.08.2025 14:48:55,000	14,66	4,54	-85,2	1,9	-2,9	0	137,1
1377	01.08.2025 14:48:56,000	14,66	4,52	-83,0	3,6	-3,3	0	137,1
1378	01.08.2025 14:48:57,000	14,66	4,54	-82,4	4,6	-3,0	0	137,1
1379	01.08.2025 14:48:58,000	14,66	4,52	-84,1	2,8	-3,1	0	137,1
1380	01.08.2025 14:48:59,000	14,66	4,54	-84,9	1,9	-3,2	0	137,1
1381	01.08.2025 14:49:00,000	14,66	4,54	-83,0	3,9	-3,0	0	137,1
1382	01.08.2025 14:49:01,000	14,69	4,54	-82,0	4,4	-3,6	0	137,1
1383	01.08.2025 14:49:02,000	14,69	4,54	-84,3	2,3	-3,4	0	137,1
1384	01.08.2025 14:49:03,000	14,69	4,54	-84,0	3,0	-3,0	0	137,1
1385	01.08.2025 14:49:04,000	14,69	4,54	-83,1	4,1	-2,8	0	137,1
1386	01.08.2025 14:49:05,000	14,69	4,52	-83,5	3,1	-3,4	0	137,1
1387	01.08.2025 14:49:06,000	14,69	4,54	-84,2	2,5	-3,3	0	137,1
1388	01.08.2025 14:49:07,000	14,69	4,52	-82,6	4,0	-3,4	0	137,1
1389	01.08.2025 14:49:08,000	14,69	4,50	-82,8	3,9	-3,3	0	137,1
1390	01.08.2025 14:49:09,000	14,69	4,52	-84,2	2,9	-2,9	0	137,1
1391	01.08.2025 14:49:10,000	14,72	4,52	-85,1	2,0	-2,9	0	137,1
1392	01.08.2025 14:49:11,000	14,72	4,55	-83,1	3,6	-3,3	0	137,1
1393	01.08.2025 14:49:12,000	14,72	4,55	-81,6	5,0	-3,4	0	137,1
1394	01.08.2025 14:49:13,000	14,72	4,52	-83,6	3,5	-2,9	0	137,1
1395	01.08.2025 14:49:14,000	14,72	4,52	-86,2	1,1	-2,6	0	137,1
1396	01.08.2025 14:49:15,000	14,72	4,52	-83,4	2,9	-3,7	0	137,1
1397	01.08.2025 14:49:16,000	14,72	4,52	-80,1	5,4	-4,5	0	137,1
1398	01.08.2025 14:49:17,000	14,72	4,52	-83,8	3,1	-3,2	0	137,1
1399	01.08.2025 14:49:18,000	14,75	4,55	-86,3	1,7	-2,0	0	137,1
1400	01.08.2025 14:49:19,000	14,75	4,53	-82,7	4,0	-3,4	0	137,1
1401	01.08.2025 14:49:20,000	14,75	4,53	-82,7	4,1	-3,2	0	137,1
1402	01.08.2025 14:49:21,000	14,75	4,53	-85,0	2,3	-2,7	0	137,1
1403	01.08.2025 14:49:22,000	14,75	4,53	-83,3	2,9	-3,8	0	137,1
1404	01.08.2025 14:49:23,000	14,75	4,53	-82,1	4,1	-3,8	0	137,1
1405	01.08.2025 14:49:24,000	14,75	4,53	-83,0	3,7	-3,4	0	137,1
1406	01.08.2025 14:49:25,000	14,75	4,53	-85,2	2,0	-2,8	0	137,1
1407	01.08.2025 14:49:26,000	14,75	4,53	-84,4	2,3	-3,3	0	137,1
1408	01.08.2025 14:49:27,000	14,78	4,53	-81,2	5,1	-3,6	0	137,1
1409	01.08.2025 14:49:28,000	14,78	4,53	-83,5	3,6	-2,9	0	137,1
1410	01.08.2025 14:49:29,000	14,78	4,53	-85,5	1,9	-2,6	0	137,1
1411	01.08.2025 14:49:30,000	14,78	4,53	-83,7	3,1	-3,2	0	137,1
1412	01.08.2025 14:49:31,000	14,78	4,51	-81,3	4,7	-4,0	0	137,1
1413	01.08.2025 14:49:32,000	14,78	4,53	-83,3	3,3	-3,4	0	137,1
1414	01.08.2025 14:49:33,000	14,78	4,53	-84,0	2,6	-3,4	0	137,1
1415	01.08.2025 14:49:34,000	14,78	4,53	-82,4	3,9	-3,6	0	137,1
1416	01.08.2025 14:49:35,000	14,81	4,53	-82,0	4,9	-3,1	0	137,1
1417	01.08.2025 14:49:36,000	14,81	4,53	-84,5	2,9	-2,6	0	137,1
1418	01.08.2025 14:49:37,000	14,81	4,53	-83,7	2,6	-3,8	0	137,1
1419	01.08.2025 14:49:38,000	14,81	4,53	-82,1	4,5	-3,4	0	137,1
1420	01.08.2025 14:49:39,000	14,81	4,53	-81,7	4,7	-3,6	0	137,1
1421	01.08.2025 14:49:40,000	14,81	4,53	-83,8	2,6	-3,6	0	137,1
1422	01.08.2025 14:49:41,000	14,81	4,53	-84,5	1,9	-3,7	0	137,1
1423	01.08.2025 14:49:42,000	14,81	4,53	-80,9	4,7	-4,4	0	137,1
1424	01.08.2025 14:49:43,000	14,81	4,51	-81,4	4,9	-3,6	0	137,1
1425	01.08.2025 14:49:44,000	14,84	4,53	-85,1	2,3	-2,5	0	137,1
1426	01.08.2025 14:49:45,000	14,84	4,53	-84,0	2,6	-3,5	0	137,1
1427	01.08.2025 14:49:46,000	14,84	4,53	-81,7	4,5	-3,7	0	137,1
1428	01.08.2025 14:49:47,000	14,84	4,53	-82,4	3,5	-4,1	0	137,1
1429	01.08.2025 14:49:48,000	14,84	4,51	-83,6	2,6	-3,9	0	137,1
1430	01.08.2025 14:49:49,000	14,84	4,53	-82,0	4,1	-3,9	0	137,1
1431	01.08.2025 14:49:50,000	14,84	4,53	-82,4	4,0	-3,5	0	137,1
1432	01.08.2025 14:49:51,000	14,84	4,53	-70,7	6,5	12,8	1	137,1
1433	01.08.2025 14:49:52,000	14,87	4,54	-40,8	17,2	32,0	0	29,5
1434	01.08.2025 14:49:53,000	14,87	4,54	-23,2	-1,7	65,1	0	-1,9
1435	01.08.2025 14:49:54,000	14,87	4,54	-25,5	-7,4	57,1	0	-8,9
1436	01.08.2025 14:49:55,000	14,87	4,51	-66,2	-13,3	10,5	0	-8,9
1437	01.08.2025 14:49:56,000	14,87	4,66	-13,1	-50,7	26,2	0	-59,6
1438	01.08.2025 14:49:57,000	14,90	4,66	-18,5	-29,2	42,4	0	-36,3
1439	01.08.2025 14:49:58,000	14,90	4,68	-43,3	-24,0	22,7	0	-46,4
1440	01.08.2025 14:49:59,000	14,90	4,68	-25,0	-36,8	28,2	0	-51,4
1441	01.08.2025 14:50:00,000	14,90	4,68	-3,6	-50,3	36,1	0	-52,4
1442	01.08.2025 14:50:01,000	14,90	4,68	-5,4	-46,9	37,7	0	-49,9
1443	01.08.2025 14:50:02,000	14,90	4,66	-5,2	-45,2	39,6	0	-48,0
1444	01.08.2025 14:50:03,000	14,93	4,68	-4,4	-46,9	38,7	0	-49,4
1445	01.08.2025 14:50:04,000	14,93	4,71	-5,0	-46,3	38,7	0	-49,1
1446	01.08.2025 14:50:05,000	14,93	4,68	-1,5	-59,0	-29,6	0	-120,0
1447	01.08.2025 14:50:06,000	14,93	4,68	64,1	-8,3	-17,5	0	-120,0
1448	01.08.2025 14:50:07,000	14,93	4,68	76,1	-13,0	0,8	0	-120,0
1449	01.08.2025 14:50:08,000	14,93	4,68	66,8	-20,7	2,5	0	-120,0
1450	01.08.2025 14:50:09,000	14,93	4,66	68,3	-10,8	-10,9	0	-120,0
1451	01.08.2025 14:50:10,000	14,96	4,64	79,5	-5,2	-5,3	0	-120,0
1452	01.08.2025 14:50:11,000	15,12	4,59	71,4	-17,9	-0,8	0	-120,0
1453	01.08.2025 14:50:12,000	15,33	4,56	73,6	-12,0	-4,4	1	-120,0
1454	01.08.2025 14:50:13,000	15,48	4,55	38,3	-6,9	44,8	0	-9,8
1455	01.08.2025 14:50:14,000	15,55	4,60	38,2	-17,3	34,5	0	-28,1
1456	01.08.2025 14:50:15,000	15,58	4,61	21,7	-40,4	-27,9	0	-126,2
1457	01.08.2025 14:50:16,000	15,61	4,56	-37,4	-25,8	-26,9	0	-136,1
1458	01.08.2025 14:50:17,000	15,67	4,61	-39,0	-42,4	-8,6	0	-102,7
1459	01.08.2025 14:50:18,000	15,76	4,62	-36,1	-41,6	-12,3	0	-108,2
1460	01.08.2025 14:50:19,000	15,85	4,63	-8,4	33,8	47,9	0	37,2
1461	01.08.2025 14:50:20,000	15,91	4,62	-42,3	-41,8	5,9	0	-81,1
1462	01.08.2025 14:50:21,000	16,00	4,62	-8,9	-52,2	-29,0	0	-122,0
1463	01.08.2025 14:50:22,000	16,18	4,52	-24,7	-61,5	-3,8	0	-94,4
1464	01.08.2025 14:50:23,000	16,52	4,51	-42,2	-39,5	-8,4	0	-103,1
1465	01.08.2025 14:50:24,000	16,70	4,53	-47,8	14,6	27,6	0	28,7
1466	01.08.2025 14:50:25,000	16,82	4,56	-65,3	4,9	-19,7	1	28,7
1467	01.08.2025 14:50:26,000	16,88	4,52	21,4	22,3	46,3	1	28,3
1468	01.08.2025 14:50:27,000	17,15	4,52	18,5	-57,0	-14,4	1	-107,2
1469	01.08.2025 14:50:28,000	17,39	4,48	-17,0	-19,9	53,0	0	-23,9
1470	01.08.2025 14:50:29,000	17,60	4,47	-31,0	12,8	46,2	0	17,5
1471	01.08.2025 14:50:30,000	17,84	4,43	-10,3	17,8	62,0	0	19,8
1472	01.08.2025 14:50:31,000	18,02	4,40	28,3	-17,5	-44,1	1	-156,1
1473	01.08.2025 14:50:32,000	18,34	4,38	14,5	22,2	-53,3	0	154,1
1474	01.08.2025 14:50:33,000	18,64	4,36	79,6	4,8	5,6	0	154,1
1475	01.08.2025 14:50:34,000	18,94	4,34	85,1	4,3	0,7	0	154,1
1476	01.08.2025 14:50:35,000	19,20	4,32	88,4	0,1	-1,4	0	154,1
1477	01.08.2025 14:50:36,000	19,44	4,34	86,3	-0,7	-3,0	0	154,1
1478	01.08.2025 14:50:37,000	19,65	4,34	83,5	0,9	-5,5	0	154,1
1479	01.08.2025 14:50:38,000	19,79	4,33	79,6	-2,8	-7,6	0	154,1
1480	01.08.2025 14:50:39,000	19,97	4,32	77,8	-1,6	-10,6	0	154,1
1481	01.08.2025 14:50:40,000	20,15	4,34	59,9	6,8	-23,3	0	163,3
1482	01.08.2025 14:50:41,000	20,26	4,33	25,7	44,9	-19,4	0	115,9
1483	01.08.2025 14:50:42,000	20,41	4,32	22,1	11,3	56,6	1	13,6
1484	01.08.2025 14:50:43,000	20,62	4,34	40,4	41,1	8,5	1	77,1
1485	01.08.2025 14:50:44,000	20,79	4,36	8,1	53,8	-28,1	0	120,8
1486	01.08.2025 14:50:45,000	20,94	4,32	-10,9	11,2	67,9	1	12,3
1487	01.08.2025 14:50:46,000	21,11	4,39	18,4	54,9	-16,7	0	110,1
1488	01.08.2025 14:50:47,000	21,20	4,37	53,9	5,0	-31,1	1	170,5
1489	01.08.2025 14:50:48,000	21,32	4,36	60,3	1,6	-28,1	0	176,7
1490	01.08.2025 14:50:49,000	21,46	4,37	57,2	6,7	-26,1	0	165,0
1491	01.08.2025 14:50:50,000	21,58	4,36	38,2	15,6	-36,2	0	155,1
1492	01.08.2025 14:50:51,000	21,70	4,40	-0,9	22,1	-67,0	0	157,7
1493	01.08.2025 14:50:52,000	21,79	4,38	-8,7	25,1	-56,2	0	152,4
1494	01.08.2025 14:50:53,000	21,84	4,39	13,8	61,3	14,9	0	73,0
1495	01.08.2025 14:50:54,000	21,90	4,39	-4,1	80,9	-5,0	0	95,2
1496	01.08.2025 14:50:55,000	21,96	4,42	-38,0	-15,7	36,3	0	-24,9
1497	01.08.2025 14:50:56,000	22,02	4,43	-86,4	-3,0	-0,5	1	-24,9
