#B	Created:	29.08.2025 09:42:52
##	Version	SeaStar	9.59
#5	Field separation:	0
#2	Date & Time:	1
#6	Decimal point:	,
#7	Date def.:	dd.mm.yyyy	.
#8	Time def.:	:
##	Axis	0	Temperature(°C)	clRed	FALSE
##	Axis	1	Pressure(Bar)	clBlue	FALSE
##	Axis	2	Angle(°)	clGreen	FALSE
##	Axis	3	EAL	clSkyBlue	FALSE
##	Axis	4	Roll(°)	$00404080	FALSE
##	Series	0	Temp(°C)	clRed	0	Temp(°C)	2
##	Series	1	Press(Bar)	clBlue	1	Press(Bar)	2
##	Series	2	Tilt-X(°)	clGreen	2	Tilt-X(°)	1
##	Series	3	Tilt-Y(°)	$00404080	2	Tilt-Y(°)	1
##	Series	4	Tilt-Z(°)	$00FF0080	2	Tilt-Z(°)	1
##	Series	5	EAL	clSkyBlue	3	EAL	0
##	Series	6	Roll(°)	$00404080	4	Roll(°)	1
##	Recorder	159	DST tilt	1245
##	Chart	159H1245DAT	
#D	Data:	1392	29.08.2025 09:19:00	29.08.2025 09:42:11
1	29.08.2025 09:19:00,000	17,88	-0,22	2,1	-64,5	23,5	0	-66,0
2	29.08.2025 09:19:01,000	17,88	-0,24	1,9	-65,1	23,0	0	-66,5
3	29.08.2025 09:19:02,000	17,88	-0,22	2,4	-64,5	23,1	0	-66,3
4	29.08.2025 09:19:03,000	17,88	-0,22	3,2	-62,9	23,9	0	-65,2
5	29.08.2025 09:19:04,000	17,85	-0,27	4,1	-63,1	22,8	0	-66,1
6	29.08.2025 09:19:05,000	17,85	-0,24	5,0	-61,5	23,5	0	-65,2
7	29.08.2025 09:19:06,000	17,85	-0,24	5,0	-62,3	22,7	0	-66,0
8	29.08.2025 09:19:07,000	17,85	-0,27	5,4	-60,9	23,7	0	-64,9
9	29.08.2025 09:19:08,000	17,85	-0,27	3,3	-63,7	23,0	0	-66,2
10	29.08.2025 09:19:09,000	17,85	-0,24	4,2	-63,4	22,4	0	-66,6
11	29.08.2025 09:19:10,000	17,85	-0,24	6,5	-59,3	24,2	0	-64,0
12	29.08.2025 09:19:11,000	17,85	-0,27	3,7	-63,7	22,6	0	-66,5
13	29.08.2025 09:19:12,000	17,85	-0,24	5,5	-61,7	22,8	0	-65,8
14	29.08.2025 09:19:13,000	17,85	-0,27	6,0	-60,5	23,5	0	-64,9
15	29.08.2025 09:19:14,000	17,82	-0,24	5,6	-61,9	22,5	0	-66,0
16	29.08.2025 09:19:15,000	17,82	-0,24	5,6	-60,9	23,4	0	-65,1
17	29.08.2025 09:19:16,000	17,82	-0,22	5,7	-60,5	23,7	0	-64,7
18	29.08.2025 09:19:17,000	17,82	-0,24	4,4	-63,1	22,5	0	-66,4
19	29.08.2025 09:19:18,000	17,82	-0,24	5,5	-62,1	22,4	0	-66,2
20	29.08.2025 09:19:19,000	17,82	-0,24	7,4	-59,8	22,9	0	-65,2
21	29.08.2025 09:19:20,000	17,82	-0,24	7,6	-59,3	23,0	0	-65,0
22	29.08.2025 09:19:21,000	17,82	-0,24	5,9	-63,1	21,0	0	-67,6
23	29.08.2025 09:19:22,000	17,82	-0,24	3,2	-64,3	22,5	0	-66,7
24	29.08.2025 09:19:23,000	17,79	-0,24	2,9	-63,4	23,8	0	-65,5
25	29.08.2025 09:19:24,000	17,79	-0,24	4,1	-63,0	23,0	0	-66,0
26	29.08.2025 09:19:25,000	17,79	-0,24	4,0	-64,2	21,8	0	-67,2
27	29.08.2025 09:19:26,000	17,79	-0,27	3,3	-62,2	24,5	0	-64,6
28	29.08.2025 09:19:27,000	17,79	-0,24	-9,7	-15,2	65,1	0	-16,7
29	29.08.2025 09:19:28,000	17,79	-0,24	-3,6	-14,5	71,9	0	-15,0
30	29.08.2025 09:19:29,000	17,79	-0,27	-2,1	-13,8	74,1	0	-14,1
31	29.08.2025 09:19:30,000	17,79	-0,24	-8,5	-17,6	63,8	0	-19,3
32	29.08.2025 09:19:31,000	17,79	-0,24	65,2	-22,4	2,4	1	-19,3
33	29.08.2025 09:19:32,000	17,79	-0,24	37,2	-26,6	26,2	0	-45,5
34	29.08.2025 09:19:33,000	17,79	-0,24	26,9	-35,0	28,1	0	-50,4
35	29.08.2025 09:19:34,000	17,79	-0,24	40,0	-30,2	19,7	0	-55,9
36	29.08.2025 09:19:35,000	17,79	-0,24	15,5	-40,8	33,7	0	-49,5
37	29.08.2025 09:19:36,000	17,79	-0,24	11,8	-44,6	33,6	0	-51,5
38	29.08.2025 09:19:37,000	17,76	-0,24	12,1	-42,7	35,2	0	-49,5
39	29.08.2025 09:19:38,000	17,76	-0,24	21,7	-37,0	31,3	0	-49,0
40	29.08.2025 09:19:39,000	17,76	-0,24	17,6	-44,1	28,2	0	-55,3
41	29.08.2025 09:19:40,000	17,76	-0,24	19,8	-43,7	26,5	0	-56,6
42	29.08.2025 09:19:41,000	17,76	-0,24	17,4	-44,4	28,3	0	-55,4
43	29.08.2025 09:19:42,000	17,76	-0,24	24,0	-39,4	26,6	0	-54,3
44	29.08.2025 09:19:43,000	17,76	-0,24	18,5	-40,3	31,2	0	-51,0
45	29.08.2025 09:19:44,000	17,76	-0,24	15,3	-43,3	31,4	0	-52,4
46	29.08.2025 09:19:45,000	17,76	-0,24	10,6	-46,8	32,6	0	-53,1
47	29.08.2025 09:19:46,000	17,76	-0,24	13,0	-45,6	31,5	0	-53,4
48	29.08.2025 09:19:47,000	17,76	-0,24	12,7	-44,2	33,1	0	-51,6
49	29.08.2025 09:19:48,000	17,76	-0,24	4,1	-45,2	40,6	0	-47,4
50	29.08.2025 09:19:49,000	17,76	-0,24	3,6	-46,6	39,8	0	-48,5
51	29.08.2025 09:19:50,000	17,76	-0,27	3,8	-47,2	39,0	0	-49,3
52	29.08.2025 09:19:51,000	17,76	-0,24	8,1	-46,6	35,3	0	-51,2
53	29.08.2025 09:19:52,000	17,76	-0,24	6,6	-45,7	37,7	0	-49,4
54	29.08.2025 09:19:53,000	17,76	-0,24	6,9	-44,0	39,1	0	-47,7
55	29.08.2025 09:19:54,000	17,73	-0,22	1,1	-43,9	45,0	0	-44,5
56	29.08.2025 09:19:55,000	17,76	-0,24	2,2	-43,2	44,6	0	-44,3
57	29.08.2025 09:19:56,000	17,73	-0,22	5,1	-44,9	39,9	0	-47,6
58	29.08.2025 09:19:57,000	17,73	-0,24	1,9	-45,8	42,3	0	-46,7
59	29.08.2025 09:19:58,000	17,73	-0,22	1,5	-40,1	48,4	0	-40,8
60	29.08.2025 09:19:59,000	17,73	-0,24	2,1	-36,8	51,1	0	-37,7
61	29.08.2025 09:20:00,000	17,73	-0,22	3,3	-45,0	41,6	0	-46,8
62	29.08.2025 09:20:01,000	17,73	-0,24	-0,1	-39,9	49,9	0	-40,0
63	29.08.2025 09:20:02,000	17,73	-0,24	0,5	-35,6	53,9	0	-35,8
64	29.08.2025 09:20:03,000	17,73	-0,24	2,8	-38,0	49,3	0	-39,2
65	29.08.2025 09:20:04,000	17,73	-0,22	3,8	-44,3	41,9	0	-46,3
66	29.08.2025 09:20:05,000	17,73	-0,22	9,8	-41,0	39,1	0	-46,1
67	29.08.2025 09:20:06,000	17,73	-0,24	6,3	-43,9	39,9	0	-47,2
68	29.08.2025 09:20:07,000	17,73	-0,24	8,1	-42,5	39,3	0	-46,8
69	29.08.2025 09:20:08,000	17,73	-0,24	2,1	-46,3	41,7	0	-47,3
70	29.08.2025 09:20:09,000	17,73	-0,24	6,4	-44,1	39,6	0	-47,4
71	29.08.2025 09:20:10,000	17,73	-0,24	7,5	-44,3	38,2	0	-48,4
72	29.08.2025 09:20:11,000	17,73	-0,24	2,9	-46,8	40,2	0	-48,4
73	29.08.2025 09:20:12,000	17,73	-0,24	2,4	-45,6	41,9	0	-46,9
74	29.08.2025 09:20:13,000	17,73	-0,22	2,8	-43,4	43,7	0	-44,8
75	29.08.2025 09:20:14,000	17,73	-0,24	2,5	-41,7	45,8	0	-42,9
76	29.08.2025 09:20:15,000	17,73	-0,24	2,0	-42,8	45,2	0	-43,8
77	29.08.2025 09:20:16,000	17,73	-0,24	3,0	-45,5	41,5	0	-47,1
78	29.08.2025 09:20:17,000	17,73	-0,22	2,9	-46,0	41,1	0	-47,6
79	29.08.2025 09:20:18,000	17,73	-0,24	1,4	-38,9	49,7	0	-39,5
80	29.08.2025 09:20:19,000	17,73	-0,22	1,4	-38,1	50,4	0	-38,7
81	29.08.2025 09:20:20,000	17,73	-0,24	1,4	-37,3	51,3	0	-37,8
82	29.08.2025 09:20:21,000	17,73	-0,24	1,9	-40,6	47,5	0	-41,5
83	29.08.2025 09:20:22,000	17,73	-0,24	1,5	-42,7	45,7	0	-43,5
84	29.08.2025 09:20:23,000	17,73	-0,24	1,6	-38,4	50,0	0	-39,1
85	29.08.2025 09:20:24,000	17,73	-0,24	1,4	-36,5	52,1	0	-37,1
86	29.08.2025 09:20:25,000	17,70	-0,27	2,0	-39,1	48,9	0	-40,0
87	29.08.2025 09:20:26,000	17,73	-0,22	1,2	-39,0	49,8	0	-39,5
88	29.08.2025 09:20:27,000	17,70	-0,27	1,0	-38,9	50,0	0	-39,4
89	29.08.2025 09:20:28,000	17,70	-0,27	1,0	-36,3	52,6	0	-36,8
90	29.08.2025 09:20:29,000	17,70	-0,27	1,5	-37,2	51,3	0	-37,8
91	29.08.2025 09:20:30,000	17,70	-0,27	2,4	-39,8	47,9	0	-40,8
92	29.08.2025 09:20:31,000	17,70	-0,27	1,1	-41,1	47,8	0	-41,6
93	29.08.2025 09:20:32,000	17,70	-0,27	1,0	-36,1	52,9	0	-36,5
94	29.08.2025 09:20:33,000	17,70	-0,27	1,3	-34,7	54,1	0	-35,2
95	29.08.2025 09:20:34,000	17,70	-0,24	1,3	-37,2	51,5	0	-37,7
96	29.08.2025 09:20:35,000	17,70	-0,27	3,0	-40,6	46,4	0	-42,0
97	29.08.2025 09:20:36,000	17,70	-0,27	0,6	-11,5	78,0	0	-11,5
98	29.08.2025 09:20:37,000	17,70	-0,29	-3,3	-6,3	80,4	1	-6,5
99	29.08.2025 09:20:38,000	17,70	-0,27	51,0	26,2	-12,8	1	116,8
100	29.08.2025 09:20:39,000	17,70	-0,24	75,9	-9,9	4,2	1	116,8
101	29.08.2025 09:20:40,000	17,58	-0,13	56,3	-33,6	0,1	0	-89,8
102	29.08.2025 09:20:41,000	17,55	-0,15	37,2	-50,6	-2,2	1	-92,8
103	29.08.2025 09:20:42,000	17,52	-0,06	42,9	-30,1	17,1	0	-59,4
104	29.08.2025 09:20:43,000	17,46	0,03	46,6	-18,2	25,2	0	-36,5
105	29.08.2025 09:20:44,000	17,40	0,01	38,8	-15,9	35,3	0	-25,8
106	29.08.2025 09:20:45,000	17,37	0,03	54,8	-2,7	32,5	0	-5,0
107	29.08.2025 09:20:46,000	17,37	0,06	42,5	-8,3	39,3	0	-13,0
108	29.08.2025 09:20:47,000	17,34	0,08	46,6	2,2	41,2	0	3,4
109	29.08.2025 09:20:48,000	17,31	0,08	38,2	8,1	43,7	0	11,7
110	29.08.2025 09:20:49,000	17,31	0,06	47,3	-7,3	35,4	1	-12,6
111	29.08.2025 09:20:50,000	17,28	0,08	46,0	-2,5	41,4	0	-3,9
112	29.08.2025 09:20:51,000	17,25	0,03	37,8	4,0	48,2	0	5,5
113	29.08.2025 09:20:52,000	17,22	0,03	41,5	-1,6	46,9	0	-2,2
114	29.08.2025 09:20:53,000	17,19	0,03	34,1	-3,5	52,4	0	-4,5
115	29.08.2025 09:20:54,000	17,19	-0,01	41,1	-2,1	46,8	0	-2,9
116	29.08.2025 09:20:55,000	17,16	-0,01	31,9	-6,3	51,8	0	-8,1
117	29.08.2025 09:20:56,000	17,13	-0,01	39,7	6,2	44,1	0	8,9
118	29.08.2025 09:20:57,000	17,13	-0,04	33,3	2,2	54,6	0	2,7
119	29.08.2025 09:20:58,000	17,10	-0,04	29,7	8,6	51,7	0	11,1
120	29.08.2025 09:20:59,000	17,10	-0,04	18,1	-6,3	65,6	1	-7,1
121	29.08.2025 09:21:00,000	17,10	0,01	35,7	-14,2	40,1	0	-21,2
122	29.08.2025 09:21:01,000	17,07	0,08	47,9	-7,0	35,1	0	-12,1
123	29.08.2025 09:21:02,000	17,07	0,08	36,1	1,9	52,0	0	2,4
124	29.08.2025 09:21:03,000	17,07	0,10	32,4	1,6	56,0	0	1,9
125	29.08.2025 09:21:04,000	17,04	0,06	31,5	4,8	53,7	0	6,1
126	29.08.2025 09:21:05,000	17,04	0,08	27,7	6,8	55,4	0	8,4
127	29.08.2025 09:21:06,000	17,01	0,10	47,6	-1,6	40,8	1	-2,4
128	29.08.2025 09:21:07,000	17,01	0,06	52,2	6,7	31,1	1	12,8
129	29.08.2025 09:21:08,000	16,98	0,01	29,5	14,9	45,6	0	20,3
130	29.08.2025 09:21:09,000	16,98	-0,04	29,6	8,7	51,8	0	11,1
131	29.08.2025 09:21:10,000	16,98	-0,01	32,4	7,6	50,0	0	10,0
132	29.08.2025 09:21:11,000	16,95	0,01	36,5	1,7	51,8	1	2,2
133	29.08.2025 09:21:12,000	16,95	0,03	34,4	-10,2	45,5	0	-14,2
134	29.08.2025 09:21:13,000	16,95	0,03	45,5	-3,9	40,6	0	-6,0
135	29.08.2025 09:21:14,000	16,92	0,03	45,1	-4,2	40,7	0	-6,5
136	29.08.2025 09:21:15,000	16,92	0,06	39,8	-7,7	42,5	0	-11,4
137	29.08.2025 09:21:16,000	16,92	0,08	44,3	2,8	42,9	0	4,1
138	29.08.2025 09:21:17,000	16,92	0,10	46,8	-4,8	38,3	0	-7,8
139	29.08.2025 09:21:18,000	16,89	0,13	48,4	-1,5	40,1	0	-2,3
140	29.08.2025 09:21:19,000	16,89	0,10	42,2	0,5	47,4	0	0,6
141	29.08.2025 09:21:20,000	16,89	0,13	25,8	-10,7	53,5	0	-13,4
142	29.08.2025 09:21:21,000	16,86	0,15	33,9	-6,5	49,6	0	-8,5
143	29.08.2025 09:21:22,000	16,86	0,17	39,3	-9,0	41,7	0	-13,5
144	29.08.2025 09:21:23,000	16,86	0,17	38,1	-12,4	39,5	0	-18,9
145	29.08.2025 09:21:24,000	16,86	0,20	37,7	-9,5	42,8	0	-13,9
146	29.08.2025 09:21:25,000	16,83	0,17	38,3	-9,6	42,2	0	-14,2
147	29.08.2025 09:21:26,000	16,83	0,20	40,8	-13,2	36,0	0	-21,5
148	29.08.2025 09:21:27,000	16,83	0,22	41,7	-14,0	34,4	0	-23,5
149	29.08.2025 09:21:28,000	16,83	0,22	42,2	-11,4	36,4	0	-18,7
150	29.08.2025 09:21:29,000	16,83	0,22	40,6	-8,6	40,8	0	-13,1
151	29.08.2025 09:21:30,000	16,83	0,20	37,8	-11,2	41,1	0	-16,7
152	29.08.2025 09:21:31,000	16,80	0,22	41,7	-11,1	37,3	0	-17,8
153	29.08.2025 09:21:32,000	16,80	0,24	43,4	-15,8	30,8	0	-28,3
154	29.08.2025 09:21:33,000	16,80	0,24	39,7	-15,6	34,8	0	-25,5
155	29.08.2025 09:21:34,000	16,80	0,22	39,2	-12,7	38,1	0	-20,0
156	29.08.2025 09:21:35,000	16,80	0,24	40,7	-14,2	35,1	0	-23,5
157	29.08.2025 09:21:36,000	16,80	0,27	47,6	-15,1	27,3	0	-29,7
158	29.08.2025 09:21:37,000	16,77	0,29	54,5	-13,8	21,6	0	-33,1
159	29.08.2025 09:21:38,000	16,77	0,27	57,6	-9,6	22,8	0	-23,3
160	29.08.2025 09:21:39,000	16,77	0,22	48,0	-7,7	34,3	0	-13,5
161	29.08.2025 09:21:40,000	16,77	0,20	40,2	-8,2	41,6	0	-12,3
162	29.08.2025 09:21:41,000	16,77	0,22	41,3	-11,7	37,0	0	-18,9
163	29.08.2025 09:21:42,000	16,74	0,27	47,5	-11,9	30,6	0	-22,3
164	29.08.2025 09:21:43,000	16,74	0,27	50,0	-9,3	30,7	0	-17,8
165	29.08.2025 09:21:44,000	16,74	0,24	44,4	-7,5	38,1	0	-12,0
166	29.08.2025 09:21:45,000	16,74	0,24	48,1	-9,4	32,5	0	-17,1
167	29.08.2025 09:21:46,000	16,74	0,31	61,0	-5,7	23,3	0	-14,2
168	29.08.2025 09:21:47,000	16,71	0,33	60,4	-5,0	24,6	0	-11,8
169	29.08.2025 09:21:48,000	16,71	0,29	49,6	-7,0	33,3	0	-12,7
170	29.08.2025 09:21:49,000	16,71	0,29	49,8	-8,2	32,0	0	-15,2
171	29.08.2025 09:21:50,000	16,71	0,31	54,4	-7,5	28,1	0	-15,7
172	29.08.2025 09:21:51,000	16,71	0,31	55,7	-12,2	22,1	0	-29,5
173	29.08.2025 09:21:52,000	16,68	0,33	54,6	-7,5	27,9	0	-15,6
174	29.08.2025 09:21:53,000	16,68	0,31	53,1	-8,1	28,9	0	-16,3
175	29.08.2025 09:21:54,000	16,68	0,33	53,3	-6,3	30,4	0	-12,3
176	29.08.2025 09:21:55,000	16,68	0,36	60,1	-2,5	27,4	0	-5,5
177	29.08.2025 09:21:56,000	16,68	0,36	60,7	-2,9	26,3	0	-6,6
178	29.08.2025 09:21:57,000	16,68	0,33	57,4	1,6	31,0	0	3,1
179	29.08.2025 09:21:58,000	16,68	0,33	56,4	-0,9	32,8	0	-1,6
180	29.08.2025 09:21:59,000	16,68	0,38	57,7	2,9	29,4	0	5,9
181	29.08.2025 09:22:00,000	16,68	0,36	53,1	5,3	31,6	0	10,1
182	29.08.2025 09:22:01,000	16,65	0,33	49,3	4,9	35,8	0	8,3
183	29.08.2025 09:22:02,000	16,65	0,33	53,2	6,6	30,2	0	13,0
184	29.08.2025 09:22:03,000	16,65	0,36	57,2	7,2	25,6	0	16,3
185	29.08.2025 09:22:04,000	16,65	0,36	51,6	8,4	30,0	0	16,3
186	29.08.2025 09:22:05,000	16,65	0,36	46,7	10,2	33,0	0	18,3
187	29.08.2025 09:22:06,000	16,65	0,36	49,4	9,7	30,8	0	18,4
188	29.08.2025 09:22:07,000	16,65	0,36	50,8	10,9	28,2	0	22,0
189	29.08.2025 09:22:08,000	16,62	0,38	51,9	10,6	27,5	0	21,9
190	29.08.2025 09:22:09,000	16,62	0,38	49,3	8,7	32,0	0	16,2
191	29.08.2025 09:22:10,000	16,62	0,36	49,6	10,4	30,1	0	19,9
192	29.08.2025 09:22:11,000	16,62	0,38	51,3	11,5	27,2	0	23,8
193	29.08.2025 09:22:12,000	16,62	0,40	50,6	9,5	30,0	0	18,4
194	29.08.2025 09:22:13,000	16,59	0,36	44,0	9,5	36,5	0	15,7
195	29.08.2025 09:22:14,000	16,59	0,38	47,8	13,5	28,7	0	26,0
196	29.08.2025 09:22:15,000	16,59	0,43	53,4	13,2	23,4	0	30,0
197	29.08.2025 09:22:16,000	16,59	0,40	54,7	6,6	28,6	0	13,7
198	29.08.2025 09:22:17,000	16,59	0,40	44,9	10,4	34,7	0	17,8
199	29.08.2025 09:22:18,000	16,59	0,40	45,1	10,2	34,6	0	17,6
200	29.08.2025 09:22:19,000	16,59	0,40	49,0	9,1	31,9	0	16,8
201	29.08.2025 09:22:20,000	16,59	0,43	50,3	8,7	31,1	0	16,4
202	29.08.2025 09:22:21,000	16,59	0,40	44,4	9,6	36,0	0	16,0
203	29.08.2025 09:22:22,000	16,56	0,43	42,6	11,8	35,6	0	19,6
204	29.08.2025 09:22:23,000	16,56	0,40	48,0	10,4	31,6	0	19,2
205	29.08.2025 09:22:24,000	16,56	0,40	41,1	10,9	38,0	0	17,3
206	29.08.2025 09:22:25,000	16,56	0,40	38,7	12,9	38,4	0	20,1
207	29.08.2025 09:22:26,000	16,56	0,40	41,4	12,9	35,8	0	21,1
208	29.08.2025 09:22:27,000	16,56	0,40	44,9	11,3	33,8	0	19,5
209	29.08.2025 09:22:28,000	16,56	0,43	50,2	10,0	29,8	0	19,4
210	29.08.2025 09:22:29,000	16,56	0,45	39,3	10,7	40,0	0	16,4
211	29.08.2025 09:22:30,000	16,56	0,40	34,0	16,0	40,1	0	23,6
212	29.08.2025 09:22:31,000	16,56	0,43	40,9	14,0	35,0	0	23,2
213	29.08.2025 09:22:32,000	16,56	0,43	35,4	17,4	37,2	0	26,8
214	29.08.2025 09:22:33,000	16,53	0,43	45,5	11,3	33,2	0	19,9
215	29.08.2025 09:22:34,000	16,53	0,43	49,2	11,3	29,5	0	21,9
216	29.08.2025 09:22:35,000	16,53	0,45	49,7	11,0	29,3	0	21,5
217	29.08.2025 09:22:36,000	16,53	0,47	51,7	12,1	26,2	0	25,6
218	29.08.2025 09:22:37,000	16,53	0,51	52,4	14,2	23,4	0	31,9
219	29.08.2025 09:22:38,000	16,53	0,51	52,7	13,9	23,4	0	31,2
220	29.08.2025 09:22:39,000	16,53	0,53	55,3	10,5	24,2	0	24,1
221	29.08.2025 09:22:40,000	16,53	0,55	53,1	13,6	23,2	0	31,0
222	29.08.2025 09:22:41,000	16,53	0,58	51,1	17,2	21,7	0	38,7
223	29.08.2025 09:22:42,000	16,50	0,59	52,9	17,3	19,8	0	41,3
224	29.08.2025 09:22:43,000	16,50	0,62	53,7	11,1	25,2	0	24,3
225	29.08.2025 09:22:44,000	16,50	0,59	50,3	12,0	27,7	0	24,3
226	29.08.2025 09:22:45,000	16,50	0,64	53,6	14,6	21,8	0	34,2
227	29.08.2025 09:22:46,000	16,50	0,66	53,7	7,3	29,0	0	14,8
228	29.08.2025 09:22:47,000	16,50	0,62	33,3	13,3	43,4	0	18,9
229	29.08.2025 09:22:48,000	16,50	0,59	27,4	17,0	45,6	0	22,8
230	29.08.2025 09:22:49,000	16,50	0,62	41,5	7,7	40,8	0	11,8
231	29.08.2025 09:22:50,000	16,50	0,64	33,7	13,5	42,7	0	19,5
232	29.08.2025 09:22:51,000	16,47	0,61	29,8	13,7	46,4	0	18,6
233	29.08.2025 09:22:52,000	16,47	0,64	28,1	16,1	45,8	0	21,7
234	29.08.2025 09:22:53,000	16,47	0,66	39,1	9,9	41,0	0	15,0
235	29.08.2025 09:22:54,000	16,47	0,64	33,8	12,8	43,5	0	18,2
236	29.08.2025 09:22:55,000	16,47	0,64	30,6	13,6	45,8	0	18,6
237	29.08.2025 09:22:56,000	16,47	0,66	32,5	12,6	45,0	0	17,5
238	29.08.2025 09:22:57,000	16,47	0,66	36,8	11,8	41,4	0	17,5
239	29.08.2025 09:22:58,000	16,47	0,66	37,7	10,2	42,0	0	15,1
240	29.08.2025 09:22:59,000	16,47	0,68	35,7	11,6	42,6	0	16,9
241	29.08.2025 09:23:00,000	16,47	0,70	35,6	12,0	42,4	0	17,5
242	29.08.2025 09:23:01,000	16,47	0,70	38,5	10,4	41,1	0	15,6
243	29.08.2025 09:23:02,000	16,44	0,72	38,3	10,1	41,6	0	15,1
244	29.08.2025 09:23:03,000	16,44	0,75	38,9	10,4	40,7	0	15,7
245	29.08.2025 09:23:04,000	16,44	0,75	39,8	10,8	39,3	0	16,8
246	29.08.2025 09:23:05,000	16,44	0,75	43,4	10,1	36,5	0	16,7
247	29.08.2025 09:23:06,000	16,44	0,77	40,2	10,3	39,5	0	15,9
248	29.08.2025 09:23:07,000	16,44	0,77	39,2	10,4	40,4	0	15,8
249	29.08.2025 09:23:08,000	16,44	0,77	43,5	9,1	37,4	0	14,7
250	29.08.2025 09:23:09,000	16,44	0,79	41,7	7,1	41,2	0	10,8
251	29.08.2025 09:23:10,000	16,44	0,77	46,1	7,9	36,0	0	13,3
252	29.08.2025 09:23:11,000	16,41	0,83	55,0	7,6	27,3	0	16,2
253	29.08.2025 09:23:12,000	16,41	0,88	61,6	6,2	22,2	0	16,2
254	29.08.2025 09:23:13,000	16,41	0,90	61,9	4,9	23,2	0	16,2
255	29.08.2025 09:23:14,000	16,41	0,90	59,5	3,3	27,2	0	7,3
256	29.08.2025 09:23:15,000	16,41	0,88	58,0	1,9	30,1	0	3,8
257	29.08.2025 09:23:16,000	16,41	0,90	56,0	0,6	33,5	0	1,0
258	29.08.2025 09:23:17,000	16,41	0,90	53,4	-0,7	35,9	0	-1,1
259	29.08.2025 09:23:18,000	16,41	0,93	50,4	-3,3	36,3	0	-5,6
260	29.08.2025 09:23:19,000	16,38	0,92	47,5	-4,7	37,8	0	-7,6
261	29.08.2025 09:23:20,000	16,38	0,94	47,3	-4,4	38,3	0	-7,0
262	29.08.2025 09:23:21,000	16,35	0,96	47,0	-5,5	37,5	0	-9,0
263	29.08.2025 09:23:22,000	16,32	0,96	41,4	-5,0	43,6	0	-7,3
264	29.08.2025 09:23:23,000	16,29	0,97	42,7	-5,5	41,8	0	-8,2
265	29.08.2025 09:23:24,000	16,29	0,97	40,8	-11,2	38,0	0	-17,8
266	29.08.2025 09:23:25,000	16,29	0,97	43,0	-4,4	42,7	0	-6,4
267	29.08.2025 09:23:26,000	16,26	0,97	39,4	-8,8	41,7	0	-13,2
268	29.08.2025 09:23:27,000	16,26	0,97	37,9	-11,2	40,9	0	-16,9
269	29.08.2025 09:23:28,000	16,23	0,96	40,8	-5,2	44,1	0	-7,5
270	29.08.2025 09:23:29,000	16,23	0,99	38,7	-9,6	41,7	0	-14,3
271	29.08.2025 09:23:30,000	16,23	1,01	38,1	-8,8	43,1	0	-12,9
272	29.08.2025 09:23:31,000	16,19	0,98	41,6	-7,4	41,0	0	-11,3
273	29.08.2025 09:23:32,000	16,19	1,00	42,1	-4,5	43,5	0	-6,5
274	29.08.2025 09:23:33,000	16,19	1,00	38,1	-5,8	46,1	0	-8,1
275	29.08.2025 09:23:34,000	16,16	1,02	37,5	-7,9	44,6	0	-11,3
276	29.08.2025 09:23:35,000	16,16	1,02	42,0	-5,4	42,6	0	-7,9
277	29.08.2025 09:23:36,000	16,16	1,04	38,0	-7,1	44,9	0	-10,1
278	29.08.2025 09:23:37,000	16,13	1,04	39,6	-5,0	45,4	0	-7,0
279	29.08.2025 09:23:38,000	16,13	1,04	37,2	-7,0	45,8	0	-9,8
280	29.08.2025 09:23:39,000	16,13	1,06	38,4	-9,3	42,3	0	-13,7
281	29.08.2025 09:23:40,000	16,10	1,08	41,8	-6,5	41,7	0	-9,8
282	29.08.2025 09:23:41,000	16,10	1,06	38,7	-7,0	44,4	0	-10,0
283	29.08.2025 09:23:42,000	16,10	1,08	36,4	-9,7	43,8	0	-14,0
284	29.08.2025 09:23:43,000	16,10	1,08	39,9	-6,2	43,8	0	-9,0
285	29.08.2025 09:23:44,000	16,10	1,10	40,2	-6,5	43,3	0	-9,5
286	29.08.2025 09:23:45,000	16,07	1,10	39,3	-7,3	43,4	0	-10,6
287	29.08.2025 09:23:46,000	16,07	1,12	39,3	-5,9	44,9	0	-8,4
288	29.08.2025 09:23:47,000	16,04	1,12	39,1	-3,6	47,2	0	-5,0
289	29.08.2025 09:23:48,000	16,04	1,14	39,2	-3,9	46,9	0	-5,3
290	29.08.2025 09:23:49,000	16,04	1,16	39,1	-6,5	44,4	0	-9,4
291	29.08.2025 09:23:50,000	16,04	1,16	39,9	-7,8	42,3	0	-11,6
292	29.08.2025 09:23:51,000	16,01	1,18	41,0	-2,1	46,9	0	-2,9
293	29.08.2025 09:23:52,000	16,01	1,16	36,9	-4,0	49,0	0	-5,4
294	29.08.2025 09:23:53,000	15,98	1,20	38,3	-7,1	44,6	0	-10,2
295	29.08.2025 09:23:54,000	15,98	1,20	39,0	-9,1	41,9	0	-13,5
296	29.08.2025 09:23:55,000	15,98	1,22	32,7	-12,2	45,1	0	-17,0
297	29.08.2025 09:23:56,000	15,98	1,20	26,5	-11,4	52,2	0	-14,4
298	29.08.2025 09:23:57,000	15,95	1,24	38,1	-9,1	42,8	0	-13,3
299	29.08.2025 09:23:58,000	15,95	1,24	41,6	-4,5	43,9	0	-6,5
300	29.08.2025 09:23:59,000	15,95	1,26	35,8	-10,1	44,1	0	-14,4
301	29.08.2025 09:24:00,000	15,95	1,26	37,3	-8,1	44,6	0	-11,5
302	29.08.2025 09:24:01,000	15,95	1,26	41,9	-1,4	46,7	0	-1,9
303	29.08.2025 09:24:02,000	15,92	1,28	38,1	-7,2	44,7	0	-10,3
304	29.08.2025 09:24:03,000	15,92	1,30	39,4	-5,4	45,2	0	-7,7
305	29.08.2025 09:24:04,000	15,92	1,33	42,8	-7,2	40,0	0	-11,2
306	29.08.2025 09:24:05,000	15,92	1,33	41,4	-6,1	42,5	0	-9,0
307	29.08.2025 09:24:06,000	15,89	1,34	36,4	-8,5	45,1	0	-12,1
308	29.08.2025 09:24:07,000	15,89	1,37	37,7	-4,9	47,4	0	-6,7
309	29.08.2025 09:24:08,000	15,89	1,37	41,8	-7,2	41,0	0	-11,0
310	29.08.2025 09:24:09,000	15,89	1,39	40,3	-6,8	42,9	0	-10,0
311	29.08.2025 09:24:10,000	15,86	1,41	37,8	-6,0	46,2	0	-8,4
312	29.08.2025 09:24:11,000	15,86	1,41	38,3	-7,4	44,3	0	-10,6
313	29.08.2025 09:24:12,000	15,86	1,43	39,4	-6,9	43,7	0	-10,0
314	29.08.2025 09:24:13,000	15,86	1,45	38,4	-7,4	44,2	0	-10,6
315	29.08.2025 09:24:14,000	15,83	1,45	39,0	-7,0	43,9	0	-10,1
316	29.08.2025 09:24:15,000	15,83	1,47	38,0	-7,7	44,4	0	-11,0
317	29.08.2025 09:24:16,000	15,83	1,49	37,5	-7,4	45,1	0	-10,5
318	29.08.2025 09:24:17,000	15,83	1,52	38,5	-6,5	44,9	0	-9,3
319	29.08.2025 09:24:18,000	15,80	1,54	38,0	-8,8	43,2	0	-12,9
320	29.08.2025 09:24:19,000	15,80	1,54	36,7	-7,2	46,1	0	-10,0
321	29.08.2025 09:24:20,000	15,80	1,56	37,5	-8,1	44,4	0	-11,5
322	29.08.2025 09:24:21,000	15,77	1,58	38,5	-7,6	43,9	0	-11,0
323	29.08.2025 09:24:22,000	15,74	1,62	35,9	-10,1	44,0	0	-14,4
324	29.08.2025 09:24:23,000	15,71	1,64	37,1	-9,6	43,3	0	-14,0
325	29.08.2025 09:24:24,000	15,68	1,65	36,6	-11,5	41,9	0	-16,9
326	29.08.2025 09:24:25,000	15,65	1,67	34,6	-9,4	46,0	0	-13,0
327	29.08.2025 09:24:26,000	15,62	1,69	34,0	-9,2	46,8	0	-12,6
328	29.08.2025 09:24:27,000	15,53	1,83	37,5	-6,8	45,7	0	-9,6
329	29.08.2025 09:24:28,000	15,37	1,83	35,4	-8,9	45,7	0	-12,4
330	29.08.2025 09:24:29,000	15,19	1,98	34,1	-8,0	47,9	0	-10,8
331	29.08.2025 09:24:30,000	14,97	2,08	32,3	-7,9	49,8	0	-10,4
332	29.08.2025 09:24:31,000	14,79	2,17	37,2	-5,3	47,5	0	-7,2
333	29.08.2025 09:24:32,000	14,57	2,24	35,9	-7,7	46,4	0	-10,6
334	29.08.2025 09:24:33,000	14,39	2,28	33,1	-10,6	46,3	0	-14,6
335	29.08.2025 09:24:34,000	14,20	2,39	34,9	-7,8	47,3	0	-10,7
336	29.08.2025 09:24:35,000	14,02	2,42	35,1	-6,5	48,5	0	-8,7
337	29.08.2025 09:24:36,000	13,86	2,46	35,0	-5,7	49,2	0	-7,6
338	29.08.2025 09:24:37,000	13,74	2,49	37,1	-2,0	50,9	0	-2,6
339	29.08.2025 09:24:38,000	13,61	2,51	34,4	-6,8	48,8	0	-9,1
340	29.08.2025 09:24:39,000	13,39	2,57	35,5	-3,4	51,1	0	-4,4
341	29.08.2025 09:24:40,000	13,24	2,58	34,7	-4,6	50,6	0	-6,0
342	29.08.2025 09:24:41,000	13,14	2,59	32,4	-5,8	51,8	0	-7,5
343	29.08.2025 09:24:42,000	13,02	2,57	30,3	-0,8	58,9	0	-0,9
344	29.08.2025 09:24:43,000	12,89	2,64	30,7	0,8	58,5	0	1,0
345	29.08.2025 09:24:44,000	12,77	2,66	36,0	2,5	51,5	0	3,2
346	29.08.2025 09:24:45,000	12,64	2,71	31,7	1,2	57,1	0	1,5
347	29.08.2025 09:24:46,000	12,48	2,73	25,2	-4,3	60,4	0	-5,0
348	29.08.2025 09:24:47,000	12,32	2,79	25,9	-6,0	58,1	0	-7,2
349	29.08.2025 09:24:48,000	12,20	2,75	30,1	-2,0	57,9	0	-2,4
350	29.08.2025 09:24:49,000	12,13	2,80	33,2	-0,8	56,0	0	-1,0
351	29.08.2025 09:24:50,000	12,01	2,85	32,9	-6,1	51,0	0	-7,9
352	29.08.2025 09:24:51,000	11,75	2,99	32,6	-8,4	48,9	0	-11,3
353	29.08.2025 09:24:52,000	11,59	2,96	29,2	-11,4	49,4	0	-14,9
354	29.08.2025 09:24:53,000	11,49	2,90	29,5	-10,0	50,5	0	-13,1
355	29.08.2025 09:24:54,000	11,43	2,93	27,1	-8,8	54,1	0	-11,0
356	29.08.2025 09:24:55,000	11,33	2,98	24,8	-6,7	58,5	0	-8,0
357	29.08.2025 09:24:56,000	11,21	2,96	23,9	-5,9	60,2	0	-6,9
358	29.08.2025 09:24:57,000	11,04	3,07	32,6	0,4	57,0	0	0,5
359	29.08.2025 09:24:58,000	10,85	3,15	29,0	-2,6	58,5	0	-3,0
360	29.08.2025 09:24:59,000	10,72	3,17	30,7	-4,0	55,4	0	-4,9
361	29.08.2025 09:25:00,000	10,59	3,15	30,0	-7,6	52,4	0	-9,7
362	29.08.2025 09:25:01,000	10,52	3,14	33,4	-2,2	54,4	0	-2,7
363	29.08.2025 09:25:02,000	10,43	3,14	35,8	1,8	52,4	0	2,3
364	29.08.2025 09:25:03,000	10,33	3,13	32,7	-3,4	53,9	0	-4,2
365	29.08.2025 09:25:04,000	10,26	3,14	28,4	-5,6	55,9	0	-6,9
366	29.08.2025 09:25:05,000	10,20	3,10	34,6	-3,7	51,7	0	-4,7
367	29.08.2025 09:25:06,000	10,13	3,16	39,8	-0,9	49,3	0	-1,2
368	29.08.2025 09:25:07,000	10,07	3,13	33,0	-2,6	54,3	0	-3,3
369	29.08.2025 09:25:08,000	10,00	3,16	31,5	-4,6	54,0	0	-5,7
370	29.08.2025 09:25:09,000	9,90	3,21	36,7	-4,7	48,6	0	-6,3
371	29.08.2025 09:25:10,000	9,80	3,19	39,3	1,0	49,8	0	1,3
372	29.08.2025 09:25:11,000	9,67	3,19	34,7	-2,7	52,6	0	-3,5
373	29.08.2025 09:25:12,000	9,60	3,20	35,5	-6,3	48,2	0	-8,5
374	29.08.2025 09:25:13,000	9,57	3,24	38,3	-2,9	48,8	0	-3,9
375	29.08.2025 09:25:14,000	9,51	3,21	35,4	-2,8	51,9	0	-3,6
376	29.08.2025 09:25:15,000	9,47	3,20	35,9	-1,9	52,2	0	-2,4
377	29.08.2025 09:25:16,000	9,44	3,20	38,5	-4,6	46,9	0	-6,4
378	29.08.2025 09:25:17,000	9,37	3,30	38,3	1,7	50,0	0	2,3
379	29.08.2025 09:25:18,000	9,21	3,29	34,3	-5,2	50,6	0	-6,8
380	29.08.2025 09:25:19,000	9,14	3,26	35,9	-1,6	52,5	0	-2,0
381	29.08.2025 09:25:20,000	9,04	3,31	38,2	-5,5	46,2	0	-7,7
382	29.08.2025 09:25:21,000	9,01	3,37	35,8	-3,5	50,7	0	-4,5
383	29.08.2025 09:25:22,000	8,87	3,37	33,8	-5,5	50,7	0	-7,2
384	29.08.2025 09:25:23,000	8,81	3,38	34,5	-8,1	47,4	0	-11,1
385	29.08.2025 09:25:24,000	8,77	3,38	37,0	-1,6	51,4	0	-2,1
386	29.08.2025 09:25:25,000	8,70	3,39	36,2	-3,3	50,5	0	-4,3
387	29.08.2025 09:25:26,000	8,64	3,44	34,4	-3,8	51,8	0	-4,9
388	29.08.2025 09:25:27,000	8,57	3,41	34,7	-7,0	48,3	0	-9,5
389	29.08.2025 09:25:28,000	8,50	3,37	35,8	-3,3	50,9	0	-4,3
390	29.08.2025 09:25:29,000	8,47	3,46	36,2	-2,8	51,0	0	-3,6
391	29.08.2025 09:25:30,000	8,43	3,43	36,6	-1,4	52,0	0	-1,8
392	29.08.2025 09:25:31,000	8,40	3,47	37,0	0,4	52,6	0	0,5
393	29.08.2025 09:25:32,000	8,30	3,48	34,5	-3,2	52,3	0	-4,1
394	29.08.2025 09:25:33,000	8,20	3,53	36,9	-2,6	50,5	0	-3,4
395	29.08.2025 09:25:34,000	8,06	3,57	35,3	0,7	54,0	0	0,8
396	29.08.2025 09:25:35,000	7,99	3,58	35,3	-2,1	52,6	0	-2,6
397	29.08.2025 09:25:36,000	7,89	3,65	34,7	-4,8	50,6	0	-6,3
398	29.08.2025 09:25:37,000	7,79	3,64	36,0	-1,3	52,8	0	-1,6
399	29.08.2025 09:25:38,000	7,72	3,62	35,1	1,9	53,0	0	2,3
400	29.08.2025 09:25:39,000	7,65	3,63	33,7	-3,5	52,7	0	-4,5
401	29.08.2025 09:25:40,000	7,58	3,67	36,0	1,3	52,7	0	1,6
402	29.08.2025 09:25:41,000	7,55	3,66	33,8	2,1	54,1	0	2,6
403	29.08.2025 09:25:42,000	7,48	3,67	31,2	-5,1	53,8	0	-6,3
404	29.08.2025 09:25:43,000	7,45	3,67	34,2	-4,3	51,6	0	-5,5
405	29.08.2025 09:25:44,000	7,41	3,66	32,6	1,2	56,3	0	1,4
406	29.08.2025 09:25:45,000	7,38	3,68	34,4	-1,0	54,6	0	-1,2
407	29.08.2025 09:25:46,000	7,34	3,69	32,4	-3,5	54,1	0	-4,4
408	29.08.2025 09:25:47,000	7,27	3,70	29,3	-8,9	51,8	0	-11,4
409	29.08.2025 09:25:48,000	7,24	3,74	31,2	-9,2	49,7	0	-12,1
410	29.08.2025 09:25:49,000	7,20	3,71	29,8	-8,1	52,1	0	-10,4
411	29.08.2025 09:25:50,000	7,20	3,69	24,4	-10,2	55,4	0	-12,5
412	29.08.2025 09:25:51,000	7,20	3,71	23,0	-9,9	57,1	0	-11,9
413	29.08.2025 09:25:52,000	7,13	3,75	23,9	-3,9	62,2	0	-4,5
414	29.08.2025 09:25:53,000	7,07	3,80	26,0	-3,1	60,8	0	-3,6
415	29.08.2025 09:25:54,000	7,00	3,84	30,6	-5,5	53,8	0	-6,9
416	29.08.2025 09:25:55,000	6,93	3,82	29,5	-8,0	52,5	0	-10,2
417	29.08.2025 09:25:56,000	6,89	3,80	32,9	-1,9	55,2	0	-2,3
418	29.08.2025 09:25:57,000	6,89	3,82	32,0	-1,0	57,0	0	-1,2
419	29.08.2025 09:25:58,000	6,86	3,83	31,0	-1,6	57,4	0	-1,9
420	29.08.2025 09:25:59,000	6,82	3,81	31,7	-4,2	54,0	0	-5,3
421	29.08.2025 09:26:00,000	6,82	3,81	30,3	-4,8	54,9	0	-6,0
422	29.08.2025 09:26:01,000	6,82	3,83	32,0	-4,3	53,6	0	-5,5
423	29.08.2025 09:26:02,000	6,79	3,85	34,4	-0,8	54,8	0	-1,0
424	29.08.2025 09:26:03,000	6,75	3,82	32,7	-0,5	56,9	0	-0,6
425	29.08.2025 09:26:04,000	6,72	3,88	28,9	-1,5	59,6	0	-1,8
426	29.08.2025 09:26:05,000	6,68	3,87	31,3	-1,0	57,6	0	-1,2
427	29.08.2025 09:26:06,000	6,65	3,91	30,6	-5,2	54,2	0	-6,5
428	29.08.2025 09:26:07,000	6,61	3,88	30,9	-4,8	54,3	0	-6,0
429	29.08.2025 09:26:08,000	6,58	3,88	33,6	-2,0	54,5	0	-2,4
430	29.08.2025 09:26:09,000	6,54	3,87	33,5	0,9	55,6	0	1,1
431	29.08.2025 09:26:10,000	6,51	3,89	32,6	-2,5	54,8	0	-3,1
432	29.08.2025 09:26:11,000	6,47	3,93	33,8	-4,7	51,5	0	-6,0
433	29.08.2025 09:26:12,000	6,44	3,94	29,8	-3,0	57,2	0	-3,6
434	29.08.2025 09:26:13,000	6,40	3,96	32,7	-4,8	52,5	0	-6,2
435	29.08.2025 09:26:14,000	6,37	3,95	32,6	-4,9	52,4	0	-6,3
436	29.08.2025 09:26:15,000	6,37	3,95	33,9	-2,9	53,3	0	-3,6
437	29.08.2025 09:26:16,000	6,30	3,99	34,4	-4,1	51,4	0	-5,3
438	29.08.2025 09:26:17,000	6,26	4,00	34,4	-3,2	52,4	0	-4,1
439	29.08.2025 09:26:18,000	6,26	3,98	31,3	-6,2	52,5	0	-7,9
440	29.08.2025 09:26:19,000	6,23	4,02	31,4	-5,0	53,7	0	-6,3
441	29.08.2025 09:26:20,000	6,23	4,02	38,4	-1,2	50,4	0	-1,6
442	29.08.2025 09:26:21,000	6,19	4,08	32,6	-4,6	52,8	0	-5,9
443	29.08.2025 09:26:22,000	6,16	4,05	30,0	-5,9	54,1	0	-7,3
444	29.08.2025 09:26:23,000	6,12	4,05	35,7	-2,8	51,5	0	-3,6
445	29.08.2025 09:26:24,000	6,12	4,07	35,9	-4,7	49,4	0	-6,2
446	29.08.2025 09:26:25,000	6,08	4,09	31,6	-6,6	51,8	0	-8,5
447	29.08.2025 09:26:26,000	6,01	4,12	28,7	-10,1	51,3	0	-13,0
448	29.08.2025 09:26:27,000	5,98	4,16	30,7	-6,3	53,1	0	-8,0
449	29.08.2025 09:26:28,000	5,94	4,15	36,8	-4,8	48,3	0	-6,5
450	29.08.2025 09:26:29,000	5,91	4,19	35,7	-3,3	51,0	0	-4,3
451	29.08.2025 09:26:30,000	5,84	4,18	31,4	-4,9	53,7	0	-6,1
452	29.08.2025 09:26:31,000	5,80	4,19	32,1	-5,4	52,5	0	-6,9
453	29.08.2025 09:26:32,000	5,80	4,19	35,2	-6,2	48,6	0	-8,4
454	29.08.2025 09:26:33,000	5,80	4,17	34,8	-0,7	54,5	0	-0,8
455	29.08.2025 09:26:34,000	5,80	4,17	33,3	-4,2	52,5	0	-5,3
456	29.08.2025 09:26:35,000	5,76	4,21	31,4	-7,0	51,6	0	-9,0
457	29.08.2025 09:26:36,000	5,73	4,25	33,4	-3,5	53,1	0	-4,4
458	29.08.2025 09:26:37,000	5,73	4,25	36,7	-2,8	50,5	0	-3,7
459	29.08.2025 09:26:38,000	5,69	4,27	33,5	-2,4	54,1	0	-3,0
460	29.08.2025 09:26:39,000	5,66	4,28	33,2	-4,3	52,5	0	-5,5
461	29.08.2025 09:26:40,000	5,62	4,25	33,9	-3,4	52,7	0	-4,3
462	29.08.2025 09:26:41,000	5,62	4,30	34,8	-4,1	51,1	0	-5,3
463	29.08.2025 09:26:42,000	5,62	4,30	33,8	-2,0	54,2	0	-2,5
464	29.08.2025 09:26:43,000	5,59	4,32	33,4	0,5	56,1	0	0,7
465	29.08.2025 09:26:44,000	5,55	4,33	35,1	-4,6	50,3	0	-6,0
466	29.08.2025 09:26:45,000	5,48	4,37	20,2	-8,9	60,9	0	-10,3
467	29.08.2025 09:26:46,000	5,44	4,36	22,5	-7,1	60,4	0	-8,3
468	29.08.2025 09:26:47,000	5,37	4,39	26,9	-10,6	52,4	0	-13,5
469	29.08.2025 09:26:48,000	5,34	4,41	28,2	-7,0	54,8	0	-8,6
470	29.08.2025 09:26:49,000	5,30	4,40	22,9	-6,1	61,0	0	-7,1
471	29.08.2025 09:26:50,000	5,30	4,40	27,8	-6,9	55,3	0	-8,5
472	29.08.2025 09:26:51,000	5,26	4,44	31,8	-4,3	53,9	0	-5,3
473	29.08.2025 09:26:52,000	5,26	4,44	32,7	-2,1	55,2	0	-2,6
474	29.08.2025 09:26:53,000	5,23	4,46	32,4	0,4	57,1	0	0,5
475	29.08.2025 09:26:54,000	5,23	4,48	29,8	-1,7	58,5	0	-2,0
476	29.08.2025 09:26:55,000	5,19	4,47	34,0	-5,9	50,2	0	-7,7
477	29.08.2025 09:26:56,000	5,19	4,47	33,9	-1,6	54,6	0	-1,9
478	29.08.2025 09:26:57,000	5,19	4,47	33,0	1,2	55,8	0	1,5
479	29.08.2025 09:26:58,000	5,16	4,54	33,7	-5,0	51,3	0	-6,5
480	29.08.2025 09:26:59,000	5,16	4,51	33,2	-3,2	53,7	0	-4,0
481	29.08.2025 09:27:00,000	5,16	4,51	34,5	-1,6	53,9	0	-2,0
482	29.08.2025 09:27:01,000	5,12	4,53	36,2	2,4	51,4	0	3,2
483	29.08.2025 09:27:02,000	5,12	4,53	34,8	-4,9	50,4	0	-6,4
484	29.08.2025 09:27:03,000	5,12	4,58	31,6	-3,8	54,6	0	-4,7
485	29.08.2025 09:27:04,000	5,08	4,59	34,8	-2,9	52,3	0	-3,7
486	29.08.2025 09:27:05,000	5,05	4,61	37,2	1,7	51,2	0	2,1
487	29.08.2025 09:27:06,000	5,05	4,66	37,2	1,0	51,9	0	1,3
488	29.08.2025 09:27:07,000	4,97	4,69	34,7	-5,5	49,8	0	-7,2
489	29.08.2025 09:27:08,000	4,97	4,71	35,1	0,3	54,6	0	0,3
490	29.08.2025 09:27:09,000	4,94	4,75	38,0	-0,9	51,1	0	-1,2
491	29.08.2025 09:27:10,000	4,90	4,77	42,1	-3,7	44,1	0	-5,4
492	29.08.2025 09:27:11,000	4,87	4,78	37,7	2,8	49,5	0	3,7
493	29.08.2025 09:27:12,000	4,83	4,82	33,2	-4,5	52,3	0	-5,7
494	29.08.2025 09:27:13,000	4,79	4,84	40,9	-0,4	48,7	0	-0,6
495	29.08.2025 09:27:14,000	4,76	4,88	42,7	2,9	44,4	0	4,1
496	29.08.2025 09:27:15,000	4,72	4,90	37,9	-3,1	49,0	0	-4,1
497	29.08.2025 09:27:16,000	4,68	4,96	38,4	1,7	49,9	0	2,2
498	29.08.2025 09:27:17,000	4,61	4,94	42,4	2,9	44,8	0	4,1
499	29.08.2025 09:27:18,000	4,57	5,01	46,4	0,0	43,6	0	0,0
500	29.08.2025 09:27:19,000	4,54	5,02	41,9	1,4	46,7	0	2,0
501	29.08.2025 09:27:20,000	4,54	5,05	39,6	-0,7	49,7	0	-0,9
502	29.08.2025 09:27:21,000	4,46	5,08	42,9	-0,9	46,2	0	-1,3
503	29.08.2025 09:27:22,000	4,43	5,09	40,9	3,7	45,4	0	5,3
504	29.08.2025 09:27:23,000	4,43	5,12	44,5	2,2	43,3	0	3,2
505	29.08.2025 09:27:24,000	4,39	5,18	46,3	0,1	43,5	0	0,2
506	29.08.2025 09:27:25,000	4,35	5,20	40,4	3,4	46,2	0	4,7
507	29.08.2025 09:27:26,000	4,35	5,22	42,4	-0,4	47,2	0	-0,5
508	29.08.2025 09:27:27,000	4,32	5,26	45,9	1,8	42,3	0	2,8
509	29.08.2025 09:27:28,000	4,28	5,28	45,4	3,0	41,6	0	4,5
510	29.08.2025 09:27:29,000	4,24	5,29	40,7	-3,8	45,5	0	-5,4
511	29.08.2025 09:27:30,000	4,24	5,34	38,4	2,4	49,3	0	3,1
512	29.08.2025 09:27:31,000	4,21	5,38	46,4	1,9	41,7	0	2,9
513	29.08.2025 09:27:32,000	4,17	5,42	48,9	0,6	40,5	0	0,9
514	29.08.2025 09:27:33,000	4,13	5,43	42,4	0,7	46,9	0	0,9
515	29.08.2025 09:27:34,000	4,13	5,43	37,1	0,1	52,8	0	0,1
516	29.08.2025 09:27:35,000	4,10	5,52	42,1	1,3	46,7	0	1,7
517	29.08.2025 09:27:36,000	4,06	5,51	44,6	3,7	41,7	0	5,6
518	29.08.2025 09:27:37,000	4,02	5,55	43,9	-0,9	45,2	0	-1,3
519	29.08.2025 09:27:38,000	3,98	5,59	37,7	4,1	48,2	0	5,5
520	29.08.2025 09:27:39,000	3,98	5,61	37,9	1,6	50,5	0	2,1
521	29.08.2025 09:27:40,000	3,95	5,61	42,3	-1,4	46,2	0	-2,0
522	29.08.2025 09:27:41,000	3,95	5,68	43,1	4,0	42,9	0	5,9
523	29.08.2025 09:27:42,000	3,91	5,71	41,3	0,0	48,7	0	0,0
524	29.08.2025 09:27:43,000	3,87	5,71	35,2	0,8	54,0	0	1,0
525	29.08.2025 09:27:44,000	3,87	5,75	37,2	-1,1	51,7	0	-1,4
526	29.08.2025 09:27:45,000	3,84	5,75	45,4	-0,2	44,3	0	-0,3
527	29.08.2025 09:27:46,000	3,84	5,79	41,1	1,1	47,9	0	1,5
528	29.08.2025 09:27:47,000	3,84	5,82	31,3	-2,0	56,7	0	-2,4
529	29.08.2025 09:27:48,000	3,80	5,83	38,0	0,3	51,7	0	0,4
530	29.08.2025 09:27:49,000	3,80	5,83	44,0	-0,2	45,8	0	-0,3
531	29.08.2025 09:27:50,000	3,80	5,90	39,2	0,6	50,3	0	0,7
532	29.08.2025 09:27:51,000	3,76	5,96	39,3	-0,6	50,1	0	-0,8
533	29.08.2025 09:27:52,000	3,72	5,98	39,0	0,8	50,2	0	1,1
534	29.08.2025 09:27:53,000	3,69	6,00	41,6	-2,7	45,7	0	-3,8
535	29.08.2025 09:27:54,000	3,69	6,00	38,2	1,4	50,4	0	1,8
536	29.08.2025 09:27:55,000	3,65	6,04	40,1	0,1	49,8	0	0,2
537	29.08.2025 09:27:56,000	3,61	6,07	43,4	-1,1	45,5	0	-1,5
538	29.08.2025 09:27:57,000	3,61	6,10	40,0	2,5	47,5	0	3,4
539	29.08.2025 09:27:58,000	3,58	6,11	42,1	-1,6	46,3	0	-2,3
540	29.08.2025 09:27:59,000	3,54	6,18	43,6	2,2	44,2	0	3,1
541	29.08.2025 09:28:00,000	3,50	6,19	41,6	2,9	45,4	0	4,1
542	29.08.2025 09:28:01,000	3,50	6,24	42,4	-1,1	46,5	0	-1,5
543	29.08.2025 09:28:02,000	3,46	6,25	41,2	2,1	46,7	0	2,9
544	29.08.2025 09:28:03,000	3,46	6,28	42,2	0,3	47,5	0	0,4
545	29.08.2025 09:28:04,000	3,43	6,29	47,0	1,0	42,1	0	1,5
546	29.08.2025 09:28:05,000	3,43	6,34	46,4	3,0	40,7	0	4,6
547	29.08.2025 09:28:06,000	3,43	6,36	41,3	0,8	47,8	0	1,1
548	29.08.2025 09:28:07,000	3,39	6,38	39,9	0,6	49,5	0	0,8
549	29.08.2025 09:28:08,000	3,39	6,38	46,2	2,0	41,8	0	3,1
550	29.08.2025 09:28:09,000	3,35	6,46	52,3	0,9	36,8	0	1,5
551	29.08.2025 09:28:10,000	3,35	6,49	48,2	2,0	39,9	0	3,1
552	29.08.2025 09:28:11,000	3,35	6,49	43,4	2,4	44,2	0	3,4
553	29.08.2025 09:28:12,000	3,31	6,50	43,3	-0,7	46,0	0	-1,0
554	29.08.2025 09:28:13,000	3,28	6,61	53,3	5,1	31,6	0	9,8
555	29.08.2025 09:28:14,000	3,28	6,64	55,4	4,9	29,7	0	9,7
556	29.08.2025 09:28:15,000	3,24	6,63	46,2	4,0	39,8	0	6,3
557	29.08.2025 09:28:16,000	3,20	6,64	45,6	3,5	40,9	0	5,3
558	29.08.2025 09:28:17,000	3,20	6,67	51,5	3,8	34,7	0	6,6
559	29.08.2025 09:28:18,000	3,20	6,69	55,5	4,5	30,0	0	9,0
560	29.08.2025 09:28:19,000	3,20	6,71	52,6	2,2	35,1	0	3,8
561	29.08.2025 09:28:20,000	3,16	6,73	51,1	1,1	37,8	0	1,9
562	29.08.2025 09:28:21,000	3,16	6,78	52,3	3,0	34,7	0	5,2
563	29.08.2025 09:28:22,000	3,16	6,78	33,6	10,5	45,9	0	14,6
564	29.08.2025 09:28:23,000	3,16	6,80	14,6	8,2	67,2	1	9,1
565	29.08.2025 09:28:24,000	3,12	6,79	3,9	12,7	73,4	0	13,3
566	29.08.2025 09:28:25,000	3,12	6,77	3,1	6,1	80,8	1	6,3
567	29.08.2025 09:28:26,000	3,12	6,75	3,2	1,0	85,8	1	1,0
568	29.08.2025 09:28:27,000	3,12	6,75	-2,3	4,6	83,1	0	4,7
569	29.08.2025 09:28:28,000	3,12	6,75	-4,3	0,3	85,4	0	0,3
570	29.08.2025 09:28:29,000	3,12	6,72	37,5	7,7	44,7	1	11,0
571	29.08.2025 09:28:30,000	3,09	6,76	-7,5	-0,4	82,0	1	-0,4
572	29.08.2025 09:28:31,000	3,05	6,75	-2,6	-0,8	86,6	0	-0,8
573	29.08.2025 09:28:32,000	3,01	6,77	-2,2	0,3	87,5	1	0,3
574	29.08.2025 09:28:33,000	3,01	6,77	3,7	1,8	84,5	1	1,9
575	29.08.2025 09:28:34,000	3,01	6,72	5,1	-4,0	80,9	0	-4,1
576	29.08.2025 09:28:35,000	3,01	6,72	1,1	3,2	85,8	1	3,2
577	29.08.2025 09:28:36,000	2,97	6,74	1,9	-4,2	83,9	0	-4,3
578	29.08.2025 09:28:37,000	2,97	6,74	-6,5	-1,2	82,3	0	-1,2
579	29.08.2025 09:28:38,000	2,93	6,73	-2,9	-2,4	84,7	0	-2,4
580	29.08.2025 09:28:39,000	2,93	6,73	-11,4	-16,6	62,0	0	-18,6
581	29.08.2025 09:28:40,000	2,93	6,71	-1,0	-0,5	88,5	0	-0,5
582	29.08.2025 09:28:41,000	2,93	6,73	-9,7	6,3	74,1	0	6,7
583	29.08.2025 09:28:42,000	2,93	6,71	3,4	-3,7	82,9	0	-3,8
584	29.08.2025 09:28:43,000	2,93	6,71	-1,0	-5,9	83,1	0	-5,9
585	29.08.2025 09:28:44,000	2,93	6,69	-10,6	-1,7	77,7	0	-1,8
586	29.08.2025 09:28:45,000	2,93	6,69	10,5	-10,1	69,4	1	-11,1
587	29.08.2025 09:28:46,000	2,93	6,64	0,8	-0,2	89,1	1	-0,2
588	29.08.2025 09:28:47,000	2,90	6,68	-0,3	3,2	86,5	0	3,2
589	29.08.2025 09:28:48,000	2,90	6,70	0,4	-1,8	87,8	1	-1,8
590	29.08.2025 09:28:49,000	2,90	6,70	3,9	1,2	84,9	0	1,2
591	29.08.2025 09:28:50,000	2,90	6,68	5,1	6,6	78,4	1	6,8
592	29.08.2025 09:28:51,000	2,86	6,67	2,0	-3,1	84,9	0	-3,1
593	29.08.2025 09:28:52,000	2,86	6,67	-1,7	-0,2	88,1	1	-0,2
594	29.08.2025 09:28:53,000	2,86	6,67	0,9	-0,4	88,7	0	-0,4
595	29.08.2025 09:28:54,000	2,86	6,67	-2,6	-5,3	82,1	0	-5,4
596	29.08.2025 09:28:55,000	2,82	6,66	6,5	-3,2	80,3	0	-3,3
597	29.08.2025 09:28:56,000	2,82	6,69	1,2	-10,1	78,7	0	-10,3
598	29.08.2025 09:28:57,000	2,78	6,70	0,3	2,3	87,5	0	2,3
599	29.08.2025 09:28:58,000	2,74	6,70	-0,2	9,2	80,6	1	9,2
600	29.08.2025 09:28:59,000	2,74	6,67	-2,3	-4,7	83,0	0	-4,8
601	29.08.2025 09:29:00,000	2,74	6,70	0,0	5,1	84,9	1	5,1
602	29.08.2025 09:29:01,000	2,71	6,71	-4,2	-3,0	82,8	0	-3,1
603	29.08.2025 09:29:02,000	2,67	6,71	6,0	-4,7	79,3	0	-4,9
604	29.08.2025 09:29:03,000	2,67	6,66	5,5	2,2	82,2	0	2,3
605	29.08.2025 09:29:04,000	2,67	6,66	-3,5	2,2	84,2	1	2,3
606	29.08.2025 09:29:05,000	2,67	6,66	-9,7	8,5	71,8	1	9,1
607	29.08.2025 09:29:06,000	2,63	6,67	3,0	-3,0	84,0	0	-3,0
608	29.08.2025 09:29:07,000	2,63	6,67	3,1	2,5	84,4	0	2,5
609	29.08.2025 09:29:08,000	2,63	6,67	5,4	2,5	82,1	0	2,6
610	29.08.2025 09:29:09,000	2,59	6,64	-1,1	9,3	79,6	0	9,4
611	29.08.2025 09:29:10,000	2,59	6,64	-1,2	-2,5	86,4	1	-2,5
612	29.08.2025 09:29:11,000	2,59	6,67	-4,1	0,0	85,9	1	0,0
613	29.08.2025 09:29:12,000	2,59	6,64	7,6	4,5	77,9	0	4,7
614	29.08.2025 09:29:13,000	2,55	6,66	-2,1	-3,6	84,2	0	-3,7
615	29.08.2025 09:29:14,000	2,55	6,66	-0,1	-2,7	87,2	0	-2,7
616	29.08.2025 09:29:15,000	2,55	6,64	4,4	-1,6	83,9	1	-1,6
617	29.08.2025 09:29:16,000	2,55	6,66	0,2	-10,2	79,6	0	-10,3
618	29.08.2025 09:29:17,000	2,52	6,63	6,3	3,4	80,3	0	3,6
619	29.08.2025 09:29:18,000	2,52	6,65	-9,7	0,2	80,2	0	0,2
620	29.08.2025 09:29:19,000	2,52	6,61	-2,2	-2,9	84,8	0	-3,0
621	29.08.2025 09:29:20,000	2,48	6,62	-4,3	-6,3	79,4	0	-6,5
622	29.08.2025 09:29:21,000	2,48	6,62	-7,9	-0,4	81,8	0	-0,4
623	29.08.2025 09:29:22,000	2,48	6,65	-2,4	1,0	86,6	0	1,0
624	29.08.2025 09:29:23,000	2,44	6,62	18,6	22,6	48,8	0	27,8
625	29.08.2025 09:29:24,000	2,44	6,66	27,1	5,6	57,3	1	6,8
626	29.08.2025 09:29:25,000	2,40	6,68	-4,8	-1,8	83,4	0	-1,9
627	29.08.2025 09:29:26,000	2,36	6,65	2,0	0,5	87,5	0	0,5
628	29.08.2025 09:29:27,000	2,36	6,65	-8,0	-0,4	81,7	0	-0,4
629	29.08.2025 09:29:28,000	2,32	6,66	-2,5	-0,9	86,6	0	-0,9
630	29.08.2025 09:29:29,000	2,32	6,64	-11,3	7,1	71,6	0	7,7
631	29.08.2025 09:29:30,000	2,28	6,63	-1,3	-9,4	79,4	1	-9,5
632	29.08.2025 09:29:31,000	2,28	6,66	-9,9	3,3	76,8	0	3,5
633	29.08.2025 09:29:32,000	2,25	6,65	3,8	-1,9	84,4	0	-1,9
634	29.08.2025 09:29:33,000	2,25	6,65	21,4	7,8	60,7	0	9,2
635	29.08.2025 09:29:34,000	2,25	6,62	3,9	1,3	84,8	1	1,3
636	29.08.2025 09:29:35,000	2,21	6,62	1,6	-7,1	81,3	0	-7,2
637	29.08.2025 09:29:36,000	2,21	6,62	-2,0	2,3	85,7	1	2,3
638	29.08.2025 09:29:37,000	2,21	6,64	3,1	-10,1	76,7	0	-10,5
639	29.08.2025 09:29:38,000	2,21	6,62	-3,8	-7,8	78,4	0	-8,0
640	29.08.2025 09:29:39,000	2,21	6,62	-3,0	-7,7	79,3	0	-7,9
641	29.08.2025 09:29:40,000	2,17	6,63	-3,0	-7,7	79,3	0	-7,9
642	29.08.2025 09:29:41,000	2,17	6,63	-3,0	-7,7	79,2	0	-8,0
643	29.08.2025 09:29:42,000	2,17	6,63	-2,6	-7,2	80,2	0	-7,4
644	29.08.2025 09:29:43,000	2,17	6,61	-4,5	-8,0	77,6	0	-8,3
645	29.08.2025 09:29:44,000	2,13	6,63	-7,5	-6,1	76,4	0	-6,5
646	29.08.2025 09:29:45,000	2,13	6,63	1,3	-9,1	79,5	0	-9,3
647	29.08.2025 09:29:46,000	2,13	6,63	-5,8	-1,3	82,9	0	-1,3
648	29.08.2025 09:29:47,000	2,09	6,60	-5,7	-4,5	79,8	0	-4,6
649	29.08.2025 09:29:48,000	2,09	6,60	-3,3	-6,1	80,7	0	-6,3
650	29.08.2025 09:29:49,000	2,09	6,60	-0,5	-4,3	85,2	0	-4,4
651	29.08.2025 09:29:50,000	2,09	6,60	-6,5	-0,6	82,9	0	-0,6
652	29.08.2025 09:29:51,000	2,09	6,60	-4,7	-5,2	80,1	0	-5,4
653	29.08.2025 09:29:52,000	2,09	6,60	-4,2	-5,6	80,2	0	-5,8
654	29.08.2025 09:29:53,000	2,09	6,60	1,3	2,1	86,6	1	2,1
655	29.08.2025 09:29:54,000	2,09	6,57	-2,0	3,7	84,3	0	3,7
656	29.08.2025 09:29:55,000	2,09	6,60	-1,0	-0,6	88,3	0	-0,6
657	29.08.2025 09:29:56,000	2,05	6,59	1,9	-0,8	87,3	0	-0,8
658	29.08.2025 09:29:57,000	2,05	6,59	-5,0	0,8	84,2	0	0,8
659	29.08.2025 09:29:58,000	2,05	6,59	-1,2	-2,3	86,5	0	-2,3
660	29.08.2025 09:29:59,000	2,05	6,56	0,0	-1,0	89,0	1	-1,0
661	29.08.2025 09:30:00,000	2,05	6,59	-2,2	-7,1	80,7	0	-7,2
662	29.08.2025 09:30:01,000	2,05	6,56	-0,1	-0,3	89,6	0	-0,3
663	29.08.2025 09:30:02,000	2,05	6,56	4,1	2,8	83,2	0	2,8
664	29.08.2025 09:30:03,000	2,05	6,56	-1,9	-8,0	80,1	0	-8,1
665	29.08.2025 09:30:04,000	2,05	6,56	-1,0	1,5	87,5	0	1,5
666	29.08.2025 09:30:05,000	2,05	6,54	12,2	3,8	74,0	1	4,0
667	29.08.2025 09:30:06,000	2,05	6,56	1,8	-5,3	82,9	1	-5,4
668	29.08.2025 09:30:07,000	2,01	6,56	1,6	1,8	86,5	1	1,9
669	29.08.2025 09:30:08,000	2,01	6,56	-3,0	-1,1	86,0	0	-1,1
670	29.08.2025 09:30:09,000	2,01	6,56	14,5	0,8	74,7	0	0,8
671	29.08.2025 09:30:10,000	2,01	6,53	-4,4	5,4	80,2	0	5,6
672	29.08.2025 09:30:11,000	2,01	6,56	7,0	4,3	78,7	1	4,5
673	29.08.2025 09:30:12,000	1,98	6,55	10,6	-19,6	59,8	0	-21,9
674	29.08.2025 09:30:13,000	1,98	6,55	13,3	-8,8	67,9	1	-9,8
675	29.08.2025 09:30:14,000	1,98	6,55	-6,4	0,4	83,2	0	0,4
676	29.08.2025 09:30:15,000	1,98	6,55	-2,5	2,0	85,5	1	2,0
677	29.08.2025 09:30:16,000	1,98	6,55	2,6	2,2	85,1	1	2,3
678	29.08.2025 09:30:17,000	1,98	6,55	9,4	5,1	75,5	0	5,5
679	29.08.2025 09:30:18,000	1,98	6,55	17,2	3,0	69,8	1	3,2
680	29.08.2025 09:30:19,000	1,98	6,53	-10,1	2,1	77,9	0	2,1
681	29.08.2025 09:30:20,000	1,98	6,55	4,7	-2,5	82,8	1	-2,5
682	29.08.2025 09:30:21,000	1,94	6,54	5,4	-2,0	82,6	0	-2,0
683	29.08.2025 09:30:22,000	1,94	6,54	4,6	-4,9	80,5	0	-5,1
684	29.08.2025 09:30:23,000	1,94	6,54	16,1	-6,6	67,4	0	-7,3
685	29.08.2025 09:30:24,000	1,90	6,54	-0,1	-3,7	86,2	1	-3,7
686	29.08.2025 09:30:25,000	1,90	6,54	-1,1	-6,4	82,5	0	-6,5
687	29.08.2025 09:30:26,000	1,90	6,54	4,1	10,5	75,4	0	10,9
688	29.08.2025 09:30:27,000	1,90	6,56	5,4	0,4	84,2	1	0,4
689	29.08.2025 09:30:28,000	1,86	6,53	0,9	9,2	79,9	0	9,3
690	29.08.2025 09:30:29,000	1,86	6,57	17,2	1,1	71,8	0	1,1
691	29.08.2025 09:30:30,000	1,86	6,55	18,5	-1,5	70,1	1	-1,6
692	29.08.2025 09:30:31,000	1,86	6,50	-12,2	-2,6	75,3	1	-2,7
693	29.08.2025 09:30:32,000	1,82	6,52	-0,6	-1,3	88,1	0	-1,3
694	29.08.2025 09:30:33,000	1,82	6,54	-0,9	3,1	86,0	0	3,1
695	29.08.2025 09:30:34,000	1,82	6,54	19,0	4,9	66,1	1	5,5
696	29.08.2025 09:30:35,000	1,78	6,56	-5,9	-6,2	77,9	0	-6,5
697	29.08.2025 09:30:36,000	1,78	6,56	6,2	9,7	74,0	1	10,3
698	29.08.2025 09:30:37,000	1,74	6,60	5,4	3,6	81,0	1	3,7
699	29.08.2025 09:30:38,000	1,70	6,57	0,7	4,3	85,0	0	4,3
700	29.08.2025 09:30:39,000	1,70	6,57	3,4	5,1	81,5	1	5,2
701	29.08.2025 09:30:40,000	1,66	6,56	4,4	-5,7	79,9	1	-5,9
702	29.08.2025 09:30:41,000	1,66	6,54	5,5	10,6	73,9	0	11,2
703	29.08.2025 09:30:42,000	1,66	6,54	3,9	5,6	80,5	1	5,8
704	29.08.2025 09:30:43,000	1,66	6,54	4,0	4,2	81,8	0	4,3
705	29.08.2025 09:30:44,000	1,62	6,53	-3,7	12,2	74,2	0	12,6
706	29.08.2025 09:30:45,000	1,62	6,55	9,7	-1,3	79,0	1	-1,3
707	29.08.2025 09:30:46,000	1,62	6,55	11,9	0,1	78,0	1	0,1
708	29.08.2025 09:30:47,000	1,59	6,54	6,0	1,5	82,5	1	1,6
709	29.08.2025 09:30:48,000	1,59	6,54	-2,7	1,7	85,6	1	1,8
710	29.08.2025 09:30:49,000	1,59	6,52	6,7	3,0	80,2	0	3,1
711	29.08.2025 09:30:50,000	1,59	6,52	-9,2	-3,7	77,1	0	-3,9
712	29.08.2025 09:30:51,000	1,59	6,50	6,5	-0,9	82,6	0	-0,9
713	29.08.2025 09:30:52,000	1,59	6,52	10,2	-1,0	78,9	1	-1,0
714	29.08.2025 09:30:53,000	1,55	6,49	1,1	0,9	88,1	1	0,9
715	29.08.2025 09:30:54,000	1,55	6,51	8,3	2,1	79,6	0	2,1
716	29.08.2025 09:30:55,000	1,55	6,51	10,4	0,3	79,3	0	0,3
717	29.08.2025 09:30:56,000	1,55	6,54	1,5	-3,2	85,3	1	-3,2
718	29.08.2025 09:30:57,000	1,55	6,51	4,4	5,8	79,8	0	6,0
719	29.08.2025 09:30:58,000	1,51	6,48	0,0	-8,5	81,5	0	-8,5
720	29.08.2025 09:30:59,000	1,51	6,51	-3,2	-1,0	85,9	1	-1,0
721	29.08.2025 09:31:00,000	1,51	6,51	-1,6	1,5	86,9	1	1,5
722	29.08.2025 09:31:01,000	1,51	6,48	4,5	-1,0	84,5	0	-1,0
723	29.08.2025 09:31:02,000	1,51	6,51	7,7	8,9	73,4	1	9,5
724	29.08.2025 09:31:03,000	1,51	6,51	13,7	6,6	69,7	0	7,3
725	29.08.2025 09:31:04,000	1,47	6,50	6,5	3,8	79,7	0	4,0
726	29.08.2025 09:31:05,000	1,47	6,52	-6,3	3,1	80,6	0	3,2
727	29.08.2025 09:31:06,000	1,47	6,52	13,7	-2,1	74,2	0	-2,2
728	29.08.2025 09:31:07,000	1,43	6,49	2,9	-8,4	78,7	1	-8,7
729	29.08.2025 09:31:08,000	1,43	6,49	3,8	-2,2	84,0	0	-2,2
730	29.08.2025 09:31:09,000	1,43	6,51	20,2	5,8	64,0	1	6,6
731	29.08.2025 09:31:10,000	1,43	6,49	-1,8	1,1	87,1	0	1,1
732	29.08.2025 09:31:11,000	1,43	6,49	5,6	-1,6	82,8	0	-1,6
733	29.08.2025 09:31:12,000	1,39	6,51	0,7	4,8	84,5	0	4,8
734	29.08.2025 09:31:13,000	1,39	6,51	2,1	10,9	77,1	1	11,1
735	29.08.2025 09:31:14,000	1,39	6,51	1,3	10,2	78,4	0	10,4
736	29.08.2025 09:31:15,000	1,39	6,51	5,8	17,5	66,7	0	18,6
737	29.08.2025 09:31:16,000	1,39	6,51	4,9	29,7	55,4	1	31,4
738	29.08.2025 09:31:17,000	1,35	6,48	10,1	28,4	51,4	0	31,9
739	29.08.2025 09:31:18,000	1,35	6,50	15,1	21,9	53,0	0	25,8
740	29.08.2025 09:31:19,000	1,35	6,50	21,5	24,4	44,1	0	31,4
741	29.08.2025 09:31:20,000	1,35	6,48	30,7	11,1	48,2	0	14,8
742	29.08.2025 09:31:21,000	1,35	6,48	27,7	9,3	53,0	0	11,8
743	29.08.2025 09:31:22,000	1,31	6,47	30,6	5,6	53,8	0	7,0
744	29.08.2025 09:31:23,000	1,31	6,47	33,3	6,8	49,9	0	9,0
745	29.08.2025 09:31:24,000	1,27	6,46	37,6	6,2	46,2	0	8,6
746	29.08.2025 09:31:25,000	1,27	6,48	34,9	7,1	48,0	0	9,7
747	29.08.2025 09:31:26,000	1,27	6,44	31,2	9,9	49,0	0	13,1
748	29.08.2025 09:31:27,000	1,23	6,43	32,7	10,9	46,4	0	14,9
749	29.08.2025 09:31:28,000	1,23	6,41	34,9	10,7	44,4	0	15,1
750	29.08.2025 09:31:29,000	1,23	6,43	33,9	11,1	45,0	0	15,6
751	29.08.2025 09:31:30,000	1,23	6,43	33,0	11,8	45,2	0	16,5
752	29.08.2025 09:31:31,000	1,19	6,40	35,3	10,8	43,8	0	15,5
753	29.08.2025 09:31:32,000	1,19	6,42	36,4	11,6	42,0	0	17,1
754	29.08.2025 09:31:33,000	1,19	6,40	36,8	10,7	42,5	0	15,7
755	29.08.2025 09:31:34,000	1,19	6,40	31,5	14,5	44,0	0	20,3
756	29.08.2025 09:31:35,000	1,19	6,38	33,2	13,6	43,2	0	19,3
757	29.08.2025 09:31:36,000	1,19	6,38	39,2	10,8	40,0	0	16,5
758	29.08.2025 09:31:37,000	1,15	6,37	36,8	13,3	39,9	0	20,1
759	29.08.2025 09:31:38,000	1,15	6,37	33,2	14,3	42,6	0	20,4
760	29.08.2025 09:31:39,000	1,15	6,35	33,9	13,9	42,3	0	20,0
761	29.08.2025 09:31:40,000	1,15	6,35	34,9	14,7	40,4	0	21,9
762	29.08.2025 09:31:41,000	1,15	6,32	36,7	12,8	40,5	0	19,1
763	29.08.2025 09:31:42,000	1,15	6,32	34,7	14,4	40,9	0	21,2
764	29.08.2025 09:31:43,000	1,11	6,32	31,3	15,4	43,3	0	21,7
765	29.08.2025 09:31:44,000	1,11	6,29	34,3	14,0	41,7	0	20,4
766	29.08.2025 09:31:45,000	1,11	6,32	39,4	11,9	38,7	0	18,6
767	29.08.2025 09:31:46,000	1,11	6,32	34,1	15,3	40,6	0	22,5
768	29.08.2025 09:31:47,000	1,11	6,27	31,3	14,4	44,3	0	20,0
769	29.08.2025 09:31:48,000	1,11	6,27	35,2	14,0	40,8	0	20,7
770	29.08.2025 09:31:49,000	1,07	6,26	38,1	13,8	38,1	0	21,5
771	29.08.2025 09:31:50,000	1,07	6,26	34,9	15,4	39,6	0	23,1
772	29.08.2025 09:31:51,000	1,07	6,26	32,6	16,0	41,4	0	23,2
773	29.08.2025 09:31:52,000	1,07	6,26	35,8	15,1	39,0	0	22,9
774	29.08.2025 09:31:53,000	1,07	6,24	37,2	14,9	37,9	0	23,1
775	29.08.2025 09:31:54,000	1,07	6,24	36,6	15,4	38,0	0	23,7
776	29.08.2025 09:31:55,000	1,03	6,23	33,9	15,5	40,5	0	22,8
777	29.08.2025 09:31:56,000	1,03	6,21	35,7	16,0	38,3	0	24,3
778	29.08.2025 09:31:57,000	1,03	6,21	35,6	16,4	38,0	0	25,1
779	29.08.2025 09:31:58,000	1,03	6,21	38,1	14,2	37,8	0	22,1
780	29.08.2025 09:31:59,000	1,03	6,23	37,9	15,7	36,4	0	24,9
781	29.08.2025 09:32:00,000	1,03	6,25	37,1	18,1	34,8	0	28,9
782	29.08.2025 09:32:01,000	1,03	6,28	44,2	15,6	30,2	0	28,4
783	29.08.2025 09:32:02,000	1,03	6,30	44,7	14,5	30,8	0	26,3
784	29.08.2025 09:32:03,000	1,03	6,25	38,0	5,8	46,2	0	8,1
785	29.08.2025 09:32:04,000	1,03	6,21	36,4	10,3	43,3	0	14,9
786	29.08.2025 09:32:05,000	1,03	6,18	37,1	12,9	40,0	0	19,5
787	29.08.2025 09:32:06,000	0,99	6,18	37,1	10,3	42,6	0	15,0
788	29.08.2025 09:32:07,000	0,99	6,13	29,4	14,0	46,6	0	18,9
789	29.08.2025 09:32:08,000	0,99	6,11	34,5	13,0	42,5	0	18,9
790	29.08.2025 09:32:09,000	0,99	6,06	36,4	11,2	42,4	0	16,4
791	29.08.2025 09:32:10,000	0,99	6,04	35,9	12,6	41,5	0	18,6
792	29.08.2025 09:32:11,000	0,95	6,01	33,4	13,1	43,5	0	18,6
793	29.08.2025 09:32:12,000	0,95	5,96	34,2	14,2	41,6	0	20,7
794	29.08.2025 09:32:13,000	0,95	5,96	32,0	15,9	42,2	0	22,7
795	29.08.2025 09:32:14,000	0,95	5,94	35,3	10,7	44,0	0	15,3
796	29.08.2025 09:32:15,000	0,95	5,89	37,9	10,8	41,3	0	16,1
797	29.08.2025 09:32:16,000	0,95	5,89	37,6	12,6	39,8	0	19,2
798	29.08.2025 09:32:17,000	0,95	5,85	34,7	14,6	40,6	0	21,6
799	29.08.2025 09:32:18,000	0,95	5,82	32,7	14,9	42,4	0	21,4
800	29.08.2025 09:32:19,000	0,95	5,78	37,7	11,0	41,3	0	16,5
801	29.08.2025 09:32:20,000	0,95	5,73	37,8	12,6	39,6	0	19,2
802	29.08.2025 09:32:21,000	0,95	5,73	36,1	13,8	40,1	0	20,7
803	29.08.2025 09:32:22,000	0,95	5,68	35,3	14,5	40,2	0	21,6
804	29.08.2025 09:32:23,000	0,91	5,65	35,8	13,7	40,4	0	20,5
805	29.08.2025 09:32:24,000	0,91	5,63	38,0	12,6	39,4	0	19,2
806	29.08.2025 09:32:25,000	0,91	5,61	33,4	15,6	41,0	0	22,7
807	29.08.2025 09:32:26,000	0,91	5,56	35,7	14,6	39,7	0	21,9
808	29.08.2025 09:32:27,000	0,91	5,54	36,0	14,4	39,6	0	21,8
809	29.08.2025 09:32:28,000	0,91	5,51	36,7	13,6	39,7	0	20,6
810	29.08.2025 09:32:29,000	0,91	5,47	33,9	16,5	39,6	0	24,5
811	29.08.2025 09:32:30,000	0,91	5,45	38,6	12,2	39,2	0	18,8
812	29.08.2025 09:32:31,000	0,91	5,42	35,2	15,1	39,7	0	22,6
813	29.08.2025 09:32:32,000	0,91	5,35	35,0	14,2	40,8	0	21,0
814	29.08.2025 09:32:33,000	0,91	5,33	36,0	12,9	41,1	0	19,1
815	29.08.2025 09:32:34,000	0,91	5,28	37,3	13,8	38,9	0	21,2
816	29.08.2025 09:32:35,000	0,91	5,28	35,9	17,0	37,1	0	26,2
817	29.08.2025 09:32:36,000	0,91	5,24	36,1	12,7	41,1	0	18,9
818	29.08.2025 09:32:37,000	0,91	5,19	36,1	13,4	40,5	0	20,0
819	29.08.2025 09:32:38,000	0,91	5,17	37,6	14,3	38,1	0	22,1
820	29.08.2025 09:32:39,000	0,87	5,11	36,0	16,6	37,3	0	25,7
821	29.08.2025 09:32:40,000	0,87	5,09	37,2	14,4	38,4	0	22,3
822	29.08.2025 09:32:41,000	0,87	5,07	35,7	15,3	39,0	0	23,1
823	29.08.2025 09:32:42,000	0,87	5,02	39,1	12,2	38,8	0	18,9
824	29.08.2025 09:32:43,000	0,87	5,00	38,6	13,3	38,2	0	20,7
825	29.08.2025 09:32:44,000	0,87	4,95	36,4	15,8	37,7	0	24,4
826	29.08.2025 09:32:45,000	0,87	4,93	37,5	13,0	39,5	0	19,8
827	29.08.2025 09:32:46,000	0,87	4,88	39,5	13,1	37,3	0	20,9
828	29.08.2025 09:32:47,000	0,87	4,84	37,4	15,1	37,5	0	23,6
829	29.08.2025 09:32:48,000	0,87	4,81	39,6	12,4	38,0	0	19,5
830	29.08.2025 09:32:49,000	0,87	4,79	40,3	13,3	36,4	0	21,5
831	29.08.2025 09:32:50,000	0,87	4,77	40,7	13,7	35,6	0	22,5
832	29.08.2025 09:32:51,000	0,87	4,72	40,3	13,5	36,3	0	21,8
833	29.08.2025 09:32:52,000	0,87	4,70	32,2	16,7	41,1	0	24,1
834	29.08.2025 09:32:53,000	0,87	4,72	37,7	17,7	34,6	0	28,6
835	29.08.2025 09:32:54,000	0,87	4,70	43,3	10,2	36,5	0	16,8
836	29.08.2025 09:32:55,000	0,87	4,67	36,2	16,5	37,2	0	25,6
837	29.08.2025 09:32:56,000	0,87	4,65	41,9	13,4	34,7	0	22,5
838	29.08.2025 09:32:57,000	0,87	4,63	40,5	13,0	36,5	0	21,0
839	29.08.2025 09:32:58,000	0,87	4,58	37,4	15,0	37,6	0	23,4
840	29.08.2025 09:32:59,000	0,87	4,56	35,0	13,6	41,4	0	19,9
841	29.08.2025 09:33:00,000	0,83	4,50	38,6	13,4	38,0	0	21,0
842	29.08.2025 09:33:01,000	0,83	4,44	37,6	13,6	38,8	0	20,9
843	29.08.2025 09:33:02,000	0,83	4,44	37,9	14,6	37,5	0	22,9
844	29.08.2025 09:33:03,000	0,83	4,39	37,0	15,3	37,7	0	23,7
845	29.08.2025 09:33:04,000	0,83	4,34	39,6	13,7	36,7	0	21,9
846	29.08.2025 09:33:05,000	0,83	4,27	37,0	15,9	37,1	0	24,9
847	29.08.2025 09:33:06,000	0,83	4,23	34,6	16,5	38,9	0	24,7
848	29.08.2025 09:33:07,000	0,83	4,18	36,0	13,8	40,2	0	20,6
849	29.08.2025 09:33:08,000	0,83	4,13	39,5	12,9	37,5	0	20,5
850	29.08.2025 09:33:09,000	0,87	4,12	38,2	14,4	37,3	0	22,7
851	29.08.2025 09:33:10,000	0,87	4,05	37,7	13,3	39,0	0	20,4
852	29.08.2025 09:33:11,000	0,87	3,98	36,9	12,3	40,8	0	18,5
853	29.08.2025 09:33:12,000	0,87	3,91	37,7	12,6	39,7	0	19,2
854	29.08.2025 09:33:13,000	0,87	3,87	37,0	14,7	38,3	0	22,7
855	29.08.2025 09:33:14,000	0,87	3,82	35,4	15,0	39,6	0	22,5
856	29.08.2025 09:33:15,000	0,87	3,75	35,1	16,1	38,8	0	24,3
857	29.08.2025 09:33:16,000	0,87	3,73	37,9	14,1	38,0	0	21,9
858	29.08.2025 09:33:17,000	0,91	3,66	36,4	15,9	37,7	0	24,5
859	29.08.2025 09:33:18,000	0,91	3,60	34,8	16,9	38,3	0	25,6
860	29.08.2025 09:33:19,000	0,91	3,55	36,7	13,7	39,6	0	20,7
861	29.08.2025 09:33:20,000	0,91	3,50	36,6	14,1	39,3	0	21,4
862	29.08.2025 09:33:21,000	0,91	3,43	35,4	17,8	36,8	0	27,4
863	29.08.2025 09:33:22,000	0,91	3,39	36,5	16,4	37,1	0	25,5
864	29.08.2025 09:33:23,000	0,95	3,33	32,1	20,5	37,4	0	30,4
865	29.08.2025 09:33:24,000	0,95	3,28	31,3	21,5	37,2	0	31,6
866	29.08.2025 09:33:25,000	0,95	3,21	35,0	19,5	35,5	0	30,2
867	29.08.2025 09:33:26,000	0,95	3,16	36,3	18,0	35,6	0	28,4
868	29.08.2025 09:33:27,000	0,95	3,12	33,5	20,1	36,5	0	30,4
869	29.08.2025 09:33:28,000	0,99	3,08	31,9	19,1	38,9	0	28,0
870	29.08.2025 09:33:29,000	0,99	3,01	32,4	20,0	37,6	0	29,7
871	29.08.2025 09:33:30,000	0,99	2,96	35,0	17,1	37,9	0	26,0
872	29.08.2025 09:33:31,000	0,99	2,92	33,5	22,6	33,9	0	34,9
873	29.08.2025 09:33:32,000	0,99	2,85	32,9	19,9	37,1	0	29,9
874	29.08.2025 09:33:33,000	1,03	2,83	32,3	20,8	36,8	0	31,1
875	29.08.2025 09:33:34,000	1,03	2,74	34,1	16,6	39,3	0	24,7
876	29.08.2025 09:33:35,000	1,03	2,72	31,3	25,9	32,8	0	39,2
877	29.08.2025 09:33:36,000	1,07	2,65	32,7	24,4	32,9	0	37,6
878	29.08.2025 09:33:37,000	1,07	2,59	32,0	24,6	33,3	0	37,5
879	29.08.2025 09:33:38,000	1,11	2,55	26,6	25,7	37,8	0	35,7
880	29.08.2025 09:33:39,000	1,11	2,48	32,4	20,9	36,8	0	31,2
881	29.08.2025 09:33:40,000	1,11	2,41	34,3	13,5	42,2	0	19,6
882	29.08.2025 09:33:41,000	1,11	2,38	33,0	12,1	44,9	0	16,9
883	29.08.2025 09:33:42,000	1,15	2,30	27,2	13,1	49,8	0	17,0
884	29.08.2025 09:33:43,000	1,15	2,23	24,6	16,0	49,4	0	20,6
885	29.08.2025 09:33:44,000	1,23	2,20	34,3	17,1	38,6	0	25,6
886	29.08.2025 09:33:45,000	1,31	2,15	34,2	19,5	36,4	0	29,8
887	29.08.2025 09:33:46,000	1,35	2,13	31,1	23,6	35,4	0	35,0
888	29.08.2025 09:33:47,000	1,39	2,14	35,6	16,4	38,0	0	25,1
889	29.08.2025 09:33:48,000	1,43	2,10	36,2	17,6	36,2	0	27,4
890	29.08.2025 09:33:49,000	1,47	2,11	48,3	4,7	37,0	0	7,8
891	29.08.2025 09:33:50,000	1,51	2,07	48,8	2,9	38,4	0	4,6
892	29.08.2025 09:33:51,000	1,51	2,07	48,9	1,1	40,0	0	1,7
893	29.08.2025 09:33:52,000	1,51	2,02	48,7	-1,1	40,3	0	-1,6
894	29.08.2025 09:33:53,000	1,55	2,03	45,8	-3,2	40,9	0	-5,0
895	29.08.2025 09:33:54,000	1,59	1,99	46,8	-2,8	40,4	0	-4,4
896	29.08.2025 09:33:55,000	1,62	2,00	50,4	-0,6	39,0	0	-1,0
897	29.08.2025 09:33:56,000	1,66	1,96	49,0	-2,8	38,1	0	-4,6
898	29.08.2025 09:33:57,000	1,66	1,91	46,9	-2,7	40,5	0	-4,1
899	29.08.2025 09:33:58,000	1,70	1,90	46,7	-0,6	42,8	0	-0,8
900	29.08.2025 09:33:59,000	1,70	1,87	49,9	0,3	39,8	0	0,5
901	29.08.2025 09:34:00,000	1,74	1,90	47,7	2,0	40,3	0	3,1
902	29.08.2025 09:34:01,000	1,78	1,87	47,9	-0,1	42,0	0	-0,2
903	29.08.2025 09:34:02,000	1,82	1,78	44,6	0,7	44,7	0	1,0
904	29.08.2025 09:34:03,000	1,90	1,73	47,3	1,1	41,7	0	1,6
905	29.08.2025 09:34:04,000	1,94	1,76	47,6	1,9	40,5	0	2,9
906	29.08.2025 09:34:05,000	2,01	1,68	47,5	1,1	41,4	0	1,6
907	29.08.2025 09:34:06,000	2,13	1,63	46,4	1,4	42,2	0	2,0
908	29.08.2025 09:34:07,000	2,17	1,59	45,9	-0,4	43,8	0	-0,5
909	29.08.2025 09:34:08,000	2,21	1,55	44,6	0,5	44,9	0	0,7
910	29.08.2025 09:34:09,000	2,28	1,50	39,5	2,0	48,5	0	2,7
911	29.08.2025 09:34:10,000	2,40	1,47	44,0	-0,8	45,2	0	-1,2
912	29.08.2025 09:34:11,000	2,48	1,47	43,4	5,5	41,1	0	8,4
913	29.08.2025 09:34:12,000	2,55	1,41	42,2	3,8	44,0	0	5,5
914	29.08.2025 09:34:13,000	2,67	1,36	40,2	-0,1	49,7	0	-0,1
915	29.08.2025 09:34:14,000	2,74	1,31	32,6	9,3	48,1	0	12,5
916	29.08.2025 09:34:15,000	2,86	1,26	41,9	6,5	41,5	0	9,9
917	29.08.2025 09:34:16,000	3,09	1,10	40,4	8,4	41,2	0	12,6
918	29.08.2025 09:34:17,000	3,28	1,02	30,3	15,3	44,4	0	21,2
919	29.08.2025 09:34:18,000	3,43	0,97	39,1	6,1	44,7	0	8,8
920	29.08.2025 09:34:19,000	3,58	0,96	40,6	9,3	40,1	0	14,3
921	29.08.2025 09:34:20,000	3,80	0,93	39,1	11,3	39,5	0	17,4
922	29.08.2025 09:34:21,000	3,98	0,83	40,0	9,7	40,2	0	14,9
923	29.08.2025 09:34:22,000	4,17	0,79	40,3	11,0	38,7	0	17,3
924	29.08.2025 09:34:23,000	4,28	0,81	40,7	10,6	38,7	0	16,6
925	29.08.2025 09:34:24,000	4,39	0,76	37,5	11,8	40,7	0	17,8
926	29.08.2025 09:34:25,000	4,50	0,69	39,1	11,5	39,4	0	17,7
927	29.08.2025 09:34:26,000	4,61	0,69	40,9	15,1	34,0	0	25,3
928	29.08.2025 09:34:27,000	4,76	0,67	43,6	12,8	33,6	0	22,1
929	29.08.2025 09:34:28,000	4,97	0,57	39,6	14,0	36,3	0	22,6
930	29.08.2025 09:34:29,000	5,19	0,54	39,8	13,8	36,5	0	22,2
931	29.08.2025 09:34:30,000	5,41	0,49	42,4	11,3	36,3	0	18,6
932	29.08.2025 09:34:31,000	5,62	0,45	38,7	13,7	37,6	0	21,5
933	29.08.2025 09:34:32,000	5,76	0,38	39,9	12,5	37,6	0	19,9
934	29.08.2025 09:34:33,000	5,94	0,36	36,3	19,8	33,9	0	31,5
935	29.08.2025 09:34:34,000	6,05	0,38	34,5	20,2	35,3	0	31,2
936	29.08.2025 09:34:35,000	6,12	0,36	37,0	21,0	32,0	0	34,4
937	29.08.2025 09:34:36,000	6,19	0,33	31,6	24,5	33,9	0	36,9
938	29.08.2025 09:34:37,000	6,23	0,31	32,4	25,9	31,7	0	39,9
939	29.08.2025 09:34:38,000	6,26	0,33	31,3	27,5	31,1	0	41,9
940	29.08.2025 09:34:39,000	6,30	0,33	34,7	25,7	29,6	0	41,4
941	29.08.2025 09:34:40,000	6,37	0,36	34,3	27,4	28,3	0	44,2
942	29.08.2025 09:34:41,000	6,40	0,36	29,9	30,2	29,9	0	45,3
943	29.08.2025 09:34:42,000	6,47	0,36	32,7	28,6	28,7	0	44,9
944	29.08.2025 09:34:43,000	6,51	0,38	34,5	27,6	27,9	0	44,8
945	29.08.2025 09:34:44,000	6,58	0,33	33,6	29,1	27,3	0	46,7
946	29.08.2025 09:34:45,000	6,68	0,33	33,2	29,1	27,7	0	46,3
947	29.08.2025 09:34:46,000	6,75	0,31	32,4	29,4	28,2	0	46,0
948	29.08.2025 09:34:47,000	6,79	0,29	33,3	28,6	28,1	0	45,4
949	29.08.2025 09:34:48,000	6,86	0,24	32,8	31,7	25,4	0	50,6
950	29.08.2025 09:34:49,000	6,93	0,24	31,2	33,6	25,2	0	52,1
951	29.08.2025 09:34:50,000	7,00	0,22	31,0	29,7	29,3	0	45,4
952	29.08.2025 09:34:51,000	7,07	0,27	28,3	32,6	29,1	0	47,8
953	29.08.2025 09:34:52,000	7,17	0,24	29,8	30,2	30,0	0	45,2
954	29.08.2025 09:34:53,000	7,20	0,24	31,7	26,7	31,6	0	40,8
955	29.08.2025 09:34:54,000	7,24	0,24	32,7	22,7	34,6	0	34,6
956	29.08.2025 09:34:55,000	7,27	0,22	31,2	23,7	35,1	0	35,3
957	29.08.2025 09:34:56,000	7,27	0,20	35,2	19,0	35,8	0	29,4
958	29.08.2025 09:34:57,000	7,31	0,20	33,4	17,3	39,3	0	25,6
959	29.08.2025 09:34:58,000	7,34	0,17	30,9	19,3	39,8	0	27,9
960	29.08.2025 09:34:59,000	7,41	0,15	33,5	18,8	37,7	0	28,2
961	29.08.2025 09:35:00,000	7,45	0,15	36,4	16,9	36,7	0	26,3
962	29.08.2025 09:35:01,000	7,51	0,10	34,0	17,2	38,9	0	25,6
963	29.08.2025 09:35:02,000	7,65	0,06	32,7	16,8	40,5	0	24,5
964	29.08.2025 09:35:03,000	7,79	0,03	34,5	15,8	39,7	0	23,5
965	29.08.2025 09:35:04,000	7,89	-0,04	34,9	12,4	42,7	0	17,9
966	29.08.2025 09:35:05,000	7,99	-0,11	36,9	12,8	40,3	0	19,2
967	29.08.2025 09:35:06,000	8,13	-0,15	34,2	11,5	44,3	0	16,2
968	29.08.2025 09:35:07,000	8,20	-0,13	36,6	11,3	42,1	0	16,6
969	29.08.2025 09:35:08,000	8,23	-0,11	35,2	14,5	40,3	0	21,6
970	29.08.2025 09:35:09,000	8,23	-0,11	40,1	8,5	41,4	0	12,8
971	29.08.2025 09:35:10,000	8,27	-0,17	35,9	8,7	45,4	0	12,3
972	29.08.2025 09:35:11,000	8,33	-0,15	38,2	5,9	45,8	0	8,3
973	29.08.2025 09:35:12,000	8,40	-0,17	38,0	8,3	43,7	0	12,0
974	29.08.2025 09:35:13,000	8,43	-0,13	38,9	5,1	46,0	0	7,1
975	29.08.2025 09:35:14,000	8,50	-0,27	35,7	4,7	49,6	0	6,3
976	29.08.2025 09:35:15,000	8,60	-0,38	37,6	3,9	48,5	0	5,3
977	29.08.2025 09:35:16,000	8,70	-0,36	40,6	3,5	45,9	0	4,9
978	29.08.2025 09:35:17,000	8,77	-0,38	34,0	7,7	48,3	0	10,3
979	29.08.2025 09:35:18,000	8,84	-0,36	36,2	0,0	53,8	0	0,0
980	29.08.2025 09:35:19,000	8,94	-0,50	38,3	-0,2	51,6	0	-0,2
981	29.08.2025 09:35:20,000	9,07	-0,52	41,8	2,8	45,5	0	3,9
982	29.08.2025 09:35:21,000	9,17	-0,50	43,2	-1,0	45,8	0	-1,4
983	29.08.2025 09:35:22,000	9,24	-0,55	32,4	-3,1	54,6	0	-3,8
984	29.08.2025 09:35:23,000	9,34	-0,55	37,8	-3,6	48,6	0	-4,8
985	29.08.2025 09:35:24,000	9,41	-0,55	41,0	2,3	46,7	1	3,1
986	29.08.2025 09:35:25,000	9,51	-0,59	29,3	5,4	55,3	0	6,6
987	29.08.2025 09:35:26,000	9,60	-0,59	29,5	3,1	57,3	1	3,8
988	29.08.2025 09:35:27,000	9,70	-0,66	43,8	1,5	44,7	0	2,1
989	29.08.2025 09:35:28,000	9,77	-0,64	42,8	-0,9	46,3	0	-1,3
990	29.08.2025 09:35:29,000	9,80	-0,61	39,9	-5,8	44,3	0	-8,3
991	29.08.2025 09:35:30,000	9,84	-0,61	38,6	-7,1	44,3	0	-10,2
992	29.08.2025 09:35:31,000	9,87	-0,64	36,9	-6,5	46,6	0	-9,0
993	29.08.2025 09:35:32,000	9,90	-0,64	38,0	-2,6	49,4	0	-3,5
994	29.08.2025 09:35:33,000	9,93	-0,59	35,6	-0,4	54,0	0	-0,5
995	29.08.2025 09:35:34,000	9,97	-0,59	38,1	-1,4	50,5	0	-1,9
996	29.08.2025 09:35:35,000	9,97	-0,61	36,6	-3,8	49,6	0	-5,0
997	29.08.2025 09:35:36,000	10,00	-0,64	33,1	0,5	56,4	0	0,6
998	29.08.2025 09:35:37,000	10,07	-0,64	32,5	-3,4	54,1	0	-4,3
999	29.08.2025 09:35:38,000	10,07	-0,61	31,4	-7,8	50,8	0	-10,2
1000	29.08.2025 09:35:39,000	10,10	-0,59	36,3	-11,6	42,0	0	-17,1
1001	29.08.2025 09:35:40,000	10,10	-0,64	29,7	-7,3	53,0	0	-9,2
1002	29.08.2025 09:35:41,000	10,13	-0,59	23,6	-17,2	49,1	0	-22,1
1003	29.08.2025 09:35:42,000	10,16	-0,64	28,4	-13,2	48,3	0	-17,5
1004	29.08.2025 09:35:43,000	10,23	-0,59	29,9	-13,3	46,8	0	-18,0
1005	29.08.2025 09:35:44,000	10,30	-0,68	31,9	-11,7	46,4	0	-16,0
1006	29.08.2025 09:35:45,000	10,39	-0,71	26,5	-8,0	55,5	0	-9,8
1007	29.08.2025 09:35:46,000	10,46	-0,64	36,0	-4,9	49,0	0	-6,6
1008	29.08.2025 09:35:47,000	10,56	-0,71	31,8	-10,5	47,8	0	-14,1
1009	29.08.2025 09:35:48,000	10,65	-0,73	27,1	-10,6	52,3	0	-13,4
1010	29.08.2025 09:35:49,000	10,72	-0,73	33,4	-7,3	49,3	0	-9,7
1011	29.08.2025 09:35:50,000	10,78	-0,68	30,5	-7,0	52,4	0	-9,0
1012	29.08.2025 09:35:51,000	10,82	-0,68	30,7	-8,2	51,1	0	-10,6
1013	29.08.2025 09:35:52,000	10,85	-0,68	31,4	-10,2	48,4	0	-13,6
1014	29.08.2025 09:35:53,000	10,91	-0,71	29,2	-9,0	51,7	0	-11,6
1015	29.08.2025 09:35:54,000	10,98	-0,68	32,6	-8,5	48,9	0	-11,4
1016	29.08.2025 09:35:55,000	11,04	-0,71	37,8	-9,3	43,0	0	-13,5
1017	29.08.2025 09:35:56,000	11,08	-0,66	29,2	-11,3	49,5	0	-14,8
1018	29.08.2025 09:35:57,000	11,11	-0,68	32,8	-11,1	46,1	0	-15,4
1019	29.08.2025 09:35:58,000	11,17	-0,68	34,3	-9,6	46,2	0	-13,3
1020	29.08.2025 09:35:59,000	11,21	-0,71	29,8	-12,9	47,3	0	-17,3
1021	29.08.2025 09:36:00,000	11,27	-0,73	27,9	5,6	56,5	0	6,9
1022	29.08.2025 09:36:01,000	11,33	-0,68	23,9	10,9	55,2	0	13,4
1023	29.08.2025 09:36:02,000	11,37	-0,68	28,5	-2,3	59,2	1	-2,7
1024	29.08.2025 09:36:03,000	11,40	-0,66	40,7	0,4	48,9	0	0,5
1025	29.08.2025 09:36:04,000	11,43	-0,66	36,2	-8,6	45,2	0	-12,1
1026	29.08.2025 09:36:05,000	11,49	-0,64	30,9	-15,1	44,0	0	-21,1
1027	29.08.2025 09:36:06,000	11,53	-0,66	33,6	-14,2	42,3	0	-20,5
1028	29.08.2025 09:36:07,000	11,56	-0,68	33,5	-3,3	53,1	0	-4,2
1029	29.08.2025 09:36:08,000	11,56	-0,68	25,1	-13,4	51,5	0	-17,0
1030	29.08.2025 09:36:09,000	11,59	-0,61	33,0	-6,4	50,6	0	-8,3
1031	29.08.2025 09:36:10,000	11,62	-0,64	35,8	4,5	49,7	0	5,9
1032	29.08.2025 09:36:11,000	11,65	-0,68	17,7	-13,6	58,7	0	-15,9
1033	29.08.2025 09:36:12,000	11,69	-0,71	30,3	5,6	54,1	0	7,0
1034	29.08.2025 09:36:13,000	11,72	-0,64	24,1	-10,7	55,1	0	-13,2
1035	29.08.2025 09:36:14,000	11,75	-0,68	40,2	9,2	40,6	1	14,0
1036	29.08.2025 09:36:15,000	11,81	-0,68	24,2	-9,9	56,0	1	-12,1
1037	29.08.2025 09:36:16,000	11,85	-0,68	31,9	-0,7	57,4	1	-0,9
1038	29.08.2025 09:36:17,000	11,88	-0,68	24,2	-6,3	59,5	1	-7,5
1039	29.08.2025 09:36:18,000	11,94	-0,68	38,3	-2,7	49,0	0	-3,7
1040	29.08.2025 09:36:19,000	11,97	-0,68	28,5	-8,1	53,3	0	-10,3
1041	29.08.2025 09:36:20,000	12,01	-0,66	30,5	4,7	54,8	0	5,8
1042	29.08.2025 09:36:21,000	12,04	-0,64	36,2	6,1	47,8	0	8,2
1043	29.08.2025 09:36:22,000	12,07	-0,64	29,4	6,9	53,6	0	8,7
1044	29.08.2025 09:36:23,000	12,13	-0,66	32,0	9,1	49,0	0	12,0
1045	29.08.2025 09:36:24,000	12,13	-0,66	25,2	6,6	58,2	1	7,9
1046	29.08.2025 09:36:25,000	12,17	-0,66	29,9	-4,6	55,5	0	-5,6
1047	29.08.2025 09:36:26,000	12,20	-0,66	36,6	2,7	50,7	1	3,6
1048	29.08.2025 09:36:27,000	12,23	-0,68	23,2	8,0	58,8	0	9,5
1049	29.08.2025 09:36:28,000	12,26	-0,66	34,9	5,6	49,5	0	7,5
1050	29.08.2025 09:36:29,000	12,29	-0,64	33,4	-1,2	55,5	1	-1,4
1051	29.08.2025 09:36:30,000	12,32	-0,64	31,7	-20,5	37,8	0	-30,2
1052	29.08.2025 09:36:31,000	12,36	-0,64	21,5	-14,7	53,8	0	-18,1
1053	29.08.2025 09:36:32,000	12,39	-0,59	32,3	-13,2	44,5	1	-18,5
1054	29.08.2025 09:36:33,000	12,42	-0,61	36,5	-3,7	49,7	1	-4,9
1055	29.08.2025 09:36:34,000	12,48	-0,68	23,8	6,1	60,1	0	7,2
1056	29.08.2025 09:36:35,000	12,51	-0,64	36,6	6,5	46,9	0	8,9
1057	29.08.2025 09:36:36,000	12,58	-0,66	39,4	2,7	48,0	0	3,6
1058	29.08.2025 09:36:37,000	12,61	-0,68	28,3	-10,4	51,2	0	-13,5
1059	29.08.2025 09:36:38,000	12,61	-0,66	31,3	3,5	55,2	0	4,3
1060	29.08.2025 09:36:39,000	12,64	-0,61	34,4	6,6	49,0	0	8,8
1061	29.08.2025 09:36:40,000	12,67	-0,66	36,6	-1,6	51,8	0	-2,0
1062	29.08.2025 09:36:41,000	12,70	-0,68	22,6	-18,6	48,7	0	-23,7
1063	29.08.2025 09:36:42,000	12,74	-0,68	28,0	-13,8	48,2	1	-18,2
1064	29.08.2025 09:36:43,000	12,77	-0,66	16,9	-38,5	34,6	0	-47,5
1065	29.08.2025 09:36:44,000	12,83	-0,68	22,6	-42,7	24,7	0	-57,8
1066	29.08.2025 09:36:45,000	12,86	-0,66	31,2	-57,8	1,0	0	-88,8
1067	29.08.2025 09:36:46,000	12,89	-0,61	34,7	-31,6	23,7	0	-52,3
1068	29.08.2025 09:36:47,000	12,96	-0,64	27,1	-17,3	45,6	0	-23,2
1069	29.08.2025 09:36:48,000	12,96	-0,61	18,9	-30,6	40,4	1	-38,5
1070	29.08.2025 09:36:49,000	12,99	-0,55	30,0	-7,6	52,4	0	-9,7
1071	29.08.2025 09:36:50,000	13,02	-0,57	31,3	-17,2	41,5	0	-24,6
1072	29.08.2025 09:36:51,000	13,02	-0,61	42,4	0,5	47,1	0	0,7
1073	29.08.2025 09:36:52,000	13,05	-0,66	44,3	14,4	31,3	1	25,8
1074	29.08.2025 09:36:53,000	13,08	-0,66	66,5	19,8	3,7	1	25,8
1075	29.08.2025 09:36:54,000	13,08	-0,66	60,7	18,6	10,6	1	25,8
1076	29.08.2025 09:36:55,000	13,11	-0,59	7,7	-12,8	69,5	1	-13,8
1077	29.08.2025 09:36:56,000	13,08	-0,57	-8,2	-12,3	69,6	0	-13,2
1078	29.08.2025 09:36:57,000	13,05	-0,55	-4,8	1,8	83,5	0	1,8
1079	29.08.2025 09:36:58,000	13,02	-0,50	26,6	57,9	-5,4	0	96,5
1080	29.08.2025 09:36:59,000	12,99	-0,50	44,2	42,0	-3,9	0	95,8
1081	29.08.2025 09:37:00,000	12,96	-0,45	65,2	19,9	-4,9	0	95,8
1082	29.08.2025 09:37:01,000	12,89	-0,41	74,3	4,9	-10,8	0	95,8
1083	29.08.2025 09:37:02,000	12,86	-0,41	76,9	8,8	4,3	1	95,8
1084	29.08.2025 09:37:03,000	12,83	-0,41	71,1	14,1	4,8	0	95,8
1085	29.08.2025 09:37:04,000	12,77	-0,36	77,4	-8,0	4,6	0	95,8
1086	29.08.2025 09:37:05,000	12,74	-0,36	83,7	1,6	4,7	0	95,8
1087	29.08.2025 09:37:06,000	12,67	-0,34	78,2	-7,8	4,0	1	95,8
1088	29.08.2025 09:37:07,000	12,64	-0,31	85,8	2,2	2,0	0	95,8
1089	29.08.2025 09:37:08,000	12,61	-0,29	82,6	-5,3	2,1	0	95,8
1090	29.08.2025 09:37:09,000	12,58	-0,29	27,0	5,8	57,2	1	7,0
1091	29.08.2025 09:37:10,000	12,55	-0,29	-6,2	6,3	77,6	0	6,6
1092	29.08.2025 09:37:11,000	12,51	-0,27	-4,5	5,7	79,7	0	6,0
1093	29.08.2025 09:37:12,000	12,48	-0,29	0,0	5,1	84,9	1	5,1
1094	29.08.2025 09:37:13,000	12,45	-0,29	-7,0	5,6	77,4	0	5,9
1095	29.08.2025 09:37:14,000	12,45	-0,27	-3,5	0,9	85,6	0	0,9
1096	29.08.2025 09:37:15,000	12,42	-0,27	-6,2	-2,0	81,8	0	-2,1
1097	29.08.2025 09:37:16,000	12,39	-0,27	-1,7	-3,5	84,8	0	-3,5
1098	29.08.2025 09:37:17,000	12,39	-0,27	-1,0	-2,1	86,9	0	-2,1
1099	29.08.2025 09:37:18,000	12,39	-0,24	-0,3	-0,2	89,5	0	-0,2
1100	29.08.2025 09:37:19,000	12,36	-0,29	2,8	-1,7	85,5	0	-1,8
1101	29.08.2025 09:37:20,000	12,36	-0,27	-18,3	-2,0	69,7	0	-2,2
1102	29.08.2025 09:37:21,000	12,32	-0,29	-60,3	-1,3	-28,5	0	-177,3
1103	29.08.2025 09:37:22,000	12,32	-0,27	-33,7	-49,6	-6,7	1	-98,8
1104	29.08.2025 09:37:23,000	12,32	-0,27	-35,2	18,6	-36,3	1	151,3
1105	29.08.2025 09:37:24,000	12,32	-0,29	-52,6	3,1	-34,3	1	174,5
1106	29.08.2025 09:37:25,000	12,32	-0,27	-48,1	2,9	-39,0	0	175,4
1107	29.08.2025 09:37:26,000	12,32	-0,29	-57,9	0,6	-31,5	0	178,9
1108	29.08.2025 09:37:27,000	12,32	-0,29	-56,3	3,7	-29,9	0	172,5
1109	29.08.2025 09:37:28,000	12,32	-0,27	-52,7	1,6	-35,8	0	177,3
1110	29.08.2025 09:37:29,000	12,32	-0,27	-57,0	-0,1	-32,9	0	-179,9
1111	29.08.2025 09:37:30,000	12,32	-0,29	-61,9	-3,3	-24,8	0	-172,1
1112	29.08.2025 09:37:31,000	12,32	-0,27	-54,5	-5,6	-29,9	0	-168,9
1113	29.08.2025 09:37:32,000	12,32	-0,29	-57,3	-2,7	-30,0	0	-174,7
1114	29.08.2025 09:37:33,000	12,32	-0,29	-50,4	-1,5	-38,0	0	-177,5
1115	29.08.2025 09:37:34,000	12,29	-0,27	-52,7	6,0	-31,3	0	168,6
1116	29.08.2025 09:37:35,000	12,32	-0,29	-59,3	-0,6	-30,1	0	-178,7
1117	29.08.2025 09:37:36,000	12,32	-0,29	-58,1	-1,7	-30,2	0	-176,6
1118	29.08.2025 09:37:37,000	12,32	-0,29	-55,9	-1,9	-32,3	0	-176,5
1119	29.08.2025 09:37:38,000	12,32	-0,29	-58,3	-1,5	-30,3	0	-177,0
1120	29.08.2025 09:37:39,000	12,32	-0,27	-52,7	0,0	-37,3	0	-180,0
1121	29.08.2025 09:37:40,000	12,29	-0,29	-56,8	-0,5	-32,7	0	-179,2
1122	29.08.2025 09:37:41,000	12,29	-0,27	-53,4	-2,2	-34,4	0	-176,2
1123	29.08.2025 09:37:42,000	12,29	-0,29	-60,2	-1,2	-28,6	1	-177,4
1124	29.08.2025 09:37:43,000	12,29	-0,29	-56,4	-2,7	-30,9	0	-174,8
1125	29.08.2025 09:37:44,000	12,29	-0,27	-58,5	-2,9	-28,7	1	-174,0
1126	29.08.2025 09:37:45,000	12,29	-0,24	-58,6	-3,6	-27,8	0	-172,4
1127	29.08.2025 09:37:46,000	12,29	-0,27	-58,1	-1,9	-30,0	1	-176,2
1128	29.08.2025 09:37:47,000	12,26	-0,27	-62,1	-3,0	-24,9	0	-173,0
1129	29.08.2025 09:37:48,000	12,26	-0,27	-60,7	-3,9	-25,4	0	-170,9
1130	29.08.2025 09:37:49,000	12,26	-0,27	-52,9	-3,6	-33,5	1	-173,5
1131	29.08.2025 09:37:50,000	12,26	-0,27	-62,9	-2,8	-24,3	1	-173,2
1132	29.08.2025 09:37:51,000	12,29	-0,24	-53,9	-9,5	-26,6	0	-159,6
1133	29.08.2025 09:37:52,000	12,29	-0,27	-53,2	-4,9	-31,9	0	-170,7
1134	29.08.2025 09:37:53,000	12,29	-0,27	-58,5	-3,1	-28,3	1	-173,4
1135	29.08.2025 09:37:54,000	12,29	-0,27	-60,1	-3,5	-26,4	0	-172,2
1136	29.08.2025 09:37:55,000	12,26	-0,29	-59,5	-2,7	-27,8	0	-174,3
1137	29.08.2025 09:37:56,000	12,26	-0,29	-62,0	-1,9	-26,1	0	-175,6
1138	29.08.2025 09:37:57,000	12,26	-0,27	-56,7	-2,9	-30,4	0	-174,3
1139	29.08.2025 09:37:58,000	12,29	-0,27	-67,9	3,1	-19,0	0	-174,3
1140	29.08.2025 09:37:59,000	12,29	-0,27	-74,9	-3,2	-12,0	0	-174,3
1141	29.08.2025 09:38:00,000	12,29	-0,27	-66,7	-4,1	-19,2	0	-174,3
1142	29.08.2025 09:38:01,000	12,29	-0,27	-67,7	-4,1	-18,1	0	-174,3
1143	29.08.2025 09:38:02,000	12,29	-0,27	-68,4	-3,9	-17,7	0	-174,3
1144	29.08.2025 09:38:03,000	12,29	-0,27	-56,9	-0,1	-33,0	0	-179,8
1145	29.08.2025 09:38:04,000	12,29	-0,24	-31,2	8,6	-50,3	0	168,7
1146	29.08.2025 09:38:05,000	12,29	-0,29	2,0	-3,7	-84,3	0	-176,2
1147	29.08.2025 09:38:06,000	12,29	-0,27	1,4	-3,8	-84,8	0	-176,1
1148	29.08.2025 09:38:07,000	12,29	-0,27	-0,3	-0,8	-88,9	0	-179,2
1149	29.08.2025 09:38:08,000	12,29	-0,27	0,1	-2,0	-87,9	0	-178,0
1150	29.08.2025 09:38:09,000	12,29	-0,27	0,4	-2,6	-87,1	0	-177,4
1151	29.08.2025 09:38:10,000	12,29	-0,27	0,2	-3,6	-86,2	0	-176,4
1152	29.08.2025 09:38:11,000	12,29	-0,27	0,6	-5,6	-83,8	0	-174,4
1153	29.08.2025 09:38:12,000	12,29	-0,29	-2,1	-1,9	-86,0	0	-178,0
1154	29.08.2025 09:38:13,000	12,29	-0,27	-1,6	-0,3	-88,1	0	-179,7
1155	29.08.2025 09:38:14,000	12,29	-0,24	1,0	-3,3	-85,8	0	-176,7
1156	29.08.2025 09:38:15,000	12,29	-0,24	2,4	-6,3	-81,4	0	-173,6
1157	29.08.2025 09:38:16,000	12,29	-0,27	-0,9	-2,8	-86,3	0	-177,2
1158	29.08.2025 09:38:17,000	12,29	-0,24	-4,2	-0,8	-85,0	0	-179,2
1159	29.08.2025 09:38:18,000	12,29	-0,24	-0,6	-5,1	-84,3	0	-174,9
1160	29.08.2025 09:38:19,000	12,29	-0,24	2,2	-8,0	-79,7	1	-171,8
1161	29.08.2025 09:38:20,000	12,29	-0,24	-2,1	-2,3	-85,5	0	-177,6
1162	29.08.2025 09:38:21,000	12,29	-0,27	-3,6	-1,5	-84,8	0	-178,5
1163	29.08.2025 09:38:22,000	12,29	-0,24	-2,1	-6,0	-81,9	0	-173,9
1164	29.08.2025 09:38:23,000	12,29	-0,24	-0,6	-6,6	-82,8	1	-173,4
1165	29.08.2025 09:38:24,000	12,29	-0,24	-1,6	-2,9	-85,5	0	-177,0
1166	29.08.2025 09:38:25,000	12,29	-0,24	-4,0	-1,8	-84,2	0	-178,2
1167	29.08.2025 09:38:26,000	12,29	-0,24	-2,6	-5,9	-81,5	0	-174,0
1168	29.08.2025 09:38:27,000	12,29	-0,24	1,4	-6,0	-82,6	1	-173,9
1169	29.08.2025 09:38:28,000	12,29	-0,24	-2,2	-2,0	-85,8	0	-178,0
1170	29.08.2025 09:38:29,000	12,29	-0,24	-4,7	-3,6	-81,6	0	-176,3
1171	29.08.2025 09:38:30,000	12,29	-0,27	-2,0	-7,2	-80,8	0	-172,7
1172	29.08.2025 09:38:31,000	12,29	-0,24	-3,6	-6,4	-79,9	0	-173,3
1173	29.08.2025 09:38:32,000	12,29	-0,24	-5,5	-5,2	-79,3	0	-174,6
1174	29.08.2025 09:38:33,000	12,29	-0,24	-3,9	-6,0	-80,1	0	-173,8
1175	29.08.2025 09:38:34,000	12,29	-0,24	-1,7	-4,3	-84,0	0	-175,6
1176	29.08.2025 09:38:35,000	12,29	-0,22	-1,4	-3,9	-84,8	0	-176,1
1177	29.08.2025 09:38:36,000	12,29	-0,24	-1,7	-3,6	-84,7	0	-176,4
1178	29.08.2025 09:38:37,000	12,29	-0,24	-0,1	-3,5	-86,4	0	-176,5
1179	29.08.2025 09:38:38,000	12,29	-0,24	0,4	-2,3	-87,3	0	-177,7
1180	29.08.2025 09:38:39,000	12,29	-0,24	-2,9	-4,1	-83,0	0	-175,8
1181	29.08.2025 09:38:40,000	12,29	-0,24	-4,2	-5,2	-80,6	0	-174,6
1182	29.08.2025 09:38:41,000	12,29	-0,22	-3,5	-5,9	-80,6	0	-174,0
1183	29.08.2025 09:38:42,000	12,32	-0,27	-3,2	-5,5	-81,2	0	-174,3
1184	29.08.2025 09:38:43,000	12,32	-0,24	-2,3	-3,2	-84,5	0	-176,7
1185	29.08.2025 09:38:44,000	12,32	-0,24	-0,6	-2,3	-87,1	0	-177,7
1186	29.08.2025 09:38:45,000	12,32	-0,24	1,1	-3,0	-85,9	0	-177,0
1187	29.08.2025 09:38:46,000	12,32	-0,24	0,3	-1,5	-88,2	0	-178,5
1188	29.08.2025 09:38:47,000	12,32	-0,24	0,4	-1,2	-88,4	0	-178,8
1189	29.08.2025 09:38:48,000	12,32	-0,24	2,1	0,9	-87,1	0	179,1
1190	29.08.2025 09:38:49,000	12,32	-0,24	3,8	1,0	-85,1	0	178,9
1191	29.08.2025 09:38:50,000	12,32	-0,27	3,7	2,5	-83,8	0	177,4
1192	29.08.2025 09:38:51,000	12,32	-0,27	4,7	1,2	-84,1	0	178,8
1193	29.08.2025 09:38:52,000	12,32	-0,24	2,5	0,1	-87,4	0	179,9
1194	29.08.2025 09:38:53,000	12,36	-0,27	1,2	-1,7	-87,0	0	-178,3
1195	29.08.2025 09:38:54,000	12,36	-0,24	0,3	0,4	-89,3	0	179,6
1196	29.08.2025 09:38:55,000	12,36	-0,24	0,8	-0,5	-88,8	0	-179,5
1197	29.08.2025 09:38:56,000	12,36	-0,24	2,7	2,3	-85,0	0	177,7
1198	29.08.2025 09:38:57,000	12,36	-0,24	4,4	3,7	-81,8	0	176,1
1199	29.08.2025 09:38:58,000	12,36	-0,27	5,1	3,7	-81,2	0	176,2
1200	29.08.2025 09:38:59,000	12,36	-0,27	3,6	0,5	-85,9	0	179,5
1201	29.08.2025 09:39:00,000	12,39	-0,24	1,8	0,4	-87,7	0	179,6
1202	29.08.2025 09:39:01,000	12,39	-0,24	0,6	0,7	-88,7	0	179,3
1203	29.08.2025 09:39:02,000	12,39	-0,22	-0,5	0,2	-89,3	0	179,8
1204	29.08.2025 09:39:03,000	12,39	-0,24	2,1	1,7	-86,2	0	178,3
1205	29.08.2025 09:39:04,000	12,39	-0,24	2,6	2,6	-84,8	0	177,4
1206	29.08.2025 09:39:05,000	12,39	-0,24	3,6	1,9	-84,4	0	178,0
1207	29.08.2025 09:39:06,000	12,39	-0,24	3,6	1,9	-84,5	0	178,1
1208	29.08.2025 09:39:07,000	12,39	-0,24	1,3	1,4	-87,3	0	178,6
1209	29.08.2025 09:39:08,000	12,39	-0,24	1,9	-0,1	-88,0	0	-179,9
1210	29.08.2025 09:39:09,000	12,42	-0,24	1,2	1,0	-87,8	0	179,0
1211	29.08.2025 09:39:10,000	12,42	-0,24	1,6	3,2	-85,1	0	176,7
1212	29.08.2025 09:39:11,000	12,42	-0,24	2,8	2,5	-84,8	0	177,5
1213	29.08.2025 09:39:12,000	12,42	-0,24	4,1	2,8	-83,1	0	177,1
1214	29.08.2025 09:39:13,000	12,42	-0,24	4,1	4,1	-81,8	0	175,7
1215	29.08.2025 09:39:14,000	12,42	-0,24	3,6	3,1	-83,3	0	176,8
1216	29.08.2025 09:39:15,000	12,42	-0,27	2,3	-0,4	-87,3	0	-179,6
1217	29.08.2025 09:39:16,000	12,45	-0,24	1,8	3,1	-85,1	0	176,8
1218	29.08.2025 09:39:17,000	12,45	-0,24	1,4	2,9	-85,6	0	177,0
1219	29.08.2025 09:39:18,000	12,45	-0,24	2,1	1,3	-86,6	0	178,7
1220	29.08.2025 09:39:19,000	12,45	-0,27	2,5	2,0	-85,4	0	177,9
1221	29.08.2025 09:39:20,000	12,45	-0,24	2,1	2,4	-85,5	0	177,6
1222	29.08.2025 09:39:21,000	12,45	-0,27	1,6	2,2	-86,1	0	177,7
1223	29.08.2025 09:39:22,000	12,45	-0,27	1,4	1,3	-87,3	0	178,7
1224	29.08.2025 09:39:23,000	12,48	-0,24	2,4	1,3	-86,2	0	178,7
1225	29.08.2025 09:39:24,000	12,48	-0,27	2,4	3,9	-83,7	0	176,1
1226	29.08.2025 09:39:25,000	12,48	-0,27	1,8	2,3	-85,9	0	177,7
1227	29.08.2025 09:39:26,000	12,48	-0,27	2,4	1,6	-86,0	0	178,3
1228	29.08.2025 09:39:27,000	12,48	-0,24	3,7	3,8	-82,5	0	176,1
1229	29.08.2025 09:39:28,000	12,48	-0,27	3,0	3,4	-83,7	0	176,5
1230	29.08.2025 09:39:29,000	12,51	-0,22	3,4	2,4	-84,2	0	177,6
1231	29.08.2025 09:39:30,000	12,51	-0,24	1,6	1,7	-86,7	0	178,2
1232	29.08.2025 09:39:31,000	12,51	-0,22	0,1	1,3	-88,6	0	178,7
1233	29.08.2025 09:39:32,000	12,51	-0,27	1,4	3,0	-85,6	0	176,9
1234	29.08.2025 09:39:33,000	12,51	-0,22	3,0	2,9	-84,2	0	177,1
1235	29.08.2025 09:39:34,000	12,51	-0,24	3,0	2,8	-84,2	0	177,1
1236	29.08.2025 09:39:35,000	12,51	-0,24	3,6	3,3	-83,1	0	176,6
1237	29.08.2025 09:39:36,000	12,55	-0,24	3,3	2,8	-83,9	0	177,1
1238	29.08.2025 09:39:37,000	12,55	-0,24	1,0	1,6	-87,4	0	178,4
1239	29.08.2025 09:39:38,000	12,55	-0,24	1,9	12,7	-75,4	0	167,0
1240	29.08.2025 09:39:39,000	12,55	-0,24	-0,2	11,5	-78,3	0	168,5
1241	29.08.2025 09:39:40,000	12,55	-0,27	-0,3	12,2	-77,5	0	167,8
1242	29.08.2025 09:39:41,000	12,55	-0,27	-0,7	13,2	-76,2	0	166,7
1243	29.08.2025 09:39:42,000	12,58	-0,24	-0,3	10,5	-79,2	0	169,5
1244	29.08.2025 09:39:43,000	12,58	-0,24	-0,2	12,9	-76,9	0	167,1
1245	29.08.2025 09:39:44,000	12,58	-0,27	-0,2	11,5	-78,2	0	168,4
1246	29.08.2025 09:39:45,000	12,58	-0,27	-1,1	9,4	-79,5	0	170,5
1247	29.08.2025 09:39:46,000	12,58	-0,27	-4,8	8,2	-77,0	0	171,4
1248	29.08.2025 09:39:47,000	12,61	-0,27	-5,8	7,0	-77,3	0	172,7
1249	29.08.2025 09:39:48,000	12,61	-0,27	-4,9	7,7	-77,4	0	171,9
1250	29.08.2025 09:39:49,000	12,61	-0,27	-5,9	7,6	-76,5	0	172,0
1251	29.08.2025 09:39:50,000	12,61	-0,27	-5,4	8,0	-76,6	0	171,6
1252	29.08.2025 09:39:51,000	12,61	-0,27	-3,8	6,7	-79,5	0	173,0
1253	29.08.2025 09:39:52,000	12,64	-0,24	-3,9	8,2	-77,8	0	171,4
1254	29.08.2025 09:39:53,000	12,64	-0,24	-5,4	5,7	-78,9	0	174,1
1255	29.08.2025 09:39:54,000	12,64	-0,24	-3,9	11,0	-75,1	0	168,6
1256	29.08.2025 09:39:55,000	12,64	-0,27	-3,8	9,6	-76,6	0	170,0
1257	29.08.2025 09:39:56,000	12,64	-0,24	-2,2	10,7	-77,1	0	169,0
1258	29.08.2025 09:39:57,000	12,64	-0,24	-1,4	13,9	-74,7	0	165,9
1259	29.08.2025 09:39:58,000	12,64	-0,24	-0,6	11,4	-77,9	0	168,5
1260	29.08.2025 09:39:59,000	12,64	-0,24	-1,1	11,5	-77,4	0	168,4
1261	29.08.2025 09:40:00,000	12,67	-0,24	-0,7	13,4	-75,9	0	166,5
1262	29.08.2025 09:40:01,000	12,67	-0,27	-1,7	10,0	-78,3	0	169,8
1263	29.08.2025 09:40:02,000	12,67	-0,27	-2,3	11,5	-76,3	0	168,3
1264	29.08.2025 09:40:03,000	12,67	-0,27	-0,8	13,5	-75,8	0	166,4
1265	29.08.2025 09:40:04,000	12,67	-0,27	-0,3	11,9	-77,8	0	168,1
1266	29.08.2025 09:40:05,000	12,70	-0,27	-0,1	14,5	-75,4	0	165,5
1267	29.08.2025 09:40:06,000	12,70	-0,24	1,0	14,3	-74,7	0	165,6
1268	29.08.2025 09:40:07,000	12,70	-0,27	1,8	11,6	-76,5	0	168,1
1269	29.08.2025 09:40:08,000	12,70	-0,27	-1,7	13,1	-75,3	0	166,7
1270	29.08.2025 09:40:09,000	12,70	-0,27	-1,8	11,1	-77,2	0	168,7
1271	29.08.2025 09:40:10,000	12,70	-0,27	-1,7	10,8	-77,6	0	169,0
1272	29.08.2025 09:40:11,000	12,74	-0,27	-2,5	13,9	-73,6	0	165,7
1273	29.08.2025 09:40:12,000	12,74	-0,27	-0,7	12,6	-76,7	0	167,3
1274	29.08.2025 09:40:13,000	12,74	-0,27	1,5	13,5	-75,0	0	166,2
1275	29.08.2025 09:40:14,000	12,74	-0,27	0,3	13,1	-76,6	0	166,8
1276	29.08.2025 09:40:15,000	12,77	-0,24	0,4	12,7	-76,9	0	167,3
1277	29.08.2025 09:40:16,000	12,77	-0,24	-0,4	13,1	-76,4	0	166,8
1278	29.08.2025 09:40:17,000	12,77	-0,24	-2,0	10,6	-77,5	0	169,2
1279	29.08.2025 09:40:18,000	12,77	-0,24	0,2	15,3	-74,5	0	164,7
1280	29.08.2025 09:40:19,000	12,77	-0,27	-0,8	11,8	-77,4	0	168,1
1281	29.08.2025 09:40:20,000	12,77	-0,27	-0,6	13,6	-75,8	0	166,3
1282	29.08.2025 09:40:21,000	12,80	-0,24	0,1	12,3	-77,6	0	167,7
1283	29.08.2025 09:40:22,000	12,80	-0,27	-3,1	9,4	-77,6	0	170,4
1284	29.08.2025 09:40:23,000	12,80	-0,24	-5,1	9,8	-75,1	0	169,7
1285	29.08.2025 09:40:24,000	12,80	-0,27	-6,7	5,4	-77,9	0	174,4
1286	29.08.2025 09:40:25,000	12,80	-0,24	-9,5	6,4	-74,1	0	173,1
1287	29.08.2025 09:40:26,000	12,83	-0,27	-9,0	5,8	-75,2	0	173,8
1288	29.08.2025 09:40:27,000	12,83	-0,27	-10,0	2,9	-77,1	0	176,9
1289	29.08.2025 09:40:28,000	12,83	-0,27	-10,4	5,7	-73,9	0	173,9
1290	29.08.2025 09:40:29,000	12,83	-0,27	-9,0	5,4	-75,7	0	174,3
1291	29.08.2025 09:40:30,000	12,83	-0,27	-8,9	3,8	-77,2	0	176,0
1292	29.08.2025 09:40:31,000	12,86	-0,27	-9,1	5,3	-75,6	0	174,4
1293	29.08.2025 09:40:32,000	12,86	-0,29	-7,2	6,0	-76,8	0	173,7
1294	29.08.2025 09:40:33,000	12,86	-0,27	-5,7	6,6	-77,7	0	173,1
1295	29.08.2025 09:40:34,000	12,86	-0,27	-4,4	8,6	-77,0	0	171,0
1296	29.08.2025 09:40:35,000	12,86	-0,27	-3,9	10,0	-76,0	0	169,6
1297	29.08.2025 09:40:36,000	12,89	-0,24	-2,4	7,8	-79,9	0	172,1
1298	29.08.2025 09:40:37,000	12,89	-0,27	-3,6	12,1	-74,2	0	167,4
1299	29.08.2025 09:40:38,000	12,89	-0,24	-1,1	8,2	-80,7	0	171,7
1300	29.08.2025 09:40:39,000	12,89	-0,24	-4,6	11,1	-74,3	0	168,4
1301	29.08.2025 09:40:40,000	12,89	-0,24	-3,0	8,1	-78,8	0	171,6
1302	29.08.2025 09:40:41,000	12,89	-0,27	-3,2	10,0	-76,8	0	169,7
1303	29.08.2025 09:40:42,000	12,92	-0,27	-2,5	10,0	-77,5	0	169,7
1304	29.08.2025 09:40:43,000	12,92	-0,24	-1,7	10,7	-77,7	0	169,2
1305	29.08.2025 09:40:44,000	12,92	-0,24	-2,1	12,0	-75,9	0	167,7
1306	29.08.2025 09:40:45,000	12,92	-0,27	-1,7	10,2	-78,2	0	169,7
1307	29.08.2025 09:40:46,000	12,92	-0,27	-3,1	11,2	-75,6	0	168,4
1308	29.08.2025 09:40:47,000	12,92	-0,27	-2,2	10,7	-77,2	0	169,1
1309	29.08.2025 09:40:48,000	12,96	-0,27	-2,7	9,9	-77,3	0	169,8
1310	29.08.2025 09:40:49,000	12,96	-0,27	-1,8	11,9	-76,3	0	167,9
1311	29.08.2025 09:40:50,000	12,96	-0,27	-0,3	12,8	-76,9	0	167,2
1312	29.08.2025 09:40:51,000	12,96	-0,24	0,0	11,4	-78,6	0	168,6
1313	29.08.2025 09:40:52,000	12,96	-0,27	-0,1	13,7	-76,2	0	166,3
1314	29.08.2025 09:40:53,000	12,99	-0,27	-1,3	11,8	-76,9	0	168,1
1315	29.08.2025 09:40:54,000	12,99	-0,27	-1,3	11,2	-77,5	0	168,6
1316	29.08.2025 09:40:55,000	12,99	-0,27	-2,2	12,2	-75,6	0	167,5
1317	29.08.2025 09:40:56,000	12,99	-0,29	-2,5	10,7	-76,8	0	169,0
1318	29.08.2025 09:40:57,000	12,99	-0,27	-3,0	11,3	-75,6	0	168,3
1319	29.08.2025 09:40:58,000	12,99	-0,27	-1,7	11,6	-76,8	0	168,2
1320	29.08.2025 09:40:59,000	13,02	-0,24	-1,3	11,1	-77,6	0	168,7
1321	29.08.2025 09:41:00,000	13,02	-0,24	-1,1	12,5	-76,4	0	167,3
1322	29.08.2025 09:41:01,000	13,02	-0,24	0,2	12,6	-77,1	0	167,4
1323	29.08.2025 09:41:02,000	13,02	-0,27	0,0	13,1	-76,9	0	166,9
1324	29.08.2025 09:41:03,000	13,02	-0,24	-0,8	12,3	-76,9	0	167,6
1325	29.08.2025 09:41:04,000	13,02	-0,24	-1,6	13,0	-75,4	0	166,8
1326	29.08.2025 09:41:05,000	13,05	-0,24	-0,3	11,7	-77,9	0	168,2
1327	29.08.2025 09:41:06,000	13,05	-0,27	-1,9	11,7	-76,4	0	168,0
1328	29.08.2025 09:41:07,000	13,05	-0,27	-1,2	11,2	-77,6	0	168,6
1329	29.08.2025 09:41:08,000	13,05	-0,24	-2,4	12,3	-75,3	0	167,3
1330	29.08.2025 09:41:09,000	13,05	-0,24	-1,8	11,3	-76,9	0	168,5
1331	29.08.2025 09:41:10,000	13,08	-0,24	-1,3	12,5	-76,2	0	167,3
1332	29.08.2025 09:41:11,000	13,08	-0,24	-1,5	11,5	-77,0	0	168,3
1333	29.08.2025 09:41:12,000	13,08	-0,24	-1,2	11,9	-76,9	0	168,0
1334	29.08.2025 09:41:13,000	13,08	-0,27	-1,7	11,8	-76,5	0	168,0
1335	29.08.2025 09:41:14,000	13,08	-0,27	-0,5	12,4	-77,1	0	167,6
1336	29.08.2025 09:41:15,000	13,08	-0,27	-2,0	11,4	-76,6	0	168,3
1337	29.08.2025 09:41:16,000	13,11	-0,27	-1,0	13,2	-75,8	0	166,7
1338	29.08.2025 09:41:17,000	13,11	-0,27	-1,2	12,0	-76,8	0	167,9
1339	29.08.2025 09:41:18,000	13,11	-0,27	-1,2	11,8	-77,0	0	168,0
1340	29.08.2025 09:41:19,000	13,11	-0,27	-2,3	12,3	-75,3	0	167,4
1341	29.08.2025 09:41:20,000	13,11	-0,27	-1,2	10,9	-77,9	0	168,9
1342	29.08.2025 09:41:21,000	13,11	-0,27	-2,4	12,8	-74,8	0	166,9
1343	29.08.2025 09:41:22,000	13,14	-0,24	-1,7	9,9	-78,4	0	169,9
1344	29.08.2025 09:41:23,000	13,14	-0,24	-0,2	13,1	-76,7	0	166,9
1345	29.08.2025 09:41:24,000	13,14	-0,24	-0,7	13,0	-76,3	0	166,9
1346	29.08.2025 09:41:25,000	13,14	-0,24	-1,3	12,5	-76,2	0	167,3
1347	29.08.2025 09:41:26,000	13,14	-0,24	-0,7	11,9	-77,4	0	168,0
1348	29.08.2025 09:41:27,000	13,14	-0,27	-2,4	12,1	-75,5	0	167,6
1349	29.08.2025 09:41:28,000	13,18	-0,24	-1,8	10,8	-77,4	0	169,0
1350	29.08.2025 09:41:29,000	13,18	-0,24	-2,6	11,4	-76,0	0	168,3
1351	29.08.2025 09:41:30,000	13,18	-0,27	-2,4	11,1	-76,4	0	168,6
1352	29.08.2025 09:41:31,000	13,18	-0,27	-2,1	10,8	-77,1	0	168,9
1353	29.08.2025 09:41:32,000	13,18	-0,27	-1,8	12,3	-75,9	0	167,5
1354	29.08.2025 09:41:33,000	13,18	-0,24	-0,1	11,1	-78,8	0	168,9
1355	29.08.2025 09:41:34,000	13,21	-0,27	-0,2	14,6	-75,2	0	165,4
1356	29.08.2025 09:41:35,000	13,21	-0,27	1,0	12,8	-76,2	0	167,0
1357	29.08.2025 09:41:36,000	13,21	-0,27	-0,5	13,7	-75,7	0	166,2
1358	29.08.2025 09:41:37,000	13,21	-0,27	-0,2	11,9	-77,9	0	168,1
1359	29.08.2025 09:41:38,000	13,21	-0,27	-1,7	12,9	-75,4	0	166,9
1360	29.08.2025 09:41:39,000	13,21	-0,27	-1,5	11,1	-77,4	0	168,7
1361	29.08.2025 09:41:40,000	13,24	-0,27	-2,0	11,2	-76,8	0	168,5
1362	29.08.2025 09:41:41,000	13,24	-0,27	-2,3	11,3	-76,4	0	168,4
1363	29.08.2025 09:41:42,000	13,24	-0,27	-2,6	10,1	-77,3	0	169,6
1364	29.08.2025 09:41:43,000	13,24	-0,27	-2,3	11,0	-76,6	0	168,7
1365	29.08.2025 09:41:44,000	13,24	-0,27	-0,8	11,8	-77,3	0	168,0
1366	29.08.2025 09:41:45,000	13,27	-0,27	-1,5	12,5	-75,9	0	167,3
1367	29.08.2025 09:41:46,000	13,27	-0,27	-1,6	11,4	-77,0	0	168,4
1368	29.08.2025 09:41:47,000	13,27	-0,29	-2,1	11,6	-76,3	0	168,1
1369	29.08.2025 09:41:48,000	13,27	-0,27	-2,7	11,1	-76,2	0	168,6
1370	29.08.2025 09:41:49,000	13,27	-0,27	-3,2	10,4	-76,3	0	169,2
1371	29.08.2025 09:41:50,000	13,27	-0,27	-2,9	10,4	-76,6	0	169,2
1372	29.08.2025 09:41:51,000	13,30	-0,24	-2,3	11,1	-76,6	0	168,6
1373	29.08.2025 09:41:52,000	13,30	-0,27	-2,0	10,5	-77,4	0	169,2
1374	29.08.2025 09:41:53,000	13,30	-0,27	-3,1	13,0	-73,9	0	166,6
1375	29.08.2025 09:41:54,000	13,30	-0,24	-5,3	-52,0	32,7	1	-55,3
1376	29.08.2025 09:41:55,000	13,33	-0,27	-55,9	2,9	31,2	1	5,7
1377	29.08.2025 09:41:56,000	13,36	-0,38	-50,7	8,8	30,5	0	16,9
1378	29.08.2025 09:41:57,000	13,43	-0,38	-18,8	39,1	32,1	0	49,7
1379	29.08.2025 09:41:58,000	13,49	-0,20	-59,5	11,7	18,8	0	49,7
1380	29.08.2025 09:41:59,000	13,61	-0,15	-61,0	2,5	26,4	0	5,7
1381	29.08.2025 09:42:00,000	13,68	-0,08	-52,2	-15,4	22,4	1	-34,9
1382	29.08.2025 09:42:01,000	13,71	-0,04	40,7	-17,4	31,9	1	-29,8
1383	29.08.2025 09:42:02,000	13,74	-0,13	42,0	-1,3	46,6	1	-1,8
1384	29.08.2025 09:42:03,000	13,83	-0,20	15,6	-7,2	67,2	0	-8,0
1385	29.08.2025 09:42:04,000	13,99	-0,27	18,9	-5,9	65,1	0	-6,7
1386	29.08.2025 09:42:05,000	14,17	-0,34	13,9	-31,5	44,6	1	-37,1
1387	29.08.2025 09:42:06,000	14,36	-0,38	-1,6	-33,0	55,5	0	-33,5
1388	29.08.2025 09:42:07,000	14,48	-0,36	31,9	-21,0	37,1	0	-31,1
1389	29.08.2025 09:42:08,000	14,54	-0,38	27,1	20,7	42,1	1	28,4
1390	29.08.2025 09:42:09,000	14,64	-0,34	-16,2	-32,6	41,2	0	-39,6
1391	29.08.2025 09:42:10,000	14,76	-0,38	-45,9	40,0	-4,2	1	96,5
1392	29.08.2025 09:42:11,000	14,91	-0,41	-61,8	-12,0	16,2	0	96,5
