#B	Created:	14.09.2025 15:58:52
##	Version	SeaStar	9.59
#5	Field separation:	0
#2	Date & Time:	1
#6	Decimal point:	,
#7	Date def.:	dd.mm.yyyy	.
#8	Time def.:	:
##	Axis	0	Temperature(°C)	clRed	FALSE
##	Axis	1	Pressure(Bar)	clBlue	FALSE
##	Axis	2	Angle(°)	clGreen	FALSE
##	Axis	3	EAL	clSkyBlue	FALSE
##	Axis	4	Roll(°)	$00404080	FALSE
##	Series	0	Temp(°C)	clRed	0	Temp(°C)	2
##	Series	1	Press(Bar)	clBlue	1	Press(Bar)	2
##	Series	2	Tilt-X(°)	clGreen	2	Tilt-X(°)	1
##	Series	3	Tilt-Y(°)	$00404080	2	Tilt-Y(°)	1
##	Series	4	Tilt-Z(°)	$00FF0080	2	Tilt-Z(°)	1
##	Series	5	EAL	clSkyBlue	3	EAL	0
##	Series	6	Roll(°)	$00404080	4	Roll(°)	1
##	Recorder	109	DST tilt	1174
##	Chart	109H1174DAT	
#D	Data:	1567	14.09.2025 15:32:00	14.09.2025 15:58:06
1	14.09.2025 15:32:00,000	19,35	-6,29	-26,3	-5,2	-58,5	0	-173,8
2	14.09.2025 15:32:01,000	19,32	-6,29	-26,0	-5,5	-58,5	0	-173,5
3	14.09.2025 15:32:02,000	19,32	-6,29	-26,0	-5,9	-58,0	0	-172,9
4	14.09.2025 15:32:03,000	19,32	-6,29	-25,7	-5,6	-58,7	0	-173,4
5	14.09.2025 15:32:04,000	19,32	-6,29	-26,1	-5,0	-58,9	0	-174,0
6	14.09.2025 15:32:05,000	19,32	-6,29	-26,6	-5,5	-57,9	0	-173,4
7	14.09.2025 15:32:06,000	19,32	-6,29	-26,6	-5,3	-58,1	0	-173,7
8	14.09.2025 15:32:07,000	19,32	-6,29	-27,0	-4,1	-58,9	0	-175,2
9	14.09.2025 15:32:08,000	19,32	-6,29	-27,2	-4,5	-58,3	0	-174,7
10	14.09.2025 15:32:09,000	19,32	-6,29	-27,8	-4,7	-57,5	0	-174,3
11	14.09.2025 15:32:10,000	19,29	-6,29	-27,1	-4,1	-58,8	0	-175,1
12	14.09.2025 15:32:11,000	19,29	-6,29	-27,1	-4,8	-58,1	0	-174,3
13	14.09.2025 15:32:12,000	19,29	-6,29	-28,5	-4,7	-56,8	0	-174,3
14	14.09.2025 15:32:13,000	19,29	-6,29	-27,0	-3,8	-59,1	0	-175,5
15	14.09.2025 15:32:14,000	19,29	-6,29	-28,1	-4,4	-57,5	0	-174,8
16	14.09.2025 15:32:15,000	19,29	-6,29	-28,7	-3,7	-57,6	0	-175,6
17	14.09.2025 15:32:16,000	19,29	-6,29	-27,5	-4,5	-58,0	0	-174,6
18	14.09.2025 15:32:17,000	19,29	-6,29	-28,0	-4,3	-57,7	0	-174,9
19	14.09.2025 15:32:18,000	19,29	-6,29	-26,7	-5,3	-58,0	0	-173,7
20	14.09.2025 15:32:19,000	19,26	-6,29	-27,4	-4,7	-57,9	0	-174,4
21	14.09.2025 15:32:20,000	19,26	-6,29	-25,9	-5,1	-59,0	0	-174,0
22	14.09.2025 15:32:21,000	19,26	-6,29	-27,7	-4,8	-57,5	0	-174,3
23	14.09.2025 15:32:22,000	19,26	-6,29	-25,8	-5,8	-58,4	0	-173,1
24	14.09.2025 15:32:23,000	19,26	-6,29	-25,8	-5,4	-58,9	0	-173,6
25	14.09.2025 15:32:24,000	19,26	-6,29	-27,1	-4,9	-58,0	0	-174,1
26	14.09.2025 15:32:25,000	19,26	-6,29	-26,9	-4,7	-58,4	0	-174,4
27	14.09.2025 15:32:26,000	19,26	-6,29	-27,7	-4,7	-57,5	0	-174,3
28	14.09.2025 15:32:27,000	19,26	-6,29	-28,2	-3,5	-58,3	0	-175,9
29	14.09.2025 15:32:28,000	19,23	-6,29	-27,6	-3,8	-58,6	0	-175,5
30	14.09.2025 15:32:29,000	19,23	-6,29	-28,2	-4,1	-57,7	0	-175,1
31	14.09.2025 15:32:30,000	19,23	-6,29	-27,4	-4,4	-58,2	0	-174,8
32	14.09.2025 15:32:31,000	19,23	-6,29	-26,5	-4,9	-58,6	0	-174,2
33	14.09.2025 15:32:32,000	19,23	-6,29	-27,5	-4,6	-57,9	0	-174,5
34	14.09.2025 15:32:33,000	19,23	-6,29	-26,7	-5,1	-58,3	0	-174,0
35	14.09.2025 15:32:34,000	19,23	-6,29	-27,5	-4,8	-57,7	0	-174,3
36	14.09.2025 15:32:35,000	19,23	-6,29	-27,8	-4,0	-58,2	0	-175,2
37	14.09.2025 15:32:36,000	19,23	-6,29	-27,8	-4,4	-57,7	0	-174,7
38	14.09.2025 15:32:37,000	19,23	-6,29	-28,2	-4,4	-57,4	0	-174,7
39	14.09.2025 15:32:38,000	19,20	-6,29	-28,4	-3,5	-58,1	0	-175,9
40	14.09.2025 15:32:39,000	19,20	-6,29	-28,5	-3,8	-57,7	0	-175,4
41	14.09.2025 15:32:40,000	19,20	-6,29	-28,0	-4,3	-57,7	0	-174,8
42	14.09.2025 15:32:41,000	19,20	-6,29	-27,5	-4,3	-58,1	0	-174,8
43	14.09.2025 15:32:42,000	19,20	-6,29	-27,9	-4,4	-57,7	0	-174,7
44	14.09.2025 15:32:43,000	19,20	-6,29	-27,0	-4,9	-58,1	0	-174,1
45	14.09.2025 15:32:44,000	19,20	-6,29	-26,7	-5,1	-58,2	0	-174,0
46	14.09.2025 15:32:45,000	19,20	-6,29	-26,3	-4,9	-58,8	0	-174,2
47	14.09.2025 15:32:46,000	19,20	-6,29	-26,4	-5,4	-58,3	0	-173,6
48	14.09.2025 15:32:47,000	19,20	-6,29	-25,7	-6,3	-58,0	0	-172,4
49	14.09.2025 15:32:48,000	19,20	-6,29	-26,2	-5,7	-58,1	0	-173,2
50	14.09.2025 15:32:49,000	19,20	-6,29	-26,0	-4,9	-59,1	0	-174,2
51	14.09.2025 15:32:50,000	19,17	-6,29	-27,0	-4,6	-58,4	0	-174,5
52	14.09.2025 15:32:51,000	19,17	-6,29	-27,0	-5,2	-57,7	0	-173,7
53	14.09.2025 15:32:52,000	19,17	-6,29	-26,6	-4,6	-58,8	0	-174,5
54	14.09.2025 15:32:53,000	19,17	-6,29	-27,6	-4,5	-58,0	0	-174,7
55	14.09.2025 15:32:54,000	19,17	-6,29	-27,8	-4,5	-57,7	0	-174,6
56	14.09.2025 15:32:55,000	19,17	-6,29	-27,0	-3,8	-59,2	0	-175,5
57	14.09.2025 15:32:56,000	19,17	-6,29	-28,8	-4,1	-57,2	0	-175,1
58	14.09.2025 15:32:57,000	19,17	-6,29	-27,6	-4,5	-57,8	0	-174,6
59	14.09.2025 15:32:58,000	19,17	-6,29	-27,8	-4,0	-58,2	0	-175,2
60	14.09.2025 15:32:59,000	19,17	-6,29	-26,6	-5,0	-58,4	0	-174,0
61	14.09.2025 15:33:00,000	19,17	-6,29	-27,6	-4,9	-57,5	0	-174,1
62	14.09.2025 15:33:01,000	19,17	-6,29	-25,4	-5,9	-58,6	0	-172,9
63	14.09.2025 15:33:02,000	19,17	-6,29	-26,6	-5,6	-57,7	0	-173,2
64	14.09.2025 15:33:03,000	19,17	-6,29	-26,0	-5,2	-58,8	0	-173,8
65	14.09.2025 15:33:04,000	19,17	-6,29	-26,7	-5,5	-57,8	0	-173,4
66	14.09.2025 15:33:05,000	19,17	-6,29	-26,4	-5,1	-58,5	0	-173,9
67	14.09.2025 15:33:06,000	19,17	-6,29	-26,8	-5,0	-58,3	0	-174,1
68	14.09.2025 15:33:07,000	19,17	-6,29	-27,0	-4,8	-58,2	0	-174,3
69	14.09.2025 15:33:08,000	19,17	-6,29	-26,8	-5,2	-58,0	0	-173,8
70	14.09.2025 15:33:09,000	19,14	-6,29	-27,3	-5,0	-57,7	0	-174,0
71	14.09.2025 15:33:10,000	19,14	-6,29	-26,9	-4,3	-58,9	0	-175,0
72	14.09.2025 15:33:11,000	19,14	-6,29	-27,2	-4,6	-58,2	0	-174,5
73	14.09.2025 15:33:12,000	19,14	-6,29	-27,0	-5,2	-57,8	0	-173,7
74	14.09.2025 15:33:13,000	19,14	-6,29	-27,8	-4,2	-58,0	0	-175,0
75	14.09.2025 15:33:14,000	19,14	-6,29	-26,1	-5,4	-58,5	0	-173,6
76	14.09.2025 15:33:15,000	19,14	-6,29	-27,3	-4,7	-58,0	0	-174,4
77	14.09.2025 15:33:16,000	19,14	-6,29	-26,7	-4,4	-58,9	0	-174,8
78	14.09.2025 15:33:17,000	19,14	-6,29	-27,2	-4,8	-58,1	0	-174,3
79	14.09.2025 15:33:18,000	19,14	-6,29	-27,0	-5,2	-57,8	0	-173,7
80	14.09.2025 15:33:19,000	19,14	-6,29	-26,6	-5,3	-58,2	0	-173,7
81	14.09.2025 15:33:20,000	19,14	-6,29	-26,8	-4,6	-58,6	0	-174,5
82	14.09.2025 15:33:21,000	19,14	-6,29	-27,9	-4,8	-57,2	0	-174,2
83	14.09.2025 15:33:22,000	19,14	-6,29	-26,9	-5,2	-57,9	0	-173,7
84	14.09.2025 15:33:23,000	19,14	-6,29	-27,9	-4,7	-57,4	0	-174,3
85	14.09.2025 15:33:24,000	19,11	-6,29	-26,8	-4,5	-58,7	0	-174,6
86	14.09.2025 15:33:25,000	19,11	-6,29	-27,8	-4,3	-57,9	0	-174,9
87	14.09.2025 15:33:26,000	19,11	-6,29	-27,3	-5,1	-57,6	0	-173,9
88	14.09.2025 15:33:27,000	19,11	-6,29	-27,6	-4,7	-57,7	0	-174,4
89	14.09.2025 15:33:28,000	19,11	-6,29	-27,1	-4,4	-58,5	0	-174,7
90	14.09.2025 15:33:29,000	19,11	-6,29	-27,0	-4,7	-58,3	0	-174,4
91	14.09.2025 15:33:30,000	19,11	-6,29	-27,6	-4,8	-57,5	0	-174,2
92	14.09.2025 15:33:31,000	19,11	-6,29	-26,5	-5,4	-58,1	0	-173,6
93	14.09.2025 15:33:32,000	19,11	-6,29	-26,4	-4,7	-58,9	0	-174,4
94	14.09.2025 15:33:33,000	19,11	-6,29	-27,1	-4,9	-57,9	0	-174,1
95	14.09.2025 15:33:34,000	19,11	-6,29	-26,6	-5,4	-58,0	0	-173,6
96	14.09.2025 15:33:35,000	19,11	-6,29	-27,0	-5,0	-57,9	0	-174,0
97	14.09.2025 15:33:36,000	19,11	-6,29	-25,8	-4,8	-59,5	0	-174,3
98	14.09.2025 15:33:37,000	19,11	-6,29	-27,3	-4,6	-58,0	0	-174,5
99	14.09.2025 15:33:38,000	19,11	-6,29	-26,4	-5,9	-57,7	0	-172,9
100	14.09.2025 15:33:39,000	19,11	-6,29	-26,4	-5,6	-58,0	0	-173,3
101	14.09.2025 15:33:40,000	19,11	-6,29	-26,6	-4,7	-58,7	0	-174,4
102	14.09.2025 15:33:41,000	19,11	-6,29	-27,2	-4,9	-57,9	0	-174,1
103	14.09.2025 15:33:42,000	19,11	-6,29	-27,3	-5,1	-57,6	0	-173,8
104	14.09.2025 15:33:43,000	19,11	-6,29	-27,3	-4,3	-58,4	0	-174,8
105	14.09.2025 15:33:44,000	19,11	-6,29	-27,9	-4,0	-58,0	0	-175,2
106	14.09.2025 15:33:45,000	19,11	-6,29	-28,4	-4,4	-57,1	0	-174,7
107	14.09.2025 15:33:46,000	19,11	-6,29	-27,8	-4,0	-58,2	0	-175,2
108	14.09.2025 15:33:47,000	19,11	-6,29	-29,2	-3,5	-57,2	0	-175,7
109	14.09.2025 15:33:48,000	19,11	-6,29	-27,2	-4,8	-58,1	0	-174,3
110	14.09.2025 15:33:49,000	19,11	-6,29	-27,7	-4,9	-57,4	0	-174,1
111	14.09.2025 15:33:50,000	19,11	-6,29	-26,0	-5,2	-58,8	0	-173,9
112	14.09.2025 15:33:51,000	19,11	-6,29	-26,3	-5,3	-58,3	0	-173,7
113	14.09.2025 15:33:52,000	19,08	-6,29	-26,2	-5,5	-58,3	0	-173,5
114	14.09.2025 15:33:53,000	19,08	-6,29	-17,8	-15,7	-56,5	0	-161,4
115	14.09.2025 15:33:54,000	19,08	-6,29	-20,1	-46,9	-23,0	1	-118,9
116	14.09.2025 15:33:55,000	19,08	-6,29	5,8	-33,5	-50,8	0	-144,3
117	14.09.2025 15:33:56,000	19,08	-6,29	13,5	-20,9	-55,6	0	-155,9
118	14.09.2025 15:33:57,000	19,08	-6,29	25,0	-18,7	-46,4	0	-155,5
119	14.09.2025 15:33:58,000	19,08	-6,29	24,2	-20,7	-45,1	0	-152,9
120	14.09.2025 15:33:59,000	19,08	-6,29	31,2	-44,9	-13,9	0	-109,2
121	14.09.2025 15:34:00,000	19,08	-6,29	15,2	-24,1	-50,7	1	-151,4
122	14.09.2025 15:34:01,000	19,08	-6,29	12,8	-18,4	-58,8	1	-159,0
123	14.09.2025 15:34:02,000	19,05	-6,29	7,3	-11,1	-71,6	1	-168,1
124	14.09.2025 15:34:03,000	19,05	-6,29	10,8	-19,5	-59,6	0	-158,1
125	14.09.2025 15:34:04,000	19,05	-6,29	8,9	-16,9	-64,2	0	-161,5
126	14.09.2025 15:34:05,000	19,05	-6,29	2,4	-23,2	-64,5	1	-156,2
127	14.09.2025 15:34:06,000	19,05	-6,29	-49,0	0,1	41,0	0	0,1
128	14.09.2025 15:34:07,000	19,05	-6,29	8,1	-36,4	-45,5	1	-140,0
129	14.09.2025 15:34:08,000	19,05	-6,29	13,6	-73,4	3,1	0	-86,7
130	14.09.2025 15:34:09,000	19,05	-6,29	7,5	-67,4	-15,2	0	-106,3
131	14.09.2025 15:34:10,000	19,05	-6,29	-22,3	-66,0	-1,7	0	-91,9
132	14.09.2025 15:34:11,000	19,05	-6,29	-48,9	7,2	-33,9	1	167,3
133	14.09.2025 15:34:12,000	19,05	-6,29	-24,5	15,0	-50,5	0	160,8
134	14.09.2025 15:34:13,000	19,05	-6,29	-41,5	10,1	-38,4	0	163,9
135	14.09.2025 15:34:14,000	19,05	-6,29	-34,0	14,9	-41,1	0	158,2
136	14.09.2025 15:34:15,000	19,05	-6,29	-36,7	12,6	-40,7	0	161,2
137	14.09.2025 15:34:16,000	19,05	-6,29	-34,8	12,7	-42,5	0	161,6
138	14.09.2025 15:34:17,000	19,05	-6,29	-34,0	12,6	-43,4	0	161,9
139	14.09.2025 15:34:18,000	19,05	-6,29	-30,5	23,4	-36,1	0	145,7
140	14.09.2025 15:34:19,000	19,05	-6,29	-35,6	14,9	-39,5	0	157,6
141	14.09.2025 15:34:20,000	19,05	-6,29	-35,8	13,8	-40,4	0	159,4
142	14.09.2025 15:34:21,000	19,05	-6,29	-37,3	-33,9	-18,8	1	-120,4
143	14.09.2025 15:34:22,000	19,05	-6,29	-36,5	-38,7	14,9	0	-67,3
144	14.09.2025 15:34:23,000	19,05	-6,29	-28,3	-49,5	12,3	0	-74,0
145	14.09.2025 15:34:24,000	19,05	-6,29	-59,1	-5,8	-25,0	0	-166,4
146	14.09.2025 15:34:25,000	19,05	-6,29	-54,4	-5,5	-30,1	1	-169,1
147	14.09.2025 15:34:26,000	19,05	-6,29	-55,7	-5,8	-28,5	0	-168,0
148	14.09.2025 15:34:27,000	19,05	-6,29	-56,3	-6,7	-27,0	0	-165,5
149	14.09.2025 15:34:28,000	19,05	-6,29	-57,6	-5,8	-26,6	0	-167,2
150	14.09.2025 15:34:29,000	19,05	-6,29	-55,9	-5,8	-28,3	0	-168,0
151	14.09.2025 15:34:30,000	19,05	-6,29	-57,9	-5,0	-27,1	0	-169,0
152	14.09.2025 15:34:31,000	19,05	-6,29	-56,7	-5,8	-27,5	0	-167,7
153	14.09.2025 15:34:32,000	19,05	-6,29	-56,8	-6,1	-27,1	0	-166,9
154	14.09.2025 15:34:33,000	19,05	-6,29	-57,0	-6,0	-27,0	0	-167,0
155	14.09.2025 15:34:34,000	19,05	-6,29	-56,7	-5,8	-27,4	0	-167,5
156	14.09.2025 15:34:35,000	19,05	-6,29	-55,2	-5,3	-29,5	0	-169,3
157	14.09.2025 15:34:36,000	19,05	-6,29	-56,7	-5,8	-27,6	0	-167,7
158	14.09.2025 15:34:37,000	19,05	-6,29	-56,3	-6,5	-27,2	0	-166,1
159	14.09.2025 15:34:38,000	19,05	-6,29	-55,7	-6,3	-28,0	0	-166,8
160	14.09.2025 15:34:39,000	19,05	-6,29	-56,5	-5,8	-27,6	0	-167,6
161	14.09.2025 15:34:40,000	19,05	-6,29	-56,4	-5,7	-27,9	0	-168,0
162	14.09.2025 15:34:41,000	19,05	-6,29	-56,5	-6,2	-27,3	0	-166,8
163	14.09.2025 15:34:42,000	19,05	-6,29	-57,0	-7,1	-25,9	0	-164,2
164	14.09.2025 15:34:43,000	19,05	-6,29	-52,3	-6,1	-31,6	0	-168,4
165	14.09.2025 15:34:44,000	19,05	-6,29	-56,7	-5,7	-27,7	0	-167,9
166	14.09.2025 15:34:45,000	19,05	-6,29	-56,5	-5,8	-27,7	0	-167,7
167	14.09.2025 15:34:46,000	19,05	-6,29	-56,1	-5,7	-28,2	0	-168,0
168	14.09.2025 15:34:47,000	19,05	-6,29	-56,0	-5,7	-28,3	0	-168,0
169	14.09.2025 15:34:48,000	19,05	-6,29	-56,6	-5,6	-27,8	0	-168,1
170	14.09.2025 15:34:49,000	19,05	-6,29	-56,2	-5,8	-28,0	0	-167,9
171	14.09.2025 15:34:50,000	19,05	-6,29	-56,9	-5,8	-27,4	0	-167,6
172	14.09.2025 15:34:51,000	19,05	-6,29	-56,4	-5,6	-28,0	0	-168,1
173	14.09.2025 15:34:52,000	19,05	-6,29	-56,0	-5,9	-28,1	0	-167,5
174	14.09.2025 15:34:53,000	19,05	-6,29	-56,8	-5,7	-27,5	0	-167,8
175	14.09.2025 15:34:54,000	19,05	-6,29	-56,3	-5,9	-27,9	0	-167,6
176	14.09.2025 15:34:55,000	19,05	-6,29	-53,5	-6,1	-30,4	0	-168,1
177	14.09.2025 15:34:56,000	19,05	-6,29	-46,4	-5,1	-38,5	1	-171,8
178	14.09.2025 15:34:57,000	19,05	-6,29	-57,0	-5,8	-27,2	0	-167,5
179	14.09.2025 15:34:58,000	19,05	-6,29	-55,4	-5,9	-28,7	0	-168,0
180	14.09.2025 15:34:59,000	19,05	-6,29	-56,3	-5,7	-28,0	0	-168,0
181	14.09.2025 15:35:00,000	19,05	-6,29	-56,1	-5,7	-28,3	0	-168,2
182	14.09.2025 15:35:01,000	19,05	-6,29	-57,4	-5,3	-27,3	0	-168,5
183	14.09.2025 15:35:02,000	19,05	-6,29	-55,8	-5,6	-28,6	0	-168,3
184	14.09.2025 15:35:03,000	19,05	-6,29	-55,9	-6,2	-27,9	0	-167,0
185	14.09.2025 15:35:04,000	19,05	-6,29	-56,3	-5,3	-28,4	1	-168,9
186	14.09.2025 15:35:05,000	19,05	-6,29	-58,1	-6,0	-25,9	0	-166,6
187	14.09.2025 15:35:06,000	19,05	-6,29	-56,2	-5,3	-28,5	0	-168,9
188	14.09.2025 15:35:07,000	19,05	-6,29	-57,2	-4,9	-27,8	0	-169,5
189	14.09.2025 15:35:08,000	19,05	-6,29	-55,9	-6,0	-28,1	0	-167,3
190	14.09.2025 15:35:09,000	19,05	-6,29	-58,2	-5,0	-26,8	0	-169,0
191	14.09.2025 15:35:10,000	19,05	-6,29	-55,0	-8,1	-26,9	0	-162,6
192	14.09.2025 15:35:11,000	19,05	-6,29	-54,6	-6,7	-28,7	0	-166,2
193	14.09.2025 15:35:12,000	19,05	-6,29	-56,4	-6,5	-27,0	0	-165,9
194	14.09.2025 15:35:13,000	19,05	-6,29	-55,9	-6,4	-27,7	0	-166,4
195	14.09.2025 15:35:14,000	19,05	-6,29	-56,4	-6,2	-27,3	0	-166,6
196	14.09.2025 15:35:15,000	19,05	-6,29	-57,3	-6,4	-26,3	0	-165,9
197	14.09.2025 15:35:16,000	19,05	-6,29	-56,4	-6,6	-27,0	0	-165,8
198	14.09.2025 15:35:17,000	19,05	-6,29	-56,7	-6,7	-26,6	0	-165,3
199	14.09.2025 15:35:18,000	19,05	-6,29	-56,3	-6,2	-27,5	0	-166,8
200	14.09.2025 15:35:19,000	19,05	-6,29	-56,2	-6,4	-27,4	0	-166,2
201	14.09.2025 15:35:20,000	19,05	-6,29	-56,8	-5,5	-27,7	0	-168,3
202	14.09.2025 15:35:21,000	19,05	-6,29	-56,2	-6,1	-27,7	0	-167,1
203	14.09.2025 15:35:22,000	19,05	-6,29	-57,2	-5,5	-27,3	0	-168,2
204	14.09.2025 15:35:23,000	19,05	-6,29	-57,0	-5,6	-27,4	0	-168,0
205	14.09.2025 15:35:24,000	19,05	-6,29	-56,8	-5,5	-27,7	0	-168,4
206	14.09.2025 15:35:25,000	19,05	-6,29	-56,6	-5,7	-27,7	0	-168,0
207	14.09.2025 15:35:26,000	19,05	-6,29	-56,0	-5,7	-28,3	0	-168,2
208	14.09.2025 15:35:27,000	19,05	-6,29	-56,1	-5,4	-28,5	0	-168,7
209	14.09.2025 15:35:28,000	19,05	-6,29	-56,7	-5,4	-27,9	0	-168,7
210	14.09.2025 15:35:29,000	19,05	-6,29	-56,1	-5,6	-28,2	0	-168,2
211	14.09.2025 15:35:30,000	19,05	-6,29	-56,5	-6,1	-27,3	0	-166,8
212	14.09.2025 15:35:31,000	19,05	-6,29	-57,1	-5,9	-27,0	0	-167,1
213	14.09.2025 15:35:32,000	19,05	-6,29	-56,5	-6,0	-27,6	0	-167,3
214	14.09.2025 15:35:33,000	19,05	-6,29	-57,7	-5,3	-27,1	0	-168,5
215	14.09.2025 15:35:34,000	19,05	-6,29	-56,9	-5,8	-27,4	0	-167,6
216	14.09.2025 15:35:35,000	19,05	-6,29	-56,5	-5,5	-28,0	0	-168,3
217	14.09.2025 15:35:36,000	19,08	-6,29	-56,7	-5,8	-27,5	0	-167,5
218	14.09.2025 15:35:37,000	19,08	-6,29	-57,1	-5,8	-27,1	0	-167,4
219	14.09.2025 15:35:38,000	19,08	-6,29	-51,8	-5,7	-32,5	0	-169,4
220	14.09.2025 15:35:39,000	19,08	-6,29	-56,2	-5,5	-28,4	1	-168,6
221	14.09.2025 15:35:40,000	19,05	-6,29	-55,9	-5,6	-28,5	0	-168,3
222	14.09.2025 15:35:41,000	19,08	-6,29	-57,4	-5,4	-27,2	0	-168,3
223	14.09.2025 15:35:42,000	19,05	-6,29	-56,6	-5,9	-27,5	0	-167,4
224	14.09.2025 15:35:43,000	19,08	-6,29	-54,0	-4,5	-31,6	0	-171,5
225	14.09.2025 15:35:44,000	19,08	-6,29	-57,4	1,5	-31,1	0	177,1
226	14.09.2025 15:35:45,000	19,05	-6,29	-57,3	-5,4	-27,3	0	-168,4
227	14.09.2025 15:35:46,000	19,08	-6,29	-53,5	-5,3	-31,2	0	-169,9
228	14.09.2025 15:35:47,000	19,08	-6,29	-40,4	-6,0	-43,6	0	-171,3
229	14.09.2025 15:35:48,000	19,08	-6,29	-54,6	-5,5	-29,9	1	-169,0
230	14.09.2025 15:35:49,000	19,08	-6,29	-83,4	0,3	-6,3	0	-169,0
231	14.09.2025 15:35:50,000	19,08	-6,29	-57,2	-15,5	-17,2	0	-137,9
232	14.09.2025 15:35:51,000	19,08	-6,29	-61,7	-13,5	-14,8	0	-137,9
233	14.09.2025 15:35:52,000	19,08	-6,29	-53,6	-12,4	-24,0	0	-152,0
234	14.09.2025 15:35:53,000	19,08	-6,29	-62,4	-6,7	-20,9	0	-152,0
235	14.09.2025 15:35:54,000	19,08	-6,29	-54,5	-6,7	-28,8	0	-166,3
236	14.09.2025 15:35:55,000	19,08	-6,29	-69,9	2,7	-17,4	0	-166,3
237	14.09.2025 15:35:56,000	19,08	-6,29	-55,9	-5,3	-28,8	0	-169,0
238	14.09.2025 15:35:57,000	19,08	-6,29	-54,4	-4,7	-30,9	0	-170,8
239	14.09.2025 15:35:58,000	19,08	-6,29	-55,7	-8,1	-26,2	0	-162,3
240	14.09.2025 15:35:59,000	19,08	-6,29	-55,5	-5,4	-29,0	0	-169,0
241	14.09.2025 15:36:00,000	19,08	-6,29	-58,3	-5,5	-26,2	0	-167,6
242	14.09.2025 15:36:01,000	19,08	-6,29	-57,7	-5,5	-26,8	1	-168,0
243	14.09.2025 15:36:02,000	19,08	-6,29	-55,1	-6,7	-28,3	0	-166,1
244	14.09.2025 15:36:03,000	19,08	-6,29	-53,2	-5,0	-31,8	0	-170,7
245	14.09.2025 15:36:04,000	19,08	-6,29	-63,5	1,3	-25,3	1	177,0
246	14.09.2025 15:36:05,000	19,08	-6,29	-53,5	-6,2	-30,3	0	-167,8
247	14.09.2025 15:36:06,000	19,08	-6,29	-58,9	-3,4	-27,7	1	-172,8
248	14.09.2025 15:36:07,000	19,08	-6,29	-55,9	-6,7	-27,3	0	-165,6
249	14.09.2025 15:36:08,000	19,08	-6,29	-52,6	-6,5	-30,9	0	-167,4
250	14.09.2025 15:36:09,000	19,08	-6,29	-54,9	-4,6	-30,5	1	-170,9
251	14.09.2025 15:36:10,000	19,08	-6,29	-54,4	-6,4	-29,3	0	-167,2
252	14.09.2025 15:36:11,000	19,08	-6,29	-57,4	-6,0	-26,6	0	-166,8
253	14.09.2025 15:36:12,000	19,08	-6,29	-56,9	-5,7	-27,4	0	-167,9
254	14.09.2025 15:36:13,000	19,08	-6,29	-56,9	-5,8	-27,3	0	-167,5
255	14.09.2025 15:36:14,000	19,08	-6,29	-69,1	-1,7	-19,2	0	-167,5
256	14.09.2025 15:36:15,000	19,05	-6,29	-56,1	-23,4	10,5	0	-65,3
257	14.09.2025 15:36:16,000	19,05	-6,29	-9,3	-4,6	-76,1	1	-175,1
258	14.09.2025 15:36:17,000	19,08	-6,29	-58,1	-17,1	-14,8	1	-130,9
259	14.09.2025 15:36:18,000	19,08	-6,29	-41,2	-19,0	-29,8	0	-146,5
260	14.09.2025 15:36:19,000	19,08	-6,29	-36,9	-30,0	-23,0	0	-128,2
261	14.09.2025 15:36:20,000	19,08	-6,29	-32,3	-23,1	-34,6	0	-145,0
262	14.09.2025 15:36:21,000	19,08	-6,29	-24,9	-35,2	-29,8	1	-130,9
263	14.09.2025 15:36:22,000	19,08	-6,29	-3,6	-64,9	-21,5	0	-112,4
264	14.09.2025 15:36:23,000	19,08	-6,29	-3,5	-77,3	9,1	0	-80,5
265	14.09.2025 15:36:24,000	19,08	-6,29	-4,8	-73,5	-11,7	1	-102,3
266	14.09.2025 15:36:25,000	19,08	-6,29	-58,0	-21,0	-11,0	1	-118,2
267	14.09.2025 15:36:26,000	19,08	-6,29	-50,3	-5,6	-34,1	0	-170,1
268	14.09.2025 15:36:27,000	19,08	-6,29	16,4	9,0	-64,6	1	169,9
269	14.09.2025 15:36:28,000	19,08	-6,29	-0,8	-6,2	-83,0	0	-173,7
270	14.09.2025 15:36:29,000	19,05	-6,29	0,2	-6,2	-83,6	0	-173,7
271	14.09.2025 15:36:30,000	19,05	-6,29	0,1	-6,5	-83,4	0	-173,5
272	14.09.2025 15:36:31,000	19,05	-6,29	-1,0	-6,1	-82,9	0	-173,8
273	14.09.2025 15:36:32,000	19,05	-6,29	0,9	-6,4	-82,6	0	-173,5
274	14.09.2025 15:36:33,000	19,05	-6,29	-0,2	-6,5	-83,3	0	-173,5
275	14.09.2025 15:36:34,000	19,05	-6,29	-0,4	-6,6	-83,1	0	-173,4
276	14.09.2025 15:36:35,000	19,05	-6,29	1,2	-6,7	-82,1	0	-173,2
277	14.09.2025 15:36:36,000	19,05	-6,29	-1,4	-6,5	-82,1	0	-173,5
278	14.09.2025 15:36:37,000	19,05	-6,29	0,8	-6,5	-82,7	0	-173,4
279	14.09.2025 15:36:38,000	19,05	-6,29	-1,5	-6,3	-82,2	0	-173,6
280	14.09.2025 15:36:39,000	19,05	-6,29	-1,0	-6,2	-82,8	0	-173,7
281	14.09.2025 15:36:40,000	19,05	-6,29	-0,1	-6,9	-83,1	0	-173,1
282	14.09.2025 15:36:41,000	19,05	-6,29	-1,4	-6,6	-82,0	0	-173,3
283	14.09.2025 15:36:42,000	19,05	-6,29	1,0	-6,4	-82,6	0	-173,6
284	14.09.2025 15:36:43,000	19,05	-6,29	-0,8	-7,0	-82,2	0	-173,0
285	14.09.2025 15:36:44,000	19,05	-6,29	0,8	-3,9	-85,3	1	-176,0
286	14.09.2025 15:36:45,000	19,05	-6,29	0,2	-6,9	-83,0	0	-173,1
287	14.09.2025 15:36:46,000	19,05	-6,29	-0,7	-9,1	-80,2	0	-170,8
288	14.09.2025 15:36:47,000	19,05	-6,29	7,5	-28,9	-53,7	0	-148,6
289	14.09.2025 15:36:48,000	19,05	-6,29	10,7	5,3	74,0	0	5,6
290	14.09.2025 15:36:49,000	19,05	-6,29	0,4	7,6	82,0	0	7,6
291	14.09.2025 15:36:50,000	19,05	-6,29	0,7	7,9	81,5	0	7,9
292	14.09.2025 15:36:51,000	19,08	-6,29	1,5	8,3	80,2	0	8,4
293	14.09.2025 15:36:52,000	19,08	-6,29	1,1	9,0	79,9	0	9,1
294	14.09.2025 15:36:53,000	19,05	-6,29	1,3	7,9	80,8	0	8,0
295	14.09.2025 15:36:54,000	19,05	-6,29	2,4	8,1	79,6	0	8,2
296	14.09.2025 15:36:55,000	19,05	-6,29	1,3	7,3	81,4	0	7,4
297	14.09.2025 15:36:56,000	19,05	-6,29	1,7	8,8	79,6	0	8,9
298	14.09.2025 15:36:57,000	19,05	-6,29	1,8	7,9	80,3	0	8,0
299	14.09.2025 15:36:58,000	19,08	-6,29	1,4	7,9	80,7	0	8,0
300	14.09.2025 15:36:59,000	19,08	-6,29	1,3	8,4	80,3	0	8,5
301	14.09.2025 15:37:00,000	19,08	-6,29	1,9	7,4	80,8	0	7,5
302	14.09.2025 15:37:01,000	19,08	-6,29	0,5	7,9	81,7	0	7,9
303	14.09.2025 15:37:02,000	19,08	-6,29	1,4	7,6	81,0	0	7,7
304	14.09.2025 15:37:03,000	19,08	-6,29	1,0	8,1	80,9	0	8,2
305	14.09.2025 15:37:04,000	19,08	-6,29	0,8	8,1	81,1	0	8,2
306	14.09.2025 15:37:05,000	19,08	-6,29	3,1	14,7	72,2	0	15,2
307	14.09.2025 15:37:06,000	19,08	-6,29	1,4	8,1	80,5	0	8,2
308	14.09.2025 15:37:07,000	19,08	-6,29	1,9	6,8	81,4	0	6,9
309	14.09.2025 15:37:08,000	19,08	-6,29	1,6	4,8	83,6	0	4,9
310	14.09.2025 15:37:09,000	19,08	-6,29	0,4	8,4	81,2	0	8,4
311	14.09.2025 15:37:10,000	19,08	-6,29	1,9	7,9	80,2	0	8,0
312	14.09.2025 15:37:11,000	19,08	-6,29	1,2	9,2	79,6	0	9,3
313	14.09.2025 15:37:12,000	19,08	-6,29	0,9	8,0	81,1	0	8,1
314	14.09.2025 15:37:13,000	19,08	-6,29	1,4	8,7	79,9	0	8,8
315	14.09.2025 15:37:14,000	19,08	-6,29	2,0	8,2	79,8	0	8,3
316	14.09.2025 15:37:15,000	19,08	-6,29	-1,5	4,5	83,9	0	4,6
317	14.09.2025 15:37:16,000	19,08	-6,29	39,5	-33,1	17,4	0	-60,9
318	14.09.2025 15:37:17,000	19,08	-6,29	40,3	-40,9	8,7	0	-76,7
319	14.09.2025 15:37:18,000	19,08	-6,29	81,4	4,5	4,1	0	-76,7
320	14.09.2025 15:37:19,000	19,08	-6,29	83,2	3,0	3,7	0	-76,7
321	14.09.2025 15:37:20,000	19,08	-6,29	81,0	4,8	4,3	0	-76,7
322	14.09.2025 15:37:21,000	19,08	-6,29	80,8	5,0	4,2	0	-76,7
323	14.09.2025 15:37:22,000	19,08	-6,29	82,5	1,4	6,1	0	-76,7
324	14.09.2025 15:37:23,000	19,08	-6,29	74,4	-10,8	4,8	1	-76,7
325	14.09.2025 15:37:24,000	19,11	-6,29	60,6	-25,0	4,4	0	-79,7
326	14.09.2025 15:37:25,000	19,11	-6,29	61,7	-25,2	3,1	0	-82,8
327	14.09.2025 15:37:26,000	19,11	-6,29	45,3	-42,8	-1,9	0	-92,9
328	14.09.2025 15:37:27,000	19,11	-6,29	12,5	-50,7	-26,8	1	-120,8
329	14.09.2025 15:37:28,000	19,11	-6,29	-2,9	-16,7	70,4	0	-17,2
330	14.09.2025 15:37:29,000	19,11	-6,29	-2,8	-16,8	70,4	0	-17,3
331	14.09.2025 15:37:30,000	19,11	-6,29	-4,2	-14,5	71,2	0	-15,2
332	14.09.2025 15:37:31,000	19,11	-6,29	-2,4	-16,3	71,3	0	-16,7
333	14.09.2025 15:37:32,000	19,11	-6,29	-2,3	-17,4	70,3	0	-17,9
334	14.09.2025 15:37:33,000	19,11	-6,29	-2,1	-16,5	71,4	0	-16,9
335	14.09.2025 15:37:34,000	19,11	-6,29	-1,5	-16,9	71,7	0	-17,1
336	14.09.2025 15:37:35,000	19,11	-6,29	-2,6	-16,5	70,9	0	-17,0
337	14.09.2025 15:37:36,000	19,11	-6,29	-5,2	-14,9	70,0	0	-15,7
338	14.09.2025 15:37:37,000	19,11	-6,29	-6,5	-13,3	70,2	0	-14,1
339	14.09.2025 15:37:38,000	19,11	-6,29	-7,9	-13,8	68,3	0	-14,9
340	14.09.2025 15:37:39,000	19,11	-6,29	-9,2	-17,3	63,4	0	-19,0
341	14.09.2025 15:37:40,000	19,11	-6,29	-11,2	-17,6	61,2	0	-19,7
342	14.09.2025 15:37:41,000	19,11	-6,29	-8,5	-17,5	64,0	0	-19,1
343	14.09.2025 15:37:42,000	19,11	-6,29	-8,5	-18,4	63,1	0	-20,1
344	14.09.2025 15:37:43,000	19,14	-6,29	-8,0	-18,4	63,7	0	-20,0
345	14.09.2025 15:37:44,000	19,14	-6,29	-6,6	-17,8	65,7	0	-19,0
346	14.09.2025 15:37:45,000	19,14	-6,29	-7,2	-19,0	63,8	0	-20,5
347	14.09.2025 15:37:46,000	19,14	-6,29	-8,0	-18,9	63,1	0	-20,5
348	14.09.2025 15:37:47,000	19,14	-6,29	-9,0	-18,5	62,4	0	-20,3
349	14.09.2025 15:37:48,000	19,14	-6,29	-9,6	-18,2	62,2	0	-20,1
350	14.09.2025 15:37:49,000	19,14	-6,29	-8,5	-18,2	63,3	0	-19,9
351	14.09.2025 15:37:50,000	19,14	-6,29	-6,6	-18,2	65,2	0	-19,5
352	14.09.2025 15:37:51,000	19,14	-6,29	-3,6	-19,9	66,6	0	-20,6
353	14.09.2025 15:37:52,000	19,14	-6,29	0,4	-24,5	65,1	0	-24,6
354	14.09.2025 15:37:53,000	19,14	-6,29	2,4	-20,2	67,4	0	-20,7
355	14.09.2025 15:37:54,000	19,14	-6,29	3,6	-18,0	68,3	0	-18,7
356	14.09.2025 15:37:55,000	19,14	-6,29	3,3	-17,9	68,8	0	-18,6
357	14.09.2025 15:37:56,000	19,14	-6,29	3,0	-18,4	68,6	0	-19,0
358	14.09.2025 15:37:57,000	19,14	-6,29	1,8	-18,5	69,6	0	-18,9
359	14.09.2025 15:37:58,000	19,14	-6,29	0,2	-18,5	71,3	0	-18,5
360	14.09.2025 15:37:59,000	19,14	-6,29	-0,2	-18,4	71,3	0	-18,5
361	14.09.2025 15:38:00,000	19,14	-6,29	-1,9	-17,3	70,8	0	-17,7
362	14.09.2025 15:38:01,000	19,14	-6,29	-2,5	-16,2	71,2	0	-16,7
363	14.09.2025 15:38:02,000	19,14	-6,29	-3,1	-15,5	71,4	0	-16,0
364	14.09.2025 15:38:03,000	19,14	-6,29	-2,9	-13,2	73,9	0	-13,6
365	14.09.2025 15:38:04,000	19,14	-6,29	-2,2	-14,6	73,1	0	-15,0
366	14.09.2025 15:38:05,000	19,14	-6,29	-1,6	-14,3	74,1	0	-14,5
367	14.09.2025 15:38:06,000	19,17	-6,29	-0,5	-15,1	74,4	0	-15,2
368	14.09.2025 15:38:07,000	19,17	-6,29	0,3	-16,9	72,8	0	-16,9
369	14.09.2025 15:38:08,000	19,17	-6,29	-0,2	-16,9	72,9	0	-16,9
370	14.09.2025 15:38:09,000	19,17	-6,29	-0,7	-16,6	72,8	0	-16,7
371	14.09.2025 15:38:10,000	19,17	-6,29	-1,2	-16,3	72,5	0	-16,5
372	14.09.2025 15:38:11,000	19,17	-6,29	-1,9	-16,1	72,0	0	-16,4
373	14.09.2025 15:38:12,000	19,17	-6,29	-1,9	-15,9	72,3	0	-16,2
374	14.09.2025 15:38:13,000	19,17	-6,29	-2,1	-16,3	71,6	0	-16,7
375	14.09.2025 15:38:14,000	19,17	-6,29	-2,5	-15,1	72,4	0	-15,5
376	14.09.2025 15:38:15,000	19,17	-6,29	-2,4	-15,0	72,6	0	-15,4
377	14.09.2025 15:38:16,000	19,17	-6,29	-1,9	-15,6	72,6	0	-15,9
378	14.09.2025 15:38:17,000	19,17	-6,29	-1,9	-15,9	72,2	0	-16,2
379	14.09.2025 15:38:18,000	19,17	-6,29	-2,6	-14,9	72,5	0	-15,3
380	14.09.2025 15:38:19,000	19,17	-6,29	-3,6	-14,4	72,0	0	-15,0
381	14.09.2025 15:38:20,000	19,17	-6,29	-3,5	-14,0	72,4	0	-14,5
382	14.09.2025 15:38:21,000	19,17	-6,29	-2,8	-14,0	73,2	0	-14,4
383	14.09.2025 15:38:22,000	19,17	-6,29	-2,0	-14,9	73,2	0	-15,2
384	14.09.2025 15:38:23,000	19,17	-6,29	-2,5	-14,7	72,8	0	-15,1
385	14.09.2025 15:38:24,000	19,17	-6,29	-3,9	-14,5	71,6	0	-15,1
386	14.09.2025 15:38:25,000	19,17	-6,29	-4,7	-14,1	71,3	0	-14,7
387	14.09.2025 15:38:26,000	19,17	-6,29	-3,8	-14,6	71,6	0	-15,2
388	14.09.2025 15:38:27,000	19,17	-6,29	-2,4	-16,4	71,1	0	-16,9
389	14.09.2025 15:38:28,000	19,17	-6,29	-2,6	-17,6	69,8	0	-18,1
390	14.09.2025 15:38:29,000	19,17	-6,29	-3,7	-16,1	70,2	0	-16,7
391	14.09.2025 15:38:30,000	19,17	-6,29	-3,0	-20,0	67,0	0	-20,7
392	14.09.2025 15:38:31,000	19,17	-6,29	6,1	-57,3	26,6	0	-61,5
393	14.09.2025 15:38:32,000	19,17	-6,29	5,7	-33,7	-50,6	0	-144,0
394	14.09.2025 15:38:33,000	19,17	-6,29	22,3	-39,1	-28,5	1	-127,5
395	14.09.2025 15:38:34,000	19,17	-6,29	16,8	-61,8	-11,4	0	-103,1
396	14.09.2025 15:38:35,000	19,17	-6,29	14,8	-65,1	-10,0	0	-101,3
397	14.09.2025 15:38:36,000	19,20	-6,29	16,7	-66,9	-6,4	0	-97,1
398	14.09.2025 15:38:37,000	19,20	-6,29	14,5	-56,7	-18,8	0	-111,8
399	14.09.2025 15:38:38,000	19,20	-6,29	14,2	-58,9	-16,9	0	-109,4
400	14.09.2025 15:38:39,000	19,20	-6,29	14,5	-57,7	-17,9	0	-110,7
401	14.09.2025 15:38:40,000	19,20	-6,29	14,1	-57,4	-18,5	0	-111,4
402	14.09.2025 15:38:41,000	19,20	-6,29	11,8	-47,0	-31,3	0	-125,8
403	14.09.2025 15:38:42,000	19,20	-6,29	11,4	-44,3	-34,3	0	-129,2
404	14.09.2025 15:38:43,000	19,20	-6,29	11,6	-44,6	-33,8	0	-128,7
405	14.09.2025 15:38:44,000	19,20	-6,29	11,9	-46,5	-31,7	0	-126,3
406	14.09.2025 15:38:45,000	19,20	-6,29	12,5	-48,9	-28,7	0	-123,1
407	14.09.2025 15:38:46,000	19,20	-6,29	13,9	-52,9	-23,2	0	-117,0
408	14.09.2025 15:38:47,000	19,20	-6,29	14,8	-51,3	-23,9	0	-118,1
409	14.09.2025 15:38:48,000	19,20	-6,29	13,0	-48,2	-28,8	0	-123,4
410	14.09.2025 15:38:49,000	19,20	-6,29	11,3	-45,7	-33,0	0	-127,6
411	14.09.2025 15:38:50,000	19,20	-6,29	12,8	-38,5	-38,7	0	-135,1
412	14.09.2025 15:38:51,000	19,20	-6,29	11,6	-36,7	-41,7	0	-137,9
413	14.09.2025 15:38:52,000	19,20	-6,29	11,6	-39,1	-39,3	0	-135,1
414	14.09.2025 15:38:53,000	19,20	-6,29	12,6	-41,4	-35,9	0	-131,7
415	14.09.2025 15:38:54,000	19,20	-6,29	12,1	-37,7	-40,2	0	-136,4
416	14.09.2025 15:38:55,000	19,20	-6,29	10,9	-36,4	-42,7	0	-138,6
417	14.09.2025 15:38:56,000	19,20	-6,29	11,0	-37,0	-42,0	0	-137,9
418	14.09.2025 15:38:57,000	19,20	-6,29	12,3	-39,5	-38,2	0	-134,3
419	14.09.2025 15:38:58,000	19,20	-6,29	12,4	-43,0	-34,6	0	-130,0
420	14.09.2025 15:38:59,000	19,20	-6,29	12,3	-46,4	-31,3	0	-126,1
421	14.09.2025 15:39:00,000	19,20	-6,29	13,0	-48,5	-28,5	0	-123,1
422	14.09.2025 15:39:01,000	19,20	-6,29	13,9	-47,2	-28,9	0	-123,9
423	14.09.2025 15:39:02,000	19,20	-6,29	11,5	-41,7	-36,8	0	-132,1
424	14.09.2025 15:39:03,000	19,20	-6,29	11,9	-45,2	-32,9	0	-127,7
425	14.09.2025 15:39:04,000	19,20	-6,29	13,3	-45,9	-30,8	0	-126,0
426	14.09.2025 15:39:05,000	19,20	-6,29	12,1	-44,1	-33,8	0	-128,9
427	14.09.2025 15:39:06,000	19,20	-6,29	13,0	-56,8	-20,1	0	-113,1
428	14.09.2025 15:39:07,000	19,20	-6,29	19,0	-61,3	-9,7	0	-101,3
429	14.09.2025 15:39:08,000	19,23	-6,29	14,1	-50,0	-25,9	1	-120,4
430	14.09.2025 15:39:09,000	19,23	-6,29	16,0	-59,9	-14,1	0	-106,3
431	14.09.2025 15:39:10,000	19,23	-6,29	29,6	-55,4	-5,0	0	-96,1
432	14.09.2025 15:39:11,000	19,23	-6,29	39,7	-48,5	-1,8	0	-92,4
433	14.09.2025 15:39:12,000	19,23	-6,29	39,3	-47,7	3,0	0	-85,9
434	14.09.2025 15:39:13,000	19,23	-6,29	40,2	-45,5	-4,3	0	-96,1
435	14.09.2025 15:39:14,000	19,23	-6,29	37,8	-51,3	-0,8	0	-91,1
436	14.09.2025 15:39:15,000	19,23	-6,29	37,1	-49,3	-3,6	0	-94,8
437	14.09.2025 15:39:16,000	19,23	-6,29	38,0	-51,1	-1,0	0	-91,3
438	14.09.2025 15:39:17,000	19,23	-6,29	47,9	-41,9	0,2	0	-89,7
439	14.09.2025 15:39:18,000	19,23	-6,29	42,2	-44,7	3,1	0	-85,6
440	14.09.2025 15:39:19,000	19,23	-6,29	37,4	-50,0	-2,6	0	-93,5
441	14.09.2025 15:39:20,000	19,23	-6,29	34,8	-48,9	6,3	0	-81,6
442	14.09.2025 15:39:21,000	19,23	-6,29	23,7	-40,1	26,2	0	-55,1
443	14.09.2025 15:39:22,000	19,23	-6,29	5,4	-73,9	10,8	0	-78,7
444	14.09.2025 15:39:23,000	19,23	-6,29	16,4	-66,0	7,6	0	-81,5
445	14.09.2025 15:39:24,000	19,23	-6,29	26,5	-55,5	7,9	0	-80,2
446	14.09.2025 15:39:25,000	19,23	-6,29	13,6	-66,0	10,4	0	-78,4
447	14.09.2025 15:39:26,000	19,23	-6,29	9,7	-72,7	7,6	0	-81,8
448	14.09.2025 15:39:27,000	19,23	-6,29	9,9	-68,2	11,9	0	-77,0
449	14.09.2025 15:39:28,000	19,23	-6,29	3,9	-44,7	41,4	0	-46,7
450	14.09.2025 15:39:29,000	19,23	-6,29	-5,8	-10,7	73,5	1	-11,3
451	14.09.2025 15:39:30,000	19,23	-6,29	21,1	-27,8	41,2	1	-35,7
452	14.09.2025 15:39:31,000	19,23	-6,29	56,7	-3,5	-29,8	0	-173,0
453	14.09.2025 15:39:32,000	19,23	-6,29	10,0	4,0	-76,0	0	175,8
454	14.09.2025 15:39:33,000	19,26	-6,29	58,6	29,2	-2,1	1	94,4
455	14.09.2025 15:39:34,000	19,26	-6,29	34,1	19,1	36,9	0	29,0
456	14.09.2025 15:39:35,000	19,26	-6,29	35,2	3,4	51,4	0	4,4
457	14.09.2025 15:39:36,000	19,26	-6,29	29,1	6,7	54,1	0	8,4
458	14.09.2025 15:39:37,000	19,26	-6,29	35,6	3,5	50,9	0	4,5
459	14.09.2025 15:39:38,000	19,29	-6,29	23,0	9,1	57,9	0	11,0
460	14.09.2025 15:39:39,000	19,29	-6,29	41,5	1,1	47,4	0	1,4
461	14.09.2025 15:39:40,000	19,29	-6,29	35,3	10,0	44,7	0	14,2
462	14.09.2025 15:39:41,000	19,29	-6,29	35,1	4,3	50,6	0	5,6
463	14.09.2025 15:39:42,000	19,29	-6,29	43,2	9,0	37,8	0	14,6
464	14.09.2025 15:39:43,000	19,29	-6,29	38,3	11,4	40,3	0	17,3
465	14.09.2025 15:39:44,000	19,29	-6,29	40,0	9,6	40,4	0	14,6
466	14.09.2025 15:39:45,000	19,29	-6,29	36,2	15,3	38,5	0	23,3
467	14.09.2025 15:39:46,000	19,29	-6,29	41,3	8,1	40,6	0	12,4
468	14.09.2025 15:39:47,000	19,32	-6,29	28,4	19,9	41,7	0	27,6
469	14.09.2025 15:39:48,000	19,32	-6,29	34,0	13,5	42,4	0	19,5
470	14.09.2025 15:39:49,000	19,32	-6,29	20,4	25,7	43,9	0	32,6
471	14.09.2025 15:39:50,000	19,32	-6,29	26,1	18,1	45,8	0	24,1
472	14.09.2025 15:39:51,000	19,32	-6,29	31,0	17,8	41,2	0	25,5
473	14.09.2025 15:39:52,000	19,32	-6,29	28,3	18,7	42,9	0	25,8
474	14.09.2025 15:39:53,000	19,32	-6,29	38,4	14,3	37,2	1	22,6
475	14.09.2025 15:39:54,000	19,32	-6,29	31,0	20,7	38,2	0	30,3
476	14.09.2025 15:39:55,000	19,32	-6,29	30,1	25,6	34,3	0	37,7
477	14.09.2025 15:39:56,000	19,32	-6,29	32,6	20,8	36,7	0	31,1
478	14.09.2025 15:39:57,000	19,32	-6,29	30,1	23,4	36,6	0	34,1
479	14.09.2025 15:39:58,000	19,32	-6,29	28,0	26,6	35,4	0	38,0
480	14.09.2025 15:39:59,000	19,32	-6,29	29,0	24,7	36,3	0	35,7
481	14.09.2025 15:40:00,000	19,32	-6,29	28,9	24,9	36,2	0	35,8
482	14.09.2025 15:40:01,000	19,32	-6,29	26,8	22,4	40,8	0	30,8
483	14.09.2025 15:40:02,000	19,32	-6,29	20,1	24,7	45,2	0	31,1
484	14.09.2025 15:40:03,000	19,32	-6,29	17,4	26,9	45,6	0	32,9
485	14.09.2025 15:40:04,000	19,35	-6,29	8,3	28,2	53,5	0	31,0
486	14.09.2025 15:40:05,000	19,35	-6,29	21,1	24,2	44,7	0	30,9
487	14.09.2025 15:40:06,000	19,35	-6,29	22,8	24,1	43,1	0	31,5
488	14.09.2025 15:40:07,000	19,35	-6,29	30,3	23,0	36,6	0	33,7
489	14.09.2025 15:40:08,000	19,35	-6,29	36,8	15,2	38,0	0	23,5
490	14.09.2025 15:40:09,000	19,35	-6,29	28,9	18,2	42,8	0	25,2
491	14.09.2025 15:40:10,000	19,35	-6,29	21,8	28,2	40,0	0	36,7
492	14.09.2025 15:40:11,000	19,35	-6,29	19,8	30,3	39,9	0	38,6
493	14.09.2025 15:40:12,000	19,35	-6,29	22,0	31,1	36,9	0	40,9
494	14.09.2025 15:40:13,000	19,35	-6,29	31,0	26,3	32,7	0	39,5
495	14.09.2025 15:40:14,000	19,35	-6,29	34,3	22,7	33,0	0	35,6
496	14.09.2025 15:40:15,000	19,35	-6,29	31,4	28,1	30,5	0	42,9
497	14.09.2025 15:40:16,000	19,35	-6,29	32,3	29,4	28,3	0	46,0
498	14.09.2025 15:40:17,000	19,35	-6,29	31,5	27,9	30,5	0	42,8
499	14.09.2025 15:40:18,000	19,35	-6,29	31,9	27,6	30,4	0	42,6
500	14.09.2025 15:40:19,000	19,35	-6,29	37,9	23,7	28,3	0	40,5
501	14.09.2025 15:40:20,000	19,35	-6,29	40,7	24,5	24,8	0	44,7
502	14.09.2025 15:40:21,000	19,35	-6,29	40,2	23,7	26,1	0	42,5
503	14.09.2025 15:40:22,000	19,32	-6,29	40,4	24,5	25,1	0	44,4
504	14.09.2025 15:40:23,000	19,32	-6,29	43,4	25,1	21,5	0	49,1
505	14.09.2025 15:40:24,000	19,32	-6,29	45,0	22,5	22,5	0	44,9
506	14.09.2025 15:40:25,000	19,32	-6,29	45,8	22,0	22,2	0	44,7
507	14.09.2025 15:40:26,000	19,32	-6,29	50,9	16,8	22,4	0	37,2
508	14.09.2025 15:40:27,000	19,32	-6,29	54,1	10,6	25,3	0	23,4
509	14.09.2025 15:40:28,000	19,32	-6,29	58,7	7,4	23,9	0	17,8
510	14.09.2025 15:40:29,000	19,32	-6,29	63,7	6,4	19,9	0	17,8
511	14.09.2025 15:40:30,000	19,32	-6,29	68,9	2,7	18,4	0	17,8
512	14.09.2025 15:40:31,000	19,32	-6,29	75,1	0,4	14,6	0	17,8
513	14.09.2025 15:40:32,000	19,32	-6,29	74,0	-2,8	13,2	0	17,8
514	14.09.2025 15:40:33,000	19,32	-6,29	78,4	-2,0	9,5	0	17,8
515	14.09.2025 15:40:34,000	19,32	-6,29	82,1	-1,9	5,9	0	17,8
516	14.09.2025 15:40:35,000	19,29	-6,29	73,9	-4,3	11,7	0	17,8
517	14.09.2025 15:40:36,000	19,29	-6,29	75,2	-1,5	13,3	0	17,8
518	14.09.2025 15:40:37,000	19,29	-6,29	71,9	-2,6	15,5	0	17,8
519	14.09.2025 15:40:38,000	19,29	-6,29	72,0	-2,7	15,3	0	17,8
520	14.09.2025 15:40:39,000	19,29	-6,29	69,5	-3,4	17,1	0	17,8
521	14.09.2025 15:40:40,000	19,26	-6,29	68,5	-2,3	19,1	0	17,8
522	14.09.2025 15:40:41,000	19,26	-6,29	67,9	-1,8	20,3	0	17,8
523	14.09.2025 15:40:42,000	19,26	-6,29	67,8	-2,4	19,8	0	17,8
524	14.09.2025 15:40:43,000	19,26	-6,29	67,6	-0,2	22,2	0	17,8
525	14.09.2025 15:40:44,000	19,26	-6,29	66,4	0,9	22,8	0	17,8
526	14.09.2025 15:40:45,000	19,26	-6,29	65,6	2,1	22,3	0	17,8
527	14.09.2025 15:40:46,000	19,26	-6,29	65,0	2,6	22,4	0	17,8
528	14.09.2025 15:40:47,000	19,26	-6,29	61,8	2,8	25,4	0	6,4
529	14.09.2025 15:40:48,000	19,26	-6,29	55,8	4,5	29,7	0	9,0
530	14.09.2025 15:40:49,000	19,26	-6,29	54,6	6,5	28,8	0	13,3
531	14.09.2025 15:40:50,000	19,26	-6,29	56,8	5,6	27,5	0	12,1
532	14.09.2025 15:40:51,000	19,26	-6,29	58,6	3,6	27,8	0	7,6
533	14.09.2025 15:40:52,000	19,26	-6,29	60,3	1,7	28,0	0	3,5
534	14.09.2025 15:40:53,000	19,26	-6,29	64,1	0,9	25,0	0	2,2
535	14.09.2025 15:40:54,000	19,23	-6,29	61,9	-3,2	24,9	0	-7,5
536	14.09.2025 15:40:55,000	19,23	-6,29	63,6	-0,2	26,2	0	-0,4
537	14.09.2025 15:40:56,000	19,23	-6,29	61,1	-3,4	25,5	0	-7,8
538	14.09.2025 15:40:57,000	19,23	-6,29	64,9	-1,9	23,2	0	-7,8
539	14.09.2025 15:40:58,000	19,23	-6,29	64,1	-1,5	24,3	0	-7,8
540	14.09.2025 15:40:59,000	19,23	-6,29	61,5	2,6	25,9	0	5,9
541	14.09.2025 15:41:00,000	19,23	-6,29	60,6	-2,0	27,5	0	-4,3
542	14.09.2025 15:41:01,000	19,23	-6,29	62,1	-1,3	26,6	0	-2,9
543	14.09.2025 15:41:02,000	19,20	-6,29	57,2	0,9	31,8	0	1,7
544	14.09.2025 15:41:03,000	19,20	-6,29	59,8	0,3	29,9	0	0,5
545	14.09.2025 15:41:04,000	19,20	-6,29	61,4	-0,1	28,5	0	-0,1
546	14.09.2025 15:41:05,000	19,20	-6,29	58,1	1,5	30,4	0	2,9
547	14.09.2025 15:41:06,000	19,20	-6,29	58,6	1,0	30,4	0	2,0
548	14.09.2025 15:41:07,000	19,20	-6,29	62,0	-0,3	27,6	0	-0,7
549	14.09.2025 15:41:08,000	19,20	-6,29	60,0	-0,2	29,7	0	-0,5
550	14.09.2025 15:41:09,000	19,20	-6,29	56,6	1,2	32,1	0	2,3
551	14.09.2025 15:41:10,000	19,20	-6,29	58,7	1,2	30,0	0	2,5
552	14.09.2025 15:41:11,000	19,20	-6,29	57,9	2,1	30,0	0	4,2
553	14.09.2025 15:41:12,000	19,17	-6,29	55,5	2,6	31,9	0	4,8
554	14.09.2025 15:41:13,000	19,17	-6,29	55,7	2,7	31,7	0	5,1
555	14.09.2025 15:41:14,000	19,17	-6,29	61,6	0,7	27,7	0	1,5
556	14.09.2025 15:41:15,000	19,17	-6,29	60,1	1,6	28,2	0	3,4
557	14.09.2025 15:41:16,000	19,17	-6,29	56,5	2,5	31,0	0	4,9
558	14.09.2025 15:41:17,000	19,17	-6,29	57,7	1,9	30,4	0	3,8
559	14.09.2025 15:41:18,000	19,17	-6,29	61,4	1,4	27,2	0	3,0
560	14.09.2025 15:41:19,000	19,17	-6,29	61,3	0,5	28,2	0	1,0
561	14.09.2025 15:41:20,000	19,17	-6,29	58,7	-0,1	31,2	0	-0,2
562	14.09.2025 15:41:21,000	19,17	-6,29	60,4	0,0	29,6	0	-0,1
563	14.09.2025 15:41:22,000	19,17	-6,29	63,3	-0,8	25,9	0	-1,8
564	14.09.2025 15:41:23,000	19,14	-6,29	61,6	0,8	27,5	0	1,8
565	14.09.2025 15:41:24,000	19,14	-6,29	55,7	2,9	31,4	0	5,6
566	14.09.2025 15:41:25,000	19,14	-6,29	57,1	3,1	29,8	0	6,2
567	14.09.2025 15:41:26,000	19,14	-6,29	54,8	4,3	30,9	0	8,4
568	14.09.2025 15:41:27,000	19,14	-6,29	40,0	5,8	44,2	0	8,4
569	14.09.2025 15:41:28,000	19,14	-6,29	35,7	4,8	49,5	0	6,4
570	14.09.2025 15:41:29,000	19,14	-6,29	36,0	3,5	50,5	0	4,6
571	14.09.2025 15:41:30,000	19,14	-6,29	38,1	0,6	51,3	0	0,8
572	14.09.2025 15:41:31,000	19,11	-6,29	35,1	1,5	53,4	0	1,9
573	14.09.2025 15:41:32,000	19,11	-6,29	33,4	1,8	54,8	0	2,3
574	14.09.2025 15:41:33,000	19,11	-6,29	38,4	1,1	50,5	0	1,4
575	14.09.2025 15:41:34,000	19,11	-6,29	39,0	0,9	50,1	0	1,2
576	14.09.2025 15:41:35,000	19,11	-6,29	36,1	2,5	51,4	0	3,3
577	14.09.2025 15:41:36,000	19,11	-6,29	43,4	-3,3	43,2	0	-4,9
578	14.09.2025 15:41:37,000	19,08	-6,29	56,2	-3,9	29,9	0	-7,8
579	14.09.2025 15:41:38,000	19,08	-6,29	60,7	-3,3	26,0	0	-7,6
580	14.09.2025 15:41:39,000	19,08	-6,29	59,4	-3,9	26,7	0	-8,6
581	14.09.2025 15:41:40,000	19,08	-6,29	60,0	-2,5	27,5	0	-5,3
582	14.09.2025 15:41:41,000	19,08	-6,29	58,4	1,8	29,8	0	3,7
583	14.09.2025 15:41:42,000	19,08	-6,29	52,5	4,6	32,9	0	8,4
584	14.09.2025 15:41:43,000	19,08	-6,29	50,6	6,5	32,9	0	11,9
585	14.09.2025 15:41:44,000	19,08	-6,29	43,0	5,8	41,2	0	8,8
586	14.09.2025 15:41:45,000	19,05	-6,29	37,2	1,3	51,5	0	1,6
587	14.09.2025 15:41:46,000	19,05	-6,29	34,8	-1,1	54,1	0	-1,3
588	14.09.2025 15:41:47,000	19,05	-6,29	31,4	-2,4	56,2	0	-2,9
589	14.09.2025 15:41:48,000	19,05	-6,29	34,3	3,7	52,0	0	4,7
590	14.09.2025 15:41:49,000	19,05	-6,29	36,2	-0,1	53,7	0	-0,2
591	14.09.2025 15:41:50,000	19,05	-6,29	33,0	-2,7	54,3	0	-3,4
592	14.09.2025 15:41:51,000	19,05	-6,29	27,8	-8,2	54,0	1	-10,2
593	14.09.2025 15:41:52,000	19,05	-6,29	33,5	-4,4	52,1	0	-5,7
594	14.09.2025 15:41:53,000	19,05	-6,29	35,5	-0,7	53,7	0	-0,9
595	14.09.2025 15:41:54,000	19,05	-6,29	36,9	-0,1	53,0	0	-0,1
596	14.09.2025 15:41:55,000	19,05	-6,29	31,7	-2,9	55,5	0	-3,5
597	14.09.2025 15:41:56,000	19,05	-6,29	28,4	-4,6	56,9	0	-5,6
598	14.09.2025 15:41:57,000	19,02	-6,29	28,5	-7,2	54,3	0	-8,9
599	14.09.2025 15:41:58,000	19,02	-6,29	34,3	-1,6	54,1	0	-2,0
600	14.09.2025 15:41:59,000	19,02	-6,29	34,4	-0,3	55,3	0	-0,3
601	14.09.2025 15:42:00,000	19,02	-6,29	31,9	-0,1	58,0	0	-0,1
602	14.09.2025 15:42:01,000	19,02	-6,29	25,6	-6,4	57,9	0	-7,7
603	14.09.2025 15:42:02,000	19,02	-6,29	35,9	3,0	51,2	0	3,9
604	14.09.2025 15:42:03,000	19,02	-6,29	30,9	-3,6	55,5	0	-4,4
605	14.09.2025 15:42:04,000	19,02	-6,29	30,1	-1,9	57,9	0	-2,3
606	14.09.2025 15:42:05,000	19,02	-6,29	27,1	-4,1	58,8	0	-4,9
607	14.09.2025 15:42:06,000	19,02	-6,29	28,1	-4,9	57,0	0	-5,9
608	14.09.2025 15:42:07,000	19,02	-6,29	33,4	0,4	56,2	0	0,5
609	14.09.2025 15:42:08,000	19,02	-6,29	31,9	1,1	56,9	0	1,4
610	14.09.2025 15:42:09,000	19,02	-6,29	28,5	0,8	60,7	0	0,9
611	14.09.2025 15:42:10,000	19,02	-6,29	24,6	-6,1	59,3	1	-7,2
612	14.09.2025 15:42:11,000	19,02	-6,29	28,9	-2,6	58,5	0	-3,1
613	14.09.2025 15:42:12,000	19,02	-6,29	30,6	-1,2	58,2	0	-1,4
614	14.09.2025 15:42:13,000	19,02	-6,29	33,0	3,5	53,6	0	4,3
615	14.09.2025 15:42:14,000	18,99	-6,29	30,6	0,4	59,0	0	0,5
616	14.09.2025 15:42:15,000	19,02	-6,29	27,1	-1,7	61,2	0	-1,9
617	14.09.2025 15:42:16,000	18,99	-6,29	28,1	-1,7	60,3	0	-1,9
618	14.09.2025 15:42:17,000	18,99	-6,29	29,0	1,5	59,4	0	1,8
619	14.09.2025 15:42:18,000	18,99	-6,29	29,4	3,4	57,1	0	4,1
620	14.09.2025 15:42:19,000	18,99	-6,29	26,0	-0,6	63,5	0	-0,6
621	14.09.2025 15:42:20,000	18,99	-6,29	24,6	-1,9	63,4	0	-2,2
622	14.09.2025 15:42:21,000	18,99	-6,29	29,0	2,6	58,4	0	3,1
623	14.09.2025 15:42:22,000	18,99	-6,29	30,1	6,2	53,7	0	7,7
624	14.09.2025 15:42:23,000	18,99	-6,29	30,3	8,2	51,5	0	10,5
625	14.09.2025 15:42:24,000	18,99	-6,29	30,0	7,4	52,6	0	9,4
626	14.09.2025 15:42:25,000	18,99	-6,29	28,6	5,4	56,1	0	6,6
627	14.09.2025 15:42:26,000	18,99	-6,29	27,0	5,0	58,0	0	6,0
628	14.09.2025 15:42:27,000	18,99	-6,29	26,2	7,1	56,7	0	8,6
629	14.09.2025 15:42:28,000	18,99	-6,29	26,7	3,8	59,5	0	4,4
630	14.09.2025 15:42:29,000	18,99	-6,29	27,0	4,3	58,8	0	5,0
631	14.09.2025 15:42:30,000	18,96	-6,29	28,5	6,9	54,6	0	8,6
632	14.09.2025 15:42:31,000	18,96	-6,29	25,5	5,6	58,9	0	6,6
633	14.09.2025 15:42:32,000	18,96	-6,29	25,9	5,3	58,8	0	6,3
634	14.09.2025 15:42:33,000	18,96	-6,29	28,9	8,5	52,6	0	10,8
635	14.09.2025 15:42:34,000	18,96	-6,29	28,0	7,3	54,7	0	9,0
636	14.09.2025 15:42:35,000	18,96	-6,29	28,6	11,6	49,8	0	15,2
637	14.09.2025 15:42:36,000	18,96	-6,29	25,3	5,2	59,4	0	6,2
638	14.09.2025 15:42:37,000	18,96	-6,29	26,0	5,8	58,2	0	7,0
639	14.09.2025 15:42:38,000	18,96	-6,29	26,5	6,4	57,1	0	7,8
640	14.09.2025 15:42:39,000	18,96	-6,29	25,1	5,6	59,3	0	6,6
641	14.09.2025 15:42:40,000	18,96	-6,29	24,9	5,8	59,3	0	6,9
642	14.09.2025 15:42:41,000	18,93	-6,29	27,5	9,0	53,4	0	11,4
643	14.09.2025 15:42:42,000	18,93	-6,29	26,3	6,9	56,7	0	8,4
644	14.09.2025 15:42:43,000	18,93	-6,29	27,8	8,1	54,1	0	10,1
645	14.09.2025 15:42:44,000	18,93	-6,29	24,2	5,3	60,5	0	6,1
646	14.09.2025 15:42:45,000	18,93	-6,29	25,3	4,3	60,4	0	5,1
647	14.09.2025 15:42:46,000	18,93	-6,29	22,2	-0,2	67,6	0	-0,2
648	14.09.2025 15:42:47,000	18,93	-6,29	22,3	1,4	66,4	0	1,5
649	14.09.2025 15:42:48,000	18,93	-6,29	24,8	2,5	62,7	0	2,9
650	14.09.2025 15:42:49,000	18,93	-6,29	24,6	4,9	60,5	0	5,8
651	14.09.2025 15:42:50,000	18,93	-6,29	20,8	1,7	67,5	0	1,9
652	14.09.2025 15:42:51,000	18,93	-6,29	23,4	1,0	65,7	0	1,1
653	14.09.2025 15:42:52,000	18,93	-6,29	28,3	7,2	54,5	0	9,0
654	14.09.2025 15:42:53,000	18,93	-6,29	22,3	3,8	63,9	0	4,3
655	14.09.2025 15:42:54,000	18,90	-6,29	21,4	1,0	67,6	0	1,0
656	14.09.2025 15:42:55,000	18,90	-6,29	25,7	2,9	61,3	0	3,4
657	14.09.2025 15:42:56,000	18,90	-6,29	24,3	2,9	62,8	0	3,3
658	14.09.2025 15:42:57,000	18,90	-6,29	29,2	9,8	51,0	0	12,7
659	14.09.2025 15:42:58,000	18,90	-6,29	24,8	4,7	60,5	0	5,5
660	14.09.2025 15:42:59,000	18,90	-6,29	20,5	-1,0	68,5	0	-1,0
661	14.09.2025 15:43:00,000	18,87	-6,29	21,0	1,0	68,0	0	1,0
662	14.09.2025 15:43:01,000	18,87	-6,29	20,6	-1,7	67,8	0	-1,8
663	14.09.2025 15:43:02,000	18,87	-6,29	22,8	-0,7	66,4	0	-0,8
664	14.09.2025 15:43:03,000	18,87	-6,29	25,3	4,3	60,5	0	5,0
665	14.09.2025 15:43:04,000	18,87	-6,29	23,9	3,9	62,3	0	4,5
666	14.09.2025 15:43:05,000	18,87	-6,29	27,5	8,2	54,2	0	10,3
667	14.09.2025 15:43:06,000	18,87	-6,29	28,3	9,2	52,4	0	11,7
668	14.09.2025 15:43:07,000	18,87	-6,29	21,2	4,1	64,7	0	4,6
669	14.09.2025 15:43:08,000	18,84	-6,29	21,3	2,4	66,2	0	2,7
670	14.09.2025 15:43:09,000	18,84	-6,29	26,0	3,8	60,3	1	4,4
671	14.09.2025 15:43:10,000	18,84	-6,29	26,4	6,7	57,0	0	8,1
672	14.09.2025 15:43:11,000	18,84	-6,29	24,1	4,7	61,2	0	5,4
673	14.09.2025 15:43:12,000	18,84	-6,29	22,4	-0,7	66,9	0	-0,7
674	14.09.2025 15:43:13,000	18,84	-6,29	21,1	-2,7	66,2	0	-3,0
675	14.09.2025 15:43:14,000	18,84	-6,29	23,8	2,5	63,8	0	2,8
676	14.09.2025 15:43:15,000	18,81	-6,29	23,4	2,9	63,7	0	3,3
677	14.09.2025 15:43:16,000	18,81	-6,29	26,2	3,4	60,4	0	4,0
678	14.09.2025 15:43:17,000	18,81	-6,29	28,1	5,5	56,4	0	6,7
679	14.09.2025 15:43:18,000	18,81	-6,29	28,0	6,9	55,1	0	8,5
680	14.09.2025 15:43:19,000	18,81	-6,29	26,7	7,8	55,5	0	9,7
681	14.09.2025 15:43:20,000	18,81	-6,29	29,3	12,2	48,5	0	16,2
682	14.09.2025 15:43:21,000	18,81	-6,29	27,1	7,3	55,6	0	8,9
683	14.09.2025 15:43:22,000	18,81	-6,29	26,6	7,6	55,8	0	9,4
684	14.09.2025 15:43:23,000	18,81	-6,29	25,5	8,5	56,0	0	10,4
685	14.09.2025 15:43:24,000	18,81	-6,29	26,0	8,6	55,4	0	10,6
686	14.09.2025 15:43:25,000	18,78	-6,29	28,1	10,2	51,7	0	13,1
687	14.09.2025 15:43:26,000	18,78	-6,29	26,1	8,0	55,9	0	9,8
688	14.09.2025 15:43:27,000	18,78	-6,29	25,5	7,4	57,1	0	9,0
689	14.09.2025 15:43:28,000	18,78	-6,29	24,9	5,9	59,2	0	7,0
690	14.09.2025 15:43:29,000	18,75	-6,29	23,6	5,8	60,6	0	6,8
691	14.09.2025 15:43:30,000	18,75	-6,29	23,1	6,1	60,7	0	7,2
692	14.09.2025 15:43:31,000	18,72	-6,29	23,8	5,9	60,2	0	7,0
693	14.09.2025 15:43:32,000	18,72	-6,29	23,8	5,5	60,7	0	6,5
694	14.09.2025 15:43:33,000	18,72	-6,29	23,8	6,1	60,1	0	7,2
695	14.09.2025 15:43:34,000	18,69	-6,29	23,6	7,0	59,4	0	8,3
696	14.09.2025 15:43:35,000	18,69	-6,29	26,1	11,2	52,7	0	14,1
697	14.09.2025 15:43:36,000	18,66	-6,29	23,7	8,1	58,3	0	9,6
698	14.09.2025 15:43:37,000	18,63	-6,29	24,1	9,2	56,7	0	11,2
699	14.09.2025 15:43:38,000	18,60	-6,29	24,2	6,5	59,3	0	7,7
700	14.09.2025 15:43:39,000	18,55	-6,29	22,9	6,2	60,9	0	7,2
701	14.09.2025 15:43:40,000	18,49	-6,29	21,7	6,4	61,9	0	7,4
702	14.09.2025 15:43:41,000	18,40	-6,29	21,8	4,6	63,6	0	5,2
703	14.09.2025 15:43:42,000	18,34	-6,29	21,3	3,0	65,7	0	3,4
704	14.09.2025 15:43:43,000	18,25	-6,29	21,5	4,1	64,4	0	4,6
705	14.09.2025 15:43:44,000	18,16	-6,29	21,9	4,2	63,9	0	4,7
706	14.09.2025 15:43:45,000	18,07	-6,29	22,5	4,3	63,2	0	4,9
707	14.09.2025 15:43:46,000	17,95	-6,29	21,0	2,5	66,5	0	2,7
708	14.09.2025 15:43:47,000	17,83	-6,29	21,6	3,5	64,9	0	3,9
709	14.09.2025 15:43:48,000	17,74	-6,29	21,1	3,8	65,2	0	4,2
710	14.09.2025 15:43:49,000	17,65	-6,29	21,8	3,8	64,4	0	4,3
711	14.09.2025 15:43:50,000	17,50	-6,29	22,7	3,8	63,6	0	4,3
712	14.09.2025 15:43:51,000	17,41	-6,29	20,7	2,6	66,7	0	2,8
713	14.09.2025 15:43:52,000	17,29	-6,29	23,7	5,6	60,6	0	6,6
714	14.09.2025 15:43:53,000	17,20	-6,29	24,8	7,5	57,7	0	9,0
715	14.09.2025 15:43:54,000	17,08	-6,29	24,1	6,9	59,0	1	8,1
716	14.09.2025 15:43:55,000	17,02	-6,29	25,1	6,3	58,5	0	7,6
717	14.09.2025 15:43:56,000	16,93	-6,29	25,1	6,1	58,8	0	7,3
718	14.09.2025 15:43:57,000	16,84	-6,29	24,5	7,9	57,6	0	9,5
719	14.09.2025 15:43:58,000	16,72	-6,29	27,7	11,5	50,8	0	14,9
720	14.09.2025 15:43:59,000	16,60	-6,29	25,2	4,0	60,8	0	4,7
721	14.09.2025 15:44:00,000	16,42	-6,29	28,8	2,5	58,8	0	2,9
722	14.09.2025 15:44:01,000	16,27	-6,29	32,1	2,3	55,5	0	2,9
723	14.09.2025 15:44:02,000	16,14	-6,29	35,2	-0,1	54,7	0	-0,1
724	14.09.2025 15:44:03,000	16,11	-6,29	39,1	2,4	48,5	0	3,2
725	14.09.2025 15:44:04,000	16,08	-6,29	24,7	15,4	50,0	0	19,7
726	14.09.2025 15:44:05,000	15,96	-6,29	29,6	12,7	47,8	0	16,9
727	14.09.2025 15:44:06,000	15,87	-6,29	27,8	12,6	49,5	0	16,5
728	14.09.2025 15:44:07,000	15,81	-6,29	26,9	13,0	50,1	0	16,9
729	14.09.2025 15:44:08,000	15,72	-6,29	32,2	9,6	48,1	0	13,0
730	14.09.2025 15:44:09,000	15,47	-6,29	33,6	9,8	46,6	0	13,4
731	14.09.2025 15:44:10,000	15,32	-6,29	31,0	12,5	46,6	0	17,0
732	14.09.2025 15:44:11,000	15,14	-6,29	36,3	8,6	45,1	0	12,2
733	14.09.2025 15:44:12,000	14,95	-6,29	38,7	8,3	43,0	0	12,1
734	14.09.2025 15:44:13,000	14,80	-6,29	38,7	9,2	42,0	0	13,7
735	14.09.2025 15:44:14,000	14,65	-6,29	40,5	8,6	40,9	0	13,1
736	14.09.2025 15:44:15,000	14,49	-6,29	42,4	7,3	40,3	0	11,3
737	14.09.2025 15:44:16,000	14,18	-6,29	41,7	9,2	39,2	0	14,3
738	14.09.2025 15:44:17,000	13,84	-6,29	41,9	9,6	38,6	0	15,1
739	14.09.2025 15:44:18,000	13,59	-6,29	43,0	9,0	38,0	0	14,5
740	14.09.2025 15:44:19,000	13,47	-6,29	42,1	8,6	39,4	0	13,4
741	14.09.2025 15:44:20,000	13,34	-6,29	43,1	9,3	37,6	0	15,1
742	14.09.2025 15:44:21,000	13,18	-6,29	42,4	9,7	37,9	0	15,5
743	14.09.2025 15:44:22,000	13,06	-6,29	43,4	8,5	38,1	0	13,6
744	14.09.2025 15:44:23,000	12,93	-6,29	43,8	9,0	37,2	0	14,7
745	14.09.2025 15:44:24,000	12,78	-6,29	45,3	7,3	37,4	0	11,9
746	14.09.2025 15:44:25,000	12,62	-6,29	44,0	10,0	36,0	0	16,6
747	14.09.2025 15:44:26,000	12,46	-6,29	45,8	6,6	37,6	0	10,8
748	14.09.2025 15:44:27,000	12,36	-6,29	46,0	7,6	36,4	0	12,7
749	14.09.2025 15:44:28,000	12,24	-6,29	46,2	7,3	36,4	0	12,2
750	14.09.2025 15:44:29,000	12,17	-6,29	47,6	8,1	34,4	0	14,1
751	14.09.2025 15:44:30,000	12,08	-6,29	45,3	8,9	35,8	0	15,0
752	14.09.2025 15:44:31,000	11,98	-6,29	46,2	6,5	37,3	0	10,8
753	14.09.2025 15:44:32,000	11,89	-6,29	47,2	7,4	35,5	0	12,6
754	14.09.2025 15:44:33,000	11,85	-6,29	44,8	7,9	37,3	0	12,9
755	14.09.2025 15:44:34,000	11,79	-6,29	44,6	7,6	37,8	0	12,3
756	14.09.2025 15:44:35,000	11,73	-6,29	44,3	9,2	36,4	0	15,3
757	14.09.2025 15:44:36,000	11,66	-6,29	43,3	8,4	38,3	0	13,5
758	14.09.2025 15:44:37,000	11,57	-6,29	43,0	8,0	39,0	0	12,6
759	14.09.2025 15:44:38,000	11,53	-6,29	43,0	6,0	41,0	0	9,2
760	14.09.2025 15:44:39,000	11,44	-6,29	42,7	9,2	38,1	0	14,8
761	14.09.2025 15:44:40,000	11,37	-6,29	41,4	8,8	39,8	0	13,7
762	14.09.2025 15:44:41,000	11,31	-6,29	41,6	7,8	40,6	0	11,9
763	14.09.2025 15:44:42,000	11,15	-6,29	41,9	5,8	42,2	0	8,7
764	14.09.2025 15:44:43,000	11,02	-6,29	44,2	7,1	38,6	0	11,4
765	14.09.2025 15:44:44,000	10,89	-6,29	46,0	6,3	37,7	0	10,3
766	14.09.2025 15:44:45,000	10,86	-6,29	42,9	5,9	41,1	0	9,1
767	14.09.2025 15:44:46,000	10,79	-6,29	46,8	6,8	36,3	0	11,4
768	14.09.2025 15:44:47,000	10,69	-6,29	48,1	7,4	34,5	0	13,0
769	14.09.2025 15:44:48,000	10,69	-6,29	44,2	7,4	38,4	0	11,9
770	14.09.2025 15:44:49,000	10,66	-6,29	47,0	7,9	35,2	0	13,5
771	14.09.2025 15:44:50,000	10,56	-6,29	48,3	7,8	33,9	0	13,9
772	14.09.2025 15:44:51,000	10,47	-6,29	48,6	7,7	33,7	0	13,6
773	14.09.2025 15:44:52,000	10,40	-6,29	44,8	8,0	37,3	0	13,0
774	14.09.2025 15:44:53,000	10,30	-6,29	45,2	10,0	34,8	0	17,1
775	14.09.2025 15:44:54,000	10,27	-6,29	51,9	10,9	27,2	0	22,7
776	14.09.2025 15:44:55,000	10,20	-6,29	47,5	8,6	33,9	0	15,1
777	14.09.2025 15:44:56,000	10,14	-6,29	44,6	9,6	35,8	0	16,1
778	14.09.2025 15:44:57,000	10,11	-6,29	20,7	15,0	54,3	0	18,4
779	14.09.2025 15:44:58,000	10,04	-6,29	4,0	13,4	72,6	0	14,0
780	14.09.2025 15:44:59,000	10,04	-6,29	-3,4	16,8	69,7	1	17,4
781	14.09.2025 15:45:00,000	10,04	-6,29	25,2	10,2	54,6	1	12,7
782	14.09.2025 15:45:01,000	10,04	-6,29	-12,5	2,8	74,7	0	2,9
783	14.09.2025 15:45:02,000	9,97	-6,29	1,7	5,7	82,6	0	5,8
784	14.09.2025 15:45:03,000	9,94	-6,29	-0,9	11,4	77,7	0	11,5
785	14.09.2025 15:45:04,000	9,91	-6,29	6,2	9,4	74,4	0	9,9
786	14.09.2025 15:45:05,000	9,91	-6,29	8,8	3,4	77,8	0	3,6
787	14.09.2025 15:45:06,000	9,88	-6,29	0,0	8,2	81,8	0	8,2
788	14.09.2025 15:45:07,000	9,81	-6,29	0,2	8,7	81,1	0	8,7
789	14.09.2025 15:45:08,000	9,78	-6,29	2,1	9,1	78,9	0	9,3
790	14.09.2025 15:45:09,000	9,74	-6,29	-1,2	7,8	81,0	0	7,9
791	14.09.2025 15:45:10,000	9,68	-6,29	2,7	9,1	78,2	0	9,4
792	14.09.2025 15:45:11,000	9,68	-6,29	-0,4	9,5	80,2	0	9,5
793	14.09.2025 15:45:12,000	9,64	-6,29	-0,8	11,7	77,5	0	11,8
794	14.09.2025 15:45:13,000	9,61	-6,29	5,5	13,2	71,2	0	14,0
795	14.09.2025 15:45:14,000	9,58	-6,29	0,2	11,4	78,5	0	11,4
796	14.09.2025 15:45:15,000	9,54	-6,29	-4,2	8,4	77,4	0	8,7
797	14.09.2025 15:45:16,000	9,54	-6,29	0,6	8,6	80,8	0	8,6
798	14.09.2025 15:45:17,000	9,51	-6,29	1,0	11,8	77,3	0	11,9
799	14.09.2025 15:45:18,000	9,51	-6,29	0,4	9,3	80,3	0	9,4
800	14.09.2025 15:45:19,000	9,51	-6,29	-0,1	11,3	78,7	0	11,3
801	14.09.2025 15:45:20,000	9,48	-6,29	-1,9	10,2	77,9	0	10,4
802	14.09.2025 15:45:21,000	9,48	-6,29	-0,8	12,9	76,3	0	13,0
803	14.09.2025 15:45:22,000	9,48	-6,29	1,4	11,2	77,4	0	11,4
804	14.09.2025 15:45:23,000	9,48	-6,29	0,0	9,8	80,2	0	9,8
805	14.09.2025 15:45:24,000	9,48	-6,29	1,2	8,8	79,9	0	9,0
806	14.09.2025 15:45:25,000	9,48	-6,29	-0,9	7,1	81,9	0	7,2
807	14.09.2025 15:45:26,000	9,48	-6,29	1,3	17,1	71,7	0	17,3
808	14.09.2025 15:45:27,000	9,48	-6,29	-1,1	6,9	82,0	0	7,0
809	14.09.2025 15:45:28,000	9,48	-6,29	0,9	8,3	80,8	0	8,4
810	14.09.2025 15:45:29,000	9,44	-6,29	-1,1	8,8	80,0	0	8,9
811	14.09.2025 15:45:30,000	9,44	-6,29	-2,0	11,7	76,2	0	12,0
812	14.09.2025 15:45:31,000	9,44	-6,29	1,9	8,6	79,6	0	8,7
813	14.09.2025 15:45:32,000	9,48	-6,29	-1,8	7,4	80,9	0	7,5
814	14.09.2025 15:45:33,000	9,48	-6,29	0,5	15,5	74,0	0	15,6
815	14.09.2025 15:45:34,000	9,48	-6,29	-3,8	16,9	69,3	0	17,6
816	14.09.2025 15:45:35,000	9,48	-6,29	-1,0	17,8	71,2	0	18,0
817	14.09.2025 15:45:36,000	9,51	-6,29	14,4	26,2	49,4	1	30,8
818	14.09.2025 15:45:37,000	9,51	-6,29	-0,1	-11,0	78,9	0	-11,0
819	14.09.2025 15:45:38,000	9,48	-6,29	8,9	10,2	70,9	0	11,0
820	14.09.2025 15:45:39,000	9,44	-6,29	19,1	5,3	65,6	0	5,9
821	14.09.2025 15:45:40,000	9,41	-6,29	-10,2	-0,5	79,3	1	-0,5
822	14.09.2025 15:45:41,000	9,38	-6,29	28,3	-21,9	39,7	1	-30,8
823	14.09.2025 15:45:42,000	9,31	-6,29	2,6	-9,1	78,4	1	-9,3
824	14.09.2025 15:45:43,000	9,21	-6,29	13,0	8,7	68,3	1	9,6
825	14.09.2025 15:45:44,000	9,04	-6,29	-3,6	-1,0	85,3	1	-1,0
826	14.09.2025 15:45:45,000	8,94	-6,29	40,0	4,1	45,9	1	5,8
827	14.09.2025 15:45:46,000	8,81	-6,29	42,0	18,9	29,0	1	33,9
828	14.09.2025 15:45:47,000	8,68	-6,29	22,4	35,4	32,2	1	47,3
829	14.09.2025 15:45:48,000	8,57	-6,29	0,2	9,4	80,4	1	9,4
830	14.09.2025 15:45:49,000	8,51	-6,29	3,7	6,0	80,3	0	6,2
831	14.09.2025 15:45:50,000	8,51	-6,29	1,2	6,3	82,5	0	6,4
832	14.09.2025 15:45:51,000	8,51	-6,29	1,1	8,4	80,4	0	8,5
833	14.09.2025 15:45:52,000	8,51	-6,29	-0,4	7,1	82,5	0	7,2
834	14.09.2025 15:45:53,000	8,47	-6,29	-0,3	6,2	83,5	0	6,2
835	14.09.2025 15:45:54,000	8,44	-6,29	0,2	7,5	82,3	0	7,5
836	14.09.2025 15:45:55,000	8,41	-6,29	-0,2	7,1	82,7	0	7,1
837	14.09.2025 15:45:56,000	8,34	-6,29	0,6	11,1	78,3	0	11,2
838	14.09.2025 15:45:57,000	8,34	-6,29	2,3	10,1	77,6	0	10,3
839	14.09.2025 15:45:58,000	8,30	-6,29	5,0	14,9	70,1	0	15,6
840	14.09.2025 15:45:59,000	8,30	-6,29	-3,0	13,5	73,5	0	13,9
841	14.09.2025 15:46:00,000	8,27	-6,29	-0,4	3,9	85,8	0	3,9
842	14.09.2025 15:46:01,000	8,27	-6,29	-0,7	3,2	86,1	0	3,3
843	14.09.2025 15:46:02,000	8,27	-6,29	-2,6	4,9	82,4	0	5,1
844	14.09.2025 15:46:03,000	8,27	-6,29	1,3	8,2	80,5	0	8,3
845	14.09.2025 15:46:04,000	8,27	-6,29	-0,8	15,5	73,6	0	15,7
846	14.09.2025 15:46:05,000	8,27	-6,29	2,7	9,7	77,5	0	10,0
847	14.09.2025 15:46:06,000	8,27	-6,29	0,8	1,8	87,4	0	1,8
848	14.09.2025 15:46:07,000	8,27	-6,29	-15,7	-3,9	70,4	0	-4,2
849	14.09.2025 15:46:08,000	8,27	-6,29	-2,7	9,9	77,4	0	10,2
850	14.09.2025 15:46:09,000	8,27	-6,29	30,0	0,4	59,7	1	0,4
851	14.09.2025 15:46:10,000	8,27	-6,29	2,0	-2,1	85,9	1	-2,1
852	14.09.2025 15:46:11,000	8,24	-6,29	-0,4	8,2	81,4	0	8,2
853	14.09.2025 15:46:12,000	8,17	-6,29	10,2	7,0	72,8	0	7,5
854	14.09.2025 15:46:13,000	8,13	-6,29	-0,6	-1,7	87,7	0	-1,7
855	14.09.2025 15:46:14,000	8,10	-6,29	0,8	0,3	88,9	0	0,3
856	14.09.2025 15:46:15,000	8,07	-6,29	0,1	1,0	88,9	0	1,0
857	14.09.2025 15:46:16,000	8,00	-6,29	1,0	10,7	78,2	0	10,9
858	14.09.2025 15:46:17,000	7,96	-6,29	36,6	-1,4	52,0	0	-1,8
859	14.09.2025 15:46:18,000	7,89	-6,29	-12,5	-7,8	69,6	0	-8,6
860	14.09.2025 15:46:19,000	7,89	-6,29	-14,6	-7,4	68,0	0	-8,2
861	14.09.2025 15:46:20,000	7,86	-6,29	-7,5	-9,0	73,5	0	-9,6
862	14.09.2025 15:46:21,000	7,86	-6,29	-9,4	-0,1	80,5	0	-0,1
863	14.09.2025 15:46:22,000	7,86	-6,29	-9,3	-0,1	80,6	0	-0,1
864	14.09.2025 15:46:23,000	7,86	-6,29	-9,4	-0,1	80,5	0	-0,1
865	14.09.2025 15:46:24,000	7,83	-6,29	-9,3	-0,3	80,4	0	-0,3
866	14.09.2025 15:46:25,000	7,83	-6,29	-9,7	-0,1	80,2	0	-0,1
867	14.09.2025 15:46:26,000	7,83	-6,29	-9,2	-0,2	80,5	0	-0,2
868	14.09.2025 15:46:27,000	7,83	-6,29	-9,3	-0,2	80,5	0	-0,2
869	14.09.2025 15:46:28,000	7,83	-6,29	-9,2	-0,1	80,6	0	-0,1
870	14.09.2025 15:46:29,000	7,83	-6,29	-9,3	-0,1	80,6	0	-0,1
871	14.09.2025 15:46:30,000	7,83	-6,29	-9,3	0,0	80,7	0	0,0
872	14.09.2025 15:46:31,000	7,83	-6,29	-9,2	0,1	80,7	0	0,1
873	14.09.2025 15:46:32,000	7,83	-6,29	-9,1	0,0	80,8	0	0,0
874	14.09.2025 15:46:33,000	7,83	-6,29	-3,2	0,0	86,7	0	0,0
875	14.09.2025 15:46:34,000	7,83	-6,29	-6,3	4,7	79,0	0	4,9
876	14.09.2025 15:46:35,000	7,79	-6,29	-6,6	4,9	78,5	0	5,1
877	14.09.2025 15:46:36,000	7,79	-6,29	-6,5	5,1	78,4	0	5,3
878	14.09.2025 15:46:37,000	7,79	-6,29	-6,7	5,1	78,2	0	5,3
879	14.09.2025 15:46:38,000	7,79	-6,29	-6,6	5,1	78,2	0	5,4
880	14.09.2025 15:46:39,000	7,79	-6,29	-6,7	5,2	78,2	0	5,4
881	14.09.2025 15:46:40,000	7,79	-6,29	-6,7	5,2	78,2	0	5,4
882	14.09.2025 15:46:41,000	7,76	-6,29	-6,6	5,2	78,2	0	5,4
883	14.09.2025 15:46:42,000	7,76	-6,29	-6,6	5,3	78,1	0	5,5
884	14.09.2025 15:46:43,000	7,76	-6,29	-6,6	5,2	78,2	0	5,5
885	14.09.2025 15:46:44,000	7,76	-6,29	-6,6	5,2	78,1	0	5,5
886	14.09.2025 15:46:45,000	7,72	-6,29	-6,6	5,3	78,1	0	5,5
887	14.09.2025 15:46:46,000	7,72	-6,29	-6,6	5,2	78,1	0	5,5
888	14.09.2025 15:46:47,000	7,72	-6,29	-6,6	5,3	78,1	0	5,5
889	14.09.2025 15:46:48,000	7,72	-6,29	-6,7	5,3	78,1	0	5,5
890	14.09.2025 15:46:49,000	7,69	-6,29	-6,6	5,4	78,0	0	5,6
891	14.09.2025 15:46:50,000	7,69	-6,29	-6,6	5,3	78,1	0	5,5
892	14.09.2025 15:46:51,000	7,69	-6,29	-6,6	5,3	78,1	0	5,5
893	14.09.2025 15:46:52,000	7,69	-6,29	-6,6	5,3	78,1	0	5,5
894	14.09.2025 15:46:53,000	7,69	-6,29	-6,6	5,3	78,1	0	5,5
895	14.09.2025 15:46:54,000	7,65	-6,29	-6,6	5,3	78,1	0	5,6
896	14.09.2025 15:46:55,000	7,65	-6,29	-6,6	5,3	78,1	0	5,5
897	14.09.2025 15:46:56,000	7,65	-6,29	-6,7	5,3	78,0	0	5,6
898	14.09.2025 15:46:57,000	7,65	-6,29	-6,6	5,3	78,1	0	5,5
899	14.09.2025 15:46:58,000	7,65	-6,29	-6,6	5,3	78,1	0	5,5
900	14.09.2025 15:46:59,000	7,65	-6,29	-6,6	5,4	78,0	0	5,6
901	14.09.2025 15:47:00,000	7,62	-6,29	-6,6	5,3	78,1	0	5,5
902	14.09.2025 15:47:01,000	7,62	-6,29	-6,7	5,3	78,0	0	5,6
903	14.09.2025 15:47:02,000	7,62	-6,29	-6,7	5,3	78,0	0	5,5
904	14.09.2025 15:47:03,000	7,62	-6,29	-6,6	5,3	78,1	0	5,6
905	14.09.2025 15:47:04,000	7,62	-6,29	-6,6	5,4	78,0	0	5,6
906	14.09.2025 15:47:05,000	7,62	-6,29	-6,7	5,3	78,0	0	5,6
907	14.09.2025 15:47:06,000	7,62	-6,29	-6,6	5,3	78,1	0	5,5
908	14.09.2025 15:47:07,000	7,62	-6,29	-6,6	5,3	78,1	0	5,5
909	14.09.2025 15:47:08,000	7,62	-6,29	-6,6	5,4	78,0	0	5,6
910	14.09.2025 15:47:09,000	7,62	-6,29	-6,6	5,3	78,1	0	5,6
911	14.09.2025 15:47:10,000	7,59	-6,29	-6,7	5,3	78,0	0	5,6
912	14.09.2025 15:47:11,000	7,59	-6,29	-6,6	5,4	78,0	0	5,6
913	14.09.2025 15:47:12,000	7,59	-6,29	-6,6	5,4	78,0	0	5,7
914	14.09.2025 15:47:13,000	7,59	-6,29	-6,6	5,4	78,0	0	5,6
915	14.09.2025 15:47:14,000	7,59	-6,29	-6,6	5,3	78,0	0	5,6
916	14.09.2025 15:47:15,000	7,59	-6,29	-6,6	5,4	78,0	0	5,7
917	14.09.2025 15:47:16,000	7,59	-6,29	-6,6	5,4	77,9	0	5,7
918	14.09.2025 15:47:17,000	7,59	-6,29	-6,6	5,4	77,9	0	5,7
919	14.09.2025 15:47:18,000	7,59	-6,29	-6,6	5,5	77,9	0	5,8
920	14.09.2025 15:47:19,000	7,59	-6,29	-6,6	5,4	77,9	0	5,7
921	14.09.2025 15:47:20,000	7,59	-6,29	-6,6	5,5	77,9	0	5,7
922	14.09.2025 15:47:21,000	7,59	-6,29	-6,6	5,6	77,7	0	5,9
923	14.09.2025 15:47:22,000	7,59	-6,29	-6,6	5,5	77,8	0	5,8
924	14.09.2025 15:47:23,000	7,55	-6,29	-6,6	5,7	77,7	0	6,0
925	14.09.2025 15:47:24,000	7,55	-6,29	-6,6	5,6	77,7	0	5,9
926	14.09.2025 15:47:25,000	7,55	-6,29	-6,7	5,7	77,7	0	5,9
927	14.09.2025 15:47:26,000	7,55	-6,29	-6,6	5,6	77,7	0	5,9
928	14.09.2025 15:47:27,000	7,55	-6,29	-6,6	5,7	77,7	0	5,9
929	14.09.2025 15:47:28,000	7,55	-6,29	-6,7	5,7	77,7	0	5,9
930	14.09.2025 15:47:29,000	7,52	-6,29	-6,7	5,7	77,7	0	5,9
931	14.09.2025 15:47:30,000	7,52	-6,29	-6,7	5,6	77,7	0	5,9
932	14.09.2025 15:47:31,000	7,52	-6,29	-6,7	5,7	77,6	0	6,0
933	14.09.2025 15:47:32,000	7,52	-6,29	-6,6	5,7	77,7	0	5,9
934	14.09.2025 15:47:33,000	7,52	-6,29	-6,7	5,6	77,6	0	5,9
935	14.09.2025 15:47:34,000	7,52	-6,29	-6,7	5,7	77,6	0	5,9
936	14.09.2025 15:47:35,000	7,52	-6,29	-6,7	5,6	77,7	0	5,9
937	14.09.2025 15:47:36,000	7,52	-6,29	-6,7	5,6	77,6	0	5,9
938	14.09.2025 15:47:37,000	7,52	-6,29	-6,7	5,6	77,7	0	5,9
939	14.09.2025 15:47:38,000	7,48	-6,29	-6,7	5,7	77,7	0	5,9
940	14.09.2025 15:47:39,000	7,48	-6,29	-6,7	5,6	77,7	0	5,9
941	14.09.2025 15:47:40,000	7,48	-6,29	-6,7	5,7	77,6	0	6,0
942	14.09.2025 15:47:41,000	7,48	-6,29	-6,7	5,7	77,6	0	6,0
943	14.09.2025 15:47:42,000	7,48	-6,29	-6,8	5,7	77,6	0	5,9
944	14.09.2025 15:47:43,000	7,45	-6,29	-6,7	5,7	77,7	0	5,9
945	14.09.2025 15:47:44,000	7,45	-6,29	-6,7	5,7	77,7	0	5,9
946	14.09.2025 15:47:45,000	7,45	-6,29	-6,7	5,7	77,6	0	6,0
947	14.09.2025 15:47:46,000	7,45	-6,29	-6,7	5,6	77,7	0	5,9
948	14.09.2025 15:47:47,000	7,45	-6,29	-6,7	5,7	77,6	0	6,0
949	14.09.2025 15:47:48,000	7,41	-6,29	-6,7	5,6	77,7	0	5,9
950	14.09.2025 15:47:49,000	7,41	-6,29	-6,7	5,7	77,6	0	6,0
951	14.09.2025 15:47:50,000	7,41	-6,29	-6,7	5,7	77,7	0	5,9
952	14.09.2025 15:47:51,000	7,41	-6,29	-6,7	5,6	77,7	0	5,9
953	14.09.2025 15:47:52,000	7,41	-6,29	-6,7	5,7	77,7	0	5,9
954	14.09.2025 15:47:53,000	7,38	-6,29	-6,7	5,7	77,6	0	6,0
955	14.09.2025 15:47:54,000	7,38	-6,29	-6,7	5,7	77,6	0	6,0
956	14.09.2025 15:47:55,000	7,38	-6,29	-6,7	5,7	77,6	0	6,0
957	14.09.2025 15:47:56,000	7,38	-6,29	-6,7	5,6	77,7	0	5,9
958	14.09.2025 15:47:57,000	7,38	-6,29	-6,7	5,7	77,7	0	6,0
959	14.09.2025 15:47:58,000	7,38	-6,29	-6,7	5,7	77,6	0	5,9
960	14.09.2025 15:47:59,000	7,38	-6,29	-6,7	5,7	77,6	0	6,0
961	14.09.2025 15:48:00,000	7,34	-6,29	-6,7	5,7	77,6	0	6,0
962	14.09.2025 15:48:01,000	7,34	-6,29	-6,7	5,6	77,7	0	5,9
963	14.09.2025 15:48:02,000	7,34	-6,29	-6,7	5,7	77,7	0	5,9
964	14.09.2025 15:48:03,000	7,34	-6,29	-6,7	5,7	77,6	0	6,0
965	14.09.2025 15:48:04,000	7,34	-6,29	-6,7	5,6	77,6	0	5,9
966	14.09.2025 15:48:05,000	7,34	-6,29	-6,7	5,7	77,6	0	6,0
967	14.09.2025 15:48:06,000	7,34	-6,29	-6,7	5,7	77,6	0	6,0
968	14.09.2025 15:48:07,000	7,34	-6,29	-6,7	5,7	77,6	0	5,9
969	14.09.2025 15:48:08,000	7,31	-6,29	-6,7	5,7	77,6	0	5,9
970	14.09.2025 15:48:09,000	7,31	-6,29	-6,7	5,3	78,0	0	5,6
971	14.09.2025 15:48:10,000	7,31	-6,29	-7,0	5,1	77,8	0	5,4
972	14.09.2025 15:48:11,000	7,31	-6,29	-6,8	5,1	78,2	0	5,3
973	14.09.2025 15:48:12,000	7,31	-6,29	-6,8	5,1	78,2	0	5,3
974	14.09.2025 15:48:13,000	7,31	-6,29	-6,7	5,1	78,2	0	5,4
975	14.09.2025 15:48:14,000	7,31	-6,29	-6,8	5,1	78,1	0	5,3
976	14.09.2025 15:48:15,000	7,31	-6,29	-6,7	5,1	78,1	0	5,3
977	14.09.2025 15:48:16,000	7,28	-6,29	-6,7	5,1	78,1	0	5,4
978	14.09.2025 15:48:17,000	7,28	-6,29	-6,7	5,1	78,1	0	5,4
979	14.09.2025 15:48:18,000	7,28	-6,29	-6,6	5,3	78,2	0	5,5
980	14.09.2025 15:48:19,000	7,24	-6,29	-6,4	5,7	77,9	0	6,0
981	14.09.2025 15:48:20,000	7,24	-6,29	-6,5	5,7	77,9	0	5,9
982	14.09.2025 15:48:21,000	7,24	-6,29	-2,9	8,5	78,6	0	8,7
983	14.09.2025 15:48:22,000	7,24	-6,29	-3,7	11,6	74,8	0	12,0
984	14.09.2025 15:48:23,000	7,21	-6,29	-4,3	11,2	74,5	0	11,7
985	14.09.2025 15:48:24,000	7,21	-6,29	-4,3	11,3	74,4	0	11,8
986	14.09.2025 15:48:25,000	7,21	-6,29	-4,9	12,3	72,8	0	12,9
987	14.09.2025 15:48:26,000	7,21	-6,29	-4,5	12,3	73,2	0	12,9
988	14.09.2025 15:48:27,000	7,21	-6,29	-7,4	9,0	73,6	0	9,6
989	14.09.2025 15:48:28,000	7,17	-6,29	-4,9	9,5	75,6	0	10,0
990	14.09.2025 15:48:29,000	7,17	-6,29	-5,1	9,8	75,1	0	10,3
991	14.09.2025 15:48:30,000	7,17	-6,29	-3,5	7,9	78,6	0	8,2
992	14.09.2025 15:48:31,000	7,17	-6,29	-4,1	8,4	77,6	0	8,7
993	14.09.2025 15:48:32,000	7,14	-6,29	-4,2	9,4	76,4	0	9,8
994	14.09.2025 15:48:33,000	7,14	-6,29	-4,0	10,8	75,2	0	11,2
995	14.09.2025 15:48:34,000	7,14	-6,29	-3,6	10,3	76,1	0	10,7
996	14.09.2025 15:48:35,000	7,14	-6,29	-3,7	10,2	76,1	0	10,6
997	14.09.2025 15:48:36,000	7,14	-6,29	-3,7	10,0	76,2	0	10,4
998	14.09.2025 15:48:37,000	7,10	-6,29	-3,8	9,8	76,4	0	10,2
999	14.09.2025 15:48:38,000	7,10	-6,29	-1,7	1,8	86,6	0	1,8
1000	14.09.2025 15:48:39,000	7,10	-6,29	-1,1	-6,3	82,6	0	-6,4
1001	14.09.2025 15:48:40,000	7,10	-6,29	6,2	-4,2	79,6	0	-4,3
1002	14.09.2025 15:48:41,000	7,10	-6,29	18,2	-7,0	64,8	0	-7,9
1003	14.09.2025 15:48:42,000	7,07	-6,29	16,0	4,0	70,0	0	4,4
1004	14.09.2025 15:48:43,000	7,03	-6,29	16,8	-3,9	69,3	0	-4,2
1005	14.09.2025 15:48:44,000	7,00	-6,29	36,9	-14,0	39,1	0	-21,3
1006	14.09.2025 15:48:45,000	6,96	-6,29	63,1	-6,2	20,7	0	-21,3
1007	14.09.2025 15:48:46,000	6,96	-6,29	51,6	-7,8	30,7	0	-14,9
1008	14.09.2025 15:48:47,000	6,89	-6,29	34,3	-7,8	47,9	1	-10,5
1009	14.09.2025 15:48:48,000	6,86	-6,29	13,4	0,5	76,1	1	0,5
1010	14.09.2025 15:48:49,000	6,82	-6,29	-15,0	47,4	27,7	1	57,1
1011	14.09.2025 15:48:50,000	6,72	-6,29	9,5	17,4	63,1	0	19,2
1012	14.09.2025 15:48:51,000	6,65	-6,29	6,3	12,3	71,4	0	13,0
1013	14.09.2025 15:48:52,000	6,58	-6,29	15,5	23,2	51,3	0	27,5
1014	14.09.2025 15:48:53,000	6,54	-6,29	11,1	32,6	46,3	0	37,1
1015	14.09.2025 15:48:54,000	6,51	-6,29	12,2	39,8	38,0	0	46,1
1016	14.09.2025 15:48:55,000	6,47	-6,29	27,3	39,3	23,4	0	57,3
1017	14.09.2025 15:48:56,000	6,47	-6,29	41,8	33,3	15,0	0	64,5
1018	14.09.2025 15:48:57,000	6,44	-6,29	54,5	27,0	8,5	0	71,8
1019	14.09.2025 15:48:58,000	6,44	-6,29	60,7	25,2	4,1	0	80,4
1020	14.09.2025 15:48:59,000	6,44	-6,29	61,4	25,6	2,9	1	83,2
1021	14.09.2025 15:49:00,000	6,40	-6,29	58,2	25,4	6,4	0	75,4
1022	14.09.2025 15:49:01,000	6,40	-6,29	54,0	26,0	9,9	0	68,4
1023	14.09.2025 15:49:02,000	6,37	-6,29	47,0	30,1	12,9	0	65,7
1024	14.09.2025 15:49:03,000	6,37	-6,29	42,1	33,8	14,1	1	66,1
1025	14.09.2025 15:49:04,000	6,33	-6,29	51,2	31,7	7,1	0	76,7
1026	14.09.2025 15:49:05,000	6,30	-6,29	62,5	25,7	1,8	0	85,9
1027	14.09.2025 15:49:06,000	6,26	-6,29	51,2	32,3	6,5	0	78,0
1028	14.09.2025 15:49:07,000	6,23	-6,29	58,7	26,8	4,5	0	80,0
1029	14.09.2025 15:49:08,000	6,23	-6,29	52,1	29,9	7,9	0	74,4
1030	14.09.2025 15:49:09,000	6,19	-6,29	36,5	50,5	3,0	0	86,1
1031	14.09.2025 15:49:10,000	6,16	-6,29	34,7	49,0	6,3	0	81,5
1032	14.09.2025 15:49:11,000	6,16	-6,29	36,2	45,3	8,4	0	78,1
1033	14.09.2025 15:49:12,000	6,12	-6,29	35,4	42,7	11,9	0	72,8
1034	14.09.2025 15:49:13,000	6,12	-6,29	33,0	42,8	14,2	0	69,7
1035	14.09.2025 15:49:14,000	6,12	-6,29	32,7	40,0	17,2	0	64,8
1036	14.09.2025 15:49:15,000	6,08	-6,29	34,7	38,1	17,2	0	64,0
1037	14.09.2025 15:49:16,000	6,05	-6,29	34,7	33,9	21,4	0	56,4
1038	14.09.2025 15:49:17,000	6,01	-6,29	33,2	34,4	22,4	0	55,6
1039	14.09.2025 15:49:18,000	5,98	-6,29	32,9	34,7	22,4	0	55,9
1040	14.09.2025 15:49:19,000	5,94	-6,29	33,0	34,7	22,4	0	55,9
1041	14.09.2025 15:49:20,000	5,94	-6,29	32,9	34,8	22,4	0	55,9
1042	14.09.2025 15:49:21,000	5,94	-6,29	34,1	31,8	24,1	0	51,9
1043	14.09.2025 15:49:22,000	5,91	-6,29	35,0	29,7	25,3	0	49,0
1044	14.09.2025 15:49:23,000	5,91	-6,29	34,6	30,6	24,8	0	50,4
1045	14.09.2025 15:49:24,000	5,91	-6,29	35,1	31,4	23,6	0	52,3
1046	14.09.2025 15:49:25,000	5,91	-6,29	32,7	32,4	24,8	0	51,7
1047	14.09.2025 15:49:26,000	5,91	-6,29	33,4	31,9	24,7	0	51,5
1048	14.09.2025 15:49:27,000	5,91	-6,29	35,8	29,8	24,4	0	50,1
1049	14.09.2025 15:49:28,000	5,91	-6,29	35,4	30,0	24,5	0	50,1
1050	14.09.2025 15:49:29,000	5,91	-6,29	33,7	30,6	25,7	0	49,5
1051	14.09.2025 15:49:30,000	5,91	-6,29	36,4	27,2	26,4	0	45,8
1052	14.09.2025 15:49:31,000	5,94	-6,29	33,4	25,0	31,6	1	39,1
1053	14.09.2025 15:49:32,000	5,94	-6,29	39,3	26,1	24,6	0	46,6
1054	14.09.2025 15:49:33,000	5,94	-6,29	36,2	32,3	21,5	0	55,2
1055	14.09.2025 15:49:34,000	6,01	-6,29	37,1	32,9	20,0	0	57,5
1056	14.09.2025 15:49:35,000	6,12	-6,29	43,6	26,1	20,3	0	51,5
1057	14.09.2025 15:49:36,000	6,23	-6,29	48,7	24,2	17,1	0	54,3
1058	14.09.2025 15:49:37,000	6,40	-6,29	69,2	16,5	4,3	0	54,3
1059	14.09.2025 15:49:38,000	6,58	-6,29	74,4	13,6	-2,0	0	54,3
1060	14.09.2025 15:49:39,000	6,79	-6,29	67,5	8,9	13,6	0	54,3
1061	14.09.2025 15:49:40,000	7,00	-6,29	76,3	10,8	-2,9	0	54,3
1062	14.09.2025 15:49:41,000	7,14	-6,29	67,3	10,4	12,3	0	54,3
1063	14.09.2025 15:49:42,000	7,31	-6,29	77,5	9,1	-3,3	0	54,3
1064	14.09.2025 15:49:43,000	7,52	-6,29	63,7	9,9	16,4	0	54,3
1065	14.09.2025 15:49:44,000	7,72	-6,29	60,4	14,0	15,5	0	54,3
1066	14.09.2025 15:49:45,000	7,93	-6,29	67,2	14,4	8,4	0	54,3
1067	14.09.2025 15:49:46,000	8,17	-6,29	69,7	12,9	7,4	0	54,3
1068	14.09.2025 15:49:47,000	8,44	-6,29	58,2	14,0	17,8	0	38,3
1069	14.09.2025 15:49:48,000	8,71	-6,29	43,3	7,7	39,0	0	12,2
1070	14.09.2025 15:49:49,000	8,91	-6,29	45,0	6,7	38,3	0	10,7
1071	14.09.2025 15:49:50,000	9,08	-6,29	43,6	4,5	41,9	0	6,7
1072	14.09.2025 15:49:51,000	9,21	-6,29	40,2	1,1	48,7	0	1,5
1073	14.09.2025 15:49:52,000	9,38	-6,29	37,0	-2,1	50,9	0	-2,7
1074	14.09.2025 15:49:53,000	9,61	-6,29	38,2	0,4	51,4	0	0,5
1075	14.09.2025 15:49:54,000	10,01	-6,29	38,3	-0,7	51,0	0	-0,8
1076	14.09.2025 15:49:55,000	10,47	-6,29	36,4	0,4	53,2	0	0,5
1077	14.09.2025 15:49:56,000	10,86	-6,29	36,2	-0,5	53,3	0	-0,6
1078	14.09.2025 15:49:57,000	11,15	-6,29	36,4	1,7	51,8	0	2,2
1079	14.09.2025 15:49:58,000	11,37	-6,29	39,2	3,3	47,5	0	4,5
1080	14.09.2025 15:49:59,000	11,57	-6,29	40,2	6,0	43,9	0	8,6
1081	14.09.2025 15:50:00,000	11,73	-6,29	41,2	8,7	40,1	0	13,4
1082	14.09.2025 15:50:01,000	11,82	-6,29	41,2	11,8	37,0	0	19,1
1083	14.09.2025 15:50:02,000	11,85	-6,29	42,2	9,0	38,8	0	14,2
1084	14.09.2025 15:50:03,000	12,01	-6,29	41,6	4,5	43,9	0	6,5
1085	14.09.2025 15:50:04,000	12,11	-6,29	31,7	16,3	42,0	0	23,2
1086	14.09.2025 15:50:05,000	12,21	-6,29	36,4	13,2	40,5	0	19,7
1087	14.09.2025 15:50:06,000	12,27	-6,29	35,2	13,0	41,8	0	19,0
1088	14.09.2025 15:50:07,000	12,33	-6,29	37,6	12,9	39,5	0	19,7
1089	14.09.2025 15:50:08,000	12,33	-6,29	36,9	14,2	38,9	0	21,8
1090	14.09.2025 15:50:09,000	12,33	-6,29	37,8	14,1	38,1	0	22,0
1091	14.09.2025 15:50:10,000	12,36	-6,29	39,7	14,7	35,6	0	23,8
1092	14.09.2025 15:50:11,000	12,46	-6,29	39,7	15,9	34,4	0	26,2
1093	14.09.2025 15:50:12,000	12,59	-6,29	40,7	16,2	33,1	0	27,3
1094	14.09.2025 15:50:13,000	12,71	-6,29	42,5	15,6	31,9	0	27,2
1095	14.09.2025 15:50:14,000	12,84	-6,29	41,4	16,3	32,3	0	28,0
1096	14.09.2025 15:50:15,000	12,93	-6,29	41,6	16,0	32,5	0	27,5
1097	14.09.2025 15:50:16,000	13,06	-6,29	41,2	16,9	31,9	0	29,1
1098	14.09.2025 15:50:17,000	13,12	-6,29	39,8	16,3	33,9	0	27,0
1099	14.09.2025 15:50:18,000	13,18	-6,29	41,2	15,0	33,8	0	25,3
1100	14.09.2025 15:50:19,000	13,22	-6,29	41,9	14,9	33,2	0	25,4
1101	14.09.2025 15:50:20,000	13,28	-6,29	40,9	14,8	34,3	0	24,7
1102	14.09.2025 15:50:21,000	13,37	-6,29	40,2	14,6	35,2	0	24,0
1103	14.09.2025 15:50:22,000	13,47	-6,29	41,8	13,6	34,6	0	22,9
1104	14.09.2025 15:50:23,000	13,59	-6,29	41,5	13,1	35,4	0	21,7
1105	14.09.2025 15:50:24,000	13,62	-6,29	41,1	13,2	35,7	0	21,7
1106	14.09.2025 15:50:25,000	13,65	-6,29	40,4	12,3	37,3	0	19,6
1107	14.09.2025 15:50:26,000	13,72	-6,29	40,2	11,7	38,0	0	18,6
1108	14.09.2025 15:50:27,000	13,78	-6,29	38,4	10,7	40,9	0	16,1
1109	14.09.2025 15:50:28,000	13,81	-6,29	36,5	11,6	41,9	0	17,0
1110	14.09.2025 15:50:29,000	13,81	-6,29	38,5	9,2	42,3	0	13,6
1111	14.09.2025 15:50:30,000	13,84	-6,29	37,7	10,6	41,6	0	15,8
1112	14.09.2025 15:50:31,000	13,87	-6,29	36,1	11,4	42,5	0	16,7
1113	14.09.2025 15:50:32,000	13,93	-6,29	35,4	13,9	40,7	0	20,6
1114	14.09.2025 15:50:33,000	14,00	-6,29	35,8	16,3	37,9	0	24,9
1115	14.09.2025 15:50:34,000	14,03	-6,29	34,6	16,2	39,2	0	24,3
1116	14.09.2025 15:50:35,000	14,06	-6,29	32,6	16,7	40,7	0	24,3
1117	14.09.2025 15:50:36,000	14,09	-6,29	31,3	13,5	45,3	0	18,6
1118	14.09.2025 15:50:37,000	14,21	-6,29	29,7	13,0	47,2	0	17,5
1119	14.09.2025 15:50:38,000	14,28	-6,29	28,9	9,4	51,7	0	12,1
1120	14.09.2025 15:50:39,000	14,40	-6,29	28,5	6,3	55,2	0	7,8
1121	14.09.2025 15:50:40,000	14,49	-6,29	27,8	5,1	57,1	0	6,2
1122	14.09.2025 15:50:41,000	14,55	-6,29	27,3	4,0	58,7	0	4,8
1123	14.09.2025 15:50:42,000	14,58	-6,29	27,3	2,5	60,2	0	2,9
1124	14.09.2025 15:50:43,000	14,65	-6,29	27,2	3,3	59,5	0	3,9
1125	14.09.2025 15:50:44,000	14,68	-6,29	27,8	3,0	59,2	0	3,6
1126	14.09.2025 15:50:45,000	14,74	-6,29	27,3	1,9	60,8	0	2,2
1127	14.09.2025 15:50:46,000	14,77	-6,29	26,2	1,4	62,5	0	1,6
1128	14.09.2025 15:50:47,000	14,83	-6,29	27,3	0,8	61,9	0	0,9
1129	14.09.2025 15:50:48,000	14,86	-6,29	33,0	3,4	53,6	0	4,2
1130	14.09.2025 15:50:49,000	14,89	-6,29	30,9	-2,2	56,9	0	-2,7
1131	14.09.2025 15:50:50,000	14,89	-6,29	34,7	0,3	55,0	0	0,3
1132	14.09.2025 15:50:51,000	14,92	-6,29	27,7	-5,1	57,2	0	-6,2
1133	14.09.2025 15:50:52,000	14,95	-6,29	32,6	-0,6	56,8	0	-0,8
1134	14.09.2025 15:50:53,000	15,01	-6,29	29,1	-3,5	57,4	0	-4,2
1135	14.09.2025 15:50:54,000	15,05	-6,29	26,8	-8,7	54,5	0	-10,8
1136	14.09.2025 15:50:55,000	15,08	-6,29	37,6	-0,7	51,7	0	-0,9
1137	14.09.2025 15:50:56,000	15,11	-6,29	38,3	-0,8	50,9	0	-1,1
1138	14.09.2025 15:50:57,000	15,14	-6,29	32,5	-6,7	50,8	0	-8,7
1139	14.09.2025 15:50:58,000	15,17	-6,29	37,6	-2,5	49,9	0	-3,3
1140	14.09.2025 15:50:59,000	15,20	-6,29	37,5	-2,1	50,3	0	-2,8
1141	14.09.2025 15:51:00,000	15,23	-6,29	36,1	-1,6	52,3	0	-2,0
1142	14.09.2025 15:51:01,000	15,26	-6,29	28,6	-8,2	53,2	0	-10,3
1143	14.09.2025 15:51:02,000	15,26	-6,29	29,5	-8,7	51,8	0	-11,1
1144	14.09.2025 15:51:03,000	15,29	-6,29	39,3	2,7	48,0	1	3,7
1145	14.09.2025 15:51:04,000	15,32	-6,29	32,0	3,5	54,5	0	4,4
1146	14.09.2025 15:51:05,000	15,35	-6,29	38,7	2,2	49,1	0	2,9
1147	14.09.2025 15:51:06,000	15,41	-6,29	30,1	-5,2	54,7	0	-6,4
1148	14.09.2025 15:51:07,000	15,44	-6,29	29,6	-3,3	57,1	0	-3,9
1149	14.09.2025 15:51:08,000	15,50	-6,29	28,4	-3,2	58,4	0	-3,8
1150	14.09.2025 15:51:09,000	15,57	-6,29	28,2	-2,3	59,4	0	-2,7
1151	14.09.2025 15:51:10,000	15,60	-6,29	27,2	-2,2	60,6	0	-2,6
1152	14.09.2025 15:51:11,000	15,66	-6,29	26,3	-2,8	60,9	0	-3,2
1153	14.09.2025 15:51:12,000	15,69	-6,29	28,7	-4,2	57,2	0	-5,0
1154	14.09.2025 15:51:13,000	15,72	-6,29	28,9	-1,5	59,6	0	-1,8
1155	14.09.2025 15:51:14,000	15,75	-6,29	33,2	8,4	48,4	1	11,3
1156	14.09.2025 15:51:15,000	15,81	-6,29	27,0	0,4	62,5	0	0,5
1157	14.09.2025 15:51:16,000	15,81	-6,29	27,5	2,2	60,3	0	2,5
1158	14.09.2025 15:51:17,000	15,84	-6,29	22,6	4,3	63,2	0	4,9
1159	14.09.2025 15:51:18,000	15,90	-6,29	22,9	2,8	64,3	0	3,1
1160	14.09.2025 15:51:19,000	15,93	-6,29	27,7	5,3	57,0	0	6,5
1161	14.09.2025 15:51:20,000	15,96	-6,29	28,8	10,7	50,5	0	13,9
1162	14.09.2025 15:51:21,000	15,99	-6,29	25,0	8,9	56,1	0	10,9
1163	14.09.2025 15:51:22,000	16,02	-6,29	20,0	1,3	68,8	0	1,4
1164	14.09.2025 15:51:23,000	16,05	-6,29	27,0	1,8	61,2	0	2,1
1165	14.09.2025 15:51:24,000	16,08	-6,29	27,5	2,7	59,8	0	3,1
1166	14.09.2025 15:51:25,000	16,14	-6,29	21,2	-0,5	68,4	0	-0,5
1167	14.09.2025 15:51:26,000	16,17	-6,29	18,8	-4,3	67,0	0	-4,7
1168	14.09.2025 15:51:27,000	16,20	-6,29	27,6	-0,6	61,8	0	-0,7
1169	14.09.2025 15:51:28,000	16,23	-6,29	25,9	2,3	61,8	0	2,6
1170	14.09.2025 15:51:29,000	16,27	-6,29	26,7	3,0	60,3	0	3,5
1171	14.09.2025 15:51:30,000	16,30	-6,29	25,5	-0,1	64,4	0	-0,1
1172	14.09.2025 15:51:31,000	16,30	-6,29	24,9	-1,5	63,6	0	-1,7
1173	14.09.2025 15:51:32,000	16,33	-6,29	23,4	0,8	65,8	0	0,9
1174	14.09.2025 15:51:33,000	16,33	-6,29	25,9	4,4	59,7	0	5,2
1175	14.09.2025 15:51:34,000	16,36	-6,29	21,4	5,1	63,5	0	5,8
1176	14.09.2025 15:51:35,000	16,39	-6,29	27,0	9,3	53,6	1	11,7
1177	14.09.2025 15:51:36,000	16,42	-6,29	23,3	7,5	59,3	0	8,8
1178	14.09.2025 15:51:37,000	16,42	-6,29	20,3	7,1	62,6	0	8,1
1179	14.09.2025 15:51:38,000	16,45	-6,29	23,2	6,7	60,0	0	7,9
1180	14.09.2025 15:51:39,000	16,48	-6,29	21,3	0,0	68,7	0	0,0
1181	14.09.2025 15:51:40,000	16,51	-6,29	22,9	1,6	65,5	0	1,7
1182	14.09.2025 15:51:41,000	16,54	-6,29	30,7	10,0	49,3	1	13,3
1183	14.09.2025 15:51:42,000	16,57	-6,29	23,2	0,9	66,0	1	0,9
1184	14.09.2025 15:51:43,000	16,57	-6,29	25,6	9,7	54,7	0	12,1
1185	14.09.2025 15:51:44,000	16,60	-6,29	27,0	1,9	61,1	1	2,2
1186	14.09.2025 15:51:45,000	16,63	-6,29	21,0	1,4	67,6	0	1,6
1187	14.09.2025 15:51:46,000	16,63	-6,29	18,8	0,8	70,4	0	0,8
1188	14.09.2025 15:51:47,000	16,63	-6,29	23,4	2,0	64,6	0	2,2
1189	14.09.2025 15:51:48,000	16,66	-6,29	23,9	11,1	55,0	0	13,6
1190	14.09.2025 15:51:49,000	16,69	-6,29	22,8	11,1	56,1	0	13,5
1191	14.09.2025 15:51:50,000	16,72	-6,29	20,7	11,1	58,2	0	13,3
1192	14.09.2025 15:51:51,000	16,75	-6,29	25,2	12,6	52,2	0	15,9
1193	14.09.2025 15:51:52,000	16,78	-6,29	22,5	9,7	57,8	0	11,7
1194	14.09.2025 15:51:53,000	16,78	-6,29	19,7	15,0	55,3	0	18,1
1195	14.09.2025 15:51:54,000	16,81	-6,29	24,9	13,1	51,9	0	16,6
1196	14.09.2025 15:51:55,000	16,84	-6,29	33,5	11,8	44,7	1	16,6
1197	14.09.2025 15:51:56,000	16,84	-6,29	20,3	11,6	58,0	0	13,9
1198	14.09.2025 15:51:57,000	16,87	-6,29	23,3	9,7	57,0	0	11,8
1199	14.09.2025 15:51:58,000	16,90	-6,29	27,2	9,8	53,0	0	12,4
1200	14.09.2025 15:51:59,000	16,93	-6,29	24,5	12,9	52,6	0	16,1
1201	14.09.2025 15:52:00,000	16,96	-6,29	29,2	14,9	45,9	0	20,2
1202	14.09.2025 15:52:01,000	16,96	-6,29	24,5	14,8	50,7	0	18,8
1203	14.09.2025 15:52:02,000	16,99	-6,29	23,4	16,6	50,0	0	21,1
1204	14.09.2025 15:52:03,000	17,02	-6,29	12,2	13,7	64,0	0	15,4
1205	14.09.2025 15:52:04,000	17,05	-6,29	19,2	8,4	62,3	0	9,7
1206	14.09.2025 15:52:05,000	17,05	-6,29	23,4	19,2	47,4	0	24,8
1207	14.09.2025 15:52:06,000	17,08	-6,29	22,6	10,6	56,8	0	12,9
1208	14.09.2025 15:52:07,000	17,08	-6,29	24,2	11,0	54,8	0	13,6
1209	14.09.2025 15:52:08,000	17,08	-6,29	19,7	5,2	65,1	0	5,8
1210	14.09.2025 15:52:09,000	17,11	-6,29	24,0	3,8	62,2	0	4,3
1211	14.09.2025 15:52:10,000	17,14	-6,29	30,7	4,7	54,6	0	5,8
1212	14.09.2025 15:52:11,000	17,14	-6,29	29,7	6,0	54,3	0	7,4
1213	14.09.2025 15:52:12,000	17,14	-6,29	24,0	0,8	65,2	0	0,9
1214	14.09.2025 15:52:13,000	17,17	-6,29	22,6	5,1	62,3	0	5,9
1215	14.09.2025 15:52:14,000	17,20	-6,29	20,4	7,1	62,5	0	8,2
1216	14.09.2025 15:52:15,000	17,23	-6,29	22,3	3,6	64,1	0	4,0
1217	14.09.2025 15:52:16,000	17,23	-6,29	22,2	7,4	60,4	0	8,7
1218	14.09.2025 15:52:17,000	17,26	-6,29	21,5	12,7	55,9	0	15,4
1219	14.09.2025 15:52:18,000	17,29	-6,29	21,8	8,4	59,9	0	9,9
1220	14.09.2025 15:52:19,000	17,29	-6,29	24,0	6,6	59,4	0	7,8
1221	14.09.2025 15:52:20,000	17,32	-6,29	30,3	6,1	53,6	1	7,7
1222	14.09.2025 15:52:21,000	17,32	-6,29	26,8	6,8	56,5	0	8,2
1223	14.09.2025 15:52:22,000	17,32	-6,29	27,7	11,7	50,7	0	15,1
1224	14.09.2025 15:52:23,000	17,32	-6,29	21,0	6,4	62,7	0	7,3
1225	14.09.2025 15:52:24,000	17,32	-6,29	27,8	12,6	49,6	0	16,4
1226	14.09.2025 15:52:25,000	17,35	-6,29	22,5	1,2	66,3	0	1,3
1227	14.09.2025 15:52:26,000	17,38	-6,29	22,4	8,0	59,6	0	9,4
1228	14.09.2025 15:52:27,000	17,41	-6,29	22,3	0,8	66,9	0	0,8
1229	14.09.2025 15:52:28,000	17,44	-6,29	21,3	0,8	67,8	0	0,9
1230	14.09.2025 15:52:29,000	17,47	-6,29	32,3	15,2	42,4	0	21,7
1231	14.09.2025 15:52:30,000	17,47	-6,29	23,9	16,6	49,5	0	21,3
1232	14.09.2025 15:52:31,000	17,47	-6,29	18,5	14,9	56,6	0	17,7
1233	14.09.2025 15:52:32,000	17,50	-6,29	22,6	-2,3	65,1	0	-2,6
1234	14.09.2025 15:52:33,000	17,50	-6,29	31,3	-1,6	57,1	0	-1,9
1235	14.09.2025 15:52:34,000	17,50	-6,29	28,6	5,0	56,4	0	6,1
1236	14.09.2025 15:52:35,000	17,50	-6,29	27,5	7,1	55,4	0	8,8
1237	14.09.2025 15:52:36,000	17,53	-6,29	27,6	5,0	57,4	1	6,0
1238	14.09.2025 15:52:37,000	17,53	-6,29	25,1	14,2	50,7	0	18,1
1239	14.09.2025 15:52:38,000	17,53	-6,29	35,7	17,2	37,2	0	26,4
1240	14.09.2025 15:52:39,000	17,53	-6,29	26,7	29,4	33,9	0	41,6
1241	14.09.2025 15:52:40,000	17,53	-6,29	29,4	22,6	38,0	0	32,4
1242	14.09.2025 15:52:41,000	17,50	-6,29	50,8	14,0	25,2	0	29,7
1243	14.09.2025 15:52:42,000	17,53	-6,29	60,0	14,1	15,9	0	29,7
1244	14.09.2025 15:52:43,000	17,56	-6,29	59,8	14,1	16,1	0	29,7
1245	14.09.2025 15:52:44,000	17,59	-6,29	78,0	8,6	3,5	0	29,7
1246	14.09.2025 15:52:45,000	17,59	-6,29	74,5	8,3	7,2	0	29,7
1247	14.09.2025 15:52:46,000	17,59	-6,29	84,4	-2,6	3,0	1	29,7
1248	14.09.2025 15:52:47,000	17,59	-6,29	64,6	-20,0	5,4	0	29,7
1249	14.09.2025 15:52:48,000	17,59	-6,29	74,4	-7,5	8,1	0	29,7
1250	14.09.2025 15:52:49,000	17,56	-6,29	65,2	-3,0	21,8	1	29,7
1251	14.09.2025 15:52:50,000	17,50	-6,29	-2,3	-28,3	59,3	1	-29,1
1252	14.09.2025 15:52:51,000	17,44	-6,29	84,7	-5,0	0,3	0	-29,1
1253	14.09.2025 15:52:52,000	17,38	-6,29	64,8	-21,4	3,8	1	-29,1
1254	14.09.2025 15:52:53,000	17,32	-6,29	82,0	6,4	1,6	1	-29,1
1255	14.09.2025 15:52:54,000	17,29	-6,29	74,0	12,8	3,2	0	-29,1
1256	14.09.2025 15:52:55,000	17,26	-6,29	85,0	-0,9	4,1	0	-29,1
1257	14.09.2025 15:52:56,000	17,23	-6,29	83,0	4,5	2,5	1	-29,1
1258	14.09.2025 15:52:57,000	17,20	-6,29	83,6	2,5	3,8	0	-29,1
1259	14.09.2025 15:52:58,000	17,17	-6,29	74,6	11,1	4,2	0	-29,1
1260	14.09.2025 15:52:59,000	17,14	-6,29	82,0	-1,7	6,4	0	-29,1
1261	14.09.2025 15:53:00,000	17,11	-6,29	29,5	-4,0	56,5	0	-4,8
1262	14.09.2025 15:53:01,000	17,11	-6,29	-3,1	12,9	74,0	0	13,3
1263	14.09.2025 15:53:02,000	17,08	-6,29	-6,5	8,9	74,6	0	9,4
1264	14.09.2025 15:53:03,000	17,08	-6,29	-8,7	4,9	76,4	0	5,2
1265	14.09.2025 15:53:04,000	17,05	-6,29	-1,6	6,3	82,2	0	6,4
1266	14.09.2025 15:53:05,000	17,05	-6,29	2,5	7,8	79,8	0	8,0
1267	14.09.2025 15:53:06,000	17,02	-6,29	-10,5	11,0	68,5	0	12,1
1268	14.09.2025 15:53:07,000	17,02	-6,29	-5,9	7,6	76,5	0	8,0
1269	14.09.2025 15:53:08,000	16,99	-6,29	-3,5	7,1	79,4	0	7,3
1270	14.09.2025 15:53:09,000	16,99	-6,29	-1,2	6,2	82,7	0	6,2
1271	14.09.2025 15:53:10,000	16,96	-6,29	-0,8	8,8	80,4	0	8,9
1272	14.09.2025 15:53:11,000	16,96	-6,29	0,7	6,7	82,7	0	6,7
1273	14.09.2025 15:53:12,000	16,96	-6,29	0,4	7,8	81,8	0	7,9
1274	14.09.2025 15:53:13,000	16,93	-6,29	0,9	6,6	82,5	0	6,7
1275	14.09.2025 15:53:14,000	16,93	-6,29	2,0	4,7	83,4	0	4,7
1276	14.09.2025 15:53:15,000	16,90	-6,29	2,4	10,7	76,9	1	10,9
1277	14.09.2025 15:53:16,000	16,90	-6,29	-42,8	-10,8	-36,3	0	-162,2
1278	14.09.2025 15:53:17,000	16,90	-6,29	3,6	-8,4	-78,0	0	-171,3
1279	14.09.2025 15:53:18,000	16,87	-6,29	76,1	11,9	-2,0	1	-171,3
1280	14.09.2025 15:53:19,000	16,87	-6,29	35,7	34,5	19,8	0	58,8
1281	14.09.2025 15:53:20,000	16,84	-6,29	-24,0	58,8	-7,3	0	98,6
1282	14.09.2025 15:53:21,000	16,84	-6,29	-9,4	-9,0	-71,6	0	-170,3
1283	14.09.2025 15:53:22,000	16,84	-6,29	-5,8	-12,2	-72,0	0	-167,0
1284	14.09.2025 15:53:23,000	16,81	-6,29	-5,5	-13,1	-71,4	0	-166,1
1285	14.09.2025 15:53:24,000	16,81	-6,29	2,2	-45,3	-42,5	0	-133,6
1286	14.09.2025 15:53:25,000	16,78	-6,29	18,4	-35,1	-36,5	1	-135,9
1287	14.09.2025 15:53:26,000	16,78	-6,29	-12,8	-17,2	-60,0	1	-160,4
1288	14.09.2025 15:53:27,000	16,78	-6,29	48,8	-28,0	13,2	0	-63,9
1289	14.09.2025 15:53:28,000	16,78	-6,29	16,0	-46,6	27,4	0	-57,1
1290	14.09.2025 15:53:29,000	16,75	-6,29	32,9	-48,2	8,8	0	-78,1
1291	14.09.2025 15:53:30,000	16,75	-6,29	-3,4	-66,9	-19,8	1	-110,5
1292	14.09.2025 15:53:31,000	16,72	-6,29	-6,0	-63,3	-20,7	0	-112,1
1293	14.09.2025 15:53:32,000	16,72	-6,29	43,0	-8,2	38,8	1	-13,0
1294	14.09.2025 15:53:33,000	16,78	-6,29	-24,1	-31,7	34,2	0	-43,2
1295	14.09.2025 15:53:34,000	17,29	-6,29	6,6	-43,8	39,6	1	-47,3
1296	14.09.2025 15:53:35,000	17,53	-6,29	-49,3	-32,1	8,6	0	-74,2
1297	14.09.2025 15:53:36,000	17,68	-6,29	-16,1	-26,3	47,6	0	-31,5
1298	14.09.2025 15:53:37,000	17,74	-6,29	-3,9	-53,6	32,5	0	-56,0
1299	14.09.2025 15:53:38,000	17,74	-6,29	0,0	-59,5	30,5	1	-59,5
1300	14.09.2025 15:53:39,000	17,74	-6,29	-10,4	5,9	73,7	0	6,3
1301	14.09.2025 15:53:40,000	17,74	-6,29	-15,4	0,6	74,0	1	0,6
1302	14.09.2025 15:53:41,000	17,74	-6,29	26,5	-6,4	57,1	0	-7,7
1303	14.09.2025 15:53:42,000	17,74	-6,29	5,6	-9,4	74,9	1	-9,9
1304	14.09.2025 15:53:43,000	17,71	-6,29	24,5	17,8	47,7	1	23,1
1305	14.09.2025 15:53:44,000	17,71	-6,29	4,0	6,8	79,2	0	7,0
1306	14.09.2025 15:53:45,000	17,68	-6,29	13,9	42,5	-33,6	0	129,6
1307	14.09.2025 15:53:46,000	17,68	-6,29	-27,3	55,2	7,5	1	80,7
1308	14.09.2025 15:53:47,000	17,68	-6,29	22,0	37,5	-30,4	0	130,0
1309	14.09.2025 15:53:48,000	17,65	-6,29	21,7	41,6	-26,7	0	124,6
1310	14.09.2025 15:53:49,000	17,65	-6,29	15,0	54,8	-20,1	0	113,6
1311	14.09.2025 15:53:50,000	17,65	-6,29	7,7	80,1	2,2	0	87,7
1312	14.09.2025 15:53:51,000	17,65	-6,29	-33,7	37,8	-18,5	0	117,8
1313	14.09.2025 15:53:52,000	17,62	-6,29	-36,5	35,1	18,4	0	60,9
1314	14.09.2025 15:53:53,000	17,62	-6,29	-35,5	42,0	12,5	0	71,7
1315	14.09.2025 15:53:54,000	17,62	-6,29	-30,9	43,3	15,8	0	67,9
1316	14.09.2025 15:53:55,000	17,62	-6,29	-29,6	45,9	14,5	0	70,3
1317	14.09.2025 15:53:56,000	17,62	-6,29	-25,9	46,5	17,5	0	66,9
1318	14.09.2025 15:53:57,000	17,62	-6,29	-22,1	53,9	14,0	0	72,8
1319	14.09.2025 15:53:58,000	17,59	-6,29	-24,2	50,3	15,5	0	70,2
1320	14.09.2025 15:53:59,000	17,59	-6,29	-23,7	51,0	15,3	0	70,6
1321	14.09.2025 15:54:00,000	17,59	-6,29	-26,9	49,5	13,6	0	72,4
1322	14.09.2025 15:54:01,000	17,59	-6,29	-25,4	51,7	12,9	0	73,7
1323	14.09.2025 15:54:02,000	17,56	-6,29	-23,6	52,3	14,1	0	72,3
1324	14.09.2025 15:54:03,000	17,56	-6,29	-25,7	50,5	13,8	0	72,3
1325	14.09.2025 15:54:04,000	17,56	-6,29	-24,7	45,8	19,4	0	64,5
1326	14.09.2025 15:54:05,000	17,56	-6,29	-50,9	25,8	13,3	0	61,9
1327	14.09.2025 15:54:06,000	17,56	-6,29	-38,8	39,4	11,8	0	71,9
1328	14.09.2025 15:54:07,000	17,53	-6,29	-29,6	47,2	13,2	0	72,2
1329	14.09.2025 15:54:08,000	17,53	-6,29	-26,8	50,2	13,1	0	73,1
1330	14.09.2025 15:54:09,000	17,53	-6,29	-28,8	40,3	20,9	0	60,6
1331	14.09.2025 15:54:10,000	17,53	-6,29	-45,3	33,5	11,2	0	70,4
1332	14.09.2025 15:54:11,000	17,53	-6,29	-50,6	32,5	-6,8	0	102,6
1333	14.09.2025 15:54:12,000	17,53	-6,29	-57,2	32,7	0,2	0	89,7
1334	14.09.2025 15:54:13,000	17,50	-6,29	-59,3	29,5	1,2	0	87,6
1335	14.09.2025 15:54:14,000	17,50	-6,29	-59,1	28,0	3,0	0	83,7
1336	14.09.2025 15:54:15,000	17,50	-6,29	-59,7	25,0	5,3	0	77,6
1337	14.09.2025 15:54:16,000	17,50	-6,29	-41,1	37,7	11,2	0	72,1
1338	14.09.2025 15:54:17,000	17,47	-6,29	-22,3	49,1	18,5	1	66,5
1339	14.09.2025 15:54:18,000	17,47	-6,29	-1,2	51,9	36,9	0	52,6
1340	14.09.2025 15:54:19,000	17,47	-6,29	-2,3	55,4	32,4	0	56,8
1341	14.09.2025 15:54:20,000	17,47	-6,29	-14,9	46,2	28,9	0	55,7
1342	14.09.2025 15:54:21,000	17,47	-6,29	4,0	50,9	35,1	1	53,3
1343	14.09.2025 15:54:22,000	17,47	-6,29	-5,9	42,7	41,3	0	45,8
1344	14.09.2025 15:54:23,000	17,47	-6,29	1,1	49,3	39,6	0	49,9
1345	14.09.2025 15:54:24,000	17,47	-6,29	-10,8	57,1	22,1	1	65,2
1346	14.09.2025 15:54:25,000	17,44	-6,29	2,4	41,1	46,5	0	42,3
1347	14.09.2025 15:54:26,000	17,44	-6,29	-29,8	45,0	15,3	0	69,1
1348	14.09.2025 15:54:27,000	17,44	-6,29	-34,6	51,2	4,2	0	84,6
1349	14.09.2025 15:54:28,000	17,44	-6,29	-36,7	37,0	16,2	0	64,7
1350	14.09.2025 15:54:29,000	17,44	-6,29	-16,8	53,3	19,9	0	66,3
1351	14.09.2025 15:54:30,000	17,44	-6,29	-4,7	60,5	24,7	0	63,9
1352	14.09.2025 15:54:31,000	17,44	-6,29	-9,3	60,8	19,9	0	68,1
1353	14.09.2025 15:54:32,000	17,44	-6,29	-7,6	57,4	25,0	0	62,8
1354	14.09.2025 15:54:33,000	17,44	-6,29	-5,9	58,7	25,4	0	62,9
1355	14.09.2025 15:54:34,000	17,41	-6,29	-4,4	57,5	28,1	0	60,5
1356	14.09.2025 15:54:35,000	17,41	-6,29	0,3	45,9	43,9	0	46,0
1357	14.09.2025 15:54:36,000	17,41	-6,29	-7,8	33,4	48,8	0	36,5
1358	14.09.2025 15:54:37,000	17,41	-6,29	3,4	-5,9	80,7	1	-6,1
1359	14.09.2025 15:54:38,000	17,41	-6,29	-5,0	-14,4	70,6	0	-15,2
1360	14.09.2025 15:54:39,000	17,41	-6,29	-6,0	-14,0	70,0	0	-14,8
1361	14.09.2025 15:54:40,000	17,38	-6,29	-5,8	-14,1	70,1	0	-14,9
1362	14.09.2025 15:54:41,000	17,38	-6,29	-4,7	-14,3	71,0	0	-15,0
1363	14.09.2025 15:54:42,000	17,38	-6,29	-5,0	-13,6	71,3	0	-14,3
1364	14.09.2025 15:54:43,000	17,38	-6,29	-6,1	-14,3	69,6	0	-15,2
1365	14.09.2025 15:54:44,000	17,38	-6,29	-4,4	-13,7	72,0	0	-14,3
1366	14.09.2025 15:54:45,000	17,38	-6,29	-4,9	-13,6	71,5	0	-14,2
1367	14.09.2025 15:54:46,000	17,38	-6,29	-5,9	-13,4	70,7	0	-14,2
1368	14.09.2025 15:54:47,000	17,35	-6,29	-4,5	-13,4	72,1	0	-14,0
1369	14.09.2025 15:54:48,000	17,35	-6,29	-5,0	-13,0	72,0	0	-13,7
1370	14.09.2025 15:54:49,000	17,35	-6,29	-5,6	-13,2	71,3	0	-13,9
1371	14.09.2025 15:54:50,000	17,35	-6,29	-4,5	-12,7	72,8	0	-13,3
1372	14.09.2025 15:54:51,000	17,35	-6,29	-4,9	-12,9	72,1	0	-13,6
1373	14.09.2025 15:54:52,000	17,35	-6,29	-5,6	-13,1	71,3	0	-13,9
1374	14.09.2025 15:54:53,000	17,35	-6,29	-4,3	-13,0	72,7	0	-13,6
1375	14.09.2025 15:54:54,000	17,35	-6,29	-5,1	-13,4	71,5	0	-14,1
1376	14.09.2025 15:54:55,000	17,32	-6,29	-5,3	-13,0	71,7	0	-13,7
1377	14.09.2025 15:54:56,000	17,32	-6,29	-4,5	-13,1	72,4	0	-13,7
1378	14.09.2025 15:54:57,000	17,32	-6,29	-4,9	-12,9	72,2	0	-13,6
1379	14.09.2025 15:54:58,000	17,32	-6,29	-5,0	-12,6	72,5	0	-13,2
1380	14.09.2025 15:54:59,000	17,32	-6,29	-5,3	-12,6	72,0	0	-13,3
1381	14.09.2025 15:55:00,000	17,32	-6,29	-4,6	-12,7	72,7	0	-13,3
1382	14.09.2025 15:55:01,000	17,32	-6,29	-4,6	-12,5	72,9	0	-13,1
1383	14.09.2025 15:55:02,000	17,32	-6,29	-5,3	-12,5	72,2	0	-13,2
1384	14.09.2025 15:55:03,000	17,32	-6,29	-4,6	-12,7	72,7	0	-13,3
1385	14.09.2025 15:55:04,000	17,32	-6,29	-4,8	-12,5	72,8	0	-13,1
1386	14.09.2025 15:55:05,000	17,32	-6,29	-5,0	-12,2	72,8	0	-12,8
1387	14.09.2025 15:55:06,000	17,32	-6,29	-5,0	-12,6	72,4	0	-13,3
1388	14.09.2025 15:55:07,000	17,29	-6,29	-4,8	-12,1	73,2	0	-12,6
1389	14.09.2025 15:55:08,000	17,29	-6,29	-4,9	-12,5	72,7	0	-13,1
1390	14.09.2025 15:55:09,000	17,29	-6,29	-4,8	-12,8	72,4	0	-13,5
1391	14.09.2025 15:55:10,000	17,29	-6,29	-5,0	-11,7	73,3	0	-12,3
1392	14.09.2025 15:55:11,000	17,29	-6,29	-5,3	-12,7	72,0	0	-13,4
1393	14.09.2025 15:55:12,000	17,29	-6,29	-3,6	-12,1	74,4	0	-12,5
1394	14.09.2025 15:55:13,000	17,29	-6,29	-5,4	-12,3	72,3	0	-13,0
1395	14.09.2025 15:55:14,000	17,29	-6,29	-5,6	-12,1	72,4	0	-12,7
1396	14.09.2025 15:55:15,000	17,29	-6,29	-3,6	-11,9	74,5	0	-12,4
1397	14.09.2025 15:55:16,000	17,29	-6,29	-5,4	-12,2	72,4	0	-12,9
1398	14.09.2025 15:55:17,000	17,29	-6,29	-4,6	-12,1	73,3	0	-12,7
1399	14.09.2025 15:55:18,000	17,29	-6,29	-4,5	-11,9	73,6	0	-12,4
1400	14.09.2025 15:55:19,000	17,29	-6,29	-5,7	-12,2	72,1	0	-12,9
1401	14.09.2025 15:55:20,000	17,29	-6,29	-4,2	-11,8	74,0	0	-12,3
1402	14.09.2025 15:55:21,000	17,29	-6,29	-4,4	-12,1	73,5	0	-12,6
1403	14.09.2025 15:55:22,000	17,29	-6,29	-5,1	-12,3	72,5	0	-13,0
1404	14.09.2025 15:55:23,000	17,29	-6,29	-4,4	-11,5	74,1	0	-12,0
1405	14.09.2025 15:55:24,000	17,29	-6,29	-5,5	-12,0	72,5	0	-12,7
1406	14.09.2025 15:55:25,000	17,29	-6,29	-4,3	-11,9	73,8	0	-12,5
1407	14.09.2025 15:55:26,000	17,29	-6,29	-3,9	-12,0	74,1	0	-12,5
1408	14.09.2025 15:55:27,000	17,29	-6,29	-5,7	-11,8	72,6	0	-12,4
1409	14.09.2025 15:55:28,000	17,29	-6,29	-5,2	-11,9	73,0	0	-12,5
1410	14.09.2025 15:55:29,000	17,29	-6,29	-3,8	-12,2	74,0	0	-12,7
1411	14.09.2025 15:55:30,000	17,29	-6,29	-4,7	-12,0	73,2	0	-12,6
1412	14.09.2025 15:55:31,000	17,29	-6,29	-5,2	-12,0	72,8	0	-12,7
1413	14.09.2025 15:55:32,000	17,29	-6,29	-4,0	-11,6	74,4	0	-12,0
1414	14.09.2025 15:55:33,000	17,29	-6,29	-5,5	-12,0	72,6	0	-12,6
1415	14.09.2025 15:55:34,000	17,29	-6,29	-4,5	-11,6	73,9	0	-12,1
1416	14.09.2025 15:55:35,000	17,29	-6,29	-4,5	-12,1	73,4	0	-12,6
1417	14.09.2025 15:55:36,000	17,29	-6,29	-4,8	-11,9	73,2	0	-12,5
1418	14.09.2025 15:55:37,000	17,29	-6,29	-4,3	-11,4	74,3	0	-11,9
1419	14.09.2025 15:55:38,000	17,29	-6,29	-5,4	-11,9	72,8	0	-12,5
1420	14.09.2025 15:55:39,000	17,29	-6,29	-4,8	-11,8	73,4	0	-12,4
1421	14.09.2025 15:55:40,000	17,29	-6,29	-3,8	-11,6	74,6	0	-12,1
1422	14.09.2025 15:55:41,000	17,29	-6,29	-4,5	-11,6	73,9	0	-12,1
1423	14.09.2025 15:55:42,000	17,29	-6,29	-5,9	-11,3	72,8	0	-11,9
1424	14.09.2025 15:55:43,000	17,29	-6,29	-4,2	-11,6	74,2	0	-12,1
1425	14.09.2025 15:55:44,000	17,32	-6,29	-3,8	-11,8	74,4	0	-12,3
1426	14.09.2025 15:55:45,000	17,32	-6,29	-5,2	-11,5	73,2	0	-12,1
1427	14.09.2025 15:55:46,000	17,32	-6,29	-5,0	-12,1	72,9	0	-12,7
1428	14.09.2025 15:55:47,000	17,32	-6,29	-4,2	-11,8	74,0	0	-12,3
1429	14.09.2025 15:55:48,000	17,32	-6,29	-4,5	-11,6	73,9	0	-12,2
1430	14.09.2025 15:55:49,000	17,32	-6,29	-4,8	-11,9	73,2	0	-12,5
1431	14.09.2025 15:55:50,000	17,32	-6,29	-4,5	-11,3	74,1	0	-11,8
1432	14.09.2025 15:55:51,000	17,32	-6,29	-4,9	-11,6	73,5	0	-12,2
1433	14.09.2025 15:55:52,000	17,32	-6,29	-4,4	-12,1	73,5	0	-12,6
1434	14.09.2025 15:55:53,000	17,32	-6,29	2,8	3,4	83,9	0	3,5
1435	14.09.2025 15:55:54,000	17,32	-6,29	1,2	4,4	84,4	0	4,5
1436	14.09.2025 15:55:55,000	17,32	-6,29	1,4	4,3	84,4	0	4,3
1437	14.09.2025 15:55:56,000	17,32	-6,29	1,3	4,1	84,6	0	4,2
1438	14.09.2025 15:55:57,000	17,32	-6,29	1,6	4,1	84,3	0	4,1
1439	14.09.2025 15:55:58,000	17,32	-6,29	2,1	4,2	83,7	0	4,3
1440	14.09.2025 15:55:59,000	17,32	-6,29	1,5	2,6	86,0	0	2,6
1441	14.09.2025 15:56:00,000	17,32	-6,29	0,9	4,5	84,6	0	4,5
1442	14.09.2025 15:56:01,000	17,32	-6,29	5,2	11,6	73,2	0	12,2
1443	14.09.2025 15:56:02,000	17,32	-6,29	3,2	12,3	74,6	0	12,7
1444	14.09.2025 15:56:03,000	17,32	-6,29	2,8	13,0	74,2	0	13,4
1445	14.09.2025 15:56:04,000	17,35	-6,29	5,6	12,8	71,6	0	13,5
1446	14.09.2025 15:56:05,000	17,35	-6,29	3,5	12,0	74,5	0	12,4
1447	14.09.2025 15:56:06,000	17,35	-6,29	3,6	11,9	74,6	0	12,3
1448	14.09.2025 15:56:07,000	17,35	-6,29	4,2	11,9	73,9	0	12,4
1449	14.09.2025 15:56:08,000	17,35	-6,29	3,9	11,4	74,7	0	11,8
1450	14.09.2025 15:56:09,000	17,35	-6,29	4,2	11,6	74,3	0	12,1
1451	14.09.2025 15:56:10,000	17,35	-6,29	4,6	12,3	73,1	0	12,9
1452	14.09.2025 15:56:11,000	17,35	-6,29	2,9	11,8	75,3	0	12,1
1453	14.09.2025 15:56:12,000	17,35	-6,29	4,3	12,7	73,0	0	13,3
1454	14.09.2025 15:56:13,000	17,35	-6,29	4,7	11,7	73,6	0	12,2
1455	14.09.2025 15:56:14,000	17,35	-6,29	3,4	11,8	74,9	0	12,2
1456	14.09.2025 15:56:15,000	17,35	-6,29	4,0	11,9	74,1	0	12,4
1457	14.09.2025 15:56:16,000	17,35	-6,29	4,6	11,3	74,2	0	11,8
1458	14.09.2025 15:56:17,000	17,35	-6,29	3,6	11,8	74,7	0	12,2
1459	14.09.2025 15:56:18,000	17,35	-6,29	3,9	11,5	74,6	0	12,0
1460	14.09.2025 15:56:19,000	17,35	-6,29	4,5	11,4	74,2	0	11,9
1461	14.09.2025 15:56:20,000	17,38	-6,29	4,0	12,3	73,7	0	12,8
1462	14.09.2025 15:56:21,000	17,38	-6,29	3,8	12,0	74,3	0	12,4
1463	14.09.2025 15:56:22,000	17,38	-6,29	4,0	11,9	74,1	0	12,4
1464	14.09.2025 15:56:23,000	17,38	-6,29	3,8	11,8	74,4	0	12,2
1465	14.09.2025 15:56:24,000	17,38	-6,29	4,2	11,4	74,3	0	11,9
1466	14.09.2025 15:56:25,000	17,38	-6,29	4,5	11,2	74,3	0	11,7
1467	14.09.2025 15:56:26,000	17,38	-6,29	3,8	11,4	74,8	0	11,8
1468	14.09.2025 15:56:27,000	17,38	-6,29	3,5	11,5	75,1	0	11,9
1469	14.09.2025 15:56:28,000	17,38	-6,29	4,6	11,2	74,2	0	11,7
1470	14.09.2025 15:56:29,000	17,38	-6,29	4,3	11,2	74,5	0	11,6
1471	14.09.2025 15:56:30,000	17,38	-6,29	3,9	12,0	74,1	0	12,4
1472	14.09.2025 15:56:31,000	17,38	-6,29	3,3	11,2	75,5	0	11,6
1473	14.09.2025 15:56:32,000	17,38	-6,29	4,7	12,2	73,1	0	12,8
1474	14.09.2025 15:56:33,000	17,38	-6,29	4,2	11,5	74,4	0	12,0
1475	14.09.2025 15:56:34,000	17,38	-6,29	3,5	11,3	75,1	0	11,8
1476	14.09.2025 15:56:35,000	17,38	-6,29	4,3	12,0	73,7	0	12,5
1477	14.09.2025 15:56:36,000	17,38	-6,29	3,7	11,6	74,7	0	12,0
1478	14.09.2025 15:56:37,000	17,41	-6,29	4,3	11,9	73,9	0	12,4
1479	14.09.2025 15:56:38,000	17,41	-6,29	4,0	12,1	73,9	0	12,6
1480	14.09.2025 15:56:39,000	17,41	-6,29	3,7	11,8	74,5	0	12,2
1481	14.09.2025 15:56:40,000	17,41	-6,29	4,6	11,9	73,5	0	12,5
1482	14.09.2025 15:56:41,000	17,41	-6,29	3,6	12,1	74,3	0	12,6
1483	14.09.2025 15:56:42,000	17,41	-6,29	3,9	11,9	74,2	0	12,4
1484	14.09.2025 15:56:43,000	17,41	-6,29	4,4	11,3	74,3	0	11,8
1485	14.09.2025 15:56:44,000	17,41	-6,29	3,7	11,6	74,7	0	12,0
1486	14.09.2025 15:56:45,000	17,41	-6,29	4,3	12,0	73,7	0	12,6
1487	14.09.2025 15:56:46,000	17,41	-6,29	4,3	11,1	74,6	0	11,6
1488	14.09.2025 15:56:47,000	17,41	-6,29	3,1	12,3	74,5	0	12,7
1489	14.09.2025 15:56:48,000	17,41	-6,29	4,5	11,8	73,7	0	12,3
1490	14.09.2025 15:56:49,000	17,41	-6,29	4,0	11,7	74,3	0	12,2
1491	14.09.2025 15:56:50,000	17,41	-6,29	4,1	12,2	73,7	0	12,7
1492	14.09.2025 15:56:51,000	17,41	-6,29	3,9	11,7	74,5	0	12,1
1493	14.09.2025 15:56:52,000	17,44	-6,29	3,9	12,1	74,0	0	12,6
1494	14.09.2025 15:56:53,000	17,44	-6,29	4,1	11,6	74,3	0	12,1
1495	14.09.2025 15:56:54,000	17,44	-6,29	4,0	11,6	74,5	0	12,0
1496	14.09.2025 15:56:55,000	17,44	-6,29	4,2	12,0	73,8	0	12,5
1497	14.09.2025 15:56:56,000	17,44	-6,29	4,0	11,5	74,5	0	12,0
1498	14.09.2025 15:56:57,000	17,44	-6,29	4,4	11,8	73,8	0	12,3
1499	14.09.2025 15:56:58,000	17,44	-6,29	3,6	12,0	74,4	0	12,5
1500	14.09.2025 15:56:59,000	17,44	-6,29	3,9	11,9	74,1	0	12,4
1501	14.09.2025 15:57:00,000	17,44	-6,29	4,7	12,0	73,2	0	12,6
1502	14.09.2025 15:57:01,000	17,44	-6,29	3,3	11,9	74,8	0	12,3
1503	14.09.2025 15:57:02,000	17,44	-6,29	4,0	11,6	74,4	0	12,1
1504	14.09.2025 15:57:03,000	17,44	-6,29	4,8	11,3	73,8	0	11,9
1505	14.09.2025 15:57:04,000	17,44	-6,29	3,6	12,0	74,4	0	12,4
1506	14.09.2025 15:57:05,000	17,44	-6,29	3,5	11,5	75,0	0	11,9
1507	14.09.2025 15:57:06,000	17,44	-6,29	4,8	11,6	73,5	0	12,2
1508	14.09.2025 15:57:07,000	17,44	-6,29	4,1	11,7	74,3	0	12,1
1509	14.09.2025 15:57:08,000	17,47	-6,29	3,4	12,0	74,6	0	12,5
1510	14.09.2025 15:57:09,000	17,47	-6,29	4,4	11,9	73,6	0	12,5
1511	14.09.2025 15:57:10,000	17,47	-6,29	4,1	11,8	74,1	0	12,3
1512	14.09.2025 15:57:11,000	17,47	-6,29	3,5	12,1	74,4	0	12,5
1513	14.09.2025 15:57:12,000	17,47	-6,29	4,7	11,1	74,3	0	11,6
1514	14.09.2025 15:57:13,000	17,47	-6,29	4,1	11,8	74,1	0	12,3
1515	14.09.2025 15:57:14,000	17,47	-6,29	3,3	11,2	75,5	0	11,6
1516	14.09.2025 15:57:15,000	17,47	-6,29	4,9	11,4	73,7	0	12,0
1517	14.09.2025 15:57:16,000	17,47	-6,29	3,7	11,9	74,3	0	12,4
1518	14.09.2025 15:57:17,000	17,47	-6,29	3,6	11,5	74,9	0	11,9
1519	14.09.2025 15:57:18,000	17,47	-6,29	4,9	12,1	73,1	0	12,7
1520	14.09.2025 15:57:19,000	17,47	-6,29	3,7	11,6	74,8	0	12,0
1521	14.09.2025 15:57:20,000	17,47	-6,29	3,9	11,7	74,4	0	12,2
1522	14.09.2025 15:57:21,000	17,47	-6,29	4,0	11,9	74,1	0	12,4
1523	14.09.2025 15:57:22,000	17,47	-6,29	4,4	11,3	74,3	0	11,8
1524	14.09.2025 15:57:23,000	17,47	-6,29	3,6	10,9	75,5	0	11,3
1525	14.09.2025 15:57:24,000	17,50	-6,29	4,7	11,9	73,4	0	12,4
1526	14.09.2025 15:57:25,000	17,47	-6,29	4,1	11,7	74,2	0	12,2
1527	14.09.2025 15:57:26,000	17,50	-6,29	3,3	11,5	75,2	0	11,9
1528	14.09.2025 15:57:27,000	17,50	-6,29	4,6	11,8	73,5	0	12,4
1529	14.09.2025 15:57:28,000	17,50	-6,29	4,6	11,7	73,7	0	12,2
1530	14.09.2025 15:57:29,000	17,50	-6,29	3,3	11,4	75,3	0	11,8
1531	14.09.2025 15:57:30,000	17,50	-6,29	4,2	11,6	74,2	0	12,1
1532	14.09.2025 15:57:31,000	17,50	-6,29	4,5	11,2	74,3	0	11,7
1533	14.09.2025 15:57:32,000	17,50	-6,29	3,4	10,8	75,7	0	11,2
1534	14.09.2025 15:57:33,000	17,50	-6,29	4,5	11,1	74,3	0	11,7
1535	14.09.2025 15:57:34,000	17,50	-6,29	4,8	11,7	73,5	0	12,3
1536	14.09.2025 15:57:35,000	17,50	-6,29	3,0	11,0	76,0	0	11,3
1537	14.09.2025 15:57:36,000	17,50	-6,29	4,5	12,1	73,4	0	12,7
1538	14.09.2025 15:57:37,000	17,50	-6,29	4,3	11,3	74,5	0	11,7
1539	14.09.2025 15:57:38,000	17,50	-6,29	3,4	11,1	75,4	0	11,5
1540	14.09.2025 15:57:39,000	17,50	-6,29	5,0	11,3	73,7	0	11,9
1541	14.09.2025 15:57:40,000	17,50	-6,29	4,0	11,3	74,7	0	11,8
1542	14.09.2025 15:57:41,000	17,53	-6,29	3,2	10,9	76,0	0	11,2
1543	14.09.2025 15:57:42,000	17,53	-6,29	4,9	11,2	73,9	0	11,7
1544	14.09.2025 15:57:43,000	17,53	-6,29	-2,7	76,4	10,9	1	78,8
1545	14.09.2025 15:57:44,000	17,56	-6,29	-9,3	20,7	60,0	0	22,9
1546	14.09.2025 15:57:45,000	17,65	-6,29	-45,9	10,2	33,9	0	17,7
1547	14.09.2025 15:57:46,000	17,68	-6,29	-57,6	-8,0	24,5	0	-18,6
1548	14.09.2025 15:57:47,000	17,71	-6,29	-49,7	11,9	28,4	0	23,6
1549	14.09.2025 15:57:48,000	17,77	-6,29	-19,0	51,6	19,4	0	66,3
1550	14.09.2025 15:57:49,000	17,86	-6,29	-59,8	-0,6	29,6	1	-1,2
1551	14.09.2025 15:57:50,000	17,95	-6,29	-68,5	2,9	18,6	0	-1,2
1552	14.09.2025 15:57:51,000	17,98	-6,29	-57,9	13,3	18,7	1	35,7
1553	14.09.2025 15:57:52,000	17,98	-6,29	-57,9	20,2	12,0	0	58,9
1554	14.09.2025 15:57:53,000	17,95	-6,29	63,6	1,6	24,7	0	3,9
1555	14.09.2025 15:57:54,000	17,95	-6,29	29,3	23,0	37,8	0	33,0
1556	14.09.2025 15:57:55,000	17,98	-6,29	-12,0	43,7	34,3	0	50,5
1557	14.09.2025 15:57:56,000	18,04	-6,29	-6,7	39,7	43,6	0	42,9
1558	14.09.2025 15:57:57,000	18,10	-6,29	17,0	52,7	20,3	1	65,7
1559	14.09.2025 15:57:58,000	18,19	-6,29	-7,9	55,4	-26,7	0	119,2
1560	14.09.2025 15:57:59,000	18,22	-6,29	1,7	33,0	55,3	0	33,6
1561	14.09.2025 15:58:00,000	18,31	-6,29	0,6	89,1	0,3	0	89,7
1562	14.09.2025 15:58:01,000	18,37	-6,29	2,5	-16,9	70,6	1	-17,4
1563	14.09.2025 15:58:02,000	18,43	-6,29	-6,1	-13,8	-70,1	1	-165,3
1564	14.09.2025 15:58:03,000	18,46	-6,29	8,3	19,3	-62,5	0	159,0
1565	14.09.2025 15:58:04,000	18,52	-6,29	-2,6	79,6	7,8	0	82,0
1566	14.09.2025 15:58:05,000	18,60	-6,29	-76,0	-0,2	13,8	1	82,0
1567	14.09.2025 15:58:06,000	18,78	-6,29	-34,0	30,5	25,4	0	49,6
