#B	Created:	29.07.2025 17:07:02
##	Version	SeaStar	9.59
#5	Field separation:	0
#2	Date & Time:	1
#6	Decimal point:	,
#7	Date def.:	dd.mm.yyyy	.
#8	Time def.:	:
##	Axis	0	Temperature(°C)	clRed	FALSE
##	Axis	1	Pressure(Bar)	clBlue	FALSE
##	Axis	2	Angle(°)	clGreen	FALSE
##	Axis	3	EAL	clSkyBlue	FALSE
##	Axis	4	Roll(°)	$00404080	FALSE
##	Series	0	Temp(°C)	clRed	0	Temp(°C)	2
##	Series	1	Press(Bar)	clBlue	1	Press(Bar)	2
##	Series	2	Tilt-X(°)	clGreen	2	Tilt-X(°)	1
##	Series	3	Tilt-Y(°)	$00404080	2	Tilt-Y(°)	1
##	Series	4	Tilt-Z(°)	$00FF0080	2	Tilt-Z(°)	1
##	Series	5	EAL	clSkyBlue	3	EAL	0
##	Series	6	Roll(°)	$00404080	4	Roll(°)	1
##	Recorder	83	DST tilt	1177
##	Chart	83H1177DAT	
#D	Data:	1568	29.07.2025 16:40:00	29.07.2025 17:06:07
1	29.07.2025 16:40:00,000	25,66	0,01	64,2	25,4	-0,4	0	90,9
2	29.07.2025 16:40:01,000	25,66	0,01	63,3	24,8	1,9	0	85,4
3	29.07.2025 16:40:02,000	25,66	0,01	68,4	20,6	1,0	0	85,4
4	29.07.2025 16:40:03,000	25,66	-0,01	65,2	22,4	2,4	0	85,4
5	29.07.2025 16:40:04,000	25,66	-0,01	66,6	19,9	3,4	0	85,4
6	29.07.2025 16:40:05,000	25,66	-0,01	69,0	17,7	3,3	0	85,4
7	29.07.2025 16:40:06,000	25,66	-0,01	67,3	19,1	3,7	0	85,4
8	29.07.2025 16:40:07,000	25,66	0,01	66,2	20,4	3,4	0	85,4
9	29.07.2025 16:40:08,000	25,66	-0,01	70,0	18,5	1,5	0	85,4
10	29.07.2025 16:40:09,000	25,66	-0,01	64,9	22,4	2,8	0	85,4
11	29.07.2025 16:40:10,000	25,64	0,01	64,3	22,5	3,2	0	85,4
12	29.07.2025 16:40:11,000	25,64	0,01	67,0	20,4	-2,5	0	85,4
13	29.07.2025 16:40:12,000	25,64	0,01	61,8	22,5	5,6	0	85,4
14	29.07.2025 16:40:13,000	25,64	0,01	64,3	22,4	-3,3	0	85,4
15	29.07.2025 16:40:14,000	25,64	-0,01	68,3	18,9	2,8	0	85,4
16	29.07.2025 16:40:15,000	25,64	-0,01	62,6	24,3	3,1	0	82,5
17	29.07.2025 16:40:16,000	25,64	0,01	71,7	18,3	0,0	0	82,5
18	29.07.2025 16:40:17,000	25,64	0,01	64,4	22,1	3,6	0	82,5
19	29.07.2025 16:40:18,000	25,64	-0,01	68,5	21,0	0,5	0	82,5
20	29.07.2025 16:40:19,000	25,61	0,01	65,8	21,8	2,4	0	82,5
21	29.07.2025 16:40:20,000	25,61	-0,01	68,8	19,2	2,0	0	82,5
22	29.07.2025 16:40:21,000	25,61	-0,01	65,8	20,2	4,0	0	82,5
23	29.07.2025 16:40:22,000	25,61	-0,01	65,2	21,1	3,7	0	82,5
24	29.07.2025 16:40:23,000	25,61	-0,01	67,9	19,5	2,6	0	82,5
25	29.07.2025 16:40:24,000	25,61	-0,01	66,3	20,1	3,6	0	82,5
26	29.07.2025 16:40:25,000	25,61	-0,01	66,0	21,6	2,4	0	82,5
27	29.07.2025 16:40:26,000	25,61	0,01	64,8	22,7	2,5	0	82,5
28	29.07.2025 16:40:27,000	25,61	0,01	67,2	22,3	0,5	0	82,5
29	29.07.2025 16:40:28,000	25,61	-0,01	63,7	23,2	3,1	0	82,5
30	29.07.2025 16:40:29,000	25,58	0,01	66,3	22,8	0,9	0	82,5
31	29.07.2025 16:40:30,000	25,58	0,01	67,9	21,8	0,3	0	82,5
32	29.07.2025 16:40:31,000	25,58	0,01	62,9	23,5	3,7	0	82,5
33	29.07.2025 16:40:32,000	25,58	-0,01	67,1	22,8	-0,1	0	82,5
34	29.07.2025 16:40:33,000	25,58	0,01	65,7	21,9	2,4	0	82,5
35	29.07.2025 16:40:34,000	25,58	-0,01	67,5	20,7	1,9	0	82,5
36	29.07.2025 16:40:35,000	25,58	-0,01	66,3	21,2	2,5	0	82,5
37	29.07.2025 16:40:36,000	25,58	-0,01	66,6	21,9	1,5	0	82,5
38	29.07.2025 16:40:37,000	25,58	-0,01	63,4	23,0	3,5	0	82,5
39	29.07.2025 16:40:38,000	25,58	-0,01	67,5	22,0	0,5	0	82,5
40	29.07.2025 16:40:39,000	25,55	-0,01	67,0	22,7	0,2	0	82,5
41	29.07.2025 16:40:40,000	25,55	0,01	63,0	23,4	3,6	0	82,5
42	29.07.2025 16:40:41,000	25,55	-0,01	65,2	22,7	-2,0	0	82,5
43	29.07.2025 16:40:42,000	25,55	-0,01	62,7	24,3	3,0	0	82,7
44	29.07.2025 16:40:43,000	25,55	0,01	66,9	21,2	-1,9	0	82,7
45	29.07.2025 16:40:44,000	25,55	0,01	64,7	22,8	2,5	0	82,7
46	29.07.2025 16:40:45,000	25,55	0,01	62,2	25,8	2,0	0	85,3
47	29.07.2025 16:40:46,000	25,55	0,01	69,5	19,8	0,6	0	85,3
48	29.07.2025 16:40:47,000	25,55	0,01	63,2	23,4	3,4	0	85,3
49	29.07.2025 16:40:48,000	25,52	-0,01	66,8	22,6	-0,7	0	85,3
50	29.07.2025 16:40:49,000	25,52	-0,01	65,8	21,7	2,5	0	85,3
51	29.07.2025 16:40:50,000	25,52	0,01	64,3	22,0	3,7	0	85,3
52	29.07.2025 16:40:51,000	25,52	0,01	69,5	20,1	0,3	0	85,3
53	29.07.2025 16:40:52,000	25,52	-0,01	62,7	22,3	5,1	0	85,3
54	29.07.2025 16:40:53,000	25,52	0,01	67,6	21,4	-1,0	0	85,3
55	29.07.2025 16:40:54,000	25,52	0,01	65,0	21,8	3,2	0	85,3
56	29.07.2025 16:40:55,000	25,52	-0,01	68,2	20,9	0,9	0	85,3
57	29.07.2025 16:40:56,000	25,52	-0,01	66,2	20,3	3,6	0	85,3
58	29.07.2025 16:40:57,000	25,52	0,01	63,1	24,1	2,8	0	83,0
59	29.07.2025 16:40:58,000	25,52	0,01	65,9	20,5	3,6	0	83,0
60	29.07.2025 16:40:59,000	25,49	0,01	66,4	22,5	1,0	0	83,0
61	29.07.2025 16:41:00,000	25,49	0,01	67,0	19,6	3,5	0	83,0
62	29.07.2025 16:41:01,000	25,49	0,01	63,0	23,6	3,4	0	83,0
63	29.07.2025 16:41:02,000	25,49	0,01	67,1	21,5	1,3	0	83,0
64	29.07.2025 16:41:03,000	25,49	0,01	65,9	22,7	1,3	0	83,0
65	29.07.2025 16:41:04,000	25,49	0,01	63,0	23,9	3,2	0	83,0
66	29.07.2025 16:41:05,000	25,49	0,01	65,6	24,4	0,1	0	83,0
67	29.07.2025 16:41:06,000	25,49	0,01	67,4	21,3	1,3	0	83,0
68	29.07.2025 16:41:07,000	25,49	-0,01	62,3	25,0	2,8	0	83,5
69	29.07.2025 16:41:08,000	25,49	-0,01	67,1	21,7	1,2	0	83,5
70	29.07.2025 16:41:09,000	25,49	0,01	64,4	23,6	2,1	0	83,5
71	29.07.2025 16:41:10,000	25,46	-0,01	65,7	23,8	0,4	0	83,5
72	29.07.2025 16:41:11,000	25,46	-0,01	63,1	23,4	3,5	0	83,5
73	29.07.2025 16:41:12,000	25,46	0,01	67,8	22,2	0,0	0	83,5
74	29.07.2025 16:41:13,000	25,46	0,01	63,9	20,6	5,6	0	83,5
75	29.07.2025 16:41:14,000	25,46	0,01	67,0	21,7	1,3	0	83,5
76	29.07.2025 16:41:15,000	25,46	0,01	64,1	23,0	2,9	0	83,5
77	29.07.2025 16:41:16,000	25,46	0,01	68,2	21,6	0,2	0	83,5
78	29.07.2025 16:41:17,000	25,46	0,04	64,0	24,5	1,5	0	83,5
79	29.07.2025 16:41:18,000	25,46	0,01	63,0	23,8	3,2	0	83,5
80	29.07.2025 16:41:19,000	25,46	0,01	66,7	22,0	-1,3	0	83,5
81	29.07.2025 16:41:20,000	25,46	0,01	63,9	23,6	2,4	0	83,5
82	29.07.2025 16:41:21,000	25,43	0,01	64,7	23,0	2,3	0	83,5
83	29.07.2025 16:41:22,000	25,43	-0,01	64,7	24,5	0,7	0	83,5
84	29.07.2025 16:41:23,000	25,43	0,01	66,6	21,0	2,4	0	83,5
85	29.07.2025 16:41:24,000	25,43	0,01	64,2	23,3	2,5	0	83,5
86	29.07.2025 16:41:25,000	25,43	0,01	68,5	17,9	3,7	0	83,5
87	29.07.2025 16:41:26,000	25,43	0,01	63,3	23,5	3,2	0	83,5
88	29.07.2025 16:41:27,000	25,43	0,01	68,3	19,5	2,2	0	83,5
89	29.07.2025 16:41:28,000	25,43	0,01	63,2	23,6	3,2	0	83,5
90	29.07.2025 16:41:29,000	25,43	0,01	68,1	18,3	3,5	0	83,5
91	29.07.2025 16:41:30,000	25,43	0,01	64,7	22,5	2,8	0	83,5
92	29.07.2025 16:41:31,000	25,40	-0,01	69,2	18,7	2,1	0	83,5
93	29.07.2025 16:41:32,000	25,40	0,01	64,0	22,4	3,6	0	83,5
94	29.07.2025 16:41:33,000	25,40	0,01	69,1	20,7	0,2	0	83,5
95	29.07.2025 16:41:34,000	25,40	0,01	67,5	19,8	2,6	0	83,5
96	29.07.2025 16:41:35,000	25,40	0,01	61,9	23,3	4,8	0	78,0
97	29.07.2025 16:41:36,000	25,40	0,01	66,7	23,0	0,2	0	78,0
98	29.07.2025 16:41:37,000	25,40	0,01	64,2	22,9	3,0	0	78,0
99	29.07.2025 16:41:38,000	25,40	0,04	64,8	24,9	0,3	0	78,0
100	29.07.2025 16:41:39,000	25,40	0,01	64,2	24,0	1,8	0	78,0
101	29.07.2025 16:41:40,000	25,40	0,01	64,6	24,3	1,1	0	78,0
102	29.07.2025 16:41:41,000	25,40	0,04	64,1	24,8	1,1	0	87,4
103	29.07.2025 16:41:42,000	25,40	0,01	65,2	23,0	1,8	0	87,4
104	29.07.2025 16:41:43,000	25,37	-0,01	63,3	24,7	1,9	0	85,3
105	29.07.2025 16:41:44,000	25,37	-0,01	65,8	22,9	1,3	0	85,3
106	29.07.2025 16:41:45,000	25,37	-0,01	66,2	22,2	1,7	0	85,3
107	29.07.2025 16:41:46,000	25,37	-0,01	62,3	23,2	4,4	0	85,3
108	29.07.2025 16:41:47,000	25,37	-0,01	69,6	19,5	0,9	0	85,3
109	29.07.2025 16:41:48,000	25,37	-0,01	63,6	22,2	4,2	0	85,3
110	29.07.2025 16:41:49,000	25,37	-0,01	72,3	17,4	0,3	0	85,3
111	29.07.2025 16:41:50,000	25,37	-0,01	64,6	21,5	3,8	0	85,3
112	29.07.2025 16:41:51,000	25,37	-0,01	70,0	19,4	0,5	0	85,3
113	29.07.2025 16:41:52,000	25,37	-0,01	64,7	21,9	3,4	0	85,3
114	29.07.2025 16:41:53,000	25,37	-0,01	67,7	20,9	1,3	0	85,3
115	29.07.2025 16:41:54,000	25,37	-0,01	63,9	23,2	2,8	0	85,3
116	29.07.2025 16:41:55,000	25,34	0,01	62,8	23,2	4,0	0	85,3
117	29.07.2025 16:41:56,000	25,34	0,01	64,7	24,8	-0,5	0	85,3
118	29.07.2025 16:41:57,000	25,34	-0,01	62,7	23,5	3,8	0	85,3
119	29.07.2025 16:41:58,000	25,34	0,01	63,9	23,9	-2,3	0	85,3
120	29.07.2025 16:41:59,000	25,34	0,01	62,2	24,2	3,6	0	81,3
121	29.07.2025 16:42:00,000	25,34	-0,01	66,5	20,7	-2,9	0	81,3
122	29.07.2025 16:42:01,000	25,34	-0,01	63,2	24,4	2,5	0	84,1
123	29.07.2025 16:42:02,000	25,34	-0,01	62,7	23,9	3,4	0	81,6
124	29.07.2025 16:42:03,000	25,34	0,01	64,4	23,1	-2,5	0	81,6
125	29.07.2025 16:42:04,000	25,34	-0,01	62,1	24,1	3,8	0	80,8
126	29.07.2025 16:42:05,000	25,34	0,01	66,4	22,4	-1,2	0	80,8
127	29.07.2025 16:42:06,000	25,34	0,01	67,5	21,2	1,3	0	80,8
128	29.07.2025 16:42:07,000	25,32	-0,01	65,2	22,1	2,7	0	80,8
129	29.07.2025 16:42:08,000	25,32	0,01	66,0	20,8	3,3	0	80,8
130	29.07.2025 16:42:09,000	25,32	-0,01	64,0	24,2	1,8	0	80,8
131	29.07.2025 16:42:10,000	25,32	0,01	66,7	19,9	3,4	0	80,8
132	29.07.2025 16:42:11,000	25,32	-0,01	66,9	22,3	0,8	0	80,8
133	29.07.2025 16:42:12,000	25,32	-0,01	64,7	22,2	3,0	0	80,8
134	29.07.2025 16:42:13,000	25,32	-0,01	64,1	24,6	1,3	0	87,0
135	29.07.2025 16:42:14,000	25,32	-0,01	67,8	20,7	1,5	0	87,0
136	29.07.2025 16:42:15,000	25,32	-0,01	65,2	24,2	0,6	0	87,0
137	29.07.2025 16:42:16,000	25,32	-0,01	62,4	23,6	4,0	0	87,0
138	29.07.2025 16:42:17,000	25,32	-0,01	58,5	29,0	-2,5	0	95,2
139	29.07.2025 16:42:18,000	25,32	0,01	62,0	24,3	3,7	0	81,1
140	29.07.2025 16:42:19,000	25,32	0,01	61,6	28,0	-0,4	0	90,9
141	29.07.2025 16:42:20,000	25,32	-0,01	63,3	23,3	3,5	0	90,9
142	29.07.2025 16:42:21,000	25,29	0,01	63,9	25,6	0,4	0	89,0
143	29.07.2025 16:42:22,000	25,29	-0,01	62,4	23,9	3,6	0	81,1
144	29.07.2025 16:42:23,000	25,29	0,01	66,2	23,8	0,0	0	81,1
145	29.07.2025 16:42:24,000	25,29	-0,01	65,3	20,7	3,9	0	81,1
146	29.07.2025 16:42:25,000	25,29	-0,01	65,7	22,9	1,4	0	81,1
147	29.07.2025 16:42:26,000	25,29	-0,01	66,5	18,9	4,6	0	81,1
148	29.07.2025 16:42:27,000	25,29	-0,01	64,0	23,5	2,5	0	81,1
149	29.07.2025 16:42:28,000	25,29	-0,01	65,5	21,3	3,2	0	81,1
150	29.07.2025 16:42:29,000	25,29	0,01	63,0	25,4	1,6	0	86,3
151	29.07.2025 16:42:30,000	25,29	-0,01	66,9	19,2	3,9	0	86,3
152	29.07.2025 16:42:31,000	25,29	0,01	63,7	23,2	3,1	0	86,3
153	29.07.2025 16:42:32,000	25,29	-0,01	65,0	22,5	2,6	0	86,3
154	29.07.2025 16:42:33,000	25,29	-0,01	62,5	23,8	3,7	0	81,0
155	29.07.2025 16:42:34,000	25,29	-0,01	67,6	22,2	0,2	0	81,0
156	29.07.2025 16:42:35,000	25,29	-0,01	63,5	22,8	3,7	0	81,0
157	29.07.2025 16:42:36,000	25,26	-0,01	64,7	24,0	1,4	0	81,0
158	29.07.2025 16:42:37,000	25,26	-0,01	66,4	21,8	1,8	0	81,0
159	29.07.2025 16:42:38,000	25,26	-0,01	62,6	23,8	3,6	0	81,2
160	29.07.2025 16:42:39,000	25,26	0,01	68,7	20,9	-0,4	0	81,2
161	29.07.2025 16:42:40,000	25,26	0,01	65,3	21,1	3,6	0	81,2
162	29.07.2025 16:42:41,000	25,26	0,01	62,6	23,9	3,5	0	81,3
163	29.07.2025 16:42:42,000	25,26	-0,03	62,9	23,0	-4,1	0	81,3
164	29.07.2025 16:42:43,000	25,26	-0,01	62,5	23,8	3,7	0	81,0
165	29.07.2025 16:42:44,000	25,26	-0,01	65,0	24,2	0,8	0	81,0
166	29.07.2025 16:42:45,000	25,26	0,01	68,2	20,9	-0,9	0	81,0
167	29.07.2025 16:42:46,000	25,26	-0,01	63,7	22,6	3,7	0	81,0
168	29.07.2025 16:42:47,000	25,26	0,01	63,5	22,5	3,9	0	81,0
169	29.07.2025 16:42:48,000	25,23	-0,01	69,6	20,3	0,1	0	81,0
170	29.07.2025 16:42:49,000	25,23	0,01	62,5	23,5	4,0	0	81,0
171	29.07.2025 16:42:50,000	25,23	0,01	67,5	22,3	0,2	0	81,0
172	29.07.2025 16:42:51,000	25,23	0,01	64,5	21,5	3,9	0	81,0
173	29.07.2025 16:42:52,000	25,23	0,01	66,2	23,3	0,5	0	81,0
174	29.07.2025 16:42:53,000	25,23	-0,01	62,4	23,5	4,1	0	81,0
175	29.07.2025 16:42:54,000	25,23	0,01	63,9	24,9	-1,2	0	92,9
176	29.07.2025 16:42:55,000	25,23	0,01	63,0	23,9	3,1	0	92,9
177	29.07.2025 16:42:56,000	25,23	-0,01	64,4	24,2	1,4	0	92,9
178	29.07.2025 16:42:57,000	25,23	-0,01	62,1	25,6	2,3	0	84,8
179	29.07.2025 16:42:58,000	25,23	-0,01	64,9	22,3	2,8	0	84,8
180	29.07.2025 16:42:59,000	25,23	0,01	63,4	24,9	1,7	0	86,0
181	29.07.2025 16:43:00,000	25,23	0,01	66,0	21,3	2,8	0	86,0
182	29.07.2025 16:43:01,000	25,20	0,01	62,1	24,1	3,7	0	80,9
183	29.07.2025 16:43:02,000	25,20	-0,01	65,4	24,2	0,4	0	80,9
184	29.07.2025 16:43:03,000	25,20	-0,01	67,5	19,9	2,6	0	80,9
185	29.07.2025 16:43:04,000	25,20	0,01	63,0	23,0	4,0	0	80,9
186	29.07.2025 16:43:05,000	25,20	-0,01	65,7	23,9	0,4	0	80,9
187	29.07.2025 16:43:06,000	25,20	0,01	66,9	20,3	2,8	0	80,9
188	29.07.2025 16:43:07,000	25,20	0,01	62,4	23,8	3,8	0	80,6
189	29.07.2025 16:43:08,000	25,20	0,01	66,2	22,2	1,6	0	80,6
190	29.07.2025 16:43:09,000	25,20	0,01	62,3	24,0	3,7	0	81,0
191	29.07.2025 16:43:10,000	25,20	-0,01	64,9	23,1	2,0	0	81,0
192	29.07.2025 16:43:11,000	25,20	0,01	66,4	19,8	3,7	0	81,0
193	29.07.2025 16:43:12,000	25,20	0,01	66,9	21,1	2,0	0	81,0
194	29.07.2025 16:43:13,000	25,20	0,01	62,6	23,6	3,8	0	81,0
195	29.07.2025 16:43:14,000	25,20	0,01	70,3	18,2	-1,5	0	81,0
196	29.07.2025 16:43:15,000	25,17	0,01	64,4	22,1	3,5	0	81,0
197	29.07.2025 16:43:16,000	25,17	-0,01	66,0	21,7	2,3	0	81,0
198	29.07.2025 16:43:17,000	25,17	0,01	64,1	24,0	1,9	0	81,0
199	29.07.2025 16:43:18,000	25,17	-0,01	65,6	21,9	2,5	0	81,0
200	29.07.2025 16:43:19,000	25,17	0,01	63,0	27,0	0,1	0	89,9
201	29.07.2025 16:43:20,000	25,17	0,01	62,5	23,7	3,8	0	80,7
202	29.07.2025 16:43:21,000	25,17	-0,01	61,0	27,7	-1,3	0	92,7
203	29.07.2025 16:43:22,000	25,17	0,01	63,1	23,4	3,5	0	92,7
204	29.07.2025 16:43:23,000	25,17	0,01	64,5	24,9	0,6	0	88,5
205	29.07.2025 16:43:24,000	25,17	0,01	65,8	22,5	1,7	0	88,5
206	29.07.2025 16:43:25,000	25,17	0,01	62,7	23,6	3,7	0	88,5
207	29.07.2025 16:43:26,000	25,17	-0,01	66,7	22,6	-0,7	0	88,5
208	29.07.2025 16:43:27,000	25,17	-0,01	63,2	23,3	3,5	0	88,5
209	29.07.2025 16:43:28,000	25,17	-0,01	63,5	23,2	3,3	0	88,5
210	29.07.2025 16:43:29,000	25,14	0,01	62,6	23,5	-3,9	0	88,5
211	29.07.2025 16:43:30,000	25,14	0,04	63,2	22,6	4,2	0	88,5
212	29.07.2025 16:43:31,000	25,14	-0,01	63,2	24,9	-1,9	0	94,5
213	29.07.2025 16:43:32,000	25,14	0,01	63,8	22,7	3,5	0	94,5
214	29.07.2025 16:43:33,000	25,14	0,01	63,1	26,7	0,1	0	89,7
215	29.07.2025 16:43:34,000	25,14	0,01	62,8	23,8	3,4	0	89,7
216	29.07.2025 16:43:35,000	25,14	0,01	65,5	24,4	-0,1	0	89,7
217	29.07.2025 16:43:36,000	25,14	0,01	63,4	22,4	4,2	0	89,7
218	29.07.2025 16:43:37,000	25,14	0,01	67,5	22,1	0,4	0	89,7
219	29.07.2025 16:43:38,000	25,14	0,01	63,5	22,1	4,4	0	89,7
220	29.07.2025 16:43:39,000	25,14	0,01	66,1	23,7	0,3	0	89,7
221	29.07.2025 16:43:40,000	25,14	0,01	68,1	19,3	2,6	0	89,7
222	29.07.2025 16:43:41,000	25,14	0,01	62,6	23,6	3,8	0	89,7
223	29.07.2025 16:43:42,000	25,14	0,01	70,4	19,4	0,2	0	89,7
224	29.07.2025 16:43:43,000	25,11	0,01	63,3	23,1	3,6	0	89,7
225	29.07.2025 16:43:44,000	25,11	0,01	64,9	23,4	-1,8	0	89,7
226	29.07.2025 16:43:45,000	25,11	0,04	68,0	19,5	2,5	0	89,7
227	29.07.2025 16:43:46,000	25,11	0,01	64,4	23,5	2,2	0	89,7
228	29.07.2025 16:43:47,000	25,11	0,01	66,0	20,5	3,5	0	89,7
229	29.07.2025 16:43:48,000	25,11	0,01	65,5	22,3	2,2	0	89,7
230	29.07.2025 16:43:49,000	25,11	0,01	66,5	15,5	8,0	0	89,7
231	29.07.2025 16:43:50,000	25,11	0,01	67,5	21,2	1,3	0	89,7
232	29.07.2025 16:43:51,000	25,11	0,01	65,7	17,8	6,5	0	89,7
233	29.07.2025 16:43:52,000	25,11	0,01	67,2	22,5	-0,3	0	89,7
234	29.07.2025 16:43:53,000	25,11	0,01	70,9	16,0	3,1	0	89,7
235	29.07.2025 16:43:54,000	25,11	0,01	63,9	22,1	3,9	0	89,7
236	29.07.2025 16:43:55,000	25,11	0,01	70,3	18,7	0,9	0	89,7
237	29.07.2025 16:43:56,000	25,11	0,01	63,9	22,3	3,8	0	89,7
238	29.07.2025 16:43:57,000	25,11	0,01	68,6	21,2	-0,2	0	89,7
239	29.07.2025 16:43:58,000	25,08	0,01	63,2	23,4	3,4	0	89,7
240	29.07.2025 16:43:59,000	25,08	0,01	63,9	21,8	-4,3	0	89,7
241	29.07.2025 16:44:00,000	25,08	0,01	64,7	22,2	3,1	0	89,7
242	29.07.2025 16:44:01,000	25,08	0,04	63,2	22,9	4,0	0	89,7
243	29.07.2025 16:44:02,000	25,08	0,01	67,4	20,9	1,7	0	89,7
244	29.07.2025 16:44:03,000	25,08	0,01	63,0	23,4	3,5	0	89,7
245	29.07.2025 16:44:04,000	25,08	0,01	66,3	22,4	1,4	0	89,7
246	29.07.2025 16:44:05,000	25,08	0,01	62,6	24,2	3,1	0	82,4
247	29.07.2025 16:44:06,000	25,08	0,01	67,3	21,7	1,0	0	82,4
248	29.07.2025 16:44:07,000	25,08	0,01	63,3	23,6	3,1	0	82,4
249	29.07.2025 16:44:08,000	25,08	0,01	63,8	23,7	2,6	0	82,4
250	29.07.2025 16:44:09,000	25,08	0,01	65,7	23,7	0,5	0	82,4
251	29.07.2025 16:44:10,000	25,08	0,01	62,5	24,0	3,5	0	81,3
252	29.07.2025 16:44:11,000	25,08	0,01	66,6	21,8	-1,6	0	81,3
253	29.07.2025 16:44:12,000	25,05	-0,01	62,6	23,6	3,7	0	81,3
254	29.07.2025 16:44:13,000	25,05	0,01	68,7	20,6	0,7	0	81,3
255	29.07.2025 16:44:14,000	25,05	-0,01	69,4	20,4	-0,2	0	81,3
256	29.07.2025 16:44:15,000	25,05	-0,01	63,1	22,6	4,4	0	81,3
257	29.07.2025 16:44:16,000	25,05	0,01	66,8	21,0	-2,2	0	81,3
258	29.07.2025 16:44:17,000	25,05	-0,01	66,8	18,7	4,5	0	81,3
259	29.07.2025 16:44:18,000	25,05	-0,01	68,4	20,8	-0,8	0	81,3
260	29.07.2025 16:44:19,000	25,05	0,01	71,0	18,5	0,5	0	81,3
261	29.07.2025 16:44:20,000	25,05	-0,01	68,3	17,6	4,1	0	81,3
262	29.07.2025 16:44:21,000	25,05	0,01	73,0	16,3	0,7	0	81,3
263	29.07.2025 16:44:22,000	25,05	-0,01	68,0	16,6	5,4	0	81,3
264	29.07.2025 16:44:23,000	25,05	-0,01	71,9	18,0	0,1	0	81,3
265	29.07.2025 16:44:24,000	25,05	-0,01	74,0	13,3	2,7	0	81,3
266	29.07.2025 16:44:25,000	25,05	-0,01	68,3	19,8	1,8	0	81,3
267	29.07.2025 16:44:26,000	25,05	-0,01	63,3	23,9	2,8	0	81,3
268	29.07.2025 16:44:27,000	25,02	0,01	65,1	23,1	1,8	0	81,3
269	29.07.2025 16:44:28,000	25,02	0,01	64,2	24,7	1,2	0	87,2
270	29.07.2025 16:44:29,000	25,02	0,01	63,3	24,4	2,2	0	84,6
271	29.07.2025 16:44:30,000	25,02	-0,01	64,0	24,9	1,1	0	87,4
272	29.07.2025 16:44:31,000	25,02	-0,01	63,3	25,8	0,9	0	87,9
273	29.07.2025 16:44:32,000	25,02	-0,01	63,2	24,7	2,1	0	85,1
274	29.07.2025 16:44:33,000	25,02	0,01	64,3	25,4	0,4	0	89,1
275	29.07.2025 16:44:34,000	25,02	0,01	64,4	23,7	1,9	0	89,1
276	29.07.2025 16:44:35,000	25,02	0,01	64,7	23,5	1,8	0	89,1
277	29.07.2025 16:44:36,000	25,02	-0,01	63,6	25,5	0,9	0	88,0
278	29.07.2025 16:44:37,000	25,02	0,01	63,4	24,3	2,3	0	84,3
279	29.07.2025 16:44:38,000	25,02	0,01	65,2	23,5	1,3	0	84,3
280	29.07.2025 16:44:39,000	25,02	0,01	63,2	25,4	1,3	0	86,9
281	29.07.2025 16:44:40,000	25,02	0,01	63,9	26,1	0,1	0	89,9
282	29.07.2025 16:44:41,000	25,02	-0,01	62,6	24,9	2,5	0	84,1
283	29.07.2025 16:44:42,000	25,00	0,01	68,8	21,2	-0,1	0	84,1
284	29.07.2025 16:44:43,000	25,00	0,01	66,4	22,3	1,3	0	84,1
285	29.07.2025 16:44:44,000	25,00	0,01	62,9	24,7	2,4	0	84,3
286	29.07.2025 16:44:45,000	25,00	-0,01	64,1	25,4	0,5	0	88,8
287	29.07.2025 16:44:46,000	25,00	0,01	66,3	23,0	0,6	0	88,8
288	29.07.2025 16:44:47,000	25,00	-0,01	66,4	22,0	1,6	0	88,8
289	29.07.2025 16:44:48,000	25,00	-0,01	63,4	25,1	1,5	0	86,4
290	29.07.2025 16:44:49,000	25,00	0,01	63,6	24,2	2,1	0	86,4
291	29.07.2025 16:44:50,000	25,00	0,01	65,2	24,7	0,1	0	86,4
292	29.07.2025 16:44:51,000	25,00	0,01	63,8	25,7	-0,4	0	91,0
293	29.07.2025 16:44:52,000	25,00	0,01	63,6	25,0	1,4	0	86,7
294	29.07.2025 16:44:53,000	25,00	0,01	63,6	23,5	2,9	0	86,7
295	29.07.2025 16:44:54,000	25,00	0,01	62,9	26,3	-0,8	0	91,7
296	29.07.2025 16:44:55,000	25,00	0,01	64,4	24,4	1,2	0	91,7
297	29.07.2025 16:44:56,000	25,00	0,01	65,5	24,0	-0,5	0	91,7
298	29.07.2025 16:44:57,000	25,00	-0,01	62,8	25,4	1,9	0	85,6
299	29.07.2025 16:44:58,000	24,97	0,01	62,6	25,8	1,6	0	86,4
300	29.07.2025 16:44:59,000	24,97	0,04	65,2	21,9	-2,9	0	86,4
301	29.07.2025 16:45:00,000	24,97	0,01	66,6	23,0	-0,3	0	86,4
302	29.07.2025 16:45:01,000	24,97	0,01	63,1	25,0	1,9	0	85,5
303	29.07.2025 16:45:02,000	24,97	0,01	62,6	24,1	3,3	0	82,0
304	29.07.2025 16:45:03,000	24,97	-0,01	63,3	22,2	-4,6	0	82,0
305	29.07.2025 16:45:04,000	24,97	-0,01	65,1	24,4	0,5	0	82,0
306	29.07.2025 16:45:05,000	24,97	0,01	64,3	22,0	3,7	0	82,0
307	29.07.2025 16:45:06,000	24,97	0,01	63,3	25,2	1,6	0	86,3
308	29.07.2025 16:45:07,000	24,97	0,01	60,9	26,8	-2,3	0	95,1
309	29.07.2025 16:45:08,000	24,97	-0,01	67,5	22,0	0,5	0	95,1
310	29.07.2025 16:45:09,000	24,97	0,01	65,7	21,6	2,7	0	95,1
311	29.07.2025 16:45:10,000	24,97	0,01	63,4	26,0	-0,5	0	91,2
312	29.07.2025 16:45:11,000	24,97	-0,01	63,0	25,9	-1,1	0	92,5
313	29.07.2025 16:45:12,000	24,94	0,01	63,6	25,0	1,4	0	86,7
314	29.07.2025 16:45:13,000	24,94	0,01	66,7	20,7	2,6	0	86,7
315	29.07.2025 16:45:14,000	24,94	-0,01	63,9	25,8	-0,3	0	90,7
316	29.07.2025 16:45:15,000	24,94	0,04	62,9	26,4	0,7	0	88,3
317	29.07.2025 16:45:16,000	24,94	0,01	64,5	24,8	0,7	0	88,3
318	29.07.2025 16:45:17,000	24,94	0,01	65,4	23,0	1,5	0	88,3
319	29.07.2025 16:45:18,000	24,94	0,01	66,7	22,9	0,5	0	88,3
320	29.07.2025 16:45:19,000	24,94	0,01	64,5	24,2	1,3	0	88,3
321	29.07.2025 16:45:20,000	24,94	0,01	63,4	25,8	0,8	0	88,2
322	29.07.2025 16:45:21,000	24,94	0,01	64,4	24,7	1,0	0	88,2
323	29.07.2025 16:45:22,000	24,94	0,01	66,1	22,1	1,8	0	88,2
324	29.07.2025 16:45:23,000	24,94	0,01	62,6	26,8	-0,7	0	91,5
325	29.07.2025 16:45:24,000	24,94	0,01	63,9	25,6	0,5	0	88,8
326	29.07.2025 16:45:25,000	24,94	0,01	62,8	23,9	3,3	0	88,8
327	29.07.2025 16:45:26,000	24,94	0,01	66,6	22,7	0,7	0	88,8
328	29.07.2025 16:45:27,000	24,94	0,01	64,4	24,7	0,9	0	88,8
329	29.07.2025 16:45:28,000	24,94	0,01	62,7	25,6	1,8	0	85,9
330	29.07.2025 16:45:29,000	24,91	0,01	62,9	23,5	3,5	0	85,9
331	29.07.2025 16:45:30,000	24,91	0,01	65,2	22,8	-2,0	0	85,9
332	29.07.2025 16:45:31,000	24,91	0,01	64,9	23,6	1,6	0	85,9
333	29.07.2025 16:45:32,000	24,91	0,01	64,2	25,6	0,1	0	89,7
334	29.07.2025 16:45:33,000	24,91	-0,01	62,6	24,1	3,3	0	81,9
335	29.07.2025 16:45:34,000	24,91	0,01	65,8	23,5	0,8	0	81,9
336	29.07.2025 16:45:35,000	24,91	0,01	60,9	24,4	-4,7	0	101,3
337	29.07.2025 16:45:36,000	24,91	0,01	62,9	24,1	3,0	0	82,7
338	29.07.2025 16:45:37,000	24,91	0,01	62,7	23,6	3,6	0	82,7
339	29.07.2025 16:45:38,000	24,91	0,01	67,2	17,4	-5,4	0	82,7
340	29.07.2025 16:45:39,000	24,91	0,01	68,6	19,3	-2,1	0	82,7
341	29.07.2025 16:45:40,000	24,91	0,01	62,5	23,7	3,8	0	80,5
342	29.07.2025 16:45:41,000	24,91	0,01	63,7	23,2	3,2	0	80,5
343	29.07.2025 16:45:42,000	24,91	0,01	64,4	21,5	-4,1	0	80,5
344	29.07.2025 16:45:43,000	24,91	0,01	68,0	21,5	0,5	0	80,5
345	29.07.2025 16:45:44,000	24,91	0,01	63,0	23,3	3,7	0	80,5
346	29.07.2025 16:45:45,000	24,91	0,01	66,1	19,2	4,8	0	80,5
347	29.07.2025 16:45:46,000	24,88	0,01	67,5	18,1	4,4	0	80,5
348	29.07.2025 16:45:47,000	24,88	0,01	62,2	21,5	6,3	0	80,5
349	29.07.2025 16:45:48,000	24,88	0,01	63,8	23,2	2,9	0	80,5
350	29.07.2025 16:45:49,000	24,88	0,01	64,0	21,1	4,9	0	80,5
351	29.07.2025 16:45:50,000	24,88	0,01	63,8	22,4	3,9	0	80,5
352	29.07.2025 16:45:51,000	24,88	0,01	62,4	24,0	3,6	0	81,3
353	29.07.2025 16:45:52,000	24,88	0,01	64,2	22,3	3,5	1	81,3
354	29.07.2025 16:45:53,000	24,88	0,01	62,2	23,8	4,0	0	80,2
355	29.07.2025 16:45:54,000	24,88	0,04	60,6	25,4	4,0	1	80,8
356	29.07.2025 16:45:55,000	24,88	0,01	62,7	23,3	4,0	0	80,8
357	29.07.2025 16:45:56,000	24,88	0,01	51,4	30,9	7,7	0	75,4
358	29.07.2025 16:45:57,000	24,88	0,01	-7,6	9,8	72,6	0	10,4
359	29.07.2025 16:45:58,000	24,88	0,01	-11,4	7,0	71,6	0	7,6
360	29.07.2025 16:45:59,000	24,88	0,01	75,5	13,4	1,0	1	7,6
361	29.07.2025 16:46:00,000	24,88	0,01	34,7	34,2	21,1	1	57,0
362	29.07.2025 16:46:01,000	24,65	0,26	29,4	-0,4	60,2	0	-0,5
363	29.07.2025 16:46:02,000	23,89	0,22	82,8	2,6	-4,6	0	-0,5
364	29.07.2025 16:46:03,000	23,60	0,24	33,3	29,7	27,0	0	47,3
365	29.07.2025 16:46:04,000	23,45	0,24	29,4	29,5	31,1	0	43,7
366	29.07.2025 16:46:05,000	23,34	0,26	24,9	28,4	36,7	0	38,8
367	29.07.2025 16:46:06,000	23,25	0,26	28,4	18,9	42,7	0	26,1
368	29.07.2025 16:46:07,000	23,16	0,31	41,1	3,5	45,4	0	5,0
369	29.07.2025 16:46:08,000	23,05	0,33	54,0	-3,9	32,1	0	-7,4
370	29.07.2025 16:46:09,000	22,96	0,33	55,0	2,8	32,2	0	5,3
371	29.07.2025 16:46:10,000	22,90	0,35	56,6	-2,3	31,1	0	-4,5
372	29.07.2025 16:46:11,000	22,75	0,40	44,3	2,3	43,3	0	3,4
373	29.07.2025 16:46:12,000	22,61	0,33	47,3	-2,1	40,6	0	-3,2
374	29.07.2025 16:46:13,000	22,55	0,33	28,2	17,3	44,5	0	23,5
375	29.07.2025 16:46:14,000	22,49	0,35	40,7	4,6	44,7	0	6,5
376	29.07.2025 16:46:15,000	22,43	0,37	45,9	6,6	37,5	0	10,8
377	29.07.2025 16:46:16,000	22,40	0,37	48,1	3,7	38,2	0	6,0
378	29.07.2025 16:46:17,000	22,35	0,35	38,2	13,5	38,3	0	21,0
379	29.07.2025 16:46:18,000	22,32	0,37	48,5	2,4	39,0	0	3,9
380	29.07.2025 16:46:19,000	22,29	0,37	42,4	3,4	44,3	0	4,9
381	29.07.2025 16:46:20,000	22,26	0,35	46,6	-0,9	42,5	0	-1,4
382	29.07.2025 16:46:21,000	22,23	0,42	44,6	3,3	42,1	0	4,9
383	29.07.2025 16:46:22,000	22,11	0,44	47,0	3,8	39,3	0	6,0
384	29.07.2025 16:46:23,000	22,05	0,44	56,0	3,6	30,4	1	7,0
385	29.07.2025 16:46:24,000	22,02	0,46	40,1	7,2	42,6	0	10,7
386	29.07.2025 16:46:25,000	21,97	0,49	57,8	3,5	28,8	0	7,2
387	29.07.2025 16:46:26,000	21,91	0,48	58,3	5,5	26,2	0	12,3
388	29.07.2025 16:46:27,000	21,88	0,48	55,5	5,1	29,4	0	10,3
389	29.07.2025 16:46:28,000	21,85	0,50	52,7	3,7	33,5	0	6,7
390	29.07.2025 16:46:29,000	21,85	0,48	46,7	6,0	37,2	0	10,0
391	29.07.2025 16:46:30,000	21,85	0,48	41,8	8,0	40,2	0	12,3
392	29.07.2025 16:46:31,000	21,85	0,48	43,0	5,5	41,5	0	8,3
393	29.07.2025 16:46:32,000	21,82	0,46	45,7	6,1	38,2	0	9,8
394	29.07.2025 16:46:33,000	21,73	0,51	49,0	7,7	33,3	0	13,7
395	29.07.2025 16:46:34,000	21,64	0,51	43,1	9,0	37,9	0	14,4
396	29.07.2025 16:46:35,000	21,62	0,51	45,7	4,7	39,6	0	7,4
397	29.07.2025 16:46:36,000	21,62	0,51	44,8	4,7	40,5	0	7,2
398	29.07.2025 16:46:37,000	21,62	0,51	52,4	-2,8	34,9	0	-4,9
399	29.07.2025 16:46:38,000	21,59	0,50	46,7	6,2	37,1	0	10,2
400	29.07.2025 16:46:39,000	21,56	0,57	48,0	9,2	32,9	0	16,5
401	29.07.2025 16:46:40,000	21,47	0,54	45,6	15,8	28,6	0	29,9
402	29.07.2025 16:46:41,000	21,41	0,54	52,7	6,7	30,6	0	13,0
403	29.07.2025 16:46:42,000	21,38	0,51	49,4	2,4	38,1	0	3,9
404	29.07.2025 16:46:43,000	21,35	0,51	45,6	0,6	43,8	0	0,8
405	29.07.2025 16:46:44,000	21,29	0,55	48,5	8,8	32,7	0	15,9
406	29.07.2025 16:46:45,000	21,18	0,54	49,3	13,5	27,2	0	27,3
407	29.07.2025 16:46:46,000	21,15	0,54	54,6	11,9	23,5	0	27,5
408	29.07.2025 16:46:47,000	21,12	0,56	54,1	17,8	18,1	0	44,5
409	29.07.2025 16:46:48,000	21,12	0,54	54,7	14,8	20,5	0	36,2
410	29.07.2025 16:46:49,000	21,12	0,54	53,3	15,2	21,6	0	35,5
411	29.07.2025 16:46:50,000	21,12	0,58	59,8	10,5	19,7	0	35,5
412	29.07.2025 16:46:51,000	21,09	0,60	58,8	10,4	20,8	0	27,1
413	29.07.2025 16:46:52,000	21,06	0,60	58,9	6,7	24,4	0	15,9
414	29.07.2025 16:46:53,000	21,03	0,62	63,7	7,2	19,1	0	15,9
415	29.07.2025 16:46:54,000	21,00	0,64	64,3	9,4	16,2	0	15,9
416	29.07.2025 16:46:55,000	20,97	0,66	60,7	9,0	20,3	0	15,9
417	29.07.2025 16:46:56,000	20,94	0,66	61,7	5,0	23,4	0	12,4
418	29.07.2025 16:46:57,000	20,91	0,66	65,5	7,1	17,3	0	12,4
419	29.07.2025 16:46:58,000	20,88	0,70	66,1	6,9	17,1	0	12,4
420	29.07.2025 16:46:59,000	20,82	0,72	64,6	4,6	20,8	0	12,4
421	29.07.2025 16:47:00,000	20,74	0,71	65,0	2,0	23,0	0	12,4
422	29.07.2025 16:47:01,000	20,68	0,73	70,6	4,0	15,4	0	12,4
423	29.07.2025 16:47:02,000	20,68	0,77	69,6	3,7	16,8	0	12,4
424	29.07.2025 16:47:03,000	20,65	0,75	65,7	1,8	22,5	0	12,4
425	29.07.2025 16:47:04,000	20,65	0,75	71,2	0,2	18,5	0	12,4
426	29.07.2025 16:47:05,000	20,62	0,79	74,5	-0,6	14,9	0	12,4
427	29.07.2025 16:47:06,000	20,59	0,81	70,6	-1,7	17,7	0	12,4
428	29.07.2025 16:47:07,000	20,50	0,83	71,1	-2,1	16,8	0	12,4
429	29.07.2025 16:47:08,000	20,47	0,85	72,4	-3,6	14,0	0	12,4
430	29.07.2025 16:47:09,000	20,38	0,86	71,9	-2,9	15,2	0	12,4
431	29.07.2025 16:47:10,000	20,32	0,88	70,6	-3,8	15,6	0	12,4
432	29.07.2025 16:47:11,000	20,26	0,90	73,0	-3,8	13,2	0	12,4
433	29.07.2025 16:47:12,000	20,24	0,92	71,5	-3,9	14,6	0	12,4
434	29.07.2025 16:47:13,000	20,18	0,92	69,2	-2,8	18,0	0	12,4
435	29.07.2025 16:47:14,000	20,15	0,94	71,1	-4,0	15,0	0	12,4
436	29.07.2025 16:47:15,000	20,12	0,93	73,4	-4,5	12,1	0	12,4
437	29.07.2025 16:47:16,000	20,09	0,98	68,7	-4,0	17,2	0	12,4
438	29.07.2025 16:47:17,000	20,06	0,97	69,2	-2,6	18,2	0	12,4
439	29.07.2025 16:47:18,000	20,03	1,02	76,4	-0,8	12,8	0	12,4
440	29.07.2025 16:47:19,000	20,00	1,04	73,0	-1,5	15,5	0	12,4
441	29.07.2025 16:47:20,000	20,00	1,04	68,6	-0,4	21,0	0	12,4
442	29.07.2025 16:47:21,000	20,00	1,06	73,6	1,5	15,0	0	12,4
443	29.07.2025 16:47:22,000	20,00	1,08	73,9	2,2	14,0	0	12,4
444	29.07.2025 16:47:23,000	20,00	1,08	69,8	4,1	16,2	0	12,4
445	29.07.2025 16:47:24,000	20,00	1,10	68,1	4,4	17,5	0	12,4
446	29.07.2025 16:47:25,000	19,97	1,10	69,8	5,0	15,2	0	12,4
447	29.07.2025 16:47:26,000	19,97	1,12	70,5	5,3	14,3	0	12,4
448	29.07.2025 16:47:27,000	19,97	1,15	67,4	6,5	16,1	0	12,4
449	29.07.2025 16:47:28,000	19,97	1,17	67,1	7,2	15,7	0	12,4
450	29.07.2025 16:47:29,000	19,97	1,19	65,9	8,7	15,4	0	12,4
451	29.07.2025 16:47:30,000	19,97	1,21	64,9	11,0	14,1	0	12,4
452	29.07.2025 16:47:31,000	19,94	1,23	66,4	9,2	14,4	0	12,4
453	29.07.2025 16:47:32,000	19,94	1,26	62,6	8,5	18,9	0	12,4
454	29.07.2025 16:47:33,000	19,88	1,28	64,9	9,4	15,7	0	12,4
455	29.07.2025 16:47:34,000	19,82	1,29	67,2	10,2	12,6	0	12,4
456	29.07.2025 16:47:35,000	19,82	1,34	61,8	10,6	17,6	0	12,4
457	29.07.2025 16:47:36,000	19,79	1,34	58,9	10,2	20,9	0	26,5
458	29.07.2025 16:47:37,000	19,76	1,36	64,6	11,1	14,3	0	26,5
459	29.07.2025 16:47:38,000	19,76	1,40	67,0	12,7	10,2	0	26,5
460	29.07.2025 16:47:39,000	19,76	1,40	59,0	11,8	19,2	0	31,9
461	29.07.2025 16:47:40,000	19,73	1,40	56,1	13,1	20,8	0	32,8
462	29.07.2025 16:47:41,000	19,70	1,44	63,5	16,0	10,5	0	32,8
463	29.07.2025 16:47:42,000	19,70	1,46	62,8	14,5	12,7	0	32,8
464	29.07.2025 16:47:43,000	19,68	1,48	54,2	13,6	22,2	0	32,1
465	29.07.2025 16:47:44,000	19,65	1,50	60,4	13,4	16,2	0	32,1
466	29.07.2025 16:47:45,000	19,62	1,55	67,3	13,7	9,0	0	32,1
467	29.07.2025 16:47:46,000	19,62	1,57	57,9	9,7	22,3	0	24,0
468	29.07.2025 16:47:47,000	19,59	1,55	55,4	10,0	24,6	0	22,6
469	29.07.2025 16:47:48,000	19,56	1,57	63,5	11,9	14,6	0	22,6
470	29.07.2025 16:47:49,000	19,56	1,61	67,8	11,2	11,0	0	22,6
471	29.07.2025 16:47:50,000	19,53	1,63	60,0	11,3	18,7	0	22,6
472	29.07.2025 16:47:51,000	19,53	1,65	61,5	10,8	17,7	0	22,6
473	29.07.2025 16:47:52,000	19,50	1,70	68,3	11,6	10,2	0	22,6
474	29.07.2025 16:47:53,000	19,50	1,72	64,3	11,8	13,9	0	22,6
475	29.07.2025 16:47:54,000	19,44	1,74	57,9	12,9	19,1	0	34,3
476	29.07.2025 16:47:55,000	19,41	1,73	63,4	14,1	12,5	0	34,3
477	29.07.2025 16:47:56,000	19,41	1,78	67,5	12,5	10,1	0	34,3
478	29.07.2025 16:47:57,000	19,38	1,80	61,5	11,0	17,5	0	34,3
479	29.07.2025 16:47:58,000	19,35	1,80	63,1	10,1	16,8	0	34,3
480	29.07.2025 16:47:59,000	19,35	1,84	65,8	10,7	13,6	0	34,3
481	29.07.2025 16:48:00,000	19,32	1,89	65,4	10,7	13,9	0	34,3
482	29.07.2025 16:48:01,000	19,29	1,91	62,9	8,8	18,3	0	34,3
483	29.07.2025 16:48:02,000	19,17	1,94	58,6	11,1	20,2	0	29,3
484	29.07.2025 16:48:03,000	19,08	1,96	56,7	10,8	22,5	0	26,2
485	29.07.2025 16:48:04,000	18,99	1,97	54,8	10,7	24,4	0	24,3
486	29.07.2025 16:48:05,000	18,94	1,97	52,4	9,5	28,2	0	19,4
487	29.07.2025 16:48:06,000	18,91	1,94	52,4	8,2	29,4	0	16,3
488	29.07.2025 16:48:07,000	18,88	1,94	52,6	8,8	28,5	0	17,9
489	29.07.2025 16:48:08,000	18,85	1,96	51,7	9,8	28,5	0	19,8
490	29.07.2025 16:48:09,000	18,82	1,94	49,6	8,5	31,8	0	15,8
491	29.07.2025 16:48:10,000	18,82	1,94	49,3	6,9	33,8	0	12,2
492	29.07.2025 16:48:11,000	18,82	1,96	49,7	10,9	29,4	0	21,2
493	29.07.2025 16:48:12,000	18,79	1,96	52,8	8,0	29,2	0	16,1
494	29.07.2025 16:48:13,000	18,79	1,93	48,3	7,4	34,3	0	13,1
495	29.07.2025 16:48:14,000	18,79	1,93	48,2	7,5	34,3	0	13,2
496	29.07.2025 16:48:15,000	18,76	1,96	51,2	8,4	30,4	0	16,2
497	29.07.2025 16:48:16,000	18,73	1,95	49,9	5,6	34,4	0	9,9
498	29.07.2025 16:48:17,000	18,70	1,91	41,2	7,0	41,8	1	10,5
499	29.07.2025 16:48:18,000	18,67	1,99	55,9	6,0	28,1	0	12,6
500	29.07.2025 16:48:19,000	18,46	2,09	65,2	6,2	18,6	0	12,6
501	29.07.2025 16:48:20,000	18,22	2,12	64,9	5,9	19,2	0	12,6
502	29.07.2025 16:48:21,000	18,04	2,17	64,0	4,6	21,4	0	12,6
503	29.07.2025 16:48:22,000	17,86	2,18	67,5	4,0	18,5	0	12,6
504	29.07.2025 16:48:23,000	17,77	2,17	64,5	1,7	23,8	0	12,6
505	29.07.2025 16:48:24,000	17,65	2,14	57,1	2,5	30,4	0	4,9
506	29.07.2025 16:48:25,000	17,56	2,11	58,6	2,6	28,7	0	5,5
507	29.07.2025 16:48:26,000	17,50	2,11	51,9	2,5	35,6	0	4,3
508	29.07.2025 16:48:27,000	17,47	2,06	45,7	-4,2	40,1	0	-6,5
509	29.07.2025 16:48:28,000	17,41	1,99	31,5	5,3	53,2	0	6,6
510	29.07.2025 16:48:29,000	17,32	2,00	33,0	8,4	48,7	0	11,2
511	29.07.2025 16:48:30,000	17,17	1,99	44,6	0,5	44,9	0	0,7
512	29.07.2025 16:48:31,000	17,14	1,95	40,4	2,5	47,1	0	3,5
513	29.07.2025 16:48:32,000	17,14	1,95	45,2	-0,6	44,2	0	-0,8
514	29.07.2025 16:48:33,000	17,14	1,92	43,4	-0,1	46,5	0	-0,2
515	29.07.2025 16:48:34,000	17,14	1,90	43,8	-3,9	42,3	0	-5,8
516	29.07.2025 16:48:35,000	17,14	1,90	38,2	5,8	46,0	0	8,2
517	29.07.2025 16:48:36,000	17,14	1,88	43,0	-1,9	45,0	0	-2,8
518	29.07.2025 16:48:37,000	17,17	1,84	45,0	-0,5	44,5	0	-0,7
519	29.07.2025 16:48:38,000	17,23	1,84	38,3	5,9	45,8	0	8,2
520	29.07.2025 16:48:39,000	17,29	1,82	42,6	4,2	43,2	0	6,1
521	29.07.2025 16:48:40,000	17,32	1,78	41,9	9,6	38,5	0	15,3
522	29.07.2025 16:48:41,000	17,38	1,76	33,9	13,7	42,3	0	19,8
523	29.07.2025 16:48:42,000	17,47	1,72	40,1	12,1	37,8	0	19,2
524	29.07.2025 16:48:43,000	17,53	1,73	39,8	8,8	41,4	0	13,2
525	29.07.2025 16:48:44,000	17,56	1,71	41,0	6,9	42,1	0	10,2
526	29.07.2025 16:48:45,000	17,62	1,67	38,8	5,1	46,1	0	7,2
527	29.07.2025 16:48:46,000	17,68	1,67	39,5	9,9	40,6	0	15,0
528	29.07.2025 16:48:47,000	17,74	1,65	41,4	7,2	41,4	0	10,9
529	29.07.2025 16:48:48,000	17,80	1,61	43,1	6,0	40,9	0	9,1
530	29.07.2025 16:48:49,000	17,83	1,62	41,9	5,0	43,2	0	7,3
531	29.07.2025 16:48:50,000	17,89	1,62	39,5	4,0	46,5	0	5,6
532	29.07.2025 16:48:51,000	17,92	1,62	41,0	5,8	43,2	0	8,5
533	29.07.2025 16:48:52,000	17,95	1,60	44,7	6,9	38,4	0	11,0
534	29.07.2025 16:48:53,000	18,01	1,63	44,4	2,4	43,2	0	3,5
535	29.07.2025 16:48:54,000	18,01	1,61	42,5	4,6	42,8	0	6,8
536	29.07.2025 16:48:55,000	18,04	1,63	42,8	5,6	41,6	0	8,5
537	29.07.2025 16:48:56,000	18,07	1,63	46,5	1,6	41,8	0	2,4
538	29.07.2025 16:48:57,000	18,10	1,64	44,8	5,2	39,9	0	8,2
539	29.07.2025 16:48:58,000	18,13	1,64	41,2	6,8	42,0	0	10,1
540	29.07.2025 16:48:59,000	18,13	1,64	41,7	4,7	43,7	0	6,8
541	29.07.2025 16:49:00,000	18,16	1,66	43,8	5,2	41,0	0	7,9
542	29.07.2025 16:49:01,000	18,16	1,64	46,5	4,8	38,7	0	7,7
543	29.07.2025 16:49:02,000	18,19	1,67	40,5	0,9	48,6	0	1,2
544	29.07.2025 16:49:03,000	18,19	1,67	43,1	7,5	39,3	0	11,9
545	29.07.2025 16:49:04,000	18,22	1,67	39,6	-4,9	45,5	0	-6,9
546	29.07.2025 16:49:05,000	18,22	1,69	43,0	6,0	41,0	0	9,2
547	29.07.2025 16:49:06,000	18,22	1,69	41,4	5,3	43,4	0	7,7
548	29.07.2025 16:49:07,000	18,25	1,71	44,3	1,9	43,8	0	2,7
549	29.07.2025 16:49:08,000	18,25	1,74	48,5	-0,6	40,9	0	-1,0
550	29.07.2025 16:49:09,000	18,25	1,74	44,5	5,4	40,0	0	8,5
551	29.07.2025 16:49:10,000	18,25	1,76	43,4	3,7	42,9	0	5,5
552	29.07.2025 16:49:11,000	18,22	1,76	47,7	0,6	41,7	0	0,9
553	29.07.2025 16:49:12,000	18,22	1,78	46,7	3,6	39,7	0	5,6
554	29.07.2025 16:49:13,000	18,22	1,82	41,4	4,1	44,5	0	5,8
555	29.07.2025 16:49:14,000	18,13	1,84	44,2	6,5	39,3	0	10,3
556	29.07.2025 16:49:15,000	18,07	1,90	46,5	-2,9	40,6	0	-4,5
557	29.07.2025 16:49:16,000	17,95	1,87	43,8	5,9	40,3	0	9,1
558	29.07.2025 16:49:17,000	17,83	1,98	40,7	6,9	42,4	0	10,3
559	29.07.2025 16:49:18,000	17,71	1,97	43,5	2,6	43,9	0	3,8
560	29.07.2025 16:49:19,000	17,65	1,98	49,2	-0,6	40,1	0	-0,9
561	29.07.2025 16:49:20,000	17,62	2,00	42,7	1,4	45,9	0	1,9
562	29.07.2025 16:49:21,000	17,47	2,04	44,8	6,8	38,4	0	10,9
563	29.07.2025 16:49:22,000	17,35	2,05	44,2	-4,6	41,3	0	-6,9
564	29.07.2025 16:49:23,000	17,32	2,05	49,6	2,4	38,0	0	3,9
565	29.07.2025 16:49:24,000	17,32	2,12	48,0	-0,3	41,6	0	-0,5
566	29.07.2025 16:49:25,000	17,20	2,11	39,3	3,4	47,3	0	4,6
567	29.07.2025 16:49:26,000	17,08	2,19	42,4	9,5	38,2	0	15,1
568	29.07.2025 16:49:27,000	16,96	2,20	39,9	-3,5	46,6	0	-4,8
569	29.07.2025 16:49:28,000	16,84	2,19	45,1	7,4	37,5	0	12,0
570	29.07.2025 16:49:29,000	16,81	2,21	40,4	-2,5	47,1	0	-3,4
571	29.07.2025 16:49:30,000	16,75	2,23	43,9	5,8	40,4	0	8,9
572	29.07.2025 16:49:31,000	16,57	2,33	40,1	0,9	49,0	0	1,2
573	29.07.2025 16:49:32,000	16,42	2,32	38,4	3,1	48,5	0	4,1
574	29.07.2025 16:49:33,000	16,33	2,36	42,4	9,0	38,6	0	14,2
575	29.07.2025 16:49:34,000	16,18	2,34	36,3	-1,7	52,0	0	-2,2
576	29.07.2025 16:49:35,000	16,06	2,40	35,9	5,8	48,3	0	7,9
577	29.07.2025 16:49:36,000	15,87	2,43	40,0	5,3	44,7	0	7,5
578	29.07.2025 16:49:37,000	15,72	2,45	40,6	8,3	41,1	0	12,6
579	29.07.2025 16:49:38,000	15,60	2,50	38,9	3,4	47,7	0	4,7
580	29.07.2025 16:49:39,000	15,51	2,52	38,2	2,2	49,6	0	2,9
581	29.07.2025 16:49:40,000	15,38	2,53	41,0	9,2	39,8	0	14,2
582	29.07.2025 16:49:41,000	15,32	2,57	39,9	-1,1	49,0	0	-1,4
583	29.07.2025 16:49:42,000	15,23	2,59	43,2	4,2	42,6	0	6,3
584	29.07.2025 16:49:43,000	15,02	2,62	42,3	-3,0	44,7	0	-4,3
585	29.07.2025 16:49:44,000	14,89	2,68	40,9	-8,5	40,6	0	-13,0
586	29.07.2025 16:49:45,000	14,65	2,79	46,6	2,5	41,0	0	3,8
587	29.07.2025 16:49:46,000	14,37	2,79	42,8	-5,4	41,8	0	-8,1
588	29.07.2025 16:49:47,000	14,18	2,78	45,8	-1,6	42,6	0	-2,4
589	29.07.2025 16:49:48,000	14,12	2,77	45,0	2,5	42,5	0	3,8
590	29.07.2025 16:49:49,000	14,00	2,85	44,2	3,3	42,5	0	4,9
591	29.07.2025 16:49:50,000	13,87	2,84	43,5	4,2	42,2	0	6,3
592	29.07.2025 16:49:51,000	13,72	2,90	45,1	3,5	41,4	0	5,3
593	29.07.2025 16:49:52,000	13,59	2,96	45,4	5,0	39,6	0	7,8
594	29.07.2025 16:49:53,000	13,41	2,97	41,2	8,3	40,5	0	12,7
595	29.07.2025 16:49:54,000	13,28	2,93	41,2	7,5	41,3	0	11,4
596	29.07.2025 16:49:55,000	13,25	2,95	46,3	2,7	41,0	0	4,1
597	29.07.2025 16:49:56,000	13,12	3,01	44,2	3,9	42,0	0	5,8
598	29.07.2025 16:49:57,000	13,00	3,00	40,4	9,0	40,6	0	13,7
599	29.07.2025 16:49:58,000	12,93	3,00	41,4	-3,1	45,5	0	-4,4
600	29.07.2025 16:49:59,000	12,90	3,00	38,2	-12,5	39,3	0	-19,1
601	29.07.2025 16:50:00,000	12,84	3,08	37,4	-11,7	40,9	0	-17,5
602	29.07.2025 16:50:01,000	12,75	3,05	41,6	-2,3	46,1	0	-3,2
603	29.07.2025 16:50:02,000	12,71	3,07	46,5	-1,6	41,9	0	-2,4
604	29.07.2025 16:50:03,000	12,62	3,09	46,7	-2,2	41,1	0	-3,3
605	29.07.2025 16:50:04,000	12,49	3,17	46,7	-0,8	42,5	0	-1,2
606	29.07.2025 16:50:05,000	12,37	3,18	45,2	-1,2	43,6	0	-1,7
607	29.07.2025 16:50:06,000	12,30	3,15	46,6	-0,7	42,7	0	-1,0
608	29.07.2025 16:50:07,000	12,21	3,24	47,2	-0,8	42,0	0	-1,2
609	29.07.2025 16:50:08,000	12,11	3,21	47,4	0,3	42,3	0	0,4
610	29.07.2025 16:50:09,000	11,98	3,24	45,8	0,5	43,7	0	0,7
611	29.07.2025 16:50:10,000	11,92	3,26	46,9	1,3	41,8	0	1,9
612	29.07.2025 16:50:11,000	11,79	3,29	46,0	1,1	42,9	0	1,6
613	29.07.2025 16:50:12,000	11,66	3,33	45,5	0,7	43,8	0	0,9
614	29.07.2025 16:50:13,000	11,54	3,32	44,7	2,9	42,3	0	4,4
615	29.07.2025 16:50:14,000	11,47	3,25	44,5	3,6	42,0	0	5,4
616	29.07.2025 16:50:15,000	11,47	3,34	42,2	4,8	43,0	0	7,1
617	29.07.2025 16:50:16,000	11,44	3,31	44,1	3,2	42,7	0	4,7
618	29.07.2025 16:50:17,000	11,44	3,33	43,6	3,5	42,9	0	5,2
619	29.07.2025 16:50:18,000	11,41	3,35	42,4	6,7	40,9	0	10,3
620	29.07.2025 16:50:19,000	11,41	3,35	41,4	6,5	42,1	0	9,7
621	29.07.2025 16:50:20,000	11,37	3,37	40,9	7,3	41,7	0	11,0
622	29.07.2025 16:50:21,000	11,34	3,44	40,4	5,9	43,6	0	8,6
623	29.07.2025 16:50:22,000	11,21	3,47	40,9	7,8	41,3	0	11,8
624	29.07.2025 16:50:23,000	11,12	3,49	40,2	7,2	42,6	0	10,7
625	29.07.2025 16:50:24,000	11,05	3,48	40,0	7,6	42,3	0	11,3
626	29.07.2025 16:50:25,000	11,02	3,50	41,3	6,9	41,8	0	10,3
627	29.07.2025 16:50:26,000	10,95	3,50	40,0	9,2	40,8	0	14,0
628	29.07.2025 16:50:27,000	10,89	3,52	39,6	7,3	43,2	0	10,6
629	29.07.2025 16:50:28,000	10,86	3,56	38,9	9,2	41,9	0	13,7
630	29.07.2025 16:50:29,000	10,82	3,60	40,0	8,9	41,1	0	13,4
631	29.07.2025 16:50:30,000	10,69	3,66	39,8	6,6	43,7	0	9,5
632	29.07.2025 16:50:31,000	10,60	3,63	39,5	7,1	43,4	0	10,4
633	29.07.2025 16:50:32,000	10,43	3,73	39,3	9,8	40,9	0	14,9
634	29.07.2025 16:50:33,000	10,30	3,70	40,6	4,7	44,7	0	6,7
635	29.07.2025 16:50:34,000	10,24	3,71	39,4	8,3	42,3	0	12,3
636	29.07.2025 16:50:35,000	10,14	3,77	38,9	11,9	39,2	0	18,4
637	29.07.2025 16:50:36,000	9,97	3,76	40,6	5,8	43,6	0	8,4
638	29.07.2025 16:50:37,000	9,94	3,74	41,7	8,3	40,1	0	12,8
639	29.07.2025 16:50:38,000	9,87	3,78	38,5	7,5	44,0	0	10,8
640	29.07.2025 16:50:39,000	9,78	3,84	39,3	10,4	40,3	0	15,8
641	29.07.2025 16:50:40,000	9,68	3,87	39,9	6,8	43,4	0	9,9
642	29.07.2025 16:50:41,000	9,61	3,87	38,0	11,9	40,1	0	18,0
643	29.07.2025 16:50:42,000	9,58	3,87	38,3	8,5	43,2	0	12,4
644	29.07.2025 16:50:43,000	9,58	3,89	39,2	10,2	40,6	0	15,5
645	29.07.2025 16:50:44,000	9,54	3,89	37,8	5,8	46,5	0	8,0
646	29.07.2025 16:50:45,000	9,54	3,89	37,7	10,1	42,2	0	14,9
647	29.07.2025 16:50:46,000	9,51	3,91	39,9	9,0	41,1	0	13,5
648	29.07.2025 16:50:47,000	9,51	3,97	35,3	8,2	46,5	0	11,3
649	29.07.2025 16:50:48,000	9,44	3,99	38,0	14,3	37,6	0	22,4
650	29.07.2025 16:50:49,000	9,38	3,99	36,0	-0,2	53,9	0	-0,2
651	29.07.2025 16:50:50,000	9,28	4,02	38,8	9,9	41,2	0	14,9
652	29.07.2025 16:50:51,000	9,24	4,07	38,7	9,7	41,6	0	14,5
653	29.07.2025 16:50:52,000	9,18	4,06	37,5	8,1	44,4	0	11,6
654	29.07.2025 16:50:53,000	9,14	4,08	40,7	9,7	39,5	0	15,1
655	29.07.2025 16:50:54,000	9,08	4,12	41,6	1,4	47,0	0	1,9
656	29.07.2025 16:50:55,000	8,94	4,18	40,4	7,9	41,7	0	11,8
657	29.07.2025 16:50:56,000	8,71	4,23	39,4	7,8	42,7	0	11,6
658	29.07.2025 16:50:57,000	8,57	4,22	40,3	6,5	43,2	0	9,5
659	29.07.2025 16:50:58,000	8,51	4,21	42,3	5,5	42,3	0	8,1
660	29.07.2025 16:50:59,000	8,47	4,25	41,8	5,4	42,8	0	7,9
661	29.07.2025 16:51:00,000	8,40	4,25	39,1	7,0	43,9	0	10,2
662	29.07.2025 16:51:01,000	8,30	4,31	38,6	9,9	41,5	0	14,8
663	29.07.2025 16:51:02,000	8,23	4,30	41,4	3,3	45,4	0	4,6
664	29.07.2025 16:51:03,000	8,23	4,30	42,9	5,0	42,2	0	7,4
665	29.07.2025 16:51:04,000	8,20	4,37	38,9	7,2	43,9	0	10,4
666	29.07.2025 16:51:05,000	8,10	4,40	37,9	7,6	44,5	0	10,8
667	29.07.2025 16:51:06,000	8,06	4,40	43,9	0,3	45,8	0	0,4
668	29.07.2025 16:51:07,000	8,06	4,40	42,9	5,5	41,6	0	8,3
669	29.07.2025 16:51:08,000	8,03	4,42	38,6	5,6	45,8	0	7,9
670	29.07.2025 16:51:09,000	7,93	4,44	40,7	3,1	46,2	0	4,2
671	29.07.2025 16:51:10,000	7,86	4,52	42,9	4,0	43,1	0	5,8
672	29.07.2025 16:51:11,000	7,79	4,54	42,6	3,4	44,0	0	4,9
673	29.07.2025 16:51:12,000	7,76	4,54	40,3	4,5	45,2	0	6,4
674	29.07.2025 16:51:13,000	7,72	4,53	37,5	6,5	46,0	0	9,1
675	29.07.2025 16:51:14,000	7,69	4,55	39,3	6,9	43,8	0	10,0
676	29.07.2025 16:51:15,000	7,69	4,58	41,8	3,9	44,3	0	5,6
677	29.07.2025 16:51:16,000	7,65	4,57	38,5	4,1	47,4	0	5,6
678	29.07.2025 16:51:17,000	7,65	4,59	36,3	9,1	44,6	0	12,9
679	29.07.2025 16:51:18,000	7,65	4,66	40,5	3,3	46,2	0	4,7
680	29.07.2025 16:51:19,000	7,62	4,68	37,7	5,8	46,4	0	8,1
681	29.07.2025 16:51:20,000	7,58	4,72	37,4	5,5	47,1	0	7,6
682	29.07.2025 16:51:21,000	7,52	4,72	38,5	6,1	45,4	0	8,6
683	29.07.2025 16:51:22,000	7,52	4,74	42,3	7,3	40,4	0	11,2
684	29.07.2025 16:51:23,000	7,52	4,74	39,7	2,6	47,6	0	3,6
685	29.07.2025 16:51:24,000	7,52	4,81	39,3	8,4	42,3	0	12,5
686	29.07.2025 16:51:25,000	7,45	4,83	42,5	1,6	45,9	0	2,3
687	29.07.2025 16:51:26,000	7,41	4,85	41,9	1,2	46,9	0	1,6
688	29.07.2025 16:51:27,000	7,34	4,91	38,7	7,9	43,4	0	11,6
689	29.07.2025 16:51:28,000	7,31	4,91	40,1	3,6	46,3	0	5,0
690	29.07.2025 16:51:29,000	7,27	4,90	41,7	1,3	47,0	0	1,8
691	29.07.2025 16:51:30,000	7,27	4,93	41,8	1,3	46,9	0	1,8
692	29.07.2025 16:51:31,000	7,24	4,95	39,3	7,7	43,0	0	11,3
693	29.07.2025 16:51:32,000	7,21	4,96	40,0	-0,5	49,5	0	-0,7
694	29.07.2025 16:51:33,000	7,17	5,03	42,8	4,6	42,5	0	6,9
695	29.07.2025 16:51:34,000	7,14	5,03	37,3	2,7	49,9	0	3,6
696	29.07.2025 16:51:35,000	7,17	5,05	38,7	10,2	41,1	0	15,3
697	29.07.2025 16:51:36,000	7,17	5,07	38,7	-4,1	47,2	0	-5,6
698	29.07.2025 16:51:37,000	7,14	5,09	41,5	6,6	42,0	0	9,8
699	29.07.2025 16:51:38,000	7,14	5,16	36,1	-0,6	53,3	0	-0,7
700	29.07.2025 16:51:39,000	7,07	5,16	40,4	6,9	42,8	0	10,1
701	29.07.2025 16:51:40,000	7,03	5,18	39,3	-8,4	42,2	0	-12,5
702	29.07.2025 16:51:41,000	7,03	5,20	44,4	-5,5	40,0	0	-8,6
703	29.07.2025 16:51:42,000	7,03	5,22	35,8	-14,3	39,9	0	-21,5
704	29.07.2025 16:51:43,000	7,03	5,24	37,1	-13,5	39,4	0	-20,5
705	29.07.2025 16:51:44,000	7,03	5,27	38,1	-14,2	37,7	0	-22,1
706	29.07.2025 16:51:45,000	7,03	5,29	36,6	-8,3	45,1	0	-11,7
707	29.07.2025 16:51:46,000	7,03	5,36	34,8	-14,4	40,8	0	-21,3
708	29.07.2025 16:51:47,000	6,96	5,37	35,8	-15,4	38,8	0	-23,4
709	29.07.2025 16:51:48,000	6,93	5,39	34,9	-14,3	40,8	0	-21,1
710	29.07.2025 16:51:49,000	6,86	5,39	34,4	-13,8	41,8	0	-20,1
711	29.07.2025 16:51:50,000	6,86	5,43	37,6	-12,2	40,2	0	-18,5
712	29.07.2025 16:51:51,000	6,79	5,45	37,7	-13,2	39,0	0	-20,3
713	29.07.2025 16:51:52,000	6,79	5,45	38,2	-10,6	41,2	0	-15,9
714	29.07.2025 16:51:53,000	6,79	5,45	48,7	-1,7	39,6	0	-2,7
715	29.07.2025 16:51:54,000	6,82	5,47	44,8	-6,7	38,5	0	-10,7
716	29.07.2025 16:51:55,000	6,82	5,50	43,7	-4,1	42,2	0	-6,1
717	29.07.2025 16:51:56,000	6,86	5,50	52,4	-0,5	37,1	0	-0,8
718	29.07.2025 16:51:57,000	6,86	5,54	51,5	-2,7	35,8	0	-4,6
719	29.07.2025 16:51:58,000	6,89	5,57	50,0	-1,5	38,5	0	-2,3
720	29.07.2025 16:51:59,000	6,89	5,59	54,3	0,5	35,2	0	0,9
721	29.07.2025 16:52:00,000	6,89	5,59	53,3	-2,6	34,1	0	-4,6
722	29.07.2025 16:52:01,000	6,89	5,62	53,0	-1,7	35,3	0	-2,9
723	29.07.2025 16:52:02,000	6,89	5,68	56,6	-1,4	32,1	0	-2,6
724	29.07.2025 16:52:03,000	6,89	5,70	57,8	-4,0	28,2	0	-8,4
725	29.07.2025 16:52:04,000	6,89	5,73	53,4	-1,8	34,8	0	-3,2
726	29.07.2025 16:52:05,000	6,89	5,75	59,6	-1,3	29,1	0	-2,8
727	29.07.2025 16:52:06,000	6,86	5,79	63,9	-2,1	24,1	0	-2,8
728	29.07.2025 16:52:07,000	6,79	5,83	58,2	0,5	31,3	0	1,1
729	29.07.2025 16:52:08,000	6,75	5,85	41,2	-1,3	47,5	0	-1,8
730	29.07.2025 16:52:09,000	6,72	5,85	18,1	-3,5	68,4	1	-3,8
731	29.07.2025 16:52:10,000	6,65	5,84	9,4	-10,4	70,2	1	-11,3
732	29.07.2025 16:52:11,000	6,61	5,86	4,7	-9,5	75,8	0	-10,0
733	29.07.2025 16:52:12,000	6,58	5,88	2,7	1,1	86,2	0	1,1
734	29.07.2025 16:52:13,000	6,54	5,90	12,1	-4,2	73,6	1	-4,5
735	29.07.2025 16:52:14,000	6,51	5,92	-0,1	0,6	89,3	1	0,6
736	29.07.2025 16:52:15,000	6,44	5,87	-0,3	8,4	81,4	1	8,4
737	29.07.2025 16:52:16,000	6,40	5,87	2,3	-5,9	81,8	1	-6,1
738	29.07.2025 16:52:17,000	6,37	5,91	-9,5	2,1	78,4	1	2,2
739	29.07.2025 16:52:18,000	6,33	5,82	-1,6	-17,9	70,4	0	-18,3
740	29.07.2025 16:52:19,000	6,33	5,86	10,6	-10,9	68,5	1	-11,9
741	29.07.2025 16:52:20,000	6,30	5,86	11,6	-0,1	78,4	1	-0,1
742	29.07.2025 16:52:21,000	6,12	5,96	-5,6	-7,6	76,9	1	-7,9
743	29.07.2025 16:52:22,000	5,98	5,90	10,8	-1,2	78,0	0	-1,3
744	29.07.2025 16:52:23,000	5,91	5,85	4,0	-4,1	81,9	1	-4,2
745	29.07.2025 16:52:24,000	5,83	5,89	15,3	-9,1	65,7	1	-10,2
746	29.07.2025 16:52:25,000	5,76	5,89	-2,6	-8,4	79,0	0	-8,6
747	29.07.2025 16:52:26,000	5,73	5,82	4,5	-1,8	83,7	1	-1,9
748	29.07.2025 16:52:27,000	5,69	5,88	6,3	0,2	83,5	0	0,2
749	29.07.2025 16:52:28,000	5,69	5,90	19,4	7,6	63,0	0	8,7
750	29.07.2025 16:52:29,000	5,66	5,88	4,3	24,7	61,0	0	25,9
751	29.07.2025 16:52:30,000	5,66	5,88	15,0	-5,0	70,1	0	-5,4
752	29.07.2025 16:52:31,000	5,58	5,85	12,7	-9,6	67,6	0	-10,6
753	29.07.2025 16:52:32,000	5,55	5,87	-0,2	-11,4	78,4	1	-11,4
754	29.07.2025 16:52:33,000	5,55	5,87	9,8	6,9	73,2	0	7,5
755	29.07.2025 16:52:34,000	5,48	5,84	11,9	-9,4	68,6	1	-10,4
756	29.07.2025 16:52:35,000	5,44	5,86	20,4	-1,6	67,9	1	-1,8
757	29.07.2025 16:52:36,000	5,44	5,86	0,9	12,4	76,8	0	12,5
758	29.07.2025 16:52:37,000	5,41	5,84	12,2	14,5	63,3	0	16,2
759	29.07.2025 16:52:38,000	5,37	5,81	0,9	7,1	82,0	1	7,2
760	29.07.2025 16:52:39,000	5,33	5,88	16,3	-5,4	68,4	0	-5,9
761	29.07.2025 16:52:40,000	5,26	5,87	-8,3	-0,7	81,0	1	-0,7
762	29.07.2025 16:52:41,000	5,19	5,91	20,6	-21,5	48,0	1	-26,9
763	29.07.2025 16:52:42,000	5,15	5,82	6,1	13,9	70,0	1	14,8
764	29.07.2025 16:52:43,000	5,12	5,84	9,8	1,3	78,9	1	1,3
765	29.07.2025 16:52:44,000	5,08	5,83	6,9	8,6	74,5	1	9,1
766	29.07.2025 16:52:45,000	5,04	5,83	5,9	4,3	79,8	1	4,5
767	29.07.2025 16:52:46,000	5,01	5,85	13,4	10,2	66,4	1	11,3
768	29.07.2025 16:52:47,000	5,01	5,92	9,7	-6,3	74,0	0	-6,7
769	29.07.2025 16:52:48,000	4,94	5,87	-1,5	-3,0	85,4	0	-3,1
770	29.07.2025 16:52:49,000	4,86	5,84	18,6	-3,8	67,6	0	-4,2
771	29.07.2025 16:52:50,000	4,83	5,84	-10,1	-0,5	79,4	0	-0,5
772	29.07.2025 16:52:51,000	4,83	5,84	14,5	6,3	69,2	1	6,9
773	29.07.2025 16:52:52,000	4,79	5,83	13,9	14,8	61,4	0	16,8
774	29.07.2025 16:52:53,000	4,79	5,83	1,8	0,2	88,0	1	0,2
775	29.07.2025 16:52:54,000	4,75	5,81	5,1	-1,2	83,7	0	-1,2
776	29.07.2025 16:52:55,000	4,72	5,85	3,8	8,6	77,6	0	9,0
777	29.07.2025 16:52:56,000	4,68	5,87	17,8	17,2	55,0	1	20,5
778	29.07.2025 16:52:57,000	4,64	5,80	1,8	7,4	80,8	0	7,6
779	29.07.2025 16:52:58,000	4,61	5,80	-1,1	0,0	88,9	1	0,0
780	29.07.2025 16:52:59,000	4,53	5,81	-9,1	-2,2	78,7	0	-2,3
781	29.07.2025 16:53:00,000	4,50	5,81	11,4	4,7	73,8	0	5,0
782	29.07.2025 16:53:01,000	4,50	5,81	3,1	-2,2	84,7	0	-2,3
783	29.07.2025 16:53:02,000	4,50	5,81	0,8	4,6	84,6	1	4,6
784	29.07.2025 16:53:03,000	4,46	5,81	12,4	3,1	74,5	0	3,3
785	29.07.2025 16:53:04,000	4,46	5,79	1,4	-6,8	81,8	0	-6,9
786	29.07.2025 16:53:05,000	4,46	5,79	15,7	-2,5	71,8	1	-2,6
787	29.07.2025 16:53:06,000	4,42	5,76	-3,4	-3,3	83,3	1	-3,3
788	29.07.2025 16:53:07,000	4,39	5,80	1,6	-10,1	78,3	1	-10,3
789	29.07.2025 16:53:08,000	4,35	5,78	37,1	-1,0	51,9	0	-1,2
790	29.07.2025 16:53:09,000	4,31	5,75	4,8	4,4	80,8	0	4,5
791	29.07.2025 16:53:10,000	4,24	5,77	-4,7	-9,7	75,6	0	-10,2
792	29.07.2025 16:53:11,000	4,20	5,74	8,2	-8,6	73,2	0	-9,2
793	29.07.2025 16:53:12,000	4,20	5,79	9,1	51,9	29,1	0	57,8
794	29.07.2025 16:53:13,000	4,17	5,79	9,2	51,3	29,5	0	57,3
795	29.07.2025 16:53:14,000	4,13	5,76	9,3	51,0	29,7	0	57,0
796	29.07.2025 16:53:15,000	4,13	5,78	9,4	51,0	29,6	0	57,1
797	29.07.2025 16:53:16,000	4,13	5,76	9,4	50,9	29,7	0	56,9
798	29.07.2025 16:53:17,000	4,13	5,76	9,2	51,4	29,4	0	57,4
799	29.07.2025 16:53:18,000	4,09	5,76	9,0	51,8	29,1	0	57,7
800	29.07.2025 16:53:19,000	4,09	5,76	9,1	51,5	29,4	0	57,4
801	29.07.2025 16:53:20,000	4,09	5,73	9,1	51,6	29,3	0	57,5
802	29.07.2025 16:53:21,000	4,09	5,73	9,1	51,3	29,6	0	57,2
803	29.07.2025 16:53:22,000	4,09	5,73	9,2	51,3	29,6	0	57,2
804	29.07.2025 16:53:23,000	4,09	5,73	9,2	51,2	29,6	0	57,1
805	29.07.2025 16:53:24,000	4,09	5,73	9,2	51,0	29,8	0	56,9
806	29.07.2025 16:53:25,000	4,09	5,73	9,2	51,0	29,9	0	56,9
807	29.07.2025 16:53:26,000	4,09	5,73	9,1	51,0	29,8	0	56,9
808	29.07.2025 16:53:27,000	4,09	5,71	9,3	50,8	29,9	0	56,7
809	29.07.2025 16:53:28,000	4,09	5,71	9,2	50,4	30,4	0	56,3
810	29.07.2025 16:53:29,000	4,09	5,71	7,9	46,4	35,8	0	50,9
811	29.07.2025 16:53:30,000	4,09	5,69	18,6	23,5	47,9	1	28,9
812	29.07.2025 16:53:31,000	4,09	5,87	-11,3	2,3	76,4	0	2,4
813	29.07.2025 16:53:32,000	4,02	5,75	2,0	9,2	78,8	0	9,4
814	29.07.2025 16:53:33,000	3,98	5,75	9,3	1,1	79,6	1	1,1
815	29.07.2025 16:53:34,000	3,94	5,75	2,5	-3,0	84,5	0	-3,1
816	29.07.2025 16:53:35,000	3,91	5,77	11,8	8,9	69,4	1	9,7
817	29.07.2025 16:53:36,000	3,83	5,74	3,6	-2,3	84,1	0	-2,3
818	29.07.2025 16:53:37,000	3,83	5,74	2,2	3,7	84,1	1	3,8
819	29.07.2025 16:53:38,000	3,80	5,71	3,8	-4,2	81,9	0	-4,3
820	29.07.2025 16:53:39,000	3,76	5,75	14,3	13,8	61,9	1	15,7
821	29.07.2025 16:53:40,000	3,72	5,68	19,9	-12,1	58,0	1	-14,4
822	29.07.2025 16:53:41,000	3,68	5,75	9,0	2,0	79,0	0	2,1
823	29.07.2025 16:53:42,000	3,61	5,67	13,0	9,0	68,1	1	9,9
824	29.07.2025 16:53:43,000	3,61	5,74	-3,0	1,1	85,9	1	1,1
825	29.07.2025 16:53:44,000	3,57	5,76	6,9	4,1	79,0	1	4,3
826	29.07.2025 16:53:45,000	3,53	5,74	12,8	-1,2	76,0	1	-1,3
827	29.07.2025 16:53:46,000	3,53	5,74	13,3	-0,3	76,4	1	-0,3
828	29.07.2025 16:53:47,000	3,50	5,73	9,3	3,5	77,2	1	3,7
829	29.07.2025 16:53:48,000	3,46	5,69	11,3	-5,0	73,7	0	-5,4
830	29.07.2025 16:53:49,000	3,46	5,73	11,5	-3,2	75,3	0	-3,4
831	29.07.2025 16:53:50,000	3,42	5,73	10,4	-2,5	77,1	1	-2,6
832	29.07.2025 16:53:51,000	3,38	5,75	11,9	-7,0	71,1	1	-7,6
833	29.07.2025 16:53:52,000	3,38	5,75	5,1	-0,3	84,7	0	-0,3
834	29.07.2025 16:53:53,000	3,38	5,77	-5,0	-11,8	73,3	0	-12,4
835	29.07.2025 16:53:54,000	3,35	5,74	20,1	-7,2	62,7	0	-8,3
836	29.07.2025 16:53:55,000	3,35	5,77	-2,6	4,5	82,9	0	4,6
837	29.07.2025 16:53:56,000	3,31	5,79	20,2	-0,8	69,0	1	-0,8
838	29.07.2025 16:53:57,000	3,27	5,76	5,9	1,1	83,0	1	1,1
839	29.07.2025 16:53:58,000	3,27	5,78	5,7	-0,1	84,2	1	-0,1
840	29.07.2025 16:53:59,000	3,23	5,76	10,6	2,1	77,3	1	2,2
841	29.07.2025 16:54:00,000	3,23	5,76	4,1	8,7	77,2	1	9,0
842	29.07.2025 16:54:01,000	3,20	5,78	-7,2	2,9	79,9	0	3,0
843	29.07.2025 16:54:02,000	3,16	5,77	5,8	-2,4	81,8	1	-2,4
844	29.07.2025 16:54:03,000	3,16	5,77	12,1	-11,8	66,1	0	-13,2
845	29.07.2025 16:54:04,000	3,16	5,75	-0,8	-5,6	83,6	1	-5,7
846	29.07.2025 16:54:05,000	3,08	5,77	13,0	10,9	66,1	1	12,2
847	29.07.2025 16:54:06,000	3,04	5,77	-1,0	0,9	88,1	0	0,9
848	29.07.2025 16:54:07,000	3,04	5,77	13,3	1,0	75,7	0	1,1
849	29.07.2025 16:54:08,000	3,04	5,74	-2,7	-1,6	85,7	1	-1,7
850	29.07.2025 16:54:09,000	3,04	5,77	2,4	7,5	80,0	0	7,7
851	29.07.2025 16:54:10,000	3,01	5,81	-6,6	-8,6	74,9	1	-9,1
852	29.07.2025 16:54:11,000	3,01	5,58	-5,3	28,5	56,2	0	30,2
853	29.07.2025 16:54:12,000	2,97	5,74	20,4	15,4	54,2	1	18,8
854	29.07.2025 16:54:13,000	2,97	5,74	5,1	-4,9	80,1	0	-5,0
855	29.07.2025 16:54:14,000	2,93	5,76	21,3	-2,8	66,0	0	-3,1
856	29.07.2025 16:54:15,000	2,93	5,73	26,5	5,8	57,7	1	7,0
857	29.07.2025 16:54:16,000	2,93	5,76	7,6	15,1	67,3	0	16,3
858	29.07.2025 16:54:17,000	2,89	5,75	-4,9	-0,5	84,5	0	-0,5
859	29.07.2025 16:54:18,000	2,89	5,75	8,9	-8,7	72,4	1	-9,4
860	29.07.2025 16:54:19,000	2,85	5,75	1,8	-7,1	81,1	1	-7,3
861	29.07.2025 16:54:20,000	2,85	5,73	6,4	-18,9	64,7	1	-20,2
862	29.07.2025 16:54:21,000	2,85	5,75	4,7	-12,3	73,0	0	-12,9
863	29.07.2025 16:54:22,000	2,85	5,75	14,4	-1,6	74,0	1	-1,7
864	29.07.2025 16:54:23,000	2,85	5,75	1,2	-2,9	85,8	1	-3,0
865	29.07.2025 16:54:24,000	2,85	5,73	10,7	0,3	78,9	0	0,3
866	29.07.2025 16:54:25,000	2,85	5,73	6,1	2,4	81,5	1	2,5
867	29.07.2025 16:54:26,000	2,85	5,73	7,9	-1,1	81,0	1	-1,2
868	29.07.2025 16:54:27,000	2,82	5,73	9,7	8,2	72,2	0	8,8
869	29.07.2025 16:54:28,000	2,82	5,75	8,4	9,9	71,7	0	10,6
870	29.07.2025 16:54:29,000	2,82	5,75	10,6	21,9	57,5	1	24,5
871	29.07.2025 16:54:30,000	2,78	5,74	8,3	13,8	68,0	0	14,9
872	29.07.2025 16:54:31,000	2,78	5,74	16,0	6,8	67,2	0	7,5
873	29.07.2025 16:54:32,000	2,74	5,76	11,1	16,4	62,5	1	18,3
874	29.07.2025 16:54:33,000	2,74	5,72	18,3	15,4	56,3	0	18,3
875	29.07.2025 16:54:34,000	2,74	5,72	27,1	10,0	52,9	0	12,7
876	29.07.2025 16:54:35,000	2,74	5,72	28,2	9,2	52,6	1	11,6
877	29.07.2025 16:54:36,000	2,70	5,72	42,1	-2,2	45,7	1	-3,1
878	29.07.2025 16:54:37,000	2,70	5,72	38,8	-0,1	51,1	0	-0,2
879	29.07.2025 16:54:38,000	2,70	5,72	40,6	-1,8	47,6	0	-2,4
880	29.07.2025 16:54:39,000	2,70	5,69	40,8	-2,2	47,0	0	-3,0
881	29.07.2025 16:54:40,000	2,66	5,69	39,9	-5,7	44,3	0	-8,2
882	29.07.2025 16:54:41,000	2,66	5,69	39,7	1,9	48,4	0	2,5
883	29.07.2025 16:54:42,000	2,63	5,69	43,6	-3,1	43,3	0	-4,6
884	29.07.2025 16:54:43,000	2,63	5,64	37,7	0,7	51,6	0	0,9
885	29.07.2025 16:54:44,000	2,63	5,64	40,7	-4,1	45,2	0	-5,8
886	29.07.2025 16:54:45,000	2,59	5,64	44,3	-0,2	45,5	0	-0,3
887	29.07.2025 16:54:46,000	2,59	5,66	42,7	-1,0	46,3	0	-1,4
888	29.07.2025 16:54:47,000	2,59	5,62	43,8	-0,7	45,5	0	-1,0
889	29.07.2025 16:54:48,000	2,59	5,62	44,7	0,5	44,8	0	0,7
890	29.07.2025 16:54:49,000	2,59	5,59	45,8	1,0	43,2	0	1,5
891	29.07.2025 16:54:50,000	2,55	5,59	42,4	4,3	43,3	0	6,3
892	29.07.2025 16:54:51,000	2,55	5,59	45,7	4,8	39,6	0	7,5
893	29.07.2025 16:54:52,000	2,55	5,59	38,7	6,2	45,1	0	8,8
894	29.07.2025 16:54:53,000	2,55	5,57	45,2	8,9	35,9	1	15,0
895	29.07.2025 16:54:54,000	2,55	5,57	47,4	5,4	37,2	0	8,9
896	29.07.2025 16:54:55,000	2,55	5,57	44,5	5,2	40,3	0	8,0
897	29.07.2025 16:54:56,000	2,55	5,55	43,6	4,9	41,5	0	7,4
898	29.07.2025 16:54:57,000	2,55	5,52	47,0	3,0	40,0	0	4,6
899	29.07.2025 16:54:58,000	2,55	5,55	45,2	6,7	38,1	0	10,9
900	29.07.2025 16:54:59,000	2,51	5,54	47,4	3,8	38,9	0	6,0
901	29.07.2025 16:55:00,000	2,51	5,52	45,3	3,6	41,1	0	5,5
902	29.07.2025 16:55:01,000	2,51	5,50	49,1	1,6	39,4	0	2,5
903	29.07.2025 16:55:02,000	2,51	5,48	45,9	2,9	41,2	0	4,5
904	29.07.2025 16:55:03,000	2,51	5,45	44,3	3,8	41,9	0	5,7
905	29.07.2025 16:55:04,000	2,51	5,45	45,5	1,9	42,6	0	2,8
906	29.07.2025 16:55:05,000	2,51	5,45	46,8	3,1	40,0	0	4,9
907	29.07.2025 16:55:06,000	2,47	5,41	44,4	2,0	43,7	0	2,8
908	29.07.2025 16:55:07,000	2,47	5,41	48,9	1,0	40,1	0	1,5
909	29.07.2025 16:55:08,000	2,47	5,38	45,0	4,5	40,6	0	6,9
910	29.07.2025 16:55:09,000	2,47	5,36	43,6	3,7	42,7	0	5,4
911	29.07.2025 16:55:10,000	2,43	5,36	45,8	3,0	41,2	0	4,6
912	29.07.2025 16:55:11,000	2,43	5,34	48,1	3,6	38,3	0	5,9
913	29.07.2025 16:55:12,000	2,43	5,31	41,7	6,6	41,7	0	9,9
914	29.07.2025 16:55:13,000	2,43	5,29	42,0	5,0	42,9	0	7,4
915	29.07.2025 16:55:14,000	2,43	5,29	47,9	3,0	39,2	0	4,7
916	29.07.2025 16:55:15,000	2,43	5,22	42,7	6,7	40,5	0	10,4
917	29.07.2025 16:55:16,000	2,40	5,20	40,1	6,5	43,3	0	9,5
918	29.07.2025 16:55:17,000	2,40	5,18	45,0	5,4	39,6	0	8,5
919	29.07.2025 16:55:18,000	2,40	5,18	46,9	4,4	38,8	0	7,0
920	29.07.2025 16:55:19,000	2,40	5,13	42,6	6,8	40,6	0	10,4
921	29.07.2025 16:55:20,000	2,40	5,11	43,5	6,6	39,9	0	10,3
922	29.07.2025 16:55:21,000	2,40	5,09	47,9	3,5	38,7	0	5,6
923	29.07.2025 16:55:22,000	2,40	5,09	45,8	5,3	38,9	0	8,4
924	29.07.2025 16:55:23,000	2,40	5,04	44,7	5,9	39,3	0	9,4
925	29.07.2025 16:55:24,000	2,40	5,02	43,1	6,7	40,3	0	10,3
926	29.07.2025 16:55:25,000	2,40	5,00	47,4	4,9	37,7	0	8,1
927	29.07.2025 16:55:26,000	2,40	4,95	44,9	5,8	39,3	0	9,1
928	29.07.2025 16:55:27,000	2,40	4,93	44,1	6,7	39,3	0	10,5
929	29.07.2025 16:55:28,000	2,40	4,88	45,8	4,3	39,9	0	6,7
930	29.07.2025 16:55:29,000	2,36	4,88	46,7	5,4	37,9	0	8,7
931	29.07.2025 16:55:30,000	2,36	4,86	46,5	5,7	37,8	0	9,2
932	29.07.2025 16:55:31,000	2,36	4,81	43,0	5,9	41,1	0	9,0
933	29.07.2025 16:55:32,000	2,36	4,79	44,9	4,6	40,5	0	7,2
934	29.07.2025 16:55:33,000	2,36	4,77	47,4	3,6	39,0	0	5,8
935	29.07.2025 16:55:34,000	2,36	4,75	48,5	3,8	37,6	0	6,3
936	29.07.2025 16:55:35,000	2,36	4,72	44,0	5,4	40,6	0	8,2
937	29.07.2025 16:55:36,000	2,36	4,68	44,6	4,8	40,7	0	7,3
938	29.07.2025 16:55:37,000	2,32	4,63	49,7	1,2	39,1	0	1,9
939	29.07.2025 16:55:38,000	2,32	4,63	48,0	3,6	38,4	0	5,9
940	29.07.2025 16:55:39,000	2,32	4,56	41,7	6,3	42,1	0	9,4
941	29.07.2025 16:55:40,000	2,32	4,54	46,3	3,6	40,1	0	5,6
942	29.07.2025 16:55:41,000	2,32	4,54	50,1	2,7	37,2	0	4,5
943	29.07.2025 16:55:42,000	2,32	4,49	43,9	7,1	38,9	0	11,3
944	29.07.2025 16:55:43,000	2,32	4,47	43,1	5,3	41,7	0	7,9
945	29.07.2025 16:55:44,000	2,32	4,43	47,9	2,8	39,3	0	4,4
946	29.07.2025 16:55:45,000	2,32	4,40	46,7	6,0	37,3	0	9,8
947	29.07.2025 16:55:46,000	2,28	4,38	46,1	7,5	36,4	0	12,4
948	29.07.2025 16:55:47,000	2,28	4,36	47,9	6,5	35,6	0	11,1
949	29.07.2025 16:55:48,000	2,28	4,33	47,4	8,0	34,6	0	13,9
950	29.07.2025 16:55:49,000	2,28	4,29	48,0	6,0	36,0	0	10,2
951	29.07.2025 16:55:50,000	2,28	4,27	45,6	6,6	37,8	0	10,8
952	29.07.2025 16:55:51,000	2,28	4,22	44,3	7,1	38,6	0	11,4
953	29.07.2025 16:55:52,000	2,28	4,18	46,0	9,5	34,5	0	16,5
954	29.07.2025 16:55:53,000	2,28	4,18	47,6	4,8	37,5	0	8,0
955	29.07.2025 16:55:54,000	2,28	4,11	44,3	7,2	38,4	0	11,6
956	29.07.2025 16:55:55,000	2,28	4,06	46,0	7,3	36,6	0	12,2
957	29.07.2025 16:55:56,000	2,28	4,04	38,5	12,2	39,3	0	18,7
958	29.07.2025 16:55:57,000	2,28	4,00	44,3	8,4	37,3	0	13,7
959	29.07.2025 16:55:58,000	2,28	3,97	44,4	7,3	38,3	0	11,7
960	29.07.2025 16:55:59,000	2,28	3,93	45,4	7,9	36,6	0	13,2
961	29.07.2025 16:56:00,000	2,28	3,88	42,4	9,6	38,0	0	15,3
962	29.07.2025 16:56:01,000	2,28	3,82	41,2	10,5	38,3	0	16,6
963	29.07.2025 16:56:02,000	2,28	3,79	44,0	9,0	37,0	0	14,7
964	29.07.2025 16:56:03,000	2,28	3,75	45,7	5,7	38,6	0	9,1
965	29.07.2025 16:56:04,000	2,28	3,70	41,0	9,9	39,1	0	15,5
966	29.07.2025 16:56:05,000	2,28	3,66	39,9	10,1	40,0	0	15,6
967	29.07.2025 16:56:06,000	2,32	3,62	43,5	7,2	39,3	0	11,4
968	29.07.2025 16:56:07,000	2,32	3,57	43,3	8,8	37,8	0	14,2
969	29.07.2025 16:56:08,000	2,32	3,51	39,5	11,5	39,0	0	17,9
970	29.07.2025 16:56:09,000	2,36	3,46	43,0	6,2	40,9	0	9,4
971	29.07.2025 16:56:10,000	2,40	3,38	41,7	8,6	39,7	0	13,4
972	29.07.2025 16:56:11,000	2,47	3,34	39,6	10,6	39,8	0	16,3
973	29.07.2025 16:56:12,000	2,51	3,30	40,0	6,0	44,1	0	8,6
974	29.07.2025 16:56:13,000	2,59	3,23	42,9	5,4	41,7	0	8,2
975	29.07.2025 16:56:14,000	2,63	3,19	35,8	11,1	43,1	0	16,0
976	29.07.2025 16:56:15,000	2,70	3,13	39,2	7,7	43,2	0	11,2
977	29.07.2025 16:56:16,000	2,74	3,09	44,0	2,1	43,9	0	3,1
978	29.07.2025 16:56:17,000	2,78	3,05	42,6	3,7	43,7	0	5,5
979	29.07.2025 16:56:18,000	2,82	3,01	32,3	13,5	44,3	0	18,9
980	29.07.2025 16:56:19,000	2,82	2,94	41,9	1,2	46,8	0	1,7
981	29.07.2025 16:56:20,000	2,85	2,87	45,0	0,3	44,7	0	0,4
982	29.07.2025 16:56:21,000	2,89	2,83	29,8	15,2	45,0	0	20,8
983	29.07.2025 16:56:22,000	2,97	2,79	34,1	8,9	47,0	0	12,2
984	29.07.2025 16:56:23,000	3,01	2,73	43,8	-1,8	44,4	0	-2,6
985	29.07.2025 16:56:24,000	3,04	2,69	37,2	8,6	44,2	0	12,3
986	29.07.2025 16:56:25,000	3,08	2,64	30,5	14,5	45,1	0	19,9
987	29.07.2025 16:56:26,000	3,12	2,60	36,3	5,2	48,5	0	7,0
988	29.07.2025 16:56:27,000	3,20	2,54	37,1	3,0	50,0	0	3,9
989	29.07.2025 16:56:28,000	3,23	2,48	21,2	5,4	63,3	1	6,2
990	29.07.2025 16:56:29,000	3,31	2,46	50,2	5,3	34,6	0	9,3
991	29.07.2025 16:56:30,000	3,38	2,49	45,0	16,8	28,2	0	31,7
992	29.07.2025 16:56:31,000	3,46	2,52	45,9	18,7	25,4	0	36,9
993	29.07.2025 16:56:32,000	3,50	2,52	44,1	19,9	26,0	0	38,0
994	29.07.2025 16:56:33,000	3,50	2,52	42,2	22,9	24,8	0	42,9
995	29.07.2025 16:56:34,000	3,53	2,52	54,4	9,6	25,9	0	21,1
996	29.07.2025 16:56:35,000	3,57	2,48	49,8	12,9	27,3	0	26,1
997	29.07.2025 16:56:36,000	3,65	2,46	51,1	12,1	26,9	0	25,0
998	29.07.2025 16:56:37,000	3,68	2,47	50,3	12,9	26,8	0	26,6
999	29.07.2025 16:56:38,000	3,72	2,45	49,3	10,4	30,4	0	19,8
1000	29.07.2025 16:56:39,000	3,72	2,40	48,3	7,6	34,2	0	13,3
1001	29.07.2025 16:56:40,000	3,76	2,40	49,6	7,2	33,2	0	13,1
1002	29.07.2025 16:56:41,000	3,80	2,36	50,3	6,7	33,0	0	12,3
1003	29.07.2025 16:56:42,000	3,87	2,37	49,5	4,1	36,4	0	6,9
1004	29.07.2025 16:56:43,000	3,91	2,30	40,9	8,0	41,1	0	12,1
1005	29.07.2025 16:56:44,000	4,02	2,31	49,6	2,9	37,5	0	4,7
1006	29.07.2025 16:56:45,000	4,06	2,27	47,6	4,1	38,3	0	6,7
1007	29.07.2025 16:56:46,000	4,06	2,25	42,9	4,0	43,1	0	5,9
1008	29.07.2025 16:56:47,000	4,09	2,23	46,8	2,7	40,5	0	4,1
1009	29.07.2025 16:56:48,000	4,13	2,23	48,8	2,1	39,1	0	3,3
1010	29.07.2025 16:56:49,000	4,13	2,19	44,6	2,6	42,8	0	3,8
1011	29.07.2025 16:56:50,000	4,17	2,17	43,7	4,9	41,4	0	7,4
1012	29.07.2025 16:56:51,000	4,20	2,17	52,3	-1,9	35,8	0	-3,2
1013	29.07.2025 16:56:52,000	4,20	2,12	45,1	6,6	38,3	0	10,6
1014	29.07.2025 16:56:53,000	4,28	2,08	50,4	0,4	39,2	0	0,7
1015	29.07.2025 16:56:54,000	4,35	2,05	47,6	-0,6	41,9	0	-0,8
1016	29.07.2025 16:56:55,000	4,39	1,98	48,0	-3,1	38,8	0	-5,0
1017	29.07.2025 16:56:56,000	4,50	1,97	47,3	-2,5	40,2	0	-4,0
1018	29.07.2025 16:56:57,000	4,57	1,91	45,0	-3,4	41,6	0	-5,2
1019	29.07.2025 16:56:58,000	4,64	1,87	45,5	-5,1	39,4	0	-8,1
1020	29.07.2025 16:56:59,000	4,79	1,83	46,8	-5,7	37,6	0	-9,3
1021	29.07.2025 16:57:00,000	4,83	1,81	42,3	-7,2	40,5	0	-11,1
1022	29.07.2025 16:57:01,000	4,97	1,69	42,4	-6,5	41,0	0	-9,9
1023	29.07.2025 16:57:02,000	5,19	1,62	43,2	-6,4	40,4	0	-9,8
1024	29.07.2025 16:57:03,000	5,48	1,57	39,6	-5,9	44,5	0	-8,5
1025	29.07.2025 16:57:04,000	5,98	1,39	39,1	-7,4	43,5	0	-10,8
1026	29.07.2025 16:57:05,000	6,40	1,35	43,0	-8,1	38,9	0	-12,8
1027	29.07.2025 16:57:06,000	6,68	1,33	42,7	-7,3	40,0	0	-11,3
1028	29.07.2025 16:57:07,000	6,93	1,37	40,8	-7,9	41,3	0	-11,9
1029	29.07.2025 16:57:08,000	7,17	1,25	42,2	-5,1	42,7	0	-7,6
1030	29.07.2025 16:57:09,000	7,58	1,22	43,3	-6,7	40,0	0	-10,4
1031	29.07.2025 16:57:10,000	7,96	1,20	42,0	-6,7	41,3	0	-10,2
1032	29.07.2025 16:57:11,000	8,17	1,15	43,4	-8,3	38,4	0	-13,2
1033	29.07.2025 16:57:12,000	8,30	1,12	39,4	-8,2	42,4	0	-12,1
1034	29.07.2025 16:57:13,000	8,61	1,14	46,1	-3,9	40,0	0	-6,1
1035	29.07.2025 16:57:14,000	8,88	1,16	45,3	-7,0	37,7	0	-11,3
1036	29.07.2025 16:57:15,000	8,98	1,12	48,9	-4,5	36,7	0	-7,5
1037	29.07.2025 16:57:16,000	9,21	1,14	53,4	2,3	34,3	0	4,0
1038	29.07.2025 16:57:17,000	9,34	1,15	53,6	2,4	34,1	0	4,2
1039	29.07.2025 16:57:18,000	9,41	1,16	54,7	0,7	34,6	0	1,3
1040	29.07.2025 16:57:19,000	9,48	1,14	45,4	-5,5	39,1	0	-8,7
1041	29.07.2025 16:57:20,000	9,51	1,16	44,7	-3,6	41,7	0	-5,5
1042	29.07.2025 16:57:21,000	9,71	1,07	44,3	-4,5	41,2	0	-6,9
1043	29.07.2025 16:57:22,000	9,97	1,00	41,3	-4,8	44,0	0	-6,9
1044	29.07.2025 16:57:23,000	10,24	0,99	43,9	-8,5	37,6	0	-13,8
1045	29.07.2025 16:57:24,000	10,43	1,01	48,0	-2,3	39,6	0	-3,7
1046	29.07.2025 16:57:25,000	10,53	1,02	45,7	1,4	42,9	0	2,0
1047	29.07.2025 16:57:26,000	10,56	1,00	42,6	-8,5	38,8	0	-13,5
1048	29.07.2025 16:57:27,000	10,63	0,98	45,6	-8,1	36,4	0	-13,5
1049	29.07.2025 16:57:28,000	10,76	0,99	51,9	-2,1	36,1	0	-3,5
1050	29.07.2025 16:57:29,000	10,82	0,97	46,5	-1,1	42,5	0	-1,6
1051	29.07.2025 16:57:30,000	10,82	0,99	40,7	-6,6	42,7	0	-9,8
1052	29.07.2025 16:57:31,000	10,82	1,02	50,4	-3,7	35,9	0	-6,3
1053	29.07.2025 16:57:32,000	10,89	0,98	49,5	-4,9	35,7	0	-8,3
1054	29.07.2025 16:57:33,000	10,92	0,93	38,6	-5,4	46,0	0	-7,5
1055	29.07.2025 16:57:34,000	11,05	0,90	44,5	-2,2	43,4	0	-3,2
1056	29.07.2025 16:57:35,000	11,21	0,91	49,1	-5,0	35,9	0	-8,5
1057	29.07.2025 16:57:36,000	11,31	0,90	42,3	-6,5	41,1	0	-10,0
1058	29.07.2025 16:57:37,000	11,37	0,90	45,7	-5,2	39,2	0	-8,2
1059	29.07.2025 16:57:38,000	11,44	0,86	49,8	-1,4	38,7	0	-2,3
1060	29.07.2025 16:57:39,000	11,57	0,87	42,1	-1,1	46,8	0	-1,5
1061	29.07.2025 16:57:40,000	11,63	0,88	46,7	-7,6	35,7	0	-12,9
1062	29.07.2025 16:57:41,000	11,66	0,88	50,7	-0,5	38,8	0	-0,8
1063	29.07.2025 16:57:42,000	11,73	0,86	47,4	-2,7	39,9	0	-4,3
1064	29.07.2025 16:57:43,000	11,73	0,84	44,4	-8,2	37,3	0	-13,4
1065	29.07.2025 16:57:44,000	11,82	0,85	48,7	-5,3	36,1	0	-8,9
1066	29.07.2025 16:57:45,000	11,89	0,83	44,9	-7,8	37,3	0	-12,7
1067	29.07.2025 16:57:46,000	11,95	0,76	42,1	-6,6	41,3	0	-10,0
1068	29.07.2025 16:57:47,000	12,02	0,77	47,5	-1,7	40,8	0	-2,6
1069	29.07.2025 16:57:48,000	12,11	0,78	45,7	-3,8	40,5	0	-5,8
1070	29.07.2025 16:57:49,000	12,17	0,76	38,5	0,9	50,6	0	1,2
1071	29.07.2025 16:57:50,000	12,27	0,74	42,6	-5,0	42,4	0	-7,5
1072	29.07.2025 16:57:51,000	12,33	0,75	44,7	-3,7	41,6	0	-5,6
1073	29.07.2025 16:57:52,000	12,37	0,73	41,9	-6,4	41,7	0	-9,6
1074	29.07.2025 16:57:53,000	12,40	0,71	41,3	-2,2	46,5	0	-3,1
1075	29.07.2025 16:57:54,000	12,40	0,71	44,8	-3,1	42,1	0	-4,7
1076	29.07.2025 16:57:55,000	12,43	0,69	42,4	-4,8	42,8	0	-7,0
1077	29.07.2025 16:57:56,000	12,46	0,65	42,4	-6,7	40,9	0	-10,2
1078	29.07.2025 16:57:57,000	12,49	0,63	42,1	3,8	44,1	0	5,4
1079	29.07.2025 16:57:58,000	12,56	0,63	46,4	-8,2	35,5	0	-13,9
1080	29.07.2025 16:57:59,000	12,59	0,61	42,6	-1,8	45,5	0	-2,6
1081	29.07.2025 16:58:00,000	12,62	0,59	35,7	6,0	48,4	0	8,0
1082	29.07.2025 16:58:01,000	12,65	0,59	37,7	3,1	49,2	0	4,1
1083	29.07.2025 16:58:02,000	12,71	0,55	41,4	-2,6	46,0	0	-3,6
1084	29.07.2025 16:58:03,000	12,78	0,51	43,0	-5,7	41,3	0	-8,7
1085	29.07.2025 16:58:04,000	12,84	0,46	35,9	6,2	47,9	0	8,5
1086	29.07.2025 16:58:05,000	12,90	0,48	36,7	6,9	46,3	0	9,6
1087	29.07.2025 16:58:06,000	12,97	0,44	45,1	-5,9	39,0	0	-9,4
1088	29.07.2025 16:58:07,000	13,03	0,42	44,3	-4,2	41,5	0	-6,4
1089	29.07.2025 16:58:08,000	13,06	0,42	32,1	10,8	47,1	0	14,7
1090	29.07.2025 16:58:09,000	13,12	0,40	42,3	-7,6	40,2	0	-11,7
1091	29.07.2025 16:58:10,000	13,19	0,37	41,7	-8,2	40,1	0	-12,7
1092	29.07.2025 16:58:11,000	13,22	0,37	34,6	3,9	51,5	0	5,0
1093	29.07.2025 16:58:12,000	13,25	0,35	32,0	8,1	50,0	0	10,6
1094	29.07.2025 16:58:13,000	13,31	0,33	44,4	-6,5	39,2	0	-10,2
1095	29.07.2025 16:58:14,000	13,34	0,28	33,6	7,3	49,1	0	9,8
1096	29.07.2025 16:58:15,000	13,41	0,24	29,7	8,7	51,6	0	11,2
1097	29.07.2025 16:58:16,000	13,50	0,22	41,6	-7,4	41,1	0	-11,2
1098	29.07.2025 16:58:17,000	13,59	0,22	42,6	2,8	44,6	0	4,0
1099	29.07.2025 16:58:18,000	13,62	0,17	30,6	8,4	51,0	0	10,9
1100	29.07.2025 16:58:19,000	13,62	0,13	41,6	-14,9	33,5	0	-25,3
1101	29.07.2025 16:58:20,000	13,72	0,15	35,7	10,8	43,5	0	15,6
1102	29.07.2025 16:58:21,000	13,81	0,15	41,3	-6,8	42,0	0	-10,1
1103	29.07.2025 16:58:22,000	13,87	0,10	42,1	-11,2	36,7	1	-18,3
1104	29.07.2025 16:58:23,000	13,90	0,08	35,1	-2,8	52,1	0	-3,6
1105	29.07.2025 16:58:24,000	14,00	0,06	39,3	-15,4	35,3	0	-25,0
1106	29.07.2025 16:58:25,000	14,09	0,08	30,0	9,1	50,9	0	11,8
1107	29.07.2025 16:58:26,000	14,12	0,04	36,3	-6,1	47,6	0	-8,3
1108	29.07.2025 16:58:27,000	14,22	0,04	30,5	-9,6	49,9	0	-12,5
1109	29.07.2025 16:58:28,000	14,22	0,06	39,1	-14,7	36,2	0	-23,6
1110	29.07.2025 16:58:29,000	14,28	0,04	33,5	-6,1	50,4	0	-8,0
1111	29.07.2025 16:58:30,000	14,31	-0,01	28,6	-14,2	47,2	0	-19,0
1112	29.07.2025 16:58:31,000	14,37	-0,01	32,3	-11,7	46,0	0	-16,1
1113	29.07.2025 16:58:32,000	14,46	-0,03	27,4	-12,8	49,8	0	-16,7
1114	29.07.2025 16:58:33,000	14,59	-0,05	23,0	-12,6	54,4	0	-15,6
1115	29.07.2025 16:58:34,000	14,62	-0,01	35,2	-18,9	36,0	0	-29,2
1116	29.07.2025 16:58:35,000	14,65	0,01	41,4	-14,0	34,6	0	-23,4
1117	29.07.2025 16:58:36,000	14,68	0,01	37,0	-8,8	44,2	0	-12,6
1118	29.07.2025 16:58:37,000	14,65	-0,01	22,6	0,0	67,4	0	0,0
1119	29.07.2025 16:58:38,000	14,68	-0,01	23,0	5,4	61,7	0	6,2
1120	29.07.2025 16:58:39,000	14,68	-0,01	39,5	-2,7	47,8	0	-3,7
1121	29.07.2025 16:58:40,000	14,74	-0,01	28,2	3,5	58,3	0	4,1
1122	29.07.2025 16:58:41,000	14,77	-0,03	28,2	1,1	60,8	0	1,2
1123	29.07.2025 16:58:42,000	14,83	-0,03	24,4	1,8	63,9	0	2,0
1124	29.07.2025 16:58:43,000	14,86	-0,03	32,8	-9,7	47,5	0	-13,2
1125	29.07.2025 16:58:44,000	14,92	-0,03	33,7	-16,8	39,5	1	-24,9
1126	29.07.2025 16:58:45,000	14,92	-0,05	26,1	-10,1	53,8	0	-12,6
1127	29.07.2025 16:58:46,000	14,96	-0,03	24,8	-9,8	55,3	0	-12,1
1128	29.07.2025 16:58:47,000	14,99	-0,03	34,6	-14,6	40,8	0	-21,5
1129	29.07.2025 16:58:48,000	15,02	-0,03	35,8	-10,7	43,5	0	-15,4
1130	29.07.2025 16:58:49,000	15,05	-0,03	31,1	-6,2	52,7	0	-7,9
1131	29.07.2025 16:58:50,000	15,05	-0,08	29,4	-10,4	50,2	0	-13,6
1132	29.07.2025 16:58:51,000	15,14	-0,08	36,3	-6,7	47,0	1	-9,3
1133	29.07.2025 16:58:52,000	15,23	-0,03	26,1	5,3	58,6	0	6,3
1134	29.07.2025 16:58:53,000	15,26	-0,01	39,5	-14,7	35,8	0	-23,8
1135	29.07.2025 16:58:54,000	15,29	-0,03	32,3	-0,4	57,2	0	-0,5
1136	29.07.2025 16:58:55,000	15,35	-0,08	33,8	2,6	53,6	0	3,3
1137	29.07.2025 16:58:56,000	15,45	-0,08	40,0	-11,5	38,4	0	-18,1
1138	29.07.2025 16:58:57,000	15,48	-0,08	37,0	-8,6	44,4	0	-12,3
1139	29.07.2025 16:58:58,000	15,48	-0,08	32,6	3,1	54,3	0	3,9
1140	29.07.2025 16:58:59,000	15,48	-0,08	32,1	-8,0	49,8	0	-10,6
1141	29.07.2025 16:59:00,000	15,51	-0,12	25,1	1,5	63,4	0	1,7
1142	29.07.2025 16:59:01,000	15,60	-0,10	28,9	-13,5	47,6	0	-18,0
1143	29.07.2025 16:59:02,000	15,66	-0,10	32,6	-4,4	53,1	1	-5,5
1144	29.07.2025 16:59:03,000	15,69	-0,10	41,2	-4,5	44,3	1	-6,5
1145	29.07.2025 16:59:04,000	15,72	-0,12	37,6	-1,4	51,0	0	-1,8
1146	29.07.2025 16:59:05,000	15,72	-0,10	34,1	7,5	48,4	0	10,1
1147	29.07.2025 16:59:06,000	15,72	-0,08	36,3	4,2	49,6	0	5,5
1148	29.07.2025 16:59:07,000	15,72	-0,08	26,4	5,4	58,1	0	6,5
1149	29.07.2025 16:59:08,000	15,72	-0,12	28,5	4,8	56,6	1	5,9
1150	29.07.2025 16:59:09,000	15,81	-0,14	37,3	-3,6	49,1	0	-4,8
1151	29.07.2025 16:59:10,000	15,87	-0,12	36,1	-5,6	48,3	0	-7,5
1152	29.07.2025 16:59:11,000	15,90	-0,10	30,5	5,2	54,3	0	6,5
1153	29.07.2025 16:59:12,000	15,87	-0,10	37,6	-17,3	35,0	1	-27,8
1154	29.07.2025 16:59:13,000	15,90	-0,17	31,9	-13,3	44,8	0	-18,5
1155	29.07.2025 16:59:14,000	15,96	-0,12	26,8	14,7	48,5	0	19,2
1156	29.07.2025 16:59:15,000	16,02	-0,12	38,1	-12,8	39,1	1	-19,8
1157	29.07.2025 16:59:16,000	16,06	-0,21	20,0	-7,2	62,7	0	-8,3
1158	29.07.2025 16:59:17,000	16,09	-0,21	19,2	8,6	62,2	1	9,9
1159	29.07.2025 16:59:18,000	16,15	-0,17	32,4	-1,7	56,0	1	-2,0
1160	29.07.2025 16:59:19,000	16,21	-0,19	15,7	37,6	36,6	0	45,6
1161	29.07.2025 16:59:20,000	16,24	-0,14	37,9	11,9	40,3	0	18,0
1162	29.07.2025 16:59:21,000	16,27	-0,12	41,1	4,7	44,2	1	6,8
1163	29.07.2025 16:59:22,000	16,30	-0,12	24,3	26,2	39,5	0	35,2
1164	29.07.2025 16:59:23,000	16,27	-0,12	35,2	-7,1	47,7	0	-9,7
1165	29.07.2025 16:59:24,000	16,27	-0,12	30,3	-7,0	52,7	0	-8,9
1166	29.07.2025 16:59:25,000	16,30	-0,14	31,5	0,5	58,0	0	0,6
1167	29.07.2025 16:59:26,000	16,36	-0,14	34,8	-5,9	49,4	0	-7,8
1168	29.07.2025 16:59:27,000	16,39	-0,19	32,6	-13,5	43,9	0	-19,1
1169	29.07.2025 16:59:28,000	16,45	-0,17	33,4	-7,9	48,7	0	-10,6
1170	29.07.2025 16:59:29,000	16,48	-0,17	26,9	7,5	55,5	0	9,3
1171	29.07.2025 16:59:30,000	16,51	-0,14	35,2	-6,6	48,1	0	-9,0
1172	29.07.2025 16:59:31,000	16,54	-0,19	21,0	-1,9	67,1	1	-2,1
1173	29.07.2025 16:59:32,000	16,57	-0,19	18,0	13,6	58,5	0	16,0
1174	29.07.2025 16:59:33,000	16,60	-0,17	21,3	20,3	48,4	0	25,6
1175	29.07.2025 16:59:34,000	16,63	-0,19	23,7	18,3	48,1	0	23,6
1176	29.07.2025 16:59:35,000	16,66	-0,17	35,1	-2,3	52,5	0	-3,0
1177	29.07.2025 16:59:36,000	16,66	-0,14	32,4	9,1	48,4	0	12,3
1178	29.07.2025 16:59:37,000	16,69	-0,14	35,4	12,3	42,3	0	17,9
1179	29.07.2025 16:59:38,000	16,69	-0,19	21,7	9,5	58,8	1	11,3
1180	29.07.2025 16:59:39,000	16,69	-0,19	25,0	1,9	63,1	0	2,1
1181	29.07.2025 16:59:40,000	16,72	-0,17	37,9	-11,1	41,0	0	-16,7
1182	29.07.2025 16:59:41,000	16,78	-0,19	32,3	-2,3	55,4	1	-2,8
1183	29.07.2025 16:59:42,000	16,81	-0,21	29,1	-17,6	43,3	0	-24,4
1184	29.07.2025 16:59:43,000	16,84	-0,21	30,4	-6,8	52,8	1	-8,7
1185	29.07.2025 16:59:44,000	16,87	-0,21	43,3	2,0	44,7	0	2,8
1186	29.07.2025 16:59:45,000	16,93	-0,21	47,5	38,1	4,3	1	83,0
1187	29.07.2025 16:59:46,000	16,93	-0,14	24,6	27,6	37,8	0	37,5
1188	29.07.2025 16:59:47,000	16,87	-0,10	44,1	23,1	22,8	0	45,3
1189	29.07.2025 16:59:48,000	16,81	-0,12	59,6	24,9	5,5	0	77,2
1190	29.07.2025 16:59:49,000	16,72	-0,10	61,2	22,7	6,1	0	74,6
1191	29.07.2025 16:59:50,000	16,63	-0,08	60,6	24,0	5,4	0	76,9
1192	29.07.2025 16:59:51,000	16,54	-0,05	48,8	29,9	11,4	1	68,2
1193	29.07.2025 16:59:52,000	16,45	-0,05	61,5	23,2	5,2	0	76,9
1194	29.07.2025 16:59:53,000	16,39	-0,05	60,2	24,3	5,4	1	77,0
1195	29.07.2025 16:59:54,000	16,33	-0,03	63,1	21,2	5,8	0	77,0
1196	29.07.2025 16:59:55,000	16,27	-0,03	60,2	24,3	5,5	1	76,9
1197	29.07.2025 16:59:56,000	16,21	-0,03	64,2	21,1	4,7	1	76,9
1198	29.07.2025 16:59:57,000	16,18	-0,03	60,1	25,7	4,3	1	80,2
1199	29.07.2025 16:59:58,000	16,12	-0,03	61,8	23,4	4,9	0	77,9
1200	29.07.2025 16:59:59,000	16,09	-0,03	57,9	26,3	5,8	0	77,1
1201	29.07.2025 17:00:00,000	16,02	-0,01	58,6	26,9	4,5	0	80,1
1202	29.07.2025 17:00:01,000	15,99	-0,03	57,0	29,3	3,7	1	82,4
1203	29.07.2025 17:00:02,000	15,96	-0,01	59,4	26,0	4,6	0	79,5
1204	29.07.2025 17:00:03,000	15,93	-0,01	53,7	34,4	1,9	1	86,6
1205	29.07.2025 17:00:04,000	15,90	-0,01	29,6	43,2	-17,2	0	113,9
1206	29.07.2025 17:00:05,000	15,87	0,01	39,3	32,0	-18,8	1	121,5
1207	29.07.2025 17:00:06,000	15,84	0,04	68,4	13,0	-8,6	0	121,5
1208	29.07.2025 17:00:07,000	15,81	-0,01	57,6	29,7	-2,7	0	95,4
1209	29.07.2025 17:00:08,000	15,78	0,01	69,7	19,0	1,3	1	95,4
1210	29.07.2025 17:00:09,000	15,75	0,01	58,9	19,9	11,2	0	60,3
1211	29.07.2025 17:00:10,000	15,72	0,01	77,9	-6,4	5,7	0	60,3
1212	29.07.2025 17:00:11,000	15,69	0,01	77,8	-6,3	5,8	0	60,3
1213	29.07.2025 17:00:12,000	15,69	0,04	82,7	-1,4	5,9	1	60,3
1214	29.07.2025 17:00:13,000	15,66	0,01	63,6	23,1	3,4	0	60,3
1215	29.07.2025 17:00:14,000	15,63	0,01	-4,5	18,1	67,4	0	19,0
1216	29.07.2025 17:00:15,000	15,60	0,01	-12,5	10,7	66,7	0	11,9
1217	29.07.2025 17:00:16,000	15,60	0,04	-10,7	7,4	71,9	0	8,0
1218	29.07.2025 17:00:17,000	15,57	0,04	-5,3	8,8	75,8	0	9,3
1219	29.07.2025 17:00:18,000	15,54	0,04	-10,8	6,1	73,0	0	6,6
1220	29.07.2025 17:00:19,000	15,54	0,04	-8,4	7,0	74,6	0	7,5
1221	29.07.2025 17:00:20,000	15,51	0,04	-8,0	6,7	75,3	0	7,1
1222	29.07.2025 17:00:21,000	15,51	0,01	-7,9	5,9	76,2	0	6,2
1223	29.07.2025 17:00:22,000	15,48	0,04	-6,8	7,4	75,8	0	7,8
1224	29.07.2025 17:00:23,000	15,45	0,04	-5,9	7,3	76,8	0	7,7
1225	29.07.2025 17:00:24,000	15,45	0,01	-6,7	6,0	77,3	0	6,3
1226	29.07.2025 17:00:25,000	15,42	0,04	-5,6	4,3	80,0	0	4,5
1227	29.07.2025 17:00:26,000	15,42	0,06	-7,5	2,2	80,4	0	2,2
1228	29.07.2025 17:00:27,000	15,38	0,04	-61,2	-4,3	-24,5	0	-169,8
1229	29.07.2025 17:00:28,000	15,38	0,04	7,7	77,9	-4,4	1	94,6
1230	29.07.2025 17:00:29,000	15,38	0,01	3,9	82,8	-3,4	0	93,5
1231	29.07.2025 17:00:30,000	15,38	0,04	4,9	82,1	-3,0	0	93,1
1232	29.07.2025 17:00:31,000	15,38	0,01	4,1	81,8	-4,1	0	94,2
1233	29.07.2025 17:00:32,000	15,35	0,04	3,9	83,0	-3,0	0	93,1
1234	29.07.2025 17:00:33,000	15,35	0,01	4,2	82,2	-3,5	0	93,7
1235	29.07.2025 17:00:34,000	15,35	0,04	2,3	83,2	-4,4	0	94,5
1236	29.07.2025 17:00:35,000	15,35	0,04	1,8	85,3	-3,0	0	93,0
1237	29.07.2025 17:00:36,000	15,35	0,01	0,6	83,6	-5,8	1	95,9
1238	29.07.2025 17:00:37,000	15,35	0,01	-0,8	85,2	-4,0	0	94,0
1239	29.07.2025 17:00:38,000	15,35	0,04	-0,9	85,8	-3,3	0	93,3
1240	29.07.2025 17:00:39,000	15,35	0,01	-2,3	82,9	-4,8	0	94,9
1241	29.07.2025 17:00:40,000	15,35	0,04	-3,5	82,1	-4,4	0	94,5
1242	29.07.2025 17:00:41,000	15,32	0,04	-3,5	83,2	-3,3	0	93,4
1243	29.07.2025 17:00:42,000	15,32	0,04	-1,9	84,6	-3,5	0	93,5
1244	29.07.2025 17:00:43,000	15,32	0,04	-1,1	84,3	-4,6	0	94,7
1245	29.07.2025 17:00:44,000	15,32	0,04	-2,0	84,0	-4,0	0	94,1
1246	29.07.2025 17:00:45,000	15,32	0,04	-2,4	84,4	-3,2	0	93,3
1247	29.07.2025 17:00:46,000	15,32	0,04	-0,9	85,5	-3,7	0	93,7
1248	29.07.2025 17:00:47,000	15,32	0,06	0,2	85,3	-4,5	0	94,5
1249	29.07.2025 17:00:48,000	15,32	0,04	-1,8	84,5	-3,7	0	93,7
1250	29.07.2025 17:00:49,000	15,32	0,04	-1,6	85,3	-3,2	0	93,2
1251	29.07.2025 17:00:50,000	15,32	0,04	-0,6	85,2	-4,3	0	94,3
1252	29.07.2025 17:00:51,000	15,32	0,04	-0,6	85,6	-3,8	0	93,8
1253	29.07.2025 17:00:52,000	15,32	0,06	-0,6	86,2	-3,2	0	93,2
1254	29.07.2025 17:00:53,000	15,32	0,06	-0,7	84,7	-4,6	0	94,6
1255	29.07.2025 17:00:54,000	15,32	0,04	-1,4	85,1	-3,6	0	93,6
1256	29.07.2025 17:00:55,000	15,32	0,04	0,0	87,1	-2,8	0	92,8
1257	29.07.2025 17:00:56,000	15,29	0,06	0,6	85,3	-4,2	0	94,2
1258	29.07.2025 17:00:57,000	15,29	0,06	-1,4	84,4	-4,2	0	94,3
1259	29.07.2025 17:00:58,000	15,29	0,04	-0,9	85,6	-3,5	0	93,5
1260	29.07.2025 17:00:59,000	15,29	0,04	0,6	86,6	-2,8	0	92,8
1261	29.07.2025 17:01:00,000	15,29	0,06	-0,7	86,0	-3,4	0	93,4
1262	29.07.2025 17:01:01,000	15,29	0,06	-0,8	83,8	-5,3	0	95,4
1263	29.07.2025 17:01:02,000	15,29	0,06	0,7	86,4	-2,9	0	92,9
1264	29.07.2025 17:01:03,000	15,29	0,04	-0,7	87,2	-2,1	0	92,1
1265	29.07.2025 17:01:04,000	15,29	0,06	-0,5	84,0	-5,5	0	95,6
1266	29.07.2025 17:01:05,000	15,29	0,06	0,9	85,3	-3,8	0	93,8
1267	29.07.2025 17:01:06,000	15,29	0,04	-0,6	87,5	-1,9	0	91,9
1268	29.07.2025 17:01:07,000	15,29	0,06	-0,6	84,6	-4,9	0	94,9
1269	29.07.2025 17:01:08,000	15,29	0,04	0,6	85,3	-4,1	0	94,1
1270	29.07.2025 17:01:09,000	15,29	0,06	0,7	87,1	-2,2	0	92,2
1271	29.07.2025 17:01:10,000	15,32	0,06	0,1	86,2	-3,7	0	93,7
1272	29.07.2025 17:01:11,000	15,32	0,04	0,6	84,8	-4,6	0	94,7
1273	29.07.2025 17:01:12,000	15,32	0,04	0,6	86,7	-2,7	0	92,7
1274	29.07.2025 17:01:13,000	15,32	0,04	-0,1	87,0	-2,9	0	92,9
1275	29.07.2025 17:01:14,000	15,32	0,04	0,2	85,1	-4,6	0	94,6
1276	29.07.2025 17:01:15,000	15,35	0,06	0,4	85,8	-3,8	0	93,8
1277	29.07.2025 17:01:16,000	15,35	0,04	1,1	86,5	-2,4	0	92,4
1278	29.07.2025 17:01:17,000	15,35	0,04	1,2	80,9	-7,9	0	98,0
1279	29.07.2025 17:01:18,000	15,35	0,04	-54,2	1,7	-34,1	1	177,0
1280	29.07.2025 17:01:19,000	15,35	0,04	-50,6	-6,6	-32,8	0	-167,9
1281	29.07.2025 17:01:20,000	15,35	0,04	-51,0	-0,3	-38,7	1	-179,6
1282	29.07.2025 17:01:21,000	15,38	0,04	-54,7	-5,2	-30,1	0	-169,8
1283	29.07.2025 17:01:22,000	15,38	0,01	-56,6	-3,2	-30,1	0	-173,6
1284	29.07.2025 17:01:23,000	15,38	0,01	-55,3	-2,9	-31,8	0	-174,5
1285	29.07.2025 17:01:24,000	15,42	0,04	-56,0	-3,6	-30,4	0	-172,9
1286	29.07.2025 17:01:25,000	15,42	0,01	-53,8	-3,4	-32,8	1	-173,8
1287	29.07.2025 17:01:26,000	15,45	0,01	-55,7	-4,2	-30,1	0	-171,6
1288	29.07.2025 17:01:27,000	15,45	0,01	-56,5	-4,2	-29,3	0	-171,4
1289	29.07.2025 17:01:28,000	15,45	0,04	-56,2	-3,6	-30,2	0	-172,8
1290	29.07.2025 17:01:29,000	15,45	0,04	-55,1	-4,3	-30,6	0	-171,7
1291	29.07.2025 17:01:30,000	15,45	0,01	-58,5	-1,6	-29,9	0	-176,8
1292	29.07.2025 17:01:31,000	15,45	0,04	-56,2	-6,7	-27,2	0	-165,6
1293	29.07.2025 17:01:32,000	15,45	0,04	-52,5	-9,3	-28,2	0	-161,1
1294	29.07.2025 17:01:33,000	15,48	0,04	-57,6	-3,2	-29,2	0	-173,5
1295	29.07.2025 17:01:34,000	15,48	0,04	-53,4	-2,2	-34,4	0	-176,1
1296	29.07.2025 17:01:35,000	15,48	0,01	-54,9	-6,2	-28,8	0	-167,2
1297	29.07.2025 17:01:36,000	15,48	0,04	-57,7	-3,7	-28,7	0	-172,4
1298	29.07.2025 17:01:37,000	15,48	0,04	-56,9	-4,1	-28,9	1	-171,5
1299	29.07.2025 17:01:38,000	15,48	0,04	-56,6	-2,9	-30,5	0	-174,3
1300	29.07.2025 17:01:39,000	15,51	0,04	-58,5	-3,7	-27,8	0	-172,1
1301	29.07.2025 17:01:40,000	15,51	0,04	-55,2	-3,0	-31,8	0	-174,2
1302	29.07.2025 17:01:41,000	15,51	0,04	-54,9	-4,0	-31,0	0	-172,2
1303	29.07.2025 17:01:42,000	15,51	0,04	-58,6	-3,5	-27,9	0	-172,5
1304	29.07.2025 17:01:43,000	15,54	0,04	-59,4	-3,4	-27,2	0	-172,5
1305	29.07.2025 17:01:44,000	15,54	0,04	-58,3	-2,0	-29,7	0	-176,0
1306	29.07.2025 17:01:45,000	15,54	0,04	-5,4	9,8	-74,8	0	169,7
1307	29.07.2025 17:01:46,000	15,54	0,04	-2,7	9,3	-78,1	0	170,5
1308	29.07.2025 17:01:47,000	15,54	0,06	-3,8	8,4	-77,8	0	171,3
1309	29.07.2025 17:01:48,000	15,54	0,06	-3,2	9,9	-76,9	0	169,8
1310	29.07.2025 17:01:49,000	15,54	0,06	-3,1	9,8	-77,1	0	169,9
1311	29.07.2025 17:01:50,000	15,54	0,04	-4,4	8,1	-77,6	0	171,6
1312	29.07.2025 17:01:51,000	15,54	0,06	-3,3	8,9	-77,9	0	170,8
1313	29.07.2025 17:01:52,000	15,54	0,04	-3,0	9,2	-77,8	0	170,5
1314	29.07.2025 17:01:53,000	15,54	0,06	-4,1	11,0	-74,9	0	168,6
1315	29.07.2025 17:01:54,000	15,54	0,06	-3,8	9,0	-77,3	0	170,7
1316	29.07.2025 17:01:55,000	15,54	0,06	-2,5	9,5	-78,0	0	170,3
1317	29.07.2025 17:01:56,000	15,54	0,06	-3,1	10,8	-76,2	0	168,9
1318	29.07.2025 17:01:57,000	15,57	0,06	-4,5	8,0	-77,5	0	171,7
1319	29.07.2025 17:01:58,000	15,57	0,06	-4,8	10,3	-74,9	0	169,2
1320	29.07.2025 17:01:59,000	15,57	0,06	-4,6	9,1	-76,3	0	170,5
1321	29.07.2025 17:02:00,000	15,57	0,06	-4,8	9,3	-75,8	0	170,2
1322	29.07.2025 17:02:01,000	15,57	0,06	-4,7	9,2	-76,1	0	170,4
1323	29.07.2025 17:02:02,000	15,57	0,06	-4,3	8,9	-76,7	0	170,7
1324	29.07.2025 17:02:03,000	15,57	0,04	-3,5	9,3	-77,2	0	170,3
1325	29.07.2025 17:02:04,000	15,57	0,04	-3,6	9,5	-76,9	0	170,1
1326	29.07.2025 17:02:05,000	15,57	0,04	-2,3	9,6	-78,1	0	170,1
1327	29.07.2025 17:02:06,000	15,57	0,06	-3,2	9,2	-77,7	0	170,5
1328	29.07.2025 17:02:07,000	15,57	0,06	-2,0	10,7	-77,3	0	169,0
1329	29.07.2025 17:02:08,000	15,60	0,06	-3,3	8,7	-78,0	0	171,0
1330	29.07.2025 17:02:09,000	15,60	0,04	-1,8	9,4	-78,8	0	170,4
1331	29.07.2025 17:02:10,000	15,60	0,06	-2,5	9,6	-77,9	0	170,1
1332	29.07.2025 17:02:11,000	15,60	0,06	-2,9	9,2	-77,9	0	170,5
1333	29.07.2025 17:02:12,000	15,60	0,04	-1,4	10,3	-78,3	0	169,6
1334	29.07.2025 17:02:13,000	15,60	0,06	-2,2	8,8	-79,0	0	171,0
1335	29.07.2025 17:02:14,000	15,60	0,06	-0,8	10,9	-78,3	0	169,0
1336	29.07.2025 17:02:15,000	15,60	0,06	-1,7	8,7	-79,6	0	171,2
1337	29.07.2025 17:02:16,000	15,60	0,04	-1,3	10,5	-78,2	0	169,3
1338	29.07.2025 17:02:17,000	15,63	0,06	0,4	8,6	-81,0	0	171,4
1339	29.07.2025 17:02:18,000	15,63	0,06	-0,3	10,3	-79,4	0	169,7
1340	29.07.2025 17:02:19,000	15,63	0,04	0,1	12,1	-77,8	0	167,8
1341	29.07.2025 17:02:20,000	15,63	0,06	-0,8	8,5	-80,8	0	171,5
1342	29.07.2025 17:02:21,000	15,63	0,06	1,1	11,8	-77,1	0	168,0
1343	29.07.2025 17:02:22,000	15,63	0,04	0,7	9,3	-80,0	0	170,7
1344	29.07.2025 17:02:23,000	15,66	0,06	1,5	11,3	-77,2	0	168,5
1345	29.07.2025 17:02:24,000	15,66	0,06	0,4	9,6	-80,0	0	170,3
1346	29.07.2025 17:02:25,000	15,66	0,04	0,5	10,4	-79,1	0	169,5
1347	29.07.2025 17:02:26,000	15,66	0,06	2,8	11,0	-76,2	0	168,7
1348	29.07.2025 17:02:27,000	15,66	0,04	-0,5	9,2	-80,3	0	170,7
1349	29.07.2025 17:02:28,000	15,66	0,04	1,1	10,2	-78,7	0	169,7
1350	29.07.2025 17:02:29,000	15,66	0,04	1,7	11,0	-77,3	0	168,8
1351	29.07.2025 17:02:30,000	15,69	0,04	-0,6	9,0	-80,4	0	171,0
1352	29.07.2025 17:02:31,000	15,69	0,06	1,8	11,0	-77,2	0	168,8
1353	29.07.2025 17:02:32,000	15,69	0,06	0,3	9,6	-80,1	0	170,4
1354	29.07.2025 17:02:33,000	15,69	0,04	0,5	10,4	-79,1	0	169,5
1355	29.07.2025 17:02:34,000	15,69	0,04	0,1	9,9	-80,0	0	170,1
1356	29.07.2025 17:02:35,000	15,72	0,04	-1,0	9,0	-79,9	0	170,9
1357	29.07.2025 17:02:36,000	15,72	0,06	-1,2	9,9	-78,9	0	170,0
1358	29.07.2025 17:02:37,000	15,72	0,04	0,3	9,8	-79,9	0	170,2
1359	29.07.2025 17:02:38,000	15,72	0,04	1,0	9,9	-79,0	0	169,9
1360	29.07.2025 17:02:39,000	15,72	0,04	1,4	10,2	-78,3	0	169,6
1361	29.07.2025 17:02:40,000	15,72	0,04	0,8	9,3	-79,9	0	170,6
1362	29.07.2025 17:02:41,000	15,72	0,04	0,3	9,8	-79,9	0	170,2
1363	29.07.2025 17:02:42,000	15,75	0,04	-0,9	9,6	-79,4	0	170,3
1364	29.07.2025 17:02:43,000	15,75	0,06	-0,7	9,3	-80,0	0	170,7
1365	29.07.2025 17:02:44,000	15,75	0,04	-2,5	9,2	-78,3	0	170,6
1366	29.07.2025 17:02:45,000	15,75	0,04	-1,3	9,1	-79,5	0	170,7
1367	29.07.2025 17:02:46,000	15,75	0,04	-3,1	8,6	-78,3	0	171,2
1368	29.07.2025 17:02:47,000	15,78	0,04	-1,4	10,9	-77,7	0	168,9
1369	29.07.2025 17:02:48,000	15,78	0,04	-2,6	6,8	-80,7	0	173,1
1370	29.07.2025 17:02:49,000	15,78	0,04	-2,8	10,1	-77,1	0	169,6
1371	29.07.2025 17:02:50,000	15,78	0,04	-2,6	9,1	-78,3	0	170,6
1372	29.07.2025 17:02:51,000	15,78	0,01	-1,9	8,7	-79,5	0	171,2
1373	29.07.2025 17:02:52,000	15,81	0,04	-1,3	9,4	-79,3	0	170,5
1374	29.07.2025 17:02:53,000	15,81	0,04	0,2	10,5	-79,3	0	169,5
1375	29.07.2025 17:02:54,000	15,81	0,04	0,9	8,4	-80,7	0	171,5
1376	29.07.2025 17:02:55,000	15,81	0,04	1,8	10,9	-77,3	0	168,9
1377	29.07.2025 17:02:56,000	15,84	0,06	1,6	10,2	-78,3	0	169,7
1378	29.07.2025 17:02:57,000	15,84	0,04	3,0	9,0	-78,0	0	170,8
1379	29.07.2025 17:02:58,000	15,84	0,06	2,9	11,0	-76,2	0	168,7
1380	29.07.2025 17:02:59,000	15,84	0,06	2,6	9,1	-78,4	0	170,7
1381	29.07.2025 17:03:00,000	15,84	0,06	1,3	10,0	-78,7	0	169,8
1382	29.07.2025 17:03:01,000	15,84	0,06	1,9	10,2	-77,9	0	169,6
1383	29.07.2025 17:03:02,000	15,87	0,06	-0,8	8,7	-80,5	0	171,3
1384	29.07.2025 17:03:03,000	15,87	0,06	-0,9	10,3	-78,9	0	169,7
1385	29.07.2025 17:03:04,000	15,87	0,04	-2,2	7,5	-80,2	0	172,3
1386	29.07.2025 17:03:05,000	15,87	0,04	-2,4	9,5	-78,1	0	170,2
1387	29.07.2025 17:03:06,000	15,87	0,06	-2,6	9,0	-78,4	0	170,8
1388	29.07.2025 17:03:07,000	15,90	0,04	-3,4	8,1	-78,5	0	171,7
1389	29.07.2025 17:03:08,000	15,90	0,04	-2,5	9,3	-78,3	0	170,5
1390	29.07.2025 17:03:09,000	15,90	0,04	-4,5	8,3	-77,2	0	171,4
1391	29.07.2025 17:03:10,000	15,90	0,06	-3,0	7,7	-79,3	0	172,1
1392	29.07.2025 17:03:11,000	15,90	0,04	-6,1	9,5	-74,4	0	170,0
1393	29.07.2025 17:03:12,000	15,93	0,04	-3,2	7,4	-79,4	0	172,4
1394	29.07.2025 17:03:13,000	15,93	0,06	-4,3	6,6	-79,1	0	173,1
1395	29.07.2025 17:03:14,000	15,93	0,04	-3,1	8,3	-78,7	0	171,5
1396	29.07.2025 17:03:15,000	15,93	0,04	-3,4	6,6	-79,9	0	173,2
1397	29.07.2025 17:03:16,000	15,96	0,04	-3,7	7,8	-78,5	0	171,9
1398	29.07.2025 17:03:17,000	15,96	0,04	-3,7	7,5	-78,7	0	172,2
1399	29.07.2025 17:03:18,000	15,96	0,04	-3,3	7,2	-79,5	0	172,6
1400	29.07.2025 17:03:19,000	15,96	0,04	-2,3	8,2	-79,5	0	171,6
1401	29.07.2025 17:03:20,000	15,99	0,04	-3,9	6,1	-80,0	0	173,7
1402	29.07.2025 17:03:21,000	15,99	0,04	-3,6	7,7	-78,7	0	172,0
1403	29.07.2025 17:03:22,000	15,99	0,01	-4,4	7,2	-78,3	0	172,5
1404	29.07.2025 17:03:23,000	15,99	0,04	-3,7	7,4	-78,9	0	172,4
1405	29.07.2025 17:03:24,000	15,99	0,04	-4,4	7,6	-78,0	0	172,1
1406	29.07.2025 17:03:25,000	15,99	0,04	-3,2	6,6	-80,2	0	173,2
1407	29.07.2025 17:03:26,000	16,02	0,04	-4,5	7,2	-78,3	0	172,5
1408	29.07.2025 17:03:27,000	16,02	0,04	-4,4	7,0	-78,7	0	172,8
1409	29.07.2025 17:03:28,000	16,02	0,04	-3,5	7,5	-79,0	0	172,2
1410	29.07.2025 17:03:29,000	16,02	0,04	-2,8	6,7	-80,5	0	173,1
1411	29.07.2025 17:03:30,000	16,06	0,04	-3,1	8,0	-78,8	0	171,7
1412	29.07.2025 17:03:31,000	16,06	0,04	-4,0	6,7	-79,3	0	173,1
1413	29.07.2025 17:03:32,000	16,06	0,04	-3,5	7,4	-79,2	0	172,4
1414	29.07.2025 17:03:33,000	16,06	0,04	-4,7	6,9	-78,4	0	172,8
1415	29.07.2025 17:03:34,000	16,06	0,04	-3,5	6,5	-80,1	0	173,3
1416	29.07.2025 17:03:35,000	16,09	0,01	-4,1	7,3	-78,6	0	172,4
1417	29.07.2025 17:03:36,000	16,09	0,04	-3,2	8,1	-78,8	0	171,7
1418	29.07.2025 17:03:37,000	16,09	0,04	-2,3	6,2	-81,5	0	173,7
1419	29.07.2025 17:03:38,000	16,09	0,04	-3,0	8,3	-78,7	0	171,5
1420	29.07.2025 17:03:39,000	16,09	0,04	-2,9	6,0	-81,1	0	173,8
1421	29.07.2025 17:03:40,000	16,12	0,01	-3,7	6,6	-79,7	0	173,2
1422	29.07.2025 17:03:41,000	16,12	0,01	-3,9	8,9	-77,2	0	170,8
1423	29.07.2025 17:03:42,000	16,12	0,01	-3,3	6,1	-80,7	0	173,7
1424	29.07.2025 17:03:43,000	16,12	0,01	-2,3	7,1	-80,7	0	172,8
1425	29.07.2025 17:03:44,000	16,15	0,06	-3,1	7,7	-79,2	0	172,1
1426	29.07.2025 17:03:45,000	16,15	0,04	-2,1	6,2	-81,8	0	173,7
1427	29.07.2025 17:03:46,000	16,15	0,04	-3,7	8,0	-78,3	0	171,7
1428	29.07.2025 17:03:47,000	16,15	0,04	-2,8	7,6	-79,6	0	172,2
1429	29.07.2025 17:03:48,000	16,15	0,04	-3,4	6,1	-80,5	0	173,7
1430	29.07.2025 17:03:49,000	16,18	0,04	-2,4	7,6	-80,0	0	172,2
1431	29.07.2025 17:03:50,000	16,18	0,04	-4,3	6,1	-79,6	0	173,6
1432	29.07.2025 17:03:51,000	16,18	0,04	-2,3	7,8	-79,9	0	172,0
1433	29.07.2025 17:03:52,000	16,18	0,04	-3,1	7,6	-79,3	0	172,2
1434	29.07.2025 17:03:53,000	16,21	0,04	-2,4	6,8	-80,8	0	173,0
1435	29.07.2025 17:03:54,000	16,21	0,06	-2,7	6,9	-80,4	0	172,9
1436	29.07.2025 17:03:55,000	16,21	0,04	-3,9	7,3	-78,7	0	172,4
1437	29.07.2025 17:03:56,000	16,21	0,04	-3,0	6,7	-80,3	0	173,1
1438	29.07.2025 17:03:57,000	16,21	0,04	-3,6	7,2	-79,3	0	172,6
1439	29.07.2025 17:03:58,000	16,24	0,04	-3,0	6,8	-80,3	0	173,1
1440	29.07.2025 17:03:59,000	16,24	0,04	-2,9	7,1	-80,0	0	172,7
1441	29.07.2025 17:04:00,000	16,24	0,04	-3,0	7,8	-79,2	0	172,0
1442	29.07.2025 17:04:01,000	16,24	0,04	-3,2	5,8	-81,0	0	174,0
1443	29.07.2025 17:04:02,000	16,24	0,04	-3,3	8,3	-78,4	0	171,4
1444	29.07.2025 17:04:03,000	16,27	0,04	-2,2	5,7	-82,1	0	174,2
1445	29.07.2025 17:04:04,000	16,27	0,04	-3,0	8,9	-78,1	0	170,8
1446	29.07.2025 17:04:05,000	16,27	0,06	-2,2	6,0	-81,8	0	173,9
1447	29.07.2025 17:04:06,000	16,27	0,04	-3,4	7,1	-79,5	0	172,7
1448	29.07.2025 17:04:07,000	16,27	0,04	-4,0	7,5	-78,4	0	172,2
1449	29.07.2025 17:04:08,000	16,30	0,04	-3,5	6,4	-80,1	0	173,4
1450	29.07.2025 17:04:09,000	16,30	0,04	-3,4	8,6	-78,0	0	171,1
1451	29.07.2025 17:04:10,000	16,30	0,01	-2,6	6,7	-80,7	0	173,2
1452	29.07.2025 17:04:11,000	16,30	0,04	-2,8	7,2	-80,0	0	172,6
1453	29.07.2025 17:04:12,000	16,30	0,04	-3,0	6,2	-80,8	0	173,6
1454	29.07.2025 17:04:13,000	16,33	0,04	-3,5	7,7	-78,8	0	172,0
1455	29.07.2025 17:04:14,000	16,33	0,04	-2,6	7,1	-80,3	0	172,7
1456	29.07.2025 17:04:15,000	16,33	0,04	-3,5	7,4	-79,0	0	172,3
1457	29.07.2025 17:04:16,000	16,33	0,04	-2,3	7,0	-80,7	0	172,8
1458	29.07.2025 17:04:17,000	16,33	0,04	-2,5	6,8	-80,7	0	173,1
1459	29.07.2025 17:04:18,000	16,33	0,04	-3,6	6,8	-79,6	0	173,0
1460	29.07.2025 17:04:19,000	16,33	0,04	-3,9	6,1	-80,0	0	173,7
1461	29.07.2025 17:04:20,000	16,36	0,01	-3,4	7,4	-79,2	0	172,3
1462	29.07.2025 17:04:21,000	16,36	0,04	-2,6	7,5	-79,9	0	172,3
1463	29.07.2025 17:04:22,000	16,36	0,04	-2,5	7,5	-80,0	0	172,3
1464	29.07.2025 17:04:23,000	16,36	0,01	-3,1	6,0	-81,0	0	173,9
1465	29.07.2025 17:04:24,000	16,36	0,04	-3,5	6,7	-79,8	0	173,1
1466	29.07.2025 17:04:25,000	16,36	0,04	-4,1	6,8	-79,1	0	173,0
1467	29.07.2025 17:04:26,000	16,39	0,04	-3,6	6,5	-79,9	0	173,3
1468	29.07.2025 17:04:27,000	16,39	0,01	-2,4	7,9	-79,7	0	171,9
1469	29.07.2025 17:04:28,000	16,39	0,04	-2,3	6,3	-81,4	0	173,6
1470	29.07.2025 17:04:29,000	16,39	0,01	-2,5	8,1	-79,4	0	171,7
1471	29.07.2025 17:04:30,000	16,39	0,01	-2,6	5,8	-81,6	0	174,1
1472	29.07.2025 17:04:31,000	16,42	0,04	-4,0	6,4	-79,6	0	173,4
1473	29.07.2025 17:04:32,000	16,42	0,04	-4,8	7,1	-78,1	0	172,6
1474	29.07.2025 17:04:33,000	16,42	0,04	-3,6	6,6	-79,8	0	173,2
1475	29.07.2025 17:04:34,000	16,42	0,04	-3,5	7,6	-78,9	0	172,1
1476	29.07.2025 17:04:35,000	16,42	0,04	-2,6	5,6	-81,8	0	174,3
1477	29.07.2025 17:04:36,000	16,45	0,04	-2,1	7,8	-80,2	0	172,1
1478	29.07.2025 17:04:37,000	16,45	0,06	-2,5	5,1	-82,4	0	174,8
1479	29.07.2025 17:04:38,000	16,45	0,04	-4,1	6,9	-78,9	0	172,8
1480	29.07.2025 17:04:39,000	16,45	0,04	-5,7	6,3	-78,0	0	173,4
1481	29.07.2025 17:04:40,000	16,45	0,04	-6,0	7,5	-76,5	0	172,1
1482	29.07.2025 17:04:41,000	16,45	0,04	-6,9	5,6	-77,5	0	174,1
1483	29.07.2025 17:04:42,000	16,45	0,04	-7,5	4,6	-77,9	0	175,1
1484	29.07.2025 17:04:43,000	16,48	0,04	-8,1	6,8	-75,2	0	172,8
1485	29.07.2025 17:04:44,000	16,48	0,04	-8,7	6,2	-75,2	0	173,4
1486	29.07.2025 17:04:45,000	16,48	0,01	-8,2	6,0	-75,8	0	173,7
1487	29.07.2025 17:04:46,000	16,48	0,04	-7,9	6,4	-75,6	0	173,2
1488	29.07.2025 17:04:47,000	16,51	0,04	-6,5	5,6	-77,8	0	174,1
1489	29.07.2025 17:04:48,000	16,51	0,04	-7,4	6,2	-76,4	0	173,4
1490	29.07.2025 17:04:49,000	16,51	0,01	-4,9	7,7	-77,4	0	172,0
1491	29.07.2025 17:04:50,000	16,51	0,04	-5,3	5,4	-79,3	0	174,4
1492	29.07.2025 17:04:51,000	16,51	0,04	-3,9	6,8	-79,3	0	173,0
1493	29.07.2025 17:04:52,000	16,51	0,04	-5,2	6,8	-78,1	0	172,9
1494	29.07.2025 17:04:53,000	16,51	0,04	-4,9	6,0	-79,1	0	173,8
1495	29.07.2025 17:04:54,000	16,54	0,01	-6,0	6,2	-77,8	0	173,5
1496	29.07.2025 17:04:55,000	16,54	0,04	-4,6	8,0	-77,4	0	171,6
1497	29.07.2025 17:04:56,000	16,54	0,04	-6,6	4,5	-78,8	0	175,3
1498	29.07.2025 17:04:57,000	16,54	0,04	-5,1	8,5	-76,4	0	171,1
1499	29.07.2025 17:04:58,000	16,54	0,01	-5,0	5,4	-79,6	0	174,4
1500	29.07.2025 17:04:59,000	16,57	0,04	-6,0	7,0	-77,0	0	172,7
1501	29.07.2025 17:05:00,000	16,57	0,04	-5,3	6,9	-77,8	0	172,8
1502	29.07.2025 17:05:01,000	16,57	0,04	-5,5	6,3	-78,2	0	173,5
1503	29.07.2025 17:05:02,000	16,57	0,04	-6,7	6,1	-77,2	0	173,6
1504	29.07.2025 17:05:03,000	16,57	0,04	-5,2	7,2	-77,6	0	172,5
1505	29.07.2025 17:05:04,000	16,57	0,04	-5,2	5,7	-79,1	0	174,0
1506	29.07.2025 17:05:05,000	16,57	0,04	-5,4	7,0	-77,7	0	172,7
1507	29.07.2025 17:05:06,000	16,60	0,04	-5,0	6,4	-78,5	0	173,3
1508	29.07.2025 17:05:07,000	16,60	0,04	-3,0	7,5	-79,5	0	172,3
1509	29.07.2025 17:05:08,000	16,60	0,04	-5,1	6,6	-78,3	0	173,1
1510	29.07.2025 17:05:09,000	16,60	0,04	-4,8	6,1	-79,2	0	173,7
1511	29.07.2025 17:05:10,000	16,60	0,01	-2,5	8,1	-79,5	0	171,7
1512	29.07.2025 17:05:11,000	16,63	0,04	-4,7	6,0	-79,4	0	173,8
1513	29.07.2025 17:05:12,000	16,63	0,01	-3,6	6,6	-79,8	0	173,2
1514	29.07.2025 17:05:13,000	16,63	0,01	-3,8	7,4	-78,8	0	172,4
1515	29.07.2025 17:05:14,000	16,63	0,01	-2,9	6,0	-81,1	0	173,9
1516	29.07.2025 17:05:15,000	16,63	0,01	-3,7	7,2	-79,1	0	172,6
1517	29.07.2025 17:05:16,000	16,66	0,04	-3,8	6,4	-79,9	0	173,4
1518	29.07.2025 17:05:17,000	16,66	0,01	-2,4	7,4	-80,2	0	172,4
1519	29.07.2025 17:05:18,000	16,66	0,01	-3,7	6,9	-79,4	0	172,8
1520	29.07.2025 17:05:19,000	16,66	0,01	-2,1	6,6	-81,3	0	173,3
1521	29.07.2025 17:05:20,000	16,66	0,01	-2,4	6,8	-80,8	0	173,1
1522	29.07.2025 17:05:21,000	16,66	0,01	-3,1	7,1	-79,8	0	172,6
1523	29.07.2025 17:05:22,000	16,69	0,04	-2,7	6,4	-80,8	0	173,4
1524	29.07.2025 17:05:23,000	16,69	0,01	-1,8	7,6	-80,6	0	172,2
1525	29.07.2025 17:05:24,000	16,69	0,01	-2,9	6,8	-80,2	0	173,0
1526	29.07.2025 17:05:25,000	16,69	0,01	-2,6	6,6	-80,8	0	173,2
1527	29.07.2025 17:05:26,000	16,69	0,04	-1,6	7,2	-81,2	0	172,7
1528	29.07.2025 17:05:27,000	16,69	0,01	-2,5	6,3	-81,3	0	173,6
1529	29.07.2025 17:05:28,000	16,69	0,04	-2,4	7,3	-80,3	0	172,5
1530	29.07.2025 17:05:29,000	16,72	0,04	-2,9	6,2	-80,9	0	173,6
1531	29.07.2025 17:05:30,000	16,72	0,01	2,2	0,2	-87,6	1	179,8
1532	29.07.2025 17:05:31,000	16,72	0,06	-16,2	-49,6	-24,2	0	-119,0
1533	29.07.2025 17:05:32,000	16,75	0,04	-10,7	-76,9	2,4	0	-87,5
1534	29.07.2025 17:05:33,000	16,75	0,04	-7,5	-20,5	62,0	0	-22,2
1535	29.07.2025 17:05:34,000	16,75	0,04	-14,1	-19,3	56,6	0	-22,3
1536	29.07.2025 17:05:35,000	16,75	0,04	-26,9	-35,4	27,7	0	-51,0
1537	29.07.2025 17:05:36,000	16,78	0,10	-4,6	-22,7	62,7	0	-23,9
1538	29.07.2025 17:05:37,000	16,78	0,10	0,4	-38,5	51,1	1	-38,7
1539	29.07.2025 17:05:38,000	16,78	0,10	2,0	-33,1	54,8	0	-33,9
1540	29.07.2025 17:05:39,000	16,81	0,10	-19,0	-37,1	33,9	0	-47,1
1541	29.07.2025 17:05:40,000	16,81	0,10	10,3	-41,6	38,1	0	-47,0
1542	29.07.2025 17:05:41,000	16,81	0,13	7,8	-41,1	41,2	0	-45,0
1543	29.07.2025 17:05:42,000	16,84	0,13	-1,7	-42,3	45,9	0	-43,2
1544	29.07.2025 17:05:43,000	16,87	0,10	1,6	-53,3	35,1	0	-54,3
1545	29.07.2025 17:05:44,000	16,87	0,13	-28,0	-44,2	-17,8	0	-114,3
1546	29.07.2025 17:05:45,000	16,96	0,06	19,7	-26,3	-44,0	0	-147,0
1547	29.07.2025 17:05:46,000	17,17	0,08	1,7	-30,5	-57,8	0	-148,9
1548	29.07.2025 17:05:47,000	17,35	0,06	20,9	-32,5	-36,6	1	-137,8
1549	29.07.2025 17:05:48,000	17,56	0,01	-34,8	-5,2	-50,0	0	-173,2
1550	29.07.2025 17:05:49,000	17,80	0,04	-33,8	-50,2	6,0	0	-82,1
1551	29.07.2025 17:05:50,000	17,95	0,01	-21,0	-45,4	-23,6	0	-120,0
1552	29.07.2025 17:05:51,000	18,07	0,01	-28,4	-40,0	-21,6	0	-120,3
1553	29.07.2025 17:05:52,000	18,19	-0,01	-19,6	-25,0	-45,4	1	-148,7
1554	29.07.2025 17:05:53,000	18,31	-0,10	11,3	-58,4	20,3	1	-67,1
1555	29.07.2025 17:05:54,000	18,64	-0,08	33,3	41,8	14,9	1	68,5
1556	29.07.2025 17:05:55,000	18,88	-0,10	-21,1	37,4	31,4	1	49,1
1557	29.07.2025 17:05:56,000	19,08	-0,12	-65,2	13,8	11,0	0	49,1
1558	29.07.2025 17:05:57,000	19,23	-0,12	-6,7	-16,2	67,1	0	-17,4
1559	29.07.2025 17:05:58,000	19,38	-0,12	-36,5	26,4	27,1	0	44,4
1560	29.07.2025 17:05:59,000	19,53	-0,08	-66,6	-10,2	13,2	0	44,4
1561	29.07.2025 17:06:00,000	19,68	-0,10	-61,1	-11,1	17,8	0	44,4
1562	29.07.2025 17:06:01,000	19,79	-0,08	-62,2	-9,7	18,1	0	44,4
1563	29.07.2025 17:06:02,000	19,88	-0,10	-62,2	-11,0	16,8	0	44,4
1564	29.07.2025 17:06:03,000	20,00	-0,08	-60,9	-11,2	17,9	0	44,4
1565	29.07.2025 17:06:04,000	20,09	-0,08	-61,2	-11,0	17,9	0	44,4
1566	29.07.2025 17:06:05,000	20,18	-0,08	-38,7	28,4	22,9	0	50,5
1567	29.07.2025 17:06:06,000	20,26	-0,08	-56,6	6,0	-27,4	1	167,1
1568	29.07.2025 17:06:07,000	20,38	-0,08	-83,5	5,4	1,1	0	167,1
