Ship Number,Trip Number,Tow Number
AVALON VOYAGER,2,10
Comments
"ZONE 12"
CPU Date and Time,GPS Date,GPS Time,Latitude,Longitude,Speed,Heading,Validity,Transducer Name,Sensor Name,Sensor Value,Error Code,Hydrophone,Signal Strength
,30-Jul-2019,195041,47 22.485800 N,063 48.152600 W,2.5,175.8,A,,,,,,
Tue Jul 30 16:50:40 2019,30-Jul-2019,195042,47 22.485300 N,063 48.152300 W,2.5,175.8,A,DoorSpread,DoorMaster,2.420000,D,S,497351.000000
Tue Jul 30 16:50:41 2019,30-Jul-2019,195043,47 22.484700 N,063 48.152200 W,2.5,175.9,A,Primary,Headline,0.061224,D,P,43266.000000
Tue Jul 30 16:50:41 2019,30-Jul-2019,195044,47 22.484000 N,063 48.152000 W,2.5,175.9,A,Primary,Headline,0.061224,D,P,43266.000000
Tue Jul 30 16:50:41 2019,30-Jul-2019,195045,47 22.483500 N,063 48.151900 W,2.5,175.9,A,Primary,Headline,0.061224,D,P,43266.000000
Tue Jul 30 16:50:41 2019,30-Jul-2019,195046,47 22.482800 N,063 48.151800 W,2.5,176.0,A,Primary,Headline,0.061224,D,P,43266.000000
Tue Jul 30 16:50:45 2019,30-Jul-2019,195047,47 22.482200 N,063 48.151700 W,2.5,176.1,A,Depth,Depth,15.092593,D,S,17109.000000
Tue Jul 30 16:50:46 2019,30-Jul-2019,195048,47 22.481400 N,063 48.151700 W,2.5,176.2,A,Primary,Headline,1.285714,D,P,42591.000000
Tue Jul 30 16:50:46 2019,30-Jul-2019,195049,47 22.480700 N,063 48.151700 W,2.5,176.2,A,Primary,Headline,1.285714,D,P,42591.000000
Tue Jul 30 16:50:46 2019,30-Jul-2019,195050,47 22.480000 N,063 48.151700 W,2.5,176.2,A,Primary,Headline,1.285714,D,P,42591.000000
Tue Jul 30 16:50:46 2019,30-Jul-2019,195051,47 22.479300 N,063 48.151800 W,2.5,176.1,A,Primary,Headline,1.285714,D,P,42591.000000
Tue Jul 30 16:50:46 2019,30-Jul-2019,195052,47 22.478600 N,063 48.151800 W,2.5,176.1,A,Primary,Headline,1.285714,D,P,42591.000000
Tue Jul 30 16:50:51 2019,30-Jul-2019,195053,47 22.477900 N,063 48.151900 W,2.6,176.2,A,DoorSpread,DoorMaster,2.720000,D,P,957045.000000
Tue Jul 30 16:50:51 2019,30-Jul-2019,195054,47 22.477200 N,063 48.151900 W,2.5,176.1,A,DoorSpread,DoorMaster,2.720000,D,P,957045.000000
Tue Jul 30 16:50:51 2019,30-Jul-2019,195055,47 22.476400 N,063 48.151800 W,2.6,176.0,A,DoorSpread,DoorMaster,2.720000,D,P,957045.000000
Tue Jul 30 16:50:51 2019,30-Jul-2019,195056,47 22.475700 N,063 48.151700 W,2.5,175.9,A,DoorSpread,DoorMaster,2.720000,D,P,957045.000000
Tue Jul 30 16:50:51 2019,30-Jul-2019,195057,47 22.475000 N,063 48.151700 W,2.5,176.0,A,DoorSpread,DoorMaster,2.720000,D,P,957045.000000
Tue Jul 30 16:50:56 2019,30-Jul-2019,195058,47 22.474300 N,063 48.151600 W,2.6,176.0,A,DoorSpread,DoorMaster,1.715000,D,P,686220.000000
Tue Jul 30 16:50:56 2019,30-Jul-2019,195059,47 22.473600 N,063 48.151400 W,2.6,176.0,A,DoorSpread,DoorMaster,1.715000,D,P,686220.000000
Tue Jul 30 16:50:56 2019,30-Jul-2019,195100,47 22.472900 N,063 48.151200 W,2.6,175.9,A,DoorSpread,DoorMaster,1.715000,D,P,686220.000000
Tue Jul 30 16:50:59 2019,30-Jul-2019,195101,47 22.472300 N,063 48.151000 W,2.5,175.8,A,Depth,Depth,5.185185,D,P,55176.000000
Tue Jul 30 16:50:59 2019,30-Jul-2019,195102,47 22.471600 N,063 48.150900 W,2.5,175.6,A,Depth,Depth,5.185185,D,P,55176.000000
Tue Jul 30 16:51:02 2019,30-Jul-2019,195103,47 22.471000 N,063 48.150800 W,2.5,175.5,A,DoorSpread,DoorMaster,1.735000,D,S,923244.000000
Tue Jul 30 16:51:02 2019,30-Jul-2019,195104,47 22.470300 N,063 48.150900 W,2.5,175.4,A,DoorSpread,DoorMaster,1.735000,D,S,923244.000000
Tue Jul 30 16:51:02 2019,30-Jul-2019,195105,47 22.469700 N,063 48.151000 W,2.5,175.4,A,DoorSpread,DoorMaster,1.735000,D,S,923244.000000
Tue Jul 30 16:51:02 2019,30-Jul-2019,195106,47 22.469100 N,063 48.151100 W,2.4,175.2,A,DoorSpread,DoorMaster,1.735000,D,S,923244.000000
Tue Jul 30 16:51:02 2019,30-Jul-2019,195107,47 22.468500 N,063 48.151200 W,2.4,175.0,A,DoorSpread,DoorMaster,1.735000,D,S,923244.000000
Tue Jul 30 16:51:06 2019,30-Jul-2019,195108,47 22.467900 N,063 48.151200 W,2.3,174.8,A,Depth,Depth,12.037037,D,S,69944.000000
Tue Jul 30 16:51:07 2019,30-Jul-2019,195109,47 22.467300 N,063 48.151300 W,2.3,174.5,A,DoorSpread,DoorMaster,1.355000,D,S,843578.000000
Tue Jul 30 16:51:07 2019,30-Jul-2019,195110,47 22.466800 N,063 48.151300 W,2.3,174.3,A,DoorSpread,DoorMaster,1.355000,D,S,843578.000000
Tue Jul 30 16:51:07 2019,30-Jul-2019,195111,47 22.466300 N,063 48.151200 W,2.2,174.3,A,DoorSpread,DoorMaster,1.355000,D,S,843578.000000
Tue Jul 30 16:51:07 2019,30-Jul-2019,195112,47 22.465800 N,063 48.151100 W,2.2,174.2,A,DoorSpread,DoorMaster,1.355000,D,S,843578.000000
Tue Jul 30 16:51:11 2019,30-Jul-2019,195113,47 22.465300 N,063 48.151000 W,2.1,174.0,A,Primary,Headline,2.795918,D,P,51725.000000
Tue Jul 30 16:51:12 2019,30-Jul-2019,195114,47 22.464800 N,063 48.150800 W,2.1,173.8,A,DoorSpread,DoorMaster,1.205000,D,S,859448.000000
Tue Jul 30 16:51:13 2019,30-Jul-2019,195115,47 22.464200 N,063 48.150700 W,2.1,173.7,A,Depth,Depth,3.888889,D,P,92861.000000
Tue Jul 30 16:51:13 2019,30-Jul-2019,195116,47 22.463700 N,063 48.150500 W,2.1,173.6,A,Depth,Depth,3.888889,D,P,92861.000000
Tue Jul 30 16:51:13 2019,30-Jul-2019,195117,47 22.463000 N,063 48.150300 W,2.1,173.6,A,Depth,Depth,3.888889,D,P,92861.000000
Tue Jul 30 16:51:16 2019,30-Jul-2019,195118,47 22.462400 N,063 48.150000 W,2.1,173.5,A,Primary,Headline,3.265306,D,S,58557.000000
Tue Jul 30 16:51:17 2019,30-Jul-2019,195119,47 22.461800 N,063 48.149800 W,2.1,173.5,A,DoorSpread,DoorMaster,0.000000,E,S,712232.000000
Tue Jul 30 16:51:17 2019,30-Jul-2019,195120,47 22.461200 N,063 48.149600 W,2.1,173.6,A,DoorSpread,DoorMaster,0.000000,E,S,712232.000000
Tue Jul 30 16:51:17 2019,30-Jul-2019,195121,47 22.460600 N,063 48.149400 W,2.1,173.8,A,DoorSpread,DoorMaster,0.000000,E,S,712232.000000
Tue Jul 30 16:51:20 2019,30-Jul-2019,195122,47 22.460100 N,063 48.149300 W,2.1,173.9,A,Depth,Depth,6.851852,D,S,85624.000000
Tue Jul 30 16:51:21 2019,30-Jul-2019,195123,47 22.459500 N,063 48.149100 W,2.1,174.0,A,Primary,Headline,2.102041,D,S,123511.000000
Tue Jul 30 16:51:22 2019,30-Jul-2019,195124,47 22.458800 N,063 48.149100 W,2.2,174.1,A,DoorSpread,DoorMaster,0.000000,E,P,991757.000000
Tue Jul 30 16:51:22 2019,30-Jul-2019,195125,47 22.458200 N,063 48.149100 W,2.2,174.2,A,DoorSpread,DoorMaster,0.000000,E,P,991757.000000
Tue Jul 30 16:51:22 2019,30-Jul-2019,195126,47 22.457600 N,063 48.149000 W,2.2,174.3,A,DoorSpread,DoorMaster,0.000000,E,P,991757.000000
Tue Jul 30 16:51:22 2019,30-Jul-2019,195127,47 22.457000 N,063 48.149000 W,2.2,174.3,A,DoorSpread,DoorMaster,0.000000,E,P,991757.000000
Tue Jul 30 16:51:26 2019,30-Jul-2019,195128,47 22.456400 N,063 48.148900 W,2.2,174.3,A,Primary,Headline,1.836735,D,S,286243.000000
Tue Jul 30 16:51:27 2019,30-Jul-2019,195129,47 22.455800 N,063 48.148800 W,2.2,174.2,A,DoorSpread,DoorMaster,1.415000,D,P,1008157.000000
Tue Jul 30 16:51:27 2019,30-Jul-2019,195130,47 22.455200 N,063 48.148700 W,2.3,174.1,A,DoorSpread,DoorMaster,1.415000,D,P,1008157.000000
Tue Jul 30 16:51:27 2019,30-Jul-2019,195131,47 22.454600 N,063 48.148500 W,2.3,174.0,A,DoorSpread,DoorMaster,1.415000,D,P,1008157.000000
Tue Jul 30 16:51:27 2019,30-Jul-2019,195132,47 22.453900 N,063 48.148300 W,2.3,173.9,A,DoorSpread,DoorMaster,1.415000,D,P,1008157.000000
Tue Jul 30 16:51:31 2019,30-Jul-2019,195133,47 22.453200 N,063 48.148100 W,2.3,173.9,A,Primary,Headline,1.367347,D,S,74931.000000
Tue Jul 30 16:51:32 2019,30-Jul-2019,195134,47 22.452500 N,063 48.148000 W,2.3,173.8,A,DoorSpread,DoorMaster,0.000000,E,S,467176.000000
Tue Jul 30 16:51:32 2019,30-Jul-2019,195135,47 22.451800 N,063 48.147800 W,2.3,173.6,A,DoorSpread,DoorMaster,0.000000,E,S,467176.000000
Tue Jul 30 16:51:34 2019,30-Jul-2019,195136,47 22.451100 N,063 48.147600 W,2.4,173.4,A,Depth,Depth,12.870370,D,S,81983.000000
Tue Jul 30 16:51:34 2019,30-Jul-2019,195137,47 22.450500 N,063 48.147500 W,2.4,173.3,A,Depth,Depth,12.870370,D,S,81983.000000
Tue Jul 30 16:51:36 2019,30-Jul-2019,195138,47 22.449800 N,063 48.147300 W,2.4,173.2,A,Primary,Headline,3.000000,D,S,89901.000000
Tue Jul 30 16:51:36 2019,30-Jul-2019,195139,47 22.449200 N,063 48.147200 W,2.4,173.1,A,Primary,Headline,3.000000,D,S,89901.000000
Tue Jul 30 16:51:38 2019,30-Jul-2019,195140,47 22.448700 N,063 48.147000 W,2.4,172.8,A,DoorSpread,DoorMaster,1.560000,D,S,173546.000000
Tue Jul 30 16:51:38 2019,30-Jul-2019,195141,47 22.448100 N,063 48.146800 W,2.4,172.5,A,DoorSpread,DoorMaster,1.560000,D,S,173546.000000
Tue Jul 30 16:51:38 2019,30-Jul-2019,195142,47 22.447400 N,063 48.146700 W,2.4,172.4,A,DoorSpread,DoorMaster,1.560000,D,S,173546.000000
Tue Jul 30 16:51:41 2019,30-Jul-2019,195143,47 22.446800 N,063 48.146500 W,2.4,172.2,A,Depth,Depth,22.777778,D,P,155833.000000
Tue Jul 30 16:51:41 2019,30-Jul-2019,195144,47 22.446200 N,063 48.146200 W,2.4,172.1,A,Depth,Depth,22.777778,D,P,155833.000000
Tue Jul 30 16:51:43 2019,30-Jul-2019,195145,47 22.445600 N,063 48.146100 W,2.4,172.0,A,DoorSpread,DoorMaster,0.330000,D,S,306734.000000
Tue Jul 30 16:51:43 2019,30-Jul-2019,195146,47 22.445100 N,063 48.145900 W,2.4,171.8,A,DoorSpread,DoorMaster,0.330000,D,S,306734.000000
Tue Jul 30 16:51:43 2019,30-Jul-2019,195147,47 22.444400 N,063 48.145700 W,2.4,171.6,A,DoorSpread,DoorMaster,0.330000,D,S,306734.000000
Tue Jul 30 16:51:46 2019,30-Jul-2019,195148,47 22.443700 N,063 48.145500 W,2.4,171.6,A,Primary,Headline,1.285714,D,P,172918.000000
Tue Jul 30 16:51:46 2019,30-Jul-2019,195149,47 22.443000 N,063 48.145300 W,2.4,171.5,A,Primary,Headline,1.285714,D,P,172918.000000
Tue Jul 30 16:51:48 2019,30-Jul-2019,195150,47 22.442300 N,063 48.145200 W,2.4,171.5,A,Depth,Depth,9.166667,D,S,111525.000000
Tue Jul 30 16:51:48 2019,30-Jul-2019,195151,47 22.441500 N,063 48.145200 W,2.4,171.4,A,Depth,Depth,9.166667,D,S,111525.000000
Tue Jul 30 16:51:48 2019,30-Jul-2019,195152,47 22.440900 N,063 48.145100 W,2.4,171.2,A,Depth,Depth,9.166667,D,S,111525.000000
Tue Jul 30 16:51:51 2019,30-Jul-2019,195153,47 22.440100 N,063 48.145000 W,2.4,171.1,A,Primary,Headline,2.000000,D,P,182537.000000
Tue Jul 30 16:51:51 2019,30-Jul-2019,195154,47 22.439400 N,063 48.144900 W,2.4,171.0,A,Primary,Headline,2.000000,D,P,182537.000000
Tue Jul 30 16:51:53 2019,30-Jul-2019,195155,47 22.438700 N,063 48.144700 W,2.4,170.8,A,DoorSpread,DoorMaster,0.000000,E,P,1083950.000000
Tue Jul 30 16:51:53 2019,30-Jul-2019,195156,47 22.438000 N,063 48.144600 W,2.4,170.7,A,DoorSpread,DoorMaster,0.000000,E,P,1083950.000000
Tue Jul 30 16:51:55 2019,30-Jul-2019,195157,47 22.437300 N,063 48.144500 W,2.4,170.5,A,Depth,Depth,15.000000,D,S,75998.000000
Tue Jul 30 16:51:56 2019,30-Jul-2019,195158,47 22.436700 N,063 48.144400 W,2.4,170.4,A,Primary,Headline,1.469388,D,P,178427.000000
Tue Jul 30 16:51:56 2019,30-Jul-2019,195159,47 22.436000 N,063 48.144500 W,2.4,170.4,A,Primary,Headline,1.469388,D,P,178427.000000
Tue Jul 30 16:51:58 2019,30-Jul-2019,195200,47 22.435400 N,063 48.144700 W,2.3,170.3,A,DoorSpread,DoorMaster,2.275000,D,P,1092343.000000
Tue Jul 30 16:51:58 2019,30-Jul-2019,195201,47 22.434700 N,063 48.144700 W,2.3,170.3,A,DoorSpread,DoorMaster,2.275000,D,P,1092343.000000
Tue Jul 30 16:51:58 2019,30-Jul-2019,195202,47 22.434000 N,063 48.144900 W,2.3,170.3,A,DoorSpread,DoorMaster,2.275000,D,P,1092343.000000
Tue Jul 30 16:52:01 2019,30-Jul-2019,195203,47 22.433300 N,063 48.145000 W,2.3,170.2,A,Primary,Headline,3.040816,D,P,79413.000000
Tue Jul 30 16:52:02 2019,30-Jul-2019,195204,47 22.432600 N,063 48.145000 W,2.3,170.1,A,Depth,Depth,17.037037,D,S,146356.000000
Tue Jul 30 16:52:02 2019,30-Jul-2019,195205,47 22.431800 N,063 48.145100 W,2.4,169.9,A,Depth,Depth,17.037037,D,S,146356.000000
Tue Jul 30 16:52:04 2019,30-Jul-2019,195206,47 22.431000 N,063 48.145000 W,2.4,169.8,A,DoorSpread,DoorMaster,2.470000,D,S,1057727.000000
Tue Jul 30 16:52:04 2019,30-Jul-2019,195207,47 22.430200 N,063 48.145000 W,2.5,170.3,A,DoorSpread,DoorMaster,2.470000,D,S,1057727.000000
Tue Jul 30 16:52:06 2019,30-Jul-2019,195208,47 22.429300 N,063 48.144900 W,2.6,170.6,A,Primary,Headline,1.183673,D,S,100700.000000
Tue Jul 30 16:52:06 2019,30-Jul-2019,195209,47 22.428200 N,063 48.144800 W,2.8,170.9,A,Primary,Headline,1.183673,D,S,100700.000000
Tue Jul 30 16:52:06 2019,30-Jul-2019,195210,47 22.427100 N,063 48.144700 W,2.9,171.1,A,Primary,Headline,1.183673,D,S,100700.000000
Tue Jul 30 16:52:09 2019,30-Jul-2019,195211,47 22.426100 N,063 48.144500 W,3.0,171.2,A,Depth,Depth,16.388889,D,S,163809.000000
Tue Jul 30 16:52:09 2019,30-Jul-2019,195212,47 22.425000 N,063 48.144300 W,3.1,171.2,A,Depth,Depth,16.388889,D,S,163809.000000
Tue Jul 30 16:52:11 2019,30-Jul-2019,195213,47 22.423900 N,063 48.144000 W,3.3,171.1,A,Primary,Headline,1.448980,D,S,176513.000000
Tue Jul 30 16:52:11 2019,30-Jul-2019,195214,47 22.422800 N,063 48.143600 W,3.4,170.7,A,Primary,Headline,1.448980,D,S,176513.000000
Tue Jul 30 16:52:11 2019,30-Jul-2019,195215,47 22.421600 N,063 48.143300 W,3.6,170.4,A,Primary,Headline,1.448980,D,S,176513.000000
Tue Jul 30 16:52:14 2019,30-Jul-2019,195216,47 22.420400 N,063 48.142900 W,3.7,169.9,A,DoorSpread,DoorMaster,2.670000,D,S,781172.000000
Tue Jul 30 16:52:14 2019,30-Jul-2019,195217,47 22.419200 N,063 48.142400 W,3.9,169.4,A,DoorSpread,DoorMaster,2.670000,D,S,781172.000000
Tue Jul 30 16:52:16 2019,30-Jul-2019,195218,47 22.418000 N,063 48.142100 W,4.0,169.1,A,Depth,Depth,18.240741,D,S,145894.000000
Tue Jul 30 16:52:16 2019,30-Jul-2019,195219,47 22.416700 N,063 48.141600 W,4.1,168.8,A,Depth,Depth,18.240741,D,S,145894.000000
Tue Jul 30 16:52:16 2019,30-Jul-2019,195220,47 22.415300 N,063 48.141200 W,4.3,168.8,A,Depth,Depth,18.240741,D,S,145894.000000
Tue Jul 30 16:52:16 2019,30-Jul-2019,195221,47 22.413900 N,063 48.140800 W,4.4,168.9,A,Depth,Depth,18.240741,D,S,145894.000000
Tue Jul 30 16:52:20 2019,30-Jul-2019,195222,47 22.412500 N,063 48.140500 W,4.5,169.3,A,DoorSpread,DoorMaster,2.870000,D,S,723790.000000
Tue Jul 30 16:52:21 2019,30-Jul-2019,195223,47 22.411100 N,063 48.140200 W,4.6,169.7,A,Primary,Headline,1.306122,D,S,229483.000000
Tue Jul 30 16:52:21 2019,30-Jul-2019,195224,47 22.409700 N,063 48.140000 W,4.7,170.0,A,Primary,Headline,1.306122,D,S,229483.000000
Tue Jul 30 16:52:23 2019,30-Jul-2019,195225,47 22.408200 N,063 48.139700 W,4.8,170.2,A,Depth,Depth,14.814815,D,S,128479.000000
Tue Jul 30 16:52:23 2019,30-Jul-2019,195226,47 22.406800 N,063 48.139500 W,4.8,170.3,A,Depth,Depth,14.814815,D,S,128479.000000
Tue Jul 30 16:52:25 2019,30-Jul-2019,195227,47 22.405400 N,063 48.139100 W,4.9,170.3,A,DoorSpread,DoorMaster,3.135000,D,S,655270.000000
Tue Jul 30 16:52:26 2019,30-Jul-2019,195228,47 22.403900 N,063 48.138900 W,5.0,170.6,A,Primary,Headline,2.979592,D,S,115602.000000
Tue Jul 30 16:52:26 2019,30-Jul-2019,195229,47 22.402600 N,063 48.138600 W,5.0,170.9,A,Primary,Headline,2.979592,D,S,115602.000000
Tue Jul 30 16:52:26 2019,30-Jul-2019,195230,47 22.401100 N,063 48.138300 W,5.1,170.9,A,Primary,Headline,2.979592,D,S,115602.000000
Tue Jul 30 16:52:26 2019,30-Jul-2019,195231,47 22.399700 N,063 48.137900 W,5.1,170.8,A,Primary,Headline,2.979592,D,S,115602.000000
Tue Jul 30 16:52:26 2019,30-Jul-2019,195232,47 22.398200 N,063 48.137600 W,5.1,170.8,A,Primary,Headline,2.979592,D,S,115602.000000
Tue Jul 30 16:52:31 2019,30-Jul-2019,195233,47 22.396800 N,063 48.137400 W,5.2,171.0,A,Primary,Headline,2.183673,D,S,100849.000000
Tue Jul 30 16:52:31 2019,30-Jul-2019,195234,47 22.395400 N,063 48.137100 W,5.2,171.2,A,Primary,Headline,2.183673,D,S,100849.000000
Tue Jul 30 16:52:31 2019,30-Jul-2019,195235,47 22.393900 N,063 48.136800 W,5.2,171.2,A,Primary,Headline,2.183673,D,S,100849.000000
Tue Jul 30 16:52:31 2019,30-Jul-2019,195236,47 22.392500 N,063 48.136700 W,5.3,171.9,A,Primary,Headline,2.183673,D,S,100849.000000
Tue Jul 30 16:52:31 2019,30-Jul-2019,195237,47 22.390900 N,063 48.136600 W,5.3,172.5,A,Primary,Headline,2.183673,D,S,100849.000000
Tue Jul 30 16:52:36 2019,30-Jul-2019,195238,47 22.389400 N,063 48.136400 W,5.3,172.9,A,Primary,Headline,2.632653,D,S,148818.000000
Tue Jul 30 16:52:36 2019,30-Jul-2019,195239,47 22.387900 N,063 48.136100 W,5.3,172.8,A,Primary,Headline,2.632653,D,S,148818.000000
Tue Jul 30 16:52:36 2019,30-Jul-2019,195240,47 22.386300 N,063 48.135700 W,5.3,172.6,A,Primary,Headline,2.632653,D,S,148818.000000
Tue Jul 30 16:52:36 2019,30-Jul-2019,195241,47 22.384800 N,063 48.135300 W,5.3,172.4,A,Primary,Headline,2.632653,D,S,148818.000000
Tue Jul 30 16:52:36 2019,30-Jul-2019,195242,47 22.383400 N,063 48.135000 W,5.3,172.4,A,Primary,Headline,2.632653,D,S,148818.000000
Tue Jul 30 16:52:41 2019,30-Jul-2019,195243,47 22.381800 N,063 48.134800 W,5.3,172.3,A,Primary,Headline,4.897959,D,P,35595.000000
Tue Jul 30 16:52:41 2019,30-Jul-2019,195244,47 22.380200 N,063 48.134500 W,5.3,172.4,A,Primary,Headline,4.897959,D,P,35595.000000
Tue Jul 30 16:52:41 2019,30-Jul-2019,195245,47 22.378800 N,063 48.134200 W,5.3,172.4,A,Primary,Headline,4.897959,D,P,35595.000000
Tue Jul 30 16:52:41 2019,30-Jul-2019,195246,47 22.377300 N,063 48.133900 W,5.3,172.3,A,Primary,Headline,4.897959,D,P,35595.000000
Tue Jul 30 16:52:41 2019,30-Jul-2019,195247,47 22.375900 N,063 48.133600 W,5.4,172.3,A,Primary,Headline,4.897959,D,P,35595.000000
Tue Jul 30 16:52:46 2019,30-Jul-2019,195248,47 22.374500 N,063 48.133200 W,5.3,172.3,A,DoorSpread,DoorMaster,0.000000,E,S,1033202.000000
Tue Jul 30 16:52:46 2019,30-Jul-2019,195249,47 22.373000 N,063 48.132900 W,5.3,172.5,A,Primary,Headline,2.204082,D,S,178927.000000
Tue Jul 30 16:52:46 2019,30-Jul-2019,195250,47 22.371500 N,063 48.132600 W,5.3,172.6,A,Primary,Headline,2.204082,D,S,178927.000000
Tue Jul 30 16:52:46 2019,30-Jul-2019,195251,47 22.370000 N,063 48.132400 W,5.3,173.1,A,Primary,Headline,2.204082,D,S,178927.000000
Tue Jul 30 16:52:46 2019,30-Jul-2019,195252,47 22.368600 N,063 48.132300 W,5.3,173.4,A,Primary,Headline,2.204082,D,S,178927.000000
Tue Jul 30 16:52:51 2019,30-Jul-2019,195253,47 22.367200 N,063 48.132100 W,5.3,173.5,A,DoorSpread,DoorMaster,4.385000,D,S,1015474.000000
Tue Jul 30 16:52:52 2019,30-Jul-2019,195254,47 22.365700 N,063 48.131900 W,5.4,173.4,A,Depth,Depth,15.185185,D,S,263722.000000
Tue Jul 30 16:52:52 2019,30-Jul-2019,195255,47 22.364200 N,063 48.131700 W,5.3,173.4,A,Depth,Depth,15.185185,D,S,263722.000000
Tue Jul 30 16:52:52 2019,30-Jul-2019,195256,47 22.362600 N,063 48.131400 W,5.3,173.3,A,Depth,Depth,15.185185,D,S,263722.000000
Tue Jul 30 16:52:52 2019,30-Jul-2019,195257,47 22.361100 N,063 48.131200 W,5.3,173.4,A,Depth,Depth,15.185185,D,S,263722.000000
Tue Jul 30 16:52:52 2019,30-Jul-2019,195258,47 22.359400 N,063 48.130900 W,5.3,173.3,A,Depth,Depth,15.185185,D,S,263722.000000
Tue Jul 30 16:52:57 2019,30-Jul-2019,195259,47 22.357800 N,063 48.130400 W,5.3,173.2,A,Primary,Headline,2.408163,D,S,429795.000000
Tue Jul 30 16:52:57 2019,30-Jul-2019,195300,47 22.356200 N,063 48.130000 W,5.3,173.3,A,Primary,Headline,2.408163,D,S,429795.000000
Tue Jul 30 16:52:59 2019,30-Jul-2019,195301,47 22.354600 N,063 48.129700 W,5.3,173.2,A,Depth,Depth,15.277778,D,S,92834.000000
Tue Jul 30 16:52:59 2019,30-Jul-2019,195302,47 22.353000 N,063 48.129300 W,5.3,173.2,A,Depth,Depth,15.277778,D,S,92834.000000
Tue Jul 30 16:52:59 2019,30-Jul-2019,195303,47 22.351400 N,063 48.128900 W,5.3,173.3,A,Depth,Depth,15.277778,D,S,92834.000000
Tue Jul 30 16:53:02 2019,30-Jul-2019,195304,47 22.349900 N,063 48.128600 W,5.3,173.4,A,DoorSpread,DoorMaster,4.895000,D,S,529556.000000
Tue Jul 30 16:53:02 2019,30-Jul-2019,195305,47 22.348400 N,063 48.128300 W,5.3,173.8,A,DoorSpread,DoorMaster,4.895000,D,S,529556.000000
Tue Jul 30 16:53:02 2019,30-Jul-2019,195306,47 22.346900 N,063 48.128000 W,5.3,174.0,A,DoorSpread,DoorMaster,4.895000,D,S,529556.000000
Tue Jul 30 16:53:02 2019,30-Jul-2019,195307,47 22.345400 N,063 48.127800 W,5.3,174.2,A,DoorSpread,DoorMaster,4.895000,D,S,529556.000000
Tue Jul 30 16:53:06 2019,30-Jul-2019,195308,47 22.344000 N,063 48.127700 W,5.3,174.5,A,Depth,Depth,14.814815,D,S,203449.000000
Tue Jul 30 16:53:08 2019,30-Jul-2019,195309,47 22.342600 N,063 48.127400 W,5.3,174.7,A,DoorSpread,DoorMaster,5.385000,D,S,627292.000000
Tue Jul 30 16:53:08 2019,30-Jul-2019,195310,47 22.341100 N,063 48.127300 W,5.3,174.8,A,DoorSpread,DoorMaster,5.385000,D,S,627292.000000
Tue Jul 30 16:53:08 2019,30-Jul-2019,195311,47 22.339700 N,063 48.127200 W,5.3,175.0,A,DoorSpread,DoorMaster,5.385000,D,S,627292.000000
Tue Jul 30 16:53:08 2019,30-Jul-2019,195312,47 22.338200 N,063 48.127200 W,5.3,175.2,A,DoorSpread,DoorMaster,5.385000,D,S,627292.000000
Tue Jul 30 16:53:08 2019,30-Jul-2019,195313,47 22.336800 N,063 48.127100 W,5.3,175.4,A,DoorSpread,DoorMaster,5.385000,D,S,627292.000000
Tue Jul 30 16:53:12 2019,30-Jul-2019,195314,47 22.335400 N,063 48.127000 W,5.3,175.5,A,Primary,Headline,2.326531,D,S,202315.000000
Tue Jul 30 16:53:13 2019,30-Jul-2019,195315,47 22.334000 N,063 48.126800 W,5.3,175.7,A,Depth,Depth,19.351852,D,S,65015.000000
Tue Jul 30 16:53:13 2019,30-Jul-2019,195316,47 22.332700 N,063 48.126800 W,5.3,175.8,A,Depth,Depth,19.351852,D,S,65015.000000
Tue Jul 30 16:53:13 2019,30-Jul-2019,195317,47 22.331200 N,063 48.126600 W,5.2,175.9,A,Depth,Depth,19.351852,D,S,65015.000000
Tue Jul 30 16:53:13 2019,30-Jul-2019,195318,47 22.329800 N,063 48.126500 W,5.2,176.1,A,Depth,Depth,19.351852,D,S,65015.000000
Tue Jul 30 16:53:17 2019,30-Jul-2019,195319,47 22.328300 N,063 48.126300 W,5.2,176.4,A,Primary,Headline,2.632653,D,S,271451.000000
Tue Jul 30 16:53:18 2019,30-Jul-2019,195320,47 22.326900 N,063 48.126200 W,5.2,176.9,A,DoorSpread,DoorMaster,0.000000,E,S,402994.000000
Tue Jul 30 16:53:18 2019,30-Jul-2019,195321,47 22.325400 N,063 48.126100 W,5.3,177.4,A,DoorSpread,DoorMaster,0.000000,E,S,402994.000000
Tue Jul 30 16:53:20 2019,30-Jul-2019,195322,47 22.324000 N,063 48.126200 W,5.2,177.9,A,Depth,Depth,14.166667,D,S,274353.000000
Tue Jul 30 16:53:20 2019,30-Jul-2019,195323,47 22.322500 N,063 48.126200 W,5.2,178.2,A,Depth,Depth,14.166667,D,S,274353.000000
Tue Jul 30 16:53:22 2019,30-Jul-2019,195324,47 22.321000 N,063 48.126200 W,5.2,178.5,A,Primary,Headline,2.367347,D,S,409700.000000
Tue Jul 30 16:53:23 2019,30-Jul-2019,195325,47 22.319500 N,063 48.126300 W,5.2,178.8,A,DoorSpread,DoorMaster,0.000000,E,S,246268.000000
Tue Jul 30 16:53:23 2019,30-Jul-2019,195326,47 22.318100 N,063 48.126500 W,5.2,179.1,A,DoorSpread,DoorMaster,0.000000,E,S,246268.000000
Tue Jul 30 16:53:23 2019,30-Jul-2019,195327,47 22.316600 N,063 48.126600 W,5.2,179.3,A,DoorSpread,DoorMaster,0.000000,E,S,246268.000000
Tue Jul 30 16:53:23 2019,30-Jul-2019,195328,47 22.315200 N,063 48.126700 W,5.2,179.5,A,DoorSpread,DoorMaster,0.000000,E,S,246268.000000
Tue Jul 30 16:53:27 2019,30-Jul-2019,195329,47 22.313700 N,063 48.126900 W,5.2,179.6,A,Depth,Depth,17.962963,D,S,255327.000000
Tue Jul 30 16:53:28 2019,30-Jul-2019,195330,47 22.312300 N,063 48.126900 W,5.2,179.8,A,DoorSpread,DoorMaster,5.060000,D,S,264821.000000
Tue Jul 30 16:53:28 2019,30-Jul-2019,195331,47 22.311000 N,063 48.126900 W,5.1,179.8,A,DoorSpread,DoorMaster,5.060000,D,S,264821.000000
Tue Jul 30 16:53:28 2019,30-Jul-2019,195332,47 22.309700 N,063 48.126800 W,5.1,179.8,A,DoorSpread,DoorMaster,5.060000,D,S,264821.000000
Tue Jul 30 16:53:28 2019,30-Jul-2019,195333,47 22.308300 N,063 48.126700 W,5.1,180.0,A,DoorSpread,DoorMaster,5.060000,D,S,264821.000000
Tue Jul 30 16:53:32 2019,30-Jul-2019,195334,47 22.307200 N,063 48.126600 W,4.9,180.2,A,Primary,Headline,2.306122,D,S,300994.000000
Tue Jul 30 16:53:33 2019,30-Jul-2019,195335,47 22.306000 N,063 48.126600 W,4.9,180.8,A,DoorSpread,DoorMaster,0.000000,E,S,284481.000000
Tue Jul 30 16:53:34 2019,30-Jul-2019,195336,47 22.304700 N,063 48.126700 W,4.9,181.8,A,Depth,Depth,17.870370,D,S,85824.000000
Tue Jul 30 16:53:34 2019,30-Jul-2019,195337,47 22.303400 N,063 48.126800 W,4.9,183.0,A,Depth,Depth,17.870370,D,S,85824.000000
Tue Jul 30 16:53:34 2019,30-Jul-2019,195338,47 22.302200 N,063 48.127200 W,4.8,184.3,A,Depth,Depth,17.870370,D,S,85824.000000
Tue Jul 30 16:53:37 2019,30-Jul-2019,195339,47 22.300800 N,063 48.127500 W,4.8,185.7,A,Primary,Headline,2.836735,D,S,166708.000000
Tue Jul 30 16:53:38 2019,30-Jul-2019,195340,47 22.299500 N,063 48.128000 W,4.8,187.1,A,DoorSpread,DoorMaster,0.000000,E,S,264892.000000
Tue Jul 30 16:53:38 2019,30-Jul-2019,195341,47 22.298200 N,063 48.128500 W,4.8,188.4,A,DoorSpread,DoorMaster,0.000000,E,S,264892.000000
Tue Jul 30 16:53:38 2019,30-Jul-2019,195342,47 22.297000 N,063 48.129100 W,4.8,189.7,A,DoorSpread,DoorMaster,0.000000,E,S,264892.000000
Tue Jul 30 16:53:41 2019,30-Jul-2019,195343,47 22.295700 N,063 48.129700 W,4.8,190.9,A,Depth,Depth,20.462963,D,S,62891.000000
Tue Jul 30 16:53:42 2019,30-Jul-2019,195344,47 22.294600 N,063 48.130300 W,4.7,192.0,A,Primary,Headline,2.775510,D,S,89488.000000
Tue Jul 30 16:53:42 2019,30-Jul-2019,195345,47 22.293400 N,063 48.131000 W,4.8,193.0,A,Primary,Headline,2.775510,D,S,89488.000000
Tue Jul 30 16:53:44 2019,30-Jul-2019,195346,47 22.292100 N,063 48.131500 W,4.8,193.7,A,DoorSpread,DoorMaster,5.565000,D,S,605892.000000
Tue Jul 30 16:53:44 2019,30-Jul-2019,195347,47 22.290900 N,063 48.132100 W,4.8,194.3,A,DoorSpread,DoorMaster,5.565000,D,S,605892.000000
Tue Jul 30 16:53:44 2019,30-Jul-2019,195348,47 22.289700 N,063 48.132900 W,4.8,194.9,A,DoorSpread,DoorMaster,5.565000,D,S,605892.000000
Tue Jul 30 16:53:47 2019,30-Jul-2019,195349,47 22.288500 N,063 48.133600 W,4.8,195.5,A,Primary,Headline,2.714286,D,S,197142.000000
Tue Jul 30 16:53:48 2019,30-Jul-2019,195350,47 22.287200 N,063 48.134300 W,4.9,195.9,A,Depth,Depth,20.462963,D,S,244726.000000
Tue Jul 30 16:53:49 2019,30-Jul-2019,195351,47 22.285900 N,063 48.135000 W,4.9,196.3,A,DoorSpread,DoorMaster,5.235000,D,S,317222.000000
Tue Jul 30 16:53:49 2019,30-Jul-2019,195352,47 22.284600 N,063 48.135700 W,4.9,196.6,A,DoorSpread,DoorMaster,5.235000,D,S,317222.000000
Tue Jul 30 16:53:49 2019,30-Jul-2019,195353,47 22.283400 N,063 48.136400 W,4.9,196.8,A,DoorSpread,DoorMaster,5.235000,D,S,317222.000000
Tue Jul 30 16:53:52 2019,30-Jul-2019,195354,47 22.282000 N,063 48.137000 W,5.0,196.9,A,Primary,Headline,0.489796,D,P,88668.000000
Tue Jul 30 16:53:52 2019,30-Jul-2019,195355,47 22.280700 N,063 48.137600 W,5.0,197.1,A,Primary,Headline,0.489796,D,P,88668.000000
Tue Jul 30 16:53:52 2019,30-Jul-2019,195356,47 22.279400 N,063 48.138300 W,5.0,197.3,A,Primary,Headline,0.489796,D,P,88668.000000
Tue Jul 30 16:53:55 2019,30-Jul-2019,195357,47 22.278100 N,063 48.139000 W,5.0,197.5,A,Depth,Depth,22.870370,D,S,516750.000000
Tue Jul 30 16:53:55 2019,30-Jul-2019,195358,47 22.276800 N,063 48.139600 W,5.0,197.4,A,Depth,Depth,22.870370,D,S,516750.000000
Tue Jul 30 16:53:57 2019,30-Jul-2019,195359,47 22.275400 N,063 48.140200 W,5.0,197.2,A,Primary,Headline,2.530612,D,S,211628.000000
Tue Jul 30 16:53:57 2019,30-Jul-2019,195400,47 22.274000 N,063 48.140800 W,5.0,197.1,A,Primary,Headline,2.530612,D,S,211628.000000
Tue Jul 30 16:53:57 2019,30-Jul-2019,195401,47 22.272600 N,063 48.141300 W,5.0,196.9,A,Primary,Headline,2.530612,D,S,211628.000000
Tue Jul 30 16:54:00 2019,30-Jul-2019,195402,47 22.271200 N,063 48.141800 W,5.0,196.7,A,DoorSpread,DoorMaster,4.550000,D,P,83726.000000
Tue Jul 30 16:54:00 2019,30-Jul-2019,195403,47 22.269900 N,063 48.142200 W,5.0,196.3,A,DoorSpread,DoorMaster,4.550000,D,P,83726.000000
Tue Jul 30 16:54:02 2019,30-Jul-2019,195404,47 22.268600 N,063 48.142500 W,5.0,196.4,A,Depth,Depth,24.259259,D,P,49880.000000
Tue Jul 30 16:54:02 2019,30-Jul-2019,195405,47 22.267200 N,063 48.142900 W,5.0,196.1,A,Depth,Depth,24.259259,D,P,49880.000000
Tue Jul 30 16:54:02 2019,30-Jul-2019,195406,47 22.265800 N,063 48.143200 W,5.1,195.9,A,Depth,Depth,24.259259,D,P,49880.000000
Tue Jul 30 16:54:05 2019,30-Jul-2019,195407,47 22.264400 N,063 48.143700 W,5.1,195.8,A,DoorSpread,DoorMaster,0.000000,E,S,637917.000000
Tue Jul 30 16:54:05 2019,30-Jul-2019,195408,47 22.263000 N,063 48.144100 W,5.1,195.6,A,DoorSpread,DoorMaster,0.000000,E,S,637917.000000
Tue Jul 30 16:54:07 2019,30-Jul-2019,195409,47 22.261700 N,063 48.144500 W,5.1,195.4,A,Primary,Headline,2.040816,D,S,173048.000000
Tue Jul 30 16:54:07 2019,30-Jul-2019,195410,47 22.260300 N,063 48.144900 W,5.1,195.2,A,Primary,Headline,2.040816,D,S,173048.000000
Tue Jul 30 16:54:07 2019,30-Jul-2019,195411,47 22.258900 N,063 48.145300 W,5.1,195.0,A,Primary,Headline,2.040816,D,S,173048.000000
Tue Jul 30 16:54:10 2019,30-Jul-2019,195412,47 22.257600 N,063 48.145700 W,5.1,194.9,A,Depth,Depth,26.111111,D,S,457383.000000
Tue Jul 30 16:54:11 2019,30-Jul-2019,195413,47 22.256300 N,063 48.146100 W,5.1,194.8,A,DoorSpread,DoorMaster,4.900000,D,P,76925.000000
Tue Jul 30 16:54:12 2019,30-Jul-2019,195414,47 22.254900 N,063 48.146600 W,5.1,194.7,A,Primary,Headline,2.163265,D,S,369058.000000
Tue Jul 30 16:54:12 2019,30-Jul-2019,195415,47 22.253600 N,063 48.146900 W,5.1,194.4,A,Primary,Headline,2.163265,D,S,369058.000000
Tue Jul 30 16:54:12 2019,30-Jul-2019,195416,47 22.252100 N,063 48.147400 W,5.2,194.1,A,Primary,Headline,2.163265,D,S,369058.000000
Tue Jul 30 16:54:12 2019,30-Jul-2019,195417,47 22.250600 N,063 48.147800 W,5.2,194.0,A,Primary,Headline,2.163265,D,S,369058.000000
Tue Jul 30 16:54:16 2019,30-Jul-2019,195418,47 22.249100 N,063 48.148200 W,5.2,193.7,A,DoorSpread,DoorMaster,4.750000,D,S,450168.000000
Tue Jul 30 16:54:17 2019,30-Jul-2019,195419,47 22.247600 N,063 48.148500 W,5.2,193.5,A,Primary,Headline,2.102041,D,S,146422.000000
Tue Jul 30 16:54:17 2019,30-Jul-2019,195420,47 22.246100 N,063 48.148900 W,5.2,193.3,A,Primary,Headline,2.102041,D,S,146422.000000
Tue Jul 30 16:54:17 2019,30-Jul-2019,195421,47 22.244700 N,063 48.149200 W,5.2,193.1,A,Primary,Headline,2.102041,D,S,146422.000000
Tue Jul 30 16:54:17 2019,30-Jul-2019,195422,47 22.243200 N,063 48.149700 W,5.2,192.9,A,Primary,Headline,2.102041,D,S,146422.000000
Tue Jul 30 16:54:17 2019,30-Jul-2019,195423,47 22.241800 N,063 48.150200 W,5.2,192.7,A,Primary,Headline,2.102041,D,S,146422.000000
Tue Jul 30 16:54:22 2019,30-Jul-2019,195424,47 22.240400 N,063 48.150700 W,5.2,192.6,A,Primary,Headline,2.142857,D,P,51754.000000
Tue Jul 30 16:54:22 2019,30-Jul-2019,195425,47 22.239000 N,063 48.151300 W,5.1,192.5,A,Primary,Headline,2.142857,D,P,51754.000000
Tue Jul 30 16:54:24 2019,30-Jul-2019,195426,47 22.237700 N,063 48.151900 W,5.1,192.4,A,Depth,Depth,28.611111,D,P,45168.000000
Tue Jul 30 16:54:24 2019,30-Jul-2019,195427,47 22.236400 N,063 48.152400 W,5.1,192.3,A,Depth,Depth,28.611111,D,P,45168.000000
Tue Jul 30 16:54:24 2019,30-Jul-2019,195428,47 22.235100 N,063 48.152800 W,5.1,192.2,A,Depth,Depth,28.611111,D,P,45168.000000
Tue Jul 30 16:54:27 2019,30-Jul-2019,195429,47 22.233700 N,063 48.153300 W,5.1,192.0,A,DoorSpread,DoorMaster,6.450000,D,S,358451.000000
Tue Jul 30 16:54:27 2019,30-Jul-2019,195430,47 22.232400 N,063 48.153600 W,5.1,191.9,A,DoorSpread,DoorMaster,6.450000,D,S,358451.000000
Tue Jul 30 16:54:27 2019,30-Jul-2019,195431,47 22.231000 N,063 48.153900 W,5.1,191.7,A,DoorSpread,DoorMaster,6.450000,D,S,358451.000000
Tue Jul 30 16:54:27 2019,30-Jul-2019,195432,47 22.229600 N,063 48.154200 W,5.1,191.7,A,DoorSpread,DoorMaster,6.450000,D,S,358451.000000
Tue Jul 30 16:54:31 2019,30-Jul-2019,195433,47 22.228200 N,063 48.154500 W,5.2,191.5,A,Depth,Depth,30.000000,D,S,125575.000000
Tue Jul 30 16:54:32 2019,30-Jul-2019,195434,47 22.226900 N,063 48.154800 W,5.1,191.4,A,DoorSpread,DoorMaster,0.000000,E,S,566217.000000
Tue Jul 30 16:54:32 2019,30-Jul-2019,195435,47 22.225700 N,063 48.154900 W,5.1,191.1,A,DoorSpread,DoorMaster,0.000000,E,S,566217.000000
Tue Jul 30 16:54:32 2019,30-Jul-2019,195436,47 22.224500 N,063 48.155000 W,5.0,190.9,A,DoorSpread,DoorMaster,0.000000,E,S,566217.000000
Tue Jul 30 16:54:32 2019,30-Jul-2019,195437,47 22.223100 N,063 48.155100 W,5.0,190.7,A,DoorSpread,DoorMaster,0.000000,E,S,566217.000000
Tue Jul 30 16:54:32 2019,30-Jul-2019,195438,47 22.221700 N,063 48.155200 W,5.0,190.5,A,DoorSpread,DoorMaster,0.000000,E,S,566217.000000
Tue Jul 30 16:54:37 2019,30-Jul-2019,195439,47 22.220400 N,063 48.155200 W,5.0,190.4,A,DoorSpread,DoorMaster,0.000000,E,S,545441.000000
Tue Jul 30 16:54:38 2019,30-Jul-2019,195440,47 22.219000 N,063 48.155300 W,5.0,190.2,A,Depth,Depth,33.148148,D,S,122493.000000
Tue Jul 30 16:54:38 2019,30-Jul-2019,195441,47 22.217600 N,063 48.155400 W,5.0,190.0,A,Depth,Depth,33.148148,D,S,122493.000000
Tue Jul 30 16:54:38 2019,30-Jul-2019,195442,47 22.216300 N,063 48.155600 W,5.0,189.7,A,Depth,Depth,33.148148,D,S,122493.000000
Tue Jul 30 16:54:38 2019,30-Jul-2019,195443,47 22.214900 N,063 48.155700 W,4.9,189.3,A,Depth,Depth,33.148148,D,S,122493.000000
Tue Jul 30 16:54:42 2019,30-Jul-2019,195444,47 22.213600 N,063 48.155900 W,4.9,189.1,A,Primary,Headline,0.816327,D,S,483677.000000
Tue Jul 30 16:54:43 2019,30-Jul-2019,195445,47 22.212200 N,063 48.156100 W,4.9,188.9,A,DoorSpread,DoorMaster,5.665000,D,S,850561.000000
Tue Jul 30 16:54:43 2019,30-Jul-2019,195446,47 22.210900 N,063 48.156400 W,4.9,188.7,A,DoorSpread,DoorMaster,5.665000,D,S,850561.000000
Tue Jul 30 16:54:45 2019,30-Jul-2019,195447,47 22.209500 N,063 48.156800 W,5.0,188.8,A,Depth,Depth,33.425926,D,S,131587.000000
Tue Jul 30 16:54:45 2019,30-Jul-2019,195448,47 22.208200 N,063 48.157200 W,4.9,188.6,A,Depth,Depth,33.425926,D,S,131587.000000
Tue Jul 30 16:54:47 2019,30-Jul-2019,195449,47 22.207000 N,063 48.157500 W,4.9,188.3,A,Primary,Headline,1.755102,D,S,261510.000000
Tue Jul 30 16:54:47 2019,30-Jul-2019,195450,47 22.205700 N,063 48.157800 W,4.9,188.1,A,Primary,Headline,1.755102,D,S,261510.000000
Tue Jul 30 16:54:49 2019,30-Jul-2019,195451,47 22.204400 N,063 48.158100 W,4.9,187.9,A,DoorSpread,DoorMaster,6.395000,D,S,595670.000000
Tue Jul 30 16:54:49 2019,30-Jul-2019,195452,47 22.203100 N,063 48.158200 W,4.7,187.6,A,DoorSpread,DoorMaster,6.395000,D,S,595670.000000
Tue Jul 30 16:54:49 2019,30-Jul-2019,195453,47 22.201900 N,063 48.158300 W,4.8,187.5,A,DoorSpread,DoorMaster,6.395000,D,S,595670.000000
Tue Jul 30 16:54:52 2019,30-Jul-2019,195454,47 22.200400 N,063 48.158600 W,4.9,187.6,A,Primary,Headline,1.857143,D,S,372880.000000
Tue Jul 30 16:54:52 2019,30-Jul-2019,195455,47 22.199000 N,063 48.159100 W,4.9,187.6,A,Primary,Headline,1.857143,D,S,372880.000000
Tue Jul 30 16:54:54 2019,30-Jul-2019,195456,47 22.197500 N,063 48.159500 W,4.9,187.6,A,DoorSpread,DoorMaster,7.175000,D,S,269048.000000
Tue Jul 30 16:54:54 2019,30-Jul-2019,195457,47 22.196200 N,063 48.159800 W,5.0,187.7,A,DoorSpread,DoorMaster,7.175000,D,S,269048.000000
Tue Jul 30 16:54:54 2019,30-Jul-2019,195458,47 22.194800 N,063 48.160300 W,5.0,187.7,A,DoorSpread,DoorMaster,7.175000,D,S,269048.000000
Tue Jul 30 16:54:57 2019,30-Jul-2019,195459,47 22.193400 N,063 48.160500 W,4.9,187.6,A,Primary,Headline,0.489796,D,P,43804.000000
Tue Jul 30 16:54:57 2019,30-Jul-2019,195500,47 22.192100 N,063 48.160700 W,4.8,187.3,A,Primary,Headline,1.714286,D,S,270629.000000
Tue Jul 30 16:54:59 2019,30-Jul-2019,195501,47 22.190800 N,063 48.160900 W,4.8,187.1,A,Depth,Depth,40.000000,D,S,148887.000000
Tue Jul 30 16:54:59 2019,30-Jul-2019,195502,47 22.189300 N,063 48.161000 W,4.9,187.0,A,Depth,Depth,40.000000,D,S,148887.000000
Tue Jul 30 16:54:59 2019,30-Jul-2019,195503,47 22.187800 N,063 48.161200 W,4.9,186.9,A,Depth,Depth,40.000000,D,S,148887.000000
Tue Jul 30 16:55:03 2019,30-Jul-2019,195504,47 22.186400 N,063 48.161300 W,4.9,186.9,A,Primary,Headline,1.510204,D,S,317770.000000
Tue Jul 30 16:55:03 2019,30-Jul-2019,195505,47 22.184900 N,063 48.161600 W,4.9,187.0,A,Primary,Headline,1.510204,D,S,317770.000000
Tue Jul 30 16:55:03 2019,30-Jul-2019,195506,47 22.183400 N,063 48.161900 W,4.9,187.0,A,Primary,Headline,1.510204,D,S,317770.000000
Tue Jul 30 16:55:05 2019,30-Jul-2019,195507,47 22.182000 N,063 48.162200 W,4.9,187.1,A,DoorSpread,DoorMaster,7.215000,D,S,432455.000000
Tue Jul 30 16:55:07 2019,30-Jul-2019,195508,47 22.180500 N,063 48.162500 W,5.0,187.2,A,Depth,Depth,37.407407,D,S,185358.000000
Tue Jul 30 16:55:07 2019,30-Jul-2019,195509,47 22.179100 N,063 48.162900 W,5.0,187.2,A,Depth,Depth,37.407407,D,S,185358.000000
Tue Jul 30 16:55:07 2019,30-Jul-2019,195510,47 22.177600 N,063 48.163200 W,5.0,187.2,A,Primary,Headline,1.653061,D,S,376200.000000
Tue Jul 30 16:55:07 2019,30-Jul-2019,195511,47 22.176300 N,063 48.163600 W,4.9,187.2,A,Primary,Headline,1.653061,D,S,376200.000000
Tue Jul 30 16:55:10 2019,30-Jul-2019,195512,47 22.174900 N,063 48.163900 W,4.9,187.2,A,DoorSpread,DoorMaster,0.000000,E,S,250515.000000
Tue Jul 30 16:55:10 2019,30-Jul-2019,195513,47 22.173400 N,063 48.164300 W,5.0,187.3,A,DoorSpread,DoorMaster,0.000000,E,S,250515.000000
Tue Jul 30 16:55:10 2019,30-Jul-2019,195514,47 22.171800 N,063 48.164800 W,5.1,187.5,A,DoorSpread,DoorMaster,0.000000,E,S,250515.000000
Tue Jul 30 16:55:13 2019,30-Jul-2019,195515,47 22.170200 N,063 48.165300 W,5.1,187.6,A,Primary,Headline,1.551020,D,S,200866.000000
Tue Jul 30 16:55:14 2019,30-Jul-2019,195516,47 22.168800 N,063 48.165600 W,5.1,187.5,A,Depth,Depth,42.314815,D,S,150179.000000
Tue Jul 30 16:55:15 2019,30-Jul-2019,195517,47 22.167400 N,063 48.166000 W,5.0,187.4,A,DoorSpread,DoorMaster,0.000000,E,S,154540.000000
Tue Jul 30 16:55:15 2019,30-Jul-2019,195518,47 22.165900 N,063 48.166300 W,5.0,187.3,A,DoorSpread,DoorMaster,0.000000,E,S,154540.000000
Tue Jul 30 16:55:15 2019,30-Jul-2019,195519,47 22.164400 N,063 48.166600 W,5.0,187.2,A,DoorSpread,DoorMaster,0.000000,E,S,154540.000000
Tue Jul 30 16:55:18 2019,30-Jul-2019,195520,47 22.163000 N,063 48.167100 W,5.0,187.2,A,Primary,Headline,1.469388,D,S,240612.000000
Tue Jul 30 16:55:18 2019,30-Jul-2019,195521,47 22.161600 N,063 48.167600 W,5.0,187.2,A,Primary,Headline,1.469388,D,S,240612.000000
Tue Jul 30 16:55:20 2019,30-Jul-2019,195522,47 22.160300 N,063 48.168100 W,5.0,187.1,A,DoorSpread,DoorMaster,0.000000,E,P,62988.000000
Tue Jul 30 16:55:21 2019,30-Jul-2019,195523,47 22.159000 N,063 48.168500 W,5.0,187.0,A,Depth,Depth,43.796296,D,S,66184.000000
Tue Jul 30 16:55:21 2019,30-Jul-2019,195524,47 22.157600 N,063 48.168900 W,5.0,187.1,A,Depth,Depth,43.796296,D,S,66184.000000
Tue Jul 30 16:55:23 2019,30-Jul-2019,195525,47 22.156200 N,063 48.169300 W,5.0,187.1,A,Primary,Headline,1.714286,D,S,171955.000000
Tue Jul 30 16:55:23 2019,30-Jul-2019,195526,47 22.154800 N,063 48.169600 W,5.0,187.1,A,Primary,Headline,1.714286,D,S,171955.000000
Tue Jul 30 16:55:23 2019,30-Jul-2019,195527,47 22.153400 N,063 48.169900 W,5.1,187.2,A,Primary,Headline,1.714286,D,S,171955.000000
Tue Jul 30 16:55:26 2019,30-Jul-2019,195528,47 22.152000 N,063 48.170100 W,5.1,187.2,A,DoorSpread,DoorMaster,8.280000,D,S,217558.000000
Tue Jul 30 16:55:26 2019,30-Jul-2019,195529,47 22.150600 N,063 48.170300 W,5.1,187.2,A,DoorSpread,DoorMaster,8.280000,D,S,217558.000000
Tue Jul 30 16:55:28 2019,30-Jul-2019,195530,47 22.149100 N,063 48.170500 W,5.1,187.1,A,Depth,Depth,43.888889,D,S,135758.000000
Tue Jul 30 16:55:28 2019,30-Jul-2019,195531,47 22.147700 N,063 48.170700 W,5.0,187.0,A,Depth,Depth,43.888889,D,S,135758.000000
Tue Jul 30 16:55:28 2019,30-Jul-2019,195532,47 22.146300 N,063 48.170900 W,5.0,187.0,A,Depth,Depth,43.888889,D,S,135758.000000
Tue Jul 30 16:55:31 2019,30-Jul-2019,195533,47 22.144800 N,063 48.171100 W,5.1,187.0,A,DoorSpread,DoorMaster,0.000000,E,S,284063.000000
Tue Jul 30 16:55:31 2019,30-Jul-2019,195534,47 22.143500 N,063 48.171300 W,5.0,186.9,A,DoorSpread,DoorMaster,0.000000,E,S,284063.000000
Tue Jul 30 16:55:33 2019,30-Jul-2019,195535,47 22.142100 N,063 48.171500 W,5.0,186.9,A,Primary,Headline,1.795918,D,S,244192.000000
Tue Jul 30 16:55:33 2019,30-Jul-2019,195536,47 22.140800 N,063 48.171700 W,5.0,186.8,A,Primary,Headline,1.795918,D,S,244192.000000
Tue Jul 30 16:55:35 2019,30-Jul-2019,195537,47 22.139500 N,063 48.171900 W,5.0,186.7,A,Depth,Depth,46.944444,D,S,176299.000000
Tue Jul 30 16:55:36 2019,30-Jul-2019,195538,47 22.138200 N,063 48.172000 W,5.0,186.6,A,DoorSpread,DoorMaster,0.000000,E,S,429595.000000
Tue Jul 30 16:55:36 2019,30-Jul-2019,195539,47 22.136800 N,063 48.172200 W,5.0,186.4,A,DoorSpread,DoorMaster,0.000000,E,S,429595.000000
Tue Jul 30 16:55:38 2019,30-Jul-2019,195540,47 22.135600 N,063 48.172400 W,4.9,186.0,A,Primary,Headline,1.306122,D,S,320993.000000
Tue Jul 30 16:55:38 2019,30-Jul-2019,195541,47 22.134300 N,063 48.172500 W,4.9,185.9,A,Primary,Headline,1.306122,D,S,320993.000000
Tue Jul 30 16:55:38 2019,30-Jul-2019,195542,47 22.132800 N,063 48.172600 W,5.0,185.7,A,Primary,Headline,1.306122,D,S,320993.000000
Tue Jul 30 16:55:41 2019,30-Jul-2019,195543,47 22.131500 N,063 48.172700 W,4.9,185.5,A,DoorSpread,DoorMaster,0.000000,E,S,344307.000000
Tue Jul 30 16:55:42 2019,30-Jul-2019,195544,47 22.130200 N,063 48.172700 W,4.9,185.2,A,Depth,Depth,33.518519,D,P,96035.000000
Tue Jul 30 16:55:43 2019,30-Jul-2019,195545,47 22.129000 N,063 48.172800 W,4.8,185.0,A,Primary,Headline,2.122449,D,S,90354.000000
Tue Jul 30 16:55:43 2019,30-Jul-2019,195546,47 22.127900 N,063 48.172800 W,4.6,184.6,A,Primary,Headline,2.122449,D,S,90354.000000
Tue Jul 30 16:55:43 2019,30-Jul-2019,195547,47 22.126800 N,063 48.172900 W,4.5,184.3,A,Primary,Headline,2.122449,D,S,90354.000000
Tue Jul 30 16:55:43 2019,30-Jul-2019,195548,47 22.125900 N,063 48.173000 W,4.4,184.0,A,Primary,Headline,2.122449,D,S,90354.000000
Tue Jul 30 16:55:47 2019,30-Jul-2019,195549,47 22.125000 N,063 48.173000 W,4.2,183.6,A,DoorSpread,DoorMaster,6.875000,D,S,538354.000000
Tue Jul 30 16:55:48 2019,30-Jul-2019,195550,47 22.124200 N,063 48.172900 W,4.0,183.2,A,Primary,Headline,1.857143,D,S,260673.000000
Tue Jul 30 16:55:48 2019,30-Jul-2019,195551,47 22.123400 N,063 48.172800 W,3.9,182.8,A,Primary,Headline,1.857143,D,S,260673.000000
Tue Jul 30 16:55:50 2019,30-Jul-2019,195552,47 22.122700 N,063 48.172800 W,3.8,182.4,A,Depth,Depth,48.796296,D,P,82620.000000
Tue Jul 30 16:55:50 2019,30-Jul-2019,195553,47 22.122100 N,063 48.172700 W,3.6,181.9,A,Depth,Depth,48.796296,D,P,82620.000000
Tue Jul 30 16:55:52 2019,30-Jul-2019,195554,47 22.121500 N,063 48.172600 W,3.5,181.5,A,DoorSpread,DoorMaster,6.810000,D,S,738508.000000
Tue Jul 30 16:55:53 2019,30-Jul-2019,195555,47 22.120800 N,063 48.172600 W,3.4,181.2,A,Primary,Headline,2.693878,D,P,138373.000000
Tue Jul 30 16:55:53 2019,30-Jul-2019,195556,47 22.120200 N,063 48.172500 W,3.3,180.8,A,Primary,Headline,2.693878,D,P,138373.000000
Tue Jul 30 16:55:53 2019,30-Jul-2019,195557,47 22.119500 N,063 48.172500 W,3.2,180.4,A,Primary,Headline,2.693878,D,P,138373.000000
Tue Jul 30 16:55:53 2019,30-Jul-2019,195558,47 22.118900 N,063 48.172400 W,3.0,180.0,A,Primary,Headline,2.693878,D,P,138373.000000
Tue Jul 30 16:55:57 2019,30-Jul-2019,195559,47 22.118200 N,063 48.172300 W,3.0,179.7,A,Depth,Depth,49.722222,D,P,248054.000000
Tue Jul 30 16:55:58 2019,30-Jul-2019,195600,47 22.117500 N,063 48.172100 W,2.9,179.4,A,Primary,Headline,1.959184,D,S,134033.000000
Tue Jul 30 16:55:58 2019,30-Jul-2019,195601,47 22.117000 N,063 48.172100 W,2.8,179.1,A,Primary,Headline,1.959184,D,S,134033.000000
Tue Jul 30 16:55:58 2019,30-Jul-2019,195602,47 22.116300 N,063 48.172100 W,2.8,178.8,A,Primary,Headline,1.959184,D,S,134033.000000
Tue Jul 30 16:55:58 2019,30-Jul-2019,195603,47 22.115700 N,063 48.172100 W,2.7,178.5,A,Primary,Headline,1.959184,D,S,134033.000000
Tue Jul 30 16:55:58 2019,30-Jul-2019,195604,47 22.115000 N,063 48.172000 W,2.6,178.3,A,Primary,Headline,1.959184,D,S,134033.000000
Tue Jul 30 16:56:03 2019,30-Jul-2019,195605,47 22.114300 N,063 48.171900 W,2.6,178.1,A,Primary,Headline,2.367347,D,P,121988.000000
Tue Jul 30 16:56:04 2019,30-Jul-2019,195606,47 22.113600 N,063 48.171800 W,2.6,177.8,A,Depth,Depth,50.740741,D,P,391353.000000
Tue Jul 30 16:56:04 2019,30-Jul-2019,195607,47 22.112800 N,063 48.171700 W,2.6,177.7,A,Depth,Depth,50.740741,D,P,391353.000000
Tue Jul 30 16:56:04 2019,30-Jul-2019,195608,47 22.112000 N,063 48.171600 W,2.5,177.6,A,Depth,Depth,50.740741,D,P,391353.000000
Tue Jul 30 16:56:04 2019,30-Jul-2019,195609,47 22.111200 N,063 48.171600 W,2.5,177.4,A,Depth,Depth,50.740741,D,P,391353.000000
Tue Jul 30 16:56:08 2019,30-Jul-2019,195610,47 22.110500 N,063 48.171500 W,2.5,177.3,A,DoorSpread,DoorMaster,5.760000,D,P,146385.000000
Tue Jul 30 16:56:08 2019,30-Jul-2019,195611,47 22.109800 N,063 48.171400 W,2.5,177.1,A,DoorSpread,DoorMaster,5.760000,D,P,146385.000000
Tue Jul 30 16:56:08 2019,30-Jul-2019,195612,47 22.109000 N,063 48.171300 W,2.5,177.0,A,DoorSpread,DoorMaster,5.760000,D,P,146385.000000
Tue Jul 30 16:56:11 2019,30-Jul-2019,195613,47 22.108200 N,063 48.171100 W,2.5,176.9,A,Depth,Depth,52.037037,D,P,219217.000000
Tue Jul 30 16:56:11 2019,30-Jul-2019,195614,47 22.107500 N,063 48.171200 W,2.5,176.9,A,Depth,Depth,52.037037,D,P,219217.000000
Tue Jul 30 16:56:13 2019,30-Jul-2019,195615,47 22.106700 N,063 48.171400 W,2.5,176.8,A,Primary,Headline,2.081633,D,S,278553.000000
Tue Jul 30 16:56:14 2019,30-Jul-2019,195616,47 22.106000 N,063 48.171400 W,2.5,176.8,A,DoorSpread,DoorMaster,5.275000,D,S,492397.000000
Tue Jul 30 16:56:14 2019,30-Jul-2019,195617,47 22.105300 N,063 48.171600 W,2.5,176.8,A,DoorSpread,DoorMaster,5.275000,D,S,492397.000000
Tue Jul 30 16:56:14 2019,30-Jul-2019,195618,47 22.104700 N,063 48.171900 W,2.5,176.7,A,DoorSpread,DoorMaster,5.275000,D,S,492397.000000
Tue Jul 30 16:56:14 2019,30-Jul-2019,195619,47 22.104200 N,063 48.172200 W,2.5,176.7,A,DoorSpread,DoorMaster,5.275000,D,S,492397.000000
Tue Jul 30 16:56:18 2019,30-Jul-2019,195620,47 22.103500 N,063 48.172400 W,2.5,176.7,A,Depth,Depth,55.555556,D,P,103938.000000
Tue Jul 30 16:56:19 2019,30-Jul-2019,195621,47 22.102800 N,063 48.172600 W,2.5,176.7,A,DoorSpread,DoorMaster,5.235000,D,P,310124.000000
Tue Jul 30 16:56:19 2019,30-Jul-2019,195622,47 22.102000 N,063 48.172600 W,2.5,176.7,A,DoorSpread,DoorMaster,5.280000,D,S,382782.000000
Tue Jul 30 16:56:19 2019,30-Jul-2019,195623,47 22.101300 N,063 48.172700 W,2.5,176.6,A,DoorSpread,DoorMaster,5.280000,D,S,382782.000000
Tue Jul 30 16:56:19 2019,30-Jul-2019,195624,47 22.100500 N,063 48.172700 W,2.6,176.5,A,DoorSpread,DoorMaster,5.280000,D,S,382782.000000
Tue Jul 30 16:56:23 2019,30-Jul-2019,195625,47 22.099700 N,063 48.172800 W,2.5,176.4,A,Primary,Headline,1.959184,D,P,140197.000000
Tue Jul 30 16:56:23 2019,30-Jul-2019,195626,47 22.099000 N,063 48.172900 W,2.5,176.3,A,Primary,Headline,1.959184,D,P,140197.000000
Tue Jul 30 16:56:25 2019,30-Jul-2019,195627,47 22.098300 N,063 48.172900 W,2.5,176.2,A,DoorSpread,DoorMaster,5.240000,D,P,414659.000000
Tue Jul 30 16:56:26 2019,30-Jul-2019,195628,47 22.097600 N,063 48.172900 W,2.5,176.2,A,Depth,Depth,56.666667,D,S,260315.000000
Tue Jul 30 16:56:26 2019,30-Jul-2019,195629,47 22.096800 N,063 48.172800 W,2.5,176.2,A,Depth,Depth,56.666667,D,S,260315.000000
Tue Jul 30 16:56:28 2019,30-Jul-2019,195630,47 22.096000 N,063 48.172800 W,2.4,176.2,A,Primary,Headline,2.163265,D,S,510889.000000
Tue Jul 30 16:56:28 2019,30-Jul-2019,195631,47 22.095300 N,063 48.172900 W,2.4,176.1,A,Primary,Headline,2.163265,D,S,510889.000000
Tue Jul 30 16:56:30 2019,30-Jul-2019,195632,47 22.094500 N,063 48.172900 W,2.4,176.0,A,DoorSpread,DoorMaster,5.220000,D,S,466273.000000
Tue Jul 30 16:56:30 2019,30-Jul-2019,195633,47 22.093700 N,063 48.172800 W,2.3,175.9,A,DoorSpread,DoorMaster,5.220000,D,S,466273.000000
Tue Jul 30 16:56:30 2019,30-Jul-2019,195634,47 22.092800 N,063 48.172800 W,2.4,175.9,A,DoorSpread,DoorMaster,5.220000,D,S,466273.000000
Tue Jul 30 16:56:33 2019,30-Jul-2019,195635,47 22.092000 N,063 48.172800 W,2.4,175.8,A,Primary,Headline,2.346939,D,S,373041.000000
Tue Jul 30 16:56:33 2019,30-Jul-2019,195636,47 22.091200 N,063 48.172900 W,2.4,175.6,A,Primary,Headline,2.346939,D,S,373041.000000
Tue Jul 30 16:56:33 2019,30-Jul-2019,195637,47 22.090500 N,063 48.172800 W,2.3,175.4,A,Primary,Headline,2.346939,D,S,373041.000000
Tue Jul 30 16:56:36 2019,30-Jul-2019,195638,47 22.089800 N,063 48.172700 W,2.3,175.2,A,DoorSpread,DoorMaster,5.440000,D,P,594158.000000
Tue Jul 30 16:56:36 2019,30-Jul-2019,195639,47 22.089100 N,063 48.172500 W,2.3,175.0,A,DoorSpread,DoorMaster,5.440000,D,P,594158.000000
Tue Jul 30 16:56:38 2019,30-Jul-2019,195640,47 22.088400 N,063 48.172500 W,2.2,174.8,A,Primary,Headline,2.020408,D,S,551458.000000
Tue Jul 30 16:56:38 2019,30-Jul-2019,195641,47 22.087800 N,063 48.172300 W,2.2,174.6,A,Primary,Headline,2.020408,D,S,551458.000000
Tue Jul 30 16:56:40 2019,30-Jul-2019,195642,47 22.087200 N,063 48.172100 W,2.2,174.5,A,Depth,Depth,61.018519,D,P,179845.000000
Tue Jul 30 16:56:41 2019,30-Jul-2019,195643,47 22.086600 N,063 48.171900 W,2.2,174.4,A,DoorSpread,DoorMaster,5.315000,D,P,363576.000000
Tue Jul 30 16:56:41 2019,30-Jul-2019,195644,47 22.086000 N,063 48.171800 W,2.2,174.3,A,DoorSpread,DoorMaster,5.315000,D,P,363576.000000
Tue Jul 30 16:56:43 2019,30-Jul-2019,195645,47 22.085500 N,063 48.171500 W,2.1,174.2,A,Primary,Headline,2.142857,D,S,328318.000000
Tue Jul 30 16:56:43 2019,30-Jul-2019,195646,47 22.085000 N,063 48.171300 W,2.1,174.3,A,Primary,Headline,2.142857,D,S,328318.000000
Tue Jul 30 16:56:43 2019,30-Jul-2019,195647,47 22.084500 N,063 48.171200 W,2.1,174.3,A,Primary,Headline,2.142857,D,S,328318.000000
Tue Jul 30 16:56:43 2019,30-Jul-2019,195648,47 22.083900 N,063 48.171100 W,2.1,174.4,A,Primary,Headline,2.142857,D,S,328318.000000
Tue Jul 30 16:56:47 2019,30-Jul-2019,195649,47 22.083400 N,063 48.170900 W,2.1,174.5,A,Depth,Depth,64.814815,D,P,121480.000000
Tue Jul 30 16:56:48 2019,30-Jul-2019,195650,47 22.082800 N,063 48.170900 W,2.1,174.5,A,Primary,Headline,1.897959,D,S,477249.000000
Tue Jul 30 16:56:48 2019,30-Jul-2019,195651,47 22.082300 N,063 48.170800 W,2.1,174.4,A,Primary,Headline,1.897959,D,S,477249.000000
Tue Jul 30 16:56:48 2019,30-Jul-2019,195652,47 22.081700 N,063 48.170700 W,2.2,174.4,A,Primary,Headline,1.897959,D,S,477249.000000
Tue Jul 30 16:56:48 2019,30-Jul-2019,195653,47 22.081100 N,063 48.170700 W,2.2,174.3,A,Primary,Headline,1.897959,D,S,477249.000000
Tue Jul 30 16:56:48 2019,30-Jul-2019,195654,47 22.080500 N,063 48.170600 W,2.2,174.3,A,Primary,Headline,1.897959,D,S,477249.000000
Tue Jul 30 16:56:53 2019,30-Jul-2019,195655,47 22.079900 N,063 48.170400 W,2.3,174.4,A,Primary,Headline,2.734694,D,S,216546.000000
Tue Jul 30 16:56:54 2019,30-Jul-2019,195656,47 22.079400 N,063 48.170300 W,2.3,174.3,A,Depth,Depth,57.314815,D,S,227536.000000
Tue Jul 30 16:56:54 2019,30-Jul-2019,195657,47 22.078900 N,063 48.170200 W,2.3,174.3,A,Depth,Depth,57.314815,D,S,227536.000000
Tue Jul 30 16:56:54 2019,30-Jul-2019,195658,47 22.078400 N,063 48.170100 W,2.3,174.4,A,Depth,Depth,57.314815,D,S,227536.000000
Tue Jul 30 16:56:54 2019,30-Jul-2019,195659,47 22.077900 N,063 48.170000 W,2.2,174.4,A,Depth,Depth,57.314815,D,S,227536.000000
Tue Jul 30 16:56:58 2019,30-Jul-2019,195700,47 22.077500 N,063 48.169900 W,2.2,174.5,A,Primary,Headline,1.081633,D,P,295219.000000
Tue Jul 30 16:56:58 2019,30-Jul-2019,195701,47 22.077000 N,063 48.169800 W,2.2,174.6,A,Primary,Headline,1.081633,D,P,295219.000000
Tue Jul 30 16:56:58 2019,30-Jul-2019,195702,47 22.076400 N,063 48.169600 W,2.2,174.7,A,Primary,Headline,1.081633,D,P,295219.000000
Tue Jul 30 16:56:58 2019,30-Jul-2019,195703,47 22.075900 N,063 48.169400 W,2.2,174.7,A,Primary,Headline,1.081633,D,P,295219.000000
Tue Jul 30 16:57:02 2019,30-Jul-2019,195704,47 22.075500 N,063 48.169100 W,2.2,174.7,A,Depth,Depth,64.722222,D,P,168814.000000
Tue Jul 30 16:57:03 2019,30-Jul-2019,195705,47 22.075000 N,063 48.168700 W,2.2,174.6,A,Primary,Headline,1.530612,D,S,1020538.000000
Tue Jul 30 16:57:04 2019,30-Jul-2019,195706,47 22.074500 N,063 48.168300 W,2.1,174.5,A,DoorSpread,DoorMaster,7.170000,D,P,408171.000000
Tue Jul 30 16:57:04 2019,30-Jul-2019,195707,47 22.074000 N,063 48.168000 W,2.1,174.4,A,DoorSpread,DoorMaster,7.170000,D,P,408171.000000
Tue Jul 30 16:57:04 2019,30-Jul-2019,195708,47 22.073400 N,063 48.167800 W,2.1,174.3,A,DoorSpread,DoorMaster,7.170000,D,P,408171.000000
Tue Jul 30 16:57:04 2019,30-Jul-2019,195709,47 22.072800 N,063 48.167700 W,2.1,174.2,A,DoorSpread,DoorMaster,7.170000,D,P,408171.000000
Tue Jul 30 16:57:08 2019,30-Jul-2019,195710,47 22.072200 N,063 48.167600 W,2.1,174.0,A,Primary,Headline,1.979592,D,P,199977.000000
Tue Jul 30 16:57:09 2019,30-Jul-2019,195711,47 22.071500 N,063 48.167600 W,2.1,173.8,A,Depth,Depth,63.796296,D,P,145660.000000
Tue Jul 30 16:57:10 2019,30-Jul-2019,195712,47 22.070900 N,063 48.167400 W,2.1,173.6,A,DoorSpread,DoorMaster,7.580000,D,P,409577.000000
Tue Jul 30 16:57:10 2019,30-Jul-2019,195713,47 22.070200 N,063 48.167500 W,2.1,173.5,A,DoorSpread,DoorMaster,7.580000,D,P,409577.000000
Tue Jul 30 16:57:10 2019,30-Jul-2019,195714,47 22.069500 N,063 48.167800 W,2.1,173.5,A,DoorSpread,DoorMaster,7.580000,D,P,409577.000000
Tue Jul 30 16:57:13 2019,30-Jul-2019,195715,47 22.068800 N,063 48.167900 W,2.1,173.5,A,Primary,Headline,0.918367,D,P,263186.000000
Tue Jul 30 16:57:13 2019,30-Jul-2019,195716,47 22.068100 N,063 48.168100 W,2.0,173.6,A,Primary,Headline,0.918367,D,P,263186.000000
Tue Jul 30 16:57:15 2019,30-Jul-2019,195717,47 22.067600 N,063 48.168000 W,2.1,173.6,A,DoorSpread,DoorMaster,8.145000,D,S,100939.000000
Tue Jul 30 16:57:16 2019,30-Jul-2019,195718,47 22.067000 N,063 48.168000 W,2.0,173.6,A,Depth,Depth,64.629630,D,P,57480.000000
Tue Jul 30 16:57:16 2019,30-Jul-2019,195719,47 22.066500 N,063 48.167800 W,2.1,173.5,A,Depth,Depth,64.629630,D,P,57480.000000
Tue Jul 30 16:57:18 2019,30-Jul-2019,195720,47 22.065800 N,063 48.167700 W,2.1,173.6,A,Primary,Headline,1.306122,D,S,701799.000000
Tue Jul 30 16:57:18 2019,30-Jul-2019,195721,47 22.065200 N,063 48.167600 W,2.1,173.7,A,Primary,Headline,1.306122,D,P,84336.000000
Tue Jul 30 16:57:18 2019,30-Jul-2019,195722,47 22.064500 N,063 48.167600 W,2.1,173.8,A,Primary,Headline,1.306122,D,P,84336.000000
Tue Jul 30 16:57:21 2019,30-Jul-2019,195723,47 22.064000 N,063 48.167400 W,2.1,173.8,A,DoorSpread,DoorMaster,8.625000,D,P,78896.000000
Tue Jul 30 16:57:21 2019,30-Jul-2019,195724,47 22.063300 N,063 48.167300 W,2.1,173.9,A,DoorSpread,DoorMaster,8.625000,D,P,78896.000000
Tue Jul 30 16:57:23 2019,30-Jul-2019,195725,47 22.062500 N,063 48.167100 W,2.1,173.9,A,Depth,Depth,90.185185,D,S,36221.000000
Tue Jul 30 16:57:23 2019,30-Jul-2019,195726,47 22.061900 N,063 48.166900 W,2.2,173.8,A,Depth,Depth,90.185185,D,S,36221.000000
Tue Jul 30 16:57:23 2019,30-Jul-2019,195727,47 22.061100 N,063 48.166800 W,2.2,173.6,A,Depth,Depth,90.185185,D,S,36221.000000
Tue Jul 30 16:57:23 2019,30-Jul-2019,195728,47 22.060400 N,063 48.166700 W,2.2,173.5,A,Depth,Depth,90.185185,D,S,36221.000000
Tue Jul 30 16:57:27 2019,30-Jul-2019,195729,47 22.059600 N,063 48.166700 W,2.2,173.6,A,DoorSpread,DoorMaster,9.050000,D,P,59021.000000
Tue Jul 30 16:57:28 2019,30-Jul-2019,195730,47 22.059000 N,063 48.166600 W,2.2,173.7,A,Primary,Headline,1.387755,D,S,905724.000000
Tue Jul 30 16:57:28 2019,30-Jul-2019,195731,47 22.058300 N,063 48.166500 W,2.2,173.7,A,Primary,Headline,1.387755,D,S,905724.000000
Tue Jul 30 16:57:28 2019,30-Jul-2019,195732,47 22.057800 N,063 48.166400 W,2.2,173.7,A,Primary,Headline,1.387755,D,S,905724.000000
Tue Jul 30 16:57:31 2019,30-Jul-2019,195733,47 22.057200 N,063 48.166300 W,2.1,173.7,A,Depth,Depth,38.333333,D,S,355120.000000
Tue Jul 30 16:57:31 2019,30-Jul-2019,195734,47 22.056600 N,063 48.166100 W,2.1,173.4,A,Depth,Depth,38.333333,D,S,355120.000000
Tue Jul 30 16:57:33 2019,30-Jul-2019,195735,47 22.056100 N,063 48.166000 W,2.1,173.3,A,DoorSpread,DoorMaster,9.140000,D,P,149493.000000
Tue Jul 30 16:57:34 2019,30-Jul-2019,195736,47 22.055500 N,063 48.165900 W,2.1,173.1,A,Primary,Headline,1.040816,D,S,783747.000000
Tue Jul 30 16:57:34 2019,30-Jul-2019,195737,47 22.054800 N,063 48.165700 W,2.1,173.1,A,Primary,Headline,1.040816,D,S,783747.000000
Tue Jul 30 16:57:34 2019,30-Jul-2019,195738,47 22.054200 N,063 48.165600 W,2.0,172.9,A,Primary,Headline,1.040816,D,S,783747.000000
Tue Jul 30 16:57:34 2019,30-Jul-2019,195739,47 22.053600 N,063 48.165600 W,2.0,172.8,A,Primary,Headline,1.040816,D,S,783747.000000
Tue Jul 30 16:57:38 2019,30-Jul-2019,195740,47 22.053200 N,063 48.165500 W,2.1,172.8,A,Primary,Headline,1.346939,D,P,196202.000000
Tue Jul 30 16:57:39 2019,30-Jul-2019,195741,47 22.052600 N,063 48.165300 W,2.1,172.8,A,Primary,Headline,1.183673,D,S,769247.000000
Tue Jul 30 16:57:39 2019,30-Jul-2019,195742,47 22.052100 N,063 48.165200 W,2.1,172.8,A,Primary,Headline,1.183673,D,S,769247.000000
Tue Jul 30 16:57:39 2019,30-Jul-2019,195743,47 22.051500 N,063 48.165100 W,2.1,172.7,A,Primary,Headline,1.183673,D,S,769247.000000
Tue Jul 30 16:57:39 2019,30-Jul-2019,195744,47 22.050900 N,063 48.164900 W,2.1,172.7,A,Primary,Headline,1.183673,D,S,769247.000000
Tue Jul 30 16:57:44 2019,30-Jul-2019,195745,47 22.050400 N,063 48.164900 W,2.1,172.7,A,Primary,Headline,1.469388,D,S,540584.000000
Tue Jul 30 16:57:44 2019,30-Jul-2019,195746,47 22.049900 N,063 48.164800 W,2.1,172.7,A,DoorSpread,DoorMaster,10.170000,D,S,148060.000000
Tue Jul 30 16:57:45 2019,30-Jul-2019,195747,47 22.049300 N,063 48.164900 W,2.1,172.7,A,Depth,Depth,64.629630,D,P,167806.000000
Tue Jul 30 16:57:45 2019,30-Jul-2019,195748,47 22.048600 N,063 48.164900 W,2.2,172.7,A,Depth,Depth,64.629630,D,P,167806.000000
Tue Jul 30 16:57:45 2019,30-Jul-2019,195749,47 22.047900 N,063 48.165000 W,2.2,172.7,A,Depth,Depth,64.629630,D,P,167806.000000
Tue Jul 30 16:57:48 2019,30-Jul-2019,195750,47 22.047300 N,063 48.165000 W,2.2,172.8,A,Primary,Headline,1.122449,D,P,390226.000000
Tue Jul 30 16:57:48 2019,30-Jul-2019,195751,47 22.046700 N,063 48.165100 W,2.2,172.9,A,Primary,Headline,1.122449,D,S,597835.000000
Tue Jul 30 16:57:50 2019,30-Jul-2019,195752,47 22.046100 N,063 48.165000 W,2.2,172.9,A,DoorSpread,DoorMaster,10.515000,D,S,140262.000000
Tue Jul 30 16:57:50 2019,30-Jul-2019,195753,47 22.045400 N,063 48.164900 W,2.2,172.9,A,DoorSpread,DoorMaster,10.515000,D,S,140262.000000
Tue Jul 30 16:57:52 2019,30-Jul-2019,195754,47 22.044800 N,063 48.164800 W,2.2,172.7,A,Depth,Depth,64.629630,D,P,268553.000000
Tue Jul 30 16:57:53 2019,30-Jul-2019,195755,47 22.044300 N,063 48.164600 W,2.2,172.5,A,Primary,Headline,1.285714,D,P,463372.000000
Tue Jul 30 16:57:53 2019,30-Jul-2019,195756,47 22.043700 N,063 48.164500 W,2.2,172.5,A,Primary,Headline,1.285714,D,P,463372.000000
Tue Jul 30 16:57:53 2019,30-Jul-2019,195757,47 22.043200 N,063 48.164300 W,2.2,172.4,A,Primary,Headline,1.285714,D,P,463372.000000
Tue Jul 30 16:57:56 2019,30-Jul-2019,195758,47 22.042700 N,063 48.164100 W,2.2,172.2,A,DoorSpread,DoorMaster,11.005000,D,S,110245.000000
Tue Jul 30 16:57:56 2019,30-Jul-2019,195759,47 22.042200 N,063 48.164000 W,2.2,172.0,A,DoorSpread,DoorMaster,11.005000,D,S,110245.000000
Tue Jul 30 16:57:59 2019,30-Jul-2019,195800,47 22.041700 N,063 48.164000 W,2.1,171.8,A,Primary,Headline,1.061224,D,P,136911.000000
Tue Jul 30 16:57:59 2019,30-Jul-2019,195801,47 22.041100 N,063 48.163900 W,2.1,171.6,A,Primary,Headline,1.061224,D,P,136911.000000
Tue Jul 30 16:58:00 2019,30-Jul-2019,195802,47 22.040600 N,063 48.163800 W,2.1,171.5,A,Depth,Depth,65.740741,D,S,453359.000000
Tue Jul 30 16:58:00 2019,30-Jul-2019,195803,47 22.040100 N,063 48.163800 W,2.0,171.4,A,Depth,Depth,65.740741,D,S,453359.000000
Tue Jul 30 16:58:02 2019,30-Jul-2019,195804,47 22.039600 N,063 48.163700 W,2.0,171.2,A,DoorSpread,DoorMaster,10.935000,D,S,302641.000000
Tue Jul 30 16:58:02 2019,30-Jul-2019,195805,47 22.039000 N,063 48.163500 W,2.0,171.0,A,DoorSpread,DoorMaster,10.935000,D,S,302641.000000
Tue Jul 30 16:58:04 2019,30-Jul-2019,195806,47 22.038400 N,063 48.163300 W,2.0,170.9,A,Primary,Headline,1.306122,D,S,616526.000000
Tue Jul 30 16:58:04 2019,30-Jul-2019,195807,47 22.037800 N,063 48.163300 W,2.0,170.9,A,Primary,Headline,1.306122,D,S,616526.000000
Tue Jul 30 16:58:04 2019,30-Jul-2019,195808,47 22.037300 N,063 48.163000 W,2.0,170.8,A,Primary,Headline,1.306122,D,S,616526.000000
Tue Jul 30 16:58:07 2019,30-Jul-2019,195809,47 22.036700 N,063 48.162800 W,2.0,170.8,A,Depth,Depth,62.962963,D,S,458019.000000
Tue Jul 30 16:58:08 2019,30-Jul-2019,195810,47 22.036200 N,063 48.162800 W,2.0,170.8,A,DoorSpread,DoorMaster,10.935000,D,S,68437.000000
Tue Jul 30 16:58:09 2019,30-Jul-2019,195811,47 22.035600 N,063 48.162500 W,2.0,170.7,A,Primary,Headline,1.265306,D,S,531177.000000
Tue Jul 30 16:58:09 2019,30-Jul-2019,195812,47 22.035000 N,063 48.162300 W,2.0,170.5,A,Primary,Headline,1.265306,D,S,531177.000000
Tue Jul 30 16:58:09 2019,30-Jul-2019,195813,47 22.034300 N,063 48.162100 W,2.0,170.5,A,Primary,Headline,1.265306,D,S,531177.000000
Tue Jul 30 16:58:09 2019,30-Jul-2019,195814,47 22.033800 N,063 48.162000 W,2.1,170.5,A,Primary,Headline,1.265306,D,S,531177.000000
Tue Jul 30 16:58:09 2019,30-Jul-2019,195815,47 22.033200 N,063 48.162000 W,2.1,170.5,A,Primary,Headline,1.265306,D,S,531177.000000
Tue Jul 30 16:58:14 2019,30-Jul-2019,195816,47 22.032600 N,063 48.161800 W,2.1,170.5,A,Depth,Depth,64.351852,D,P,148379.000000
Tue Jul 30 16:58:14 2019,30-Jul-2019,195817,47 22.032000 N,063 48.161700 W,2.1,170.5,A,Depth,Depth,64.351852,D,P,148379.000000
Tue Jul 30 16:58:14 2019,30-Jul-2019,195818,47 22.031400 N,063 48.161600 W,2.1,170.4,A,Depth,Depth,64.351852,D,P,148379.000000
Tue Jul 30 16:58:14 2019,30-Jul-2019,195819,47 22.030900 N,063 48.161400 W,2.1,170.4,A,Depth,Depth,64.351852,D,P,148379.000000
Tue Jul 30 16:58:14 2019,30-Jul-2019,195820,47 22.030400 N,063 48.161300 W,2.2,170.5,A,Depth,Depth,64.351852,D,P,148379.000000
Tue Jul 30 16:58:19 2019,30-Jul-2019,195821,47 22.029800 N,063 48.161300 W,2.2,170.6,A,Primary,Headline,1.346939,D,S,524518.000000
Tue Jul 30 16:58:20 2019,30-Jul-2019,195822,47 22.029200 N,063 48.161100 W,2.2,170.7,A,DoorSpread,DoorMaster,9.690000,D,S,65637.000000
Tue Jul 30 16:58:21 2019,30-Jul-2019,195823,47 22.028600 N,063 48.161000 W,2.2,170.8,A,Depth,Depth,66.481481,D,P,163724.000000
Tue Jul 30 16:58:21 2019,30-Jul-2019,195824,47 22.028000 N,063 48.160900 W,2.2,170.8,A,Depth,Depth,66.481481,D,P,163724.000000
Tue Jul 30 16:58:21 2019,30-Jul-2019,195825,47 22.027500 N,063 48.160800 W,2.1,170.7,A,Depth,Depth,66.481481,D,P,163724.000000
Tue Jul 30 16:58:24 2019,30-Jul-2019,195826,47 22.026900 N,063 48.160500 W,2.1,170.6,A,Primary,Headline,1.285714,D,S,392471.000000
Tue Jul 30 16:58:25 2019,30-Jul-2019,195827,47 22.026400 N,063 48.160300 W,2.1,170.5,A,DoorSpread,DoorMaster,9.990000,D,S,115002.000000
Tue Jul 30 16:58:25 2019,30-Jul-2019,195828,47 22.025900 N,063 48.160100 W,2.1,170.3,A,DoorSpread,DoorMaster,9.990000,D,S,115002.000000
Tue Jul 30 16:58:25 2019,30-Jul-2019,195829,47 22.025400 N,063 48.159900 W,2.1,170.2,A,DoorSpread,DoorMaster,9.990000,D,S,115002.000000
Tue Jul 30 16:58:25 2019,30-Jul-2019,195830,47 22.024900 N,063 48.159700 W,2.1,170.1,A,DoorSpread,DoorMaster,9.990000,D,S,115002.000000
Tue Jul 30 16:58:29 2019,30-Jul-2019,195831,47 22.024400 N,063 48.159500 W,2.1,169.9,A,Primary,Headline,1.408163,D,S,526470.000000
Tue Jul 30 16:58:29 2019,30-Jul-2019,195832,47 22.023900 N,063 48.159300 W,2.1,169.7,A,Primary,Headline,1.408163,D,S,526470.000000
Tue Jul 30 16:58:31 2019,30-Jul-2019,195833,47 22.023400 N,063 48.159000 W,2.2,169.6,A,DoorSpread,DoorMaster,10.420000,D,P,123347.000000
Tue Jul 30 16:58:31 2019,30-Jul-2019,195834,47 22.022900 N,063 48.158700 W,2.2,169.6,A,DoorSpread,DoorMaster,10.420000,D,P,123347.000000
Tue Jul 30 16:58:31 2019,30-Jul-2019,195835,47 22.022400 N,063 48.158300 W,2.2,169.5,A,DoorSpread,DoorMaster,10.420000,D,P,123347.000000
Tue Jul 30 16:58:34 2019,30-Jul-2019,195836,47 22.021900 N,063 48.158000 W,2.2,169.5,A,Primary,Headline,0.959184,D,P,355580.000000
Tue Jul 30 16:58:34 2019,30-Jul-2019,195837,47 22.021300 N,063 48.157800 W,2.2,169.5,A,Primary,Headline,0.959184,D,P,355580.000000
Tue Jul 30 16:58:36 2019,30-Jul-2019,195838,47 22.020800 N,063 48.157700 W,2.2,169.2,A,DoorSpread,DoorMaster,0.000000,E,S,139325.000000
Tue Jul 30 16:58:36 2019,30-Jul-2019,195839,47 22.020200 N,063 48.157400 W,2.2,169.0,A,DoorSpread,DoorMaster,0.000000,E,S,139325.000000
Tue Jul 30 16:58:36 2019,30-Jul-2019,195840,47 22.019700 N,063 48.157200 W,2.2,168.7,A,DoorSpread,DoorMaster,0.000000,E,S,139325.000000
Tue Jul 30 16:58:39 2019,30-Jul-2019,195841,47 22.019100 N,063 48.157000 W,2.2,168.5,A,Primary,Headline,1.265306,D,P,259310.000000
Tue Jul 30 16:58:39 2019,30-Jul-2019,195842,47 22.018500 N,063 48.156900 W,2.2,168.3,A,Primary,Headline,1.265306,D,P,259310.000000
Tue Jul 30 16:58:39 2019,30-Jul-2019,195843,47 22.017900 N,063 48.156700 W,2.1,168.0,A,Primary,Headline,1.265306,D,P,259310.000000
Tue Jul 30 16:58:42 2019,30-Jul-2019,195844,47 22.017200 N,063 48.156600 W,2.1,168.0,A,DoorSpread,DoorMaster,11.075000,D,P,52381.000000
Tue Jul 30 16:58:43 2019,30-Jul-2019,195845,47 22.016600 N,063 48.156300 W,2.1,167.7,A,Depth,Depth,64.351852,D,P,279406.000000
Tue Jul 30 16:58:44 2019,30-Jul-2019,195846,47 22.016000 N,063 48.156000 W,2.1,167.3,A,Primary,Headline,1.061224,D,S,385114.000000
Tue Jul 30 16:58:44 2019,30-Jul-2019,195847,47 22.015500 N,063 48.155900 W,2.1,167.1,A,Primary,Headline,1.061224,D,S,385114.000000
Tue Jul 30 16:58:44 2019,30-Jul-2019,195848,47 22.015000 N,063 48.155700 W,2.1,166.5,A,Primary,Headline,1.061224,D,S,385114.000000
Tue Jul 30 16:58:44 2019,30-Jul-2019,195849,47 22.014400 N,063 48.155500 W,2.1,166.4,A,Primary,Headline,1.061224,D,S,385114.000000
Tue Jul 30 16:58:48 2019,30-Jul-2019,195850,47 22.013800 N,063 48.155400 W,2.0,166.3,A,DoorSpread,DoorMaster,10.110000,D,P,319158.000000
Tue Jul 30 16:58:49 2019,30-Jul-2019,195851,47 22.013300 N,063 48.155200 W,2.0,166.3,A,Primary,Headline,1.163265,D,P,340819.000000
Tue Jul 30 16:58:50 2019,30-Jul-2019,195852,47 22.012800 N,063 48.155100 W,2.0,166.2,A,Depth,Depth,63.981481,D,P,176301.000000
Tue Jul 30 16:58:50 2019,30-Jul-2019,195853,47 22.012300 N,063 48.154900 W,2.0,166.1,A,Depth,Depth,63.981481,D,P,176301.000000
Tue Jul 30 16:58:50 2019,30-Jul-2019,195854,47 22.011800 N,063 48.154800 W,1.9,166.0,A,Depth,Depth,63.981481,D,P,176301.000000
Tue Jul 30 16:58:50 2019,30-Jul-2019,195855,47 22.011400 N,063 48.154600 W,1.9,166.0,A,Depth,Depth,63.981481,D,P,176301.000000
Tue Jul 30 16:58:54 2019,30-Jul-2019,195856,47 22.010800 N,063 48.154400 W,1.9,165.9,A,DoorSpread,DoorMaster,10.300000,D,S,525731.000000
Tue Jul 30 16:58:54 2019,30-Jul-2019,195857,47 22.010400 N,063 48.154300 W,1.8,165.9,A,DoorSpread,DoorMaster,10.300000,D,S,525731.000000
Tue Jul 30 16:58:54 2019,30-Jul-2019,195858,47 22.009900 N,063 48.154100 W,1.8,165.9,A,DoorSpread,DoorMaster,10.300000,D,S,525731.000000
Tue Jul 30 16:58:54 2019,30-Jul-2019,195859,47 22.009400 N,063 48.154000 W,1.9,165.9,A,DoorSpread,DoorMaster,10.300000,D,S,525731.000000
Tue Jul 30 16:58:57 2019,30-Jul-2019,195900,47 22.008800 N,063 48.153700 W,1.9,166.0,A,Depth,Depth,64.629630,D,S,443237.000000
Tue Jul 30 16:58:59 2019,30-Jul-2019,195901,47 22.008200 N,063 48.153400 W,2.0,166.1,A,Primary,Headline,1.408163,D,S,486868.000000
Tue Jul 30 16:59:00 2019,30-Jul-2019,195902,47 22.007600 N,063 48.153000 W,2.1,166.1,A,DoorSpread,DoorMaster,10.105000,D,S,402969.000000
Tue Jul 30 16:59:00 2019,30-Jul-2019,195903,47 22.007000 N,063 48.152900 W,2.1,166.3,A,DoorSpread,DoorMaster,10.105000,D,S,402969.000000
Tue Jul 30 16:59:00 2019,30-Jul-2019,195904,47 22.006200 N,063 48.152800 W,2.2,166.6,A,DoorSpread,DoorMaster,10.105000,D,S,402969.000000
Tue Jul 30 16:59:00 2019,30-Jul-2019,195905,47 22.005500 N,063 48.152600 W,2.2,166.9,A,DoorSpread,DoorMaster,10.105000,D,S,402969.000000
Tue Jul 30 16:59:04 2019,30-Jul-2019,195906,47 22.004700 N,063 48.152500 W,2.3,167.2,A,Primary,Headline,1.265306,D,P,244343.000000
Tue Jul 30 16:59:05 2019,30-Jul-2019,195907,47 22.003900 N,063 48.152200 W,2.3,167.5,A,DoorSpread,DoorMaster,9.750000,D,S,406117.000000
Tue Jul 30 16:59:06 2019,30-Jul-2019,195908,47 22.003200 N,063 48.151800 W,2.3,167.6,A,DoorSpread,DoorMaster,9.840000,D,P,185506.000000
Tue Jul 30 16:59:06 2019,30-Jul-2019,195909,47 22.002600 N,063 48.151400 W,2.4,167.7,A,DoorSpread,DoorMaster,9.840000,D,P,185506.000000
Tue Jul 30 16:59:06 2019,30-Jul-2019,195910,47 22.001800 N,063 48.151100 W,2.3,167.6,A,DoorSpread,DoorMaster,9.840000,D,P,185506.000000
Tue Jul 30 16:59:09 2019,30-Jul-2019,195911,47 22.001100 N,063 48.150800 W,2.3,167.5,A,Primary,Headline,1.142857,D,S,345792.000000
Tue Jul 30 16:59:09 2019,30-Jul-2019,195912,47 22.000400 N,063 48.150500 W,2.3,167.4,A,Primary,Headline,1.142857,D,S,345792.000000
Tue Jul 30 16:59:09 2019,30-Jul-2019,195913,47 21.999800 N,063 48.150100 W,2.3,167.3,A,Primary,Headline,1.142857,D,S,345792.000000
Tue Jul 30 16:59:12 2019,30-Jul-2019,195914,47 21.999100 N,063 48.149700 W,2.3,167.2,A,Depth,Depth,64.444444,D,P,462135.000000
Tue Jul 30 16:59:12 2019,30-Jul-2019,195915,47 21.998400 N,063 48.149400 W,2.2,167.1,A,Depth,Depth,64.444444,D,P,462135.000000
Tue Jul 30 16:59:14 2019,30-Jul-2019,195916,47 21.997800 N,063 48.149200 W,2.2,166.9,A,Primary,Headline,1.448980,D,S,452522.000000
Tue Jul 30 16:59:14 2019,30-Jul-2019,195917,47 21.997200 N,063 48.148900 W,2.1,166.8,A,Primary,Headline,1.448980,D,S,452522.000000
Tue Jul 30 16:59:14 2019,30-Jul-2019,195918,47 21.996600 N,063 48.148700 W,2.1,166.6,A,Primary,Headline,1.448980,D,S,452522.000000
Tue Jul 30 16:59:17 2019,30-Jul-2019,195919,47 21.996000 N,063 48.148500 W,2.1,166.3,A,DoorSpread,DoorMaster,10.240000,D,P,96980.000000
Tue Jul 30 16:59:17 2019,30-Jul-2019,195920,47 21.995500 N,063 48.148300 W,2.1,166.1,A,DoorSpread,DoorMaster,10.240000,D,P,96980.000000
Tue Jul 30 16:59:19 2019,30-Jul-2019,195921,47 21.994800 N,063 48.148200 W,2.0,166.0,A,Depth,Depth,64.537037,D,S,283372.000000
Tue Jul 30 16:59:19 2019,30-Jul-2019,195922,47 21.994100 N,063 48.148000 W,2.0,165.7,A,Depth,Depth,64.537037,D,S,283372.000000
Tue Jul 30 16:59:19 2019,30-Jul-2019,195923,47 21.993300 N,063 48.147900 W,2.0,165.4,A,Depth,Depth,64.537037,D,S,283372.000000
Tue Jul 30 16:59:19 2019,30-Jul-2019,195924,47 21.992600 N,063 48.147700 W,2.1,165.2,A,Depth,Depth,64.537037,D,S,283372.000000
Tue Jul 30 16:59:23 2019,30-Jul-2019,195925,47 21.992000 N,063 48.147500 W,2.1,165.1,A,DoorSpread,DoorMaster,10.425000,D,S,157602.000000
Tue Jul 30 16:59:24 2019,30-Jul-2019,195926,47 21.991400 N,063 48.147200 W,2.1,165.2,A,Primary,Headline,1.306122,D,P,148399.000000
Tue Jul 30 16:59:24 2019,30-Jul-2019,195927,47 21.990800 N,063 48.146900 W,2.1,165.2,A,Primary,Headline,1.306122,D,P,148399.000000
Tue Jul 30 16:59:26 2019,30-Jul-2019,195928,47 21.990100 N,063 48.146600 W,2.2,165.3,A,Depth,Depth,63.888889,D,S,94535.000000
Tue Jul 30 16:59:26 2019,30-Jul-2019,195929,47 21.989600 N,063 48.146200 W,2.2,165.3,A,Depth,Depth,64.074074,D,P,122097.000000
Tue Jul 30 16:59:26 2019,30-Jul-2019,195930,47 21.989000 N,063 48.145700 W,2.3,165.4,A,Depth,Depth,64.074074,D,P,122097.000000
Tue Jul 30 16:59:29 2019,30-Jul-2019,195931,47 21.988400 N,063 48.145300 W,2.3,165.4,A,Primary,Headline,1.244898,D,S,364848.000000
Tue Jul 30 16:59:29 2019,30-Jul-2019,195932,47 21.987800 N,063 48.145000 W,2.3,165.5,A,Primary,Headline,1.244898,D,S,364848.000000
Tue Jul 30 16:59:29 2019,30-Jul-2019,195933,47 21.987200 N,063 48.144700 W,2.3,165.4,A,Primary,Headline,1.244898,D,S,364848.000000
Tue Jul 30 16:59:29 2019,30-Jul-2019,195934,47 21.986700 N,063 48.144500 W,2.2,165.3,A,Primary,Headline,1.244898,D,S,364848.000000
Tue Jul 30 16:59:29 2019,30-Jul-2019,195935,47 21.986200 N,063 48.144200 W,2.2,165.3,A,Primary,Headline,1.244898,D,S,364848.000000
Tue Jul 30 16:59:34 2019,30-Jul-2019,195936,47 21.985700 N,063 48.143900 W,2.2,165.2,A,Primary,Headline,1.040816,D,S,527715.000000
Tue Jul 30 16:59:35 2019,30-Jul-2019,195937,47 21.985100 N,063 48.143600 W,2.2,165.1,A,DoorSpread,DoorMaster,9.205000,D,S,105359.000000
Tue Jul 30 16:59:35 2019,30-Jul-2019,195938,47 21.984500 N,063 48.143400 W,2.2,164.9,A,DoorSpread,DoorMaster,9.205000,D,S,105359.000000
Tue Jul 30 16:59:35 2019,30-Jul-2019,195939,47 21.983900 N,063 48.143400 W,2.1,164.7,A,DoorSpread,DoorMaster,9.205000,D,S,105359.000000
Tue Jul 30 16:59:35 2019,30-Jul-2019,195940,47 21.983400 N,063 48.143300 W,2.1,164.5,A,DoorSpread,DoorMaster,9.205000,D,S,105359.000000
Tue Jul 30 16:59:39 2019,30-Jul-2019,195941,47 21.982900 N,063 48.143200 W,2.0,164.4,A,Primary,Headline,1.306122,D,P,415969.000000
Tue Jul 30 16:59:41 2019,30-Jul-2019,195942,47 21.982400 N,063 48.143100 W,2.0,164.3,A,DoorSpread,DoorMaster,9.735000,D,S,511511.000000
Tue Jul 30 16:59:41 2019,30-Jul-2019,195943,47 21.981900 N,063 48.142900 W,2.0,164.1,A,Depth,Depth,62.500000,D,P,324428.000000
Tue Jul 30 16:59:41 2019,30-Jul-2019,195944,47 21.981400 N,063 48.142700 W,1.9,164.0,A,Depth,Depth,62.500000,D,P,324428.000000
Tue Jul 30 16:59:41 2019,30-Jul-2019,195945,47 21.980900 N,063 48.142500 W,1.9,163.8,A,Depth,Depth,62.500000,D,P,324428.000000
Tue Jul 30 16:59:44 2019,30-Jul-2019,195946,47 21.980400 N,063 48.142300 W,1.9,163.5,A,Primary,Headline,1.244898,D,S,715524.000000
Tue Jul 30 16:59:44 2019,30-Jul-2019,195947,47 21.980000 N,063 48.142100 W,2.0,163.2,A,Primary,Headline,1.244898,D,S,715524.000000
Tue Jul 30 16:59:46 2019,30-Jul-2019,195948,47 21.979500 N,063 48.142000 W,2.0,163.2,A,DoorSpread,DoorMaster,10.035000,D,S,153488.000000
Tue Jul 30 16:59:46 2019,30-Jul-2019,195949,47 21.978900 N,063 48.141900 W,2.1,163.5,A,DoorSpread,DoorMaster,10.035000,D,S,153488.000000
Tue Jul 30 16:59:48 2019,30-Jul-2019,195950,47 21.978300 N,063 48.141800 W,2.1,163.7,A,Depth,Depth,63.981481,D,S,402147.000000
Tue Jul 30 16:59:49 2019,30-Jul-2019,195951,47 21.977800 N,063 48.141600 W,2.2,163.9,A,Primary,Headline,1.346939,D,S,260195.000000
Tue Jul 30 16:59:49 2019,30-Jul-2019,195952,47 21.977200 N,063 48.141400 W,2.2,163.9,A,Primary,Headline,1.346939,D,S,260195.000000
Tue Jul 30 16:59:49 2019,30-Jul-2019,195953,47 21.976700 N,063 48.141100 W,2.2,164.0,A,Primary,Headline,1.346939,D,S,260195.000000
Tue Jul 30 16:59:52 2019,30-Jul-2019,195954,47 21.976000 N,063 48.140900 W,2.2,163.9,A,DoorSpread,DoorMaster,10.025000,D,P,159064.000000
Tue Jul 30 16:59:52 2019,30-Jul-2019,195955,47 21.975300 N,063 48.140800 W,2.2,163.9,A,DoorSpread,DoorMaster,10.025000,D,P,159064.000000
Tue Jul 30 16:59:54 2019,30-Jul-2019,195956,47 21.974600 N,063 48.140600 W,2.2,163.8,A,Primary,Headline,1.244898,D,S,164220.000000
Tue Jul 30 16:59:54 2019,30-Jul-2019,195957,47 21.974100 N,063 48.140300 W,2.2,163.6,A,Primary,Headline,1.244898,D,S,164220.000000
Tue Jul 30 16:59:55 2019,30-Jul-2019,195958,47 21.973500 N,063 48.140100 W,2.2,163.3,A,Depth,Depth,63.703704,D,S,279722.000000
Tue Jul 30 16:59:55 2019,30-Jul-2019,195959,47 21.972800 N,063 48.140000 W,2.2,163.2,A,Depth,Depth,63.703704,D,S,279722.000000
Tue Jul 30 16:59:58 2019,30-Jul-2019,200000,47 21.972200 N,063 48.139700 W,2.2,163.0,A,DoorSpread,DoorMaster,9.150000,D,P,88188.000000
Tue Jul 30 16:59:59 2019,30-Jul-2019,200001,47 21.971600 N,063 48.139600 W,2.1,162.9,A,Primary,Headline,1.510204,D,S,484166.000000
Tue Jul 30 16:59:59 2019,30-Jul-2019,200002,47 21.971100 N,063 48.139400 W,2.1,162.9,A,Primary,Headline,1.510204,D,S,484166.000000
Tue Jul 30 16:59:59 2019,30-Jul-2019,200003,47 21.970500 N,063 48.139300 W,2.1,162.8,A,Primary,Headline,1.510204,D,S,484166.000000
Tue Jul 30 16:59:59 2019,30-Jul-2019,200004,47 21.969900 N,063 48.139100 W,2.1,162.8,A,Primary,Headline,1.510204,D,S,484166.000000
Tue Jul 30 17:00:03 2019,30-Jul-2019,200005,47 21.969400 N,063 48.138900 W,2.0,162.8,A,Depth,Depth,64.722222,D,P,311416.000000
Tue Jul 30 17:00:04 2019,30-Jul-2019,200006,47 21.968900 N,063 48.138700 W,2.0,162.6,A,Primary,Headline,1.102041,D,P,317415.000000
Tue Jul 30 17:00:04 2019,30-Jul-2019,200007,47 21.968400 N,063 48.138400 W,2.0,162.4,A,Primary,Headline,1.102041,D,P,317415.000000
Tue Jul 30 17:00:04 2019,30-Jul-2019,200008,47 21.967900 N,063 48.138200 W,2.0,162.3,A,Primary,Headline,1.102041,D,P,317415.000000
Tue Jul 30 17:00:04 2019,30-Jul-2019,200009,47 21.967300 N,063 48.138000 W,2.0,162.3,A,Primary,Headline,1.102041,D,P,317415.000000
Tue Jul 30 17:00:04 2019,30-Jul-2019,200010,47 21.966800 N,063 48.137800 W,2.0,162.4,A,Primary,Headline,1.102041,D,P,317415.000000
Tue Jul 30 17:00:09 2019,30-Jul-2019,200011,47 21.966200 N,063 48.137600 W,2.0,162.4,A,Primary,Headline,1.183673,D,P,200148.000000
Tue Jul 30 17:00:10 2019,30-Jul-2019,200012,47 21.965700 N,063 48.137400 W,2.0,162.3,A,Depth,Depth,63.888889,D,S,254684.000000
Tue Jul 30 17:00:10 2019,30-Jul-2019,200013,47 21.965100 N,063 48.137200 W,2.1,162.3,A,Depth,Depth,63.888889,D,S,254684.000000
Tue Jul 30 17:00:10 2019,30-Jul-2019,200014,47 21.964500 N,063 48.136900 W,2.1,162.3,A,Depth,Depth,63.888889,D,S,254684.000000
Tue Jul 30 17:00:10 2019,30-Jul-2019,200015,47 21.963900 N,063 48.136700 W,2.1,162.4,A,Depth,Depth,63.888889,D,S,254684.000000
Tue Jul 30 17:00:14 2019,30-Jul-2019,200016,47 21.963300 N,063 48.136500 W,2.2,162.6,A,Primary,Headline,1.183673,D,P,148347.000000
Tue Jul 30 17:00:15 2019,30-Jul-2019,200017,47 21.962700 N,063 48.136500 W,2.2,162.7,A,DoorSpread,DoorMaster,9.550000,D,S,374061.000000
Tue Jul 30 17:00:15 2019,30-Jul-2019,200018,47 21.962000 N,063 48.136400 W,2.2,162.7,A,DoorSpread,DoorMaster,9.550000,D,S,374061.000000
Tue Jul 30 17:00:17 2019,30-Jul-2019,200019,47 21.961400 N,063 48.136300 W,2.2,162.7,A,Depth,Depth,63.703704,D,S,332104.000000
Tue Jul 30 17:00:17 2019,30-Jul-2019,200020,47 21.960700 N,063 48.136100 W,2.2,162.7,A,Depth,Depth,63.703704,D,S,332104.000000
Tue Jul 30 17:00:19 2019,30-Jul-2019,200021,47 21.960000 N,063 48.136000 W,2.2,162.8,A,Primary,Headline,1.142857,D,S,571849.000000
Tue Jul 30 17:00:19 2019,30-Jul-2019,200022,47 21.959400 N,063 48.135700 W,2.1,162.7,A,Primary,Headline,1.142857,D,S,571849.000000
Tue Jul 30 17:00:21 2019,30-Jul-2019,200023,47 21.958800 N,063 48.135500 W,2.1,162.7,A,DoorSpread,DoorMaster,9.145000,D,S,168220.000000
Tue Jul 30 17:00:21 2019,30-Jul-2019,200024,47 21.958200 N,063 48.135300 W,2.1,162.6,A,DoorSpread,DoorMaster,9.145000,D,S,168220.000000
Tue Jul 30 17:00:21 2019,30-Jul-2019,200025,47 21.957600 N,063 48.134900 W,2.1,162.4,A,DoorSpread,DoorMaster,9.145000,D,S,168220.000000
Tue Jul 30 17:00:24 2019,30-Jul-2019,200026,47 21.957100 N,063 48.134600 W,2.0,162.2,A,Depth,Depth,70.000000,D,S,539442.000000
Tue Jul 30 17:00:24 2019,30-Jul-2019,200027,47 21.956600 N,063 48.134400 W,2.0,162.1,A,Depth,Depth,70.000000,D,S,539442.000000
Tue Jul 30 17:00:24 2019,30-Jul-2019,200028,47 21.956100 N,063 48.134200 W,2.0,162.0,A,Depth,Depth,70.000000,D,S,539442.000000
Tue Jul 30 17:00:27 2019,30-Jul-2019,200029,47 21.955600 N,063 48.133900 W,2.0,161.9,A,DoorSpread,DoorMaster,9.100000,D,S,172320.000000
Tue Jul 30 17:00:27 2019,30-Jul-2019,200030,47 21.955100 N,063 48.133600 W,1.9,161.7,A,DoorSpread,DoorMaster,9.100000,D,S,172320.000000
Tue Jul 30 17:00:29 2019,30-Jul-2019,200031,47 21.954600 N,063 48.133300 W,1.9,161.5,A,Primary,Headline,1.265306,D,S,418258.000000
Tue Jul 30 17:00:29 2019,30-Jul-2019,200032,47 21.954000 N,063 48.132800 W,2.0,161.2,A,Primary,Headline,1.265306,D,S,418258.000000
Tue Jul 30 17:00:29 2019,30-Jul-2019,200033,47 21.953400 N,063 48.132500 W,2.0,161.1,A,Primary,Headline,1.265306,D,S,418258.000000
Tue Jul 30 17:00:32 2019,30-Jul-2019,200034,47 21.952900 N,063 48.132200 W,2.0,161.2,A,Depth,Depth,57.685185,D,S,214684.000000
Tue Jul 30 17:00:33 2019,30-Jul-2019,200035,47 21.952400 N,063 48.131900 W,2.0,161.4,A,DoorSpread,DoorMaster,9.490000,D,S,390853.000000
Tue Jul 30 17:00:34 2019,30-Jul-2019,200036,47 21.951900 N,063 48.131600 W,2.0,161.4,A,Primary,Headline,1.285714,D,S,375808.000000
Tue Jul 30 17:00:34 2019,30-Jul-2019,200037,47 21.951400 N,063 48.131400 W,2.0,161.4,A,Primary,Headline,1.285714,D,S,375808.000000
Tue Jul 30 17:00:34 2019,30-Jul-2019,200038,47 21.950900 N,063 48.131000 W,2.1,161.4,A,Primary,Headline,1.285714,D,S,375808.000000
Tue Jul 30 17:00:34 2019,30-Jul-2019,200039,47 21.950400 N,063 48.130600 W,2.1,161.4,A,Primary,Headline,1.285714,D,S,375808.000000
Tue Jul 30 17:00:39 2019,30-Jul-2019,200040,47 21.949900 N,063 48.130300 W,2.1,161.4,A,DoorSpread,DoorMaster,9.170000,D,S,228762.000000
Tue Jul 30 17:00:39 2019,30-Jul-2019,200041,47 21.949400 N,063 48.129900 W,2.1,161.1,A,Primary,Headline,1.244898,D,S,401793.000000
Tue Jul 30 17:00:39 2019,30-Jul-2019,200042,47 21.948900 N,063 48.129500 W,2.1,160.8,A,Primary,Headline,1.244898,D,S,401793.000000
Tue Jul 30 17:00:39 2019,30-Jul-2019,200043,47 21.948500 N,063 48.129100 W,2.1,160.5,A,Primary,Headline,1.244898,D,S,401793.000000
Tue Jul 30 17:00:39 2019,30-Jul-2019,200044,47 21.947900 N,063 48.128800 W,2.1,160.2,A,Primary,Headline,1.244898,D,S,401793.000000
Tue Jul 30 17:00:39 2019,30-Jul-2019,200045,47 21.947400 N,063 48.128400 W,2.1,159.9,A,Primary,Headline,1.244898,D,S,401793.000000
Tue Jul 30 17:00:44 2019,30-Jul-2019,200046,47 21.946900 N,063 48.128100 W,2.1,159.6,A,DoorSpread,DoorMaster,9.530000,D,S,242358.000000
Tue Jul 30 17:00:44 2019,30-Jul-2019,200047,47 21.946400 N,063 48.127800 W,2.1,159.3,A,DoorSpread,DoorMaster,9.530000,D,S,242358.000000
Tue Jul 30 17:00:46 2019,30-Jul-2019,200048,47 21.946000 N,063 48.127400 W,2.1,159.1,A,Depth,Depth,65.462963,D,P,310497.000000
Tue Jul 30 17:00:46 2019,30-Jul-2019,200049,47 21.945500 N,063 48.127200 W,2.1,159.6,A,Depth,Depth,65.462963,D,P,310497.000000
Tue Jul 30 17:00:46 2019,30-Jul-2019,200050,47 21.945100 N,063 48.127000 W,2.1,159.8,A,Depth,Depth,65.462963,D,P,310497.000000
Tue Jul 30 17:00:49 2019,30-Jul-2019,200051,47 21.944600 N,063 48.126600 W,2.2,159.9,A,Primary,Headline,0.918367,D,P,152570.000000
Tue Jul 30 17:00:50 2019,30-Jul-2019,200052,47 21.944200 N,063 48.126300 W,2.1,160.0,A,DoorSpread,DoorMaster,8.820000,D,P,40138.000000
Tue Jul 30 17:00:50 2019,30-Jul-2019,200053,47 21.943800 N,063 48.126000 W,2.1,160.2,A,DoorSpread,DoorMaster,8.820000,D,P,40138.000000
Tue Jul 30 17:00:50 2019,30-Jul-2019,200054,47 21.943200 N,063 48.125600 W,2.2,160.6,A,DoorSpread,DoorMaster,8.820000,D,P,40138.000000
Tue Jul 30 17:00:53 2019,30-Jul-2019,200055,47 21.942700 N,063 48.125300 W,2.2,160.8,A,Depth,Depth,62.685185,D,S,233905.000000
Tue Jul 30 17:00:54 2019,30-Jul-2019,200056,47 21.942200 N,063 48.125000 W,2.1,160.9,A,Primary,Headline,1.040816,D,S,459129.000000
Tue Jul 30 17:00:54 2019,30-Jul-2019,200057,47 21.941800 N,063 48.124700 W,2.1,161.1,A,Primary,Headline,1.040816,D,S,459129.000000
Tue Jul 30 17:00:56 2019,30-Jul-2019,200058,47 21.941300 N,063 48.124400 W,2.1,161.2,A,DoorSpread,DoorMaster,9.050000,D,P,150595.000000
Tue Jul 30 17:00:56 2019,30-Jul-2019,200059,47 21.940900 N,063 48.124100 W,2.0,161.3,A,DoorSpread,DoorMaster,9.050000,D,P,150595.000000
Tue Jul 30 17:00:56 2019,30-Jul-2019,200100,47 21.940400 N,063 48.123800 W,2.0,161.4,A,DoorSpread,DoorMaster,9.050000,D,P,150595.000000
Tue Jul 30 17:00:59 2019,30-Jul-2019,200101,47 21.939800 N,063 48.123500 W,2.0,161.5,A,Primary,Headline,1.857143,D,S,516155.000000
Tue Jul 30 17:01:00 2019,30-Jul-2019,200102,47 21.939400 N,063 48.123100 W,2.0,161.5,A,Depth,Depth,63.796296,D,S,475459.000000
Tue Jul 30 17:01:00 2019,30-Jul-2019,200103,47 21.938900 N,063 48.122800 W,2.0,161.5,A,Depth,Depth,63.796296,D,S,475459.000000
Tue Jul 30 17:01:02 2019,30-Jul-2019,200104,47 21.938400 N,063 48.122500 W,2.0,161.2,A,DoorSpread,DoorMaster,9.365000,D,S,165436.000000
Tue Jul 30 17:01:02 2019,30-Jul-2019,200105,47 21.937900 N,063 48.122100 W,2.1,161.0,A,DoorSpread,DoorMaster,9.365000,D,S,165436.000000
Tue Jul 30 17:01:04 2019,30-Jul-2019,200106,47 21.937300 N,063 48.121900 W,2.1,161.0,A,Primary,Headline,1.265306,D,S,306363.000000
Tue Jul 30 17:01:04 2019,30-Jul-2019,200107,47 21.936900 N,063 48.121800 W,2.1,161.1,A,Primary,Headline,1.265306,D,S,306363.000000
Tue Jul 30 17:01:04 2019,30-Jul-2019,200108,47 21.936400 N,063 48.121600 W,2.1,161.1,A,Primary,Headline,1.265306,D,S,306363.000000
Tue Jul 30 17:01:04 2019,30-Jul-2019,200109,47 21.935800 N,063 48.121300 W,2.2,161.2,A,Primary,Headline,1.265306,D,S,306363.000000
Tue Jul 30 17:01:08 2019,30-Jul-2019,200110,47 21.935200 N,063 48.121000 W,2.2,161.3,A,Depth,Depth,64.074074,D,S,204697.000000
Tue Jul 30 17:01:09 2019,30-Jul-2019,200111,47 21.934700 N,063 48.120800 W,2.2,161.4,A,Primary,Headline,1.244898,D,P,253519.000000
Tue Jul 30 17:01:09 2019,30-Jul-2019,200112,47 21.934100 N,063 48.120500 W,2.3,161.2,A,Primary,Headline,1.244898,D,P,253519.000000
Tue Jul 30 17:01:09 2019,30-Jul-2019,200113,47 21.933500 N,063 48.120100 W,2.3,160.9,A,Primary,Headline,1.244898,D,P,253519.000000
Tue Jul 30 17:01:09 2019,30-Jul-2019,200114,47 21.932900 N,063 48.119800 W,2.3,160.7,A,Primary,Headline,1.244898,D,P,253519.000000
Tue Jul 30 17:01:13 2019,30-Jul-2019,200115,47 21.932300 N,063 48.119600 W,2.3,160.5,A,DoorSpread,DoorMaster,8.695000,D,P,279774.000000
Tue Jul 30 17:01:14 2019,30-Jul-2019,200116,47 21.931800 N,063 48.119400 W,2.3,160.4,A,Primary,Headline,1.142857,D,S,355453.000000
Tue Jul 30 17:01:15 2019,30-Jul-2019,200117,47 21.931200 N,063 48.119200 W,2.2,160.4,A,Depth,Depth,63.796296,D,P,339547.000000
Tue Jul 30 17:01:15 2019,30-Jul-2019,200118,47 21.930700 N,063 48.118900 W,2.2,160.3,A,Depth,Depth,63.796296,D,P,339547.000000
Tue Jul 30 17:01:15 2019,30-Jul-2019,200119,47 21.930100 N,063 48.118700 W,2.2,160.3,A,Depth,Depth,63.796296,D,P,339547.000000
Tue Jul 30 17:01:15 2019,30-Jul-2019,200120,47 21.929500 N,063 48.118400 W,2.1,160.3,A,Depth,Depth,63.796296,D,P,339547.000000
Tue Jul 30 17:01:19 2019,30-Jul-2019,200121,47 21.929000 N,063 48.118000 W,2.1,160.1,A,Primary,Headline,1.346939,D,S,691841.000000
Tue Jul 30 17:01:19 2019,30-Jul-2019,200122,47 21.928500 N,063 48.117600 W,2.1,159.9,A,Primary,Headline,1.346939,D,S,691841.000000
Tue Jul 30 17:01:19 2019,30-Jul-2019,200123,47 21.927900 N,063 48.117200 W,2.1,159.5,A,Primary,Headline,1.346939,D,S,691841.000000
Tue Jul 30 17:01:22 2019,30-Jul-2019,200124,47 21.927400 N,063 48.116900 W,2.1,159.4,A,Depth,Depth,63.796296,D,S,474005.000000
Tue Jul 30 17:01:22 2019,30-Jul-2019,200125,47 21.926800 N,063 48.116400 W,2.1,159.4,A,Depth,Depth,63.796296,D,S,474005.000000
Tue Jul 30 17:01:24 2019,30-Jul-2019,200126,47 21.926200 N,063 48.115900 W,2.1,159.4,A,Primary,Headline,1.367347,D,P,225162.000000
Tue Jul 30 17:01:25 2019,30-Jul-2019,200127,47 21.925500 N,063 48.115300 W,2.1,159.3,A,DoorSpread,DoorMaster,9.070000,D,S,232021.000000
Tue Jul 30 17:01:25 2019,30-Jul-2019,200128,47 21.924800 N,063 48.114700 W,2.1,159.2,A,DoorSpread,DoorMaster,9.070000,D,S,232021.000000
Tue Jul 30 17:01:25 2019,30-Jul-2019,200129,47 21.924200 N,063 48.114200 W,2.1,159.1,A,DoorSpread,DoorMaster,9.070000,D,S,232021.000000
Tue Jul 30 17:01:25 2019,30-Jul-2019,200130,47 21.923500 N,063 48.113600 W,2.1,159.0,A,DoorSpread,DoorMaster,9.070000,D,S,232021.000000
Tue Jul 30 17:01:29 2019,30-Jul-2019,200131,47 21.922900 N,063 48.113100 W,2.1,158.8,A,Depth,Depth,113.611111,D,P,36779.000000
Tue Jul 30 17:01:30 2019,30-Jul-2019,200132,47 21.922400 N,063 48.112600 W,2.1,158.8,A,DoorSpread,DoorMaster,8.760000,D,P,104587.000000
Tue Jul 30 17:01:31 2019,30-Jul-2019,200133,47 21.921800 N,063 48.112200 W,2.1,158.9,A,DoorSpread,DoorMaster,8.760000,D,S,190416.000000
Tue Jul 30 17:01:31 2019,30-Jul-2019,200134,47 21.921300 N,063 48.111900 W,2.1,159.0,A,DoorSpread,DoorMaster,8.760000,D,S,190416.000000
Tue Jul 30 17:01:31 2019,30-Jul-2019,200135,47 21.920700 N,063 48.111500 W,2.2,158.9,A,DoorSpread,DoorMaster,8.760000,D,S,190416.000000
Tue Jul 30 17:01:35 2019,30-Jul-2019,200136,47 21.920100 N,063 48.111000 W,2.1,158.7,A,Primary,Headline,1.571429,D,P,220035.000000
Tue Jul 30 17:01:35 2019,30-Jul-2019,200137,47 21.919600 N,063 48.110600 W,2.1,158.5,A,Primary,Headline,1.571429,D,P,220035.000000
Tue Jul 30 17:01:36 2019,30-Jul-2019,200138,47 21.918900 N,063 48.110200 W,2.1,158.4,A,DoorSpread,DoorMaster,8.765000,D,S,549133.000000
Tue Jul 30 17:01:37 2019,30-Jul-2019,200139,47 21.918400 N,063 48.109800 W,2.1,158.5,A,Depth,Depth,13.796296,D,P,401370.000000
Tue Jul 30 17:01:37 2019,30-Jul-2019,200140,47 21.917800 N,063 48.109500 W,2.1,158.5,A,Depth,Depth,13.796296,D,P,401370.000000
Tue Jul 30 17:01:39 2019,30-Jul-2019,200141,47 21.917200 N,063 48.109200 W,2.1,158.4,A,Primary,Headline,1.142857,D,S,650864.000000
Tue Jul 30 17:01:39 2019,30-Jul-2019,200142,47 21.916600 N,063 48.108900 W,2.1,158.2,A,Primary,Headline,1.142857,D,S,650864.000000
Tue Jul 30 17:01:39 2019,30-Jul-2019,200143,47 21.916100 N,063 48.108600 W,2.1,158.1,A,Primary,Headline,1.142857,D,S,650864.000000
Tue Jul 30 17:01:42 2019,30-Jul-2019,200144,47 21.915500 N,063 48.108400 W,2.1,158.1,A,DoorSpread,DoorMaster,8.675000,D,S,591359.000000
Tue Jul 30 17:01:42 2019,30-Jul-2019,200145,47 21.915000 N,063 48.108100 W,2.2,158.2,A,DoorSpread,DoorMaster,8.675000,D,S,591359.000000
Tue Jul 30 17:01:44 2019,30-Jul-2019,200146,47 21.914400 N,063 48.107800 W,2.2,158.3,A,Primary,Headline,1.448980,D,P,262805.000000
Tue Jul 30 17:01:44 2019,30-Jul-2019,200147,47 21.913900 N,063 48.107400 W,2.2,158.3,A,Primary,Headline,1.448980,D,P,262805.000000
Tue Jul 30 17:01:44 2019,30-Jul-2019,200148,47 21.913500 N,063 48.107000 W,2.2,158.3,A,Primary,Headline,1.448980,D,P,262805.000000
Tue Jul 30 17:01:44 2019,30-Jul-2019,200149,47 21.912900 N,063 48.106500 W,2.2,158.3,A,Primary,Headline,1.448980,D,P,262805.000000
Tue Jul 30 17:01:48 2019,30-Jul-2019,200150,47 21.912400 N,063 48.106100 W,2.2,158.3,A,DoorSpread,DoorMaster,8.390000,D,S,414879.000000
Tue Jul 30 17:01:49 2019,30-Jul-2019,200151,47 21.911900 N,063 48.105700 W,2.2,158.3,A,Primary,Headline,1.244898,D,S,499952.000000
Tue Jul 30 17:01:49 2019,30-Jul-2019,200152,47 21.911300 N,063 48.105500 W,2.2,158.3,A,Primary,Headline,1.244898,D,S,499952.000000
Tue Jul 30 17:01:51 2019,30-Jul-2019,200153,47 21.910800 N,063 48.105100 W,2.2,158.2,A,Depth,Depth,63.611111,D,P,359284.000000
Tue Jul 30 17:01:51 2019,30-Jul-2019,200154,47 21.910200 N,063 48.104800 W,2.1,158.2,A,Depth,Depth,63.611111,D,P,359284.000000
Tue Jul 30 17:01:51 2019,30-Jul-2019,200155,47 21.909600 N,063 48.104400 W,2.1,158.1,A,Depth,Depth,63.611111,D,P,359284.000000
Tue Jul 30 17:01:54 2019,30-Jul-2019,200156,47 21.909000 N,063 48.104000 W,2.1,157.9,A,DoorSpread,DoorMaster,8.610000,D,S,270070.000000
Tue Jul 30 17:01:55 2019,30-Jul-2019,200157,47 21.908500 N,063 48.103600 W,2.1,157.8,A,Primary,Headline,1.163265,D,P,376259.000000
Tue Jul 30 17:01:55 2019,30-Jul-2019,200158,47 21.908000 N,063 48.103200 W,2.1,157.7,A,Primary,Headline,1.163265,D,P,376259.000000
Tue Jul 30 17:01:55 2019,30-Jul-2019,200159,47 21.907500 N,063 48.102800 W,2.0,157.6,A,Primary,Headline,1.163265,D,P,376259.000000
Tue Jul 30 17:01:58 2019,30-Jul-2019,200200,47 21.907000 N,063 48.102400 W,2.0,157.5,A,Depth,Depth,63.703704,D,P,410315.000000
Tue Jul 30 17:01:59 2019,30-Jul-2019,200201,47 21.906600 N,063 48.101900 W,2.0,157.4,A,DoorSpread,DoorMaster,8.620000,D,S,478207.000000
Tue Jul 30 17:02:00 2019,30-Jul-2019,200202,47 21.906100 N,063 48.101500 W,2.0,157.3,A,Primary,Headline,1.326531,D,S,352781.000000
Tue Jul 30 17:02:00 2019,30-Jul-2019,200203,47 21.905700 N,063 48.101200 W,1.9,157.1,A,Primary,Headline,1.326531,D,S,352781.000000
Tue Jul 30 17:02:00 2019,30-Jul-2019,200204,47 21.905200 N,063 48.100800 W,1.9,157.0,A,Primary,Headline,1.326531,D,S,352781.000000
Tue Jul 30 17:02:00 2019,30-Jul-2019,200205,47 21.904800 N,063 48.100500 W,1.9,156.8,A,Primary,Headline,1.326531,D,S,352781.000000
Tue Jul 30 17:02:00 2019,30-Jul-2019,200206,47 21.904400 N,063 48.100200 W,1.9,156.6,A,Primary,Headline,1.326531,D,S,352781.000000
Tue Jul 30 17:02:06 2019,30-Jul-2019,200207,47 21.903900 N,063 48.099900 W,1.8,156.4,A,Depth,Depth,63.240741,D,S,347870.000000
Tue Jul 30 17:02:06 2019,30-Jul-2019,200208,47 21.903500 N,063 48.099600 W,1.8,156.2,A,Depth,Depth,63.611111,D,P,288032.000000
Tue Jul 30 17:02:06 2019,30-Jul-2019,200209,47 21.903100 N,063 48.099400 W,1.7,156.0,A,Depth,Depth,63.611111,D,P,288032.000000
Tue Jul 30 17:02:06 2019,30-Jul-2019,200210,47 21.902800 N,063 48.099100 W,1.7,155.8,A,Depth,Depth,63.611111,D,P,288032.000000
Tue Jul 30 17:02:06 2019,30-Jul-2019,200211,47 21.902500 N,063 48.098800 W,1.6,155.5,A,Depth,Depth,63.611111,D,P,288032.000000
Tue Jul 30 17:02:10 2019,30-Jul-2019,200212,47 21.902100 N,063 48.098500 W,1.6,155.2,A,Primary,Headline,1.306122,D,S,474057.000000
Tue Jul 30 17:02:11 2019,30-Jul-2019,200213,47 21.901700 N,063 48.098300 W,1.6,155.0,A,DoorSpread,DoorMaster,7.585000,D,S,263821.000000
Tue Jul 30 17:02:11 2019,30-Jul-2019,200214,47 21.901400 N,063 48.098100 W,1.5,154.7,A,DoorSpread,DoorMaster,7.585000,D,S,263821.000000
Tue Jul 30 17:02:13 2019,30-Jul-2019,200215,47 21.901100 N,063 48.097900 W,1.5,154.4,A,Depth,Depth,62.592593,D,P,251726.000000
Tue Jul 30 17:02:13 2019,30-Jul-2019,200216,47 21.900700 N,063 48.097600 W,1.5,154.1,A,Depth,Depth,62.592593,D,P,251726.000000
Tue Jul 30 17:02:15 2019,30-Jul-2019,200217,47 21.900500 N,063 48.097400 W,1.4,153.7,A,Primary,Headline,1.040816,D,S,460679.000000
Tue Jul 30 17:02:16 2019,30-Jul-2019,200218,47 21.900200 N,063 48.097100 W,1.4,153.2,A,DoorSpread,DoorMaster,7.755000,D,P,362074.000000
Tue Jul 30 17:02:16 2019,30-Jul-2019,200219,47 21.899900 N,063 48.096900 W,1.3,152.8,A,DoorSpread,DoorMaster,7.755000,D,P,362074.000000
Tue Jul 30 17:02:16 2019,30-Jul-2019,200220,47 21.899600 N,063 48.096700 W,1.3,152.2,A,DoorSpread,DoorMaster,7.755000,D,P,362074.000000
Tue Jul 30 17:02:20 2019,30-Jul-2019,200221,47 21.899400 N,063 48.096400 W,1.2,151.8,A,Primary,Headline,0.959184,D,S,343561.000000
Tue Jul 30 17:02:20 2019,30-Jul-2019,200222,47 21.899100 N,063 48.096200 W,1.2,151.3,A,Depth,Depth,62.685185,D,S,433004.000000
Tue Jul 30 17:02:20 2019,30-Jul-2019,200223,47 21.898800 N,063 48.096000 W,1.2,150.9,A,Depth,Depth,62.685185,D,S,433004.000000
Tue Jul 30 17:02:22 2019,30-Jul-2019,200224,47 21.898600 N,063 48.095800 W,1.1,150.4,A,DoorSpread,DoorMaster,8.265000,D,P,178979.000000
Tue Jul 30 17:02:22 2019,30-Jul-2019,200225,47 21.898400 N,063 48.095600 W,1.1,149.9,A,DoorSpread,DoorMaster,8.265000,D,P,178979.000000
Tue Jul 30 17:02:22 2019,30-Jul-2019,200226,47 21.898200 N,063 48.095400 W,1.1,149.3,A,DoorSpread,DoorMaster,8.265000,D,P,178979.000000
Tue Jul 30 17:02:25 2019,30-Jul-2019,200227,47 21.897900 N,063 48.095100 W,1.1,148.8,A,Primary,Headline,0.959184,D,S,259039.000000
Tue Jul 30 17:02:25 2019,30-Jul-2019,200228,47 21.897700 N,063 48.094900 W,1.0,148.3,A,Primary,Headline,0.959184,D,S,259039.000000
Tue Jul 30 17:02:27 2019,30-Jul-2019,200229,47 21.897600 N,063 48.094800 W,0.9,148.1,A,Depth,Depth,62.777778,D,P,382570.000000
Tue Jul 30 17:02:28 2019,30-Jul-2019,200230,47 21.897500 N,063 48.094600 W,1.0,147.6,A,DoorSpread,DoorMaster,8.490000,D,S,186267.000000
Tue Jul 30 17:02:28 2019,30-Jul-2019,200231,47 21.897200 N,063 48.094500 W,1.0,147.2,A,DoorSpread,DoorMaster,8.490000,D,S,186267.000000
Tue Jul 30 17:02:30 2019,30-Jul-2019,200232,47 21.897000 N,063 48.094300 W,1.0,146.9,A,Primary,Headline,1.204082,D,S,439444.000000
Tue Jul 30 17:02:30 2019,30-Jul-2019,200233,47 21.896800 N,063 48.094100 W,1.0,146.7,A,Primary,Headline,1.204082,D,S,439444.000000
Tue Jul 30 17:02:30 2019,30-Jul-2019,200234,47 21.896600 N,063 48.093800 W,0.9,146.5,A,Primary,Headline,1.204082,D,S,439444.000000
Tue Jul 30 17:02:30 2019,30-Jul-2019,200235,47 21.896500 N,063 48.093600 W,1.0,146.1,A,Primary,Headline,1.204082,D,S,439444.000000
Tue Jul 30 17:02:35 2019,30-Jul-2019,200236,47 21.896300 N,063 48.093400 W,0.9,145.8,A,Depth,Depth,62.685185,D,S,501857.000000
Tue Jul 30 17:02:35 2019,30-Jul-2019,200237,47 21.896100 N,063 48.093200 W,0.9,145.4,A,Primary,Headline,0.530612,D,P,420642.000000
Tue Jul 30 17:02:35 2019,30-Jul-2019,200238,47 21.895900 N,063 48.093000 W,0.9,145.2,A,Primary,Headline,0.530612,D,P,420642.000000
Tue Jul 30 17:02:35 2019,30-Jul-2019,200239,47 21.895800 N,063 48.092900 W,0.9,145.1,A,Primary,Headline,0.530612,D,P,420642.000000
Tue Jul 30 17:02:35 2019,30-Jul-2019,200240,47 21.895700 N,063 48.092700 W,0.9,144.6,A,Primary,Headline,0.530612,D,P,420642.000000
Tue Jul 30 17:02:39 2019,30-Jul-2019,200241,47 21.895500 N,063 48.092400 W,0.9,144.5,A,DoorSpread,DoorMaster,8.810000,D,S,97739.000000
Tue Jul 30 17:02:40 2019,30-Jul-2019,200242,47 21.895200 N,063 48.092300 W,0.9,144.3,A,Primary,Headline,0.775510,D,S,579519.000000
Tue Jul 30 17:02:40 2019,30-Jul-2019,200243,47 21.895100 N,063 48.092000 W,0.9,144.0,A,Primary,Headline,0.775510,D,S,579519.000000
Tue Jul 30 17:02:42 2019,30-Jul-2019,200244,47 21.894900 N,063 48.091800 W,0.9,143.6,A,Depth,Depth,63.333333,D,P,247101.000000
Tue Jul 30 17:02:42 2019,30-Jul-2019,200245,47 21.894600 N,063 48.091500 W,0.9,143.1,A,Depth,Depth,63.333333,D,P,247101.000000
Tue Jul 30 17:02:42 2019,30-Jul-2019,200246,47 21.894400 N,063 48.091300 W,0.9,142.5,A,Depth,Depth,63.333333,D,P,247101.000000
Tue Jul 30 17:02:45 2019,30-Jul-2019,200247,47 21.894300 N,063 48.091100 W,0.9,141.9,A,DoorSpread,DoorMaster,9.385000,D,S,233331.000000
Tue Jul 30 17:02:45 2019,30-Jul-2019,200248,47 21.894000 N,063 48.090900 W,0.8,141.4,A,DoorSpread,DoorMaster,9.385000,D,S,233331.000000
Tue Jul 30 17:02:45 2019,30-Jul-2019,200249,47 21.893900 N,063 48.090600 W,0.9,140.5,A,DoorSpread,DoorMaster,9.385000,D,S,233331.000000
Tue Jul 30 17:02:45 2019,30-Jul-2019,200250,47 21.893600 N,063 48.090400 W,0.9,140.0,A,DoorSpread,DoorMaster,9.385000,D,S,233331.000000
Tue Jul 30 17:02:49 2019,30-Jul-2019,200251,47 21.893400 N,063 48.090100 W,0.9,139.4,A,Depth,Depth,62.222222,D,P,87353.000000
Tue Jul 30 17:02:50 2019,30-Jul-2019,200252,47 21.893300 N,063 48.089900 W,0.9,138.7,A,Primary,Headline,0.918367,D,S,239004.000000
Tue Jul 30 17:02:51 2019,30-Jul-2019,200253,47 21.893200 N,063 48.089600 W,0.9,138.1,A,DoorSpread,DoorMaster,8.950000,D,P,86714.000000
Tue Jul 30 17:02:51 2019,30-Jul-2019,200254,47 21.893000 N,063 48.089400 W,0.8,137.7,A,DoorSpread,DoorMaster,8.950000,D,P,86714.000000
Tue Jul 30 17:02:51 2019,30-Jul-2019,200255,47 21.892900 N,063 48.089100 W,0.8,136.8,A,DoorSpread,DoorMaster,8.950000,D,P,86714.000000
Tue Jul 30 17:02:51 2019,30-Jul-2019,200256,47 21.892700 N,063 48.088700 W,0.9,136.1,A,DoorSpread,DoorMaster,8.950000,D,P,86714.000000
Tue Jul 30 17:02:55 2019,30-Jul-2019,200257,47 21.892500 N,063 48.088400 W,0.9,135.5,A,Primary,Headline,1.142857,D,S,652906.000000
Tue Jul 30 17:02:56 2019,30-Jul-2019,200258,47 21.892300 N,063 48.088100 W,0.9,134.7,A,Depth,Depth,63.611111,D,P,99268.000000
Tue Jul 30 17:02:57 2019,30-Jul-2019,200259,47 21.892300 N,063 48.087900 W,0.8,134.0,A,DoorSpread,DoorMaster,8.150000,D,S,159895.000000
Tue Jul 30 17:02:57 2019,30-Jul-2019,200300,47 21.892100 N,063 48.087700 W,0.8,132.8,A,DoorSpread,DoorMaster,8.150000,D,S,159895.000000
Tue Jul 30 17:02:57 2019,30-Jul-2019,200301,47 21.891900 N,063 48.087400 W,0.8,131.6,A,DoorSpread,DoorMaster,8.150000,D,S,159895.000000
Tue Jul 30 17:03:00 2019,30-Jul-2019,200302,47 21.891600 N,063 48.087100 W,0.8,130.7,A,Primary,Headline,1.489796,D,S,353184.000000
Tue Jul 30 17:03:00 2019,30-Jul-2019,200303,47 21.891400 N,063 48.086800 W,0.8,130.1,A,Primary,Headline,1.489796,D,S,353184.000000
Tue Jul 30 17:03:02 2019,30-Jul-2019,200304,47 21.891100 N,063 48.086500 W,0.9,129.5,A,DoorSpread,DoorMaster,7.770000,D,S,66302.000000
Tue Jul 30 17:03:03 2019,30-Jul-2019,200305,47 21.890800 N,063 48.086100 W,0.9,129.3,A,Depth,Depth,61.574074,D,P,170668.000000
Tue Jul 30 17:03:03 2019,30-Jul-2019,200306,47 21.890500 N,063 48.085800 W,0.9,129.3,A,Depth,Depth,61.574074,D,P,170668.000000
Tue Jul 30 17:03:05 2019,30-Jul-2019,200307,47 21.890400 N,063 48.085500 W,0.9,128.6,A,Primary,Headline,0.795918,D,P,265123.000000
Tue Jul 30 17:03:05 2019,30-Jul-2019,200308,47 21.890400 N,063 48.085200 W,0.9,127.7,A,Primary,Headline,0.795918,D,P,265123.000000
Tue Jul 30 17:03:05 2019,30-Jul-2019,200309,47 21.890200 N,063 48.084900 W,0.9,127.1,A,Primary,Headline,0.795918,D,P,265123.000000
Tue Jul 30 17:03:08 2019,30-Jul-2019,200310,47 21.890000 N,063 48.084500 W,0.9,126.4,A,DoorSpread,DoorMaster,7.370000,D,S,68404.000000
Tue Jul 30 17:03:08 2019,30-Jul-2019,200311,47 21.889900 N,063 48.084100 W,0.9,125.8,A,DoorSpread,DoorMaster,7.370000,D,S,68404.000000
Tue Jul 30 17:03:10 2019,30-Jul-2019,200312,47 21.889600 N,063 48.083700 W,0.9,125.5,A,Primary,Headline,1.244898,D,P,140383.000000
Tue Jul 30 17:03:11 2019,30-Jul-2019,200313,47 21.889500 N,063 48.083400 W,0.9,125.3,A,Depth,Depth,62.314815,D,S,59385.000000
Tue Jul 30 17:03:11 2019,30-Jul-2019,200314,47 21.889300 N,063 48.083000 W,0.9,125.2,A,Depth,Depth,62.314815,D,S,59385.000000
Tue Jul 30 17:03:11 2019,30-Jul-2019,200315,47 21.889000 N,063 48.082700 W,0.9,125.3,A,Depth,Depth,62.314815,D,S,59385.000000
Tue Jul 30 17:03:14 2019,30-Jul-2019,200316,47 21.888800 N,063 48.082300 W,0.9,125.4,A,DoorSpread,DoorMaster,6.980000,D,S,157054.000000
Tue Jul 30 17:03:15 2019,30-Jul-2019,200317,47 21.888600 N,063 48.081900 W,1.0,125.4,A,Primary,Headline,0.877551,D,P,340773.000000
Tue Jul 30 17:03:15 2019,30-Jul-2019,200318,47 21.888400 N,063 48.081600 W,1.0,125.4,A,Primary,Headline,0.877551,D,P,340773.000000
Tue Jul 30 17:03:15 2019,30-Jul-2019,200319,47 21.888200 N,063 48.081200 W,0.9,125.5,A,Primary,Headline,0.877551,D,P,340773.000000
Tue Jul 30 17:03:18 2019,30-Jul-2019,200320,47 21.888100 N,063 48.080900 W,0.9,125.7,A,Depth,Depth,62.500000,D,P,210533.000000
Tue Jul 30 17:03:19 2019,30-Jul-2019,200321,47 21.887900 N,063 48.080600 W,0.9,126.0,A,DoorSpread,DoorMaster,6.515000,D,P,117968.000000
Tue Jul 30 17:03:20 2019,30-Jul-2019,200322,47 21.887700 N,063 48.080200 W,1.0,126.4,A,Primary,Headline,0.979592,D,P,231938.000000
Tue Jul 30 17:03:20 2019,30-Jul-2019,200323,47 21.887500 N,063 48.079800 W,1.0,126.4,A,Primary,Headline,0.979592,D,P,231938.000000
Tue Jul 30 17:03:20 2019,30-Jul-2019,200324,47 21.887400 N,063 48.079300 W,1.0,126.3,A,Primary,Headline,0.979592,D,P,231938.000000
Tue Jul 30 17:03:20 2019,30-Jul-2019,200325,47 21.887200 N,063 48.078900 W,1.0,126.2,A,Primary,Headline,0.979592,D,P,231938.000000
Tue Jul 30 17:03:20 2019,30-Jul-2019,200326,47 21.887000 N,063 48.078500 W,1.0,126.1,A,Primary,Headline,0.979592,D,P,231938.000000
Tue Jul 30 17:03:25 2019,30-Jul-2019,200327,47 21.886800 N,063 48.078100 W,1.0,126.2,A,Depth,Depth,64.259259,D,S,207761.000000
Tue Jul 30 17:03:25 2019,30-Jul-2019,200328,47 21.886600 N,063 48.077800 W,1.0,126.3,A,Depth,Depth,64.259259,D,S,207761.000000
Tue Jul 30 17:03:25 2019,30-Jul-2019,200329,47 21.886400 N,063 48.077400 W,1.0,126.3,A,Depth,Depth,64.259259,D,S,207761.000000
Tue Jul 30 17:03:25 2019,30-Jul-2019,200330,47 21.886100 N,063 48.077000 W,1.0,126.2,A,Depth,Depth,64.259259,D,S,207761.000000
Tue Jul 30 17:03:25 2019,30-Jul-2019,200331,47 21.885800 N,063 48.076600 W,1.0,126.3,A,Depth,Depth,64.259259,D,S,207761.000000
Tue Jul 30 17:03:30 2019,30-Jul-2019,200332,47 21.885600 N,063 48.076200 W,1.0,126.3,A,DoorSpread,DoorMaster,6.240000,D,P,135299.000000
Tue Jul 30 17:03:31 2019,30-Jul-2019,200333,47 21.885400 N,063 48.075900 W,1.1,126.3,A,DoorSpread,DoorMaster,6.250000,D,S,128166.000000
Tue Jul 30 17:03:32 2019,30-Jul-2019,200334,47 21.885100 N,063 48.075500 W,1.1,126.3,A,Depth,Depth,61.203704,D,S,189248.000000
Tue Jul 30 17:03:32 2019,30-Jul-2019,200335,47 21.885000 N,063 48.075100 W,1.1,126.3,A,Depth,Depth,61.203704,D,S,189248.000000
Tue Jul 30 17:03:32 2019,30-Jul-2019,200336,47 21.884700 N,063 48.074700 W,1.1,126.5,A,Depth,Depth,61.203704,D,S,189248.000000
Tue Jul 30 17:03:35 2019,30-Jul-2019,200337,47 21.884500 N,063 48.074300 W,1.1,126.6,A,Primary,Headline,1.346939,D,S,275803.000000
Tue Jul 30 17:03:36 2019,30-Jul-2019,200338,47 21.884300 N,063 48.073900 W,1.1,126.6,A,DoorSpread,DoorMaster,5.945000,D,S,95578.000000
Tue Jul 30 17:03:36 2019,30-Jul-2019,200339,47 21.884200 N,063 48.073500 W,1.1,126.5,A,DoorSpread,DoorMaster,5.945000,D,S,95578.000000
Tue Jul 30 17:03:36 2019,30-Jul-2019,200340,47 21.884000 N,063 48.073200 W,1.0,126.5,A,DoorSpread,DoorMaster,5.945000,D,S,95578.000000
Tue Jul 30 17:03:36 2019,30-Jul-2019,200341,47 21.883900 N,063 48.072800 W,1.0,126.3,A,DoorSpread,DoorMaster,5.945000,D,S,95578.000000
Tue Jul 30 17:03:40 2019,30-Jul-2019,200342,47 21.883700 N,063 48.072400 W,1.0,126.3,A,Primary,Headline,1.387755,D,S,350338.000000
Tue Jul 30 17:03:42 2019,30-Jul-2019,200343,47 21.883500 N,063 48.072100 W,1.0,126.2,A,DoorSpread,DoorMaster,5.880000,D,P,41440.000000
Tue Jul 30 17:03:42 2019,30-Jul-2019,200344,47 21.883300 N,063 48.071800 W,1.0,126.0,A,DoorSpread,DoorMaster,5.840000,D,S,90211.000000
Tue Jul 30 17:03:42 2019,30-Jul-2019,200345,47 21.883200 N,063 48.071400 W,1.0,126.0,A,DoorSpread,DoorMaster,5.840000,D,S,90211.000000
Tue Jul 30 17:03:42 2019,30-Jul-2019,200346,47 21.883000 N,063 48.071000 W,1.0,125.9,A,DoorSpread,DoorMaster,5.840000,D,S,90211.000000
Tue Jul 30 17:03:45 2019,30-Jul-2019,200347,47 21.882800 N,063 48.070700 W,1.0,125.9,A,Primary,Headline,1.734694,D,S,346417.000000
Tue Jul 30 17:03:45 2019,30-Jul-2019,200348,47 21.882600 N,063 48.070400 W,1.1,126.1,A,Primary,Headline,1.734694,D,S,346417.000000
Tue Jul 30 17:03:47 2019,30-Jul-2019,200349,47 21.882400 N,063 48.070000 W,1.1,126.3,A,DoorSpread,DoorMaster,5.525000,D,S,115231.000000
Tue Jul 30 17:03:47 2019,30-Jul-2019,200350,47 21.882200 N,063 48.069600 W,1.1,126.6,A,DoorSpread,DoorMaster,5.525000,D,S,115231.000000
Tue Jul 30 17:03:47 2019,30-Jul-2019,200351,47 21.882000 N,063 48.069300 W,1.1,126.8,A,DoorSpread,DoorMaster,5.525000,D,S,115231.000000
Tue Jul 30 17:03:50 2019,30-Jul-2019,200352,47 21.881800 N,063 48.069000 W,1.1,127.0,A,Primary,Headline,1.285714,D,S,313198.000000
Tue Jul 30 17:03:50 2019,30-Jul-2019,200353,47 21.881600 N,063 48.068600 W,1.1,127.2,A,Primary,Headline,1.285714,D,S,313198.000000
Tue Jul 30 17:03:50 2019,30-Jul-2019,200354,47 21.881400 N,063 48.068300 W,1.1,127.4,A,Primary,Headline,1.285714,D,S,313198.000000
Tue Jul 30 17:03:53 2019,30-Jul-2019,200355,47 21.881200 N,063 48.068000 W,1.1,127.6,A,DoorSpread,DoorMaster,5.390000,D,S,125346.000000
Tue Jul 30 17:03:54 2019,30-Jul-2019,200356,47 21.880900 N,063 48.067700 W,1.1,127.7,A,Depth,Depth,61.296296,D,P,164206.000000
Tue Jul 30 17:03:55 2019,30-Jul-2019,200357,47 21.880700 N,063 48.067300 W,1.1,127.8,A,Primary,Headline,1.693878,D,P,383574.000000
Tue Jul 30 17:03:55 2019,30-Jul-2019,200358,47 21.880500 N,063 48.066900 W,1.1,127.7,A,Primary,Headline,1.693878,D,P,383574.000000
Tue Jul 30 17:03:55 2019,30-Jul-2019,200359,47 21.880300 N,063 48.066600 W,1.1,127.6,A,Primary,Headline,1.693878,D,P,383574.000000
Tue Jul 30 17:03:58 2019,30-Jul-2019,200400,47 21.880100 N,063 48.066200 W,1.1,127.5,A,DoorSpread,DoorMaster,5.410000,D,P,139698.000000
Tue Jul 30 17:03:58 2019,30-Jul-2019,200401,47 21.879900 N,063 48.065900 W,1.1,127.3,A,DoorSpread,DoorMaster,5.410000,D,P,139698.000000
Tue Jul 30 17:04:00 2019,30-Jul-2019,200402,47 21.879700 N,063 48.065600 W,1.1,127.2,A,Primary,Headline,2.061224,D,S,375874.000000
Tue Jul 30 17:04:01 2019,30-Jul-2019,200403,47 21.879500 N,063 48.065200 W,1.1,127.1,A,Depth,Depth,61.481481,D,P,248595.000000
Tue Jul 30 17:04:01 2019,30-Jul-2019,200404,47 21.879300 N,063 48.065000 W,1.1,126.9,A,Depth,Depth,61.481481,D,P,248595.000000
Tue Jul 30 17:04:01 2019,30-Jul-2019,200405,47 21.879100 N,063 48.064700 W,1.1,126.7,A,Depth,Depth,61.481481,D,P,248595.000000
Tue Jul 30 17:04:04 2019,30-Jul-2019,200406,47 21.878900 N,063 48.064300 W,1.1,126.5,A,DoorSpread,DoorMaster,5.595000,D,S,107169.000000
Tue Jul 30 17:04:05 2019,30-Jul-2019,200407,47 21.878700 N,063 48.064000 W,1.1,126.3,A,Primary,Headline,2.061224,D,P,294234.000000
Tue Jul 30 17:04:05 2019,30-Jul-2019,200408,47 21.878500 N,063 48.063700 W,1.1,126.1,A,Primary,Headline,2.061224,D,P,294234.000000
Tue Jul 30 17:04:05 2019,30-Jul-2019,200409,47 21.878300 N,063 48.063400 W,1.1,126.1,A,Primary,Headline,2.061224,D,P,294234.000000
Tue Jul 30 17:04:08 2019,30-Jul-2019,200410,47 21.878100 N,063 48.063000 W,1.1,126.0,A,Depth,Depth,61.018519,D,P,185001.000000
Tue Jul 30 17:04:09 2019,30-Jul-2019,200411,47 21.877900 N,063 48.062700 W,1.1,125.8,A,DoorSpread,DoorMaster,5.710000,D,S,76197.000000
Tue Jul 30 17:04:10 2019,30-Jul-2019,200412,47 21.877700 N,063 48.062300 W,1.1,125.7,A,Primary,Headline,2.530612,D,P,306765.000000
Tue Jul 30 17:04:10 2019,30-Jul-2019,200413,47 21.877500 N,063 48.061900 W,1.2,125.5,A,Primary,Headline,2.530612,D,P,306765.000000
Tue Jul 30 17:04:10 2019,30-Jul-2019,200414,47 21.877300 N,063 48.061500 W,1.1,125.2,A,Primary,Headline,2.530612,D,P,306765.000000
Tue Jul 30 17:04:10 2019,30-Jul-2019,200415,47 21.877200 N,063 48.061200 W,1.1,125.1,A,Primary,Headline,2.530612,D,P,306765.000000
Tue Jul 30 17:04:10 2019,30-Jul-2019,200416,47 21.877000 N,063 48.060800 W,1.2,124.9,A,Primary,Headline,2.530612,D,P,306765.000000
Tue Jul 30 17:04:15 2019,30-Jul-2019,200417,47 21.876800 N,063 48.060400 W,1.2,124.5,A,Primary,Headline,2.775510,D,P,492526.000000
Tue Jul 30 17:04:16 2019,30-Jul-2019,200418,47 21.876600 N,063 48.060000 W,1.2,124.3,A,Depth,Depth,60.370370,D,P,308486.000000
Tue Jul 30 17:04:16 2019,30-Jul-2019,200419,47 21.876400 N,063 48.059500 W,1.2,123.9,A,Depth,Depth,60.370370,D,P,308486.000000
Tue Jul 30 17:04:16 2019,30-Jul-2019,200420,47 21.876300 N,063 48.059100 W,1.2,123.5,A,Depth,Depth,60.370370,D,P,308486.000000
Tue Jul 30 17:04:16 2019,30-Jul-2019,200421,47 21.876000 N,063 48.058800 W,1.2,123.4,A,Depth,Depth,60.370370,D,P,308486.000000
Tue Jul 30 17:04:20 2019,30-Jul-2019,200422,47 21.875800 N,063 48.058500 W,1.2,123.2,A,DoorSpread,DoorMaster,6.330000,D,P,165225.000000
Tue Jul 30 17:04:20 2019,30-Jul-2019,200423,47 21.875600 N,063 48.058000 W,1.2,122.8,A,DoorSpread,DoorMaster,6.265000,D,S,277008.000000
Tue Jul 30 17:04:20 2019,30-Jul-2019,200424,47 21.875400 N,063 48.057600 W,1.2,122.7,A,DoorSpread,DoorMaster,6.265000,D,S,277008.000000
Tue Jul 30 17:04:23 2019,30-Jul-2019,200425,47 21.875200 N,063 48.057300 W,1.2,122.6,A,Depth,Depth,60.277778,D,S,179187.000000
Tue Jul 30 17:04:23 2019,30-Jul-2019,200426,47 21.875100 N,063 48.056800 W,1.2,122.2,A,Depth,Depth,60.277778,D,S,179187.000000
Tue Jul 30 17:04:25 2019,30-Jul-2019,200427,47 21.874900 N,063 48.056400 W,1.2,121.9,A,Primary,Headline,2.265306,D,P,412697.000000
Tue Jul 30 17:04:26 2019,30-Jul-2019,200428,47 21.874800 N,063 48.056000 W,1.2,121.8,A,DoorSpread,DoorMaster,6.170000,D,P,166578.000000
Tue Jul 30 17:04:26 2019,30-Jul-2019,200429,47 21.874600 N,063 48.055500 W,1.2,121.3,A,DoorSpread,DoorMaster,6.170000,D,P,166578.000000
Tue Jul 30 17:04:26 2019,30-Jul-2019,200430,47 21.874500 N,063 48.055100 W,1.2,121.0,A,DoorSpread,DoorMaster,6.170000,D,P,166578.000000
Tue Jul 30 17:04:26 2019,30-Jul-2019,200431,47 21.874300 N,063 48.054600 W,1.2,120.7,A,DoorSpread,DoorMaster,6.170000,D,P,166578.000000
Tue Jul 30 17:04:30 2019,30-Jul-2019,200432,47 21.874100 N,063 48.054200 W,1.2,120.5,A,Primary,Headline,4.306122,D,P,275773.000000
Tue Jul 30 17:04:30 2019,30-Jul-2019,200433,47 21.873900 N,063 48.053700 W,1.2,120.2,A,Primary,Headline,4.306122,D,P,275773.000000
Tue Jul 30 17:04:32 2019,30-Jul-2019,200434,47 21.873800 N,063 48.053300 W,1.2,119.9,A,DoorSpread,DoorMaster,6.515000,D,S,298723.000000
Tue Jul 30 17:04:32 2019,30-Jul-2019,200435,47 21.873600 N,063 48.052800 W,1.2,119.6,A,DoorSpread,DoorMaster,6.515000,D,S,298723.000000
Tue Jul 30 17:04:32 2019,30-Jul-2019,200436,47 21.873400 N,063 48.052500 W,1.2,119.4,A,DoorSpread,DoorMaster,6.515000,D,S,298723.000000
Tue Jul 30 17:04:35 2019,30-Jul-2019,200437,47 21.873200 N,063 48.052100 W,1.2,119.3,A,Primary,Headline,5.163265,D,S,366527.000000
Tue Jul 30 17:04:35 2019,30-Jul-2019,200438,47 21.873100 N,063 48.051800 W,1.2,119.2,A,Primary,Headline,5.163265,D,S,366527.000000
Tue Jul 30 17:04:37 2019,30-Jul-2019,200439,47 21.872900 N,063 48.051400 W,1.2,119.0,A,Depth,Depth,63.796296,D,P,321072.000000
Tue Jul 30 17:04:37 2019,30-Jul-2019,200440,47 21.872700 N,063 48.051000 W,1.2,118.9,A,Depth,Depth,63.796296,D,P,321072.000000
Tue Jul 30 17:04:37 2019,30-Jul-2019,200441,47 21.872600 N,063 48.050500 W,1.2,118.7,A,Depth,Depth,63.796296,D,P,321072.000000
Tue Jul 30 17:04:40 2019,30-Jul-2019,200442,47 21.872400 N,063 48.050100 W,1.2,118.5,A,Primary,Headline,2.204082,D,S,318579.000000
Tue Jul 30 17:04:40 2019,30-Jul-2019,200443,47 21.872300 N,063 48.049700 W,1.2,118.3,A,Primary,Headline,2.204082,D,S,318579.000000
Tue Jul 30 17:04:40 2019,30-Jul-2019,200444,47 21.872100 N,063 48.049200 W,1.2,118.1,A,Primary,Headline,2.204082,D,S,318579.000000
Tue Jul 30 17:04:43 2019,30-Jul-2019,200445,47 21.871900 N,063 48.048700 W,1.2,118.1,A,DoorSpread,DoorMaster,6.975000,D,S,68603.000000
Tue Jul 30 17:04:45 2019,30-Jul-2019,200446,47 21.871800 N,063 48.048400 W,1.2,118.0,A,Depth,Depth,53.055556,D,S,324296.000000
Tue Jul 30 17:04:46 2019,30-Jul-2019,200447,47 21.871600 N,063 48.047900 W,1.2,117.9,A,Primary,Headline,8.122449,D,S,153539.000000
Tue Jul 30 17:04:46 2019,30-Jul-2019,200448,47 21.871500 N,063 48.047500 W,1.2,117.7,A,Primary,Headline,8.122449,D,S,153539.000000
Tue Jul 30 17:04:46 2019,30-Jul-2019,200449,47 21.871400 N,063 48.047100 W,1.2,117.5,A,Primary,Headline,8.122449,D,S,153539.000000
Tue Jul 30 17:04:46 2019,30-Jul-2019,200450,47 21.871200 N,063 48.046700 W,1.2,117.3,A,Primary,Headline,8.122449,D,S,153539.000000
Tue Jul 30 17:04:49 2019,30-Jul-2019,200451,47 21.871100 N,063 48.046200 W,1.2,117.2,A,DoorSpread,DoorMaster,7.025000,D,S,130323.000000
Tue Jul 30 17:04:49 2019,30-Jul-2019,200452,47 21.870900 N,063 48.045800 W,1.2,117.1,A,DoorSpread,DoorMaster,7.025000,D,S,130323.000000
Tue Jul 30 17:04:51 2019,30-Jul-2019,200453,47 21.870800 N,063 48.045400 W,1.2,117.1,A,Primary,Headline,9.816327,D,S,215945.000000
Tue Jul 30 17:04:52 2019,30-Jul-2019,200454,47 21.870700 N,063 48.045000 W,1.2,117.1,A,Depth,Depth,54.074074,D,S,221820.000000
Tue Jul 30 17:04:52 2019,30-Jul-2019,200455,47 21.870500 N,063 48.044500 W,1.2,117.2,A,Depth,Depth,54.074074,D,S,221820.000000
Tue Jul 30 17:04:54 2019,30-Jul-2019,200456,47 21.870400 N,063 48.044000 W,1.2,117.0,A,DoorSpread,DoorMaster,7.140000,D,P,127008.000000
Tue Jul 30 17:04:54 2019,30-Jul-2019,200457,47 21.870300 N,063 48.043600 W,1.2,117.0,A,DoorSpread,DoorMaster,7.140000,D,P,127008.000000
Tue Jul 30 17:04:56 2019,30-Jul-2019,200458,47 21.870100 N,063 48.043200 W,1.2,117.1,A,Primary,Headline,1.714286,D,S,254225.000000
Tue Jul 30 17:04:56 2019,30-Jul-2019,200459,47 21.869900 N,063 48.042700 W,1.2,117.1,A,Primary,Headline,1.714286,D,S,254225.000000
Tue Jul 30 17:04:56 2019,30-Jul-2019,200500,47 21.869800 N,063 48.042200 W,1.2,116.9,A,Primary,Headline,1.714286,D,S,254225.000000
Tue Jul 30 17:04:59 2019,30-Jul-2019,200501,47 21.869700 N,063 48.041800 W,1.2,116.7,A,Depth,Depth,53.703704,D,S,232523.000000
Tue Jul 30 17:05:00 2019,30-Jul-2019,200502,47 21.869500 N,063 48.041400 W,1.2,116.6,A,DoorSpread,DoorMaster,7.200000,D,S,150282.000000
Tue Jul 30 17:05:01 2019,30-Jul-2019,200503,47 21.869400 N,063 48.040900 W,1.2,116.4,A,Primary,Headline,15.346939,D,S,267043.000000
Tue Jul 30 17:05:01 2019,30-Jul-2019,200504,47 21.869300 N,063 48.040500 W,1.2,116.4,A,Primary,Headline,15.346939,D,S,267043.000000
Tue Jul 30 17:05:01 2019,30-Jul-2019,200505,47 21.869100 N,063 48.040100 W,1.2,116.3,A,Primary,Headline,15.346939,D,S,267043.000000
Tue Jul 30 17:05:01 2019,30-Jul-2019,200506,47 21.869000 N,063 48.039600 W,1.2,116.1,A,Primary,Headline,15.346939,D,S,267043.000000
Tue Jul 30 17:05:05 2019,30-Jul-2019,200507,47 21.868800 N,063 48.039100 W,1.2,115.9,A,DoorSpread,DoorMaster,7.820000,D,S,101361.000000
Tue Jul 30 17:05:06 2019,30-Jul-2019,200508,47 21.868700 N,063 48.038700 W,1.2,115.7,A,Depth,Depth,53.703704,D,S,164738.000000
Tue Jul 30 17:05:06 2019,30-Jul-2019,200509,47 21.868600 N,063 48.038200 W,1.2,115.3,A,Depth,Depth,53.703704,D,S,164738.000000
Tue Jul 30 17:05:06 2019,30-Jul-2019,200510,47 21.868400 N,063 48.037700 W,1.3,115.2,A,Depth,Depth,53.703704,D,S,164738.000000
Tue Jul 30 17:05:06 2019,30-Jul-2019,200511,47 21.868200 N,063 48.037200 W,1.3,115.2,A,Depth,Depth,53.703704,D,S,164738.000000
Tue Jul 30 17:05:06 2019,30-Jul-2019,200512,47 21.868100 N,063 48.036700 W,1.3,115.0,A,Depth,Depth,53.703704,D,S,164738.000000
Tue Jul 30 17:05:11 2019,30-Jul-2019,200513,47 21.868000 N,063 48.036200 W,1.3,114.8,A,DoorSpread,DoorMaster,9.205000,D,S,66786.000000
Tue Jul 30 17:05:11 2019,30-Jul-2019,200514,47 21.867900 N,063 48.035800 W,1.3,114.8,A,DoorSpread,DoorMaster,9.205000,D,S,66786.000000
Tue Jul 30 17:05:13 2019,30-Jul-2019,200515,47 21.867700 N,063 48.035300 W,1.3,114.5,A,Depth,Depth,46.111111,D,S,131172.000000
Tue Jul 30 17:05:13 2019,30-Jul-2019,200516,47 21.867600 N,063 48.034800 W,1.3,114.2,A,Depth,Depth,46.111111,D,S,131172.000000
Tue Jul 30 17:05:13 2019,30-Jul-2019,200517,47 21.867400 N,063 48.034300 W,1.3,114.2,A,Depth,Depth,46.111111,D,S,131172.000000
Tue Jul 30 17:05:16 2019,30-Jul-2019,200518,47 21.867300 N,063 48.033800 W,1.3,114.1,A,DoorSpread,DoorMaster,0.000000,E,P,11946.000000
Tue Jul 30 17:05:16 2019,30-Jul-2019,200519,47 21.867200 N,063 48.033300 W,1.3,113.9,A,DoorSpread,DoorMaster,0.000000,E,P,11946.000000
Tue Jul 30 17:05:16 2019,30-Jul-2019,200520,47 21.867000 N,063 48.032800 W,1.3,113.8,A,DoorSpread,DoorMaster,0.000000,E,P,11946.000000
Tue Jul 30 17:05:16 2019,30-Jul-2019,200521,47 21.866800 N,063 48.032200 W,1.3,113.7,A,DoorSpread,DoorMaster,0.000000,E,P,11946.000000
Tue Jul 30 17:05:16 2019,30-Jul-2019,200522,47 21.866700 N,063 48.031700 W,1.3,113.4,A,DoorSpread,DoorMaster,0.000000,E,P,11946.000000
Tue Jul 30 17:05:21 2019,30-Jul-2019,200523,47 21.866600 N,063 48.031200 W,1.3,113.2,A,DoorSpread,DoorMaster,0.960000,D,S,59826.000000
Tue Jul 30 17:05:21 2019,30-Jul-2019,200524,47 21.866400 N,063 48.030700 W,1.3,113.2,A,DoorSpread,DoorMaster,0.960000,D,S,59826.000000
Tue Jul 30 17:05:21 2019,30-Jul-2019,200525,47 21.866200 N,063 48.030200 W,1.4,113.1,A,DoorSpread,DoorMaster,0.960000,D,S,59826.000000
Tue Jul 30 17:05:21 2019,30-Jul-2019,200526,47 21.866100 N,063 48.029600 W,1.3,113.0,A,DoorSpread,DoorMaster,0.960000,D,S,59826.000000
Tue Jul 30 17:05:21 2019,30-Jul-2019,200527,47 21.865900 N,063 48.029200 W,1.3,113.0,A,DoorSpread,DoorMaster,0.960000,D,S,59826.000000
Tue Jul 30 17:05:26 2019,30-Jul-2019,200528,47 21.865700 N,063 48.028600 W,1.4,113.0,A,Primary,Headline,1.510204,D,S,277101.000000
Tue Jul 30 17:05:27 2019,30-Jul-2019,200529,47 21.865600 N,063 48.028100 W,1.4,113.0,A,DoorSpread,DoorMaster,2.070000,D,S,172570.000000
Tue Jul 30 17:05:28 2019,30-Jul-2019,200530,47 21.865400 N,063 48.027600 W,1.3,113.1,A,Depth,Depth,43.148148,D,S,222341.000000
Tue Jul 30 17:05:28 2019,30-Jul-2019,200531,47 21.865200 N,063 48.027100 W,1.4,113.2,A,Depth,Depth,43.148148,D,S,222341.000000
Tue Jul 30 17:05:28 2019,30-Jul-2019,200532,47 21.865100 N,063 48.026600 W,1.4,113.2,A,Depth,Depth,43.148148,D,S,222341.000000
Tue Jul 30 17:05:31 2019,30-Jul-2019,200533,47 21.864900 N,063 48.026000 W,1.4,113.1,A,Primary,Headline,1.632653,D,P,177143.000000
Tue Jul 30 17:05:32 2019,30-Jul-2019,200534,47 21.864700 N,063 48.025500 W,1.4,113.0,A,DoorSpread,DoorMaster,0.000000,E,S,229476.000000
Tue Jul 30 17:05:32 2019,30-Jul-2019,200535,47 21.864600 N,063 48.025000 W,1.4,113.0,A,DoorSpread,DoorMaster,0.000000,E,S,229476.000000
Tue Jul 30 17:05:32 2019,30-Jul-2019,200536,47 21.864400 N,063 48.024500 W,1.4,112.9,A,DoorSpread,DoorMaster,0.000000,E,S,229476.000000
Tue Jul 30 17:05:35 2019,30-Jul-2019,200537,47 21.864300 N,063 48.024000 W,1.4,112.8,A,Depth,Depth,39.537037,D,P,143146.000000
Tue Jul 30 17:05:36 2019,30-Jul-2019,200538,47 21.864100 N,063 48.023400 W,1.4,112.5,A,Primary,Headline,1.591837,D,S,302543.000000
Tue Jul 30 17:05:37 2019,30-Jul-2019,200539,47 21.863900 N,063 48.022800 W,1.4,112.2,A,DoorSpread,DoorMaster,0.000000,E,S,470328.000000
Tue Jul 30 17:05:37 2019,30-Jul-2019,200540,47 21.863800 N,063 48.022300 W,1.4,112.1,A,DoorSpread,DoorMaster,0.000000,E,S,470328.000000
