Ship Number,Trip Number,Tow Number
JEAN MATHIEU,4,4
Comments
"ZONE 12 BAIE DES CHALEURS"
CPU Date and Time,GPS Date,GPS Time,Latitude,Longitude,Speed,Heading,Validity,Transducer Name,Sensor Name,Sensor Value,Error Code,Hydrophone,Signal Strength
,16-Aug-2015,134458,47 54.555200 N,065 31.749000 W,4.5,110.4,A,,,,,,
Sun Aug 16 10:44:58 2015,16-Aug-2015,134459,47 54.554700 N,065 31.747100 W,4.5,110.4,A,Depth,Depth,0.092593,D,S,21645.000000
Sun Aug 16 10:44:58 2015,16-Aug-2015,134500,47 54.554300 N,065 31.745400 W,4.5,110.3,A,DoorSpread,DoorMaster,0.000000,E,S,117956.000000
Sun Aug 16 10:44:58 2015,16-Aug-2015,134501,47 54.553900 N,065 31.743600 W,4.5,110.2,A,DoorSpread,DoorMaster,0.000000,E,S,117956.000000
Sun Aug 16 10:44:58 2015,16-Aug-2015,134502,47 54.553500 N,065 31.741900 W,4.4,110.1,A,DoorSpread,DoorMaster,0.000000,E,S,117956.000000
Sun Aug 16 10:44:58 2015,16-Aug-2015,134503,47 54.553100 N,065 31.740100 W,4.4,109.6,A,DoorSpread,DoorMaster,0.000000,E,S,117956.000000
Sun Aug 16 10:45:03 2015,16-Aug-2015,134504,47 54.552800 N,065 31.738400 W,4.4,109.1,A,Primary,Headline,1.061224,D,S,68548.000000
Sun Aug 16 10:45:03 2015,16-Aug-2015,134505,47 54.552500 N,065 31.736600 W,4.4,108.7,A,DoorSpread,DoorMaster,3.275000,D,S,89389.000000
Sun Aug 16 10:45:03 2015,16-Aug-2015,134506,47 54.552200 N,065 31.734900 W,4.4,108.2,A,DoorSpread,DoorMaster,3.275000,D,S,89389.000000
Sun Aug 16 10:45:05 2015,16-Aug-2015,134507,47 54.551900 N,065 31.733200 W,4.3,107.6,A,Depth,Depth,1.018519,D,S,48122.000000
Sun Aug 16 10:45:05 2015,16-Aug-2015,134508,47 54.551600 N,065 31.731400 W,4.3,107.0,A,Depth,Depth,1.018519,D,S,48122.000000
Sun Aug 16 10:45:08 2015,16-Aug-2015,134509,47 54.551300 N,065 31.729800 W,4.3,106.6,A,Primary,Headline,2.428571,D,S,61123.000000
Sun Aug 16 10:45:08 2015,16-Aug-2015,134510,47 54.551100 N,065 31.728100 W,4.3,106.0,A,DoorSpread,DoorMaster,0.000000,E,S,114249.000000
Sun Aug 16 10:45:08 2015,16-Aug-2015,134511,47 54.550800 N,065 31.726400 W,4.3,105.5,A,DoorSpread,DoorMaster,0.000000,E,S,114249.000000
Sun Aug 16 10:45:08 2015,16-Aug-2015,134512,47 54.550600 N,065 31.724600 W,4.3,105.0,A,DoorSpread,DoorMaster,0.000000,E,S,114249.000000
Sun Aug 16 10:45:12 2015,16-Aug-2015,134513,47 54.550300 N,065 31.722900 W,4.3,104.6,A,Depth,Depth,2.685185,D,S,45298.000000
Sun Aug 16 10:45:13 2015,16-Aug-2015,134514,47 54.550100 N,065 31.721300 W,4.2,104.2,A,Primary,Headline,2.306122,D,S,76527.000000
Sun Aug 16 10:45:14 2015,16-Aug-2015,134515,47 54.549900 N,065 31.719600 W,4.2,103.7,A,DoorSpread,DoorMaster,2.990000,D,S,135106.000000
Sun Aug 16 10:45:14 2015,16-Aug-2015,134516,47 54.549700 N,065 31.717900 W,4.2,103.1,A,DoorSpread,DoorMaster,2.990000,D,S,135106.000000
Sun Aug 16 10:45:14 2015,16-Aug-2015,134517,47 54.549500 N,065 31.716200 W,4.2,102.4,A,DoorSpread,DoorMaster,2.990000,D,S,135106.000000
Sun Aug 16 10:45:14 2015,16-Aug-2015,134518,47 54.549400 N,065 31.714500 W,4.2,101.9,A,DoorSpread,DoorMaster,2.990000,D,S,135106.000000
Sun Aug 16 10:45:18 2015,16-Aug-2015,134519,47 54.549200 N,065 31.712900 W,4.2,101.3,A,Primary,Headline,1.673469,D,S,67931.000000
Sun Aug 16 10:45:18 2015,16-Aug-2015,134520,47 54.549100 N,065 31.711200 W,4.1,100.7,A,Primary,Headline,1.673469,D,S,67931.000000
Sun Aug 16 10:45:19 2015,16-Aug-2015,134521,47 54.549000 N,065 31.709500 W,4.1,100.0,A,DoorSpread,DoorMaster,2.000000,D,S,182619.000000
Sun Aug 16 10:45:19 2015,16-Aug-2015,134522,47 54.548900 N,065 31.707900 W,4.1,99.4,A,DoorSpread,DoorMaster,2.000000,D,S,182619.000000
Sun Aug 16 10:45:19 2015,16-Aug-2015,134523,47 54.548800 N,065 31.706200 W,4.1,99.0,A,DoorSpread,DoorMaster,2.000000,D,S,182619.000000
Sun Aug 16 10:45:23 2015,16-Aug-2015,134524,47 54.548700 N,065 31.704600 W,4.1,98.5,A,Primary,Headline,2.367347,D,S,90346.000000
Sun Aug 16 10:45:23 2015,16-Aug-2015,134525,47 54.548600 N,065 31.702900 W,4.1,98.0,A,Primary,Headline,2.367347,D,S,90346.000000
Sun Aug 16 10:45:24 2015,16-Aug-2015,134526,47 54.548600 N,065 31.701300 W,4.0,97.6,A,DoorSpread,DoorMaster,2.310000,D,S,148356.000000
Sun Aug 16 10:45:24 2015,16-Aug-2015,134527,47 54.548500 N,065 31.699700 W,4.0,97.3,A,DoorSpread,DoorMaster,2.310000,D,S,148356.000000
Sun Aug 16 10:45:24 2015,16-Aug-2015,134528,47 54.548300 N,065 31.698100 W,4.0,97.0,A,DoorSpread,DoorMaster,2.310000,D,S,148356.000000
Sun Aug 16 10:45:28 2015,16-Aug-2015,134529,47 54.548300 N,065 31.696700 W,3.9,96.8,A,Primary,Headline,4.102041,D,S,47992.000000
Sun Aug 16 10:45:28 2015,16-Aug-2015,134530,47 54.548200 N,065 31.695200 W,3.9,96.8,A,Primary,Headline,4.102041,D,S,47992.000000
Sun Aug 16 10:45:30 2015,16-Aug-2015,134531,47 54.548200 N,065 31.693800 W,3.8,96.7,A,DoorSpread,DoorMaster,1.985000,D,S,215266.000000
Sun Aug 16 10:45:30 2015,16-Aug-2015,134532,47 54.548100 N,065 31.692400 W,3.8,96.6,A,DoorSpread,DoorMaster,1.985000,D,S,215266.000000
Sun Aug 16 10:45:30 2015,16-Aug-2015,134533,47 54.548000 N,065 31.691000 W,3.7,96.5,A,DoorSpread,DoorMaster,1.985000,D,S,215266.000000
Sun Aug 16 10:45:33 2015,16-Aug-2015,134534,47 54.548100 N,065 31.689800 W,3.6,96.4,A,Primary,Headline,0.448980,D,S,51005.000000
Sun Aug 16 10:45:33 2015,16-Aug-2015,134535,47 54.547900 N,065 31.688300 W,3.6,96.2,A,Depth,Depth,21.203704,D,S,10764.000000
Sun Aug 16 10:45:33 2015,16-Aug-2015,134536,47 54.547700 N,065 31.686900 W,3.5,96.1,A,Depth,Depth,21.203704,D,S,10764.000000
Sun Aug 16 10:45:35 2015,16-Aug-2015,134537,47 54.547600 N,065 31.685600 W,3.5,96.3,A,DoorSpread,DoorMaster,2.265000,D,S,128700.000000
Sun Aug 16 10:45:35 2015,16-Aug-2015,134538,47 54.547300 N,065 31.684200 W,3.4,96.4,A,DoorSpread,DoorMaster,2.265000,D,S,128700.000000
Sun Aug 16 10:45:38 2015,16-Aug-2015,134539,47 54.547300 N,065 31.682900 W,3.4,96.3,A,Primary,Headline,2.081633,D,S,79409.000000
Sun Aug 16 10:45:38 2015,16-Aug-2015,134540,47 54.547200 N,065 31.681600 W,3.3,96.4,A,Primary,Headline,2.081633,D,S,79409.000000
Sun Aug 16 10:45:38 2015,16-Aug-2015,134541,47 54.547000 N,065 31.680300 W,3.3,96.5,A,Primary,Headline,2.081633,D,S,79409.000000
Sun Aug 16 10:45:40 2015,16-Aug-2015,134542,47 54.547100 N,065 31.679100 W,3.2,96.6,A,DoorSpread,DoorMaster,0.000000,E,S,225774.000000
Sun Aug 16 10:45:40 2015,16-Aug-2015,134543,47 54.547100 N,065 31.677700 W,3.2,96.9,A,DoorSpread,DoorMaster,0.000000,E,S,225774.000000
Sun Aug 16 10:45:43 2015,16-Aug-2015,134544,47 54.547000 N,065 31.676500 W,3.2,97.2,A,Primary,Headline,3.122449,D,S,68000.000000
Sun Aug 16 10:45:43 2015,16-Aug-2015,134545,47 54.546700 N,065 31.675200 W,3.1,97.2,A,Primary,Headline,3.122449,D,S,68000.000000
Sun Aug 16 10:45:43 2015,16-Aug-2015,134546,47 54.546700 N,065 31.673800 W,3.1,97.1,A,Primary,Headline,3.122449,D,S,68000.000000
Sun Aug 16 10:45:46 2015,16-Aug-2015,134547,47 54.546400 N,065 31.672600 W,3.1,97.0,A,DoorSpread,DoorMaster,2.540000,D,S,145412.000000
Sun Aug 16 10:45:46 2015,16-Aug-2015,134548,47 54.546400 N,065 31.671300 W,3.0,97.2,A,DoorSpread,DoorMaster,2.540000,D,S,145412.000000
Sun Aug 16 10:45:46 2015,16-Aug-2015,134549,47 54.546300 N,065 31.670100 W,3.0,97.3,A,DoorSpread,DoorMaster,2.540000,D,S,145412.000000
Sun Aug 16 10:45:46 2015,16-Aug-2015,134550,47 54.546100 N,065 31.668900 W,3.0,97.5,A,DoorSpread,DoorMaster,2.540000,D,S,145412.000000
Sun Aug 16 10:45:46 2015,16-Aug-2015,134551,47 54.546000 N,065 31.667700 W,3.0,97.4,A,DoorSpread,DoorMaster,2.540000,D,S,145412.000000
Sun Aug 16 10:45:51 2015,16-Aug-2015,134552,47 54.545900 N,065 31.666400 W,2.9,97.5,A,DoorSpread,DoorMaster,1.550000,D,S,126708.000000
Sun Aug 16 10:45:51 2015,16-Aug-2015,134553,47 54.545800 N,065 31.665300 W,2.9,97.6,A,DoorSpread,DoorMaster,1.550000,D,S,126708.000000
Sun Aug 16 10:45:51 2015,16-Aug-2015,134554,47 54.545700 N,065 31.664200 W,2.9,97.4,A,DoorSpread,DoorMaster,1.550000,D,S,126708.000000
Sun Aug 16 10:45:53 2015,16-Aug-2015,134555,47 54.545700 N,065 31.663000 W,2.9,97.4,A,Primary,Headline,2.306122,D,S,95779.000000
Sun Aug 16 10:45:54 2015,16-Aug-2015,134556,47 54.545600 N,065 31.661900 W,2.8,97.2,A,Depth,Depth,7.407407,D,S,97763.000000
Sun Aug 16 10:45:56 2015,16-Aug-2015,134557,47 54.545500 N,065 31.660800 W,2.8,97.2,A,DoorSpread,DoorMaster,0.000000,E,S,198512.000000
Sun Aug 16 10:45:56 2015,16-Aug-2015,134558,47 54.545500 N,065 31.659700 W,2.8,97.4,A,DoorSpread,DoorMaster,0.000000,E,S,198512.000000
Sun Aug 16 10:45:56 2015,16-Aug-2015,134559,47 54.545400 N,065 31.658600 W,2.8,97.5,A,DoorSpread,DoorMaster,0.000000,E,S,198512.000000
Sun Aug 16 10:45:58 2015,16-Aug-2015,134600,47 54.545300 N,065 31.657600 W,2.7,97.5,A,Primary,Headline,0.918367,D,S,42482.000000
Sun Aug 16 10:45:58 2015,16-Aug-2015,134601,47 54.545300 N,065 31.656400 W,2.7,97.5,A,Primary,Headline,0.918367,D,S,42482.000000
Sun Aug 16 10:45:58 2015,16-Aug-2015,134602,47 54.545300 N,065 31.655300 W,2.7,97.4,A,Primary,Headline,0.918367,D,S,42482.000000
Sun Aug 16 10:46:01 2015,16-Aug-2015,134603,47 54.545200 N,065 31.654300 W,2.7,97.5,A,DoorSpread,DoorMaster,1.965000,D,S,325644.000000
Sun Aug 16 10:46:01 2015,16-Aug-2015,134604,47 54.545100 N,065 31.653200 W,2.7,97.5,A,DoorSpread,DoorMaster,1.965000,D,S,325644.000000
Sun Aug 16 10:46:03 2015,16-Aug-2015,134605,47 54.545000 N,065 31.652000 W,2.7,97.5,A,Primary,Headline,3.877551,D,S,112272.000000
Sun Aug 16 10:46:03 2015,16-Aug-2015,134606,47 54.544900 N,065 31.650900 W,2.7,97.6,A,Primary,Headline,3.877551,D,S,112272.000000
Sun Aug 16 10:46:03 2015,16-Aug-2015,134607,47 54.544900 N,065 31.649800 W,2.7,97.7,A,Primary,Headline,3.877551,D,S,112272.000000
Sun Aug 16 10:46:06 2015,16-Aug-2015,134608,47 54.544800 N,065 31.648800 W,2.6,97.7,A,DoorSpread,DoorMaster,0.000000,E,S,226233.000000
Sun Aug 16 10:46:08 2015,16-Aug-2015,134609,47 54.544700 N,065 31.647700 W,2.6,97.7,A,Depth,Depth,6.018519,D,S,123746.000000
Sun Aug 16 10:46:08 2015,16-Aug-2015,134610,47 54.544600 N,065 31.646700 W,2.6,98.0,A,Primary,Headline,6.510204,D,S,79437.000000
Sun Aug 16 10:46:08 2015,16-Aug-2015,134611,47 54.544600 N,065 31.645600 W,2.6,98.1,A,Primary,Headline,6.510204,D,S,79437.000000
Sun Aug 16 10:46:08 2015,16-Aug-2015,134612,47 54.544500 N,065 31.644600 W,2.6,98.2,A,Primary,Headline,6.510204,D,S,79437.000000
Sun Aug 16 10:46:11 2015,16-Aug-2015,134613,47 54.544400 N,065 31.643500 W,2.6,98.2,A,DoorSpread,DoorMaster,0.000000,E,S,194519.000000
Sun Aug 16 10:46:11 2015,16-Aug-2015,134614,47 54.544300 N,065 31.642500 W,2.6,98.2,A,DoorSpread,DoorMaster,0.000000,E,S,194519.000000
Sun Aug 16 10:46:11 2015,16-Aug-2015,134615,47 54.544200 N,065 31.641400 W,2.6,98.2,A,DoorSpread,DoorMaster,0.000000,E,S,194519.000000
Sun Aug 16 10:46:11 2015,16-Aug-2015,134616,47 54.544200 N,065 31.640400 W,2.6,98.2,A,DoorSpread,DoorMaster,0.000000,E,S,194519.000000
Sun Aug 16 10:46:15 2015,16-Aug-2015,134617,47 54.544100 N,065 31.639300 W,2.6,98.2,A,Depth,Depth,16.944444,D,S,85438.000000
Sun Aug 16 10:46:16 2015,16-Aug-2015,134618,47 54.544000 N,065 31.638300 W,2.6,98.5,A,DoorSpread,DoorMaster,0.000000,E,S,201208.000000
Sun Aug 16 10:46:16 2015,16-Aug-2015,134619,47 54.543800 N,065 31.637300 W,2.6,98.8,A,DoorSpread,DoorMaster,0.000000,E,S,201208.000000
Sun Aug 16 10:46:18 2015,16-Aug-2015,134620,47 54.543800 N,065 31.636300 W,2.6,98.8,A,Primary,Headline,6.571429,D,S,123117.000000
Sun Aug 16 10:46:18 2015,16-Aug-2015,134621,47 54.543700 N,065 31.635300 W,2.5,98.8,A,Primary,Headline,6.571429,D,S,123117.000000
Sun Aug 16 10:46:18 2015,16-Aug-2015,134622,47 54.543600 N,065 31.634300 W,2.5,98.8,A,Primary,Headline,6.571429,D,S,123117.000000
Sun Aug 16 10:46:22 2015,16-Aug-2015,134623,47 54.543600 N,065 31.633300 W,2.5,99.0,A,DoorSpread,DoorMaster,2.055000,D,S,164510.000000
Sun Aug 16 10:46:22 2015,16-Aug-2015,134624,47 54.543500 N,065 31.632400 W,2.5,98.9,A,Depth,Depth,8.703704,D,S,163226.000000
Sun Aug 16 10:46:23 2015,16-Aug-2015,134625,47 54.543500 N,065 31.631400 W,2.5,98.8,A,Primary,Headline,0.000000,D,S,79585.000000
Sun Aug 16 10:46:23 2015,16-Aug-2015,134626,47 54.543400 N,065 31.630400 W,2.5,99.0,A,Primary,Headline,0.000000,D,S,79585.000000
Sun Aug 16 10:46:23 2015,16-Aug-2015,134627,47 54.543300 N,065 31.629500 W,2.5,99.0,A,Primary,Headline,0.000000,D,S,79585.000000
Sun Aug 16 10:46:27 2015,16-Aug-2015,134628,47 54.543200 N,065 31.628500 W,2.5,99.0,A,DoorSpread,DoorMaster,0.000000,E,S,213009.000000
Sun Aug 16 10:46:27 2015,16-Aug-2015,134629,47 54.543100 N,065 31.627600 W,2.5,99.1,A,DoorSpread,DoorMaster,0.000000,E,S,213009.000000
Sun Aug 16 10:46:28 2015,16-Aug-2015,134630,47 54.543100 N,065 31.626600 W,2.4,99.2,A,Primary,Headline,2.183673,D,S,75689.000000
Sun Aug 16 10:46:29 2015,16-Aug-2015,134631,47 54.542900 N,065 31.625700 W,2.4,99.3,A,Depth,Depth,22.500000,D,S,45163.000000
Sun Aug 16 10:46:29 2015,16-Aug-2015,134632,47 54.542800 N,065 31.624800 W,2.4,99.6,A,Depth,Depth,22.500000,D,S,45163.000000
Sun Aug 16 10:46:32 2015,16-Aug-2015,134633,47 54.542800 N,065 31.624000 W,2.4,99.6,A,DoorSpread,DoorMaster,0.000000,E,S,366071.000000
Sun Aug 16 10:46:32 2015,16-Aug-2015,134634,47 54.542700 N,065 31.623200 W,2.3,99.7,A,DoorSpread,DoorMaster,0.000000,E,S,366071.000000
Sun Aug 16 10:46:33 2015,16-Aug-2015,134635,47 54.542600 N,065 31.622400 W,2.3,99.8,A,Primary,Headline,2.020408,D,S,137116.000000
Sun Aug 16 10:46:33 2015,16-Aug-2015,134636,47 54.542500 N,065 31.621500 W,2.3,100.0,A,Primary,Headline,2.020408,D,S,137116.000000
Sun Aug 16 10:46:33 2015,16-Aug-2015,134637,47 54.542400 N,065 31.620800 W,2.2,100.1,A,Primary,Headline,2.020408,D,S,137116.000000
Sun Aug 16 10:46:36 2015,16-Aug-2015,134638,47 54.542300 N,065 31.620000 W,2.2,100.2,A,Depth,Depth,3.703704,D,S,75404.000000
Sun Aug 16 10:46:37 2015,16-Aug-2015,134639,47 54.542200 N,065 31.619300 W,2.2,100.5,A,DoorSpread,DoorMaster,2.665000,D,S,441162.000000
Sun Aug 16 10:46:38 2015,16-Aug-2015,134640,47 54.542000 N,065 31.618500 W,2.1,100.7,A,Primary,Headline,1.877551,D,S,154904.000000
Sun Aug 16 10:46:38 2015,16-Aug-2015,134641,47 54.542000 N,065 31.617800 W,2.1,101.0,A,Primary,Headline,1.877551,D,S,154904.000000
Sun Aug 16 10:46:38 2015,16-Aug-2015,134642,47 54.541800 N,065 31.617200 W,2.0,101.3,A,Primary,Headline,1.877551,D,S,154904.000000
Sun Aug 16 10:46:38 2015,16-Aug-2015,134643,47 54.541700 N,065 31.616500 W,2.0,101.6,A,Primary,Headline,1.877551,D,S,154904.000000
Sun Aug 16 10:46:42 2015,16-Aug-2015,134644,47 54.541600 N,065 31.615700 W,2.0,101.8,A,DoorSpread,DoorMaster,3.090000,D,S,303360.000000
Sun Aug 16 10:46:43 2015,16-Aug-2015,134645,47 54.541500 N,065 31.614900 W,2.0,101.8,A,Primary,Headline,3.081633,D,S,192372.000000
Sun Aug 16 10:46:43 2015,16-Aug-2015,134646,47 54.541300 N,065 31.613900 W,2.1,101.4,A,Primary,Headline,3.081633,D,S,192372.000000
Sun Aug 16 10:46:43 2015,16-Aug-2015,134647,47 54.541200 N,065 31.612800 W,2.2,101.1,A,Primary,Headline,3.081633,D,S,192372.000000
Sun Aug 16 10:46:43 2015,16-Aug-2015,134648,47 54.541100 N,065 31.611600 W,2.4,100.5,A,Primary,Headline,3.081633,D,S,192372.000000
Sun Aug 16 10:46:48 2015,16-Aug-2015,134649,47 54.541000 N,065 31.610100 W,2.6,99.7,A,DoorSpread,DoorMaster,3.160000,D,S,320098.000000
Sun Aug 16 10:46:48 2015,16-Aug-2015,134650,47 54.540800 N,065 31.608600 W,2.8,98.9,A,Primary,Headline,4.510204,D,S,84286.000000
Sun Aug 16 10:46:48 2015,16-Aug-2015,134651,47 54.540700 N,065 31.606900 W,3.0,98.3,A,Primary,Headline,4.510204,D,S,84286.000000
Sun Aug 16 10:46:50 2015,16-Aug-2015,134652,47 54.540600 N,065 31.605200 W,3.2,97.6,A,Depth,Depth,22.037037,D,S,72294.000000
Sun Aug 16 10:46:50 2015,16-Aug-2015,134653,47 54.540500 N,065 31.603300 W,3.4,96.9,A,Depth,Depth,22.037037,D,S,72294.000000
Sun Aug 16 10:46:50 2015,16-Aug-2015,134654,47 54.540400 N,065 31.601300 W,3.7,96.3,A,Depth,Depth,22.037037,D,S,72294.000000
Sun Aug 16 10:46:53 2015,16-Aug-2015,134655,47 54.540300 N,065 31.599300 W,3.9,95.7,A,DoorSpread,DoorMaster,0.000000,E,S,168130.000000
Sun Aug 16 10:46:54 2015,16-Aug-2015,134656,47 54.540200 N,065 31.597200 W,4.1,95.2,A,Primary,Headline,35.367347,D,S,112850.000000
Sun Aug 16 10:46:54 2015,16-Aug-2015,134657,47 54.540200 N,065 31.595100 W,4.3,94.6,A,Primary,Headline,35.367347,D,S,112850.000000
Sun Aug 16 10:46:54 2015,16-Aug-2015,134658,47 54.540200 N,065 31.592800 W,4.4,93.9,A,Primary,Headline,35.367347,D,S,112850.000000
Sun Aug 16 10:46:57 2015,16-Aug-2015,134659,47 54.540100 N,065 31.590600 W,4.6,93.4,A,Depth,Depth,15.555556,D,S,54288.000000
Sun Aug 16 10:46:58 2015,16-Aug-2015,134700,47 54.540100 N,065 31.588300 W,4.8,93.0,A,DoorSpread,DoorMaster,0.000000,E,S,228392.000000
Sun Aug 16 10:46:59 2015,16-Aug-2015,134701,47 54.540000 N,065 31.585900 W,4.9,92.8,A,Primary,Headline,3.408163,D,S,102148.000000
Sun Aug 16 10:46:59 2015,16-Aug-2015,134702,47 54.540000 N,065 31.583600 W,5.0,92.6,A,Primary,Headline,3.408163,D,S,102148.000000
Sun Aug 16 10:46:59 2015,16-Aug-2015,134703,47 54.539900 N,065 31.581200 W,5.1,92.5,A,Primary,Headline,3.408163,D,S,102148.000000
Sun Aug 16 10:46:59 2015,16-Aug-2015,134704,47 54.539800 N,065 31.578700 W,5.3,92.4,A,Primary,Headline,3.408163,D,S,102148.000000
Sun Aug 16 10:47:03 2015,16-Aug-2015,134705,47 54.539700 N,065 31.576200 W,5.4,92.5,A,DoorSpread,DoorMaster,0.000000,E,S,105783.000000
Sun Aug 16 10:47:04 2015,16-Aug-2015,134706,47 54.539700 N,065 31.573600 W,5.5,92.4,A,Depth,Depth,14.074074,D,S,98041.000000
Sun Aug 16 10:47:04 2015,16-Aug-2015,134707,47 54.539600 N,065 31.571000 W,5.7,92.4,A,Depth,Depth,14.074074,D,S,98041.000000
Sun Aug 16 10:47:04 2015,16-Aug-2015,134708,47 54.539500 N,065 31.568400 W,5.8,92.3,A,Depth,Depth,14.074074,D,S,98041.000000
Sun Aug 16 10:47:04 2015,16-Aug-2015,134709,47 54.539500 N,065 31.565600 W,5.9,92.3,A,Depth,Depth,14.074074,D,S,98041.000000
Sun Aug 16 10:47:08 2015,16-Aug-2015,134710,47 54.539400 N,065 31.562900 W,6.0,92.3,A,DoorSpread,DoorMaster,3.670000,D,S,88771.000000
Sun Aug 16 10:47:09 2015,16-Aug-2015,134711,47 54.539300 N,065 31.560100 W,6.1,92.2,A,Primary,Headline,4.428571,D,S,94050.000000
Sun Aug 16 10:47:09 2015,16-Aug-2015,134712,47 54.539200 N,065 31.557300 W,6.2,92.3,A,Primary,Headline,4.428571,D,S,94050.000000
Sun Aug 16 10:47:11 2015,16-Aug-2015,134713,47 54.539200 N,065 31.554600 W,6.3,92.3,A,Depth,Depth,17.129630,D,S,59721.000000
Sun Aug 16 10:47:11 2015,16-Aug-2015,134714,47 54.539100 N,065 31.551800 W,6.3,92.3,A,Depth,Depth,17.129630,D,S,59721.000000
Sun Aug 16 10:47:11 2015,16-Aug-2015,134715,47 54.539100 N,065 31.549000 W,6.4,92.2,A,Depth,Depth,17.129630,D,S,59721.000000
Sun Aug 16 10:47:14 2015,16-Aug-2015,134716,47 54.539000 N,065 31.546300 W,6.5,92.2,A,Primary,Headline,3.734694,D,S,67536.000000
Sun Aug 16 10:47:14 2015,16-Aug-2015,134717,47 54.539000 N,065 31.543500 W,6.5,92.0,A,Primary,Headline,3.734694,D,S,67536.000000
Sun Aug 16 10:47:14 2015,16-Aug-2015,134718,47 54.539000 N,065 31.540700 W,6.5,91.7,A,Primary,Headline,3.734694,D,S,67536.000000
Sun Aug 16 10:47:14 2015,16-Aug-2015,134719,47 54.539100 N,065 31.537900 W,6.6,91.4,A,Primary,Headline,3.734694,D,S,67536.000000
Sun Aug 16 10:47:18 2015,16-Aug-2015,134720,47 54.539100 N,065 31.535100 W,6.6,91.1,A,Depth,Depth,8.888889,D,S,79240.000000
Sun Aug 16 10:47:19 2015,16-Aug-2015,134721,47 54.539100 N,065 31.532300 W,6.6,90.6,A,DoorSpread,DoorMaster,3.830000,D,S,86322.000000
Sun Aug 16 10:47:19 2015,16-Aug-2015,134722,47 54.539200 N,065 31.529500 W,6.6,90.2,A,DoorSpread,DoorMaster,3.830000,D,S,86322.000000
Sun Aug 16 10:47:19 2015,16-Aug-2015,134723,47 54.539300 N,065 31.526700 W,6.7,89.9,A,DoorSpread,DoorMaster,3.830000,D,S,86322.000000
Sun Aug 16 10:47:19 2015,16-Aug-2015,134724,47 54.539300 N,065 31.523900 W,6.7,89.7,A,DoorSpread,DoorMaster,3.830000,D,S,86322.000000
Sun Aug 16 10:47:19 2015,16-Aug-2015,134725,47 54.539400 N,065 31.521100 W,6.7,89.5,A,DoorSpread,DoorMaster,3.830000,D,S,86322.000000
Sun Aug 16 10:47:25 2015,16-Aug-2015,134726,47 54.539500 N,065 31.518300 W,6.7,89.4,A,DoorSpread,DoorMaster,5.055000,D,S,76348.000000
Sun Aug 16 10:47:26 2015,16-Aug-2015,134727,47 54.539500 N,065 31.515500 W,6.7,89.2,A,Depth,Depth,15.555556,D,S,63911.000000
Sun Aug 16 10:47:26 2015,16-Aug-2015,134728,47 54.539500 N,065 31.512600 W,6.7,89.3,A,Depth,Depth,15.555556,D,S,63911.000000
Sun Aug 16 10:47:26 2015,16-Aug-2015,134729,47 54.539500 N,065 31.509800 W,6.7,89.4,A,Depth,Depth,15.555556,D,S,63911.000000
Sun Aug 16 10:47:26 2015,16-Aug-2015,134730,47 54.539500 N,065 31.507000 W,6.7,89.5,A,Depth,Depth,15.555556,D,S,63911.000000
Sun Aug 16 10:47:26 2015,16-Aug-2015,134731,47 54.539500 N,065 31.504100 W,6.8,89.6,A,Depth,Depth,15.555556,D,S,63911.000000
Sun Aug 16 10:47:30 2015,16-Aug-2015,134732,47 54.539400 N,065 31.501300 W,6.8,89.7,A,DoorSpread,DoorMaster,4.765000,D,S,62072.000000
Sun Aug 16 10:47:30 2015,16-Aug-2015,134733,47 54.539400 N,065 31.498400 W,6.8,89.8,A,DoorSpread,DoorMaster,4.765000,D,S,62072.000000
Sun Aug 16 10:47:33 2015,16-Aug-2015,134734,47 54.539400 N,065 31.495600 W,6.8,89.9,A,Depth,Depth,11.203704,D,S,55023.000000
Sun Aug 16 10:47:33 2015,16-Aug-2015,134735,47 54.539400 N,065 31.492800 W,6.8,90.0,A,Depth,Depth,11.203704,D,S,55023.000000
Sun Aug 16 10:47:33 2015,16-Aug-2015,134736,47 54.539300 N,065 31.490100 W,6.8,90.2,A,Depth,Depth,11.203704,D,S,55023.000000
Sun Aug 16 10:47:36 2015,16-Aug-2015,134737,47 54.539300 N,065 31.487300 W,6.7,90.2,A,DoorSpread,DoorMaster,4.825000,D,S,65447.000000
Sun Aug 16 10:47:36 2015,16-Aug-2015,134738,47 54.539400 N,065 31.484600 W,6.7,90.1,A,DoorSpread,DoorMaster,4.825000,D,S,65447.000000
Sun Aug 16 10:47:36 2015,16-Aug-2015,134739,47 54.539400 N,065 31.481900 W,6.7,90.1,A,DoorSpread,DoorMaster,4.825000,D,S,65447.000000
Sun Aug 16 10:47:36 2015,16-Aug-2015,134740,47 54.539400 N,065 31.479200 W,6.7,89.9,A,DoorSpread,DoorMaster,4.825000,D,S,65447.000000
Sun Aug 16 10:47:40 2015,16-Aug-2015,134741,47 54.539400 N,065 31.476500 W,6.6,89.8,A,Depth,Depth,12.500000,D,S,44860.000000
Sun Aug 16 10:47:41 2015,16-Aug-2015,134742,47 54.539400 N,065 31.473800 W,6.6,89.8,A,Primary,Headline,4.959184,D,S,33814.000000
Sun Aug 16 10:47:41 2015,16-Aug-2015,134743,47 54.539300 N,065 31.471200 W,6.6,89.7,A,DoorSpread,DoorMaster,5.565000,D,S,72787.000000
Sun Aug 16 10:47:41 2015,16-Aug-2015,134744,47 54.539300 N,065 31.468500 W,6.6,89.8,A,DoorSpread,DoorMaster,5.565000,D,S,72787.000000
Sun Aug 16 10:47:41 2015,16-Aug-2015,134745,47 54.539300 N,065 31.465800 W,6.5,89.9,A,DoorSpread,DoorMaster,5.565000,D,S,72787.000000
Sun Aug 16 10:47:41 2015,16-Aug-2015,134746,47 54.539300 N,065 31.463200 W,6.5,90.0,A,DoorSpread,DoorMaster,5.565000,D,S,72787.000000
Sun Aug 16 10:47:46 2015,16-Aug-2015,134747,47 54.539300 N,065 31.460500 W,6.5,90.0,A,Primary,Headline,1.816327,D,S,82922.000000
Sun Aug 16 10:47:47 2015,16-Aug-2015,134748,47 54.539300 N,065 31.457900 W,6.5,90.2,A,Depth,Depth,15.370370,D,S,54911.000000
Sun Aug 16 10:47:47 2015,16-Aug-2015,134749,47 54.539300 N,065 31.455300 W,6.4,90.3,A,DoorSpread,DoorMaster,6.555000,D,S,103439.000000
Sun Aug 16 10:47:47 2015,16-Aug-2015,134750,47 54.539300 N,065 31.452700 W,6.4,90.5,A,DoorSpread,DoorMaster,6.555000,D,S,103439.000000
Sun Aug 16 10:47:47 2015,16-Aug-2015,134751,47 54.539200 N,065 31.450000 W,6.4,90.7,A,DoorSpread,DoorMaster,6.555000,D,S,103439.000000
Sun Aug 16 10:47:47 2015,16-Aug-2015,134752,47 54.539200 N,065 31.447400 W,6.4,90.8,A,DoorSpread,DoorMaster,6.555000,D,S,103439.000000
Sun Aug 16 10:47:51 2015,16-Aug-2015,134753,47 54.539200 N,065 31.444900 W,6.4,90.9,A,Primary,Headline,39.081633,D,S,62983.000000
Sun Aug 16 10:47:52 2015,16-Aug-2015,134754,47 54.539100 N,065 31.442200 W,6.3,90.9,A,DoorSpread,DoorMaster,0.000000,E,S,75339.000000
Sun Aug 16 10:47:54 2015,16-Aug-2015,134755,47 54.539100 N,065 31.439700 W,6.3,90.9,A,Depth,Depth,21.018519,D,S,48508.000000
Sun Aug 16 10:47:54 2015,16-Aug-2015,134756,47 54.539100 N,065 31.437000 W,6.3,90.8,A,Depth,Depth,21.018519,D,S,48508.000000
Sun Aug 16 10:47:54 2015,16-Aug-2015,134757,47 54.539100 N,065 31.434500 W,6.3,90.8,A,Depth,Depth,21.018519,D,S,48508.000000
Sun Aug 16 10:47:56 2015,16-Aug-2015,134758,47 54.539100 N,065 31.431900 W,6.3,90.8,A,Primary,Headline,1.938776,D,S,82590.000000
Sun Aug 16 10:47:58 2015,16-Aug-2015,134759,47 54.539200 N,065 31.429400 W,6.3,90.8,A,DoorSpread,DoorMaster,6.960000,D,S,71323.000000
Sun Aug 16 10:47:58 2015,16-Aug-2015,134800,47 54.539100 N,065 31.426800 W,6.3,90.8,A,DoorSpread,DoorMaster,6.960000,D,S,71323.000000
Sun Aug 16 10:47:58 2015,16-Aug-2015,134801,47 54.539200 N,065 31.424300 W,6.3,90.8,A,DoorSpread,DoorMaster,6.960000,D,S,71323.000000
Sun Aug 16 10:47:58 2015,16-Aug-2015,134802,47 54.539200 N,065 31.421700 W,6.2,90.8,A,DoorSpread,DoorMaster,6.960000,D,S,71323.000000
Sun Aug 16 10:48:01 2015,16-Aug-2015,134803,47 54.539200 N,065 31.419200 W,6.2,90.8,A,Primary,Headline,4.530612,D,S,60223.000000
Sun Aug 16 10:48:01 2015,16-Aug-2015,134804,47 54.539200 N,065 31.416700 W,6.2,90.8,A,Primary,Headline,4.530612,D,S,60223.000000
Sun Aug 16 10:48:01 2015,16-Aug-2015,134805,47 54.539200 N,065 31.414200 W,6.2,90.7,A,Primary,Headline,4.530612,D,S,60223.000000
Sun Aug 16 10:48:01 2015,16-Aug-2015,134806,47 54.539200 N,065 31.411700 W,6.2,90.7,A,Primary,Headline,4.530612,D,S,60223.000000
Sun Aug 16 10:48:01 2015,16-Aug-2015,134807,47 54.539200 N,065 31.409100 W,6.2,90.7,A,Primary,Headline,4.530612,D,S,60223.000000
Sun Aug 16 10:48:06 2015,16-Aug-2015,134808,47 54.539200 N,065 31.406600 W,6.2,90.7,A,Primary,Headline,2.265306,D,S,60006.000000
Sun Aug 16 10:48:08 2015,16-Aug-2015,134809,47 54.539100 N,065 31.404000 W,6.2,90.7,A,Depth,Depth,10.092593,D,S,24556.000000
Sun Aug 16 10:48:08 2015,16-Aug-2015,134810,47 54.539100 N,065 31.401500 W,6.1,90.6,A,DoorSpread,DoorMaster,6.570000,D,S,66891.000000
Sun Aug 16 10:48:08 2015,16-Aug-2015,134811,47 54.539200 N,065 31.399000 W,6.1,90.5,A,DoorSpread,DoorMaster,6.570000,D,S,66891.000000
Sun Aug 16 10:48:08 2015,16-Aug-2015,134812,47 54.539200 N,065 31.396600 W,6.1,90.4,A,DoorSpread,DoorMaster,6.570000,D,S,66891.000000
Sun Aug 16 10:48:12 2015,16-Aug-2015,134813,47 54.539200 N,065 31.394100 W,6.1,90.3,A,Primary,Headline,1.591837,D,S,116732.000000
Sun Aug 16 10:48:12 2015,16-Aug-2015,134814,47 54.539300 N,065 31.391700 W,6.1,90.0,A,Primary,Headline,1.591837,D,S,116732.000000
Sun Aug 16 10:48:12 2015,16-Aug-2015,134815,47 54.539400 N,065 31.389200 W,6.0,89.9,A,Primary,Headline,1.591837,D,S,116732.000000
Sun Aug 16 10:48:14 2015,16-Aug-2015,134816,47 54.539500 N,065 31.386700 W,6.0,89.7,A,DoorSpread,DoorMaster,7.015000,D,S,84449.000000
Sun Aug 16 10:48:15 2015,16-Aug-2015,134817,47 54.539500 N,065 31.384300 W,6.0,89.4,A,Depth,Depth,23.703704,D,S,33568.000000
Sun Aug 16 10:48:17 2015,16-Aug-2015,134818,47 54.539600 N,065 31.381900 W,6.0,89.1,A,Primary,Headline,4.061224,D,S,96820.000000
Sun Aug 16 10:48:17 2015,16-Aug-2015,134819,47 54.539700 N,065 31.379500 W,6.0,88.8,A,Primary,Headline,4.061224,D,S,96820.000000
Sun Aug 16 10:48:17 2015,16-Aug-2015,134820,47 54.539900 N,065 31.377100 W,6.0,88.5,A,Primary,Headline,4.061224,D,S,96820.000000
Sun Aug 16 10:48:20 2015,16-Aug-2015,134821,47 54.540000 N,065 31.374700 W,5.9,88.1,A,DoorSpread,DoorMaster,7.170000,D,S,44169.000000
Sun Aug 16 10:48:20 2015,16-Aug-2015,134822,47 54.540100 N,065 31.372300 W,5.9,87.8,A,DoorSpread,DoorMaster,7.170000,D,S,44169.000000
Sun Aug 16 10:48:22 2015,16-Aug-2015,134823,47 54.540200 N,065 31.369900 W,5.9,87.6,A,Primary,Headline,2.775510,D,S,44718.000000
Sun Aug 16 10:48:22 2015,16-Aug-2015,134824,47 54.540300 N,065 31.367500 W,5.9,87.5,A,Depth,Depth,21.018519,D,S,50553.000000
Sun Aug 16 10:48:22 2015,16-Aug-2015,134825,47 54.540400 N,065 31.365000 W,5.9,87.4,A,Depth,Depth,21.018519,D,S,50553.000000
Sun Aug 16 10:48:25 2015,16-Aug-2015,134826,47 54.540500 N,065 31.362600 W,5.9,87.3,A,DoorSpread,DoorMaster,0.000000,E,S,96368.000000
Sun Aug 16 10:48:25 2015,16-Aug-2015,134827,47 54.540600 N,065 31.360200 W,5.9,87.1,A,DoorSpread,DoorMaster,0.000000,E,S,96368.000000
Sun Aug 16 10:48:27 2015,16-Aug-2015,134828,47 54.540700 N,065 31.357800 W,5.9,87.0,A,Primary,Headline,3.551020,D,S,59217.000000
Sun Aug 16 10:48:27 2015,16-Aug-2015,134829,47 54.540800 N,065 31.355400 W,5.9,86.9,A,Primary,Headline,3.551020,D,S,59217.000000
Sun Aug 16 10:48:27 2015,16-Aug-2015,134830,47 54.540900 N,065 31.353000 W,5.9,86.8,A,Primary,Headline,3.551020,D,S,59217.000000
Sun Aug 16 10:48:27 2015,16-Aug-2015,134831,47 54.541000 N,065 31.350600 W,5.9,86.7,A,Primary,Headline,3.551020,D,S,59217.000000
Sun Aug 16 10:48:30 2015,16-Aug-2015,134832,47 54.541200 N,065 31.348100 W,5.9,86.6,A,DoorSpread,DoorMaster,7.905000,D,S,63460.000000
Sun Aug 16 10:48:32 2015,16-Aug-2015,134833,47 54.541300 N,065 31.345700 W,5.9,86.6,A,Primary,Headline,2.244898,D,S,74081.000000
Sun Aug 16 10:48:32 2015,16-Aug-2015,134834,47 54.541300 N,065 31.343400 W,5.8,86.6,A,Primary,Headline,2.244898,D,S,74081.000000
Sun Aug 16 10:48:32 2015,16-Aug-2015,134835,47 54.541400 N,065 31.341100 W,5.8,86.5,A,Primary,Headline,2.244898,D,S,74081.000000
Sun Aug 16 10:48:32 2015,16-Aug-2015,134836,47 54.541400 N,065 31.338800 W,5.8,86.5,A,Primary,Headline,2.244898,D,S,74081.000000
Sun Aug 16 10:48:35 2015,16-Aug-2015,134837,47 54.541400 N,065 31.336600 W,5.7,86.6,A,DoorSpread,DoorMaster,0.000000,E,S,79390.000000
Sun Aug 16 10:48:37 2015,16-Aug-2015,134838,47 54.541400 N,065 31.334500 W,5.6,86.7,A,Primary,Headline,4.061224,D,S,98241.000000
Sun Aug 16 10:48:37 2015,16-Aug-2015,134839,47 54.541400 N,065 31.332500 W,5.5,86.9,A,Primary,Headline,4.061224,D,S,98241.000000
Sun Aug 16 10:48:37 2015,16-Aug-2015,134840,47 54.541400 N,065 31.330600 W,5.3,87.1,A,Primary,Headline,4.061224,D,S,98241.000000
Sun Aug 16 10:48:37 2015,16-Aug-2015,134841,47 54.541400 N,065 31.328800 W,5.2,87.3,A,Primary,Headline,4.061224,D,S,98241.000000
Sun Aug 16 10:48:37 2015,16-Aug-2015,134842,47 54.541400 N,065 31.327100 W,5.0,87.6,A,Primary,Headline,4.061224,D,S,98241.000000
Sun Aug 16 10:48:41 2015,16-Aug-2015,134843,47 54.541400 N,065 31.325400 W,4.9,87.9,A,DoorSpread,DoorMaster,6.380000,D,S,59046.000000
Sun Aug 16 10:48:42 2015,16-Aug-2015,134844,47 54.541400 N,065 31.323800 W,4.7,88.2,A,Primary,Headline,24.489796,D,S,71444.000000
Sun Aug 16 10:48:43 2015,16-Aug-2015,134845,47 54.541400 N,065 31.322400 W,4.5,88.5,A,Depth,Depth,14.351852,D,S,48417.000000
Sun Aug 16 10:48:43 2015,16-Aug-2015,134846,47 54.541300 N,065 31.320900 W,4.4,89.0,A,Depth,Depth,14.351852,D,S,48417.000000
Sun Aug 16 10:48:43 2015,16-Aug-2015,134847,47 54.541300 N,065 31.319500 W,4.2,89.3,A,Depth,Depth,14.351852,D,S,48417.000000
Sun Aug 16 10:48:47 2015,16-Aug-2015,134848,47 54.541300 N,065 31.318200 W,4.1,89.7,A,DoorSpread,DoorMaster,6.110000,D,S,50709.000000
Sun Aug 16 10:48:47 2015,16-Aug-2015,134849,47 54.541300 N,065 31.316900 W,3.9,90.2,A,Primary,Headline,3.653061,D,S,67849.000000
Sun Aug 16 10:48:47 2015,16-Aug-2015,134850,47 54.541200 N,065 31.315700 W,3.8,90.7,A,Primary,Headline,3.653061,D,S,67849.000000
Sun Aug 16 10:48:47 2015,16-Aug-2015,134851,47 54.541100 N,065 31.314500 W,3.6,91.1,A,Primary,Headline,3.653061,D,S,67849.000000
Sun Aug 16 10:48:50 2015,16-Aug-2015,134852,47 54.541100 N,065 31.313400 W,3.5,91.6,A,Depth,Depth,28.148148,D,S,35112.000000
Sun Aug 16 10:48:52 2015,16-Aug-2015,134853,47 54.541000 N,065 31.312300 W,3.4,92.0,A,DoorSpread,DoorMaster,0.000000,E,S,100728.000000
Sun Aug 16 10:48:53 2015,16-Aug-2015,134854,47 54.541000 N,065 31.311200 W,3.3,92.5,A,Primary,Headline,26.244898,D,S,64494.000000
Sun Aug 16 10:48:53 2015,16-Aug-2015,134855,47 54.540900 N,065 31.310100 W,3.2,92.9,A,Primary,Headline,26.244898,D,S,64494.000000
Sun Aug 16 10:48:53 2015,16-Aug-2015,134856,47 54.540800 N,065 31.309100 W,3.1,93.4,A,Primary,Headline,26.244898,D,S,64494.000000
Sun Aug 16 10:48:53 2015,16-Aug-2015,134857,47 54.540700 N,065 31.308000 W,3.0,93.9,A,Primary,Headline,26.244898,D,S,64494.000000
Sun Aug 16 10:48:53 2015,16-Aug-2015,134858,47 54.540700 N,065 31.307100 W,2.9,94.2,A,Primary,Headline,26.244898,D,S,64494.000000
Sun Aug 16 10:48:58 2015,16-Aug-2015,134859,47 54.540600 N,065 31.306100 W,2.8,94.6,A,Depth,Depth,40.555556,D,S,26553.000000
Sun Aug 16 10:48:58 2015,16-Aug-2015,134900,47 54.540600 N,065 31.305200 W,2.7,95.0,A,Primary,Headline,19.918367,D,S,78885.000000
Sun Aug 16 10:48:58 2015,16-Aug-2015,134901,47 54.540500 N,065 31.304300 W,2.7,95.4,A,Primary,Headline,19.918367,D,S,78885.000000
Sun Aug 16 10:48:58 2015,16-Aug-2015,134902,47 54.540400 N,065 31.303400 W,2.6,95.7,A,Primary,Headline,19.918367,D,S,78885.000000
Sun Aug 16 10:48:58 2015,16-Aug-2015,134903,47 54.540300 N,065 31.302500 W,2.5,96.0,A,Primary,Headline,19.918367,D,S,78885.000000
Sun Aug 16 10:48:58 2015,16-Aug-2015,134904,47 54.540200 N,065 31.301700 W,2.5,96.5,A,Primary,Headline,19.918367,D,S,78885.000000
Sun Aug 16 10:49:03 2015,16-Aug-2015,134905,47 54.540200 N,065 31.300800 W,2.4,96.9,A,Primary,Headline,6.877551,D,S,83924.000000
Sun Aug 16 10:49:05 2015,16-Aug-2015,134906,47 54.540100 N,065 31.299900 W,2.4,97.3,A,Depth,Depth,20.740741,D,S,59175.000000
Sun Aug 16 10:49:05 2015,16-Aug-2015,134907,47 54.540000 N,065 31.299100 W,2.3,97.8,A,Depth,Depth,20.740741,D,S,59175.000000
Sun Aug 16 10:49:05 2015,16-Aug-2015,134908,47 54.539900 N,065 31.298300 W,2.3,98.2,A,Depth,Depth,20.740741,D,S,59175.000000
Sun Aug 16 10:49:05 2015,16-Aug-2015,134909,47 54.539800 N,065 31.297500 W,2.2,98.5,A,Depth,Depth,20.740741,D,S,59175.000000
Sun Aug 16 10:49:08 2015,16-Aug-2015,134910,47 54.539700 N,065 31.296700 W,2.2,98.8,A,DoorSpread,DoorMaster,6.595000,D,S,34588.000000
Sun Aug 16 10:49:08 2015,16-Aug-2015,134911,47 54.539700 N,065 31.295900 W,2.2,99.0,A,DoorSpread,DoorMaster,6.595000,D,S,34588.000000
Sun Aug 16 10:49:08 2015,16-Aug-2015,134912,47 54.539600 N,065 31.295200 W,2.1,99.1,A,DoorSpread,DoorMaster,6.595000,D,S,34588.000000
Sun Aug 16 10:49:12 2015,16-Aug-2015,134913,47 54.539500 N,065 31.294400 W,2.1,99.5,A,Depth,Depth,25.833333,D,S,39587.000000
Sun Aug 16 10:49:12 2015,16-Aug-2015,134914,47 54.539300 N,065 31.293600 W,2.1,100.0,A,Depth,Depth,25.833333,D,S,39587.000000
Sun Aug 16 10:49:14 2015,16-Aug-2015,134915,47 54.539300 N,065 31.292900 W,2.0,100.2,A,Primary,Headline,18.489796,D,S,109129.000000
Sun Aug 16 10:49:14 2015,16-Aug-2015,134916,47 54.539100 N,065 31.292100 W,2.0,100.3,A,DoorSpread,DoorMaster,5.455000,D,S,75478.000000
Sun Aug 16 10:49:14 2015,16-Aug-2015,134917,47 54.539100 N,065 31.291400 W,2.0,100.4,A,DoorSpread,DoorMaster,5.455000,D,S,75478.000000
Sun Aug 16 10:49:14 2015,16-Aug-2015,134918,47 54.538900 N,065 31.290600 W,2.0,100.5,A,DoorSpread,DoorMaster,5.455000,D,S,75478.000000
Sun Aug 16 10:49:14 2015,16-Aug-2015,134919,47 54.538800 N,065 31.289900 W,1.9,100.5,A,DoorSpread,DoorMaster,5.455000,D,S,75478.000000
Sun Aug 16 10:49:14 2015,16-Aug-2015,134920,47 54.538800 N,065 31.289100 W,1.9,100.5,A,DoorSpread,DoorMaster,5.455000,D,S,75478.000000
Sun Aug 16 10:49:20 2015,16-Aug-2015,134921,47 54.538700 N,065 31.288400 W,1.9,100.4,A,DoorSpread,DoorMaster,4.880000,D,S,95394.000000
Sun Aug 16 10:49:20 2015,16-Aug-2015,134922,47 54.538600 N,065 31.287700 W,1.9,100.4,A,DoorSpread,DoorMaster,4.880000,D,S,95394.000000
Sun Aug 16 10:49:20 2015,16-Aug-2015,134923,47 54.538500 N,065 31.287000 W,1.9,100.6,A,DoorSpread,DoorMaster,4.880000,D,S,95394.000000
Sun Aug 16 10:49:20 2015,16-Aug-2015,134924,47 54.538400 N,065 31.286300 W,1.9,100.6,A,DoorSpread,DoorMaster,4.880000,D,S,95394.000000
Sun Aug 16 10:49:20 2015,16-Aug-2015,134925,47 54.538300 N,065 31.285500 W,1.9,100.9,A,DoorSpread,DoorMaster,4.880000,D,S,95394.000000
Sun Aug 16 10:49:24 2015,16-Aug-2015,134926,47 54.538200 N,065 31.284800 W,1.9,100.9,A,Primary,Headline,14.408163,D,S,86745.000000
Sun Aug 16 10:49:25 2015,16-Aug-2015,134927,47 54.538100 N,065 31.284000 W,1.9,100.8,A,DoorSpread,DoorMaster,5.380000,D,S,46750.000000
Sun Aug 16 10:49:25 2015,16-Aug-2015,134928,47 54.538000 N,065 31.283200 W,1.9,100.6,A,DoorSpread,DoorMaster,5.380000,D,S,46750.000000
Sun Aug 16 10:49:25 2015,16-Aug-2015,134929,47 54.537900 N,065 31.282400 W,1.9,100.6,A,DoorSpread,DoorMaster,5.380000,D,S,46750.000000
Sun Aug 16 10:49:25 2015,16-Aug-2015,134930,47 54.537800 N,065 31.281600 W,1.9,100.3,A,DoorSpread,DoorMaster,5.380000,D,S,46750.000000
Sun Aug 16 10:49:29 2015,16-Aug-2015,134931,47 54.537700 N,065 31.280700 W,2.0,100.1,A,Primary,Headline,3.857143,D,S,82487.000000
Sun Aug 16 10:49:31 2015,16-Aug-2015,134932,47 54.537700 N,065 31.279900 W,2.0,99.8,A,DoorSpread,DoorMaster,4.750000,D,S,68183.000000
Sun Aug 16 10:49:31 2015,16-Aug-2015,134933,47 54.537600 N,065 31.279000 W,2.0,99.6,A,DoorSpread,DoorMaster,4.750000,D,S,68183.000000
Sun Aug 16 10:49:31 2015,16-Aug-2015,134934,47 54.537500 N,065 31.278100 W,2.0,99.5,A,DoorSpread,DoorMaster,4.750000,D,S,68183.000000
Sun Aug 16 10:49:31 2015,16-Aug-2015,134935,47 54.537300 N,065 31.277200 W,2.1,99.3,A,DoorSpread,DoorMaster,4.750000,D,S,68183.000000
Sun Aug 16 10:49:34 2015,16-Aug-2015,134936,47 54.537300 N,065 31.276300 W,2.1,99.0,A,Primary,Headline,10.448980,D,S,98269.000000
Sun Aug 16 10:49:34 2015,16-Aug-2015,134937,47 54.537200 N,065 31.275400 W,2.1,98.9,A,Primary,Headline,10.448980,D,S,98269.000000
Sun Aug 16 10:49:36 2015,16-Aug-2015,134938,47 54.537100 N,065 31.274500 W,2.1,98.8,A,DoorSpread,DoorMaster,5.325000,D,S,34213.000000
Sun Aug 16 10:49:36 2015,16-Aug-2015,134939,47 54.537000 N,065 31.273600 W,2.2,98.5,A,DoorSpread,DoorMaster,5.325000,D,S,34213.000000
Sun Aug 16 10:49:36 2015,16-Aug-2015,134940,47 54.536900 N,065 31.272600 W,2.2,98.3,A,DoorSpread,DoorMaster,5.325000,D,S,34213.000000
Sun Aug 16 10:49:40 2015,16-Aug-2015,134941,47 54.536800 N,065 31.271700 W,2.2,98.3,A,Primary,Headline,8.979592,D,S,85472.000000
Sun Aug 16 10:49:40 2015,16-Aug-2015,134942,47 54.536700 N,065 31.270700 W,2.2,98.1,A,Depth,Depth,46.296296,D,S,46801.000000
Sun Aug 16 10:49:42 2015,16-Aug-2015,134943,47 54.536600 N,065 31.269800 W,2.3,98.0,A,DoorSpread,DoorMaster,5.285000,D,S,152365.000000
Sun Aug 16 10:49:42 2015,16-Aug-2015,134944,47 54.536500 N,065 31.268800 W,2.3,98.1,A,DoorSpread,DoorMaster,5.285000,D,S,152365.000000
Sun Aug 16 10:49:42 2015,16-Aug-2015,134945,47 54.536400 N,065 31.267800 W,2.3,98.0,A,DoorSpread,DoorMaster,5.285000,D,S,152365.000000
Sun Aug 16 10:49:45 2015,16-Aug-2015,134946,47 54.536300 N,065 31.266900 W,2.3,98.0,A,Primary,Headline,6.081633,D,S,63011.000000
Sun Aug 16 10:49:45 2015,16-Aug-2015,134947,47 54.536200 N,065 31.266000 W,2.3,97.9,A,Primary,Headline,6.081633,D,S,63011.000000
Sun Aug 16 10:49:45 2015,16-Aug-2015,134948,47 54.536000 N,065 31.265100 W,2.3,97.9,A,Primary,Headline,6.081633,D,S,63011.000000
Sun Aug 16 10:49:48 2015,16-Aug-2015,134949,47 54.535900 N,065 31.264200 W,2.3,97.9,A,Depth,Depth,46.296296,D,S,56741.000000
Sun Aug 16 10:49:48 2015,16-Aug-2015,134950,47 54.535800 N,065 31.263200 W,2.3,98.0,A,Depth,Depth,46.296296,D,S,56741.000000
Sun Aug 16 10:49:50 2015,16-Aug-2015,134951,47 54.535700 N,065 31.262300 W,2.3,97.8,A,Primary,Headline,3.551020,D,S,93075.000000
Sun Aug 16 10:49:50 2015,16-Aug-2015,134952,47 54.535600 N,065 31.261400 W,2.3,97.9,A,Primary,Headline,3.551020,D,S,93075.000000
Sun Aug 16 10:49:50 2015,16-Aug-2015,134953,47 54.535500 N,065 31.260500 W,2.3,98.0,A,Primary,Headline,3.551020,D,S,93075.000000
Sun Aug 16 10:49:53 2015,16-Aug-2015,134954,47 54.535400 N,065 31.259600 W,2.2,98.2,A,DoorSpread,DoorMaster,6.055000,D,S,98525.000000
Sun Aug 16 10:49:53 2015,16-Aug-2015,134955,47 54.535300 N,065 31.258700 W,2.2,98.4,A,DoorSpread,DoorMaster,6.055000,D,S,98525.000000
Sun Aug 16 10:49:55 2015,16-Aug-2015,134956,47 54.535200 N,065 31.257800 W,2.2,98.5,A,Primary,Headline,4.938776,D,S,89659.000000
Sun Aug 16 10:49:55 2015,16-Aug-2015,134957,47 54.535100 N,065 31.257000 W,2.2,98.6,A,Primary,Headline,4.938776,D,S,89659.000000
Sun Aug 16 10:49:55 2015,16-Aug-2015,134958,47 54.535000 N,065 31.256100 W,2.2,98.6,A,Primary,Headline,4.938776,D,S,89659.000000
Sun Aug 16 10:49:55 2015,16-Aug-2015,134959,47 54.534900 N,065 31.255300 W,2.2,98.8,A,Primary,Headline,4.938776,D,S,89659.000000
Sun Aug 16 10:49:58 2015,16-Aug-2015,135000,47 54.534800 N,065 31.254400 W,2.2,99.3,A,DoorSpread,DoorMaster,5.475000,D,S,58091.000000
Sun Aug 16 10:50:00 2015,16-Aug-2015,135001,47 54.534600 N,065 31.253600 W,2.2,99.4,A,Primary,Headline,1.387755,D,S,78178.000000
Sun Aug 16 10:50:00 2015,16-Aug-2015,135002,47 54.534500 N,065 31.252700 W,2.1,99.6,A,Primary,Headline,1.387755,D,S,78178.000000
Sun Aug 16 10:50:00 2015,16-Aug-2015,135003,47 54.534400 N,065 31.251900 W,2.1,99.8,A,Primary,Headline,1.387755,D,S,78178.000000
Sun Aug 16 10:50:02 2015,16-Aug-2015,135004,47 54.534300 N,065 31.251000 W,2.1,99.9,A,Depth,Depth,47.962963,D,S,86489.000000
Sun Aug 16 10:50:03 2015,16-Aug-2015,135005,47 54.534200 N,065 31.250100 W,2.1,100.0,A,DoorSpread,DoorMaster,0.000000,E,S,64590.000000
Sun Aug 16 10:50:03 2015,16-Aug-2015,135006,47 54.534100 N,065 31.249300 W,2.1,100.2,A,DoorSpread,DoorMaster,0.000000,E,S,64590.000000
Sun Aug 16 10:50:05 2015,16-Aug-2015,135007,47 54.534000 N,065 31.248400 W,2.1,100.2,A,Primary,Headline,2.326531,D,S,188608.000000
Sun Aug 16 10:50:05 2015,16-Aug-2015,135008,47 54.533800 N,065 31.247600 W,2.1,100.2,A,Primary,Headline,2.326531,D,S,188608.000000
Sun Aug 16 10:50:05 2015,16-Aug-2015,135009,47 54.533700 N,065 31.246700 W,2.1,100.3,A,Primary,Headline,2.326531,D,S,188608.000000
Sun Aug 16 10:50:05 2015,16-Aug-2015,135010,47 54.533700 N,065 31.245800 W,2.1,100.1,A,Primary,Headline,2.326531,D,S,188608.000000
Sun Aug 16 10:50:09 2015,16-Aug-2015,135011,47 54.533600 N,065 31.244900 W,2.1,100.0,A,Depth,Depth,55.648148,D,S,44566.000000
Sun Aug 16 10:50:10 2015,16-Aug-2015,135012,47 54.533400 N,065 31.244000 W,2.2,100.0,A,Primary,Headline,2.081633,D,S,79190.000000
Sun Aug 16 10:50:10 2015,16-Aug-2015,135013,47 54.533300 N,065 31.243000 W,2.2,100.1,A,Primary,Headline,2.081633,D,S,79190.000000
Sun Aug 16 10:50:10 2015,16-Aug-2015,135014,47 54.533200 N,065 31.242100 W,2.2,100.0,A,Primary,Headline,2.081633,D,S,79190.000000
Sun Aug 16 10:50:10 2015,16-Aug-2015,135015,47 54.533100 N,065 31.241100 W,2.2,99.9,A,Primary,Headline,2.081633,D,S,79190.000000
Sun Aug 16 10:50:15 2015,16-Aug-2015,135016,47 54.533000 N,065 31.240200 W,2.2,99.6,A,DoorSpread,DoorMaster,7.930000,D,S,43007.000000
Sun Aug 16 10:50:15 2015,16-Aug-2015,135017,47 54.532900 N,065 31.239200 W,2.3,99.5,A,Primary,Headline,1.530612,D,S,119951.000000
Sun Aug 16 10:50:16 2015,16-Aug-2015,135018,47 54.532800 N,065 31.238200 W,2.3,99.7,A,Depth,Depth,43.240741,D,S,59845.000000
Sun Aug 16 10:50:16 2015,16-Aug-2015,135019,47 54.532700 N,065 31.237200 W,2.3,99.7,A,Depth,Depth,43.240741,D,S,59845.000000
Sun Aug 16 10:50:16 2015,16-Aug-2015,135020,47 54.532600 N,065 31.236200 W,2.3,99.8,A,Depth,Depth,43.240741,D,S,59845.000000
Sun Aug 16 10:50:20 2015,16-Aug-2015,135021,47 54.532500 N,065 31.235300 W,2.3,99.8,A,Primary,Headline,1.734694,D,S,108959.000000
Sun Aug 16 10:50:20 2015,16-Aug-2015,135022,47 54.532400 N,065 31.234300 W,2.3,99.7,A,DoorSpread,DoorMaster,6.690000,D,S,72582.000000
Sun Aug 16 10:50:20 2015,16-Aug-2015,135023,47 54.532300 N,065 31.233300 W,2.3,99.5,A,DoorSpread,DoorMaster,6.690000,D,S,72582.000000
Sun Aug 16 10:50:20 2015,16-Aug-2015,135024,47 54.532200 N,065 31.232300 W,2.3,99.3,A,DoorSpread,DoorMaster,6.690000,D,S,72582.000000
Sun Aug 16 10:50:23 2015,16-Aug-2015,135025,47 54.532100 N,065 31.231300 W,2.3,99.2,A,Depth,Depth,53.703704,D,S,67658.000000
Sun Aug 16 10:50:23 2015,16-Aug-2015,135026,47 54.532000 N,065 31.230400 W,2.3,99.2,A,Depth,Depth,53.703704,D,S,67658.000000
Sun Aug 16 10:50:25 2015,16-Aug-2015,135027,47 54.531900 N,065 31.229500 W,2.3,99.2,A,Primary,Headline,1.326531,D,S,110255.000000
Sun Aug 16 10:50:26 2015,16-Aug-2015,135028,47 54.531900 N,065 31.228600 W,2.3,99.1,A,DoorSpread,DoorMaster,8.020000,D,S,45834.000000
Sun Aug 16 10:50:26 2015,16-Aug-2015,135029,47 54.531800 N,065 31.227700 W,2.3,99.2,A,DoorSpread,DoorMaster,8.020000,D,S,45834.000000
Sun Aug 16 10:50:26 2015,16-Aug-2015,135030,47 54.531700 N,065 31.226800 W,2.3,99.2,A,DoorSpread,DoorMaster,8.020000,D,S,45834.000000
Sun Aug 16 10:50:26 2015,16-Aug-2015,135031,47 54.531600 N,065 31.226000 W,2.2,99.4,A,DoorSpread,DoorMaster,8.020000,D,S,45834.000000
Sun Aug 16 10:50:31 2015,16-Aug-2015,135032,47 54.531500 N,065 31.225100 W,2.2,99.7,A,Depth,Depth,46.018519,D,S,45062.000000
Sun Aug 16 10:50:32 2015,16-Aug-2015,135033,47 54.531400 N,065 31.224200 W,2.2,99.8,A,DoorSpread,DoorMaster,8.490000,D,S,59789.000000
Sun Aug 16 10:50:32 2015,16-Aug-2015,135034,47 54.531300 N,065 31.223400 W,2.2,99.6,A,DoorSpread,DoorMaster,8.490000,D,S,59789.000000
Sun Aug 16 10:50:32 2015,16-Aug-2015,135035,47 54.531200 N,065 31.222600 W,2.2,99.4,A,DoorSpread,DoorMaster,8.490000,D,S,59789.000000
Sun Aug 16 10:50:32 2015,16-Aug-2015,135036,47 54.531100 N,065 31.221700 W,2.2,99.6,A,DoorSpread,DoorMaster,8.490000,D,S,59789.000000
Sun Aug 16 10:50:35 2015,16-Aug-2015,135037,47 54.531000 N,065 31.220900 W,2.1,99.7,A,Primary,Headline,1.183673,D,S,94608.000000
Sun Aug 16 10:50:35 2015,16-Aug-2015,135038,47 54.530900 N,065 31.220100 W,2.1,99.8,A,Primary,Headline,1.183673,D,S,94608.000000
Sun Aug 16 10:50:38 2015,16-Aug-2015,135039,47 54.530800 N,065 31.219200 W,2.1,100.0,A,Depth,Depth,50.370370,D,S,53142.000000
Sun Aug 16 10:50:38 2015,16-Aug-2015,135040,47 54.530600 N,065 31.218400 W,2.1,100.2,A,Depth,Depth,50.370370,D,S,53142.000000
Sun Aug 16 10:50:38 2015,16-Aug-2015,135041,47 54.530500 N,065 31.217600 W,2.1,100.3,A,Depth,Depth,50.370370,D,S,53142.000000
Sun Aug 16 10:50:40 2015,16-Aug-2015,135042,47 54.530500 N,065 31.216700 W,2.1,100.2,A,Primary,Headline,1.591837,D,S,75167.000000
Sun Aug 16 10:50:40 2015,16-Aug-2015,135043,47 54.530400 N,065 31.215900 W,2.1,100.1,A,Primary,Headline,1.591837,D,S,75167.000000
Sun Aug 16 10:50:40 2015,16-Aug-2015,135044,47 54.530300 N,065 31.215100 W,2.1,100.2,A,Primary,Headline,1.591837,D,S,75167.000000
Sun Aug 16 10:50:40 2015,16-Aug-2015,135045,47 54.530100 N,065 31.214300 W,2.1,100.0,A,Primary,Headline,1.591837,D,S,75167.000000
Sun Aug 16 10:50:40 2015,16-Aug-2015,135046,47 54.530100 N,065 31.213400 W,2.1,100.0,A,Primary,Headline,1.591837,D,S,75167.000000
Sun Aug 16 10:50:45 2015,16-Aug-2015,135047,47 54.529900 N,065 31.212600 W,2.1,100.1,A,Primary,Headline,1.591837,D,S,83531.000000
Sun Aug 16 10:50:45 2015,16-Aug-2015,135048,47 54.529900 N,065 31.211700 W,2.1,99.8,A,Primary,Headline,1.591837,D,S,83531.000000
Sun Aug 16 10:50:45 2015,16-Aug-2015,135049,47 54.529800 N,065 31.210800 W,2.1,99.9,A,Primary,Headline,1.591837,D,S,83531.000000
Sun Aug 16 10:50:45 2015,16-Aug-2015,135050,47 54.529700 N,065 31.210000 W,2.1,100.1,A,Primary,Headline,1.591837,D,S,83531.000000
Sun Aug 16 10:50:45 2015,16-Aug-2015,135051,47 54.529600 N,065 31.209200 W,2.1,100.0,A,Primary,Headline,1.591837,D,S,83531.000000
Sun Aug 16 10:50:50 2015,16-Aug-2015,135052,47 54.529500 N,065 31.208300 W,2.1,99.9,A,Primary,Headline,1.326531,D,S,91185.000000
Sun Aug 16 10:50:50 2015,16-Aug-2015,135053,47 54.529400 N,065 31.207400 W,2.2,99.7,A,Primary,Headline,1.326531,D,S,91185.000000
Sun Aug 16 10:50:52 2015,16-Aug-2015,135054,47 54.529400 N,065 31.206500 W,2.2,99.4,A,Depth,Depth,40.740741,D,S,55196.000000
Sun Aug 16 10:50:52 2015,16-Aug-2015,135055,47 54.529300 N,065 31.205600 W,2.2,99.4,A,Depth,Depth,40.740741,D,S,55196.000000
Sun Aug 16 10:50:54 2015,16-Aug-2015,135056,47 54.529100 N,065 31.204700 W,2.2,99.4,A,DoorSpread,DoorMaster,9.405000,D,S,50242.000000
Sun Aug 16 10:50:55 2015,16-Aug-2015,135057,47 54.529000 N,065 31.203800 W,2.2,99.3,A,Primary,Headline,1.285714,D,S,135711.000000
Sun Aug 16 10:50:55 2015,16-Aug-2015,135058,47 54.529000 N,065 31.202900 W,2.2,99.1,A,Primary,Headline,1.285714,D,S,135711.000000
Sun Aug 16 10:50:55 2015,16-Aug-2015,135059,47 54.528900 N,065 31.202000 W,2.2,99.1,A,Primary,Headline,1.285714,D,S,135711.000000
Sun Aug 16 10:50:55 2015,16-Aug-2015,135100,47 54.528800 N,065 31.201100 W,2.2,99.0,A,Primary,Headline,1.285714,D,S,135711.000000
Sun Aug 16 10:51:00 2015,16-Aug-2015,135101,47 54.528700 N,065 31.200200 W,2.2,99.0,A,DoorSpread,DoorMaster,8.510000,D,S,31429.000000
Sun Aug 16 10:51:00 2015,16-Aug-2015,135102,47 54.528700 N,065 31.199300 W,2.2,98.9,A,Primary,Headline,1.224490,D,S,99941.000000
Sun Aug 16 10:51:00 2015,16-Aug-2015,135103,47 54.528600 N,065 31.198400 W,2.2,98.9,A,Primary,Headline,1.224490,D,S,99941.000000
Sun Aug 16 10:51:00 2015,16-Aug-2015,135104,47 54.528500 N,065 31.197500 W,2.2,98.9,A,Primary,Headline,1.224490,D,S,99941.000000
Sun Aug 16 10:51:00 2015,16-Aug-2015,135105,47 54.528400 N,065 31.196600 W,2.2,98.9,A,Primary,Headline,1.224490,D,S,99941.000000
Sun Aug 16 10:51:00 2015,16-Aug-2015,135106,47 54.528300 N,065 31.195700 W,2.2,99.0,A,Primary,Headline,1.224490,D,S,99941.000000
Sun Aug 16 10:51:06 2015,16-Aug-2015,135107,47 54.528200 N,065 31.194800 W,2.2,99.0,A,DoorSpread,DoorMaster,8.190000,D,S,41398.000000
Sun Aug 16 10:51:07 2015,16-Aug-2015,135108,47 54.528200 N,065 31.193900 W,2.2,99.0,A,Depth,Depth,54.351852,D,S,40956.000000
Sun Aug 16 10:51:07 2015,16-Aug-2015,135109,47 54.528100 N,065 31.193000 W,2.2,99.0,A,Depth,Depth,54.351852,D,S,40956.000000
Sun Aug 16 10:51:07 2015,16-Aug-2015,135110,47 54.528000 N,065 31.192100 W,2.2,99.0,A,Depth,Depth,54.351852,D,S,40956.000000
Sun Aug 16 10:51:07 2015,16-Aug-2015,135111,47 54.527900 N,065 31.191200 W,2.2,99.1,A,Depth,Depth,54.351852,D,S,40956.000000
Sun Aug 16 10:51:10 2015,16-Aug-2015,135112,47 54.527800 N,065 31.190400 W,2.2,99.2,A,Primary,Headline,2.163265,D,S,78696.000000
Sun Aug 16 10:51:11 2015,16-Aug-2015,135113,47 54.527700 N,065 31.189400 W,2.2,99.3,A,DoorSpread,DoorMaster,9.045000,D,S,27558.000000
Sun Aug 16 10:51:11 2015,16-Aug-2015,135114,47 54.527600 N,065 31.188600 W,2.2,99.5,A,DoorSpread,DoorMaster,9.045000,D,S,27558.000000
Sun Aug 16 10:51:14 2015,16-Aug-2015,135115,47 54.527600 N,065 31.187700 W,2.2,99.5,A,Depth,Depth,45.740741,D,S,71908.000000
Sun Aug 16 10:51:14 2015,16-Aug-2015,135116,47 54.527500 N,065 31.186900 W,2.2,99.6,A,Depth,Depth,45.740741,D,S,71908.000000
Sun Aug 16 10:51:15 2015,16-Aug-2015,135117,47 54.527400 N,065 31.186000 W,2.2,99.7,A,Primary,Headline,0.714286,D,S,116839.000000
Sun Aug 16 10:51:15 2015,16-Aug-2015,135118,47 54.527300 N,065 31.185100 W,2.2,99.7,A,Primary,Headline,0.714286,D,S,116839.000000
Sun Aug 16 10:51:17 2015,16-Aug-2015,135119,47 54.527100 N,065 31.184300 W,2.2,100.0,A,DoorSpread,DoorMaster,8.600000,D,S,21489.000000
Sun Aug 16 10:51:17 2015,16-Aug-2015,135120,47 54.527100 N,065 31.183300 W,2.2,100.0,A,DoorSpread,DoorMaster,8.600000,D,S,21489.000000
Sun Aug 16 10:51:17 2015,16-Aug-2015,135121,47 54.527000 N,065 31.182300 W,2.2,100.2,A,DoorSpread,DoorMaster,8.600000,D,S,21489.000000
Sun Aug 16 10:51:20 2015,16-Aug-2015,135122,47 54.527000 N,065 31.181200 W,2.2,100.3,A,Primary,Headline,1.489796,D,S,75573.000000
Sun Aug 16 10:51:21 2015,16-Aug-2015,135123,47 54.526900 N,065 31.180300 W,2.2,100.4,A,Depth,Depth,58.425926,D,S,57036.000000
Sun Aug 16 10:51:23 2015,16-Aug-2015,135124,47 54.526900 N,065 31.179300 W,2.2,100.5,A,DoorSpread,DoorMaster,6.255000,D,S,71631.000000
Sun Aug 16 10:51:23 2015,16-Aug-2015,135125,47 54.526800 N,065 31.178400 W,2.2,100.2,A,DoorSpread,DoorMaster,6.255000,D,S,71631.000000
Sun Aug 16 10:51:23 2015,16-Aug-2015,135126,47 54.526800 N,065 31.177500 W,2.2,100.1,A,DoorSpread,DoorMaster,6.255000,D,S,71631.000000
Sun Aug 16 10:51:25 2015,16-Aug-2015,135127,47 54.526700 N,065 31.176500 W,2.1,100.2,A,Primary,Headline,3.530612,D,S,91367.000000
Sun Aug 16 10:51:25 2015,16-Aug-2015,135128,47 54.526600 N,065 31.175600 W,2.1,100.3,A,Primary,Headline,3.530612,D,S,91367.000000
Sun Aug 16 10:51:25 2015,16-Aug-2015,135129,47 54.526500 N,065 31.174700 W,2.1,100.4,A,Primary,Headline,3.530612,D,S,91367.000000
Sun Aug 16 10:51:28 2015,16-Aug-2015,135130,47 54.526400 N,065 31.173800 W,2.1,100.7,A,DoorSpread,DoorMaster,7.795000,D,S,62122.000000
Sun Aug 16 10:51:28 2015,16-Aug-2015,135131,47 54.526300 N,065 31.172900 W,2.1,100.9,A,DoorSpread,DoorMaster,7.795000,D,S,62122.000000
Sun Aug 16 10:51:30 2015,16-Aug-2015,135132,47 54.526200 N,065 31.172000 W,2.1,101.1,A,Primary,Headline,0.000000,D,S,69247.000000
Sun Aug 16 10:51:30 2015,16-Aug-2015,135133,47 54.526100 N,065 31.171100 W,2.1,101.3,A,Primary,Headline,0.000000,D,S,69247.000000
Sun Aug 16 10:51:30 2015,16-Aug-2015,135134,47 54.526000 N,065 31.170200 W,2.1,101.2,A,Primary,Headline,0.000000,D,S,69247.000000
Sun Aug 16 10:51:30 2015,16-Aug-2015,135135,47 54.526000 N,065 31.169300 W,2.1,101.1,A,Primary,Headline,0.000000,D,S,69247.000000
Sun Aug 16 10:51:34 2015,16-Aug-2015,135136,47 54.525800 N,065 31.168400 W,2.1,101.1,A,DoorSpread,DoorMaster,8.020000,D,S,49185.000000
Sun Aug 16 10:51:35 2015,16-Aug-2015,135137,47 54.525800 N,065 31.167500 W,2.1,100.8,A,Depth,Depth,54.907407,D,S,80896.000000
Sun Aug 16 10:51:35 2015,16-Aug-2015,135138,47 54.525600 N,065 31.166700 W,2.1,100.9,A,Depth,Depth,54.907407,D,S,80896.000000
Sun Aug 16 10:51:35 2015,16-Aug-2015,135139,47 54.525500 N,065 31.165800 W,2.1,101.1,A,Depth,Depth,54.907407,D,S,80896.000000
Sun Aug 16 10:51:35 2015,16-Aug-2015,135140,47 54.525400 N,065 31.164900 W,2.1,101.4,A,Depth,Depth,54.907407,D,S,80896.000000
Sun Aug 16 10:51:40 2015,16-Aug-2015,135141,47 54.525300 N,065 31.164100 W,2.1,101.4,A,DoorSpread,DoorMaster,6.930000,D,S,35156.000000
Sun Aug 16 10:51:40 2015,16-Aug-2015,135142,47 54.525200 N,065 31.163200 W,2.1,101.2,A,Primary,Headline,3.163265,D,S,98791.000000
Sun Aug 16 10:51:40 2015,16-Aug-2015,135143,47 54.525100 N,065 31.162400 W,2.1,101.3,A,Primary,Headline,3.163265,D,S,98791.000000
Sun Aug 16 10:51:43 2015,16-Aug-2015,135144,47 54.525000 N,065 31.161500 W,2.1,101.5,A,Depth,Depth,35.277778,D,S,37087.000000
Sun Aug 16 10:51:43 2015,16-Aug-2015,135145,47 54.524800 N,065 31.160600 W,2.1,101.5,A,Depth,Depth,35.277778,D,S,37087.000000
Sun Aug 16 10:51:43 2015,16-Aug-2015,135146,47 54.524700 N,065 31.159800 W,2.1,101.5,A,Depth,Depth,35.277778,D,S,37087.000000
Sun Aug 16 10:51:45 2015,16-Aug-2015,135147,47 54.524600 N,065 31.158900 W,2.1,101.6,A,Primary,Headline,0.163265,D,S,108003.000000
Sun Aug 16 10:51:45 2015,16-Aug-2015,135148,47 54.524500 N,065 31.158000 W,2.1,101.6,A,Primary,Headline,0.163265,D,S,108003.000000
Sun Aug 16 10:51:45 2015,16-Aug-2015,135149,47 54.524400 N,065 31.157200 W,2.1,101.6,A,Primary,Headline,0.163265,D,S,108003.000000
Sun Aug 16 10:51:45 2015,16-Aug-2015,135150,47 54.524300 N,065 31.156200 W,2.1,101.5,A,Primary,Headline,0.163265,D,S,108003.000000
Sun Aug 16 10:51:50 2015,16-Aug-2015,135151,47 54.524200 N,065 31.155400 W,2.1,101.3,A,Depth,Depth,46.296296,D,S,50261.000000
Sun Aug 16 10:51:51 2015,16-Aug-2015,135152,47 54.524000 N,065 31.154400 W,2.1,101.3,A,DoorSpread,DoorMaster,6.465000,D,S,26738.000000
Sun Aug 16 10:51:51 2015,16-Aug-2015,135153,47 54.523900 N,065 31.153500 W,2.1,101.3,A,DoorSpread,DoorMaster,6.465000,D,S,26738.000000
Sun Aug 16 10:51:51 2015,16-Aug-2015,135154,47 54.523800 N,065 31.152600 W,2.1,101.2,A,DoorSpread,DoorMaster,6.465000,D,S,26738.000000
Sun Aug 16 10:51:51 2015,16-Aug-2015,135155,47 54.523600 N,065 31.151700 W,2.1,101.3,A,DoorSpread,DoorMaster,6.465000,D,S,26738.000000
Sun Aug 16 10:51:51 2015,16-Aug-2015,135156,47 54.523500 N,065 31.150800 W,2.2,101.4,A,DoorSpread,DoorMaster,6.465000,D,S,26738.000000
Sun Aug 16 10:51:56 2015,16-Aug-2015,135157,47 54.523300 N,065 31.149900 W,2.2,101.4,A,Primary,Headline,4.367347,D,S,55106.000000
Sun Aug 16 10:51:56 2015,16-Aug-2015,135158,47 54.523200 N,065 31.149000 W,2.2,101.4,A,DoorSpread,DoorMaster,5.980000,D,S,60089.000000
Sun Aug 16 10:51:57 2015,16-Aug-2015,135159,47 54.523100 N,065 31.148100 W,2.2,101.4,A,Depth,Depth,49.722222,D,S,53266.000000
Sun Aug 16 10:51:57 2015,16-Aug-2015,135200,47 54.522900 N,065 31.147200 W,2.2,101.7,A,Depth,Depth,49.722222,D,S,53266.000000
Sun Aug 16 10:51:57 2015,16-Aug-2015,135201,47 54.522800 N,065 31.146300 W,2.2,101.9,A,Depth,Depth,49.722222,D,S,53266.000000
Sun Aug 16 10:52:01 2015,16-Aug-2015,135202,47 54.522600 N,065 31.145400 W,2.2,102.1,A,Primary,Headline,0.000000,D,S,130172.000000
Sun Aug 16 10:52:01 2015,16-Aug-2015,135203,47 54.522500 N,065 31.144600 W,2.2,102.4,A,Primary,Headline,0.000000,D,S,130172.000000
Sun Aug 16 10:52:01 2015,16-Aug-2015,135204,47 54.522300 N,065 31.143700 W,2.2,102.7,A,Primary,Headline,0.000000,D,S,130172.000000
Sun Aug 16 10:52:01 2015,16-Aug-2015,135205,47 54.522200 N,065 31.142900 W,2.2,103.1,A,Primary,Headline,0.000000,D,S,130172.000000
Sun Aug 16 10:52:04 2015,16-Aug-2015,135206,47 54.522000 N,065 31.142100 W,2.2,103.4,A,Depth,Depth,51.666667,D,S,69749.000000
Sun Aug 16 10:52:06 2015,16-Aug-2015,135207,47 54.521800 N,065 31.141300 W,2.2,103.4,A,Primary,Headline,1.755102,D,S,88735.000000
Sun Aug 16 10:52:06 2015,16-Aug-2015,135208,47 54.521700 N,065 31.140500 W,2.2,103.6,A,Primary,Headline,1.755102,D,S,88735.000000
Sun Aug 16 10:52:06 2015,16-Aug-2015,135209,47 54.521500 N,065 31.139600 W,2.2,103.8,A,Primary,Headline,1.755102,D,S,88735.000000
Sun Aug 16 10:52:06 2015,16-Aug-2015,135210,47 54.521300 N,065 31.138700 W,2.1,104.1,A,Primary,Headline,1.755102,D,S,88735.000000
Sun Aug 16 10:52:06 2015,16-Aug-2015,135211,47 54.521100 N,065 31.138000 W,2.1,104.4,A,Primary,Headline,1.755102,D,S,88735.000000
Sun Aug 16 10:52:11 2015,16-Aug-2015,135212,47 54.520900 N,065 31.137100 W,2.1,104.8,A,Primary,Headline,2.897959,D,S,95745.000000
Sun Aug 16 10:52:11 2015,16-Aug-2015,135213,47 54.520700 N,065 31.136300 W,2.1,105.0,A,Depth,Depth,48.611111,D,S,55095.000000
Sun Aug 16 10:52:13 2015,16-Aug-2015,135214,47 54.520500 N,065 31.135500 W,2.1,104.9,A,DoorSpread,DoorMaster,3.370000,D,S,65895.000000
Sun Aug 16 10:52:13 2015,16-Aug-2015,135215,47 54.520400 N,065 31.134700 W,2.1,104.8,A,DoorSpread,DoorMaster,3.370000,D,S,65895.000000
Sun Aug 16 10:52:13 2015,16-Aug-2015,135216,47 54.520200 N,065 31.134000 W,2.1,104.9,A,DoorSpread,DoorMaster,3.370000,D,S,65895.000000
Sun Aug 16 10:52:16 2015,16-Aug-2015,135217,47 54.520100 N,065 31.133200 W,2.1,104.8,A,Primary,Headline,0.775510,D,S,63319.000000
Sun Aug 16 10:52:16 2015,16-Aug-2015,135218,47 54.519900 N,065 31.132400 W,2.1,104.9,A,Primary,Headline,0.775510,D,S,63319.000000
Sun Aug 16 10:52:16 2015,16-Aug-2015,135219,47 54.519700 N,065 31.131600 W,2.1,104.7,A,Primary,Headline,0.775510,D,S,63319.000000
Sun Aug 16 10:52:18 2015,16-Aug-2015,135220,47 54.519600 N,065 31.130800 W,2.1,104.8,A,Depth,Depth,51.111111,D,S,45425.000000
Sun Aug 16 10:52:18 2015,16-Aug-2015,135221,47 54.519400 N,065 31.130000 W,2.1,104.8,A,Depth,Depth,51.111111,D,S,45425.000000
Sun Aug 16 10:52:21 2015,16-Aug-2015,135222,47 54.519200 N,065 31.129200 W,2.0,104.8,A,Primary,Headline,2.551020,D,S,71954.000000
Sun Aug 16 10:52:21 2015,16-Aug-2015,135223,47 54.519000 N,065 31.128400 W,2.0,104.9,A,Primary,Headline,2.551020,D,S,71954.000000
Sun Aug 16 10:52:21 2015,16-Aug-2015,135224,47 54.518900 N,065 31.127700 W,2.0,105.0,A,Primary,Headline,2.551020,D,S,71954.000000
Sun Aug 16 10:52:23 2015,16-Aug-2015,135225,47 54.518700 N,065 31.126800 W,2.0,105.1,A,DoorSpread,DoorMaster,0.000000,E,S,76619.000000
Sun Aug 16 10:52:23 2015,16-Aug-2015,135226,47 54.518600 N,065 31.126000 W,2.0,105.0,A,DoorSpread,DoorMaster,0.000000,E,S,76619.000000
Sun Aug 16 10:52:26 2015,16-Aug-2015,135227,47 54.518400 N,065 31.125200 W,2.1,104.9,A,Primary,Headline,4.448980,D,S,75017.000000
Sun Aug 16 10:52:26 2015,16-Aug-2015,135228,47 54.518200 N,065 31.124300 W,2.1,104.8,A,Primary,Headline,4.448980,D,S,75017.000000
Sun Aug 16 10:52:26 2015,16-Aug-2015,135229,47 54.518000 N,065 31.123500 W,2.1,104.7,A,Primary,Headline,4.448980,D,S,75017.000000
Sun Aug 16 10:52:29 2015,16-Aug-2015,135230,47 54.517800 N,065 31.122700 W,2.1,104.5,A,DoorSpread,DoorMaster,4.645000,D,S,36381.000000
Sun Aug 16 10:52:29 2015,16-Aug-2015,135231,47 54.517600 N,065 31.121800 W,2.1,104.3,A,DoorSpread,DoorMaster,4.645000,D,S,36381.000000
Sun Aug 16 10:52:29 2015,16-Aug-2015,135232,47 54.517400 N,065 31.120900 W,2.1,104.2,A,DoorSpread,DoorMaster,4.645000,D,S,36381.000000
Sun Aug 16 10:52:29 2015,16-Aug-2015,135233,47 54.517200 N,065 31.120100 W,2.1,104.2,A,DoorSpread,DoorMaster,4.645000,D,S,36381.000000
Sun Aug 16 10:52:33 2015,16-Aug-2015,135234,47 54.517000 N,065 31.119300 W,2.1,104.1,A,Depth,Depth,50.555556,D,S,47159.000000
Sun Aug 16 10:52:33 2015,16-Aug-2015,135235,47 54.516800 N,065 31.118400 W,2.1,104.0,A,Depth,Depth,50.555556,D,S,47159.000000
Sun Aug 16 10:52:34 2015,16-Aug-2015,135236,47 54.516600 N,065 31.117600 W,2.1,103.9,A,DoorSpread,DoorMaster,2.845000,D,S,67364.000000
Sun Aug 16 10:52:36 2015,16-Aug-2015,135237,47 54.516400 N,065 31.116700 W,2.1,104.0,A,Primary,Headline,2.102041,D,S,129762.000000
Sun Aug 16 10:52:36 2015,16-Aug-2015,135238,47 54.516200 N,065 31.115800 W,2.1,104.2,A,Primary,Headline,2.102041,D,S,129762.000000
Sun Aug 16 10:52:36 2015,16-Aug-2015,135239,47 54.516000 N,065 31.115000 W,2.1,104.3,A,Primary,Headline,2.102041,D,S,129762.000000
Sun Aug 16 10:52:36 2015,16-Aug-2015,135240,47 54.515900 N,065 31.114200 W,2.1,104.4,A,Primary,Headline,2.102041,D,S,129762.000000
Sun Aug 16 10:52:40 2015,16-Aug-2015,135241,47 54.515700 N,065 31.113300 W,2.1,104.6,A,DoorSpread,DoorMaster,3.295000,D,S,64968.000000
Sun Aug 16 10:52:41 2015,16-Aug-2015,135242,47 54.515500 N,065 31.112500 W,2.1,104.8,A,Primary,Headline,2.000000,D,S,84327.000000
Sun Aug 16 10:52:41 2015,16-Aug-2015,135243,47 54.515300 N,065 31.111600 W,2.1,104.9,A,Primary,Headline,2.000000,D,S,84327.000000
Sun Aug 16 10:52:41 2015,16-Aug-2015,135244,47 54.515100 N,065 31.110700 W,2.1,105.2,A,Primary,Headline,2.000000,D,S,84327.000000
Sun Aug 16 10:52:41 2015,16-Aug-2015,135245,47 54.514900 N,065 31.109800 W,2.1,105.6,A,Primary,Headline,2.000000,D,S,84327.000000
Sun Aug 16 10:52:41 2015,16-Aug-2015,135246,47 54.514700 N,065 31.109000 W,2.2,105.7,A,Primary,Headline,2.000000,D,S,84327.000000
Sun Aug 16 10:52:46 2015,16-Aug-2015,135247,47 54.514500 N,065 31.108100 W,2.2,105.7,A,Primary,Headline,2.020408,D,S,107783.000000
Sun Aug 16 10:52:46 2015,16-Aug-2015,135248,47 54.514300 N,065 31.107200 W,2.2,105.8,A,Primary,Headline,2.020408,D,S,107783.000000
Sun Aug 16 10:52:47 2015,16-Aug-2015,135249,47 54.514100 N,065 31.106300 W,2.2,105.8,A,Depth,Depth,50.092593,D,S,70273.000000
Sun Aug 16 10:52:47 2015,16-Aug-2015,135250,47 54.514000 N,065 31.105500 W,2.2,105.8,A,Depth,Depth,50.092593,D,S,70273.000000
Sun Aug 16 10:52:47 2015,16-Aug-2015,135251,47 54.513800 N,065 31.104600 W,2.2,105.8,A,Depth,Depth,50.092593,D,S,70273.000000
Sun Aug 16 10:52:51 2015,16-Aug-2015,135252,47 54.513600 N,065 31.103800 W,2.2,105.9,A,Primary,Headline,1.918367,D,S,116232.000000
Sun Aug 16 10:52:51 2015,16-Aug-2015,135253,47 54.513400 N,065 31.103000 W,2.1,106.1,A,Primary,Headline,1.918367,D,S,116232.000000
Sun Aug 16 10:52:51 2015,16-Aug-2015,135254,47 54.513200 N,065 31.102100 W,2.1,106.3,A,Primary,Headline,1.918367,D,S,116232.000000
Sun Aug 16 10:52:51 2015,16-Aug-2015,135255,47 54.513100 N,065 31.101400 W,2.1,106.4,A,Primary,Headline,1.918367,D,S,116232.000000
Sun Aug 16 10:52:54 2015,16-Aug-2015,135256,47 54.512900 N,065 31.100600 W,2.1,106.6,A,Depth,Depth,51.111111,D,S,57072.000000
Sun Aug 16 10:52:56 2015,16-Aug-2015,135257,47 54.512700 N,065 31.099800 W,2.1,106.6,A,Primary,Headline,3.000000,D,S,107836.000000
Sun Aug 16 10:52:56 2015,16-Aug-2015,135258,47 54.512500 N,065 31.099000 W,2.1,106.7,A,Primary,Headline,3.000000,D,S,107836.000000
Sun Aug 16 10:52:56 2015,16-Aug-2015,135259,47 54.512400 N,065 31.098200 W,2.1,106.7,A,Primary,Headline,3.000000,D,S,107836.000000
Sun Aug 16 10:52:56 2015,16-Aug-2015,135300,47 54.512200 N,065 31.097300 W,2.1,107.0,A,Primary,Headline,3.000000,D,S,107836.000000
Sun Aug 16 10:52:56 2015,16-Aug-2015,135301,47 54.512100 N,065 31.096600 W,2.1,107.2,A,Primary,Headline,3.000000,D,S,107836.000000
Sun Aug 16 10:53:01 2015,16-Aug-2015,135302,47 54.511900 N,065 31.095900 W,2.0,107.2,A,DoorSpread,DoorMaster,0.000000,E,S,44187.000000
Sun Aug 16 10:53:02 2015,16-Aug-2015,135303,47 54.511700 N,065 31.095100 W,2.0,107.2,A,Depth,Depth,55.185185,D,S,68385.000000
Sun Aug 16 10:53:02 2015,16-Aug-2015,135304,47 54.511600 N,065 31.094200 W,2.0,107.4,A,Depth,Depth,55.185185,D,S,68385.000000
Sun Aug 16 10:53:02 2015,16-Aug-2015,135305,47 54.511400 N,065 31.093400 W,2.0,107.7,A,Depth,Depth,55.185185,D,S,68385.000000
Sun Aug 16 10:53:02 2015,16-Aug-2015,135306,47 54.511300 N,065 31.092500 W,2.0,107.7,A,Depth,Depth,55.185185,D,S,68385.000000
Sun Aug 16 10:53:02 2015,16-Aug-2015,135307,47 54.511100 N,065 31.091700 W,2.0,107.8,A,Depth,Depth,55.185185,D,S,68385.000000
Sun Aug 16 10:53:06 2015,16-Aug-2015,135308,47 54.511000 N,065 31.090900 W,2.0,107.8,A,Primary,Headline,7.469388,D,S,21207.000000
Sun Aug 16 10:53:06 2015,16-Aug-2015,135309,47 54.510800 N,065 31.090200 W,2.0,107.7,A,Primary,Headline,7.469388,D,S,21207.000000
Sun Aug 16 10:53:09 2015,16-Aug-2015,135310,47 54.510600 N,065 31.089400 W,2.0,107.5,A,Depth,Depth,43.611111,D,S,65077.000000
Sun Aug 16 10:53:09 2015,16-Aug-2015,135311,47 54.510500 N,065 31.088500 W,2.0,107.4,A,Depth,Depth,43.611111,D,S,65077.000000
Sun Aug 16 10:53:09 2015,16-Aug-2015,135312,47 54.510400 N,065 31.087700 W,2.0,107.3,A,Depth,Depth,43.611111,D,S,65077.000000
Sun Aug 16 10:53:11 2015,16-Aug-2015,135313,47 54.510200 N,065 31.086900 W,2.0,107.3,A,DoorSpread,DoorMaster,3.600000,D,S,77298.000000
Sun Aug 16 10:53:11 2015,16-Aug-2015,135314,47 54.510100 N,065 31.086000 W,2.0,107.2,A,DoorSpread,DoorMaster,3.600000,D,S,77298.000000
Sun Aug 16 10:53:11 2015,16-Aug-2015,135315,47 54.509900 N,065 31.085200 W,2.1,107.2,A,DoorSpread,DoorMaster,3.600000,D,S,77298.000000
Sun Aug 16 10:53:11 2015,16-Aug-2015,135316,47 54.509800 N,065 31.084300 W,2.1,107.1,A,DoorSpread,DoorMaster,3.600000,D,S,77298.000000
Sun Aug 16 10:53:16 2015,16-Aug-2015,135317,47 54.509600 N,065 31.083500 W,2.1,107.1,A,Primary,Headline,1.918367,D,S,61050.000000
Sun Aug 16 10:53:17 2015,16-Aug-2015,135318,47 54.509500 N,065 31.082600 W,2.1,107.0,A,DoorSpread,DoorMaster,3.445000,D,S,68238.000000
Sun Aug 16 10:53:17 2015,16-Aug-2015,135319,47 54.509300 N,065 31.081700 W,2.1,107.1,A,DoorSpread,DoorMaster,3.445000,D,S,68238.000000
Sun Aug 16 10:53:17 2015,16-Aug-2015,135320,47 54.509200 N,065 31.080800 W,2.1,107.2,A,DoorSpread,DoorMaster,3.445000,D,S,68238.000000
Sun Aug 16 10:53:17 2015,16-Aug-2015,135321,47 54.509000 N,065 31.079900 W,2.1,107.2,A,DoorSpread,DoorMaster,3.445000,D,S,68238.000000
Sun Aug 16 10:53:17 2015,16-Aug-2015,135322,47 54.508900 N,065 31.079000 W,2.1,107.4,A,DoorSpread,DoorMaster,3.445000,D,S,68238.000000
Sun Aug 16 10:53:21 2015,16-Aug-2015,135323,47 54.508700 N,065 31.078200 W,2.1,107.6,A,Primary,Headline,1.346939,D,S,95481.000000
Sun Aug 16 10:53:22 2015,16-Aug-2015,135324,47 54.508600 N,065 31.077300 W,2.1,107.7,A,DoorSpread,DoorMaster,3.540000,D,S,124315.000000
Sun Aug 16 10:53:23 2015,16-Aug-2015,135325,47 54.508400 N,065 31.076400 W,2.1,107.8,A,Depth,Depth,47.407407,D,S,61997.000000
Sun Aug 16 10:53:23 2015,16-Aug-2015,135326,47 54.508300 N,065 31.075600 W,2.1,108.0,A,Depth,Depth,47.407407,D,S,61997.000000
Sun Aug 16 10:53:23 2015,16-Aug-2015,135327,47 54.508100 N,065 31.074700 W,2.1,108.0,A,Depth,Depth,47.407407,D,S,61997.000000
Sun Aug 16 10:53:26 2015,16-Aug-2015,135328,47 54.508000 N,065 31.073800 W,2.1,107.8,A,Primary,Headline,1.204082,D,S,92004.000000
Sun Aug 16 10:53:27 2015,16-Aug-2015,135329,47 54.507800 N,065 31.072900 W,2.1,108.0,A,DoorSpread,DoorMaster,3.565000,D,S,64484.000000
Sun Aug 16 10:53:27 2015,16-Aug-2015,135330,47 54.507600 N,065 31.072100 W,2.1,108.2,A,DoorSpread,DoorMaster,3.565000,D,S,64484.000000
Sun Aug 16 10:53:27 2015,16-Aug-2015,135331,47 54.507500 N,065 31.071300 W,2.0,108.4,A,DoorSpread,DoorMaster,3.565000,D,S,64484.000000
Sun Aug 16 10:53:30 2015,16-Aug-2015,135332,47 54.507300 N,065 31.070500 W,2.1,108.5,A,Depth,Depth,50.462963,D,S,74647.000000
Sun Aug 16 10:53:31 2015,16-Aug-2015,135333,47 54.507100 N,065 31.069600 W,2.0,108.4,A,Primary,Headline,2.326531,D,S,80821.000000
Sun Aug 16 10:53:33 2015,16-Aug-2015,135334,47 54.507000 N,065 31.068800 W,2.0,108.3,A,DoorSpread,DoorMaster,0.000000,E,S,49127.000000
Sun Aug 16 10:53:33 2015,16-Aug-2015,135335,47 54.506800 N,065 31.067900 W,2.0,108.2,A,DoorSpread,DoorMaster,0.000000,E,S,49127.000000
Sun Aug 16 10:53:33 2015,16-Aug-2015,135336,47 54.506700 N,065 31.067100 W,2.0,108.1,A,DoorSpread,DoorMaster,0.000000,E,S,49127.000000
Sun Aug 16 10:53:33 2015,16-Aug-2015,135337,47 54.506500 N,065 31.066200 W,2.0,108.2,A,DoorSpread,DoorMaster,0.000000,E,S,49127.000000
Sun Aug 16 10:53:36 2015,16-Aug-2015,135338,47 54.506300 N,065 31.065400 W,2.1,108.2,A,Primary,Headline,1.224490,D,S,98171.000000
Sun Aug 16 10:53:37 2015,16-Aug-2015,135339,47 54.506200 N,065 31.064600 W,2.1,108.3,A,Depth,Depth,55.740741,D,S,64742.000000
Sun Aug 16 10:53:38 2015,16-Aug-2015,135340,47 54.506000 N,065 31.063700 W,2.1,108.3,A,DoorSpread,DoorMaster,3.455000,D,S,62447.000000
Sun Aug 16 10:53:38 2015,16-Aug-2015,135341,47 54.505900 N,065 31.062900 W,2.1,108.3,A,DoorSpread,DoorMaster,3.455000,D,S,62447.000000
Sun Aug 16 10:53:38 2015,16-Aug-2015,135342,47 54.505700 N,065 31.062000 W,2.1,108.4,A,DoorSpread,DoorMaster,3.455000,D,S,62447.000000
Sun Aug 16 10:53:41 2015,16-Aug-2015,135343,47 54.505400 N,065 31.061100 W,2.1,108.2,A,Primary,Headline,2.306122,D,S,58614.000000
Sun Aug 16 10:53:41 2015,16-Aug-2015,135344,47 54.505100 N,065 31.060200 W,2.1,108.2,A,Primary,Headline,2.306122,D,S,58614.000000
Sun Aug 16 10:53:43 2015,16-Aug-2015,135345,47 54.504900 N,065 31.059400 W,2.1,108.1,A,DoorSpread,DoorMaster,0.000000,E,S,67725.000000
Sun Aug 16 10:53:45 2015,16-Aug-2015,135346,47 54.504700 N,065 31.058600 W,2.1,108.2,A,Depth,Depth,44.907407,D,S,75628.000000
Sun Aug 16 10:53:45 2015,16-Aug-2015,135347,47 54.504500 N,065 31.057700 W,2.1,108.2,A,Depth,Depth,44.907407,D,S,75628.000000
Sun Aug 16 10:53:46 2015,16-Aug-2015,135348,47 54.504300 N,065 31.056900 W,2.1,108.2,A,Primary,Headline,0.755102,D,S,57604.000000
Sun Aug 16 10:53:46 2015,16-Aug-2015,135349,47 54.504100 N,065 31.056000 W,2.1,108.0,A,Primary,Headline,0.755102,D,S,57604.000000
Sun Aug 16 10:53:48 2015,16-Aug-2015,135350,47 54.503900 N,065 31.055200 W,2.1,108.0,A,DoorSpread,DoorMaster,3.595000,D,S,52886.000000
Sun Aug 16 10:53:48 2015,16-Aug-2015,135351,47 54.503700 N,065 31.054400 W,2.1,107.9,A,DoorSpread,DoorMaster,3.595000,D,S,52886.000000
Sun Aug 16 10:53:48 2015,16-Aug-2015,135352,47 54.503500 N,065 31.053500 W,2.1,107.8,A,DoorSpread,DoorMaster,3.595000,D,S,52886.000000
Sun Aug 16 10:53:52 2015,16-Aug-2015,135353,47 54.503400 N,065 31.052700 W,2.1,107.7,A,Depth,Depth,54.351852,D,S,54687.000000
Sun Aug 16 10:53:52 2015,16-Aug-2015,135354,47 54.503200 N,065 31.051800 W,2.1,107.5,A,Depth,Depth,54.351852,D,S,54687.000000
Sun Aug 16 10:53:54 2015,16-Aug-2015,135355,47 54.503000 N,065 31.051000 W,2.1,107.4,A,DoorSpread,DoorMaster,0.000000,E,S,67704.000000
Sun Aug 16 10:53:54 2015,16-Aug-2015,135356,47 54.502900 N,065 31.050100 W,2.1,107.2,A,DoorSpread,DoorMaster,0.000000,E,S,67704.000000
Sun Aug 16 10:53:54 2015,16-Aug-2015,135357,47 54.502700 N,065 31.049300 W,2.1,107.0,A,DoorSpread,DoorMaster,0.000000,E,S,67704.000000
Sun Aug 16 10:53:56 2015,16-Aug-2015,135358,47 54.502600 N,065 31.048500 W,2.1,106.9,A,Primary,Headline,0.591837,D,S,75737.000000
Sun Aug 16 10:53:56 2015,16-Aug-2015,135359,47 54.502400 N,065 31.047600 W,2.1,106.8,A,Primary,Headline,0.591837,D,S,75737.000000
Sun Aug 16 10:53:56 2015,16-Aug-2015,135400,47 54.502200 N,065 31.046700 W,2.1,107.1,A,Primary,Headline,0.591837,D,S,75737.000000
Sun Aug 16 10:53:59 2015,16-Aug-2015,135401,47 54.502000 N,065 31.045900 W,2.1,107.1,A,Depth,Depth,59.166667,D,S,34621.000000
Sun Aug 16 10:53:59 2015,16-Aug-2015,135402,47 54.501700 N,065 31.045000 W,2.1,107.1,A,Depth,Depth,59.166667,D,S,34621.000000
Sun Aug 16 10:54:01 2015,16-Aug-2015,135403,47 54.501600 N,065 31.044200 W,2.1,106.9,A,Primary,Headline,1.346939,D,S,73794.000000
Sun Aug 16 10:54:01 2015,16-Aug-2015,135404,47 54.501400 N,065 31.043300 W,2.1,106.9,A,Primary,Headline,1.346939,D,S,73794.000000
Sun Aug 16 10:54:01 2015,16-Aug-2015,135405,47 54.501200 N,065 31.042400 W,2.1,106.9,A,Primary,Headline,1.346939,D,S,73794.000000
Sun Aug 16 10:54:04 2015,16-Aug-2015,135406,47 54.501000 N,065 31.041600 W,2.1,107.0,A,DoorSpread,DoorMaster,3.800000,D,S,67961.000000
Sun Aug 16 10:54:04 2015,16-Aug-2015,135407,47 54.500800 N,065 31.040700 W,2.1,107.0,A,DoorSpread,DoorMaster,3.800000,D,S,67961.000000
Sun Aug 16 10:54:06 2015,16-Aug-2015,135408,47 54.500600 N,065 31.039900 W,2.1,107.1,A,Primary,Headline,1.408163,D,S,104460.000000
Sun Aug 16 10:54:06 2015,16-Aug-2015,135409,47 54.500400 N,065 31.039000 W,2.1,107.2,A,Primary,Headline,1.408163,D,S,104460.000000
Sun Aug 16 10:54:06 2015,16-Aug-2015,135410,47 54.500200 N,065 31.038100 W,2.1,107.3,A,Primary,Headline,1.408163,D,S,104460.000000
Sun Aug 16 10:54:10 2015,16-Aug-2015,135411,47 54.500000 N,065 31.037300 W,2.1,107.5,A,DoorSpread,DoorMaster,3.505000,D,S,52170.000000
Sun Aug 16 10:54:10 2015,16-Aug-2015,135412,47 54.499800 N,065 31.036500 W,2.1,107.6,A,DoorSpread,DoorMaster,3.505000,D,S,52170.000000
Sun Aug 16 10:54:11 2015,16-Aug-2015,135413,47 54.499600 N,065 31.035600 W,2.1,107.6,A,Primary,Headline,1.428571,D,S,89295.000000
Sun Aug 16 10:54:11 2015,16-Aug-2015,135414,47 54.499400 N,065 31.034700 W,2.2,107.5,A,Primary,Headline,1.428571,D,S,89295.000000
Sun Aug 16 10:54:13 2015,16-Aug-2015,135415,47 54.499200 N,065 31.033900 W,2.2,107.6,A,Depth,Depth,48.518519,D,S,38658.000000
Sun Aug 16 10:54:13 2015,16-Aug-2015,135416,47 54.499000 N,065 31.033000 W,2.2,107.6,A,Depth,Depth,48.518519,D,S,38658.000000
Sun Aug 16 10:54:15 2015,16-Aug-2015,135417,47 54.498800 N,065 31.032200 W,2.2,107.6,A,DoorSpread,DoorMaster,3.780000,D,S,41462.000000
Sun Aug 16 10:54:16 2015,16-Aug-2015,135418,47 54.498700 N,065 31.031400 W,2.2,107.5,A,Primary,Headline,1.224490,D,S,130487.000000
Sun Aug 16 10:54:16 2015,16-Aug-2015,135419,47 54.498500 N,065 31.030500 W,2.2,107.5,A,Primary,Headline,1.224490,D,S,130487.000000
Sun Aug 16 10:54:16 2015,16-Aug-2015,135420,47 54.498300 N,065 31.029600 W,2.2,107.6,A,Primary,Headline,1.224490,D,S,130487.000000
Sun Aug 16 10:54:16 2015,16-Aug-2015,135421,47 54.498100 N,065 31.028800 W,2.2,107.6,A,Primary,Headline,1.224490,D,S,130487.000000
Sun Aug 16 10:54:21 2015,16-Aug-2015,135422,47 54.497800 N,065 31.027900 W,2.2,107.8,A,DoorSpread,DoorMaster,4.660000,D,S,28590.000000
Sun Aug 16 10:54:21 2015,16-Aug-2015,135423,47 54.497600 N,065 31.027100 W,2.2,107.8,A,Primary,Headline,1.673469,D,S,101138.000000
Sun Aug 16 10:54:21 2015,16-Aug-2015,135424,47 54.497400 N,065 31.026200 W,2.2,107.8,A,Primary,Headline,1.673469,D,S,101138.000000
Sun Aug 16 10:54:21 2015,16-Aug-2015,135425,47 54.497200 N,065 31.025300 W,2.2,108.0,A,Primary,Headline,1.673469,D,S,101138.000000
Sun Aug 16 10:54:21 2015,16-Aug-2015,135426,47 54.497000 N,065 31.024500 W,2.2,108.0,A,Primary,Headline,1.673469,D,S,101138.000000
Sun Aug 16 10:54:21 2015,16-Aug-2015,135427,47 54.496800 N,065 31.023600 W,2.2,108.1,A,Primary,Headline,1.673469,D,S,101138.000000
Sun Aug 16 10:54:26 2015,16-Aug-2015,135428,47 54.496600 N,065 31.022700 W,2.2,107.9,A,Primary,Headline,1.816327,D,S,104665.000000
Sun Aug 16 10:54:28 2015,16-Aug-2015,135429,47 54.496400 N,065 31.021800 W,2.2,107.9,A,Depth,Depth,45.833333,D,S,59967.000000
Sun Aug 16 10:54:28 2015,16-Aug-2015,135430,47 54.496200 N,065 31.021000 W,2.2,107.9,A,Depth,Depth,45.833333,D,S,59967.000000
Sun Aug 16 10:54:28 2015,16-Aug-2015,135431,47 54.496000 N,065 31.020100 W,2.2,107.9,A,Depth,Depth,45.833333,D,S,59967.000000
Sun Aug 16 10:54:28 2015,16-Aug-2015,135432,47 54.495800 N,065 31.019300 W,2.2,108.0,A,Depth,Depth,45.833333,D,S,59967.000000
Sun Aug 16 10:54:31 2015,16-Aug-2015,135433,47 54.495600 N,065 31.018400 W,2.2,108.0,A,Primary,Headline,1.020408,D,S,82654.000000
Sun Aug 16 10:54:31 2015,16-Aug-2015,135434,47 54.495400 N,065 31.017600 W,2.2,108.0,A,Primary,Headline,1.020408,D,S,82654.000000
Sun Aug 16 10:54:31 2015,16-Aug-2015,135435,47 54.495100 N,065 31.016700 W,2.2,107.9,A,Primary,Headline,1.020408,D,S,82654.000000
Sun Aug 16 10:54:31 2015,16-Aug-2015,135436,47 54.494900 N,065 31.015900 W,2.2,108.0,A,Primary,Headline,1.020408,D,S,82654.000000
Sun Aug 16 10:54:35 2015,16-Aug-2015,135437,47 54.494700 N,065 31.015000 W,2.2,108.0,A,Depth,Depth,55.740741,D,S,69551.000000
Sun Aug 16 10:54:37 2015,16-Aug-2015,135438,47 54.494500 N,065 31.014200 W,2.2,108.0,A,DoorSpread,DoorMaster,3.720000,D,S,49050.000000
Sun Aug 16 10:54:37 2015,16-Aug-2015,135439,47 54.494300 N,065 31.013400 W,2.2,107.9,A,DoorSpread,DoorMaster,3.720000,D,S,49050.000000
Sun Aug 16 10:54:37 2015,16-Aug-2015,135440,47 54.494100 N,065 31.012500 W,2.1,108.0,A,DoorSpread,DoorMaster,3.720000,D,S,49050.000000
Sun Aug 16 10:54:37 2015,16-Aug-2015,135441,47 54.493900 N,065 31.011700 W,2.1,108.2,A,DoorSpread,DoorMaster,3.720000,D,S,49050.000000
Sun Aug 16 10:54:37 2015,16-Aug-2015,135442,47 54.493700 N,065 31.010800 W,2.1,108.3,A,DoorSpread,DoorMaster,3.720000,D,S,49050.000000
Sun Aug 16 10:54:41 2015,16-Aug-2015,135443,47 54.493400 N,065 31.010000 W,2.1,108.4,A,Primary,Headline,1.755102,D,S,106701.000000
Sun Aug 16 10:54:42 2015,16-Aug-2015,135444,47 54.493300 N,065 31.009200 W,2.1,108.3,A,Depth,Depth,46.296296,D,S,60019.000000
Sun Aug 16 10:54:42 2015,16-Aug-2015,135445,47 54.493100 N,065 31.008400 W,2.1,108.2,A,Depth,Depth,46.296296,D,S,60019.000000
Sun Aug 16 10:54:42 2015,16-Aug-2015,135446,47 54.492900 N,065 31.007600 W,2.1,108.3,A,Depth,Depth,46.296296,D,S,60019.000000
Sun Aug 16 10:54:42 2015,16-Aug-2015,135447,47 54.492700 N,065 31.006800 W,2.1,108.5,A,Depth,Depth,46.296296,D,S,60019.000000
Sun Aug 16 10:54:46 2015,16-Aug-2015,135448,47 54.492600 N,065 31.006100 W,2.1,108.7,A,Primary,Headline,0.367347,D,S,161534.000000
Sun Aug 16 10:54:47 2015,16-Aug-2015,135449,47 54.492400 N,065 31.005300 W,2.1,109.0,A,DoorSpread,DoorMaster,3.315000,D,S,74433.000000
Sun Aug 16 10:54:47 2015,16-Aug-2015,135450,47 54.492200 N,065 31.004600 W,2.1,109.4,A,DoorSpread,DoorMaster,3.315000,D,S,74433.000000
Sun Aug 16 10:54:49 2015,16-Aug-2015,135451,47 54.492000 N,065 31.004000 W,2.0,109.8,A,Depth,Depth,49.166667,D,S,159798.000000
Sun Aug 16 10:54:49 2015,16-Aug-2015,135452,47 54.491800 N,065 31.003400 W,2.0,110.3,A,Depth,Depth,49.166667,D,S,159798.000000
Sun Aug 16 10:54:51 2015,16-Aug-2015,135453,47 54.491700 N,065 31.002900 W,1.9,110.8,A,Primary,Headline,1.204082,D,S,272516.000000
Sun Aug 16 10:54:52 2015,16-Aug-2015,135454,47 54.491500 N,065 31.002400 W,1.8,111.3,A,DoorSpread,DoorMaster,0.000000,E,S,122185.000000
Sun Aug 16 10:54:52 2015,16-Aug-2015,135455,47 54.491300 N,065 31.002000 W,1.7,112.0,A,DoorSpread,DoorMaster,0.000000,E,S,122185.000000
Sun Aug 16 10:54:52 2015,16-Aug-2015,135456,47 54.491200 N,065 31.001600 W,1.6,112.6,A,DoorSpread,DoorMaster,0.000000,E,S,122185.000000
Sun Aug 16 10:54:52 2015,16-Aug-2015,135457,47 54.491100 N,065 31.001300 W,1.5,113.1,A,DoorSpread,DoorMaster,0.000000,E,S,122185.000000
Sun Aug 16 10:54:56 2015,16-Aug-2015,135458,47 54.490900 N,065 31.000900 W,1.5,113.8,A,Depth,Depth,73.240741,D,S,33773.000000
Sun Aug 16 10:54:56 2015,16-Aug-2015,135459,47 54.490700 N,065 31.000600 W,1.4,114.4,A,Depth,Depth,73.240741,D,S,33773.000000
Sun Aug 16 10:54:58 2015,16-Aug-2015,135500,47 54.490600 N,065 31.000400 W,1.3,115.2,A,DoorSpread,DoorMaster,4.095000,D,S,77944.000000
Sun Aug 16 10:54:58 2015,16-Aug-2015,135501,47 54.490500 N,065 31.000100 W,1.3,116.2,A,DoorSpread,DoorMaster,4.095000,D,S,77944.000000
Sun Aug 16 10:54:58 2015,16-Aug-2015,135502,47 54.490300 N,065 30.999800 W,1.2,117.1,A,DoorSpread,DoorMaster,4.095000,D,S,77944.000000
Sun Aug 16 10:55:02 2015,16-Aug-2015,135503,47 54.490200 N,065 30.999600 W,1.1,117.9,A,Primary,Headline,2.367347,D,S,300464.000000
Sun Aug 16 10:55:02 2015,16-Aug-2015,135504,47 54.490100 N,065 30.999400 W,1.1,119.1,A,Primary,Headline,2.367347,D,S,300464.000000
Sun Aug 16 10:55:04 2015,16-Aug-2015,135505,47 54.490000 N,065 30.999300 W,1.1,120.3,A,Depth,Depth,25.092593,D,S,103852.000000
Sun Aug 16 10:55:04 2015,16-Aug-2015,135506,47 54.489900 N,065 30.999100 W,1.0,121.3,A,Depth,Depth,25.092593,D,S,103852.000000
Sun Aug 16 10:55:04 2015,16-Aug-2015,135507,47 54.489800 N,065 30.999000 W,1.0,121.8,A,Depth,Depth,25.092593,D,S,103852.000000
Sun Aug 16 10:55:07 2015,16-Aug-2015,135508,47 54.489700 N,065 30.998800 W,0.9,122.4,A,Primary,Headline,3.020408,D,S,209074.000000
Sun Aug 16 10:55:07 2015,16-Aug-2015,135509,47 54.489600 N,065 30.998600 W,0.9,122.7,A,Primary,Headline,3.020408,D,S,209074.000000
Sun Aug 16 10:55:09 2015,16-Aug-2015,135510,47 54.489600 N,065 30.998600 W,0.8,123.5,A,DoorSpread,DoorMaster,5.105000,D,S,65358.000000
Sun Aug 16 10:55:09 2015,16-Aug-2015,135511,47 54.489500 N,065 30.998500 W,0.8,124.9,A,DoorSpread,DoorMaster,5.105000,D,S,65358.000000
Sun Aug 16 10:55:11 2015,16-Aug-2015,135512,47 54.489400 N,065 30.998400 W,0.7,125.9,A,Depth,Depth,45.555556,D,S,68428.000000
Sun Aug 16 10:55:12 2015,16-Aug-2015,135513,47 54.489300 N,065 30.998300 W,0.7,126.8,A,Primary,Headline,3.693878,D,S,184739.000000
Sun Aug 16 10:55:12 2015,16-Aug-2015,135514,47 54.489300 N,065 30.998200 W,0.7,127.6,A,Primary,Headline,3.693878,D,S,184739.000000
Sun Aug 16 10:55:12 2015,16-Aug-2015,135515,47 54.489200 N,065 30.998200 W,0.7,128.5,A,Primary,Headline,3.693878,D,S,184739.000000
Sun Aug 16 10:55:14 2015,16-Aug-2015,135516,47 54.489100 N,065 30.998100 W,0.6,129.6,A,DoorSpread,DoorMaster,4.715000,D,S,104515.000000
Sun Aug 16 10:55:14 2015,16-Aug-2015,135517,47 54.489000 N,065 30.998100 W,0.6,131.3,A,DoorSpread,DoorMaster,4.715000,D,S,104515.000000
Sun Aug 16 10:55:17 2015,16-Aug-2015,135518,47 54.488900 N,065 30.998000 W,0.6,133.1,A,Primary,Headline,4.428571,D,S,96187.000000
Sun Aug 16 10:55:17 2015,16-Aug-2015,135519,47 54.488800 N,065 30.998000 W,0.6,135.0,A,Primary,Headline,4.428571,D,S,96187.000000
Sun Aug 16 10:55:18 2015,16-Aug-2015,135520,47 54.488700 N,065 30.997900 W,0.6,136.9,A,Depth,Depth,47.500000,D,S,79255.000000
Sun Aug 16 10:55:20 2015,16-Aug-2015,135521,47 54.488600 N,065 30.997900 W,0.5,138.3,A,DoorSpread,DoorMaster,4.720000,D,S,86053.000000
Sun Aug 16 10:55:20 2015,16-Aug-2015,135522,47 54.488500 N,065 30.997800 W,0.5,139.4,A,DoorSpread,DoorMaster,4.720000,D,S,86053.000000
Sun Aug 16 10:55:22 2015,16-Aug-2015,135523,47 54.488400 N,065 30.997700 W,0.5,140.7,A,Primary,Headline,3.775510,D,S,196333.000000
Sun Aug 16 10:55:22 2015,16-Aug-2015,135524,47 54.488300 N,065 30.997600 W,0.5,142.5,A,Primary,Headline,3.775510,D,S,196333.000000
Sun Aug 16 10:55:22 2015,16-Aug-2015,135525,47 54.488200 N,065 30.997600 W,0.5,144.2,A,Primary,Headline,3.775510,D,S,196333.000000
Sun Aug 16 10:55:22 2015,16-Aug-2015,135526,47 54.488200 N,065 30.997500 W,0.5,145.1,A,Primary,Headline,3.775510,D,S,196333.000000
Sun Aug 16 10:55:25 2015,16-Aug-2015,135527,47 54.488100 N,065 30.997500 W,0.5,147.0,A,DoorSpread,DoorMaster,4.505000,D,S,460503.000000
Sun Aug 16 10:55:25 2015,16-Aug-2015,135528,47 54.488000 N,065 30.997400 W,0.5,149.6,A,DoorSpread,DoorMaster,4.505000,D,S,460503.000000
Sun Aug 16 10:55:27 2015,16-Aug-2015,135529,47 54.487900 N,065 30.997400 W,0.5,151.0,A,Primary,Headline,3.469388,D,S,715736.000000
Sun Aug 16 10:55:27 2015,16-Aug-2015,135530,47 54.487900 N,065 30.997300 W,0.5,151.2,A,Primary,Headline,3.469388,D,S,715736.000000
Sun Aug 16 10:55:27 2015,16-Aug-2015,135531,47 54.487800 N,065 30.997200 W,0.5,150.6,A,Primary,Headline,3.469388,D,S,715736.000000
Sun Aug 16 10:55:31 2015,16-Aug-2015,135532,47 54.487800 N,065 30.997200 W,0.5,150.8,A,DoorSpread,DoorMaster,4.690000,D,S,100575.000000
Sun Aug 16 10:55:32 2015,16-Aug-2015,135533,47 54.487700 N,065 30.997100 W,0.5,151.0,A,Primary,Headline,4.571429,D,S,382960.000000
Sun Aug 16 10:55:32 2015,16-Aug-2015,135534,47 54.487600 N,065 30.997100 W,0.5,152.1,A,Depth,Depth,49.629630,D,S,109214.000000
Sun Aug 16 10:55:32 2015,16-Aug-2015,135535,47 54.487600 N,065 30.997100 W,0.5,152.8,A,Depth,Depth,49.629630,D,S,109214.000000
Sun Aug 16 10:55:32 2015,16-Aug-2015,135536,47 54.487500 N,065 30.997000 W,0.5,153.6,A,Depth,Depth,49.629630,D,S,109214.000000
Sun Aug 16 10:55:32 2015,16-Aug-2015,135537,47 54.487500 N,065 30.997000 W,0.5,154.4,A,Depth,Depth,49.629630,D,S,109214.000000
Sun Aug 16 10:55:36 2015,16-Aug-2015,135538,47 54.487400 N,065 30.996900 W,0.5,155.4,A,DoorSpread,DoorMaster,4.875000,D,S,137113.000000
Sun Aug 16 10:55:37 2015,16-Aug-2015,135539,47 54.487300 N,065 30.996900 W,0.5,155.8,A,Primary,Headline,4.938776,D,S,127589.000000
Sun Aug 16 10:55:37 2015,16-Aug-2015,135540,47 54.487200 N,065 30.996900 W,0.5,156.7,A,Primary,Headline,4.938776,D,S,127589.000000
Sun Aug 16 10:55:40 2015,16-Aug-2015,135541,47 54.487200 N,065 30.996900 W,0.4,157.3,A,Depth,Depth,42.777778,D,S,68892.000000
Sun Aug 16 10:55:40 2015,16-Aug-2015,135542,47 54.487100 N,065 30.996900 W,0.4,158.3,A,Depth,Depth,42.777778,D,S,68892.000000
Sun Aug 16 10:55:40 2015,16-Aug-2015,135543,47 54.487100 N,065 30.996900 W,0.4,159.5,A,Depth,Depth,42.777778,D,S,68892.000000
Sun Aug 16 10:55:42 2015,16-Aug-2015,135544,47 54.487000 N,065 30.996900 W,0.4,160.6,A,Primary,Headline,5.510204,D,S,126557.000000
Sun Aug 16 10:55:42 2015,16-Aug-2015,135545,47 54.487000 N,065 30.996800 W,0.4,159.6,A,Primary,Headline,5.510204,D,S,126557.000000
Sun Aug 16 10:55:42 2015,16-Aug-2015,135546,47 54.486900 N,065 30.996800 W,0.4,159.6,A,Primary,Headline,5.510204,D,S,126557.000000
Sun Aug 16 10:55:42 2015,16-Aug-2015,135547,47 54.486800 N,065 30.996800 W,0.4,160.9,A,Primary,Headline,5.510204,D,S,126557.000000
Sun Aug 16 10:55:47 2015,16-Aug-2015,135548,47 54.486800 N,065 30.996800 W,0.4,162.1,A,Depth,Depth,48.611111,D,S,53451.000000
Sun Aug 16 10:55:47 2015,16-Aug-2015,135549,47 54.486700 N,065 30.996800 W,0.4,164.4,A,Primary,Headline,4.040816,D,S,173598.000000
Sun Aug 16 10:55:48 2015,16-Aug-2015,135550,47 54.486600 N,065 30.996800 W,0.4,166.5,A,DoorSpread,DoorMaster,15.595000,D,S,120031.000000
Sun Aug 16 10:55:48 2015,16-Aug-2015,135551,47 54.486500 N,065 30.996800 W,0.4,167.5,A,DoorSpread,DoorMaster,15.595000,D,S,120031.000000
Sun Aug 16 10:55:48 2015,16-Aug-2015,135552,47 54.486500 N,065 30.996900 W,0.4,169.2,A,DoorSpread,DoorMaster,15.595000,D,S,120031.000000
Sun Aug 16 10:55:48 2015,16-Aug-2015,135553,47 54.486400 N,065 30.997000 W,0.4,171.5,A,DoorSpread,DoorMaster,15.595000,D,S,120031.000000
Sun Aug 16 10:55:52 2015,16-Aug-2015,135554,47 54.486400 N,065 30.997000 W,0.4,172.8,A,Primary,Headline,3.673469,D,S,88637.000000
Sun Aug 16 10:55:54 2015,16-Aug-2015,135555,47 54.486400 N,065 30.997100 W,0.4,175.0,A,Depth,Depth,41.944444,D,S,121078.000000
Sun Aug 16 10:55:54 2015,16-Aug-2015,135556,47 54.486300 N,065 30.997200 W,0.4,178.5,A,DoorSpread,DoorMaster,12.355000,D,S,115430.000000
Sun Aug 16 10:55:54 2015,16-Aug-2015,135557,47 54.486300 N,065 30.997300 W,0.4,180.4,A,DoorSpread,DoorMaster,12.355000,D,S,115430.000000
Sun Aug 16 10:55:54 2015,16-Aug-2015,135558,47 54.486200 N,065 30.997400 W,0.4,182.4,A,DoorSpread,DoorMaster,12.355000,D,S,115430.000000
Sun Aug 16 10:55:57 2015,16-Aug-2015,135559,47 54.486200 N,065 30.997500 W,0.4,183.3,A,Primary,Headline,3.591837,D,S,170273.000000
Sun Aug 16 10:55:57 2015,16-Aug-2015,135600,47 54.486100 N,065 30.997600 W,0.3,183.5,A,Primary,Headline,3.591837,D,S,170273.000000
Sun Aug 16 10:56:00 2015,16-Aug-2015,135601,47 54.486100 N,065 30.997700 W,0.3,185.7,A,DoorSpread,DoorMaster,3.630000,D,S,87804.000000
Sun Aug 16 10:56:00 2015,16-Aug-2015,135602,47 54.486000 N,065 30.997800 W,0.3,188.0,A,DoorSpread,DoorMaster,3.630000,D,S,87804.000000
Sun Aug 16 10:56:01 2015,16-Aug-2015,135603,47 54.486000 N,065 30.997900 W,0.3,190.0,A,Depth,Depth,44.351852,D,S,89859.000000
Sun Aug 16 10:56:02 2015,16-Aug-2015,135604,47 54.485900 N,065 30.998000 W,0.3,192.7,A,Primary,Headline,2.959184,D,S,411740.000000
Sun Aug 16 10:56:02 2015,16-Aug-2015,135605,47 54.485900 N,065 30.998000 W,0.3,193.5,A,Primary,Headline,2.959184,D,S,411740.000000
Sun Aug 16 10:56:02 2015,16-Aug-2015,135606,47 54.485700 N,065 30.998000 W,0.3,195.0,A,Primary,Headline,2.959184,D,S,411740.000000
Sun Aug 16 10:56:05 2015,16-Aug-2015,135607,47 54.485600 N,065 30.998000 W,0.3,194.8,A,DoorSpread,DoorMaster,3.360000,D,S,146675.000000
Sun Aug 16 10:56:05 2015,16-Aug-2015,135608,47 54.485500 N,065 30.998000 W,0.3,196.3,A,DoorSpread,DoorMaster,3.360000,D,S,146675.000000
Sun Aug 16 10:56:07 2015,16-Aug-2015,135609,47 54.485400 N,065 30.998100 W,0.3,198.6,A,Primary,Headline,2.081633,D,S,276007.000000
Sun Aug 16 10:56:08 2015,16-Aug-2015,135610,47 54.485300 N,065 30.998200 W,0.3,201.1,A,Depth,Depth,43.425926,D,S,194914.000000
Sun Aug 16 10:56:08 2015,16-Aug-2015,135611,47 54.485100 N,065 30.998200 W,0.3,202.3,A,Depth,Depth,43.425926,D,S,194914.000000
Sun Aug 16 10:56:11 2015,16-Aug-2015,135612,47 54.485000 N,065 30.998200 W,0.3,202.2,A,DoorSpread,DoorMaster,3.650000,D,S,263357.000000
Sun Aug 16 10:56:11 2015,16-Aug-2015,135613,47 54.484900 N,065 30.998300 W,0.3,201.8,A,DoorSpread,DoorMaster,3.650000,D,S,263357.000000
Sun Aug 16 10:56:12 2015,16-Aug-2015,135614,47 54.484900 N,065 30.998300 W,0.3,203.7,A,Primary,Headline,2.367347,D,S,826345.000000
Sun Aug 16 10:56:12 2015,16-Aug-2015,135615,47 54.484800 N,065 30.998300 W,0.3,204.4,A,Primary,Headline,2.367347,D,S,826345.000000
Sun Aug 16 10:56:12 2015,16-Aug-2015,135616,47 54.484700 N,065 30.998300 W,0.3,203.2,A,Primary,Headline,2.367347,D,S,826345.000000
Sun Aug 16 10:56:16 2015,16-Aug-2015,135617,47 54.484600 N,065 30.998400 W,0.3,201.5,A,DoorSpread,DoorMaster,3.205000,D,S,370898.000000
Sun Aug 16 10:56:16 2015,16-Aug-2015,135618,47 54.484500 N,065 30.998400 W,0.3,201.8,A,DoorSpread,DoorMaster,3.205000,D,S,370898.000000
Sun Aug 16 10:56:17 2015,16-Aug-2015,135619,47 54.484400 N,065 30.998400 W,0.2,201.8,A,Primary,Headline,1.857143,D,S,621335.000000
Sun Aug 16 10:56:17 2015,16-Aug-2015,135620,47 54.484300 N,065 30.998400 W,0.2,200.7,A,Primary,Headline,1.857143,D,S,621335.000000
Sun Aug 16 10:56:17 2015,16-Aug-2015,135621,47 54.484200 N,065 30.998500 W,0.2,200.2,A,Primary,Headline,1.857143,D,S,621335.000000
Sun Aug 16 10:56:17 2015,16-Aug-2015,135622,47 54.484100 N,065 30.998500 W,0.2,200.0,A,Primary,Headline,1.857143,D,S,621335.000000
Sun Aug 16 10:56:21 2015,16-Aug-2015,135623,47 54.484000 N,065 30.998500 W,0.2,198.9,A,DoorSpread,DoorMaster,3.320000,D,S,722413.000000
Sun Aug 16 10:56:23 2015,16-Aug-2015,135624,47 54.484000 N,065 30.998600 W,0.2,198.4,A,Depth,Depth,47.222222,D,S,260951.000000
Sun Aug 16 10:56:23 2015,16-Aug-2015,135625,47 54.483900 N,065 30.998600 W,0.2,196.5,A,Depth,Depth,47.222222,D,S,260951.000000
Sun Aug 16 10:56:23 2015,16-Aug-2015,135626,47 54.483800 N,065 30.998600 W,0.2,193.0,A,Depth,Depth,47.222222,D,S,260951.000000
Sun Aug 16 10:56:23 2015,16-Aug-2015,135627,47 54.483600 N,065 30.998600 W,0.2,189.6,A,Depth,Depth,47.222222,D,S,260951.000000
