Ship Number,Trip Number,Tow Number
JEAN MATHIEU,6,1
Comments
"ZONE 12 NORD OUEST DU CORP MORT"
CPU Date and Time,GPS Date,GPS Time,Latitude,Longitude,Speed,Heading,Validity,Transducer Name,Sensor Name,Sensor Value,Error Code,Hydrophone,Signal Strength
,13-Sep-2015,134750,47 18.471100 N,062 34.380200 W,2.8,146.6,A,,,,,,
Sun Sep 13 10:47:51 2015,13-Sep-2015,134751,47 18.470600 N,062 34.379600 W,2.8,145.6,A,DoorSpread,DoorMaster,2.855000,D,S,83261.000000
Sun Sep 13 10:47:51 2015,13-Sep-2015,134752,47 18.470100 N,062 34.379100 W,2.7,146.1,A,DoorSpread,DoorMaster,2.855000,D,S,83261.000000
Sun Sep 13 10:47:51 2015,13-Sep-2015,134753,47 18.469500 N,062 34.378700 W,2.6,147.7,A,DoorSpread,DoorMaster,2.855000,D,S,83261.000000
Sun Sep 13 10:47:51 2015,13-Sep-2015,134754,47 18.468900 N,062 34.378400 W,2.6,148.8,A,DoorSpread,DoorMaster,2.855000,D,S,83261.000000
Sun Sep 13 10:47:55 2015,13-Sep-2015,134755,47 18.468400 N,062 34.377800 W,2.5,148.3,A,Primary,Headline,41.469388,D,S,58550.000000
Sun Sep 13 10:47:56 2015,13-Sep-2015,134756,47 18.468000 N,062 34.377300 W,2.5,146.9,A,DoorSpread,DoorMaster,2.460000,D,S,128064.000000
Sun Sep 13 10:47:56 2015,13-Sep-2015,134757,47 18.467600 N,062 34.376800 W,2.4,146.3,A,DoorSpread,DoorMaster,2.460000,D,S,128064.000000
Sun Sep 13 10:47:56 2015,13-Sep-2015,134758,47 18.467100 N,062 34.376400 W,2.3,147.0,A,DoorSpread,DoorMaster,2.460000,D,S,128064.000000
Sun Sep 13 10:47:56 2015,13-Sep-2015,134759,47 18.466600 N,062 34.376000 W,2.3,148.2,A,DoorSpread,DoorMaster,2.460000,D,S,128064.000000
Sun Sep 13 10:47:56 2015,13-Sep-2015,134800,47 18.466100 N,062 34.375700 W,2.2,148.9,A,DoorSpread,DoorMaster,2.460000,D,S,128064.000000
Sun Sep 13 10:48:01 2015,13-Sep-2015,134801,47 18.465700 N,062 34.375300 W,2.2,148.9,A,DoorSpread,DoorMaster,1.860000,D,S,151142.000000
Sun Sep 13 10:48:01 2015,13-Sep-2015,134802,47 18.465300 N,062 34.374800 W,2.2,147.9,A,DoorSpread,DoorMaster,1.860000,D,S,151142.000000
Sun Sep 13 10:48:01 2015,13-Sep-2015,134803,47 18.464900 N,062 34.374300 W,2.1,147.1,A,DoorSpread,DoorMaster,1.860000,D,S,151142.000000
Sun Sep 13 10:48:01 2015,13-Sep-2015,134804,47 18.464600 N,062 34.373900 W,2.0,147.3,A,DoorSpread,DoorMaster,1.860000,D,S,151142.000000
Sun Sep 13 10:48:06 2015,13-Sep-2015,134805,47 18.464200 N,062 34.373600 W,2.0,148.1,A,Primary,Headline,1.306122,D,S,51652.000000
Sun Sep 13 10:48:06 2015,13-Sep-2015,134806,47 18.463800 N,062 34.373300 W,1.9,148.7,A,Primary,Headline,1.306122,D,S,51652.000000
Sun Sep 13 10:48:07 2015,13-Sep-2015,134807,47 18.463400 N,062 34.373000 W,1.9,149.0,A,DoorSpread,DoorMaster,2.020000,D,S,103048.000000
Sun Sep 13 10:48:07 2015,13-Sep-2015,134808,47 18.463100 N,062 34.372600 W,1.9,148.7,A,DoorSpread,DoorMaster,2.020000,D,S,103048.000000
Sun Sep 13 10:48:07 2015,13-Sep-2015,134809,47 18.462800 N,062 34.372200 W,1.8,147.5,A,DoorSpread,DoorMaster,2.020000,D,S,103048.000000
Sun Sep 13 10:48:07 2015,13-Sep-2015,134810,47 18.462500 N,062 34.371800 W,1.8,147.3,A,DoorSpread,DoorMaster,2.020000,D,S,103048.000000
Sun Sep 13 10:48:11 2015,13-Sep-2015,134811,47 18.462100 N,062 34.371600 W,1.8,149.1,A,Primary,Headline,32.408163,D,S,133862.000000
Sun Sep 13 10:48:12 2015,13-Sep-2015,134812,47 18.461700 N,062 34.371400 W,1.7,150.8,A,Depth,Depth,7.314815,D,S,18277.000000
Sun Sep 13 10:48:12 2015,13-Sep-2015,134813,47 18.461500 N,062 34.371200 W,1.7,150.6,A,Depth,Depth,7.314815,D,S,18277.000000
Sun Sep 13 10:48:12 2015,13-Sep-2015,134814,47 18.461200 N,062 34.370800 W,1.6,149.4,A,Depth,Depth,7.314815,D,S,18277.000000
Sun Sep 13 10:48:12 2015,13-Sep-2015,134815,47 18.460900 N,062 34.370400 W,1.6,148.6,A,Depth,Depth,7.314815,D,S,18277.000000
Sun Sep 13 10:48:16 2015,13-Sep-2015,134816,47 18.460600 N,062 34.370100 W,1.6,148.7,A,Primary,Headline,0.000000,D,S,50342.000000
Sun Sep 13 10:48:17 2015,13-Sep-2015,134817,47 18.460300 N,062 34.369900 W,1.6,149.1,A,DoorSpread,DoorMaster,0.000000,E,S,379042.000000
Sun Sep 13 10:48:17 2015,13-Sep-2015,134818,47 18.460000 N,062 34.369600 W,1.5,149.8,A,DoorSpread,DoorMaster,0.000000,E,S,379042.000000
Sun Sep 13 10:48:19 2015,13-Sep-2015,134819,47 18.459700 N,062 34.369300 W,1.5,149.9,A,Depth,Depth,33.240741,D,S,36971.000000
Sun Sep 13 10:48:19 2015,13-Sep-2015,134820,47 18.459400 N,062 34.369000 W,1.5,149.6,A,Depth,Depth,33.240741,D,S,36971.000000
Sun Sep 13 10:48:21 2015,13-Sep-2015,134821,47 18.459100 N,062 34.368700 W,1.5,149.4,A,Primary,Headline,5.448980,D,S,31987.000000
Sun Sep 13 10:48:22 2015,13-Sep-2015,134822,47 18.458800 N,062 34.368500 W,1.5,149.7,A,DoorSpread,DoorMaster,0.000000,E,S,800491.000000
Sun Sep 13 10:48:22 2015,13-Sep-2015,134823,47 18.458500 N,062 34.368200 W,1.5,150.1,A,DoorSpread,DoorMaster,0.000000,E,S,800491.000000
Sun Sep 13 10:48:22 2015,13-Sep-2015,134824,47 18.458100 N,062 34.367900 W,1.5,150.9,A,DoorSpread,DoorMaster,0.000000,E,S,800491.000000
Sun Sep 13 10:48:22 2015,13-Sep-2015,134825,47 18.457800 N,062 34.367700 W,1.5,151.1,A,DoorSpread,DoorMaster,0.000000,E,S,800491.000000
Sun Sep 13 10:48:26 2015,13-Sep-2015,134826,47 18.457500 N,062 34.367500 W,1.4,150.8,A,Primary,Headline,0.918367,D,S,54846.000000
Sun Sep 13 10:48:27 2015,13-Sep-2015,134827,47 18.457300 N,062 34.367100 W,1.4,149.6,A,DoorSpread,DoorMaster,1.855000,D,S,509749.000000
Sun Sep 13 10:48:27 2015,13-Sep-2015,134828,47 18.456900 N,062 34.366800 W,1.4,149.2,A,DoorSpread,DoorMaster,1.855000,D,S,509749.000000
Sun Sep 13 10:48:27 2015,13-Sep-2015,134829,47 18.456500 N,062 34.366600 W,1.4,150.2,A,DoorSpread,DoorMaster,1.855000,D,S,509749.000000
Sun Sep 13 10:48:27 2015,13-Sep-2015,134830,47 18.456100 N,062 34.366300 W,1.4,151.0,A,DoorSpread,DoorMaster,1.855000,D,S,509749.000000
Sun Sep 13 10:48:31 2015,13-Sep-2015,134831,47 18.455700 N,062 34.366000 W,1.4,150.9,A,Primary,Headline,2.387755,D,S,78018.000000
Sun Sep 13 10:48:31 2015,13-Sep-2015,134832,47 18.455300 N,062 34.365700 W,1.4,150.9,A,Primary,Headline,2.387755,D,S,78018.000000
Sun Sep 13 10:48:33 2015,13-Sep-2015,134833,47 18.455000 N,062 34.365600 W,1.4,151.0,A,DoorSpread,DoorMaster,1.825000,D,S,241153.000000
Sun Sep 13 10:48:33 2015,13-Sep-2015,134834,47 18.454800 N,062 34.365300 W,1.3,149.7,A,DoorSpread,DoorMaster,1.825000,D,S,241153.000000
Sun Sep 13 10:48:33 2015,13-Sep-2015,134835,47 18.454400 N,062 34.365000 W,1.3,148.9,A,DoorSpread,DoorMaster,1.825000,D,S,241153.000000
Sun Sep 13 10:48:36 2015,13-Sep-2015,134836,47 18.454000 N,062 34.364700 W,1.4,150.4,A,Primary,Headline,3.448980,D,S,48107.000000
Sun Sep 13 10:48:36 2015,13-Sep-2015,134837,47 18.453600 N,062 34.364700 W,1.4,153.1,A,Primary,Headline,3.448980,D,S,48107.000000
Sun Sep 13 10:48:38 2015,13-Sep-2015,134838,47 18.453300 N,062 34.364500 W,1.4,153.8,A,DoorSpread,DoorMaster,0.000000,E,S,178155.000000
Sun Sep 13 10:48:38 2015,13-Sep-2015,134839,47 18.453100 N,062 34.364100 W,1.3,152.2,A,DoorSpread,DoorMaster,0.000000,E,S,178155.000000
Sun Sep 13 10:48:40 2015,13-Sep-2015,134840,47 18.452800 N,062 34.363800 W,1.3,149.5,A,Depth,Depth,5.462963,D,S,105556.000000
Sun Sep 13 10:48:41 2015,13-Sep-2015,134841,47 18.452600 N,062 34.363500 W,1.3,148.2,A,Primary,Headline,2.551020,D,S,39478.000000
Sun Sep 13 10:48:41 2015,13-Sep-2015,134842,47 18.452300 N,062 34.363300 W,1.3,150.4,A,Primary,Headline,2.551020,D,S,39478.000000
Sun Sep 13 10:48:43 2015,13-Sep-2015,134843,47 18.451800 N,062 34.363200 W,1.3,154.3,A,DoorSpread,DoorMaster,0.000000,E,S,46300.000000
Sun Sep 13 10:48:43 2015,13-Sep-2015,134844,47 18.451500 N,062 34.363200 W,1.3,157.2,A,DoorSpread,DoorMaster,0.000000,E,S,46300.000000
Sun Sep 13 10:48:43 2015,13-Sep-2015,134845,47 18.451400 N,062 34.363000 W,1.3,155.1,A,DoorSpread,DoorMaster,0.000000,E,S,46300.000000
Sun Sep 13 10:48:46 2015,13-Sep-2015,134846,47 18.451300 N,062 34.362600 W,1.3,150.3,A,Primary,Headline,1.918367,D,S,84536.000000
Sun Sep 13 10:48:47 2015,13-Sep-2015,134847,47 18.451000 N,062 34.362400 W,1.3,148.4,A,Depth,Depth,14.444444,D,S,105447.000000
Sun Sep 13 10:48:48 2015,13-Sep-2015,134848,47 18.450800 N,062 34.362200 W,1.3,150.7,A,DoorSpread,DoorMaster,0.260000,D,S,61044.000000
Sun Sep 13 10:48:48 2015,13-Sep-2015,134849,47 18.450500 N,062 34.362100 W,1.3,154.2,A,DoorSpread,DoorMaster,0.260000,D,S,61044.000000
Sun Sep 13 10:48:48 2015,13-Sep-2015,134850,47 18.450300 N,062 34.362100 W,1.3,155.4,A,DoorSpread,DoorMaster,0.260000,D,S,61044.000000
Sun Sep 13 10:48:48 2015,13-Sep-2015,134851,47 18.450000 N,062 34.361800 W,1.3,153.7,A,DoorSpread,DoorMaster,0.260000,D,S,61044.000000
Sun Sep 13 10:48:52 2015,13-Sep-2015,134852,47 18.449700 N,062 34.361500 W,1.3,151.6,A,Primary,Headline,45.408163,D,S,45809.000000
Sun Sep 13 10:48:53 2015,13-Sep-2015,134853,47 18.449600 N,062 34.361200 W,1.3,149.9,A,DoorSpread,DoorMaster,0.710000,D,S,28120.000000
Sun Sep 13 10:48:55 2015,13-Sep-2015,134854,47 18.449400 N,062 34.360900 W,1.3,149.0,A,Depth,Depth,17.870370,D,S,63519.000000
Sun Sep 13 10:48:55 2015,13-Sep-2015,134855,47 18.449100 N,062 34.360700 W,1.3,149.7,A,Depth,Depth,17.870370,D,S,63519.000000
Sun Sep 13 10:48:55 2015,13-Sep-2015,134856,47 18.448800 N,062 34.360500 W,1.3,152.4,A,Depth,Depth,17.870370,D,S,63519.000000
Sun Sep 13 10:48:57 2015,13-Sep-2015,134857,47 18.448500 N,062 34.360400 W,1.3,155.1,A,Primary,Headline,4.265306,D,S,50809.000000
Sun Sep 13 10:48:58 2015,13-Sep-2015,134858,47 18.448200 N,062 34.360200 W,1.3,154.0,A,DoorSpread,DoorMaster,0.565000,D,S,103960.000000
Sun Sep 13 10:48:58 2015,13-Sep-2015,134859,47 18.448000 N,062 34.359800 W,1.3,150.7,A,DoorSpread,DoorMaster,0.565000,D,S,103960.000000
Sun Sep 13 10:48:58 2015,13-Sep-2015,134900,47 18.447700 N,062 34.359400 W,1.3,150.0,A,DoorSpread,DoorMaster,0.565000,D,S,103960.000000
Sun Sep 13 10:49:02 2015,13-Sep-2015,134901,47 18.447400 N,062 34.359200 W,1.3,151.5,A,Depth,Depth,24.351852,D,S,76472.000000
Sun Sep 13 10:49:02 2015,13-Sep-2015,134902,47 18.447100 N,062 34.359100 W,1.3,152.6,A,Depth,Depth,24.351852,D,S,76472.000000
Sun Sep 13 10:49:02 2015,13-Sep-2015,134903,47 18.446700 N,062 34.358900 W,1.3,152.9,A,Depth,Depth,24.351852,D,S,76472.000000
Sun Sep 13 10:49:02 2015,13-Sep-2015,134904,47 18.446300 N,062 34.358600 W,1.3,153.4,A,Depth,Depth,24.351852,D,S,76472.000000
Sun Sep 13 10:49:02 2015,13-Sep-2015,134905,47 18.446000 N,062 34.358400 W,1.3,153.6,A,Depth,Depth,24.351852,D,S,76472.000000
Sun Sep 13 10:49:02 2015,13-Sep-2015,134906,47 18.445700 N,062 34.358000 W,1.3,151.9,A,Depth,Depth,24.351852,D,S,76472.000000
Sun Sep 13 10:49:07 2015,13-Sep-2015,134907,47 18.445200 N,062 34.357700 W,1.3,151.7,A,Primary,Headline,4.836735,D,S,41494.000000
Sun Sep 13 10:49:07 2015,13-Sep-2015,134908,47 18.444900 N,062 34.357600 W,1.4,152.2,A,Primary,Headline,4.836735,D,S,41494.000000
Sun Sep 13 10:49:09 2015,13-Sep-2015,134909,47 18.444500 N,062 34.357300 W,1.3,151.4,A,DoorSpread,DoorMaster,1.605000,D,S,52207.000000
Sun Sep 13 10:49:09 2015,13-Sep-2015,134910,47 18.444200 N,062 34.357200 W,1.3,151.8,A,DoorSpread,DoorMaster,1.605000,D,S,52207.000000
Sun Sep 13 10:49:09 2015,13-Sep-2015,134911,47 18.443800 N,062 34.357000 W,1.4,153.3,A,DoorSpread,DoorMaster,1.605000,D,S,52207.000000
Sun Sep 13 10:49:12 2015,13-Sep-2015,134912,47 18.443400 N,062 34.356800 W,1.4,153.9,A,Primary,Headline,0.265306,D,S,72757.000000
Sun Sep 13 10:49:12 2015,13-Sep-2015,134913,47 18.443000 N,062 34.356600 W,1.4,153.9,A,Primary,Headline,0.265306,D,S,72757.000000
Sun Sep 13 10:49:14 2015,13-Sep-2015,134914,47 18.442700 N,062 34.356300 W,1.4,152.9,A,DoorSpread,DoorMaster,2.890000,D,S,270546.000000
Sun Sep 13 10:49:14 2015,13-Sep-2015,134915,47 18.442400 N,062 34.355900 W,1.3,151.5,A,DoorSpread,DoorMaster,2.890000,D,S,270546.000000
Sun Sep 13 10:49:16 2015,13-Sep-2015,134916,47 18.442100 N,062 34.355600 W,1.3,150.3,A,Depth,Depth,27.962963,D,S,55778.000000
Sun Sep 13 10:49:17 2015,13-Sep-2015,134917,47 18.441800 N,062 34.355400 W,1.4,150.6,A,Primary,Headline,0.000000,D,S,85419.000000
Sun Sep 13 10:49:17 2015,13-Sep-2015,134918,47 18.441400 N,062 34.355200 W,1.4,152.2,A,Primary,Headline,0.000000,D,S,85419.000000
Sun Sep 13 10:49:19 2015,13-Sep-2015,134919,47 18.441000 N,062 34.354900 W,1.4,151.7,A,DoorSpread,DoorMaster,0.000000,E,S,432766.000000
Sun Sep 13 10:49:19 2015,13-Sep-2015,134920,47 18.440500 N,062 34.354300 W,1.6,149.9,A,DoorSpread,DoorMaster,0.000000,E,S,432766.000000
Sun Sep 13 10:49:19 2015,13-Sep-2015,134921,47 18.439900 N,062 34.353600 W,1.7,149.0,A,DoorSpread,DoorMaster,0.000000,E,S,432766.000000
Sun Sep 13 10:49:22 2015,13-Sep-2015,134922,47 18.439400 N,062 34.353000 W,1.9,148.4,A,Primary,Headline,3.408163,D,S,27814.000000
Sun Sep 13 10:49:23 2015,13-Sep-2015,134923,47 18.438700 N,062 34.352200 W,2.1,146.8,A,Depth,Depth,23.611111,D,S,77763.000000
Sun Sep 13 10:49:23 2015,13-Sep-2015,134924,47 18.437900 N,062 34.351200 W,2.4,145.7,A,Depth,Depth,23.611111,D,S,77763.000000
Sun Sep 13 10:49:25 2015,13-Sep-2015,134925,47 18.437100 N,062 34.350200 W,2.6,145.6,A,DoorSpread,DoorMaster,2.780000,D,S,395993.000000
Sun Sep 13 10:49:25 2015,13-Sep-2015,134926,47 18.436200 N,062 34.349400 W,2.9,146.5,A,DoorSpread,DoorMaster,2.780000,D,S,395993.000000
Sun Sep 13 10:49:27 2015,13-Sep-2015,134927,47 18.435200 N,062 34.348400 W,3.1,147.1,A,Primary,Headline,3.326531,D,S,102339.000000
Sun Sep 13 10:49:27 2015,13-Sep-2015,134928,47 18.434200 N,062 34.347300 W,3.4,146.8,A,Primary,Headline,3.326531,D,S,102339.000000
Sun Sep 13 10:49:27 2015,13-Sep-2015,134929,47 18.433300 N,062 34.346000 W,3.6,145.3,A,Primary,Headline,3.326531,D,S,102339.000000
Sun Sep 13 10:49:30 2015,13-Sep-2015,134930,47 18.432300 N,062 34.344700 W,3.8,144.1,A,DoorSpread,DoorMaster,3.630000,D,S,104825.000000
Sun Sep 13 10:49:30 2015,13-Sep-2015,134931,47 18.431200 N,062 34.343500 W,4.0,144.5,A,DoorSpread,DoorMaster,3.630000,D,S,104825.000000
Sun Sep 13 10:49:32 2015,13-Sep-2015,134932,47 18.430000 N,062 34.342300 W,4.2,145.6,A,Primary,Headline,2.571429,D,S,60271.000000
Sun Sep 13 10:49:32 2015,13-Sep-2015,134933,47 18.428800 N,062 34.341200 W,4.4,145.9,A,Primary,Headline,2.571429,D,S,60271.000000
Sun Sep 13 10:49:32 2015,13-Sep-2015,134934,47 18.427500 N,062 34.339900 W,4.6,145.4,A,Primary,Headline,2.571429,D,S,60271.000000
Sun Sep 13 10:49:35 2015,13-Sep-2015,134935,47 18.426300 N,062 34.338400 W,4.8,145.0,A,DoorSpread,DoorMaster,0.000000,E,S,162096.000000
Sun Sep 13 10:49:35 2015,13-Sep-2015,134936,47 18.425000 N,062 34.337000 W,4.9,145.1,A,DoorSpread,DoorMaster,0.000000,E,S,162096.000000
Sun Sep 13 10:49:37 2015,13-Sep-2015,134937,47 18.423600 N,062 34.335700 W,5.1,145.4,A,Primary,Headline,3.755102,D,S,92133.000000
Sun Sep 13 10:49:37 2015,13-Sep-2015,134938,47 18.422300 N,062 34.334300 W,5.2,145.5,A,Primary,Headline,3.755102,D,S,92133.000000
Sun Sep 13 10:49:37 2015,13-Sep-2015,134939,47 18.420900 N,062 34.332900 W,5.3,145.4,A,Primary,Headline,3.755102,D,S,92133.000000
Sun Sep 13 10:49:40 2015,13-Sep-2015,134940,47 18.419400 N,062 34.331400 W,5.5,145.2,A,DoorSpread,DoorMaster,0.000000,E,S,89215.000000
Sun Sep 13 10:49:40 2015,13-Sep-2015,134941,47 18.418000 N,062 34.330000 W,5.6,145.2,A,DoorSpread,DoorMaster,0.000000,E,S,89215.000000
Sun Sep 13 10:49:40 2015,13-Sep-2015,134942,47 18.416500 N,062 34.328400 W,5.7,145.3,A,DoorSpread,DoorMaster,0.000000,E,S,89215.000000
Sun Sep 13 10:49:40 2015,13-Sep-2015,134943,47 18.415100 N,062 34.326900 W,5.8,145.3,A,DoorSpread,DoorMaster,0.000000,E,S,89215.000000
Sun Sep 13 10:49:44 2015,13-Sep-2015,134944,47 18.413600 N,062 34.325300 W,5.8,144.9,A,Depth,Depth,26.851852,D,S,49318.000000
Sun Sep 13 10:49:44 2015,13-Sep-2015,134945,47 18.412300 N,062 34.323600 W,5.9,144.2,A,Depth,Depth,26.851852,D,S,49318.000000
Sun Sep 13 10:49:44 2015,13-Sep-2015,134946,47 18.410900 N,062 34.321900 W,6.0,143.7,A,Depth,Depth,26.851852,D,S,49318.000000
Sun Sep 13 10:49:44 2015,13-Sep-2015,134947,47 18.409500 N,062 34.320200 W,6.0,143.5,A,Depth,Depth,26.851852,D,S,49318.000000
Sun Sep 13 10:49:44 2015,13-Sep-2015,134948,47 18.408000 N,062 34.318700 W,6.0,143.5,A,Depth,Depth,26.851852,D,S,49318.000000
Sun Sep 13 10:49:44 2015,13-Sep-2015,134949,47 18.406600 N,062 34.317000 W,6.1,143.3,A,Depth,Depth,26.851852,D,S,49318.000000
Sun Sep 13 10:49:44 2015,13-Sep-2015,134950,47 18.405300 N,062 34.315400 W,6.1,143.0,A,Depth,Depth,26.851852,D,S,49318.000000
Sun Sep 13 10:49:51 2015,13-Sep-2015,134951,47 18.403800 N,062 34.313700 W,6.1,143.0,A,Depth,Depth,12.037037,D,S,73913.000000
Sun Sep 13 10:49:51 2015,13-Sep-2015,134952,47 18.402300 N,062 34.312200 W,6.2,143.5,A,Depth,Depth,12.037037,D,S,73913.000000
Sun Sep 13 10:49:51 2015,13-Sep-2015,134953,47 18.400800 N,062 34.310700 W,6.2,143.9,A,Depth,Depth,12.037037,D,S,73913.000000
Sun Sep 13 10:49:51 2015,13-Sep-2015,134954,47 18.399300 N,062 34.309200 W,6.3,144.0,A,Depth,Depth,12.037037,D,S,73913.000000
Sun Sep 13 10:49:51 2015,13-Sep-2015,134955,47 18.397800 N,062 34.307500 W,6.3,143.6,A,Depth,Depth,12.037037,D,S,73913.000000
Sun Sep 13 10:49:56 2015,13-Sep-2015,134956,47 18.396300 N,062 34.305900 W,6.3,143.4,A,DoorSpread,DoorMaster,0.000000,E,S,331544.000000
Sun Sep 13 10:49:56 2015,13-Sep-2015,134957,47 18.394900 N,062 34.304500 W,6.3,143.9,A,DoorSpread,DoorMaster,0.000000,E,S,331544.000000
Sun Sep 13 10:49:58 2015,13-Sep-2015,134958,47 18.393300 N,062 34.303100 W,6.3,144.6,A,Depth,Depth,24.166667,D,S,77129.000000
Sun Sep 13 10:49:58 2015,13-Sep-2015,134959,47 18.391800 N,062 34.301700 W,6.3,145.0,A,Depth,Depth,24.166667,D,S,77129.000000
Sun Sep 13 10:49:58 2015,13-Sep-2015,135000,47 18.390300 N,062 34.300200 W,6.3,145.1,A,Depth,Depth,24.166667,D,S,77129.000000
Sun Sep 13 10:50:01 2015,13-Sep-2015,135001,47 18.388800 N,062 34.298700 W,6.3,145.2,A,DoorSpread,DoorMaster,0.000000,E,S,121246.000000
Sun Sep 13 10:50:01 2015,13-Sep-2015,135002,47 18.387300 N,062 34.297200 W,6.4,145.2,A,DoorSpread,DoorMaster,0.000000,E,S,121246.000000
Sun Sep 13 10:50:01 2015,13-Sep-2015,135003,47 18.385800 N,062 34.295600 W,6.4,145.1,A,DoorSpread,DoorMaster,0.000000,E,S,121246.000000
Sun Sep 13 10:50:01 2015,13-Sep-2015,135004,47 18.384300 N,062 34.294100 W,6.4,145.1,A,DoorSpread,DoorMaster,0.000000,E,S,121246.000000
Sun Sep 13 10:50:05 2015,13-Sep-2015,135005,47 18.383000 N,062 34.292700 W,6.3,144.9,A,Depth,Depth,18.055556,D,S,65855.000000
Sun Sep 13 10:50:06 2015,13-Sep-2015,135006,47 18.381700 N,062 34.291200 W,6.2,144.4,A,DoorSpread,DoorMaster,5.165000,D,S,264671.000000
Sun Sep 13 10:50:06 2015,13-Sep-2015,135007,47 18.380400 N,062 34.289700 W,6.2,144.0,A,DoorSpread,DoorMaster,5.165000,D,S,264671.000000
Sun Sep 13 10:50:06 2015,13-Sep-2015,135008,47 18.378900 N,062 34.288200 W,6.2,144.0,A,DoorSpread,DoorMaster,5.165000,D,S,264671.000000
Sun Sep 13 10:50:06 2015,13-Sep-2015,135009,47 18.377500 N,062 34.286700 W,6.3,144.2,A,DoorSpread,DoorMaster,5.165000,D,S,264671.000000
Sun Sep 13 10:50:06 2015,13-Sep-2015,135010,47 18.376100 N,062 34.285200 W,6.3,144.3,A,DoorSpread,DoorMaster,5.165000,D,S,264671.000000
Sun Sep 13 10:50:06 2015,13-Sep-2015,135011,47 18.374700 N,062 34.283700 W,6.3,144.2,A,DoorSpread,DoorMaster,5.165000,D,S,264671.000000
Sun Sep 13 10:50:12 2015,13-Sep-2015,135012,47 18.373300 N,062 34.282100 W,6.3,143.7,A,Depth,Depth,28.981481,D,S,50218.000000
Sun Sep 13 10:50:12 2015,13-Sep-2015,135013,47 18.372100 N,062 34.280400 W,6.2,143.0,A,Depth,Depth,28.981481,D,S,50218.000000
Sun Sep 13 10:50:12 2015,13-Sep-2015,135014,47 18.370800 N,062 34.278700 W,6.2,142.6,A,Depth,Depth,28.981481,D,S,50218.000000
Sun Sep 13 10:50:12 2015,13-Sep-2015,135015,47 18.369500 N,062 34.277300 W,6.2,142.7,A,Depth,Depth,28.981481,D,S,50218.000000
Sun Sep 13 10:50:12 2015,13-Sep-2015,135016,47 18.367900 N,062 34.275800 W,6.2,143.1,A,Depth,Depth,28.981481,D,S,50218.000000
Sun Sep 13 10:50:18 2015,13-Sep-2015,135017,47 18.366400 N,062 34.274400 W,6.2,143.9,A,DoorSpread,DoorMaster,5.420000,D,S,131925.000000
Sun Sep 13 10:50:18 2015,13-Sep-2015,135018,47 18.364800 N,062 34.273000 W,6.2,144.6,A,DoorSpread,DoorMaster,5.420000,D,S,131925.000000
Sun Sep 13 10:50:20 2015,13-Sep-2015,135019,47 18.363400 N,062 34.271500 W,6.2,144.5,A,Depth,Depth,18.981481,D,S,51502.000000
Sun Sep 13 10:50:20 2015,13-Sep-2015,135020,47 18.362100 N,062 34.269900 W,6.2,144.2,A,Depth,Depth,18.981481,D,S,51502.000000
Sun Sep 13 10:50:20 2015,13-Sep-2015,135021,47 18.360700 N,062 34.268300 W,6.2,143.9,A,Depth,Depth,18.981481,D,S,51502.000000
Sun Sep 13 10:50:20 2015,13-Sep-2015,135022,47 18.359400 N,062 34.266900 W,6.1,143.9,A,Depth,Depth,18.981481,D,S,51502.000000
Sun Sep 13 10:50:23 2015,13-Sep-2015,135023,47 18.357900 N,062 34.265400 W,6.1,144.4,A,DoorSpread,DoorMaster,5.485000,D,S,153315.000000
Sun Sep 13 10:50:23 2015,13-Sep-2015,135024,47 18.356400 N,062 34.264100 W,6.1,145.0,A,DoorSpread,DoorMaster,5.485000,D,S,153315.000000
Sun Sep 13 10:50:23 2015,13-Sep-2015,135025,47 18.354900 N,062 34.262600 W,6.2,145.2,A,DoorSpread,DoorMaster,5.485000,D,S,153315.000000
Sun Sep 13 10:50:27 2015,13-Sep-2015,135026,47 18.353500 N,062 34.261200 W,6.2,145.1,A,Depth,Depth,22.870370,D,S,38992.000000
Sun Sep 13 10:50:27 2015,13-Sep-2015,135027,47 18.352100 N,062 34.259700 W,6.1,144.7,A,Depth,Depth,22.870370,D,S,38992.000000
Sun Sep 13 10:50:27 2015,13-Sep-2015,135028,47 18.350800 N,062 34.258100 W,6.1,144.4,A,Depth,Depth,22.870370,D,S,38992.000000
Sun Sep 13 10:50:29 2015,13-Sep-2015,135029,47 18.349300 N,062 34.256600 W,6.1,144.5,A,DoorSpread,DoorMaster,5.730000,D,S,203095.000000
Sun Sep 13 10:50:29 2015,13-Sep-2015,135030,47 18.348000 N,062 34.255200 W,6.1,144.8,A,DoorSpread,DoorMaster,5.730000,D,S,203095.000000
Sun Sep 13 10:50:29 2015,13-Sep-2015,135031,47 18.346600 N,062 34.253800 W,6.1,144.9,A,DoorSpread,DoorMaster,5.730000,D,S,203095.000000
Sun Sep 13 10:50:29 2015,13-Sep-2015,135032,47 18.345300 N,062 34.252400 W,6.1,144.7,A,DoorSpread,DoorMaster,5.730000,D,S,203095.000000
Sun Sep 13 10:50:34 2015,13-Sep-2015,135033,47 18.343900 N,062 34.250900 W,6.0,144.5,A,Depth,Depth,17.870370,D,S,57104.000000
Sun Sep 13 10:50:34 2015,13-Sep-2015,135034,47 18.342600 N,062 34.249500 W,6.0,144.5,A,DoorSpread,DoorMaster,0.000000,E,S,145051.000000
Sun Sep 13 10:50:34 2015,13-Sep-2015,135035,47 18.341100 N,062 34.248100 W,6.1,144.6,A,DoorSpread,DoorMaster,0.000000,E,S,145051.000000
Sun Sep 13 10:50:34 2015,13-Sep-2015,135036,47 18.339700 N,062 34.246700 W,6.1,144.7,A,DoorSpread,DoorMaster,0.000000,E,S,145051.000000
Sun Sep 13 10:50:34 2015,13-Sep-2015,135037,47 18.338400 N,062 34.245200 W,6.0,144.1,A,DoorSpread,DoorMaster,0.000000,E,S,145051.000000
Sun Sep 13 10:50:34 2015,13-Sep-2015,135038,47 18.337100 N,062 34.243700 W,6.0,143.8,A,DoorSpread,DoorMaster,0.000000,E,S,145051.000000
Sun Sep 13 10:50:39 2015,13-Sep-2015,135039,47 18.335800 N,062 34.242300 W,6.0,144.1,A,DoorSpread,DoorMaster,7.065000,D,S,75903.000000
Sun Sep 13 10:50:39 2015,13-Sep-2015,135040,47 18.334400 N,062 34.241000 W,6.0,144.6,A,DoorSpread,DoorMaster,7.065000,D,S,75903.000000
Sun Sep 13 10:50:41 2015,13-Sep-2015,135041,47 18.333000 N,062 34.239600 W,6.0,144.8,A,Depth,Depth,26.481481,D,S,61012.000000
Sun Sep 13 10:50:41 2015,13-Sep-2015,135042,47 18.331700 N,062 34.238100 W,6.0,144.4,A,Depth,Depth,26.481481,D,S,61012.000000
Sun Sep 13 10:50:41 2015,13-Sep-2015,135043,47 18.330400 N,062 34.236600 W,6.0,143.7,A,Depth,Depth,26.481481,D,S,61012.000000
Sun Sep 13 10:50:41 2015,13-Sep-2015,135044,47 18.329000 N,062 34.235100 W,6.0,143.4,A,Depth,Depth,26.481481,D,S,61012.000000
Sun Sep 13 10:50:45 2015,13-Sep-2015,135045,47 18.327700 N,062 34.233800 W,6.0,143.8,A,DoorSpread,DoorMaster,6.880000,D,S,66672.000000
Sun Sep 13 10:50:45 2015,13-Sep-2015,135046,47 18.326300 N,062 34.232400 W,6.0,143.9,A,DoorSpread,DoorMaster,6.880000,D,S,66672.000000
Sun Sep 13 10:50:45 2015,13-Sep-2015,135047,47 18.325100 N,062 34.231000 W,6.0,143.4,A,DoorSpread,DoorMaster,6.880000,D,S,66672.000000
Sun Sep 13 10:50:48 2015,13-Sep-2015,135048,47 18.323900 N,062 34.229600 W,5.9,143.0,A,Depth,Depth,27.314815,D,S,21842.000000
Sun Sep 13 10:50:48 2015,13-Sep-2015,135049,47 18.322600 N,062 34.228200 W,6.0,143.2,A,Depth,Depth,27.314815,D,S,21842.000000
Sun Sep 13 10:50:51 2015,13-Sep-2015,135050,47 18.321200 N,062 34.226900 W,6.0,143.7,A,DoorSpread,DoorMaster,6.530000,D,S,142817.000000
Sun Sep 13 10:50:51 2015,13-Sep-2015,135051,47 18.319900 N,062 34.225500 W,6.0,143.8,A,DoorSpread,DoorMaster,6.530000,D,S,142817.000000
Sun Sep 13 10:50:51 2015,13-Sep-2015,135052,47 18.318600 N,062 34.224000 W,6.0,143.6,A,DoorSpread,DoorMaster,6.530000,D,S,142817.000000
Sun Sep 13 10:50:51 2015,13-Sep-2015,135053,47 18.317300 N,062 34.222600 W,6.0,143.5,A,DoorSpread,DoorMaster,6.530000,D,S,142817.000000
Sun Sep 13 10:50:51 2015,13-Sep-2015,135054,47 18.316000 N,062 34.221100 W,5.9,143.3,A,DoorSpread,DoorMaster,6.530000,D,S,142817.000000
Sun Sep 13 10:50:55 2015,13-Sep-2015,135055,47 18.314700 N,062 34.219700 W,5.9,143.2,A,Depth,Depth,27.129630,D,S,43505.000000
Sun Sep 13 10:50:56 2015,13-Sep-2015,135056,47 18.313400 N,062 34.218400 W,5.9,143.7,A,DoorSpread,DoorMaster,6.845000,D,S,76886.000000
Sun Sep 13 10:50:56 2015,13-Sep-2015,135057,47 18.312000 N,062 34.217000 W,5.9,144.2,A,DoorSpread,DoorMaster,6.845000,D,S,76886.000000
Sun Sep 13 10:50:56 2015,13-Sep-2015,135058,47 18.310600 N,062 34.215600 W,5.9,144.6,A,DoorSpread,DoorMaster,6.845000,D,S,76886.000000
Sun Sep 13 10:50:56 2015,13-Sep-2015,135059,47 18.309300 N,062 34.214200 W,5.9,144.7,A,DoorSpread,DoorMaster,6.845000,D,S,76886.000000
Sun Sep 13 10:50:56 2015,13-Sep-2015,135100,47 18.307900 N,062 34.212800 W,6.0,144.6,A,DoorSpread,DoorMaster,6.845000,D,S,76886.000000
Sun Sep 13 10:50:56 2015,13-Sep-2015,135101,47 18.306600 N,062 34.211300 W,5.9,144.4,A,DoorSpread,DoorMaster,6.845000,D,S,76886.000000
Sun Sep 13 10:51:02 2015,13-Sep-2015,135102,47 18.305300 N,062 34.209900 W,5.9,144.2,A,Depth,Depth,23.148148,D,S,80999.000000
Sun Sep 13 10:51:02 2015,13-Sep-2015,135103,47 18.304000 N,062 34.208500 W,5.9,144.1,A,Depth,Depth,23.148148,D,S,80999.000000
Sun Sep 13 10:51:02 2015,13-Sep-2015,135104,47 18.302700 N,062 34.207100 W,5.9,143.9,A,Depth,Depth,23.148148,D,S,80999.000000
Sun Sep 13 10:51:02 2015,13-Sep-2015,135105,47 18.301300 N,062 34.205700 W,5.9,144.1,A,Depth,Depth,23.148148,D,S,80999.000000
Sun Sep 13 10:51:02 2015,13-Sep-2015,135106,47 18.299900 N,062 34.204300 W,5.9,144.3,A,Depth,Depth,23.148148,D,S,80999.000000
Sun Sep 13 10:51:08 2015,13-Sep-2015,135107,47 18.298500 N,062 34.202900 W,5.9,144.3,A,DoorSpread,DoorMaster,7.870000,D,S,145099.000000
Sun Sep 13 10:51:08 2015,13-Sep-2015,135108,47 18.297200 N,062 34.201500 W,5.9,144.1,A,DoorSpread,DoorMaster,7.870000,D,S,145099.000000
Sun Sep 13 10:51:09 2015,13-Sep-2015,135109,47 18.295900 N,062 34.200200 W,5.9,144.0,A,Depth,Depth,39.351852,D,S,38022.000000
Sun Sep 13 10:51:09 2015,13-Sep-2015,135110,47 18.294600 N,062 34.198800 W,5.9,143.9,A,Depth,Depth,39.351852,D,S,38022.000000
Sun Sep 13 10:51:09 2015,13-Sep-2015,135111,47 18.293300 N,062 34.197400 W,5.9,144.0,A,Depth,Depth,39.351852,D,S,38022.000000
Sun Sep 13 10:51:09 2015,13-Sep-2015,135112,47 18.292000 N,062 34.196100 W,5.9,144.0,A,Depth,Depth,39.351852,D,S,38022.000000
Sun Sep 13 10:51:13 2015,13-Sep-2015,135113,47 18.290600 N,062 34.194800 W,5.9,144.4,A,DoorSpread,DoorMaster,6.625000,D,S,56699.000000
Sun Sep 13 10:51:13 2015,13-Sep-2015,135114,47 18.289100 N,062 34.193500 W,5.9,145.2,A,DoorSpread,DoorMaster,6.625000,D,S,56699.000000
Sun Sep 13 10:51:13 2015,13-Sep-2015,135115,47 18.287700 N,062 34.192200 W,5.9,145.4,A,DoorSpread,DoorMaster,6.625000,D,S,56699.000000
Sun Sep 13 10:51:16 2015,13-Sep-2015,135116,47 18.286500 N,062 34.190800 W,5.9,145.2,A,Depth,Depth,23.148148,D,S,48863.000000
Sun Sep 13 10:51:16 2015,13-Sep-2015,135117,47 18.285200 N,062 34.189400 W,5.9,144.8,A,Depth,Depth,23.148148,D,S,48863.000000
Sun Sep 13 10:51:16 2015,13-Sep-2015,135118,47 18.283900 N,062 34.188000 W,5.9,144.6,A,Depth,Depth,23.148148,D,S,48863.000000
Sun Sep 13 10:51:19 2015,13-Sep-2015,135119,47 18.282600 N,062 34.186500 W,5.9,144.5,A,DoorSpread,DoorMaster,6.855000,D,S,101312.000000
Sun Sep 13 10:51:19 2015,13-Sep-2015,135120,47 18.281200 N,062 34.185100 W,5.9,144.6,A,DoorSpread,DoorMaster,6.855000,D,S,101312.000000
Sun Sep 13 10:51:19 2015,13-Sep-2015,135121,47 18.279900 N,062 34.183700 W,5.9,144.6,A,DoorSpread,DoorMaster,6.855000,D,S,101312.000000
Sun Sep 13 10:51:19 2015,13-Sep-2015,135122,47 18.278600 N,062 34.182300 W,5.9,144.5,A,DoorSpread,DoorMaster,6.855000,D,S,101312.000000
Sun Sep 13 10:51:19 2015,13-Sep-2015,135123,47 18.277200 N,062 34.180900 W,5.9,144.3,A,DoorSpread,DoorMaster,6.855000,D,S,101312.000000
Sun Sep 13 10:51:24 2015,13-Sep-2015,135124,47 18.276000 N,062 34.179500 W,5.9,144.2,A,DoorSpread,DoorMaster,7.250000,D,S,69969.000000
Sun Sep 13 10:51:24 2015,13-Sep-2015,135125,47 18.274700 N,062 34.178100 W,5.9,144.0,A,DoorSpread,DoorMaster,7.250000,D,S,69969.000000
Sun Sep 13 10:51:24 2015,13-Sep-2015,135126,47 18.273400 N,062 34.176500 W,5.9,143.7,A,DoorSpread,DoorMaster,7.250000,D,S,69969.000000
Sun Sep 13 10:51:24 2015,13-Sep-2015,135127,47 18.272000 N,062 34.175100 W,5.9,143.7,A,DoorSpread,DoorMaster,7.250000,D,S,69969.000000
Sun Sep 13 10:51:24 2015,13-Sep-2015,135128,47 18.270700 N,062 34.173600 W,5.9,143.8,A,DoorSpread,DoorMaster,7.250000,D,S,69969.000000
Sun Sep 13 10:51:24 2015,13-Sep-2015,135129,47 18.269400 N,062 34.172300 W,5.9,143.9,A,DoorSpread,DoorMaster,7.250000,D,S,69969.000000
Sun Sep 13 10:51:30 2015,13-Sep-2015,135130,47 18.268100 N,062 34.170900 W,5.9,144.0,A,DoorSpread,DoorMaster,6.915000,D,S,125753.000000
Sun Sep 13 10:51:30 2015,13-Sep-2015,135131,47 18.266800 N,062 34.169500 W,5.8,144.2,A,DoorSpread,DoorMaster,6.915000,D,S,125753.000000
Sun Sep 13 10:51:30 2015,13-Sep-2015,135132,47 18.265600 N,062 34.168200 W,5.8,144.3,A,DoorSpread,DoorMaster,6.915000,D,S,125753.000000
Sun Sep 13 10:51:34 2015,13-Sep-2015,135133,47 18.264300 N,062 34.166900 W,5.8,144.5,A,Primary,Headline,1.673469,D,S,17494.000000
Sun Sep 13 10:51:34 2015,13-Sep-2015,135134,47 18.263100 N,062 34.165600 W,5.7,144.6,A,Primary,Headline,1.673469,D,S,17494.000000
Sun Sep 13 10:51:34 2015,13-Sep-2015,135135,47 18.262000 N,062 34.164500 W,5.5,144.4,A,Primary,Headline,1.673469,D,S,17494.000000
Sun Sep 13 10:51:36 2015,13-Sep-2015,135136,47 18.261100 N,062 34.163300 W,5.4,143.9,A,DoorSpread,DoorMaster,6.650000,D,S,47816.000000
Sun Sep 13 10:51:36 2015,13-Sep-2015,135137,47 18.260200 N,062 34.162200 W,5.2,143.5,A,DoorSpread,DoorMaster,6.650000,D,S,47816.000000
Sun Sep 13 10:51:38 2015,13-Sep-2015,135138,47 18.259300 N,062 34.161200 W,5.0,143.8,A,Depth,Depth,31.203704,D,S,51476.000000
Sun Sep 13 10:51:39 2015,13-Sep-2015,135139,47 18.258400 N,062 34.160400 W,4.8,144.7,A,Primary,Headline,21.755102,D,S,48336.000000
Sun Sep 13 10:51:39 2015,13-Sep-2015,135140,47 18.257600 N,062 34.159600 W,4.6,144.8,A,Primary,Headline,21.755102,D,S,48336.000000
Sun Sep 13 10:51:41 2015,13-Sep-2015,135141,47 18.257000 N,062 34.158700 W,4.4,143.8,A,DoorSpread,DoorMaster,0.000000,E,S,223871.000000
Sun Sep 13 10:51:41 2015,13-Sep-2015,135142,47 18.256300 N,062 34.157800 W,4.2,143.1,A,DoorSpread,DoorMaster,0.000000,E,S,223871.000000
Sun Sep 13 10:51:41 2015,13-Sep-2015,135143,47 18.255500 N,062 34.157100 W,4.1,143.5,A,DoorSpread,DoorMaster,0.000000,E,S,223871.000000
Sun Sep 13 10:51:44 2015,13-Sep-2015,135144,47 18.254900 N,062 34.156600 W,3.8,144.4,A,Primary,Headline,27.448980,D,S,76615.000000
Sun Sep 13 10:51:45 2015,13-Sep-2015,135145,47 18.254400 N,062 34.156000 W,3.7,144.7,A,Depth,Depth,40.370370,D,S,43629.000000
Sun Sep 13 10:51:46 2015,13-Sep-2015,135146,47 18.253800 N,062 34.155400 W,3.5,144.6,A,DoorSpread,DoorMaster,0.000000,E,S,155971.000000
Sun Sep 13 10:51:46 2015,13-Sep-2015,135147,47 18.253200 N,062 34.154800 W,3.4,144.6,A,DoorSpread,DoorMaster,0.000000,E,S,155971.000000
Sun Sep 13 10:51:46 2015,13-Sep-2015,135148,47 18.252800 N,062 34.154200 W,3.2,144.3,A,DoorSpread,DoorMaster,0.000000,E,S,155971.000000
Sun Sep 13 10:51:49 2015,13-Sep-2015,135149,47 18.252300 N,062 34.153700 W,3.0,144.0,A,Secondary,Headline,0.000000,E,S,15359.000000
Sun Sep 13 10:51:49 2015,13-Sep-2015,135150,47 18.251900 N,062 34.153300 W,2.9,144.8,A,Secondary,Headline,0.000000,E,S,15359.000000
Sun Sep 13 10:51:52 2015,13-Sep-2015,135151,47 18.251300 N,062 34.153000 W,2.8,146.9,A,DoorSpread,DoorMaster,7.830000,D,S,73282.000000
Sun Sep 13 10:51:52 2015,13-Sep-2015,135152,47 18.250800 N,062 34.152800 W,2.7,148.4,A,Depth,Depth,32.037037,D,S,70372.000000
Sun Sep 13 10:51:52 2015,13-Sep-2015,135153,47 18.250500 N,062 34.152400 W,2.6,147.4,A,Depth,Depth,32.037037,D,S,70372.000000
Sun Sep 13 10:51:54 2015,13-Sep-2015,135154,47 18.250100 N,062 34.151800 W,2.5,145.5,A,Primary,Headline,14.795918,D,S,71884.000000
Sun Sep 13 10:51:54 2015,13-Sep-2015,135155,47 18.249700 N,062 34.151400 W,2.3,145.5,A,Primary,Headline,14.795918,D,S,71884.000000
Sun Sep 13 10:51:54 2015,13-Sep-2015,135156,47 18.249200 N,062 34.151200 W,2.3,147.7,A,Primary,Headline,14.795918,D,S,71884.000000
Sun Sep 13 10:51:57 2015,13-Sep-2015,135157,47 18.248700 N,062 34.151000 W,2.2,150.3,A,DoorSpread,DoorMaster,7.530000,D,S,167044.000000
Sun Sep 13 10:51:57 2015,13-Sep-2015,135158,47 18.248200 N,062 34.150800 W,2.1,151.1,A,DoorSpread,DoorMaster,7.530000,D,S,167044.000000
Sun Sep 13 10:52:00 2015,13-Sep-2015,135159,47 18.247900 N,062 34.150400 W,2.0,149.8,A,Primary,Headline,5.775510,D,S,12554.000000
Sun Sep 13 10:52:00 2015,13-Sep-2015,135200,47 18.247500 N,062 34.150000 W,2.0,148.1,A,Primary,Headline,5.775510,D,S,12554.000000
Sun Sep 13 10:52:00 2015,13-Sep-2015,135201,47 18.247100 N,062 34.149700 W,1.9,148.4,A,Primary,Headline,5.775510,D,S,12554.000000
Sun Sep 13 10:52:00 2015,13-Sep-2015,135202,47 18.246700 N,062 34.149500 W,1.9,149.8,A,Primary,Headline,5.775510,D,S,12554.000000
Sun Sep 13 10:52:03 2015,13-Sep-2015,135203,47 18.246300 N,062 34.149200 W,1.8,150.4,A,DoorSpread,DoorMaster,7.245000,D,S,227549.000000
Sun Sep 13 10:52:05 2015,13-Sep-2015,135204,47 18.245800 N,062 34.148900 W,1.8,150.8,A,Primary,Headline,0.408163,D,S,50451.000000
Sun Sep 13 10:52:05 2015,13-Sep-2015,135205,47 18.245400 N,062 34.148600 W,1.8,151.1,A,Primary,Headline,0.408163,D,S,50451.000000
Sun Sep 13 10:52:06 2015,13-Sep-2015,135206,47 18.245000 N,062 34.148300 W,1.8,150.4,A,Depth,Depth,37.129630,D,S,45691.000000
Sun Sep 13 10:52:06 2015,13-Sep-2015,135207,47 18.244600 N,062 34.147900 W,1.7,149.5,A,Depth,Depth,37.129630,D,S,45691.000000
Sun Sep 13 10:52:09 2015,13-Sep-2015,135208,47 18.244300 N,062 34.147700 W,1.7,149.5,A,DoorSpread,DoorMaster,7.120000,D,S,35472.000000
Sun Sep 13 10:52:10 2015,13-Sep-2015,135209,47 18.243900 N,062 34.147400 W,1.7,149.2,A,Primary,Headline,2.285714,D,S,42634.000000
Sun Sep 13 10:52:10 2015,13-Sep-2015,135210,47 18.243500 N,062 34.147100 W,1.7,149.6,A,Primary,Headline,2.285714,D,S,42634.000000
Sun Sep 13 10:52:10 2015,13-Sep-2015,135211,47 18.242900 N,062 34.146800 W,1.8,151.4,A,Primary,Headline,2.285714,D,S,42634.000000
Sun Sep 13 10:52:10 2015,13-Sep-2015,135212,47 18.242400 N,062 34.146500 W,1.8,152.6,A,Primary,Headline,2.285714,D,S,42634.000000
Sun Sep 13 10:52:13 2015,13-Sep-2015,135213,47 18.242000 N,062 34.146100 W,1.8,151.3,A,Depth,Depth,43.055556,D,S,60492.000000
Sun Sep 13 10:52:15 2015,13-Sep-2015,135214,47 18.241500 N,062 34.145600 W,1.8,148.6,A,Primary,Headline,3.163265,D,S,16799.000000
Sun Sep 13 10:52:15 2015,13-Sep-2015,135215,47 18.241100 N,062 34.145100 W,1.9,148.1,A,Primary,Headline,3.163265,D,S,16799.000000
Sun Sep 13 10:52:15 2015,13-Sep-2015,135216,47 18.240600 N,062 34.144700 W,1.9,149.7,A,Primary,Headline,3.163265,D,S,16799.000000
Sun Sep 13 10:52:15 2015,13-Sep-2015,135217,47 18.240100 N,062 34.144400 W,1.9,150.9,A,Primary,Headline,3.163265,D,S,16799.000000
Sun Sep 13 10:52:15 2015,13-Sep-2015,135218,47 18.239700 N,062 34.143900 W,1.9,150.1,A,Primary,Headline,3.163265,D,S,16799.000000
Sun Sep 13 10:52:15 2015,13-Sep-2015,135219,47 18.239100 N,062 34.143400 W,2.0,148.4,A,Primary,Headline,3.163265,D,S,16799.000000
Sun Sep 13 10:52:20 2015,13-Sep-2015,135220,47 18.238600 N,062 34.142900 W,2.0,147.9,A,Depth,Depth,43.333333,D,S,61876.000000
Sun Sep 13 10:52:20 2015,13-Sep-2015,135221,47 18.238100 N,062 34.142500 W,2.0,148.5,A,Depth,Depth,43.333333,D,S,61876.000000
Sun Sep 13 10:52:20 2015,13-Sep-2015,135222,47 18.237600 N,062 34.142000 W,2.0,148.8,A,Depth,Depth,43.333333,D,S,61876.000000
Sun Sep 13 10:52:20 2015,13-Sep-2015,135223,47 18.237200 N,062 34.141500 W,2.0,147.9,A,Depth,Depth,43.333333,D,S,61876.000000
Sun Sep 13 10:52:20 2015,13-Sep-2015,135224,47 18.236700 N,062 34.141000 W,2.1,147.1,A,Depth,Depth,43.333333,D,S,61876.000000
Sun Sep 13 10:52:25 2015,13-Sep-2015,135225,47 18.236100 N,062 34.140500 W,2.1,148.0,A,DoorSpread,DoorMaster,6.030000,D,S,171237.000000
Sun Sep 13 10:52:25 2015,13-Sep-2015,135226,47 18.235600 N,062 34.140100 W,2.1,149.2,A,DoorSpread,DoorMaster,6.030000,D,S,171237.000000
Sun Sep 13 10:52:25 2015,13-Sep-2015,135227,47 18.235200 N,062 34.139600 W,2.1,148.8,A,DoorSpread,DoorMaster,6.030000,D,S,171237.000000
Sun Sep 13 10:52:28 2015,13-Sep-2015,135228,47 18.234800 N,062 34.139100 W,2.1,147.1,A,Depth,Depth,48.796296,D,S,50080.000000
Sun Sep 13 10:52:28 2015,13-Sep-2015,135229,47 18.234200 N,062 34.138500 W,2.2,146.7,A,Depth,Depth,48.796296,D,S,50080.000000
Sun Sep 13 10:52:28 2015,13-Sep-2015,135230,47 18.233800 N,062 34.138100 W,2.1,147.6,A,Depth,Depth,48.796296,D,S,50080.000000
Sun Sep 13 10:52:31 2015,13-Sep-2015,135231,47 18.233300 N,062 34.137600 W,2.1,147.8,A,DoorSpread,DoorMaster,5.795000,D,S,195592.000000
Sun Sep 13 10:52:31 2015,13-Sep-2015,135232,47 18.232800 N,062 34.137100 W,2.1,147.4,A,DoorSpread,DoorMaster,5.795000,D,S,195592.000000
Sun Sep 13 10:52:31 2015,13-Sep-2015,135233,47 18.232200 N,062 34.136700 W,2.2,147.1,A,DoorSpread,DoorMaster,5.795000,D,S,195592.000000
Sun Sep 13 10:52:31 2015,13-Sep-2015,135234,47 18.231700 N,062 34.136200 W,2.2,147.0,A,DoorSpread,DoorMaster,5.795000,D,S,195592.000000
Sun Sep 13 10:52:35 2015,13-Sep-2015,135235,47 18.231100 N,062 34.135800 W,2.2,147.6,A,Depth,Depth,52.222222,D,S,70154.000000
Sun Sep 13 10:52:36 2015,13-Sep-2015,135236,47 18.230500 N,062 34.135400 W,2.2,148.3,A,DoorSpread,DoorMaster,5.915000,D,S,118456.000000
Sun Sep 13 10:52:36 2015,13-Sep-2015,135237,47 18.230000 N,062 34.135100 W,2.1,148.6,A,DoorSpread,DoorMaster,5.915000,D,S,118456.000000
Sun Sep 13 10:52:36 2015,13-Sep-2015,135238,47 18.229500 N,062 34.134600 W,2.1,147.7,A,DoorSpread,DoorMaster,5.915000,D,S,118456.000000
Sun Sep 13 10:52:36 2015,13-Sep-2015,135239,47 18.229000 N,062 34.134100 W,2.1,146.9,A,DoorSpread,DoorMaster,5.915000,D,S,118456.000000
Sun Sep 13 10:52:36 2015,13-Sep-2015,135240,47 18.228500 N,062 34.133700 W,2.1,147.5,A,DoorSpread,DoorMaster,5.915000,D,S,118456.000000
Sun Sep 13 10:52:36 2015,13-Sep-2015,135241,47 18.227800 N,062 34.133400 W,2.1,148.9,A,DoorSpread,DoorMaster,5.915000,D,S,118456.000000
Sun Sep 13 10:52:42 2015,13-Sep-2015,135242,47 18.227200 N,062 34.133000 W,2.2,149.5,A,Depth,Depth,51.481481,D,S,82502.000000
Sun Sep 13 10:52:42 2015,13-Sep-2015,135243,47 18.226700 N,062 34.132400 W,2.2,148.6,A,Depth,Depth,51.481481,D,S,82502.000000
Sun Sep 13 10:52:42 2015,13-Sep-2015,135244,47 18.226200 N,062 34.132000 W,2.2,147.4,A,Depth,Depth,51.481481,D,S,82502.000000
Sun Sep 13 10:52:42 2015,13-Sep-2015,135245,47 18.225700 N,062 34.131400 W,2.2,147.3,A,Depth,Depth,51.481481,D,S,82502.000000
Sun Sep 13 10:52:42 2015,13-Sep-2015,135246,47 18.225200 N,062 34.130900 W,2.2,148.4,A,Depth,Depth,51.481481,D,S,82502.000000
Sun Sep 13 10:52:48 2015,13-Sep-2015,135247,47 18.224500 N,062 34.130500 W,2.2,148.9,A,DoorSpread,DoorMaster,6.300000,D,S,109914.000000
Sun Sep 13 10:52:48 2015,13-Sep-2015,135248,47 18.224100 N,062 34.130000 W,2.2,148.9,A,DoorSpread,DoorMaster,6.300000,D,S,109914.000000
Sun Sep 13 10:52:49 2015,13-Sep-2015,135249,47 18.223600 N,062 34.129500 W,2.2,148.3,A,Depth,Depth,58.240741,D,S,46819.000000
Sun Sep 13 10:52:49 2015,13-Sep-2015,135250,47 18.223100 N,062 34.129000 W,2.2,147.3,A,Depth,Depth,58.240741,D,S,46819.000000
Sun Sep 13 10:52:49 2015,13-Sep-2015,135251,47 18.222600 N,062 34.128400 W,2.2,147.0,A,Depth,Depth,58.240741,D,S,46819.000000
Sun Sep 13 10:52:49 2015,13-Sep-2015,135252,47 18.222100 N,062 34.128000 W,2.2,147.2,A,Depth,Depth,58.240741,D,S,46819.000000
Sun Sep 13 10:52:53 2015,13-Sep-2015,135253,47 18.221600 N,062 34.127500 W,2.1,146.5,A,DoorSpread,DoorMaster,5.995000,D,S,102118.000000
Sun Sep 13 10:52:53 2015,13-Sep-2015,135254,47 18.221100 N,062 34.126900 W,2.1,145.9,A,DoorSpread,DoorMaster,5.995000,D,S,102118.000000
Sun Sep 13 10:52:53 2015,13-Sep-2015,135255,47 18.220600 N,062 34.126500 W,2.1,146.8,A,DoorSpread,DoorMaster,5.995000,D,S,102118.000000
Sun Sep 13 10:52:57 2015,13-Sep-2015,135256,47 18.220100 N,062 34.126100 W,2.1,147.8,A,Depth,Depth,58.055556,D,S,74537.000000
Sun Sep 13 10:52:57 2015,13-Sep-2015,135257,47 18.219500 N,062 34.125600 W,2.1,147.5,A,Depth,Depth,58.055556,D,S,74537.000000
Sun Sep 13 10:52:57 2015,13-Sep-2015,135258,47 18.219100 N,062 34.125000 W,2.1,146.5,A,Depth,Depth,58.055556,D,S,74537.000000
Sun Sep 13 10:52:59 2015,13-Sep-2015,135259,47 18.218600 N,062 34.124500 W,2.1,145.9,A,DoorSpread,DoorMaster,6.610000,D,S,108039.000000
Sun Sep 13 10:53:00 2015,13-Sep-2015,135300,47 18.218100 N,062 34.124000 W,2.1,145.7,A,Secondary,Headline,5.408163,D,S,61288.000000
Sun Sep 13 10:53:00 2015,13-Sep-2015,135301,47 18.217600 N,062 34.123500 W,2.1,146.1,A,Secondary,Headline,5.408163,D,S,61288.000000
Sun Sep 13 10:53:00 2015,13-Sep-2015,135302,47 18.217100 N,062 34.123100 W,2.1,146.5,A,Secondary,Headline,5.408163,D,S,61288.000000
Sun Sep 13 10:53:00 2015,13-Sep-2015,135303,47 18.216500 N,062 34.122600 W,2.1,146.1,A,Secondary,Headline,5.408163,D,S,61288.000000
Sun Sep 13 10:53:04 2015,13-Sep-2015,135304,47 18.216000 N,062 34.122000 W,2.1,145.8,A,DoorSpread,DoorMaster,6.475000,D,S,66717.000000
Sun Sep 13 10:53:05 2015,13-Sep-2015,135305,47 18.215500 N,062 34.121500 W,2.1,145.8,A,Primary,Headline,3.448980,D,S,19241.000000
Sun Sep 13 10:53:05 2015,13-Sep-2015,135306,47 18.215100 N,062 34.121100 W,2.1,145.5,A,Primary,Headline,3.448980,D,S,19241.000000
Sun Sep 13 10:53:05 2015,13-Sep-2015,135307,47 18.214600 N,062 34.120500 W,2.1,145.2,A,Primary,Headline,3.448980,D,S,19241.000000
Sun Sep 13 10:53:05 2015,13-Sep-2015,135308,47 18.214000 N,062 34.120000 W,2.2,145.7,A,Primary,Headline,3.448980,D,S,19241.000000
Sun Sep 13 10:53:05 2015,13-Sep-2015,135309,47 18.213500 N,062 34.119500 W,2.2,146.3,A,Primary,Headline,3.448980,D,S,19241.000000
Sun Sep 13 10:53:10 2015,13-Sep-2015,135310,47 18.213100 N,062 34.119000 W,2.1,145.8,A,Primary,Headline,1.714286,D,S,22596.000000
Sun Sep 13 10:53:11 2015,13-Sep-2015,135311,47 18.212600 N,062 34.118400 W,2.1,144.5,A,Depth,Depth,47.037037,D,S,70215.000000
Sun Sep 13 10:53:11 2015,13-Sep-2015,135312,47 18.212200 N,062 34.117800 W,2.2,144.1,A,Depth,Depth,47.037037,D,S,70215.000000
Sun Sep 13 10:53:11 2015,13-Sep-2015,135313,47 18.211700 N,062 34.117400 W,2.1,145.3,A,Depth,Depth,47.037037,D,S,70215.000000
Sun Sep 13 10:53:11 2015,13-Sep-2015,135314,47 18.211200 N,062 34.117000 W,2.1,146.2,A,Depth,Depth,47.037037,D,S,70215.000000
Sun Sep 13 10:53:15 2015,13-Sep-2015,135315,47 18.210700 N,062 34.116500 W,2.1,145.7,A,Primary,Headline,1.775510,D,S,40138.000000
Sun Sep 13 10:53:15 2015,13-Sep-2015,135316,47 18.210200 N,062 34.116000 W,2.1,145.6,A,Primary,Headline,1.775510,D,S,40138.000000
Sun Sep 13 10:53:15 2015,13-Sep-2015,135317,47 18.209700 N,062 34.115500 W,2.1,146.4,A,Primary,Headline,1.775510,D,S,40138.000000
Sun Sep 13 10:53:18 2015,13-Sep-2015,135318,47 18.209200 N,062 34.115000 W,2.1,146.7,A,Depth,Depth,64.259259,D,S,100498.000000
Sun Sep 13 10:53:18 2015,13-Sep-2015,135319,47 18.208800 N,062 34.114500 W,2.1,145.7,A,Depth,Depth,64.259259,D,S,100498.000000
Sun Sep 13 10:53:20 2015,13-Sep-2015,135320,47 18.208300 N,062 34.113900 W,2.1,145.1,A,Primary,Headline,1.653061,D,S,47969.000000
Sun Sep 13 10:53:21 2015,13-Sep-2015,135321,47 18.207800 N,062 34.113500 W,2.1,145.9,A,DoorSpread,DoorMaster,7.150000,D,S,166883.000000
Sun Sep 13 10:53:21 2015,13-Sep-2015,135322,47 18.207300 N,062 34.113200 W,2.1,147.5,A,DoorSpread,DoorMaster,7.150000,D,S,166883.000000
Sun Sep 13 10:53:21 2015,13-Sep-2015,135323,47 18.206800 N,062 34.112900 W,2.1,148.3,A,DoorSpread,DoorMaster,7.150000,D,S,166883.000000
Sun Sep 13 10:53:21 2015,13-Sep-2015,135324,47 18.206400 N,062 34.112500 W,2.1,147.8,A,DoorSpread,DoorMaster,7.150000,D,S,166883.000000
Sun Sep 13 10:53:26 2015,13-Sep-2015,135325,47 18.205900 N,062 34.112100 W,2.1,147.3,A,Depth,Depth,65.555556,D,S,48048.000000
Sun Sep 13 10:53:26 2015,13-Sep-2015,135326,47 18.205500 N,062 34.111600 W,2.0,147.1,A,DoorSpread,DoorMaster,7.615000,D,S,66281.000000
Sun Sep 13 10:53:26 2015,13-Sep-2015,135327,47 18.205100 N,062 34.111200 W,2.0,146.7,A,DoorSpread,DoorMaster,7.615000,D,S,66281.000000
Sun Sep 13 10:53:26 2015,13-Sep-2015,135328,47 18.204600 N,062 34.110800 W,2.0,147.4,A,DoorSpread,DoorMaster,7.615000,D,S,66281.000000
Sun Sep 13 10:53:26 2015,13-Sep-2015,135329,47 18.204100 N,062 34.110500 W,2.0,149.2,A,DoorSpread,DoorMaster,7.615000,D,S,66281.000000
Sun Sep 13 10:53:30 2015,13-Sep-2015,135330,47 18.203600 N,062 34.110100 W,2.0,150.3,A,Primary,Headline,1.734694,D,S,73636.000000
Sun Sep 13 10:53:30 2015,13-Sep-2015,135331,47 18.203100 N,062 34.109600 W,2.0,149.4,A,Primary,Headline,1.734694,D,S,73636.000000
Sun Sep 13 10:53:32 2015,13-Sep-2015,135332,47 18.202700 N,062 34.109100 W,2.0,147.0,A,DoorSpread,DoorMaster,7.895000,D,S,118031.000000
Sun Sep 13 10:53:33 2015,13-Sep-2015,135333,47 18.202300 N,062 34.108500 W,2.0,145.9,A,Depth,Depth,65.370370,D,S,110012.000000
Sun Sep 13 10:53:33 2015,13-Sep-2015,135334,47 18.201700 N,062 34.108100 W,2.1,147.6,A,Depth,Depth,65.370370,D,S,110012.000000
Sun Sep 13 10:53:35 2015,13-Sep-2015,135335,47 18.201100 N,062 34.107700 W,2.1,149.0,A,Primary,Headline,1.918367,D,S,20805.000000
Sun Sep 13 10:53:35 2015,13-Sep-2015,135336,47 18.200600 N,062 34.107100 W,2.1,148.3,A,Primary,Headline,1.918367,D,S,20805.000000
Sun Sep 13 10:53:35 2015,13-Sep-2015,135337,47 18.200000 N,062 34.106600 W,2.2,147.1,A,Primary,Headline,1.918367,D,S,20805.000000
Sun Sep 13 10:53:38 2015,13-Sep-2015,135338,47 18.199600 N,062 34.106000 W,2.2,146.9,A,DoorSpread,DoorMaster,7.990000,D,S,90659.000000
Sun Sep 13 10:53:38 2015,13-Sep-2015,135339,47 18.199100 N,062 34.105400 W,2.2,146.6,A,DoorSpread,DoorMaster,7.990000,D,S,90659.000000
Sun Sep 13 10:53:40 2015,13-Sep-2015,135340,47 18.198500 N,062 34.104900 W,2.2,145.9,A,Primary,Headline,1.224490,D,S,42081.000000
Sun Sep 13 10:53:40 2015,13-Sep-2015,135341,47 18.198000 N,062 34.104300 W,2.2,145.4,A,Primary,Headline,1.224490,D,S,42081.000000
Sun Sep 13 10:53:40 2015,13-Sep-2015,135342,47 18.197500 N,062 34.103700 W,2.2,145.7,A,Primary,Headline,1.224490,D,S,42081.000000
Sun Sep 13 10:53:43 2015,13-Sep-2015,135343,47 18.196900 N,062 34.103200 W,2.3,146.4,A,DoorSpread,DoorMaster,7.995000,D,S,110450.000000
Sun Sep 13 10:53:43 2015,13-Sep-2015,135344,47 18.196400 N,062 34.102700 W,2.3,146.8,A,DoorSpread,DoorMaster,7.995000,D,S,110450.000000
Sun Sep 13 10:53:45 2015,13-Sep-2015,135345,47 18.195900 N,062 34.102100 W,2.3,145.8,A,Primary,Headline,0.734694,D,S,41373.000000
Sun Sep 13 10:53:45 2015,13-Sep-2015,135346,47 18.195300 N,062 34.101400 W,2.3,144.4,A,Primary,Headline,0.734694,D,S,41373.000000
Sun Sep 13 10:53:47 2015,13-Sep-2015,135347,47 18.194900 N,062 34.100800 W,2.3,143.7,A,Depth,Depth,50.740741,D,S,47400.000000
Sun Sep 13 10:53:47 2015,13-Sep-2015,135348,47 18.194300 N,062 34.100300 W,2.3,144.6,A,Depth,Depth,50.740741,D,S,47400.000000
Sun Sep 13 10:53:49 2015,13-Sep-2015,135349,47 18.193700 N,062 34.099800 W,2.3,146.2,A,DoorSpread,DoorMaster,8.145000,D,S,114714.000000
Sun Sep 13 10:53:49 2015,13-Sep-2015,135350,47 18.193100 N,062 34.099400 W,2.3,147.8,A,DoorSpread,DoorMaster,8.145000,D,S,114714.000000
Sun Sep 13 10:53:49 2015,13-Sep-2015,135351,47 18.192600 N,062 34.098900 W,2.3,147.8,A,DoorSpread,DoorMaster,8.145000,D,S,114714.000000
Sun Sep 13 10:53:49 2015,13-Sep-2015,135352,47 18.192200 N,062 34.098300 W,2.2,145.9,A,DoorSpread,DoorMaster,8.145000,D,S,114714.000000
Sun Sep 13 10:53:49 2015,13-Sep-2015,135353,47 18.191800 N,062 34.097600 W,2.2,144.0,A,DoorSpread,DoorMaster,8.145000,D,S,114714.000000
Sun Sep 13 10:53:54 2015,13-Sep-2015,135354,47 18.191300 N,062 34.097200 W,2.2,144.7,A,Depth,Depth,65.833333,D,S,76937.000000
Sun Sep 13 10:53:55 2015,13-Sep-2015,135355,47 18.190700 N,062 34.097000 W,2.1,147.5,A,DoorSpread,DoorMaster,8.645000,D,S,179818.000000
Sun Sep 13 10:53:55 2015,13-Sep-2015,135356,47 18.190200 N,062 34.096800 W,2.1,150.3,A,DoorSpread,DoorMaster,8.645000,D,S,179818.000000
Sun Sep 13 10:53:55 2015,13-Sep-2015,135357,47 18.189700 N,062 34.096400 W,2.1,150.1,A,DoorSpread,DoorMaster,8.645000,D,S,179818.000000
Sun Sep 13 10:53:55 2015,13-Sep-2015,135358,47 18.189300 N,062 34.095800 W,2.0,147.1,A,DoorSpread,DoorMaster,8.645000,D,S,179818.000000
Sun Sep 13 10:53:55 2015,13-Sep-2015,135359,47 18.189100 N,062 34.095300 W,1.9,145.1,A,DoorSpread,DoorMaster,8.645000,D,S,179818.000000
Sun Sep 13 10:54:00 2015,13-Sep-2015,135400,47 18.188600 N,062 34.095000 W,1.9,146.5,A,DoorSpread,DoorMaster,6.200000,D,S,289759.000000
Sun Sep 13 10:54:00 2015,13-Sep-2015,135401,47 18.188100 N,062 34.094800 W,1.8,149.7,A,DoorSpread,DoorMaster,6.200000,D,S,289759.000000
Sun Sep 13 10:54:02 2015,13-Sep-2015,135402,47 18.187600 N,062 34.094500 W,1.8,150.5,A,Depth,Depth,65.740741,D,S,168774.000000
Sun Sep 13 10:54:02 2015,13-Sep-2015,135403,47 18.187200 N,062 34.094100 W,1.8,149.3,A,Depth,Depth,65.740741,D,S,168774.000000
Sun Sep 13 10:54:02 2015,13-Sep-2015,135404,47 18.186700 N,062 34.093700 W,1.8,149.1,A,Depth,Depth,65.740741,D,S,168774.000000
Sun Sep 13 10:54:05 2015,13-Sep-2015,135405,47 18.186200 N,062 34.093300 W,1.8,149.4,A,Primary,Headline,2.122449,D,S,68313.000000
Sun Sep 13 10:54:06 2015,13-Sep-2015,135406,47 18.185800 N,062 34.092800 W,1.8,148.5,A,DoorSpread,DoorMaster,4.145000,D,S,223484.000000
Sun Sep 13 10:54:06 2015,13-Sep-2015,135407,47 18.185300 N,062 34.092300 W,1.8,147.4,A,DoorSpread,DoorMaster,4.145000,D,S,223484.000000
Sun Sep 13 10:54:06 2015,13-Sep-2015,135408,47 18.184700 N,062 34.091700 W,1.9,147.7,A,DoorSpread,DoorMaster,4.145000,D,S,223484.000000
Sun Sep 13 10:54:09 2015,13-Sep-2015,135409,47 18.184100 N,062 34.091400 W,2.0,149.1,A,Depth,Depth,65.833333,D,S,89991.000000
Sun Sep 13 10:54:09 2015,13-Sep-2015,135410,47 18.183600 N,062 34.091100 W,2.1,150.1,A,Depth,Depth,65.833333,D,S,89991.000000
Sun Sep 13 10:54:11 2015,13-Sep-2015,135411,47 18.183000 N,062 34.090400 W,2.2,149.1,A,DoorSpread,DoorMaster,0.000000,E,S,207481.000000
Sun Sep 13 10:54:11 2015,13-Sep-2015,135412,47 18.182400 N,062 34.089800 W,2.3,147.0,A,DoorSpread,DoorMaster,0.000000,E,S,207481.000000
Sun Sep 13 10:54:11 2015,13-Sep-2015,135413,47 18.181900 N,062 34.089100 W,2.4,145.6,A,DoorSpread,DoorMaster,0.000000,E,S,207481.000000
Sun Sep 13 10:54:11 2015,13-Sep-2015,135414,47 18.181200 N,062 34.088500 W,2.4,145.5,A,DoorSpread,DoorMaster,0.000000,E,S,207481.000000
Sun Sep 13 10:54:11 2015,13-Sep-2015,135415,47 18.180500 N,062 34.087700 W,2.5,145.6,A,DoorSpread,DoorMaster,0.000000,E,S,207481.000000
Sun Sep 13 10:54:16 2015,13-Sep-2015,135416,47 18.179900 N,062 34.087100 W,2.6,145.4,A,DoorSpread,DoorMaster,4.490000,D,S,109687.000000
Sun Sep 13 10:54:16 2015,13-Sep-2015,135417,47 18.179300 N,062 34.086300 W,2.6,145.2,A,DoorSpread,DoorMaster,4.490000,D,S,109687.000000
Sun Sep 13 10:54:16 2015,13-Sep-2015,135418,47 18.178600 N,062 34.085600 W,2.7,145.0,A,DoorSpread,DoorMaster,4.490000,D,S,109687.000000
Sun Sep 13 10:54:16 2015,13-Sep-2015,135419,47 18.177900 N,062 34.085000 W,2.7,145.1,A,DoorSpread,DoorMaster,4.490000,D,S,109687.000000
Sun Sep 13 10:54:16 2015,13-Sep-2015,135420,47 18.177400 N,062 34.084300 W,2.6,144.8,A,DoorSpread,DoorMaster,4.490000,D,S,109687.000000
Sun Sep 13 10:54:16 2015,13-Sep-2015,135421,47 18.176800 N,062 34.083600 W,2.6,143.7,A,DoorSpread,DoorMaster,4.490000,D,S,109687.000000
Sun Sep 13 10:54:22 2015,13-Sep-2015,135422,47 18.176300 N,062 34.082800 W,2.6,142.9,A,DoorSpread,DoorMaster,5.255000,D,S,88802.000000
Sun Sep 13 10:54:23 2015,13-Sep-2015,135423,47 18.175700 N,062 34.082300 W,2.6,143.9,A,Depth,Depth,66.111111,D,S,62414.000000
Sun Sep 13 10:54:23 2015,13-Sep-2015,135424,47 18.175000 N,062 34.081800 W,2.6,146.0,A,Depth,Depth,66.111111,D,S,62414.000000
Sun Sep 13 10:54:23 2015,13-Sep-2015,135425,47 18.174400 N,062 34.081300 W,2.6,146.2,A,Depth,Depth,66.111111,D,S,62414.000000
Sun Sep 13 10:54:23 2015,13-Sep-2015,135426,47 18.173900 N,062 34.080600 W,2.5,144.5,A,Depth,Depth,66.111111,D,S,62414.000000
Sun Sep 13 10:54:23 2015,13-Sep-2015,135427,47 18.173500 N,062 34.080000 W,2.5,143.4,A,Depth,Depth,66.111111,D,S,62414.000000
Sun Sep 13 10:54:28 2015,13-Sep-2015,135428,47 18.172900 N,062 34.079400 W,2.4,144.3,A,DoorSpread,DoorMaster,5.995000,D,S,212187.000000
Sun Sep 13 10:54:28 2015,13-Sep-2015,135429,47 18.172300 N,062 34.079100 W,2.4,146.0,A,DoorSpread,DoorMaster,5.995000,D,S,212187.000000
Sun Sep 13 10:54:31 2015,13-Sep-2015,135430,47 18.171800 N,062 34.078600 W,2.4,146.9,A,Depth,Depth,69.814815,D,S,114286.000000
Sun Sep 13 10:54:31 2015,13-Sep-2015,135431,47 18.171300 N,062 34.078100 W,2.3,146.2,A,Depth,Depth,69.814815,D,S,114286.000000
Sun Sep 13 10:54:31 2015,13-Sep-2015,135432,47 18.170800 N,062 34.077500 W,2.3,145.4,A,Depth,Depth,69.814815,D,S,114286.000000
Sun Sep 13 10:54:33 2015,13-Sep-2015,135433,47 18.170400 N,062 34.077000 W,2.2,144.7,A,DoorSpread,DoorMaster,6.650000,D,S,289240.000000
Sun Sep 13 10:54:33 2015,13-Sep-2015,135434,47 18.169900 N,062 34.076600 W,2.2,144.8,A,DoorSpread,DoorMaster,6.650000,D,S,289240.000000
Sun Sep 13 10:54:36 2015,13-Sep-2015,135435,47 18.169400 N,062 34.076300 W,2.1,146.1,A,Primary,Headline,2.775510,D,S,26673.000000
Sun Sep 13 10:54:36 2015,13-Sep-2015,135436,47 18.168900 N,062 34.076000 W,2.1,147.9,A,Primary,Headline,2.775510,D,S,26673.000000
Sun Sep 13 10:54:36 2015,13-Sep-2015,135437,47 18.168400 N,062 34.075700 W,2.1,149.1,A,Primary,Headline,2.775510,D,S,26673.000000
Sun Sep 13 10:54:38 2015,13-Sep-2015,135438,47 18.168000 N,062 34.075200 W,2.0,147.8,A,Depth,Depth,60.648148,D,S,93274.000000
Sun Sep 13 10:54:39 2015,13-Sep-2015,135439,47 18.167700 N,062 34.074600 W,2.0,145.4,A,DoorSpread,DoorMaster,7.065000,D,S,291658.000000
Sun Sep 13 10:54:41 2015,13-Sep-2015,135440,47 18.167300 N,062 34.074200 W,2.0,145.2,A,Primary,Headline,2.183673,D,S,45944.000000
Sun Sep 13 10:54:41 2015,13-Sep-2015,135441,47 18.166800 N,062 34.074000 W,2.0,148.3,A,Primary,Headline,2.183673,D,S,45944.000000
Sun Sep 13 10:54:41 2015,13-Sep-2015,135442,47 18.166200 N,062 34.073700 W,2.0,150.5,A,Primary,Headline,2.183673,D,S,45944.000000
Sun Sep 13 10:54:41 2015,13-Sep-2015,135443,47 18.165800 N,062 34.073100 W,2.0,149.3,A,Primary,Headline,2.183673,D,S,45944.000000
Sun Sep 13 10:54:44 2015,13-Sep-2015,135444,47 18.165400 N,062 34.072600 W,2.0,147.0,A,DoorSpread,DoorMaster,7.545000,D,S,244300.000000
Sun Sep 13 10:54:46 2015,13-Sep-2015,135445,47 18.165000 N,062 34.072100 W,2.0,146.3,A,Primary,Headline,0.000000,D,S,54224.000000
Sun Sep 13 10:54:46 2015,13-Sep-2015,135446,47 18.164500 N,062 34.071700 W,2.0,147.9,A,Primary,Headline,0.000000,D,S,54224.000000
Sun Sep 13 10:54:46 2015,13-Sep-2015,135447,47 18.164000 N,062 34.071400 W,2.1,149.7,A,Primary,Headline,0.000000,D,S,54224.000000
Sun Sep 13 10:54:46 2015,13-Sep-2015,135448,47 18.163400 N,062 34.070900 W,2.1,149.9,A,Primary,Headline,0.000000,D,S,54224.000000
Sun Sep 13 10:54:50 2015,13-Sep-2015,135449,47 18.163000 N,062 34.070300 W,2.1,148.3,A,DoorSpread,DoorMaster,0.000000,E,S,119303.000000
Sun Sep 13 10:54:50 2015,13-Sep-2015,135450,47 18.162600 N,062 34.069600 W,2.1,146.3,A,DoorSpread,DoorMaster,0.000000,E,S,119303.000000
Sun Sep 13 10:54:50 2015,13-Sep-2015,135451,47 18.162100 N,062 34.069000 W,2.1,146.0,A,DoorSpread,DoorMaster,0.000000,E,S,119303.000000
Sun Sep 13 10:54:52 2015,13-Sep-2015,135452,47 18.161600 N,062 34.068600 W,2.1,147.4,A,Depth,Depth,64.259259,D,S,123541.000000
Sun Sep 13 10:54:52 2015,13-Sep-2015,135453,47 18.161100 N,062 34.068200 W,2.1,148.2,A,Depth,Depth,64.259259,D,S,123541.000000
Sun Sep 13 10:54:52 2015,13-Sep-2015,135454,47 18.160700 N,062 34.067700 W,2.1,147.2,A,Depth,Depth,64.259259,D,S,123541.000000
Sun Sep 13 10:54:55 2015,13-Sep-2015,135455,47 18.160200 N,062 34.067000 W,2.1,145.5,A,DoorSpread,DoorMaster,8.120000,D,S,118572.000000
Sun Sep 13 10:54:55 2015,13-Sep-2015,135456,47 18.159800 N,062 34.066400 W,2.2,144.7,A,DoorSpread,DoorMaster,8.120000,D,S,118572.000000
Sun Sep 13 10:54:55 2015,13-Sep-2015,135457,47 18.159300 N,062 34.066000 W,2.2,145.9,A,DoorSpread,DoorMaster,8.120000,D,S,118572.000000
Sun Sep 13 10:54:55 2015,13-Sep-2015,135458,47 18.158700 N,062 34.065500 W,2.2,146.8,A,DoorSpread,DoorMaster,8.120000,D,S,118572.000000
Sun Sep 13 10:55:00 2015,13-Sep-2015,135459,47 18.158200 N,062 34.064900 W,2.2,146.3,A,Depth,Depth,65.925926,D,S,136005.000000
Sun Sep 13 10:55:00 2015,13-Sep-2015,135500,47 18.157800 N,062 34.064400 W,2.2,145.6,A,Depth,Depth,65.925926,D,S,136005.000000
Sun Sep 13 10:55:01 2015,13-Sep-2015,135501,47 18.157400 N,062 34.063900 W,2.2,145.0,A,DoorSpread,DoorMaster,8.395000,D,S,121417.000000
Sun Sep 13 10:55:01 2015,13-Sep-2015,135502,47 18.156900 N,062 34.063400 W,2.2,144.0,A,DoorSpread,DoorMaster,8.395000,D,S,121417.000000
Sun Sep 13 10:55:01 2015,13-Sep-2015,135503,47 18.156500 N,062 34.062700 W,2.2,143.6,A,DoorSpread,DoorMaster,8.395000,D,S,121417.000000
Sun Sep 13 10:55:01 2015,13-Sep-2015,135504,47 18.155900 N,062 34.062300 W,2.2,144.9,A,DoorSpread,DoorMaster,8.395000,D,S,121417.000000
Sun Sep 13 10:55:01 2015,13-Sep-2015,135505,47 18.155400 N,062 34.062000 W,2.2,146.9,A,DoorSpread,DoorMaster,8.395000,D,S,121417.000000
Sun Sep 13 10:55:01 2015,13-Sep-2015,135506,47 18.154900 N,062 34.061500 W,2.2,147.6,A,DoorSpread,DoorMaster,8.395000,D,S,121417.000000
Sun Sep 13 10:55:07 2015,13-Sep-2015,135507,47 18.154400 N,062 34.061000 W,2.2,146.4,A,Depth,Depth,67.407407,D,S,102049.000000
Sun Sep 13 10:55:07 2015,13-Sep-2015,135508,47 18.154000 N,062 34.060300 W,2.2,144.4,A,Depth,Depth,67.407407,D,S,102049.000000
Sun Sep 13 10:55:07 2015,13-Sep-2015,135509,47 18.153500 N,062 34.059800 W,2.2,144.0,A,Depth,Depth,67.407407,D,S,102049.000000
Sun Sep 13 10:55:07 2015,13-Sep-2015,135510,47 18.153000 N,062 34.059500 W,2.2,146.2,A,Depth,Depth,67.407407,D,S,102049.000000
Sun Sep 13 10:55:07 2015,13-Sep-2015,135511,47 18.152400 N,062 34.059200 W,2.2,148.9,A,Depth,Depth,67.407407,D,S,102049.000000
Sun Sep 13 10:55:12 2015,13-Sep-2015,135512,47 18.151900 N,062 34.058800 W,2.2,149.3,A,DoorSpread,DoorMaster,7.870000,D,S,99351.000000
Sun Sep 13 10:55:12 2015,13-Sep-2015,135513,47 18.151500 N,062 34.058300 W,2.1,147.1,A,DoorSpread,DoorMaster,7.870000,D,S,99351.000000
Sun Sep 13 10:55:14 2015,13-Sep-2015,135514,47 18.151100 N,062 34.057700 W,2.1,145.3,A,Depth,Depth,63.703704,D,S,110037.000000
Sun Sep 13 10:55:14 2015,13-Sep-2015,135515,47 18.150700 N,062 34.057300 W,2.0,145.9,A,Depth,Depth,63.703704,D,S,110037.000000
Sun Sep 13 10:55:16 2015,13-Sep-2015,135516,47 18.150200 N,062 34.057000 W,2.0,147.4,A,Primary,Headline,3.571429,D,S,28526.000000
Sun Sep 13 10:55:16 2015,13-Sep-2015,135517,47 18.149700 N,062 34.056700 W,2.0,148.4,A,Primary,Headline,3.571429,D,S,28526.000000
Sun Sep 13 10:55:18 2015,13-Sep-2015,135518,47 18.149200 N,062 34.056300 W,2.0,148.9,A,DoorSpread,DoorMaster,7.855000,D,S,182328.000000
Sun Sep 13 10:55:18 2015,13-Sep-2015,135519,47 18.148800 N,062 34.055900 W,2.0,148.5,A,DoorSpread,DoorMaster,7.855000,D,S,182328.000000
Sun Sep 13 10:55:18 2015,13-Sep-2015,135520,47 18.148400 N,062 34.055400 W,2.0,146.8,A,DoorSpread,DoorMaster,7.855000,D,S,182328.000000
Sun Sep 13 10:55:21 2015,13-Sep-2015,135521,47 18.147900 N,062 34.054800 W,2.0,145.7,A,Depth,Depth,65.648148,D,S,70240.000000
Sun Sep 13 10:55:21 2015,13-Sep-2015,135522,47 18.147400 N,062 34.054300 W,2.0,146.4,A,Depth,Depth,65.648148,D,S,70240.000000
Sun Sep 13 10:55:21 2015,13-Sep-2015,135523,47 18.146900 N,062 34.054000 W,2.1,148.0,A,Depth,Depth,65.648148,D,S,70240.000000
Sun Sep 13 10:55:24 2015,13-Sep-2015,135524,47 18.146400 N,062 34.053600 W,2.0,148.5,A,DoorSpread,DoorMaster,8.745000,D,S,180948.000000
Sun Sep 13 10:55:24 2015,13-Sep-2015,135525,47 18.146000 N,062 34.053000 W,2.1,146.9,A,DoorSpread,DoorMaster,8.745000,D,S,180948.000000
Sun Sep 13 10:55:24 2015,13-Sep-2015,135526,47 18.145500 N,062 34.052500 W,2.1,145.4,A,DoorSpread,DoorMaster,8.745000,D,S,180948.000000
Sun Sep 13 10:55:24 2015,13-Sep-2015,135527,47 18.145000 N,062 34.052100 W,2.1,146.8,A,DoorSpread,DoorMaster,8.745000,D,S,180948.000000
Sun Sep 13 10:55:29 2015,13-Sep-2015,135528,47 18.144400 N,062 34.051700 W,2.2,148.6,A,Depth,Depth,65.370370,D,S,128809.000000
Sun Sep 13 10:55:30 2015,13-Sep-2015,135529,47 18.143900 N,062 34.051200 W,2.2,148.2,A,DoorSpread,DoorMaster,8.245000,D,S,139554.000000
Sun Sep 13 10:55:30 2015,13-Sep-2015,135530,47 18.143400 N,062 34.050600 W,2.2,146.5,A,DoorSpread,DoorMaster,8.245000,D,S,139554.000000
Sun Sep 13 10:55:31 2015,13-Sep-2015,135531,47 18.142800 N,062 34.050100 W,2.2,146.5,A,Primary,Headline,1.571429,D,S,34883.000000
Sun Sep 13 10:55:31 2015,13-Sep-2015,135532,47 18.142200 N,062 34.049700 W,2.3,148.0,A,Primary,Headline,1.571429,D,S,34883.000000
Sun Sep 13 10:55:31 2015,13-Sep-2015,135533,47 18.141700 N,062 34.049300 W,2.3,148.5,A,Primary,Headline,1.571429,D,S,34883.000000
Sun Sep 13 10:55:31 2015,13-Sep-2015,135534,47 18.141200 N,062 34.048700 W,2.3,147.1,A,Primary,Headline,1.571429,D,S,34883.000000
Sun Sep 13 10:55:35 2015,13-Sep-2015,135535,47 18.140700 N,062 34.048100 W,2.3,145.5,A,DoorSpread,DoorMaster,7.885000,D,S,67540.000000
Sun Sep 13 10:55:36 2015,13-Sep-2015,135536,47 18.140200 N,062 34.047600 W,2.3,146.1,A,Depth,Depth,65.185185,D,S,116258.000000
Sun Sep 13 10:55:36 2015,13-Sep-2015,135537,47 18.139600 N,062 34.047300 W,2.3,148.0,A,Depth,Depth,65.185185,D,S,116258.000000
Sun Sep 13 10:55:36 2015,13-Sep-2015,135538,47 18.139000 N,062 34.046800 W,2.3,148.9,A,Depth,Depth,65.185185,D,S,116258.000000
Sun Sep 13 10:55:36 2015,13-Sep-2015,135539,47 18.138500 N,062 34.046200 W,2.3,148.1,A,Depth,Depth,65.185185,D,S,116258.000000
Sun Sep 13 10:55:36 2015,13-Sep-2015,135540,47 18.138100 N,062 34.045700 W,2.2,146.6,A,Depth,Depth,65.185185,D,S,116258.000000
Sun Sep 13 10:55:41 2015,13-Sep-2015,135541,47 18.137700 N,062 34.045200 W,2.1,145.5,A,DoorSpread,DoorMaster,8.005000,D,S,68173.000000
Sun Sep 13 10:55:41 2015,13-Sep-2015,135542,47 18.137100 N,062 34.044600 W,2.1,146.0,A,DoorSpread,DoorMaster,8.005000,D,S,68173.000000
Sun Sep 13 10:55:43 2015,13-Sep-2015,135543,47 18.136600 N,062 34.044200 W,2.2,148.0,A,Depth,Depth,65.740741,D,S,76753.000000
Sun Sep 13 10:55:43 2015,13-Sep-2015,135544,47 18.136000 N,062 34.044000 W,2.2,150.7,A,Depth,Depth,65.740741,D,S,76753.000000
Sun Sep 13 10:55:43 2015,13-Sep-2015,135545,47 18.135700 N,062 34.043600 W,2.1,150.3,A,Depth,Depth,65.740741,D,S,76753.000000
Sun Sep 13 10:55:43 2015,13-Sep-2015,135546,47 18.135400 N,062 34.043000 W,2.1,147.4,A,Depth,Depth,65.740741,D,S,76753.000000
Sun Sep 13 10:55:47 2015,13-Sep-2015,135547,47 18.135000 N,062 34.042400 W,2.1,145.5,A,DoorSpread,DoorMaster,8.300000,D,S,141855.000000
Sun Sep 13 10:55:47 2015,13-Sep-2015,135548,47 18.134500 N,062 34.042000 W,2.0,146.0,A,DoorSpread,DoorMaster,8.300000,D,S,141855.000000
Sun Sep 13 10:55:47 2015,13-Sep-2015,135549,47 18.134000 N,062 34.041700 W,2.0,148.1,A,DoorSpread,DoorMaster,8.300000,D,S,141855.000000
Sun Sep 13 10:55:50 2015,13-Sep-2015,135550,47 18.133500 N,062 34.041500 W,2.0,150.1,A,Depth,Depth,67.037037,D,S,70615.000000
Sun Sep 13 10:55:51 2015,13-Sep-2015,135551,47 18.133100 N,062 34.041000 W,2.0,149.7,A,Primary,Headline,1.244898,D,S,38303.000000
Sun Sep 13 10:55:52 2015,13-Sep-2015,135552,47 18.132600 N,062 34.040400 W,2.0,147.0,A,DoorSpread,DoorMaster,8.915000,D,S,113277.000000
Sun Sep 13 10:55:52 2015,13-Sep-2015,135553,47 18.132300 N,062 34.039700 W,2.0,145.0,A,DoorSpread,DoorMaster,8.915000,D,S,113277.000000
Sun Sep 13 10:55:52 2015,13-Sep-2015,135554,47 18.132000 N,062 34.039200 W,2.0,144.8,A,DoorSpread,DoorMaster,8.915000,D,S,113277.000000
Sun Sep 13 10:55:52 2015,13-Sep-2015,135555,47 18.131500 N,062 34.038800 W,2.0,146.6,A,DoorSpread,DoorMaster,8.915000,D,S,113277.000000
Sun Sep 13 10:55:56 2015,13-Sep-2015,135556,47 18.130900 N,062 34.038400 W,2.0,148.3,A,Primary,Headline,2.836735,D,S,28427.000000
Sun Sep 13 10:55:58 2015,13-Sep-2015,135557,47 18.130400 N,062 34.038000 W,2.1,149.3,A,DoorSpread,DoorMaster,0.000000,E,S,150289.000000
Sun Sep 13 10:55:58 2015,13-Sep-2015,135558,47 18.130000 N,062 34.037500 W,2.0,148.3,A,DoorSpread,DoorMaster,0.000000,E,S,150289.000000
Sun Sep 13 10:55:58 2015,13-Sep-2015,135559,47 18.129700 N,062 34.036900 W,2.0,145.7,A,DoorSpread,DoorMaster,0.000000,E,S,150289.000000
Sun Sep 13 10:55:58 2015,13-Sep-2015,135600,47 18.129300 N,062 34.036300 W,2.1,143.7,A,DoorSpread,DoorMaster,0.000000,E,S,150289.000000
Sun Sep 13 10:56:01 2015,13-Sep-2015,135601,47 18.128800 N,062 34.035800 W,2.1,144.2,A,Primary,Headline,1.285714,D,S,55370.000000
Sun Sep 13 10:56:01 2015,13-Sep-2015,135602,47 18.128200 N,062 34.035400 W,2.1,146.6,A,Primary,Headline,1.285714,D,S,55370.000000
Sun Sep 13 10:56:03 2015,13-Sep-2015,135603,47 18.127700 N,062 34.035100 W,2.1,147.9,A,DoorSpread,DoorMaster,9.875000,D,S,108195.000000
Sun Sep 13 10:56:03 2015,13-Sep-2015,135604,47 18.127200 N,062 34.034500 W,2.1,146.6,A,DoorSpread,DoorMaster,9.875000,D,S,108195.000000
Sun Sep 13 10:56:05 2015,13-Sep-2015,135605,47 18.126800 N,062 34.033800 W,2.1,144.1,A,Depth,Depth,42.870370,D,S,101914.000000
Sun Sep 13 10:56:06 2015,13-Sep-2015,135606,47 18.126400 N,062 34.033100 W,2.2,143.1,A,Primary,Headline,2.897959,D,S,41708.000000
Sun Sep 13 10:56:06 2015,13-Sep-2015,135607,47 18.125800 N,062 34.032600 W,2.2,144.3,A,Primary,Headline,2.897959,D,S,41708.000000
Sun Sep 13 10:56:06 2015,13-Sep-2015,135608,47 18.125300 N,062 34.032200 W,2.2,145.2,A,Primary,Headline,2.897959,D,S,41708.000000
Sun Sep 13 10:56:09 2015,13-Sep-2015,135609,47 18.124800 N,062 34.031700 W,2.2,144.9,A,DoorSpread,DoorMaster,11.035000,D,S,97364.000000
Sun Sep 13 10:56:09 2015,13-Sep-2015,135610,47 18.124400 N,062 34.031100 W,2.2,143.7,A,DoorSpread,DoorMaster,11.035000,D,S,97364.000000
Sun Sep 13 10:56:11 2015,13-Sep-2015,135611,47 18.123800 N,062 34.030600 W,2.2,144.3,A,Primary,Headline,1.673469,D,S,16978.000000
Sun Sep 13 10:56:12 2015,13-Sep-2015,135612,47 18.123200 N,062 34.030100 W,2.2,145.4,A,Depth,Depth,69.444444,D,S,55564.000000
Sun Sep 13 10:56:12 2015,13-Sep-2015,135613,47 18.122700 N,062 34.029700 W,2.2,145.4,A,Depth,Depth,69.444444,D,S,55564.000000
Sun Sep 13 10:56:14 2015,13-Sep-2015,135614,47 18.122300 N,062 34.029100 W,2.2,144.2,A,DoorSpread,DoorMaster,0.000000,E,S,53666.000000
Sun Sep 13 10:56:14 2015,13-Sep-2015,135615,47 18.121800 N,062 34.028500 W,2.2,143.4,A,DoorSpread,DoorMaster,0.000000,E,S,53666.000000
Sun Sep 13 10:56:14 2015,13-Sep-2015,135616,47 18.121300 N,062 34.028000 W,2.2,143.7,A,DoorSpread,DoorMaster,0.000000,E,S,53666.000000
Sun Sep 13 10:56:14 2015,13-Sep-2015,135617,47 18.120600 N,062 34.027500 W,2.2,145.1,A,DoorSpread,DoorMaster,0.000000,E,S,53666.000000
Sun Sep 13 10:56:14 2015,13-Sep-2015,135618,47 18.120000 N,062 34.027100 W,2.2,146.1,A,DoorSpread,DoorMaster,0.000000,E,S,53666.000000
Sun Sep 13 10:56:19 2015,13-Sep-2015,135619,47 18.119400 N,062 34.026700 W,2.2,145.9,A,DoorSpread,DoorMaster,0.525000,D,S,43132.000000
Sun Sep 13 10:56:19 2015,13-Sep-2015,135620,47 18.118800 N,062 34.026100 W,2.2,145.0,A,DoorSpread,DoorMaster,0.525000,D,S,43132.000000
Sun Sep 13 10:56:19 2015,13-Sep-2015,135621,47 18.118400 N,062 34.025400 W,2.2,144.8,A,DoorSpread,DoorMaster,0.525000,D,S,43132.000000
Sun Sep 13 10:56:19 2015,13-Sep-2015,135622,47 18.117900 N,062 34.025000 W,2.2,145.5,A,DoorSpread,DoorMaster,0.525000,D,S,43132.000000
Sun Sep 13 10:56:19 2015,13-Sep-2015,135623,47 18.117400 N,062 34.024500 W,2.2,146.5,A,DoorSpread,DoorMaster,0.525000,D,S,43132.000000
Sun Sep 13 10:56:25 2015,13-Sep-2015,135624,47 18.116900 N,062 34.024200 W,2.1,147.6,A,DoorSpread,DoorMaster,0.000000,E,S,100120.000000
Sun Sep 13 10:56:25 2015,13-Sep-2015,135625,47 18.116400 N,062 34.023800 W,2.1,148.2,A,DoorSpread,DoorMaster,0.000000,E,S,100120.000000
Sun Sep 13 10:56:26 2015,13-Sep-2015,135626,47 18.115800 N,062 34.023500 W,2.1,148.5,A,Depth,Depth,66.203704,D,S,179538.000000
Sun Sep 13 10:56:26 2015,13-Sep-2015,135627,47 18.115300 N,062 34.023100 W,2.1,148.0,A,Depth,Depth,66.203704,D,S,179538.000000
Sun Sep 13 10:56:26 2015,13-Sep-2015,135628,47 18.114700 N,062 34.022700 W,2.1,147.9,A,Depth,Depth,66.203704,D,S,179538.000000
Sun Sep 13 10:56:26 2015,13-Sep-2015,135629,47 18.114200 N,062 34.022300 W,2.1,148.6,A,Depth,Depth,66.203704,D,S,179538.000000
Sun Sep 13 10:56:30 2015,13-Sep-2015,135630,47 18.113600 N,062 34.022000 W,2.0,149.6,A,DoorSpread,DoorMaster,0.000000,E,S,90332.000000
Sun Sep 13 10:56:31 2015,13-Sep-2015,135631,47 18.113100 N,062 34.021600 W,2.0,150.0,A,Primary,Headline,4.285714,D,S,23580.000000
Sun Sep 13 10:56:31 2015,13-Sep-2015,135632,47 18.112500 N,062 34.021200 W,2.0,150.0,A,Primary,Headline,4.285714,D,S,23580.000000
Sun Sep 13 10:56:31 2015,13-Sep-2015,135633,47 18.111900 N,062 34.020700 W,2.1,150.1,A,Primary,Headline,4.285714,D,S,23580.000000
Sun Sep 13 10:56:34 2015,13-Sep-2015,135634,47 18.111300 N,062 34.020200 W,2.1,149.8,A,Depth,Depth,68.518519,D,S,25324.000000
Sun Sep 13 10:56:35 2015,13-Sep-2015,135635,47 18.110800 N,062 34.019800 W,2.0,149.6,A,DoorSpread,DoorMaster,0.000000,E,S,57806.000000
Sun Sep 13 10:56:35 2015,13-Sep-2015,135636,47 18.110200 N,062 34.019200 W,2.1,149.4,A,DoorSpread,DoorMaster,0.000000,E,S,57806.000000
Sun Sep 13 10:56:35 2015,13-Sep-2015,135637,47 18.109500 N,062 34.018600 W,2.1,149.1,A,DoorSpread,DoorMaster,0.000000,E,S,57806.000000
Sun Sep 13 10:56:35 2015,13-Sep-2015,135638,47 18.108900 N,062 34.018200 W,2.1,149.6,A,DoorSpread,DoorMaster,0.000000,E,S,57806.000000
Sun Sep 13 10:56:35 2015,13-Sep-2015,135639,47 18.108300 N,062 34.017800 W,2.1,150.4,A,DoorSpread,DoorMaster,0.000000,E,S,57806.000000
Sun Sep 13 10:56:40 2015,13-Sep-2015,135640,47 18.107600 N,062 34.017200 W,2.2,149.9,A,DoorSpread,DoorMaster,0.000000,E,S,97294.000000
Sun Sep 13 10:56:41 2015,13-Sep-2015,135641,47 18.107100 N,062 34.016700 W,2.2,148.2,A,Depth,Depth,66.851852,D,S,68708.000000
Sun Sep 13 10:56:41 2015,13-Sep-2015,135642,47 18.106600 N,062 34.016100 W,2.2,147.1,A,Depth,Depth,66.851852,D,S,68708.000000
Sun Sep 13 10:56:41 2015,13-Sep-2015,135643,47 18.106000 N,062 34.015600 W,2.2,147.8,A,Depth,Depth,66.851852,D,S,68708.000000
Sun Sep 13 10:56:41 2015,13-Sep-2015,135644,47 18.105300 N,062 34.015100 W,2.2,149.1,A,Depth,Depth,66.851852,D,S,68708.000000
Sun Sep 13 10:56:45 2015,13-Sep-2015,135645,47 18.104700 N,062 34.014600 W,2.3,149.4,A,DoorSpread,DoorMaster,7.955000,D,S,71449.000000
Sun Sep 13 10:56:45 2015,13-Sep-2015,135646,47 18.104200 N,062 34.014000 W,2.3,148.1,A,DoorSpread,DoorMaster,7.955000,D,S,71449.000000
Sun Sep 13 10:56:45 2015,13-Sep-2015,135647,47 18.103700 N,062 34.013400 W,2.3,146.6,A,DoorSpread,DoorMaster,7.955000,D,S,71449.000000
Sun Sep 13 10:56:48 2015,13-Sep-2015,135648,47 18.103200 N,062 34.012800 W,2.3,146.2,A,Depth,Depth,69.814815,D,S,61632.000000
Sun Sep 13 10:56:48 2015,13-Sep-2015,135649,47 18.102600 N,062 34.012400 W,2.3,147.0,A,Depth,Depth,69.814815,D,S,61632.000000
Sun Sep 13 10:56:48 2015,13-Sep-2015,135650,47 18.102000 N,062 34.012000 W,2.3,147.6,A,Depth,Depth,69.814815,D,S,61632.000000
Sun Sep 13 10:56:51 2015,13-Sep-2015,135651,47 18.101500 N,062 34.011400 W,2.3,147.5,A,DoorSpread,DoorMaster,8.550000,D,S,65699.000000
Sun Sep 13 10:56:51 2015,13-Sep-2015,135652,47 18.100900 N,062 34.010800 W,2.3,146.8,A,DoorSpread,DoorMaster,8.550000,D,S,65699.000000
Sun Sep 13 10:56:51 2015,13-Sep-2015,135653,47 18.100400 N,062 34.010300 W,2.3,146.4,A,DoorSpread,DoorMaster,8.550000,D,S,65699.000000
Sun Sep 13 10:56:51 2015,13-Sep-2015,135654,47 18.099800 N,062 34.009800 W,2.3,146.7,A,DoorSpread,DoorMaster,8.550000,D,S,65699.000000
Sun Sep 13 10:56:55 2015,13-Sep-2015,135655,47 18.099300 N,062 34.009300 W,2.3,146.6,A,Depth,Depth,61.111111,D,S,132525.000000
Sun Sep 13 10:56:55 2015,13-Sep-2015,135656,47 18.098800 N,062 34.008800 W,2.3,146.3,A,Depth,Depth,61.111111,D,S,132525.000000
Sun Sep 13 10:56:57 2015,13-Sep-2015,135657,47 18.098300 N,062 34.008300 W,2.3,146.6,A,DoorSpread,DoorMaster,7.070000,D,S,63250.000000
Sun Sep 13 10:56:57 2015,13-Sep-2015,135658,47 18.097700 N,062 34.007900 W,2.3,147.3,A,DoorSpread,DoorMaster,7.070000,D,S,63250.000000
Sun Sep 13 10:56:57 2015,13-Sep-2015,135659,47 18.097100 N,062 34.007400 W,2.3,147.9,A,DoorSpread,DoorMaster,7.070000,D,S,63250.000000
Sun Sep 13 10:56:57 2015,13-Sep-2015,135700,47 18.096600 N,062 34.006900 W,2.3,147.4,A,DoorSpread,DoorMaster,7.070000,D,S,63250.000000
Sun Sep 13 10:56:57 2015,13-Sep-2015,135701,47 18.096100 N,062 34.006300 W,2.3,146.2,A,DoorSpread,DoorMaster,7.070000,D,S,63250.000000
Sun Sep 13 10:57:03 2015,13-Sep-2015,135702,47 18.095600 N,062 34.005800 W,2.2,146.3,A,DoorSpread,DoorMaster,7.565000,D,S,72332.000000
Sun Sep 13 10:57:03 2015,13-Sep-2015,135703,47 18.095100 N,062 34.005400 W,2.2,147.9,A,Depth,Depth,73.333333,D,S,120994.000000
Sun Sep 13 10:57:03 2015,13-Sep-2015,135704,47 18.094500 N,062 34.005000 W,2.2,149.2,A,Depth,Depth,73.333333,D,S,120994.000000
Sun Sep 13 10:57:03 2015,13-Sep-2015,135705,47 18.094000 N,062 34.004500 W,2.2,149.2,A,Depth,Depth,73.333333,D,S,120994.000000
Sun Sep 13 10:57:03 2015,13-Sep-2015,135706,47 18.093600 N,062 34.004100 W,2.2,147.7,A,Depth,Depth,73.333333,D,S,120994.000000
Sun Sep 13 10:57:03 2015,13-Sep-2015,135707,47 18.093200 N,062 34.003600 W,2.1,146.4,A,Depth,Depth,73.333333,D,S,120994.000000
Sun Sep 13 10:57:08 2015,13-Sep-2015,135708,47 18.092600 N,062 34.003100 W,2.1,146.9,A,DoorSpread,DoorMaster,0.000000,E,S,136278.000000
Sun Sep 13 10:57:08 2015,13-Sep-2015,135709,47 18.092000 N,062 34.002800 W,2.1,149.2,A,DoorSpread,DoorMaster,0.000000,E,S,136278.000000
Sun Sep 13 10:57:10 2015,13-Sep-2015,135710,47 18.091500 N,062 34.002600 W,2.1,150.5,A,Depth,Depth,60.092593,D,S,80623.000000
Sun Sep 13 10:57:10 2015,13-Sep-2015,135711,47 18.091100 N,062 34.002000 W,2.1,148.2,A,Depth,Depth,60.092593,D,S,80623.000000
Sun Sep 13 10:57:10 2015,13-Sep-2015,135712,47 18.090700 N,062 34.001300 W,2.1,145.4,A,Depth,Depth,60.092593,D,S,80623.000000
Sun Sep 13 10:57:13 2015,13-Sep-2015,135713,47 18.090100 N,062 34.000800 W,2.1,145.5,A,DoorSpread,DoorMaster,0.000000,E,S,49521.000000
Sun Sep 13 10:57:13 2015,13-Sep-2015,135714,47 18.089600 N,062 34.000500 W,2.1,147.8,A,DoorSpread,DoorMaster,0.000000,E,S,49521.000000
Sun Sep 13 10:57:13 2015,13-Sep-2015,135715,47 18.089000 N,062 34.000100 W,2.1,149.2,A,DoorSpread,DoorMaster,0.000000,E,S,49521.000000
Sun Sep 13 10:57:13 2015,13-Sep-2015,135716,47 18.088500 N,062 33.999500 W,2.2,147.6,A,DoorSpread,DoorMaster,0.000000,E,S,49521.000000
Sun Sep 13 10:57:17 2015,13-Sep-2015,135717,47 18.088000 N,062 33.998800 W,2.2,145.3,A,Depth,Depth,67.037037,D,S,58704.000000
Sun Sep 13 10:57:18 2015,13-Sep-2015,135718,47 18.087500 N,062 33.998200 W,2.2,144.8,A,DoorSpread,DoorMaster,0.000000,E,S,116680.000000
Sun Sep 13 10:57:18 2015,13-Sep-2015,135719,47 18.086900 N,062 33.997700 W,2.3,146.0,A,DoorSpread,DoorMaster,0.000000,E,S,116680.000000
Sun Sep 13 10:57:18 2015,13-Sep-2015,135720,47 18.086300 N,062 33.997100 W,2.3,146.9,A,DoorSpread,DoorMaster,0.000000,E,S,116680.000000
Sun Sep 13 10:57:18 2015,13-Sep-2015,135721,47 18.085700 N,062 33.996500 W,2.3,146.7,A,DoorSpread,DoorMaster,0.000000,E,S,116680.000000
Sun Sep 13 10:57:18 2015,13-Sep-2015,135722,47 18.085100 N,062 33.995800 W,2.4,145.2,A,DoorSpread,DoorMaster,0.000000,E,S,116680.000000
Sun Sep 13 10:57:23 2015,13-Sep-2015,135723,47 18.084600 N,062 33.995100 W,2.4,143.9,A,DoorSpread,DoorMaster,6.745000,D,S,83415.000000
Sun Sep 13 10:57:24 2015,13-Sep-2015,135724,47 18.084100 N,062 33.994500 W,2.4,143.8,A,Depth,Depth,66.296296,D,S,99345.000000
Sun Sep 13 10:57:24 2015,13-Sep-2015,135725,47 18.083500 N,062 33.993900 W,2.4,144.7,A,Depth,Depth,66.296296,D,S,99345.000000
Sun Sep 13 10:57:24 2015,13-Sep-2015,135726,47 18.082900 N,062 33.993300 W,2.5,145.5,A,Depth,Depth,66.296296,D,S,99345.000000
Sun Sep 13 10:57:24 2015,13-Sep-2015,135727,47 18.082300 N,062 33.992700 W,2.5,145.0,A,Depth,Depth,66.296296,D,S,99345.000000
Sun Sep 13 10:57:24 2015,13-Sep-2015,135728,47 18.081800 N,062 33.992000 W,2.5,143.7,A,Depth,Depth,66.296296,D,S,99345.000000
Sun Sep 13 10:57:29 2015,13-Sep-2015,135729,47 18.081300 N,062 33.991300 W,2.5,143.1,A,DoorSpread,DoorMaster,7.365000,D,S,64133.000000
Sun Sep 13 10:57:29 2015,13-Sep-2015,135730,47 18.080800 N,062 33.990700 W,2.5,143.2,A,DoorSpread,DoorMaster,7.365000,D,S,64133.000000
Sun Sep 13 10:57:29 2015,13-Sep-2015,135731,47 18.080300 N,062 33.990100 W,2.4,143.6,A,DoorSpread,DoorMaster,7.365000,D,S,64133.000000
Sun Sep 13 10:57:32 2015,13-Sep-2015,135732,47 18.079700 N,062 33.989600 W,2.4,143.6,A,Depth,Depth,66.851852,D,S,71687.000000
Sun Sep 13 10:57:32 2015,13-Sep-2015,135733,47 18.079200 N,062 33.989000 W,2.4,143.7,A,Depth,Depth,66.851852,D,S,71687.000000
Sun Sep 13 10:57:32 2015,13-Sep-2015,135734,47 18.078700 N,062 33.988500 W,2.4,144.0,A,Depth,Depth,66.851852,D,S,71687.000000
Sun Sep 13 10:57:35 2015,13-Sep-2015,135735,47 18.078200 N,062 33.988000 W,2.4,143.5,A,DoorSpread,DoorMaster,6.555000,D,S,84969.000000
Sun Sep 13 10:57:35 2015,13-Sep-2015,135736,47 18.077800 N,062 33.987400 W,2.3,142.5,A,DoorSpread,DoorMaster,6.555000,D,S,84969.000000
Sun Sep 13 10:57:37 2015,13-Sep-2015,135737,47 18.077400 N,062 33.986900 W,2.3,143.0,A,Primary,Headline,0.775510,D,S,35572.000000
Sun Sep 13 10:57:37 2015,13-Sep-2015,135738,47 18.076800 N,062 33.986500 W,2.3,144.6,A,Primary,Headline,0.775510,D,S,35572.000000
Sun Sep 13 10:57:39 2015,13-Sep-2015,135739,47 18.076400 N,062 33.986200 W,2.2,146.0,A,Depth,Depth,65.462963,D,S,87183.000000
Sun Sep 13 10:57:40 2015,13-Sep-2015,135740,47 18.075900 N,062 33.985700 W,2.2,145.0,A,DoorSpread,DoorMaster,7.080000,D,S,178062.000000
Sun Sep 13 10:57:40 2015,13-Sep-2015,135741,47 18.075500 N,062 33.985000 W,2.2,143.2,A,DoorSpread,DoorMaster,7.080000,D,S,178062.000000
Sun Sep 13 10:57:42 2015,13-Sep-2015,135742,47 18.075000 N,062 33.984500 W,2.2,143.3,A,Primary,Headline,0.918367,D,S,64665.000000
Sun Sep 13 10:57:42 2015,13-Sep-2015,135743,47 18.074600 N,062 33.984100 W,2.1,144.9,A,Primary,Headline,0.918367,D,S,64665.000000
Sun Sep 13 10:57:42 2015,13-Sep-2015,135744,47 18.074000 N,062 33.983600 W,2.1,145.8,A,Primary,Headline,0.918367,D,S,64665.000000
Sun Sep 13 10:57:42 2015,13-Sep-2015,135745,47 18.073500 N,062 33.983000 W,2.1,145.1,A,Primary,Headline,0.918367,D,S,64665.000000
Sun Sep 13 10:57:46 2015,13-Sep-2015,135746,47 18.073100 N,062 33.982500 W,2.1,144.3,A,Depth,Depth,65.925926,D,S,110553.000000
Sun Sep 13 10:57:47 2015,13-Sep-2015,135747,47 18.072600 N,062 33.981900 W,2.1,144.4,A,Primary,Headline,1.285714,D,S,66184.000000
Sun Sep 13 10:57:47 2015,13-Sep-2015,135748,47 18.072100 N,062 33.981400 W,2.1,145.2,A,Primary,Headline,1.285714,D,S,66184.000000
Sun Sep 13 10:57:47 2015,13-Sep-2015,135749,47 18.071600 N,062 33.980900 W,2.2,145.9,A,Primary,Headline,1.285714,D,S,66184.000000
Sun Sep 13 10:57:47 2015,13-Sep-2015,135750,47 18.071000 N,062 33.980500 W,2.2,145.9,A,Primary,Headline,1.285714,D,S,66184.000000
Sun Sep 13 10:57:47 2015,13-Sep-2015,135751,47 18.070600 N,062 33.979900 W,2.2,145.8,A,Primary,Headline,1.285714,D,S,66184.000000
Sun Sep 13 10:57:52 2015,13-Sep-2015,135752,47 18.070000 N,062 33.979400 W,2.2,145.4,A,Primary,Headline,4.040816,D,S,23783.000000
Sun Sep 13 10:57:53 2015,13-Sep-2015,135753,47 18.069500 N,062 33.978800 W,2.2,145.1,A,Depth,Depth,67.037037,D,S,133439.000000
Sun Sep 13 10:57:53 2015,13-Sep-2015,135754,47 18.069000 N,062 33.978300 W,2.2,145.5,A,Depth,Depth,67.037037,D,S,133439.000000
Sun Sep 13 10:57:53 2015,13-Sep-2015,135755,47 18.068400 N,062 33.977700 W,2.3,146.0,A,Depth,Depth,67.037037,D,S,133439.000000
Sun Sep 13 10:57:53 2015,13-Sep-2015,135756,47 18.067700 N,062 33.977100 W,2.3,146.5,A,Depth,Depth,67.037037,D,S,133439.000000
Sun Sep 13 10:57:58 2015,13-Sep-2015,135757,47 18.067200 N,062 33.976600 W,2.3,146.6,A,DoorSpread,DoorMaster,8.040000,D,S,77210.000000
Sun Sep 13 10:57:58 2015,13-Sep-2015,135758,47 18.066600 N,062 33.975900 W,2.4,145.8,A,DoorSpread,DoorMaster,8.040000,D,S,77210.000000
Sun Sep 13 10:57:58 2015,13-Sep-2015,135759,47 18.066000 N,062 33.975200 W,2.4,145.2,A,DoorSpread,DoorMaster,8.040000,D,S,77210.000000
Sun Sep 13 10:57:58 2015,13-Sep-2015,135800,47 18.065400 N,062 33.974600 W,2.4,145.4,A,DoorSpread,DoorMaster,8.040000,D,S,77210.000000
Sun Sep 13 10:58:01 2015,13-Sep-2015,135801,47 18.064800 N,062 33.974000 W,2.5,145.7,A,Depth,Depth,64.629630,D,S,95665.000000
Sun Sep 13 10:58:02 2015,13-Sep-2015,135802,47 18.064200 N,062 33.973400 W,2.5,145.8,A,Primary,Headline,4.857143,D,S,18752.000000
Sun Sep 13 10:58:03 2015,13-Sep-2015,135803,47 18.063500 N,062 33.972800 W,2.5,145.8,A,DoorSpread,DoorMaster,7.560000,D,S,48948.000000
Sun Sep 13 10:58:03 2015,13-Sep-2015,135804,47 18.063000 N,062 33.972200 W,2.5,145.6,A,DoorSpread,DoorMaster,7.560000,D,S,48948.000000
Sun Sep 13 10:58:03 2015,13-Sep-2015,135805,47 18.062400 N,062 33.971500 W,2.6,145.1,A,DoorSpread,DoorMaster,7.560000,D,S,48948.000000
Sun Sep 13 10:58:03 2015,13-Sep-2015,135806,47 18.061800 N,062 33.970900 W,2.6,145.0,A,DoorSpread,DoorMaster,7.560000,D,S,48948.000000
Sun Sep 13 10:58:03 2015,13-Sep-2015,135807,47 18.061100 N,062 33.970400 W,2.6,145.9,A,DoorSpread,DoorMaster,7.560000,D,S,48948.000000
Sun Sep 13 10:58:08 2015,13-Sep-2015,135808,47 18.060500 N,062 33.969800 W,2.6,146.0,A,Depth,Depth,67.407407,D,S,113584.000000
Sun Sep 13 10:58:09 2015,13-Sep-2015,135809,47 18.060100 N,062 33.969100 W,2.6,144.8,A,DoorSpread,DoorMaster,7.195000,D,S,102362.000000
Sun Sep 13 10:58:09 2015,13-Sep-2015,135810,47 18.059500 N,062 33.968400 W,2.6,144.5,A,DoorSpread,DoorMaster,7.195000,D,S,102362.000000
Sun Sep 13 10:58:09 2015,13-Sep-2015,135811,47 18.059000 N,062 33.967900 W,2.6,145.2,A,DoorSpread,DoorMaster,7.195000,D,S,102362.000000
Sun Sep 13 10:58:12 2015,13-Sep-2015,135812,47 18.058400 N,062 33.967300 W,2.6,145.4,A,Primary,Headline,1.163265,D,S,93854.000000
Sun Sep 13 10:58:12 2015,13-Sep-2015,135813,47 18.057900 N,062 33.966800 W,2.6,145.3,A,Primary,Headline,1.163265,D,S,93854.000000
Sun Sep 13 10:58:14 2015,13-Sep-2015,135814,47 18.057300 N,062 33.966200 W,2.6,146.0,A,DoorSpread,DoorMaster,7.440000,D,S,86211.000000
Sun Sep 13 10:58:15 2015,13-Sep-2015,135815,47 18.056700 N,062 33.965700 W,2.6,146.5,A,Depth,Depth,67.129630,D,S,44245.000000
Sun Sep 13 10:58:15 2015,13-Sep-2015,135816,47 18.056300 N,062 33.965100 W,2.5,145.8,A,Depth,Depth,67.129630,D,S,44245.000000
Sun Sep 13 10:58:15 2015,13-Sep-2015,135817,47 18.055800 N,062 33.964500 W,2.5,144.9,A,Depth,Depth,67.129630,D,S,44245.000000
Sun Sep 13 10:58:15 2015,13-Sep-2015,135818,47 18.055300 N,062 33.964000 W,2.4,144.8,A,Depth,Depth,67.129630,D,S,44245.000000
Sun Sep 13 10:58:15 2015,13-Sep-2015,135819,47 18.054800 N,062 33.963600 W,2.4,145.7,A,Depth,Depth,67.129630,D,S,44245.000000
Sun Sep 13 10:58:20 2015,13-Sep-2015,135820,47 18.054300 N,062 33.963100 W,2.4,146.2,A,DoorSpread,DoorMaster,7.295000,D,S,132850.000000
Sun Sep 13 10:58:20 2015,13-Sep-2015,135821,47 18.053900 N,062 33.962600 W,2.3,145.7,A,DoorSpread,DoorMaster,7.295000,D,S,132850.000000
Sun Sep 13 10:58:22 2015,13-Sep-2015,135822,47 18.053400 N,062 33.962200 W,2.3,145.2,A,Depth,Depth,63.796296,D,S,152666.000000
Sun Sep 13 10:58:22 2015,13-Sep-2015,135823,47 18.053000 N,062 33.961800 W,2.3,145.5,A,Depth,Depth,63.796296,D,S,152666.000000
Sun Sep 13 10:58:22 2015,13-Sep-2015,135824,47 18.052500 N,062 33.961400 W,2.2,145.9,A,Depth,Depth,63.796296,D,S,152666.000000
Sun Sep 13 10:58:22 2015,13-Sep-2015,135825,47 18.052100 N,062 33.960900 W,2.2,145.7,A,Depth,Depth,63.796296,D,S,152666.000000
Sun Sep 13 10:58:26 2015,13-Sep-2015,135826,47 18.051700 N,062 33.960400 W,2.1,145.3,A,DoorSpread,DoorMaster,7.625000,D,S,115853.000000
Sun Sep 13 10:58:27 2015,13-Sep-2015,135827,47 18.051300 N,062 33.960100 W,2.1,145.6,A,Primary,Headline,0.469388,D,S,66405.000000
Sun Sep 13 10:58:27 2015,13-Sep-2015,135828,47 18.050800 N,062 33.959700 W,2.0,146.0,A,Primary,Headline,0.469388,D,S,66405.000000
Sun Sep 13 10:58:30 2015,13-Sep-2015,135829,47 18.050400 N,062 33.959300 W,2.0,146.2,A,Depth,Depth,63.888889,D,S,73750.000000
Sun Sep 13 10:58:30 2015,13-Sep-2015,135830,47 18.050000 N,062 33.958900 W,2.0,146.7,A,Depth,Depth,63.888889,D,S,73750.000000
Sun Sep 13 10:58:32 2015,13-Sep-2015,135831,47 18.049600 N,062 33.958600 W,1.9,146.9,A,DoorSpread,DoorMaster,8.340000,D,S,112213.000000
Sun Sep 13 10:58:32 2015,13-Sep-2015,135832,47 18.049300 N,062 33.958200 W,1.9,145.8,A,Primary,Headline,2.387755,D,S,44044.000000
Sun Sep 13 10:58:32 2015,13-Sep-2015,135833,47 18.049000 N,062 33.957800 W,1.8,144.6,A,Primary,Headline,2.387755,D,S,44044.000000
Sun Sep 13 10:58:32 2015,13-Sep-2015,135834,47 18.048700 N,062 33.957500 W,1.7,145.5,A,Primary,Headline,2.387755,D,S,44044.000000
Sun Sep 13 10:58:32 2015,13-Sep-2015,135835,47 18.048300 N,062 33.957400 W,1.6,148.2,A,Primary,Headline,2.387755,D,S,44044.000000
Sun Sep 13 10:58:32 2015,13-Sep-2015,135836,47 18.048000 N,062 33.957200 W,1.6,150.1,A,Primary,Headline,2.387755,D,S,44044.000000
Sun Sep 13 10:58:37 2015,13-Sep-2015,135837,47 18.047700 N,062 33.957000 W,1.5,148.9,A,DoorSpread,DoorMaster,8.280000,D,S,154069.000000
Sun Sep 13 10:58:37 2015,13-Sep-2015,135838,47 18.047600 N,062 33.956800 W,1.4,146.9,A,DoorSpread,DoorMaster,8.280000,D,S,154069.000000
Sun Sep 13 10:58:37 2015,13-Sep-2015,135839,47 18.047400 N,062 33.956600 W,1.3,146.4,A,DoorSpread,DoorMaster,8.280000,D,S,154069.000000
Sun Sep 13 10:58:37 2015,13-Sep-2015,135840,47 18.047100 N,062 33.956400 W,1.3,147.6,A,DoorSpread,DoorMaster,8.280000,D,S,154069.000000
Sun Sep 13 10:58:37 2015,13-Sep-2015,135841,47 18.046800 N,062 33.956300 W,1.2,149.6,A,DoorSpread,DoorMaster,8.280000,D,S,154069.000000
Sun Sep 13 10:58:42 2015,13-Sep-2015,135842,47 18.046600 N,062 33.956300 W,1.2,152.3,A,DoorSpread,DoorMaster,0.000000,E,S,107110.000000
Sun Sep 13 10:58:42 2015,13-Sep-2015,135843,47 18.046400 N,062 33.956200 W,1.1,153.9,A,DoorSpread,DoorMaster,0.000000,E,S,107110.000000
Sun Sep 13 10:58:44 2015,13-Sep-2015,135844,47 18.046300 N,062 33.956100 W,1.1,152.7,A,Depth,Depth,63.703704,D,S,113262.000000
Sun Sep 13 10:58:44 2015,13-Sep-2015,135845,47 18.046100 N,062 33.955900 W,1.0,150.5,A,Depth,Depth,63.703704,D,S,113262.000000
Sun Sep 13 10:58:44 2015,13-Sep-2015,135846,47 18.046000 N,062 33.955700 W,0.9,149.8,A,Depth,Depth,63.703704,D,S,113262.000000
Sun Sep 13 10:58:47 2015,13-Sep-2015,135847,47 18.045800 N,062 33.955600 W,0.9,151.2,A,Primary,Headline,1.775510,D,S,43281.000000
Sun Sep 13 10:58:48 2015,13-Sep-2015,135848,47 18.045700 N,062 33.955600 W,0.8,154.4,A,DoorSpread,DoorMaster,6.840000,D,S,168779.000000
Sun Sep 13 10:58:48 2015,13-Sep-2015,135849,47 18.045600 N,062 33.955600 W,0.8,156.9,A,DoorSpread,DoorMaster,6.840000,D,S,168779.000000
Sun Sep 13 10:58:48 2015,13-Sep-2015,135850,47 18.045400 N,062 33.955500 W,0.7,157.0,A,DoorSpread,DoorMaster,6.840000,D,S,168779.000000
Sun Sep 13 10:58:51 2015,13-Sep-2015,135851,47 18.045400 N,062 33.955400 W,0.7,155.0,A,Depth,Depth,63.888889,D,S,208831.000000
Sun Sep 13 10:58:52 2015,13-Sep-2015,135852,47 18.045300 N,062 33.955300 W,0.6,152.3,A,Primary,Headline,1.755102,D,S,71996.000000
Sun Sep 13 10:58:54 2015,13-Sep-2015,135853,47 18.045100 N,062 33.955200 W,0.6,154.1,A,DoorSpread,DoorMaster,7.030000,D,S,106827.000000
Sun Sep 13 10:58:54 2015,13-Sep-2015,135854,47 18.045100 N,062 33.955300 W,0.6,156.8,A,DoorSpread,DoorMaster,7.030000,D,S,106827.000000
Sun Sep 13 10:58:54 2015,13-Sep-2015,135855,47 18.045000 N,062 33.955300 W,0.5,158.5,A,DoorSpread,DoorMaster,7.030000,D,S,106827.000000
Sun Sep 13 10:58:54 2015,13-Sep-2015,135856,47 18.044900 N,062 33.955200 W,0.5,161.7,A,DoorSpread,DoorMaster,7.030000,D,S,106827.000000
Sun Sep 13 10:58:57 2015,13-Sep-2015,135857,47 18.044700 N,062 33.955200 W,0.5,165.8,A,Primary,Headline,3.122449,D,S,49358.000000
Sun Sep 13 10:58:58 2015,13-Sep-2015,135858,47 18.044600 N,062 33.955200 W,0.4,166.5,A,Depth,Depth,63.425926,D,S,131992.000000
Sun Sep 13 10:58:59 2015,13-Sep-2015,135859,47 18.044500 N,062 33.955000 W,0.4,160.0,A,DoorSpread,DoorMaster,6.970000,D,S,104838.000000
Sun Sep 13 10:58:59 2015,13-Sep-2015,135900,47 18.044400 N,062 33.954800 W,0.4,155.9,A,DoorSpread,DoorMaster,6.970000,D,S,104838.000000
Sun Sep 13 10:58:59 2015,13-Sep-2015,135901,47 18.044300 N,062 33.954900 W,0.4,160.2,A,DoorSpread,DoorMaster,6.970000,D,S,104838.000000
Sun Sep 13 10:59:02 2015,13-Sep-2015,135902,47 18.044200 N,062 33.954900 W,0.4,168.0,A,Secondary,Headline,0.000000,E,S,48229.000000
Sun Sep 13 10:59:02 2015,13-Sep-2015,135903,47 18.044100 N,062 33.954900 W,0.4,170.3,A,Secondary,Headline,0.000000,E,S,48229.000000
Sun Sep 13 10:59:02 2015,13-Sep-2015,135904,47 18.044100 N,062 33.954800 W,0.3,169.2,A,Secondary,Headline,0.000000,E,S,48229.000000
Sun Sep 13 10:59:05 2015,13-Sep-2015,135905,47 18.044100 N,062 33.954700 W,0.2,166.0,A,DoorSpread,DoorMaster,6.835000,D,S,129598.000000
Sun Sep 13 10:59:06 2015,13-Sep-2015,135906,47 18.043900 N,062 33.954600 W,0.3,166.0,A,Depth,Depth,63.888889,D,S,114844.000000
Sun Sep 13 10:59:07 2015,13-Sep-2015,135907,47 18.043700 N,062 33.954500 W,0.3,174.1,A,Primary,Headline,1.244898,D,S,68411.000000
Sun Sep 13 10:59:07 2015,13-Sep-2015,135908,47 18.043600 N,062 33.954600 W,0.3,182.1,A,Primary,Headline,1.244898,D,S,68411.000000
Sun Sep 13 10:59:07 2015,13-Sep-2015,135909,47 18.043600 N,062 33.954500 W,0.2,176.9,A,Primary,Headline,1.244898,D,S,68411.000000
Sun Sep 13 10:59:11 2015,13-Sep-2015,135910,47 18.043500 N,062 33.954400 W,0.2,168.6,A,DoorSpread,DoorMaster,7.060000,D,S,249036.000000
Sun Sep 13 10:59:11 2015,13-Sep-2015,135911,47 18.043400 N,062 33.954400 W,0.2,176.6,A,DoorSpread,DoorMaster,7.060000,D,S,249036.000000
Sun Sep 13 10:59:12 2015,13-Sep-2015,135912,47 18.043400 N,062 33.954800 W,0.2,190.5,A,Primary,Headline,2.530612,D,S,39531.000000
Sun Sep 13 10:59:13 2015,13-Sep-2015,135913,47 18.043400 N,062 33.954800 W,0.2,192.9,A,Depth,Depth,62.407407,D,S,137362.000000
Sun Sep 13 10:59:13 2015,13-Sep-2015,135914,47 18.043500 N,062 33.954700 W,0.2,177.5,A,Depth,Depth,62.407407,D,S,137362.000000
Sun Sep 13 10:59:13 2015,13-Sep-2015,135915,47 18.043500 N,062 33.954700 W,0.1,168.2,A,Depth,Depth,62.407407,D,S,137362.000000
Sun Sep 13 10:59:16 2015,13-Sep-2015,135916,47 18.043400 N,062 33.954700 W,0.2,179.0,A,DoorSpread,DoorMaster,6.835000,D,S,194568.000000
Sun Sep 13 10:59:17 2015,13-Sep-2015,135917,47 18.043400 N,062 33.955000 W,0.2,203.8,A,Primary,Headline,0.469388,D,S,138554.000000
Sun Sep 13 10:59:17 2015,13-Sep-2015,135918,47 18.043300 N,062 33.955200 W,0.2,215.6,A,Primary,Headline,0.469388,D,S,138554.000000
Sun Sep 13 10:59:17 2015,13-Sep-2015,135919,47 18.043300 N,062 33.955100 W,0.2,202.4,A,Primary,Headline,0.469388,D,S,138554.000000
Sun Sep 13 10:59:20 2015,13-Sep-2015,135920,47 18.043200 N,062 33.955100 W,0.2,191.3,A,Depth,Depth,62.777778,D,S,189856.000000
Sun Sep 13 10:59:20 2015,13-Sep-2015,135921,47 18.043300 N,062 33.955100 W,0.1,188.6,A,Depth,Depth,62.777778,D,S,189856.000000
Sun Sep 13 10:59:22 2015,13-Sep-2015,135922,47 18.043200 N,062 33.955000 W,0.1,198.8,A,Primary,Headline,1.979592,D,S,125262.000000
Sun Sep 13 10:59:22 2015,13-Sep-2015,135923,47 18.043000 N,062 33.955200 W,0.2,208.9,A,Primary,Headline,1.979592,D,S,125262.000000
Sun Sep 13 10:59:22 2015,13-Sep-2015,135924,47 18.042900 N,062 33.955400 W,0.2,213.2,A,Primary,Headline,1.979592,D,S,125262.000000
Sun Sep 13 10:59:22 2015,13-Sep-2015,135925,47 18.042900 N,062 33.955400 W,0.2,218.9,A,Primary,Headline,1.979592,D,S,125262.000000
Sun Sep 13 10:59:22 2015,13-Sep-2015,135926,47 18.042900 N,062 33.955300 W,0.1,220.3,A,Primary,Headline,1.979592,D,S,125262.000000
Sun Sep 13 10:59:27 2015,13-Sep-2015,135927,47 18.042800 N,062 33.955300 W,0.1,204.7,A,DoorSpread,DoorMaster,7.375000,D,S,91072.000000
Sun Sep 13 10:59:27 2015,13-Sep-2015,135928,47 18.042800 N,062 33.955400 W,0.2,202.4,A,DoorSpread,DoorMaster,7.375000,D,S,91072.000000
Sun Sep 13 10:59:27 2015,13-Sep-2015,135929,47 18.042700 N,062 33.955500 W,0.2,216.6,A,DoorSpread,DoorMaster,7.375000,D,S,91072.000000
Sun Sep 13 10:59:27 2015,13-Sep-2015,135930,47 18.042700 N,062 33.955800 W,0.2,222.8,A,DoorSpread,DoorMaster,7.375000,D,S,91072.000000
Sun Sep 13 10:59:27 2015,13-Sep-2015,135931,47 18.042600 N,062 33.955900 W,0.2,217.9,A,DoorSpread,DoorMaster,7.375000,D,S,91072.000000
Sun Sep 13 10:59:27 2015,13-Sep-2015,135932,47 18.042600 N,062 33.956000 W,0.2,222.2,A,DoorSpread,DoorMaster,7.375000,D,S,91072.000000
Sun Sep 13 10:59:33 2015,13-Sep-2015,135933,47 18.042700 N,062 33.956100 W,0.2,229.5,A,DoorSpread,DoorMaster,5.395000,D,S,454449.000000
Sun Sep 13 10:59:33 2015,13-Sep-2015,135934,47 18.042600 N,062 33.956000 W,0.1,213.5,A,DoorSpread,DoorMaster,5.395000,D,S,454449.000000
Sun Sep 13 10:59:35 2015,13-Sep-2015,135935,47 18.042400 N,062 33.956100 W,0.2,211.0,A,Depth,Depth,57.407407,D,S,444536.000000
Sun Sep 13 10:59:35 2015,13-Sep-2015,135936,47 18.042500 N,062 33.956200 W,0.2,227.6,A,Depth,Depth,57.407407,D,S,444536.000000
Sun Sep 13 10:59:35 2015,13-Sep-2015,135937,47 18.042600 N,062 33.956300 W,0.2,233.0,A,Depth,Depth,57.407407,D,S,444536.000000
Sun Sep 13 10:59:38 2015,13-Sep-2015,135938,47 18.042600 N,062 33.956300 W,0.1,224.4,A,Primary,Headline,2.469388,D,S,69744.000000
Sun Sep 13 10:59:39 2015,13-Sep-2015,135939,47 18.042600 N,062 33.956400 W,0.1,230.9,A,DoorSpread,DoorMaster,6.610000,D,S,319490.000000
Sun Sep 13 10:59:39 2015,13-Sep-2015,135940,47 18.042600 N,062 33.956600 W,0.2,248.0,A,DoorSpread,DoorMaster,6.610000,D,S,319490.000000
Sun Sep 13 10:59:39 2015,13-Sep-2015,135941,47 18.042600 N,062 33.956700 W,0.2,244.0,A,DoorSpread,DoorMaster,6.610000,D,S,319490.000000
Sun Sep 13 10:59:42 2015,13-Sep-2015,135942,47 18.042700 N,062 33.956700 W,0.2,242.7,A,Depth,Depth,61.574074,D,S,167502.000000
Sun Sep 13 10:59:43 2015,13-Sep-2015,135943,47 18.042700 N,062 33.956800 W,0.2,246.3,A,Primary,Headline,5.061224,D,S,63086.000000
Sun Sep 13 10:59:44 2015,13-Sep-2015,135944,47 18.042800 N,062 33.956800 W,0.2,254.4,A,DoorSpread,DoorMaster,6.135000,D,S,199670.000000
Sun Sep 13 10:59:44 2015,13-Sep-2015,135945,47 18.042800 N,062 33.956900 W,0.2,251.4,A,DoorSpread,DoorMaster,6.135000,D,S,199670.000000
Sun Sep 13 10:59:44 2015,13-Sep-2015,135946,47 18.042700 N,062 33.956900 W,0.2,242.2,A,DoorSpread,DoorMaster,6.135000,D,S,199670.000000
Sun Sep 13 10:59:44 2015,13-Sep-2015,135947,47 18.042800 N,062 33.957000 W,0.2,254.5,A,DoorSpread,DoorMaster,6.135000,D,S,199670.000000
Sun Sep 13 10:59:48 2015,13-Sep-2015,135948,47 18.042800 N,062 33.957100 W,0.2,252.3,A,Primary,Headline,4.612245,D,S,58476.000000
Sun Sep 13 10:59:49 2015,13-Sep-2015,135949,47 18.042700 N,062 33.957200 W,0.2,242.8,A,Depth,Depth,59.537037,D,S,231149.000000
Sun Sep 13 10:59:50 2015,13-Sep-2015,135950,47 18.042700 N,062 33.957300 W,0.2,251.6,A,DoorSpread,DoorMaster,5.955000,D,S,471107.000000
Sun Sep 13 10:59:50 2015,13-Sep-2015,135951,47 18.042700 N,062 33.957300 W,0.2,250.0,A,DoorSpread,DoorMaster,5.955000,D,S,471107.000000
Sun Sep 13 10:59:50 2015,13-Sep-2015,135952,47 18.042600 N,062 33.957100 W,0.2,238.9,A,DoorSpread,DoorMaster,5.955000,D,S,471107.000000
Sun Sep 13 10:59:53 2015,13-Sep-2015,135953,47 18.042600 N,062 33.957100 W,0.1,253.2,A,Primary,Headline,6.979592,D,S,67742.000000
Sun Sep 13 10:59:53 2015,13-Sep-2015,135954,47 18.042600 N,062 33.957300 W,0.2,240.5,A,Primary,Headline,6.979592,D,S,67742.000000
Sun Sep 13 10:59:55 2015,13-Sep-2015,135955,47 18.042400 N,062 33.957500 W,0.3,222.3,A,DoorSpread,DoorMaster,5.800000,D,S,289589.000000
Sun Sep 13 10:59:56 2015,13-Sep-2015,135956,47 18.042300 N,062 33.957700 W,0.3,226.3,A,Depth,Depth,58.240741,D,S,211496.000000
Sun Sep 13 10:59:56 2015,13-Sep-2015,135957,47 18.042400 N,062 33.957700 W,0.2,235.2,A,Depth,Depth,58.240741,D,S,211496.000000
Sun Sep 13 10:59:58 2015,13-Sep-2015,135958,47 18.042400 N,062 33.957700 W,0.1,218.6,A,Primary,Headline,1.816327,D,S,61674.000000
Sun Sep 13 10:59:58 2015,13-Sep-2015,135959,47 18.042400 N,062 33.957600 W,0.1,204.2,A,Primary,Headline,1.816327,D,S,61674.000000
Sun Sep 13 10:59:58 2015,13-Sep-2015,140000,47 18.042200 N,062 33.957800 W,0.2,221.8,A,Primary,Headline,1.816327,D,S,61674.000000
Sun Sep 13 11:00:01 2015,13-Sep-2015,140001,47 18.042200 N,062 33.958000 W,0.2,226.6,A,DoorSpread,DoorMaster,5.925000,D,S,321698.000000
Sun Sep 13 11:00:01 2015,13-Sep-2015,140002,47 18.042000 N,062 33.958000 W,0.2,213.5,A,DoorSpread,DoorMaster,5.925000,D,S,321698.000000
Sun Sep 13 11:00:04 2015,13-Sep-2015,140003,47 18.042000 N,062 33.957900 W,0.2,209.5,A,Depth,Depth,56.203704,D,S,214632.000000
Sun Sep 13 11:00:04 2015,13-Sep-2015,140004,47 18.042000 N,062 33.957900 W,0.2,212.8,A,Depth,Depth,56.203704,D,S,214632.000000
Sun Sep 13 11:00:04 2015,13-Sep-2015,140005,47 18.041900 N,062 33.957900 W,0.2,209.2,A,Depth,Depth,56.203704,D,S,214632.000000
Sun Sep 13 11:00:07 2015,13-Sep-2015,140006,47 18.041800 N,062 33.957900 W,0.2,204.4,A,DoorSpread,DoorMaster,5.740000,D,S,249539.000000
Sun Sep 13 11:00:07 2015,13-Sep-2015,140007,47 18.041700 N,062 33.958100 W,0.2,213.4,A,DoorSpread,DoorMaster,5.740000,D,S,249539.000000
Sun Sep 13 11:00:08 2015,13-Sep-2015,140008,47 18.041700 N,062 33.958200 W,0.3,216.7,A,Primary,Headline,11.632653,D,S,112952.000000
Sun Sep 13 11:00:08 2015,13-Sep-2015,140009,47 18.041600 N,062 33.958300 W,0.3,211.0,A,Primary,Headline,11.632653,D,S,112952.000000
Sun Sep 13 11:00:08 2015,13-Sep-2015,140010,47 18.041600 N,062 33.958300 W,0.2,209.5,A,Primary,Headline,11.632653,D,S,112952.000000
Sun Sep 13 11:00:11 2015,13-Sep-2015,140011,47 18.041700 N,062 33.958200 W,0.2,211.0,A,Depth,Depth,53.611111,D,S,405943.000000
Sun Sep 13 11:00:12 2015,13-Sep-2015,140012,47 18.041700 N,062 33.958200 W,0.2,209.2,A,DoorSpread,DoorMaster,5.780000,D,S,233024.000000
Sun Sep 13 11:00:12 2015,13-Sep-2015,140013,47 18.041500 N,062 33.958400 W,0.2,208.5,A,DoorSpread,DoorMaster,5.780000,D,S,233024.000000
Sun Sep 13 11:00:14 2015,13-Sep-2015,140014,47 18.041500 N,062 33.958600 W,0.3,218.3,A,Primary,Headline,13.428571,D,S,68203.000000
Sun Sep 13 11:00:14 2015,13-Sep-2015,140015,47 18.041500 N,062 33.958700 W,0.3,227.0,A,Primary,Headline,13.428571,D,S,68203.000000
Sun Sep 13 11:00:14 2015,13-Sep-2015,140016,47 18.041600 N,062 33.958600 W,0.2,220.7,A,Primary,Headline,13.428571,D,S,68203.000000
Sun Sep 13 11:00:14 2015,13-Sep-2015,140017,47 18.041500 N,062 33.958500 W,0.2,206.0,A,Primary,Headline,13.428571,D,S,68203.000000
Sun Sep 13 11:00:18 2015,13-Sep-2015,140018,47 18.041500 N,062 33.958600 W,0.2,209.7,A,Depth,Depth,49.629630,D,S,193645.000000
Sun Sep 13 11:00:19 2015,13-Sep-2015,140019,47 18.041500 N,062 33.958700 W,0.2,218.2,A,Primary,Headline,16.816327,D,S,70393.000000
Sun Sep 13 11:00:19 2015,13-Sep-2015,140020,47 18.041300 N,062 33.958900 W,0.3,217.8,A,Primary,Headline,16.816327,D,S,70393.000000
Sun Sep 13 11:00:19 2015,13-Sep-2015,140021,47 18.041300 N,062 33.958900 W,0.3,219.7,A,Primary,Headline,16.816327,D,S,70393.000000
Sun Sep 13 11:00:19 2015,13-Sep-2015,140022,47 18.041300 N,062 33.958900 W,0.3,221.2,A,Primary,Headline,16.816327,D,S,70393.000000
Sun Sep 13 11:00:23 2015,13-Sep-2015,140023,47 18.041400 N,062 33.958800 W,0.2,219.5,A,DoorSpread,DoorMaster,5.635000,D,S,272730.000000
Sun Sep 13 11:00:24 2015,13-Sep-2015,140024,47 18.041300 N,062 33.958800 W,0.2,218.4,A,Primary,Headline,17.857143,D,S,70745.000000
Sun Sep 13 11:00:25 2015,13-Sep-2015,140025,47 18.041200 N,062 33.959000 W,0.2,227.6,A,Depth,Depth,51.481481,D,S,193395.000000
Sun Sep 13 11:00:25 2015,13-Sep-2015,140026,47 18.041100 N,062 33.959200 W,0.3,229.7,A,Depth,Depth,51.481481,D,S,193395.000000
Sun Sep 13 11:00:25 2015,13-Sep-2015,140027,47 18.041000 N,062 33.959300 W,0.3,227.8,A,Depth,Depth,51.481481,D,S,193395.000000
Sun Sep 13 11:00:25 2015,13-Sep-2015,140028,47 18.041100 N,062 33.959300 W,0.3,227.4,A,Depth,Depth,51.481481,D,S,193395.000000
Sun Sep 13 11:00:29 2015,13-Sep-2015,140029,47 18.041100 N,062 33.959200 W,0.2,222.4,A,DoorSpread,DoorMaster,5.380000,D,S,379044.000000
Sun Sep 13 11:00:30 2015,13-Sep-2015,140030,47 18.041000 N,062 33.959200 W,0.2,215.9,A,Primary,Headline,22.081633,D,S,88921.000000
Sun Sep 13 11:00:30 2015,13-Sep-2015,140031,47 18.040900 N,062 33.959400 W,0.2,220.9,A,Primary,Headline,22.081633,D,S,88921.000000
Sun Sep 13 11:00:32 2015,13-Sep-2015,140032,47 18.040800 N,062 33.959500 W,0.3,230.0,A,Depth,Depth,43.611111,D,S,255184.000000
Sun Sep 13 11:00:32 2015,13-Sep-2015,140033,47 18.040700 N,062 33.959500 W,0.3,230.8,A,Depth,Depth,43.611111,D,S,255184.000000
Sun Sep 13 11:00:34 2015,13-Sep-2015,140034,47 18.040500 N,062 33.959500 W,0.3,224.5,A,DoorSpread,DoorMaster,5.075000,D,S,518226.000000
Sun Sep 13 11:00:35 2015,13-Sep-2015,140035,47 18.040500 N,062 33.959600 W,0.3,223.5,A,Primary,Headline,1.673469,D,S,57278.000000
Sun Sep 13 11:00:35 2015,13-Sep-2015,140036,47 18.040500 N,062 33.959500 W,0.2,227.6,A,Primary,Headline,1.673469,D,S,57278.000000
Sun Sep 13 11:00:35 2015,13-Sep-2015,140037,47 18.040400 N,062 33.959600 W,0.2,222.5,A,Primary,Headline,1.673469,D,S,57278.000000
Sun Sep 13 11:00:35 2015,13-Sep-2015,140038,47 18.040200 N,062 33.959600 W,0.3,213.8,A,Primary,Headline,1.673469,D,S,57278.000000
