#B	Created:	05.08.2025 19:01:20
##	Version	SeaStar	9.59
#5	Field separation:	0
#2	Date & Time:	1
#6	Decimal point:	,
#7	Date def.:	dd.mm.yyyy	.
#8	Time def.:	:
##	Axis	0	Temperature(°C)	clRed	FALSE
##	Axis	1	Pressure(Bar)	clBlue	FALSE
##	Axis	2	Salinity(psu)	clGreen	FALSE
##	Axis	3	Conductivity(mS/cm)	$00FF80FF	FALSE
##	Axis	4	Sound Velocity(m/sec)	$00404080	FALSE
##	Series	0	Temp(°C)	clRed	0	Temp(°C)	2
##	Series	1	Press(Bar)	clBlue	1	Press(Bar)	2
##	Series	2	Salinity(psu)	clGreen	2	Salinity(psu)	2
##	Series	3	Conduct(mS/cm)	$00FF80FF	3	Conduct(mS/cm)	2
##	Series	4	Sound Velocity(m/sec)	$00404080	4	Velocity(m/sec)	2
##	Recorder	30	DST CTD	13528
##	Chart	30S13528DAT	
#D	Data:	1234	05.08.2025 18:40:00	05.08.2025 19:00:33
1	05.08.2025 18:40:00	20,30	0,06	0,05	0,09	1482,73
2	05.08.2025 18:40:01	20,30	0,06	0,05	0,09	1482,73
3	05.08.2025 18:40:02	20,27	0,05	0,05	0,09	1482,63
4	05.08.2025 18:40:03	20,27	0,05	0,04	0,06	1482,62
5	05.08.2025 18:40:04	20,27	0,06	0,04	0,06	1482,62
6	05.08.2025 18:40:05	20,27	0,06	0,04	0,06	1482,62
7	05.08.2025 18:40:06	20,27	0,03	0,05	0,09	1482,63
8	05.08.2025 18:40:07	20,27	0,05	0,04	0,06	1482,62
9	05.08.2025 18:40:08	20,24	0,05	0,05	0,09	1482,54
10	05.08.2025 18:40:09	20,24	0,06	0,04	0,06	1482,53
11	05.08.2025 18:40:10	20,24	0,03	0,04	0,06	1482,52
12	05.08.2025 18:40:11	20,24	0,03	0,05	0,09	1482,54
13	05.08.2025 18:40:12	20,24	0,05	0,04	0,06	1482,53
14	05.08.2025 18:40:13	20,24	0,05	0,05	0,09	1482,54
15	05.08.2025 18:40:14	20,21	0,05	0,04	0,06	1482,44
16	05.08.2025 18:40:15	20,21	0,06	0,05	0,09	1482,45
17	05.08.2025 18:40:16	20,21	0,05	0,04	0,06	1482,44
18	05.08.2025 18:40:17	20,21	0,05	0,04	0,06	1482,44
19	05.08.2025 18:40:18	20,21	0,05	0,04	0,06	1482,44
20	05.08.2025 18:40:19	20,21	0,06	0,04	0,06	1482,44
21	05.08.2025 18:40:20	20,18	0,06	0,05	0,09	1482,36
22	05.08.2025 18:40:21	20,18	0,06	0,05	0,09	1482,36
23	05.08.2025 18:40:22	20,18	0,06	0,04	0,06	1482,35
24	05.08.2025 18:40:23	20,18	0,06	0,05	0,09	1482,36
25	05.08.2025 18:40:24	20,18	0,05	0,04	0,06	1482,34
26	05.08.2025 18:40:25	20,15	0,06	0,05	0,09	1482,27
27	05.08.2025 18:40:26	20,15	0,05	0,04	0,06	1482,25
28	05.08.2025 18:40:27	20,15	0,05	0,04	0,06	1482,25
29	05.08.2025 18:40:28	20,15	0,06	0,05	0,09	1482,27
30	05.08.2025 18:40:29	20,15	0,06	0,04	0,06	1482,26
31	05.08.2025 18:40:30	20,15	0,06	0,04	0,06	1482,26
32	05.08.2025 18:40:31	20,15	0,06	0,04	0,06	1482,26
33	05.08.2025 18:40:32	20,15	0,06	0,04	0,06	1482,26
34	05.08.2025 18:40:33	20,15	0,06	0,05	0,09	1482,27
35	05.08.2025 18:40:34	20,12	0,05	0,04	0,06	1482,16
36	05.08.2025 18:40:35	20,12	0,06	0,04	0,06	1482,16
37	05.08.2025 18:40:36	20,12	0,06	0,04	0,06	1482,16
38	05.08.2025 18:40:37	20,12	0,06	0,04	0,06	1482,16
39	05.08.2025 18:40:38	20,12	0,06	0,04	0,06	1482,16
40	05.08.2025 18:40:39	20,12	0,06	0,04	0,06	1482,16
41	05.08.2025 18:40:40	20,12	0,05	0,04	0,06	1482,16
42	05.08.2025 18:40:41	20,12	0,05	0,05	0,09	1482,18
43	05.08.2025 18:40:42	20,12	0,05	0,04	0,06	1482,16
44	05.08.2025 18:40:43	20,12	0,06	0,04	0,06	1482,16
45	05.08.2025 18:40:44	20,12	0,05	0,04	0,06	1482,16
46	05.08.2025 18:40:45	20,12	0,05	0,05	0,09	1482,18
47	05.08.2025 18:40:46	20,12	0,06	0,05	0,09	1482,18
48	05.08.2025 18:40:47	20,09	0,06	0,04	0,06	1482,07
49	05.08.2025 18:40:48	20,09	0,06	0,04	0,06	1482,07
50	05.08.2025 18:40:49	20,09	0,06	0,04	0,06	1482,07
51	05.08.2025 18:40:50	20,09	0,05	0,04	0,06	1482,07
52	05.08.2025 18:40:51	20,09	0,05	0,05	0,09	1482,08
53	05.08.2025 18:40:52	20,09	0,05	0,05	0,09	1482,08
54	05.08.2025 18:40:53	20,09	0,06	0,04	0,06	1482,07
55	05.08.2025 18:40:54	20,09	0,06	0,04	0,06	1482,07
56	05.08.2025 18:40:55	20,09	0,06	0,05	0,09	1482,09
57	05.08.2025 18:40:56	20,09	0,05	0,04	0,06	1482,07
58	05.08.2025 18:40:57	20,06	0,06	0,04	0,06	1481,98
59	05.08.2025 18:40:58	20,06	0,06	0,04	0,06	1481,98
60	05.08.2025 18:40:59	20,06	0,06	0,04	0,06	1481,98
61	05.08.2025 18:41:00	20,06	0,05	0,05	0,09	1481,99
62	05.08.2025 18:41:01	20,06	0,06	0,04	0,06	1481,98
63	05.08.2025 18:41:02	20,06	0,06	0,05	0,09	1482,00
64	05.08.2025 18:41:03	20,06	0,05	0,05	0,09	1481,99
65	05.08.2025 18:41:04	20,06	0,06	0,04	0,06	1481,98
66	05.08.2025 18:41:05	20,06	0,06	0,04	0,06	1481,98
67	05.08.2025 18:41:06	20,06	0,05	0,04	0,06	1481,98
68	05.08.2025 18:41:07	20,06	0,06	0,05	0,09	1482,00
69	05.08.2025 18:41:08	20,03	0,05	0,04	0,06	1481,89
70	05.08.2025 18:41:09	20,03	0,03	0,04	0,06	1481,88
71	05.08.2025 18:41:10	20,03	0,05	0,04	0,06	1481,89
72	05.08.2025 18:41:11	20,03	0,03	0,05	0,09	1481,90
73	05.08.2025 18:41:12	20,03	0,03	0,05	0,09	1481,90
74	05.08.2025 18:41:13	20,03	0,05	0,04	0,06	1481,89
75	05.08.2025 18:41:14	20,03	0,03	0,04	0,06	1481,88
76	05.08.2025 18:41:15	20,03	0,05	0,04	0,06	1481,89
77	05.08.2025 18:41:16	20,03	0,05	0,04	0,06	1481,89
78	05.08.2025 18:41:17	20,03	0,05	0,04	0,06	1481,89
79	05.08.2025 18:41:18	20,03	0,03	0,04	0,06	1481,88
80	05.08.2025 18:41:19	20,00	0,05	0,23	0,43	1482,01
81	05.08.2025 18:41:20	20,00	0,03	0,32	0,58	1482,11
82	05.08.2025 18:41:21	20,00	0,05	0,32	0,58	1482,11
83	05.08.2025 18:41:22	20,00	0,05	0,24	0,45	1482,03
84	05.08.2025 18:41:23	20,00	-0,28	24,96	35,37	1510,03
85	05.08.2025 18:41:24	19,62	-0,17	24,89	34,99	1508,86
86	05.08.2025 18:41:25	19,11	0,01	25,08	34,86	1507,65
87	05.08.2025 18:41:26	18,79	0,05	25,25	34,82	1506,89
88	05.08.2025 18:41:27	18,52	0,10	25,41	34,82	1506,28
89	05.08.2025 18:41:28	18,31	0,10	25,53	34,81	1505,80
90	05.08.2025 18:41:29	18,16	0,12	25,58	34,76	1505,42
91	05.08.2025 18:41:30	18,07	0,12	25,61	34,73	1505,19
92	05.08.2025 18:41:31	17,95	0,14	25,69	34,73	1504,91
93	05.08.2025 18:41:32	17,86	0,14	25,74	34,72	1504,71
94	05.08.2025 18:41:33	17,80	0,12	25,78	34,72	1504,56
95	05.08.2025 18:41:34	17,74	0,14	25,81	34,72	1504,43
96	05.08.2025 18:41:35	17,68	0,12	25,85	34,72	1504,29
97	05.08.2025 18:41:36	17,62	0,12	25,89	34,72	1504,15
98	05.08.2025 18:41:37	17,59	0,12	25,90	34,71	1504,08
99	05.08.2025 18:41:38	17,53	0,12	25,94	34,71	1503,94
100	05.08.2025 18:41:39	17,50	0,12	25,96	34,71	1503,87
101	05.08.2025 18:41:40	17,44	0,12	26,00	34,71	1503,73
102	05.08.2025 18:41:41	17,41	0,12	26,02	34,71	1503,66
103	05.08.2025 18:41:42	17,38	0,12	26,03	34,71	1503,59
104	05.08.2025 18:41:43	17,32	0,12	26,07	34,71	1503,45
105	05.08.2025 18:41:44	17,29	0,08	26,09	34,71	1503,37
106	05.08.2025 18:41:45	17,26	0,10	26,11	34,71	1503,30
107	05.08.2025 18:41:46	17,23	0,12	26,13	34,70	1503,23
108	05.08.2025 18:41:47	17,20	0,10	26,12	34,68	1503,14
109	05.08.2025 18:41:48	17,17	0,10	26,16	34,70	1503,09
110	05.08.2025 18:41:49	17,14	0,10	26,18	34,70	1503,02
111	05.08.2025 18:41:50	17,11	0,08	26,16	34,65	1502,90
112	05.08.2025 18:41:51	17,08	0,08	26,20	34,68	1502,85
113	05.08.2025 18:41:52	17,05	0,10	26,22	34,67	1502,78
114	05.08.2025 18:41:53	17,02	0,10	26,26	34,70	1502,74
115	05.08.2025 18:41:54	16,99	0,08	26,26	34,67	1502,64
116	05.08.2025 18:41:55	16,96	0,08	26,25	34,65	1502,54
117	05.08.2025 18:41:56	16,93	0,10	26,29	34,67	1502,50
118	05.08.2025 18:41:57	16,90	0,06	26,29	34,65	1502,40
119	05.08.2025 18:41:58	16,90	0,08	26,31	34,67	1502,43
120	05.08.2025 18:41:59	16,87	0,08	26,29	34,62	1502,31
121	05.08.2025 18:42:00	16,84	0,06	26,35	34,67	1502,28
122	05.08.2025 18:42:01	16,81	0,06	26,37	34,67	1502,21
123	05.08.2025 18:42:02	16,78	0,08	26,39	34,67	1502,14
124	05.08.2025 18:42:03	16,78	0,06	26,35	34,62	1502,09
125	05.08.2025 18:42:04	16,75	0,06	26,39	34,64	1502,04
126	05.08.2025 18:42:05	16,72	0,06	26,41	34,64	1501,97
127	05.08.2025 18:42:06	16,72	0,06	26,41	34,64	1501,97
128	05.08.2025 18:42:07	16,72	0,06	26,37	34,59	1501,92
129	05.08.2025 18:42:08	16,69	0,08	26,43	34,64	1501,90
130	05.08.2025 18:42:09	16,69	0,06	26,43	34,64	1501,90
131	05.08.2025 18:42:10	16,69	0,06	26,45	34,66	1501,92
132	05.08.2025 18:42:11	16,66	0,08	26,45	34,64	1501,83
133	05.08.2025 18:42:12	16,66	0,06	26,45	34,64	1501,83
134	05.08.2025 18:42:13	16,63	0,06	26,49	34,66	1501,78
135	05.08.2025 18:42:14	16,63	0,08	26,40	34,56	1501,69
136	05.08.2025 18:42:15	16,60	0,05	26,46	34,61	1501,66
137	05.08.2025 18:42:16	16,57	0,06	26,50	34,64	1501,61
138	05.08.2025 18:42:17	16,57	0,05	26,48	34,61	1501,58
139	05.08.2025 18:42:18	16,54	0,06	26,56	34,69	1501,59
140	05.08.2025 18:42:19	16,54	0,06	26,56	34,69	1501,59
141	05.08.2025 18:42:20	16,54	0,06	26,56	34,69	1501,59
142	05.08.2025 18:42:21	16,54	0,06	26,56	34,69	1501,59
143	05.08.2025 18:42:22	16,54	0,05	26,54	34,66	1501,56
144	05.08.2025 18:42:23	16,51	0,06	26,56	34,66	1501,49
145	05.08.2025 18:42:24	16,51	0,06	26,56	34,66	1501,49
146	05.08.2025 18:42:25	16,51	0,08	26,56	34,66	1501,50
147	05.08.2025 18:42:26	16,48	0,10	26,58	34,66	1501,43
148	05.08.2025 18:42:27	16,48	0,10	26,54	34,61	1501,38
149	05.08.2025 18:42:28	16,48	0,14	26,52	34,59	1501,36
150	05.08.2025 18:42:29	16,45	0,14	26,56	34,61	1501,31
151	05.08.2025 18:42:30	16,42	0,17	26,62	34,66	1501,29
152	05.08.2025 18:42:31	16,42	0,17	26,62	34,66	1501,29
153	05.08.2025 18:42:32	16,42	0,19	26,58	34,61	1501,25
154	05.08.2025 18:42:33	16,42	0,23	26,58	34,61	1501,25
155	05.08.2025 18:42:34	16,39	0,25	26,60	34,61	1501,18
156	05.08.2025 18:42:35	16,39	0,25	26,56	34,56	1501,14
157	05.08.2025 18:42:36	16,36	0,26	26,58	34,56	1501,07
158	05.08.2025 18:42:37	16,33	0,26	26,59	34,56	1500,99
159	05.08.2025 18:42:38	16,33	0,30	26,62	34,58	1501,02
160	05.08.2025 18:42:39	16,33	0,32	26,59	34,56	1501,00
161	05.08.2025 18:42:40	16,30	0,32	26,53	34,46	1500,83
162	05.08.2025 18:42:41	16,30	0,34	26,47	34,38	1500,76
163	05.08.2025 18:42:42	16,23	0,39	26,44	34,31	1500,55
164	05.08.2025 18:42:43	16,20	0,39	26,59	34,45	1500,63
165	05.08.2025 18:42:44	16,17	0,43	26,63	34,48	1500,58
166	05.08.2025 18:42:45	16,17	0,44	26,54	34,38	1500,49
167	05.08.2025 18:42:46	16,17	0,48	26,50	34,33	1500,44
168	05.08.2025 18:42:47	16,14	0,44	26,31	34,08	1500,12
169	05.08.2025 18:42:48	16,08	0,46	26,35	34,08	1499,97
170	05.08.2025 18:42:49	16,02	0,54	26,58	34,30	1500,06
171	05.08.2025 18:42:50	16,02	0,55	26,60	34,33	1500,09
172	05.08.2025 18:42:51	16,02	0,52	26,24	33,91	1499,66
173	05.08.2025 18:42:52	15,93	0,55	26,24	33,83	1499,37
174	05.08.2025 18:42:53	15,84	0,59	26,27	33,81	1499,13
175	05.08.2025 18:42:54	15,78	0,63	26,29	33,78	1498,97
176	05.08.2025 18:42:55	15,72	0,66	26,31	33,75	1498,80
177	05.08.2025 18:42:56	15,66	0,69	26,28	33,68	1498,58
178	05.08.2025 18:42:57	15,60	0,70	26,26	33,60	1498,36
179	05.08.2025 18:42:58	15,53	0,72	26,17	33,45	1498,06
180	05.08.2025 18:42:59	15,44	0,74	26,02	33,21	1497,59
181	05.08.2025 18:43:00	15,32	0,77	25,97	33,05	1497,14
182	05.08.2025 18:43:01	15,20	0,83	25,94	32,93	1496,72
183	05.08.2025 18:43:02	15,07	0,88	25,97	32,88	1496,37
184	05.08.2025 18:43:03	14,95	0,93	26,01	32,82	1496,02
185	05.08.2025 18:43:04	14,86	0,92	26,07	32,82	1495,79
186	05.08.2025 18:43:05	14,80	0,93	26,04	32,75	1495,56
187	05.08.2025 18:43:06	14,74	0,95	26,00	32,65	1495,30
188	05.08.2025 18:43:07	14,64	0,96	25,99	32,57	1494,99
189	05.08.2025 18:43:08	14,58	0,99	26,03	32,57	1494,84
190	05.08.2025 18:43:09	14,49	1,04	26,07	32,54	1494,59
191	05.08.2025 18:43:10	14,43	1,07	26,09	32,51	1494,41
192	05.08.2025 18:43:11	14,37	1,08	26,10	32,49	1494,23
193	05.08.2025 18:43:12	14,30	1,13	26,14	32,49	1494,08
194	05.08.2025 18:43:13	14,27	1,15	26,16	32,49	1494,01
195	05.08.2025 18:43:14	14,21	1,18	26,23	32,51	1493,88
196	05.08.2025 18:43:15	14,18	1,21	26,27	32,53	1493,84
197	05.08.2025 18:43:16	14,15	1,23	26,36	32,61	1493,84
198	05.08.2025 18:43:17	14,12	1,26	26,40	32,63	1493,79
199	05.08.2025 18:43:18	14,09	1,29	26,42	32,63	1493,72
200	05.08.2025 18:43:19	14,06	1,33	26,44	32,63	1493,64
201	05.08.2025 18:43:20	14,06	1,36	26,44	32,63	1493,65
202	05.08.2025 18:43:21	14,02	1,40	26,46	32,63	1493,58
203	05.08.2025 18:43:22	13,99	1,40	26,48	32,63	1493,50
204	05.08.2025 18:43:23	13,96	1,43	26,50	32,63	1493,42
205	05.08.2025 18:43:24	13,96	1,43	26,50	32,63	1493,42
206	05.08.2025 18:43:25	13,93	1,44	26,52	32,62	1493,35
207	05.08.2025 18:43:26	13,90	1,44	26,54	32,62	1493,27
208	05.08.2025 18:43:27	13,90	1,46	26,54	32,62	1493,27
209	05.08.2025 18:43:28	13,87	1,46	26,56	32,62	1493,19
210	05.08.2025 18:43:29	13,84	1,46	26,58	32,62	1493,11
211	05.08.2025 18:43:30	13,84	1,47	26,58	32,62	1493,11
212	05.08.2025 18:43:31	13,81	1,45	26,60	32,62	1493,03
213	05.08.2025 18:43:32	13,77	1,45	26,65	32,65	1492,98
214	05.08.2025 18:43:33	13,77	1,45	26,62	32,62	1492,95
215	05.08.2025 18:43:34	13,77	1,47	26,62	32,62	1492,95
216	05.08.2025 18:43:35	13,74	1,47	26,67	32,64	1492,90
217	05.08.2025 18:43:36	13,74	1,49	26,67	32,64	1492,90
218	05.08.2025 18:43:37	13,71	1,52	26,71	32,67	1492,86
219	05.08.2025 18:43:38	13,71	1,56	26,73	32,69	1492,89
220	05.08.2025 18:43:39	13,68	1,57	26,75	32,69	1492,81
221	05.08.2025 18:43:40	13,68	1,59	26,75	32,69	1492,81
222	05.08.2025 18:43:41	13,65	1,60	26,77	32,69	1492,74
223	05.08.2025 18:43:42	13,65	1,60	26,77	32,69	1492,74
224	05.08.2025 18:43:43	13,65	1,60	26,77	32,69	1492,74
225	05.08.2025 18:43:44	13,62	1,62	26,80	32,69	1492,66
226	05.08.2025 18:43:45	13,62	1,62	26,80	32,69	1492,66
227	05.08.2025 18:43:46	13,59	1,64	26,82	32,69	1492,58
228	05.08.2025 18:43:47	13,59	1,64	26,82	32,69	1492,58
229	05.08.2025 18:43:48	13,56	1,63	26,84	32,69	1492,50
230	05.08.2025 18:43:49	13,56	1,65	26,84	32,69	1492,51
231	05.08.2025 18:43:50	13,56	1,65	26,84	32,69	1492,51
232	05.08.2025 18:43:51	13,53	1,67	26,86	32,69	1492,43
233	05.08.2025 18:43:52	13,53	1,67	26,86	32,69	1492,43
234	05.08.2025 18:43:53	13,53	1,69	26,86	32,69	1492,43
235	05.08.2025 18:43:54	13,49	1,68	26,88	32,69	1492,35
236	05.08.2025 18:43:55	13,49	1,70	26,88	32,69	1492,35
237	05.08.2025 18:43:56	13,46	1,70	26,90	32,69	1492,27
238	05.08.2025 18:43:57	13,46	1,70	26,90	32,69	1492,27
239	05.08.2025 18:43:58	13,46	1,70	26,88	32,66	1492,25
240	05.08.2025 18:43:59	13,43	1,70	26,90	32,66	1492,17
241	05.08.2025 18:44:00	13,43	1,71	26,90	32,66	1492,17
242	05.08.2025 18:44:01	13,43	1,71	26,90	32,66	1492,17
243	05.08.2025 18:44:02	13,40	1,73	26,92	32,66	1492,09
244	05.08.2025 18:44:03	13,40	1,73	26,92	32,66	1492,09
245	05.08.2025 18:44:04	13,40	1,73	26,92	32,66	1492,09
246	05.08.2025 18:44:05	13,37	1,75	26,94	32,66	1492,01
247	05.08.2025 18:44:06	13,37	1,73	26,92	32,64	1491,98
248	05.08.2025 18:44:07	13,34	1,74	26,94	32,63	1491,91
249	05.08.2025 18:44:08	13,34	1,76	26,94	32,63	1491,91
250	05.08.2025 18:44:09	13,31	1,76	26,94	32,61	1491,80
251	05.08.2025 18:44:10	13,31	1,78	26,94	32,61	1491,80
252	05.08.2025 18:44:11	13,27	1,79	26,96	32,61	1491,73
253	05.08.2025 18:44:12	13,27	1,79	26,96	32,61	1491,73
254	05.08.2025 18:44:13	13,27	1,81	26,96	32,61	1491,73
255	05.08.2025 18:44:14	13,24	1,81	26,98	32,61	1491,65
256	05.08.2025 18:44:15	13,24	1,81	26,98	32,61	1491,65
257	05.08.2025 18:44:16	13,24	1,81	26,98	32,61	1491,65
258	05.08.2025 18:44:17	13,21	1,81	26,98	32,58	1491,54
259	05.08.2025 18:44:18	13,21	1,81	27,00	32,61	1491,57
260	05.08.2025 18:44:19	13,21	1,82	27,00	32,61	1491,57
261	05.08.2025 18:44:20	13,21	1,82	27,00	32,61	1491,57
262	05.08.2025 18:44:21	13,18	1,82	27,03	32,61	1491,49
263	05.08.2025 18:44:22	13,18	1,82	27,03	32,61	1491,49
264	05.08.2025 18:44:23	13,18	1,82	27,00	32,58	1491,46
265	05.08.2025 18:44:24	13,15	1,86	27,03	32,58	1491,39
266	05.08.2025 18:44:25	13,15	1,86	27,03	32,58	1491,39
267	05.08.2025 18:44:26	13,15	1,87	27,00	32,56	1491,36
268	05.08.2025 18:44:27	13,12	1,87	27,02	32,56	1491,28
269	05.08.2025 18:44:28	13,12	1,87	27,02	32,56	1491,28
270	05.08.2025 18:44:29	13,09	1,89	27,05	32,55	1491,20
271	05.08.2025 18:44:30	13,09	1,91	27,02	32,53	1491,18
272	05.08.2025 18:44:31	13,09	1,92	27,02	32,53	1491,18
273	05.08.2025 18:44:32	13,05	1,94	27,04	32,53	1491,10
274	05.08.2025 18:44:33	13,05	1,94	27,04	32,53	1491,10
275	05.08.2025 18:44:34	13,02	1,97	27,07	32,53	1491,03
276	05.08.2025 18:44:35	13,02	1,95	27,07	32,53	1491,02
277	05.08.2025 18:44:36	13,02	1,97	27,07	32,53	1491,03
278	05.08.2025 18:44:37	13,02	1,99	27,07	32,53	1491,03
279	05.08.2025 18:44:38	13,02	2,01	27,07	32,53	1491,03
280	05.08.2025 18:44:39	12,99	2,01	27,09	32,53	1490,95
281	05.08.2025 18:44:40	12,99	2,02	27,09	32,53	1490,95
282	05.08.2025 18:44:41	12,99	2,02	27,04	32,48	1490,90
283	05.08.2025 18:44:42	12,96	2,06	27,04	32,45	1490,80
284	05.08.2025 18:44:43	12,93	2,07	27,04	32,43	1490,69
285	05.08.2025 18:44:44	12,90	2,07	27,02	32,38	1490,55
286	05.08.2025 18:44:45	12,87	2,09	27,04	32,38	1490,47
287	05.08.2025 18:44:46	12,83	2,14	27,04	32,35	1490,37
288	05.08.2025 18:44:47	12,80	2,15	27,06	32,35	1490,29
289	05.08.2025 18:44:48	12,77	2,17	27,06	32,33	1490,19
290	05.08.2025 18:44:49	12,74	2,19	27,08	32,33	1490,11
291	05.08.2025 18:44:50	12,74	2,20	27,08	32,32	1490,11
292	05.08.2025 18:44:51	12,71	2,22	27,08	32,30	1490,00
293	05.08.2025 18:44:52	12,68	2,24	27,10	32,30	1489,92
294	05.08.2025 18:44:53	12,64	2,27	27,12	32,30	1489,85
295	05.08.2025 18:44:54	12,61	2,30	27,12	32,27	1489,74
296	05.08.2025 18:44:55	12,58	2,32	27,14	32,27	1489,66
297	05.08.2025 18:44:56	12,58	2,32	27,14	32,27	1489,66
298	05.08.2025 18:44:57	12,55	2,33	27,14	32,25	1489,55
299	05.08.2025 18:44:58	12,52	2,35	27,19	32,27	1489,50
300	05.08.2025 18:44:59	12,52	2,39	27,19	32,27	1489,51
301	05.08.2025 18:45:00	12,49	2,40	27,21	32,27	1489,43
302	05.08.2025 18:45:01	12,49	2,42	27,21	32,27	1489,43
303	05.08.2025 18:45:02	12,45	2,42	27,23	32,27	1489,35
304	05.08.2025 18:45:03	12,45	2,44	27,23	32,27	1489,35
305	05.08.2025 18:45:04	12,42	2,47	27,25	32,27	1489,27
306	05.08.2025 18:45:05	12,42	2,49	27,25	32,27	1489,27
307	05.08.2025 18:45:06	12,42	2,50	27,23	32,24	1489,25
308	05.08.2025 18:45:07	12,39	2,54	27,25	32,24	1489,17
309	05.08.2025 18:45:08	12,39	2,54	27,25	32,24	1489,17
310	05.08.2025 18:45:09	12,36	2,57	27,25	32,22	1489,07
311	05.08.2025 18:45:10	12,36	2,59	27,21	32,17	1489,01
312	05.08.2025 18:45:11	12,33	2,62	27,21	32,14	1488,91
313	05.08.2025 18:45:12	12,26	2,64	27,20	32,09	1488,69
314	05.08.2025 18:45:13	12,23	2,65	27,23	32,09	1488,61
315	05.08.2025 18:45:14	12,17	2,68	27,23	32,04	1488,39
316	05.08.2025 18:45:15	12,11	2,68	27,18	31,94	1488,11
317	05.08.2025 18:45:16	12,01	2,71	27,20	31,89	1487,80
318	05.08.2025 18:45:17	11,95	2,74	27,22	31,86	1487,61
319	05.08.2025 18:45:18	11,85	2,75	27,22	31,79	1487,27
320	05.08.2025 18:45:19	11,75	2,78	27,26	31,76	1487,00
321	05.08.2025 18:45:20	11,69	2,79	27,29	31,74	1486,80
322	05.08.2025 18:45:21	11,63	2,81	27,29	31,69	1486,57
323	05.08.2025 18:45:22	11,56	2,84	27,24	31,59	1486,29
324	05.08.2025 18:45:23	11,50	2,87	27,21	31,51	1486,04
325	05.08.2025 18:45:24	11,40	2,88	27,21	31,43	1485,70
326	05.08.2025 18:45:25	11,30	2,91	27,21	31,36	1485,36
327	05.08.2025 18:45:26	11,21	2,94	27,25	31,33	1485,07
328	05.08.2025 18:45:27	11,11	2,97	27,30	31,31	1484,79
329	05.08.2025 18:45:28	11,01	3,00	27,32	31,25	1484,47
330	05.08.2025 18:45:29	10,95	2,99	27,28	31,15	1484,18
331	05.08.2025 18:45:30	10,88	3,02	27,27	31,10	1483,95
332	05.08.2025 18:45:31	10,79	3,05	27,32	31,08	1483,66
333	05.08.2025 18:45:32	10,72	3,07	27,34	31,05	1483,46
334	05.08.2025 18:45:33	10,66	3,10	27,37	31,03	1483,25
335	05.08.2025 18:45:34	10,59	3,11	27,37	30,97	1483,02
336	05.08.2025 18:45:35	10,49	3,12	27,34	30,88	1482,64
337	05.08.2025 18:45:36	10,40	3,13	27,32	30,77	1482,25
338	05.08.2025 18:45:37	10,30	3,14	27,32	30,70	1481,89
339	05.08.2025 18:45:38	10,20	3,17	27,27	30,57	1481,48
340	05.08.2025 18:45:39	10,07	3,20	27,29	30,50	1481,03
341	05.08.2025 18:45:40	9,94	3,21	27,19	30,30	1480,42
342	05.08.2025 18:45:41	9,77	3,21	27,02	30,00	1479,60
343	05.08.2025 18:45:42	9,57	3,27	27,04	29,87	1478,90
344	05.08.2025 18:45:43	9,34	3,31	27,09	29,75	1478,10
345	05.08.2025 18:45:44	9,14	3,33	27,11	29,62	1477,38
346	05.08.2025 18:45:45	8,94	3,35	27,01	29,37	1476,51
347	05.08.2025 18:45:46	8,74	3,37	26,99	29,19	1475,71
348	05.08.2025 18:45:47	8,50	3,41	27,01	29,04	1474,85
349	05.08.2025 18:45:48	8,30	3,47	27,11	28,99	1474,21
350	05.08.2025 18:45:49	8,10	3,51	27,32	29,04	1473,69
351	05.08.2025 18:45:50	7,96	3,50	27,30	28,91	1473,13
352	05.08.2025 18:45:51	7,79	3,54	27,35	28,84	1472,55
353	05.08.2025 18:45:52	7,62	3,56	27,51	28,86	1472,08
354	05.08.2025 18:45:53	7,48	3,57	27,54	28,78	1471,59
355	05.08.2025 18:45:54	7,34	3,58	27,57	28,71	1471,08
356	05.08.2025 18:45:55	7,17	3,60	27,65	28,66	1470,51
357	05.08.2025 18:45:56	7,00	3,64	27,63	28,51	1469,81
358	05.08.2025 18:45:57	6,82	3,68	27,82	28,56	1469,37
359	05.08.2025 18:45:58	6,65	3,71	27,91	28,50	1468,79
360	05.08.2025 18:45:59	6,47	3,73	28,05	28,50	1468,27
361	05.08.2025 18:46:00	6,37	3,76	28,11	28,48	1467,93
362	05.08.2025 18:46:01	6,26	3,79	28,19	28,48	1467,62
363	05.08.2025 18:46:02	6,16	3,80	28,25	28,45	1467,27
364	05.08.2025 18:46:03	6,05	3,81	28,34	28,45	1466,96
365	05.08.2025 18:46:04	5,98	3,82	28,43	28,47	1466,78
366	05.08.2025 18:46:05	5,87	3,85	28,49	28,45	1466,43
367	05.08.2025 18:46:06	5,80	3,88	28,55	28,45	1466,22
368	05.08.2025 18:46:07	5,77	3,88	28,58	28,45	1466,12
369	05.08.2025 18:46:08	5,70	3,89	28,64	28,45	1465,91
370	05.08.2025 18:46:09	5,62	3,92	28,67	28,42	1465,66
371	05.08.2025 18:46:10	5,55	3,93	28,73	28,42	1465,45
372	05.08.2025 18:46:11	5,48	3,96	28,76	28,40	1465,21
373	05.08.2025 18:46:12	5,41	3,98	28,80	28,37	1464,96
374	05.08.2025 18:46:13	5,34	3,99	28,86	28,37	1464,74
375	05.08.2025 18:46:14	5,27	4,00	28,92	28,37	1464,53
376	05.08.2025 18:46:15	5,23	4,02	28,92	28,35	1464,39
377	05.08.2025 18:46:16	5,16	4,05	28,98	28,35	1464,18
378	05.08.2025 18:46:17	5,09	4,08	29,05	28,35	1463,96
379	05.08.2025 18:46:18	5,05	4,09	29,08	28,35	1463,86
380	05.08.2025 18:46:19	4,98	4,11	29,11	28,32	1463,61
381	05.08.2025 18:46:20	4,94	4,14	29,14	28,32	1463,50
382	05.08.2025 18:46:21	4,87	4,15	29,18	28,30	1463,25
383	05.08.2025 18:46:22	4,80	4,18	29,24	28,30	1463,03
384	05.08.2025 18:46:23	4,76	4,20	29,28	28,30	1462,93
385	05.08.2025 18:46:24	4,69	4,21	29,31	28,27	1462,67
386	05.08.2025 18:46:25	4,65	4,24	29,34	28,27	1462,57
387	05.08.2025 18:46:26	4,61	4,26	29,35	28,25	1462,42
388	05.08.2025 18:46:27	4,58	4,29	29,41	28,27	1462,36
389	05.08.2025 18:46:28	4,51	4,31	29,44	28,25	1462,10
390	05.08.2025 18:46:29	4,47	4,32	29,45	28,22	1461,95
391	05.08.2025 18:46:30	4,43	4,35	29,48	28,22	1461,85
392	05.08.2025 18:46:31	4,40	4,37	29,51	28,22	1461,74
393	05.08.2025 18:46:32	4,32	4,40	29,55	28,20	1461,48
394	05.08.2025 18:46:33	4,29	4,40	29,56	28,18	1461,34
395	05.08.2025 18:46:34	4,25	4,45	29,62	28,20	1461,27
396	05.08.2025 18:46:35	4,18	4,46	29,63	28,15	1460,97
397	05.08.2025 18:46:36	4,14	4,48	29,63	28,13	1460,83
398	05.08.2025 18:46:37	4,10	4,51	29,64	28,10	1460,68
399	05.08.2025 18:46:38	4,06	4,53	29,67	28,10	1460,57
400	05.08.2025 18:46:39	3,99	4,56	29,74	28,10	1460,35
401	05.08.2025 18:46:40	3,95	4,59	29,77	28,10	1460,25
402	05.08.2025 18:46:41	3,92	4,60	29,80	28,10	1460,14
403	05.08.2025 18:46:42	3,88	4,62	29,84	28,10	1460,02
404	05.08.2025 18:46:43	3,84	4,65	29,84	28,08	1459,88
405	05.08.2025 18:46:44	3,81	4,69	29,88	28,08	1459,77
406	05.08.2025 18:46:45	3,77	4,70	29,91	28,08	1459,66
407	05.08.2025 18:46:46	3,73	4,73	29,94	28,08	1459,55
408	05.08.2025 18:46:47	3,69	4,75	30,01	28,10	1459,48
409	05.08.2025 18:46:48	3,66	4,76	30,04	28,10	1459,37
410	05.08.2025 18:46:49	3,66	4,80	30,04	28,10	1459,37
411	05.08.2025 18:46:50	3,62	4,82	30,08	28,10	1459,26
412	05.08.2025 18:46:51	3,58	4,83	30,11	28,10	1459,15
413	05.08.2025 18:46:52	3,58	4,87	30,08	28,08	1459,12
414	05.08.2025 18:46:53	3,55	4,88	30,12	28,08	1459,01
415	05.08.2025 18:46:54	3,51	4,90	30,15	28,08	1458,89
416	05.08.2025 18:46:55	3,51	4,95	30,15	28,08	1458,90
417	05.08.2025 18:46:56	3,47	4,97	30,19	28,08	1458,79
418	05.08.2025 18:46:57	3,47	4,97	30,19	28,08	1458,79
419	05.08.2025 18:46:58	3,43	5,00	30,22	28,08	1458,68
420	05.08.2025 18:46:59	3,40	5,01	30,26	28,08	1458,57
421	05.08.2025 18:47:00	3,36	5,03	30,29	28,08	1458,46
422	05.08.2025 18:47:01	3,36	5,05	30,29	28,08	1458,46
423	05.08.2025 18:47:02	3,32	5,06	30,33	28,08	1458,35
424	05.08.2025 18:47:03	3,28	5,08	30,36	28,08	1458,24
425	05.08.2025 18:47:04	3,28	5,11	30,36	28,08	1458,24
426	05.08.2025 18:47:05	3,28	5,13	30,36	28,08	1458,24
427	05.08.2025 18:47:06	3,25	5,13	30,40	28,08	1458,13
428	05.08.2025 18:47:07	3,25	5,16	30,40	28,08	1458,13
429	05.08.2025 18:47:08	3,21	5,18	30,43	28,08	1458,02
430	05.08.2025 18:47:09	3,21	5,20	30,40	28,06	1457,99
431	05.08.2025 18:47:10	3,17	5,21	30,44	28,06	1457,87
432	05.08.2025 18:47:11	3,13	5,25	30,45	28,03	1457,73
433	05.08.2025 18:47:12	3,13	5,26	30,45	28,03	1457,73
434	05.08.2025 18:47:13	3,10	5,30	30,45	28,01	1457,58
435	05.08.2025 18:47:14	3,06	5,31	30,43	27,96	1457,39
436	05.08.2025 18:47:15	3,02	5,35	30,44	27,94	1457,24
437	05.08.2025 18:47:16	2,98	5,36	30,47	27,94	1457,12
438	05.08.2025 18:47:17	2,94	5,38	30,48	27,91	1456,97
439	05.08.2025 18:47:18	2,91	5,43	30,48	27,89	1456,82
440	05.08.2025 18:47:19	2,87	5,44	30,46	27,84	1456,63
441	05.08.2025 18:47:20	2,83	5,47	30,44	27,79	1456,44
442	05.08.2025 18:47:21	2,75	5,50	30,45	27,74	1456,13
443	05.08.2025 18:47:22	2,72	5,52	30,43	27,69	1455,94
444	05.08.2025 18:47:23	2,64	5,53	30,38	27,60	1455,55
445	05.08.2025 18:47:24	2,56	5,58	30,39	27,55	1455,24
446	05.08.2025 18:47:25	2,49	5,61	30,44	27,52	1454,97
447	05.08.2025 18:47:26	2,41	5,64	30,45	27,47	1454,66
448	05.08.2025 18:47:27	2,33	5,67	30,53	27,48	1454,42
449	05.08.2025 18:47:28	2,30	5,72	30,62	27,53	1454,39
450	05.08.2025 18:47:29	2,26	5,74	30,69	27,55	1454,32
451	05.08.2025 18:47:30	2,22	5,75	30,73	27,55	1454,20
452	05.08.2025 18:47:31	2,22	5,79	30,70	27,53	1454,16
453	05.08.2025 18:47:32	2,18	5,80	30,71	27,50	1454,01
454	05.08.2025 18:47:33	2,14	5,84	30,78	27,53	1453,93
455	05.08.2025 18:47:34	2,10	5,89	30,81	27,53	1453,82
456	05.08.2025 18:47:35	2,10	5,90	30,78	27,50	1453,78
457	05.08.2025 18:47:36	2,07	5,92	30,82	27,50	1453,67
458	05.08.2025 18:47:37	2,03	5,93	30,83	27,48	1453,51
459	05.08.2025 18:47:38	1,99	5,97	30,87	27,48	1453,39
460	05.08.2025 18:47:39	1,99	6,00	30,87	27,48	1453,40
461	05.08.2025 18:47:40	1,95	6,02	30,87	27,46	1453,24
462	05.08.2025 18:47:41	1,91	6,05	30,94	27,48	1453,17
463	05.08.2025 18:47:42	1,91	6,09	30,91	27,46	1453,13
464	05.08.2025 18:47:43	1,87	6,12	30,98	27,48	1453,06
465	05.08.2025 18:47:44	1,87	6,14	30,98	27,48	1453,06
466	05.08.2025 18:47:45	1,83	6,17	31,02	27,48	1452,94
467	05.08.2025 18:47:46	1,83	6,19	30,99	27,46	1452,90
468	05.08.2025 18:47:47	1,79	6,22	31,03	27,46	1452,79
469	05.08.2025 18:47:48	1,79	6,26	31,06	27,48	1452,84
470	05.08.2025 18:47:49	1,76	6,27	31,10	27,49	1452,72
471	05.08.2025 18:47:50	1,72	6,31	31,14	27,49	1452,60
472	05.08.2025 18:47:51	1,72	6,32	31,14	27,49	1452,60
473	05.08.2025 18:47:52	1,72	6,36	31,14	27,49	1452,61
474	05.08.2025 18:47:53	1,68	6,37	31,18	27,49	1452,49
475	05.08.2025 18:47:54	1,68	6,41	31,18	27,49	1452,50
476	05.08.2025 18:47:55	1,68	6,43	31,18	27,49	1452,50
477	05.08.2025 18:47:56	1,64	6,44	31,25	27,51	1452,42
478	05.08.2025 18:47:57	1,64	6,44	31,25	27,51	1452,42
479	05.08.2025 18:47:58	1,64	6,48	31,25	27,51	1452,43
480	05.08.2025 18:47:59	1,64	6,50	31,22	27,49	1452,39
481	05.08.2025 18:48:00	1,60	6,49	31,29	27,51	1452,31
482	05.08.2025 18:48:01	1,60	6,51	31,29	27,51	1452,31
483	05.08.2025 18:48:02	1,60	6,53	31,29	27,51	1452,31
484	05.08.2025 18:48:03	1,56	6,54	31,33	27,52	1452,20
485	05.08.2025 18:48:04	1,56	6,54	31,30	27,49	1452,15
486	05.08.2025 18:48:05	1,56	6,54	31,30	27,49	1452,15
487	05.08.2025 18:48:06	1,56	6,56	31,33	27,51	1452,20
488	05.08.2025 18:48:07	1,52	6,58	31,37	27,52	1452,08
489	05.08.2025 18:48:08	1,52	6,56	31,37	27,52	1452,08
490	05.08.2025 18:48:09	1,52	6,56	31,37	27,52	1452,08
491	05.08.2025 18:48:10	1,52	6,56	31,37	27,52	1452,08
492	05.08.2025 18:48:11	1,48	6,57	31,41	27,52	1451,96
493	05.08.2025 18:48:12	1,48	6,56	31,41	27,52	1451,95
494	05.08.2025 18:48:13	1,48	6,57	31,41	27,52	1451,96
495	05.08.2025 18:48:14	1,48	6,57	31,41	27,52	1451,96
496	05.08.2025 18:48:15	1,48	6,57	31,41	27,52	1451,96
497	05.08.2025 18:48:16	1,48	6,59	31,41	27,52	1451,96
498	05.08.2025 18:48:17	1,44	6,57	31,45	27,52	1451,84
499	05.08.2025 18:48:18	1,44	6,59	31,45	27,52	1451,84
500	05.08.2025 18:48:19	1,44	6,59	31,45	27,52	1451,84
501	05.08.2025 18:48:20	1,44	6,57	31,45	27,52	1451,83
502	05.08.2025 18:48:21	1,44	6,59	31,45	27,52	1451,84
503	05.08.2025 18:48:22	1,44	6,57	31,45	27,52	1451,83
504	05.08.2025 18:48:23	1,40	6,57	31,49	27,52	1451,71
505	05.08.2025 18:48:24	1,40	6,57	31,49	27,52	1451,71
506	05.08.2025 18:48:25	1,40	6,59	31,49	27,52	1451,72
507	05.08.2025 18:48:26	1,40	6,59	31,49	27,52	1451,72
508	05.08.2025 18:48:27	1,40	6,57	31,49	27,52	1451,71
509	05.08.2025 18:48:28	1,40	6,57	31,49	27,52	1451,71
510	05.08.2025 18:48:29	1,40	6,59	31,49	27,52	1451,72
511	05.08.2025 18:48:30	1,40	6,57	31,49	27,52	1451,71
512	05.08.2025 18:48:31	1,40	6,59	31,49	27,52	1451,72
513	05.08.2025 18:48:32	1,37	6,57	31,53	27,52	1451,59
514	05.08.2025 18:48:33	1,37	6,57	31,53	27,52	1451,59
515	05.08.2025 18:48:34	1,37	6,57	31,53	27,52	1451,59
516	05.08.2025 18:48:35	1,37	6,58	31,53	27,52	1451,59
517	05.08.2025 18:48:36	1,37	6,57	31,53	27,52	1451,59
518	05.08.2025 18:48:37	1,37	6,58	31,53	27,52	1451,59
519	05.08.2025 18:48:38	1,37	6,57	31,53	27,52	1451,59
520	05.08.2025 18:48:39	1,37	6,58	31,53	27,52	1451,59
521	05.08.2025 18:48:40	1,37	6,58	31,53	27,52	1451,59
522	05.08.2025 18:48:41	1,37	6,57	31,53	27,52	1451,59
523	05.08.2025 18:48:42	1,33	6,56	31,57	27,52	1451,47
524	05.08.2025 18:48:43	1,33	6,56	31,57	27,52	1451,47
525	05.08.2025 18:48:44	1,33	6,56	31,57	27,52	1451,47
526	05.08.2025 18:48:45	1,33	6,56	31,57	27,52	1451,47
527	05.08.2025 18:48:46	1,33	6,56	31,57	27,52	1451,47
528	05.08.2025 18:48:47	1,33	6,56	31,57	27,52	1451,47
529	05.08.2025 18:48:48	1,33	6,56	31,57	27,52	1451,47
530	05.08.2025 18:48:49	1,33	6,58	31,57	27,52	1451,47
531	05.08.2025 18:48:50	1,33	6,56	31,57	27,52	1451,47
532	05.08.2025 18:48:51	1,33	6,56	31,57	27,52	1451,47
533	05.08.2025 18:48:52	1,33	6,56	31,57	27,52	1451,47
534	05.08.2025 18:48:53	1,33	6,56	31,57	27,52	1451,47
535	05.08.2025 18:48:54	1,33	6,56	31,57	27,52	1451,47
536	05.08.2025 18:48:55	1,33	6,56	31,57	27,52	1451,47
537	05.08.2025 18:48:56	1,29	6,56	31,61	27,52	1451,34
538	05.08.2025 18:48:57	1,29	6,54	31,61	27,52	1451,34
539	05.08.2025 18:48:58	1,29	6,56	31,61	27,52	1451,34
540	05.08.2025 18:48:59	1,29	6,54	31,61	27,52	1451,34
541	05.08.2025 18:49:00	1,29	6,56	31,61	27,52	1451,34
542	05.08.2025 18:49:01	1,29	6,56	31,61	27,52	1451,34
543	05.08.2025 18:49:02	1,29	6,54	31,61	27,52	1451,34
544	05.08.2025 18:49:03	1,29	6,56	31,61	27,52	1451,34
545	05.08.2025 18:49:04	1,29	6,54	31,61	27,52	1451,34
546	05.08.2025 18:49:05	1,29	6,54	31,61	27,52	1451,34
547	05.08.2025 18:49:06	1,29	6,54	31,61	27,52	1451,34
548	05.08.2025 18:49:07	1,29	6,56	31,61	27,52	1451,34
549	05.08.2025 18:49:08	1,29	6,56	31,61	27,52	1451,34
550	05.08.2025 18:49:09	1,29	6,56	31,61	27,52	1451,34
551	05.08.2025 18:49:10	1,29	6,56	31,61	27,52	1451,34
552	05.08.2025 18:49:11	1,29	6,56	31,61	27,52	1451,34
553	05.08.2025 18:49:12	1,29	6,54	31,61	27,52	1451,34
554	05.08.2025 18:49:13	1,29	6,54	31,61	27,52	1451,34
555	05.08.2025 18:49:14	1,29	6,56	31,61	27,52	1451,34
556	05.08.2025 18:49:15	1,29	6,54	31,61	27,52	1451,34
557	05.08.2025 18:49:16	1,29	6,54	31,61	27,52	1451,34
558	05.08.2025 18:49:17	1,29	6,54	31,61	27,52	1451,34
559	05.08.2025 18:49:18	1,29	6,54	31,61	27,52	1451,34
560	05.08.2025 18:49:19	1,29	6,54	31,61	27,52	1451,34
561	05.08.2025 18:49:20	1,29	6,54	31,61	27,52	1451,34
562	05.08.2025 18:49:21	1,29	6,54	31,61	27,52	1451,34
563	05.08.2025 18:49:22	1,25	6,54	31,65	27,52	1451,22
564	05.08.2025 18:49:23	1,25	6,54	31,65	27,52	1451,22
565	05.08.2025 18:49:24	1,25	6,54	31,65	27,52	1451,22
566	05.08.2025 18:49:25	1,25	6,54	31,65	27,52	1451,22
567	05.08.2025 18:49:26	1,25	6,54	31,65	27,52	1451,22
568	05.08.2025 18:49:27	1,25	6,54	31,65	27,52	1451,22
569	05.08.2025 18:49:28	1,25	6,56	31,65	27,52	1451,22
570	05.08.2025 18:49:29	1,25	6,56	31,65	27,52	1451,22
571	05.08.2025 18:49:30	1,25	6,54	31,65	27,52	1451,22
572	05.08.2025 18:49:31	1,25	6,54	31,65	27,52	1451,22
573	05.08.2025 18:49:32	1,25	6,54	31,65	27,52	1451,22
574	05.08.2025 18:49:33	1,25	6,54	31,65	27,52	1451,22
575	05.08.2025 18:49:34	1,25	6,56	31,65	27,52	1451,22
576	05.08.2025 18:49:35	1,25	6,54	31,65	27,52	1451,22
577	05.08.2025 18:49:36	1,25	6,56	31,65	27,52	1451,22
578	05.08.2025 18:49:37	1,25	6,56	31,65	27,52	1451,22
579	05.08.2025 18:49:38	1,25	6,54	31,65	27,52	1451,22
580	05.08.2025 18:49:39	1,25	6,56	31,65	27,52	1451,22
581	05.08.2025 18:49:40	1,25	6,56	31,65	27,52	1451,22
582	05.08.2025 18:49:41	1,25	6,56	31,65	27,52	1451,22
583	05.08.2025 18:49:42	1,25	6,56	31,65	27,52	1451,22
584	05.08.2025 18:49:43	1,25	6,56	31,65	27,52	1451,22
585	05.08.2025 18:49:44	1,25	6,56	31,65	27,52	1451,22
586	05.08.2025 18:49:45	1,25	6,56	31,65	27,52	1451,22
587	05.08.2025 18:49:46	1,25	6,56	31,65	27,52	1451,22
588	05.08.2025 18:49:47	1,25	6,56	31,65	27,52	1451,22
589	05.08.2025 18:49:48	1,25	6,56	31,65	27,52	1451,22
590	05.08.2025 18:49:49	1,25	6,54	31,65	27,52	1451,22
591	05.08.2025 18:49:50	1,25	6,56	31,65	27,52	1451,22
592	05.08.2025 18:49:51	1,25	6,56	31,65	27,52	1451,22
593	05.08.2025 18:49:52	1,25	6,56	31,65	27,52	1451,22
594	05.08.2025 18:49:53	1,25	6,56	31,65	27,52	1451,22
595	05.08.2025 18:49:54	1,25	6,54	31,65	27,52	1451,22
596	05.08.2025 18:49:55	1,25	6,54	31,65	27,52	1451,22
597	05.08.2025 18:49:56	1,25	6,54	31,65	27,52	1451,22
598	05.08.2025 18:49:57	1,25	6,52	31,65	27,52	1451,22
599	05.08.2025 18:49:58	1,25	6,54	31,65	27,52	1451,22
600	05.08.2025 18:49:59	1,25	6,54	31,65	27,52	1451,22
601	05.08.2025 18:50:00	1,25	6,54	31,65	27,52	1451,22
602	05.08.2025 18:50:01	1,25	6,54	31,65	27,52	1451,22
603	05.08.2025 18:50:02	1,25	6,54	31,65	27,52	1451,22
604	05.08.2025 18:50:03	1,25	6,54	31,65	27,52	1451,22
605	05.08.2025 18:50:04	1,25	6,52	31,65	27,52	1451,22
606	05.08.2025 18:50:05	1,25	6,52	31,65	27,52	1451,22
607	05.08.2025 18:50:06	1,25	6,52	31,65	27,52	1451,22
608	05.08.2025 18:50:07	1,25	6,52	31,65	27,52	1451,22
609	05.08.2025 18:50:08	1,25	6,52	31,65	27,52	1451,22
610	05.08.2025 18:50:09	1,25	6,50	31,65	27,52	1451,21
611	05.08.2025 18:50:10	1,25	6,48	31,65	27,52	1451,21
612	05.08.2025 18:50:11	1,25	6,48	31,65	27,52	1451,21
613	05.08.2025 18:50:12	1,25	6,47	31,65	27,52	1451,21
614	05.08.2025 18:50:13	1,25	6,47	31,65	27,52	1451,21
615	05.08.2025 18:50:14	1,25	6,45	31,65	27,52	1451,21
616	05.08.2025 18:50:15	1,25	6,41	31,65	27,52	1451,20
617	05.08.2025 18:50:16	1,25	6,38	31,65	27,52	1451,19
618	05.08.2025 18:50:17	1,25	6,34	31,65	27,52	1451,19
619	05.08.2025 18:50:18	1,25	6,31	31,65	27,52	1451,18
620	05.08.2025 18:50:19	1,25	6,27	31,65	27,52	1451,18
621	05.08.2025 18:50:20	1,25	6,25	31,65	27,52	1451,18
622	05.08.2025 18:50:21	1,25	6,23	31,65	27,52	1451,17
623	05.08.2025 18:50:22	1,25	6,22	31,65	27,52	1451,17
624	05.08.2025 18:50:23	1,25	6,20	31,62	27,50	1451,12
625	05.08.2025 18:50:24	1,25	6,18	31,65	27,52	1451,16
626	05.08.2025 18:50:25	1,25	6,14	31,65	27,52	1451,16
627	05.08.2025 18:50:26	1,25	6,13	31,65	27,52	1451,16
628	05.08.2025 18:50:27	1,25	6,11	31,62	27,50	1451,11
629	05.08.2025 18:50:28	1,25	6,11	31,65	27,52	1451,15
630	05.08.2025 18:50:29	1,25	6,09	31,65	27,52	1451,15
631	05.08.2025 18:50:30	1,25	6,09	31,65	27,52	1451,15
632	05.08.2025 18:50:31	1,25	6,09	31,65	27,52	1451,15
633	05.08.2025 18:50:32	1,25	6,09	31,65	27,52	1451,15
634	05.08.2025 18:50:33	1,25	6,09	31,65	27,52	1451,15
635	05.08.2025 18:50:34	1,25	6,07	31,65	27,52	1451,15
636	05.08.2025 18:50:35	1,25	6,09	31,65	27,52	1451,15
637	05.08.2025 18:50:36	1,25	6,13	31,65	27,52	1451,16
638	05.08.2025 18:50:37	1,25	6,13	31,65	27,52	1451,16
639	05.08.2025 18:50:38	1,25	6,14	31,65	27,52	1451,16
640	05.08.2025 18:50:39	1,25	6,20	31,65	27,52	1451,17
641	05.08.2025 18:50:40	1,25	6,20	31,65	27,52	1451,17
642	05.08.2025 18:50:41	1,25	6,22	31,65	27,52	1451,17
643	05.08.2025 18:50:42	1,25	6,25	31,65	27,52	1451,18
644	05.08.2025 18:50:43	1,25	6,27	31,65	27,52	1451,18
645	05.08.2025 18:50:44	1,25	6,31	31,65	27,52	1451,18
646	05.08.2025 18:50:45	1,25	6,32	31,65	27,52	1451,19
647	05.08.2025 18:50:46	1,25	6,34	31,65	27,52	1451,19
648	05.08.2025 18:50:47	1,25	6,36	31,65	27,52	1451,19
649	05.08.2025 18:50:48	1,25	6,38	31,65	27,52	1451,19
650	05.08.2025 18:50:49	1,25	6,39	31,65	27,52	1451,20
651	05.08.2025 18:50:50	1,25	6,39	31,65	27,52	1451,20
652	05.08.2025 18:50:51	1,25	6,41	31,65	27,52	1451,20
653	05.08.2025 18:50:52	1,25	6,41	31,65	27,52	1451,20
654	05.08.2025 18:50:53	1,25	6,43	31,65	27,52	1451,20
655	05.08.2025 18:50:54	1,25	6,43	31,65	27,52	1451,20
656	05.08.2025 18:50:55	1,25	6,43	31,65	27,52	1451,20
657	05.08.2025 18:50:56	1,25	6,45	31,65	27,52	1451,21
658	05.08.2025 18:50:57	1,25	6,45	31,65	27,52	1451,21
659	05.08.2025 18:50:58	1,25	6,45	31,65	27,52	1451,21
660	05.08.2025 18:50:59	1,25	6,45	31,65	27,52	1451,21
661	05.08.2025 18:51:00	1,25	6,47	31,65	27,52	1451,21
662	05.08.2025 18:51:01	1,25	6,47	31,65	27,52	1451,21
663	05.08.2025 18:51:02	1,25	6,47	31,65	27,52	1451,21
664	05.08.2025 18:51:03	1,25	6,45	31,65	27,52	1451,21
665	05.08.2025 18:51:04	1,25	6,45	31,65	27,52	1451,21
666	05.08.2025 18:51:05	1,25	6,45	31,65	27,52	1451,21
667	05.08.2025 18:51:06	1,25	6,45	31,65	27,52	1451,21
668	05.08.2025 18:51:07	1,25	6,45	31,65	27,52	1451,21
669	05.08.2025 18:51:08	1,25	6,43	31,65	27,52	1451,20
670	05.08.2025 18:51:09	1,25	6,41	31,68	27,55	1451,24
671	05.08.2025 18:51:10	1,25	6,41	31,65	27,52	1451,20
672	05.08.2025 18:51:11	1,25	6,41	31,65	27,52	1451,20
673	05.08.2025 18:51:12	1,25	6,39	31,65	27,52	1451,20
674	05.08.2025 18:51:13	1,25	6,38	31,65	27,52	1451,19
675	05.08.2025 18:51:14	1,25	6,36	31,65	27,52	1451,19
676	05.08.2025 18:51:15	1,25	6,36	31,65	27,52	1451,19
677	05.08.2025 18:51:16	1,25	6,34	31,65	27,52	1451,19
678	05.08.2025 18:51:17	1,25	6,34	31,65	27,52	1451,19
679	05.08.2025 18:51:18	1,25	6,31	31,65	27,52	1451,18
680	05.08.2025 18:51:19	1,25	6,27	31,65	27,52	1451,18
681	05.08.2025 18:51:20	1,25	6,27	31,65	27,52	1451,18
682	05.08.2025 18:51:21	1,25	6,25	31,65	27,52	1451,18
683	05.08.2025 18:51:22	1,25	6,23	31,65	27,52	1451,17
684	05.08.2025 18:51:23	1,25	6,22	31,65	27,52	1451,17
685	05.08.2025 18:51:24	1,25	6,22	31,65	27,52	1451,17
686	05.08.2025 18:51:25	1,25	6,22	31,65	27,52	1451,17
687	05.08.2025 18:51:26	1,25	6,20	31,65	27,52	1451,17
688	05.08.2025 18:51:27	1,25	6,18	31,65	27,52	1451,16
689	05.08.2025 18:51:28	1,25	6,16	31,65	27,52	1451,16
690	05.08.2025 18:51:29	1,25	6,14	31,65	27,52	1451,16
691	05.08.2025 18:51:30	1,25	6,11	31,65	27,52	1451,15
692	05.08.2025 18:51:31	1,25	6,11	31,65	27,52	1451,15
693	05.08.2025 18:51:32	1,25	6,09	31,62	27,50	1451,11
694	05.08.2025 18:51:33	1,25	6,05	31,65	27,52	1451,14
695	05.08.2025 18:51:34	1,25	6,04	31,65	27,52	1451,14
696	05.08.2025 18:51:35	1,25	6,02	31,65	27,52	1451,14
697	05.08.2025 18:51:36	1,29	5,99	31,61	27,52	1451,26
698	05.08.2025 18:51:37	1,29	5,97	31,61	27,52	1451,25
699	05.08.2025 18:51:38	1,29	5,95	31,61	27,52	1451,25
700	05.08.2025 18:51:39	1,29	5,93	31,65	27,55	1451,29
701	05.08.2025 18:51:40	1,29	5,90	31,68	27,57	1451,33
702	05.08.2025 18:51:41	1,33	5,88	31,64	27,57	1451,44
703	05.08.2025 18:51:42	1,33	5,86	31,67	27,59	1451,48
704	05.08.2025 18:51:43	1,33	5,83	31,64	27,57	1451,44
705	05.08.2025 18:51:44	1,37	5,81	31,60	27,57	1451,56
706	05.08.2025 18:51:45	1,37	5,79	31,63	27,59	1451,60
707	05.08.2025 18:51:46	1,37	5,78	31,63	27,59	1451,59
708	05.08.2025 18:51:47	1,37	5,74	31,53	27,52	1451,46
709	05.08.2025 18:51:48	1,37	5,74	31,53	27,52	1451,46
710	05.08.2025 18:51:49	1,37	5,70	31,53	27,52	1451,46
711	05.08.2025 18:51:50	1,37	5,70	31,53	27,52	1451,46
712	05.08.2025 18:51:51	1,37	5,67	31,53	27,52	1451,45
713	05.08.2025 18:51:52	1,37	5,67	31,53	27,52	1451,45
714	05.08.2025 18:51:53	1,37	5,63	31,56	27,54	1451,49
715	05.08.2025 18:51:54	1,37	5,60	31,57	27,54	1451,48
716	05.08.2025 18:51:55	1,37	5,60	31,57	27,54	1451,48
717	05.08.2025 18:51:56	1,40	5,58	31,52	27,54	1451,60
718	05.08.2025 18:51:57	1,40	5,56	31,56	27,57	1451,64
719	05.08.2025 18:51:58	1,40	5,55	31,59	27,59	1451,68
720	05.08.2025 18:51:59	1,40	5,53	31,62	27,62	1451,72
721	05.08.2025 18:52:00	1,44	5,51	31,58	27,62	1451,84
722	05.08.2025 18:52:01	1,48	5,50	31,57	27,64	1452,00
723	05.08.2025 18:52:02	1,48	5,48	31,57	27,64	1451,99
724	05.08.2025 18:52:03	1,48	5,46	31,63	27,69	1452,07
725	05.08.2025 18:52:04	1,52	5,45	31,65	27,74	1452,28
726	05.08.2025 18:52:05	1,56	5,43	31,71	27,81	1452,52
727	05.08.2025 18:52:06	1,64	5,40	31,66	27,84	1452,80
728	05.08.2025 18:52:07	1,68	5,41	31,68	27,88	1453,00
729	05.08.2025 18:52:08	1,68	5,37	31,68	27,88	1452,99
730	05.08.2025 18:52:09	1,72	5,37	31,67	27,91	1453,15
731	05.08.2025 18:52:10	1,76	5,34	31,63	27,91	1453,27
732	05.08.2025 18:52:11	1,79	5,34	31,59	27,91	1453,39
733	05.08.2025 18:52:12	1,83	5,33	31,55	27,91	1453,51
734	05.08.2025 18:52:13	1,83	5,31	31,58	27,93	1453,54
735	05.08.2025 18:52:14	1,87	5,28	31,57	27,95	1453,70
736	05.08.2025 18:52:15	1,91	5,28	31,56	27,98	1453,86
737	05.08.2025 18:52:16	1,91	5,26	31,56	27,98	1453,86
738	05.08.2025 18:52:17	1,95	5,26	31,52	27,98	1453,98
739	05.08.2025 18:52:18	1,99	5,23	31,49	27,98	1454,09
740	05.08.2025 18:52:19	1,99	5,23	31,49	27,98	1454,09
741	05.08.2025 18:52:20	1,99	5,21	31,49	27,98	1454,09
742	05.08.2025 18:52:21	2,03	5,20	31,48	28,00	1454,24
743	05.08.2025 18:52:22	2,03	5,16	31,48	28,00	1454,24
744	05.08.2025 18:52:23	2,07	5,15	31,44	28,00	1454,35
745	05.08.2025 18:52:24	2,07	5,13	31,47	28,03	1454,39
746	05.08.2025 18:52:25	2,10	5,13	31,43	28,02	1454,51
747	05.08.2025 18:52:26	2,10	5,10	31,43	28,02	1454,51
748	05.08.2025 18:52:27	2,14	5,06	31,42	28,05	1454,66
749	05.08.2025 18:52:28	2,14	5,03	31,45	28,07	1454,69
750	05.08.2025 18:52:29	2,18	5,01	31,44	28,10	1454,85
751	05.08.2025 18:52:30	2,22	4,98	31,44	28,12	1455,00
752	05.08.2025 18:52:31	2,26	4,95	31,43	28,15	1455,16
753	05.08.2025 18:52:32	2,26	4,93	31,40	28,12	1455,11
754	05.08.2025 18:52:33	2,30	4,90	31,39	28,14	1455,27
755	05.08.2025 18:52:34	2,30	4,86	31,39	28,15	1455,26
756	05.08.2025 18:52:35	2,33	4,83	31,35	28,14	1455,37
757	05.08.2025 18:52:36	2,33	4,81	31,35	28,14	1455,37
758	05.08.2025 18:52:37	2,37	4,78	31,31	28,14	1455,48
759	05.08.2025 18:52:38	2,37	4,74	31,34	28,17	1455,52
760	05.08.2025 18:52:39	2,41	4,71	31,27	28,14	1455,59
761	05.08.2025 18:52:40	2,41	4,67	31,27	28,14	1455,58
762	05.08.2025 18:52:41	2,41	4,65	31,27	28,14	1455,58
763	05.08.2025 18:52:42	2,45	4,62	31,27	28,17	1455,73
764	05.08.2025 18:52:43	2,45	4,58	31,27	28,17	1455,73
765	05.08.2025 18:52:44	2,49	4,59	31,26	28,19	1455,88
766	05.08.2025 18:52:45	2,49	4,53	31,26	28,19	1455,88
767	05.08.2025 18:52:46	2,53	4,52	31,22	28,19	1455,99
768	05.08.2025 18:52:47	2,53	4,48	31,22	28,19	1455,98
769	05.08.2025 18:52:48	2,56	4,47	31,18	28,19	1456,10
770	05.08.2025 18:52:49	2,56	4,45	31,21	28,22	1456,14
771	05.08.2025 18:52:50	2,60	4,43	31,18	28,21	1456,25
772	05.08.2025 18:52:51	2,60	4,40	31,21	28,24	1456,28
773	05.08.2025 18:52:52	2,64	4,38	31,17	28,24	1456,40
774	05.08.2025 18:52:53	2,68	4,35	31,13	28,24	1456,51
775	05.08.2025 18:52:54	2,68	4,33	31,16	28,26	1456,55
776	05.08.2025 18:52:55	2,72	4,30	31,15	28,29	1456,70
777	05.08.2025 18:52:56	2,75	4,28	31,15	28,31	1456,85
778	05.08.2025 18:52:57	2,75	4,25	31,15	28,31	1456,84
779	05.08.2025 18:52:58	2,79	4,22	31,11	28,31	1456,95
780	05.08.2025 18:52:59	2,83	4,20	31,07	28,31	1457,07
781	05.08.2025 18:53:00	2,83	4,18	31,07	28,31	1457,06
782	05.08.2025 18:53:01	2,87	4,17	31,04	28,31	1457,18
783	05.08.2025 18:53:02	2,87	4,13	31,07	28,33	1457,21
784	05.08.2025 18:53:03	2,87	4,13	31,07	28,33	1457,21
785	05.08.2025 18:53:04	2,91	4,10	31,06	28,36	1457,36
786	05.08.2025 18:53:05	2,91	4,06	31,06	28,36	1457,36
787	05.08.2025 18:53:06	2,94	4,03	31,02	28,36	1457,47
788	05.08.2025 18:53:07	2,94	3,99	31,05	28,38	1457,50
789	05.08.2025 18:53:08	2,98	3,96	31,01	28,38	1457,61
790	05.08.2025 18:53:09	2,98	3,92	31,01	28,38	1457,60
791	05.08.2025 18:53:10	3,02	3,87	31,01	28,41	1457,75
792	05.08.2025 18:53:11	3,06	3,82	30,97	28,41	1457,86
793	05.08.2025 18:53:12	3,06	3,79	30,94	28,38	1457,81
794	05.08.2025 18:53:13	3,10	3,75	30,93	28,41	1457,96
795	05.08.2025 18:53:14	3,10	3,70	31,02	28,48	1458,07
796	05.08.2025 18:53:15	3,17	3,69	31,04	28,55	1458,41
797	05.08.2025 18:53:16	3,25	3,64	31,00	28,58	1458,67
798	05.08.2025 18:53:17	3,32	3,59	30,89	28,55	1458,85
799	05.08.2025 18:53:18	3,40	3,56	30,88	28,60	1459,15
800	05.08.2025 18:53:19	3,43	3,51	30,90	28,65	1459,33
801	05.08.2025 18:53:20	3,51	3,50	30,89	28,70	1459,63
802	05.08.2025 18:53:21	3,55	3,46	30,88	28,72	1459,78
803	05.08.2025 18:53:22	3,66	3,42	30,98	28,89	1460,37
804	05.08.2025 18:53:23	3,77	3,37	30,79	28,82	1460,59
805	05.08.2025 18:53:24	3,88	3,36	31,03	29,11	1461,37
806	05.08.2025 18:53:25	4,10	3,29	31,19	29,43	1462,51
807	05.08.2025 18:53:26	4,36	3,25	31,27	29,70	1463,67
808	05.08.2025 18:53:27	4,61	3,20	31,33	29,97	1464,82
809	05.08.2025 18:53:28	4,91	3,17	31,34	30,22	1466,03
810	05.08.2025 18:53:29	5,19	3,10	31,32	30,44	1467,18
811	05.08.2025 18:53:30	5,48	3,03	31,31	30,66	1468,32
812	05.08.2025 18:53:31	5,77	2,98	31,26	30,86	1469,42
813	05.08.2025 18:53:32	6,05	2,95	31,14	30,98	1470,40
814	05.08.2025 18:53:33	6,33	2,89	30,99	31,08	1471,33
815	05.08.2025 18:53:34	6,54	2,86	31,13	31,38	1472,33
816	05.08.2025 18:53:35	6,82	2,82	31,01	31,50	1473,28
817	05.08.2025 18:53:36	7,07	2,78	30,82	31,53	1473,99
818	05.08.2025 18:53:37	7,31	2,71	30,66	31,58	1474,73
819	05.08.2025 18:53:38	7,48	2,67	30,54	31,61	1475,24
820	05.08.2025 18:53:39	7,65	2,63	30,60	31,81	1475,97
821	05.08.2025 18:53:40	7,86	2,61	30,53	31,91	1476,67
822	05.08.2025 18:53:41	8,06	2,59	30,46	32,01	1477,36
823	05.08.2025 18:53:42	8,23	2,53	30,34	32,04	1477,85
824	05.08.2025 18:53:43	8,44	2,49	30,27	32,14	1478,53
825	05.08.2025 18:53:44	8,60	2,45	30,31	32,31	1479,21
826	05.08.2025 18:53:45	8,81	2,41	30,11	32,29	1479,72
827	05.08.2025 18:53:46	8,97	2,35	29,95	32,27	1480,13
828	05.08.2025 18:53:47	9,11	2,32	29,79	32,22	1480,43
829	05.08.2025 18:53:48	9,21	2,33	29,68	32,20	1480,67
830	05.08.2025 18:53:49	9,34	2,32	29,57	32,20	1481,03
831	05.08.2025 18:53:50	9,44	2,31	29,52	32,23	1481,33
832	05.08.2025 18:53:51	9,51	2,31	29,44	32,20	1481,48
833	05.08.2025 18:53:52	9,61	2,28	29,39	32,23	1481,78
834	05.08.2025 18:53:53	9,67	2,25	29,33	32,23	1481,95
835	05.08.2025 18:53:54	9,77	2,24	29,26	32,23	1482,22
836	05.08.2025 18:53:55	9,84	2,23	29,20	32,24	1482,39
837	05.08.2025 18:53:56	9,94	2,24	29,15	32,26	1482,69
838	05.08.2025 18:53:57	10,00	2,22	29,10	32,26	1482,87
839	05.08.2025 18:53:58	10,10	2,23	29,02	32,27	1483,13
840	05.08.2025 18:53:59	10,17	2,22	28,99	32,29	1483,34
841	05.08.2025 18:54:00	10,23	2,20	28,92	32,27	1483,48
842	05.08.2025 18:54:01	10,30	2,23	28,89	32,29	1483,69
843	05.08.2025 18:54:02	10,36	2,21	28,82	32,27	1483,84
844	05.08.2025 18:54:03	10,40	2,22	28,82	32,30	1483,95
845	05.08.2025 18:54:04	10,46	2,18	28,77	32,30	1484,12
846	05.08.2025 18:54:05	10,53	2,19	28,72	32,30	1484,30
847	05.08.2025 18:54:06	10,59	2,19	28,64	32,28	1484,44
848	05.08.2025 18:54:07	10,62	2,20	28,64	32,30	1484,56
849	05.08.2025 18:54:08	10,69	2,18	28,64	32,35	1484,79
850	05.08.2025 18:54:09	10,72	2,17	28,66	32,40	1484,93
851	05.08.2025 18:54:10	10,82	2,14	28,57	32,38	1485,16
852	05.08.2025 18:54:11	10,88	2,12	28,52	32,38	1485,33
853	05.08.2025 18:54:12	10,95	2,07	28,52	32,43	1485,55
854	05.08.2025 18:54:13	11,01	2,03	28,49	32,46	1485,75
855	05.08.2025 18:54:14	11,08	1,99	28,42	32,43	1485,88
856	05.08.2025 18:54:15	11,14	1,96	28,39	32,46	1486,08
857	05.08.2025 18:54:16	11,21	1,95	28,42	32,53	1486,34
858	05.08.2025 18:54:17	11,30	1,92	28,37	32,56	1486,62
859	05.08.2025 18:54:18	11,37	1,87	28,32	32,56	1486,78
860	05.08.2025 18:54:19	11,43	1,84	28,34	32,64	1487,03
861	05.08.2025 18:54:20	11,50	1,81	28,30	32,64	1487,19
862	05.08.2025 18:54:21	11,59	1,82	28,25	32,67	1487,48
863	05.08.2025 18:54:22	11,66	1,77	28,20	32,67	1487,64
864	05.08.2025 18:54:23	11,72	1,75	28,15	32,67	1487,80
865	05.08.2025 18:54:24	11,75	1,70	28,15	32,69	1487,91
866	05.08.2025 18:54:25	11,79	1,70	28,15	32,72	1488,02
867	05.08.2025 18:54:26	11,85	1,67	28,11	32,72	1488,18
868	05.08.2025 18:54:27	11,91	1,64	28,11	32,77	1488,40
869	05.08.2025 18:54:28	11,95	1,63	28,08	32,77	1488,48
870	05.08.2025 18:54:29	12,01	1,61	28,06	32,80	1488,67
871	05.08.2025 18:54:30	12,04	1,60	28,04	32,80	1488,75
872	05.08.2025 18:54:31	12,11	1,60	27,99	32,80	1488,92
873	05.08.2025 18:54:32	12,14	1,58	27,97	32,80	1489,00
874	05.08.2025 18:54:33	12,17	1,59	27,95	32,80	1489,08
875	05.08.2025 18:54:34	12,20	1,59	27,92	32,80	1489,17
876	05.08.2025 18:54:35	12,23	1,59	27,90	32,80	1489,25
877	05.08.2025 18:54:36	12,26	1,58	27,88	32,80	1489,33
878	05.08.2025 18:54:37	12,30	1,56	27,85	32,81	1489,41
879	05.08.2025 18:54:38	12,33	1,54	27,81	32,78	1489,46
880	05.08.2025 18:54:39	12,36	1,49	27,76	32,76	1489,51
881	05.08.2025 18:54:40	12,39	1,48	27,69	32,71	1489,53
882	05.08.2025 18:54:41	12,42	1,44	27,65	32,69	1489,58
883	05.08.2025 18:54:42	12,42	1,44	27,65	32,69	1489,58
884	05.08.2025 18:54:43	12,45	1,41	27,60	32,66	1489,63
885	05.08.2025 18:54:44	12,49	1,38	27,56	32,64	1489,68
886	05.08.2025 18:54:45	12,52	1,34	27,51	32,61	1489,73
887	05.08.2025 18:54:46	12,52	1,32	27,49	32,59	1489,70
888	05.08.2025 18:54:47	12,55	1,31	27,40	32,52	1489,70
889	05.08.2025 18:54:48	12,55	1,27	27,38	32,49	1489,66
890	05.08.2025 18:54:49	12,55	1,25	27,38	32,49	1489,66
891	05.08.2025 18:54:50	12,58	1,22	27,40	32,54	1489,79
892	05.08.2025 18:54:51	12,61	1,22	27,40	32,57	1489,90
893	05.08.2025 18:54:52	12,64	1,21	27,45	32,64	1490,06
894	05.08.2025 18:54:53	12,68	1,17	27,52	32,74	1490,25
895	05.08.2025 18:54:54	12,74	1,14	27,54	32,82	1490,49
896	05.08.2025 18:54:55	12,77	1,13	27,59	32,89	1490,65
897	05.08.2025 18:54:56	12,83	1,11	27,59	32,94	1490,87
898	05.08.2025 18:54:57	12,90	1,08	27,61	33,02	1491,11
899	05.08.2025 18:54:58	12,96	1,05	27,63	33,09	1491,35
900	05.08.2025 18:54:59	13,05	1,04	27,68	33,22	1491,72
901	05.08.2025 18:55:00	13,12	1,01	27,68	33,27	1491,93
902	05.08.2025 18:55:01	13,18	0,99	27,66	33,29	1492,12
903	05.08.2025 18:55:02	13,27	0,97	27,68	33,39	1492,46
904	05.08.2025 18:55:03	13,34	0,93	27,66	33,42	1492,64
905	05.08.2025 18:55:04	13,40	0,90	27,66	33,47	1492,85
906	05.08.2025 18:55:05	13,46	0,89	27,67	33,52	1493,06
907	05.08.2025 18:55:06	13,53	0,88	27,64	33,55	1493,24
908	05.08.2025 18:55:07	13,59	0,83	27,65	33,60	1493,45
909	05.08.2025 18:55:08	13,65	0,81	27,62	33,62	1493,63
910	05.08.2025 18:55:09	13,71	0,78	27,60	33,65	1493,81
911	05.08.2025 18:55:10	13,77	0,77	27,58	33,68	1493,99
912	05.08.2025 18:55:11	13,84	0,74	27,56	33,70	1494,17
913	05.08.2025 18:55:12	13,87	0,70	27,56	33,73	1494,27
914	05.08.2025 18:55:13	13,93	0,69	27,54	33,75	1494,45
915	05.08.2025 18:55:14	13,99	0,66	27,52	33,78	1494,62
916	05.08.2025 18:55:15	14,06	0,64	27,50	33,81	1494,80
917	05.08.2025 18:55:16	14,09	0,63	27,48	33,81	1494,88
918	05.08.2025 18:55:17	14,15	0,60	27,46	33,83	1495,05
919	05.08.2025 18:55:18	14,18	0,58	27,48	33,88	1495,18
920	05.08.2025 18:55:19	14,24	0,57	27,53	33,98	1495,44
921	05.08.2025 18:55:20	14,30	0,55	27,77	34,30	1495,93
922	05.08.2025 18:55:21	14,43	0,54	27,68	34,31	1496,23
923	05.08.2025 18:55:22	14,52	0,46	27,31	33,97	1496,09
924	05.08.2025 18:55:23	14,52	0,43	27,31	33,97	1496,08
925	05.08.2025 18:55:24	14,52	0,43	27,49	34,16	1496,29
926	05.08.2025 18:55:25	14,58	0,43	27,36	34,07	1496,34
927	05.08.2025 18:55:26	14,61	0,39	27,45	34,19	1496,54
928	05.08.2025 18:55:27	14,64	0,37	27,36	34,12	1496,53
929	05.08.2025 18:55:28	14,71	0,37	27,52	34,34	1496,92
930	05.08.2025 18:55:29	14,77	0,34	27,47	34,34	1497,06
931	05.08.2025 18:55:30	14,83	0,32	27,43	34,34	1497,21
932	05.08.2025 18:55:31	14,89	0,30	27,43	34,39	1497,41
933	05.08.2025 18:55:32	14,95	0,25	27,39	34,40	1497,55
934	05.08.2025 18:55:33	14,98	0,23	27,35	34,37	1497,60
935	05.08.2025 18:55:34	15,01	0,21	27,35	34,40	1497,70
936	05.08.2025 18:55:35	15,04	0,17	27,27	34,32	1497,69
937	05.08.2025 18:55:36	15,04	0,16	27,33	34,40	1497,76
938	05.08.2025 18:55:37	15,11	0,16	27,35	34,47	1497,99
939	05.08.2025 18:55:38	15,14	0,12	27,40	34,55	1498,13
940	05.08.2025 18:55:39	15,20	0,10	27,27	34,45	1498,18
941	05.08.2025 18:55:40	15,23	0,06	27,38	34,60	1498,40
942	05.08.2025 18:55:41	15,26	0,05	27,38	34,62	1498,50
943	05.08.2025 18:55:42	15,29	0,01	27,23	34,48	1498,41
944	05.08.2025 18:55:43	15,32	-0,01	27,21	34,48	1498,48
945	05.08.2025 18:55:44	15,32	-0,03	27,23	34,50	1498,51
946	05.08.2025 18:55:45	15,35	-0,06	27,28	34,58	1498,65
947	05.08.2025 18:55:46	15,38	-0,03	27,32	34,65	1498,81
948	05.08.2025 18:55:47	15,44	-0,03	27,28	34,65	1498,95
949	05.08.2025 18:55:48	15,47	-0,04	27,26	34,66	1499,02
950	05.08.2025 18:55:49	15,50	-0,03	27,20	34,61	1499,05
951	05.08.2025 18:55:50	15,53	-0,04	27,20	34,63	1499,15
952	05.08.2025 18:55:51	15,53	-0,04	27,20	34,63	1499,15
953	05.08.2025 18:55:52	15,56	-0,04	27,20	34,66	1499,25
954	05.08.2025 18:55:53	15,60	-0,04	27,16	34,63	1499,29
955	05.08.2025 18:55:54	15,63	-0,03	27,14	34,64	1499,37
956	05.08.2025 18:55:55	15,63	-0,04	27,14	34,64	1499,37
957	05.08.2025 18:55:56	15,66	-0,03	27,12	34,64	1499,44
958	05.08.2025 18:55:57	15,66	-0,03	27,12	34,64	1499,44
959	05.08.2025 18:55:58	15,69	-0,03	27,12	34,66	1499,54
960	05.08.2025 18:55:59	15,72	-0,03	27,08	34,64	1499,59
961	05.08.2025 18:56:00	15,72	-0,04	27,08	34,64	1499,59
962	05.08.2025 18:56:01	15,72	-0,03	27,08	34,64	1499,59
963	05.08.2025 18:56:02	15,75	-0,04	27,06	34,64	1499,66
964	05.08.2025 18:56:03	15,75	-0,04	27,06	34,64	1499,66
965	05.08.2025 18:56:04	15,75	-0,03	27,08	34,66	1499,69
966	05.08.2025 18:56:05	15,78	-0,04	27,06	34,66	1499,76
967	05.08.2025 18:56:06	15,78	-0,03	27,06	34,66	1499,76
968	05.08.2025 18:56:07	15,81	-0,03	27,04	34,66	1499,84
969	05.08.2025 18:56:08	15,81	-0,03	27,04	34,66	1499,84
970	05.08.2025 18:56:09	15,84	-0,01	27,02	34,67	1499,91
971	05.08.2025 18:56:10	15,84	-0,04	26,97	34,62	1499,86
972	05.08.2025 18:56:11	15,84	-0,03	27,00	34,64	1499,88
973	05.08.2025 18:56:12	15,84	-0,03	27,00	34,64	1499,88
974	05.08.2025 18:56:13	15,87	-0,03	26,95	34,62	1499,93
975	05.08.2025 18:56:14	15,87	-0,03	26,98	34,64	1499,96
976	05.08.2025 18:56:15	15,87	-0,04	26,98	34,64	1499,95
977	05.08.2025 18:56:16	15,90	-0,01	26,93	34,62	1500,01
978	05.08.2025 18:56:17	15,90	-0,03	26,93	34,62	1500,01
979	05.08.2025 18:56:18	15,90	-0,03	26,96	34,64	1500,03
980	05.08.2025 18:56:19	15,90	-0,03	26,96	34,64	1500,03
981	05.08.2025 18:56:20	15,93	-0,03	26,94	34,64	1500,10
982	05.08.2025 18:56:21	15,93	-0,01	26,94	34,64	1500,11
983	05.08.2025 18:56:22	15,93	-0,04	26,96	34,67	1500,12
984	05.08.2025 18:56:23	15,96	-0,03	26,92	34,64	1500,18
985	05.08.2025 18:56:24	15,96	-0,01	26,94	34,67	1500,20
986	05.08.2025 18:56:25	15,96	-0,03	26,94	34,67	1500,20
987	05.08.2025 18:56:26	15,99	-0,01	26,92	34,67	1500,28
988	05.08.2025 18:56:27	15,99	-0,03	26,92	34,67	1500,27
989	05.08.2025 18:56:28	15,99	-0,03	26,87	34,62	1500,22
990	05.08.2025 18:56:29	15,99	-0,03	26,90	34,65	1500,25
991	05.08.2025 18:56:30	15,99	-0,03	26,87	34,62	1500,22
992	05.08.2025 18:56:31	15,99	-0,04	26,79	34,52	1500,12
993	05.08.2025 18:56:32	16,02	-0,03	22,77	29,82	1495,49
994	05.08.2025 18:56:33	16,02	-0,06	22,14	29,07	1494,75
995	05.08.2025 18:56:34	16,02	-0,03	22,12	29,05	1494,73
996	05.08.2025 18:56:35	16,02	-0,04	22,12	29,05	1494,73
997	05.08.2025 18:56:36	16,02	-0,03	22,15	29,07	1494,76
998	05.08.2025 18:56:37	16,05	-0,03	22,11	29,05	1494,81
999	05.08.2025 18:56:38	16,05	-0,03	22,13	29,07	1494,84
1000	05.08.2025 18:56:39	16,05	-0,03	22,15	29,10	1494,86
1001	05.08.2025 18:56:40	16,05	-0,04	22,11	29,05	1494,81
1002	05.08.2025 18:56:41	16,05	-0,04	22,13	29,07	1494,83
1003	05.08.2025 18:56:42	16,05	-0,03	22,11	29,05	1494,81
1004	05.08.2025 18:56:43	16,05	-0,04	22,13	29,07	1494,83
1005	05.08.2025 18:56:44	16,05	-0,03	22,13	29,07	1494,84
1006	05.08.2025 18:56:45	16,05	-0,04	22,13	29,07	1494,83
1007	05.08.2025 18:56:46	16,05	-0,04	21,96	28,88	1494,64
1008	05.08.2025 18:56:47	16,05	-0,03	22,00	28,93	1494,69
1009	05.08.2025 18:56:48	16,08	-0,04	19,92	26,44	1492,34
1010	05.08.2025 18:56:49	16,08	-0,03	20,35	26,96	1492,85
1011	05.08.2025 18:56:50	16,08	-0,04	20,19	26,77	1492,65
1012	05.08.2025 18:56:51	16,08	-0,03	6,81	9,85	1476,93
1013	05.08.2025 18:56:52	16,08	-0,03	4,08	6,11	1473,73
1014	05.08.2025 18:56:53	16,08	-0,03	4,52	6,72	1474,24
1015	05.08.2025 18:56:54	16,08	-0,03	4,18	6,24	1473,84
1016	05.08.2025 18:56:55	16,05	-0,03	3,97	5,95	1473,49
1017	05.08.2025 18:56:56	16,05	-0,04	2,40	3,70	1471,64
1018	05.08.2025 18:56:57	16,05	-0,01	2,20	3,41	1471,41
1019	05.08.2025 18:56:58	16,05	-0,03	4,54	6,75	1474,16
1020	05.08.2025 18:56:59	16,05	-0,03	1,16	1,87	1470,19
1021	05.08.2025 18:57:00	16,05	-0,03	1,14	1,84	1470,17
1022	05.08.2025 18:57:01	16,05	-0,01	1,16	1,87	1470,19
1023	05.08.2025 18:57:02	16,05	-0,01	1,16	1,87	1470,19
1024	05.08.2025 18:57:03	16,02	-0,01	1,16	1,87	1470,09
1025	05.08.2025 18:57:04	16,02	-0,01	1,16	1,87	1470,09
1026	05.08.2025 18:57:05	16,02	-0,01	1,16	1,87	1470,09
1027	05.08.2025 18:57:06	16,02	-0,01	1,16	1,87	1470,09
1028	05.08.2025 18:57:07	16,02	-0,01	1,16	1,87	1470,09
1029	05.08.2025 18:57:08	16,02	-0,01	1,16	1,87	1470,09
1030	05.08.2025 18:57:09	16,02	-0,01	1,15	1,84	1470,07
1031	05.08.2025 18:57:10	16,02	-0,01	1,15	1,84	1470,07
1032	05.08.2025 18:57:11	16,02	-0,01	1,15	1,84	1470,07
1033	05.08.2025 18:57:12	15,99	-0,01	1,13	1,81	1469,95
1034	05.08.2025 18:57:13	15,99	-0,01	1,13	1,81	1469,95
1035	05.08.2025 18:57:14	15,99	-0,01	1,15	1,84	1469,97
1036	05.08.2025 18:57:15	15,99	-0,01	1,13	1,81	1469,95
1037	05.08.2025 18:57:16	15,99	-0,01	1,13	1,81	1469,95
1038	05.08.2025 18:57:17	15,99	-0,01	1,13	1,81	1469,95
1039	05.08.2025 18:57:18	15,99	-0,01	1,11	1,79	1469,93
1040	05.08.2025 18:57:19	15,99	-0,01	1,11	1,79	1469,93
1041	05.08.2025 18:57:20	15,96	-0,01	1,11	1,79	1469,82
1042	05.08.2025 18:57:21	15,96	-0,01	1,11	1,79	1469,82
1043	05.08.2025 18:57:22	15,96	-0,01	1,11	1,79	1469,82
1044	05.08.2025 18:57:23	15,96	-0,01	1,11	1,79	1469,82
1045	05.08.2025 18:57:24	15,96	0,01	1,13	1,81	1469,85
1046	05.08.2025 18:57:25	15,96	-0,01	1,11	1,79	1469,82
1047	05.08.2025 18:57:26	15,96	-0,01	1,11	1,79	1469,82
1048	05.08.2025 18:57:27	15,96	-0,01	1,13	1,81	1469,84
1049	05.08.2025 18:57:28	15,93	-0,01	1,13	1,81	1469,74
1050	05.08.2025 18:57:29	15,93	-0,01	1,13	1,81	1469,74
1051	05.08.2025 18:57:30	15,93	-0,01	1,13	1,81	1469,74
1052	05.08.2025 18:57:31	15,93	-0,01	1,13	1,81	1469,74
1053	05.08.2025 18:57:32	15,93	-0,01	1,11	1,79	1469,72
1054	05.08.2025 18:57:33	15,93	-0,01	1,11	1,79	1469,72
1055	05.08.2025 18:57:34	15,93	-0,01	1,11	1,79	1469,72
1056	05.08.2025 18:57:35	15,93	-0,01	1,11	1,79	1469,72
1057	05.08.2025 18:57:36	15,93	-0,01	1,11	1,79	1469,72
1058	05.08.2025 18:57:37	15,90	-0,01	1,11	1,79	1469,62
1059	05.08.2025 18:57:38	15,90	-0,01	1,13	1,81	1469,64
1060	05.08.2025 18:57:39	15,90	0,01	1,11	1,79	1469,62
1061	05.08.2025 18:57:40	15,90	-0,01	1,13	1,81	1469,64
1062	05.08.2025 18:57:41	15,90	-0,01	1,11	1,79	1469,62
1063	05.08.2025 18:57:42	15,90	-0,01	1,11	1,79	1469,62
1064	05.08.2025 18:57:43	15,90	-0,01	1,06	1,71	1469,56
1065	05.08.2025 18:57:44	15,90	0,01	1,13	1,81	1469,64
1066	05.08.2025 18:57:45	15,90	-0,01	1,11	1,79	1469,62
1067	05.08.2025 18:57:46	15,90	0,01	1,11	1,79	1469,62
1068	05.08.2025 18:57:47	15,90	-0,01	1,11	1,79	1469,62
1069	05.08.2025 18:57:48	15,87	-0,03	1,13	1,81	1469,53
1070	05.08.2025 18:57:49	15,87	-0,03	1,13	1,81	1469,53
1071	05.08.2025 18:57:50	15,87	-0,03	1,12	1,79	1469,51
1072	05.08.2025 18:57:51	15,87	-0,03	1,13	1,81	1469,53
1073	05.08.2025 18:57:52	15,87	-0,03	1,13	1,81	1469,53
1074	05.08.2025 18:57:53	15,87	-0,01	1,12	1,79	1469,51
1075	05.08.2025 18:57:54	15,87	-0,01	1,12	1,79	1469,51
1076	05.08.2025 18:57:55	15,87	-0,03	1,12	1,79	1469,51
1077	05.08.2025 18:57:56	15,87	-0,03	1,12	1,79	1469,51
1078	05.08.2025 18:57:57	15,87	-0,03	1,12	1,79	1469,51
1079	05.08.2025 18:57:58	15,87	-0,03	1,12	1,79	1469,51
1080	05.08.2025 18:57:59	15,87	-0,01	1,12	1,79	1469,51
1081	05.08.2025 18:58:00	15,84	-0,01	1,13	1,81	1469,43
1082	05.08.2025 18:58:01	15,84	-0,03	1,12	1,79	1469,41
1083	05.08.2025 18:58:02	15,84	-0,03	1,12	1,79	1469,41
1084	05.08.2025 18:58:03	15,84	-0,01	1,12	1,79	1469,41
1085	05.08.2025 18:58:04	15,84	-0,01	1,13	1,81	1469,43
1086	05.08.2025 18:58:05	15,84	-0,01	1,12	1,79	1469,41
1087	05.08.2025 18:58:06	15,84	-0,01	1,12	1,79	1469,41
1088	05.08.2025 18:58:07	15,84	-0,03	1,12	1,79	1469,41
1089	05.08.2025 18:58:08	15,84	-0,01	1,12	1,79	1469,41
1090	05.08.2025 18:58:09	15,84	-0,01	1,12	1,79	1469,41
1091	05.08.2025 18:58:10	15,84	-0,03	1,12	1,79	1469,41
1092	05.08.2025 18:58:11	15,84	-0,03	1,12	1,79	1469,41
1093	05.08.2025 18:58:12	15,84	-0,03	1,12	1,79	1469,41
1094	05.08.2025 18:58:13	15,81	-0,03	1,12	1,79	1469,30
1095	05.08.2025 18:58:14	15,81	-0,03	1,12	1,79	1469,30
1096	05.08.2025 18:58:15	15,81	-0,01	1,12	1,79	1469,31
1097	05.08.2025 18:58:16	15,81	-0,01	1,12	1,79	1469,31
1098	05.08.2025 18:58:17	15,81	-0,01	1,12	1,79	1469,31
1099	05.08.2025 18:58:18	15,81	-0,01	1,12	1,79	1469,31
1100	05.08.2025 18:58:19	15,81	-0,03	1,12	1,79	1469,30
1101	05.08.2025 18:58:20	15,81	-0,03	1,12	1,79	1469,30
1102	05.08.2025 18:58:21	15,81	-0,01	1,38	2,18	1469,61
1103	05.08.2025 18:58:22	15,81	-0,03	1,50	2,36	1469,75
1104	05.08.2025 18:58:23	15,81	-0,01	1,46	2,31	1469,71
1105	05.08.2025 18:58:24	15,81	-0,03	1,57	2,47	1469,84
1106	05.08.2025 18:58:25	15,81	-0,01	1,64	2,57	1469,92
1107	05.08.2025 18:58:26	15,78	-0,01	1,62	2,55	1469,80
1108	05.08.2025 18:58:27	15,81	-0,01	1,55	2,44	1469,82
1109	05.08.2025 18:58:28	15,78	-0,03	1,60	2,52	1469,77
1110	05.08.2025 18:58:29	15,78	-0,03	1,62	2,55	1469,79
1111	05.08.2025 18:58:30	15,78	-0,01	1,64	2,57	1469,82
1112	05.08.2025 18:58:31	15,78	-0,01	1,66	2,60	1469,84
1113	05.08.2025 18:58:32	15,78	-0,03	1,66	2,60	1469,84
1114	05.08.2025 18:58:33	15,78	-0,01	1,66	2,60	1469,84
1115	05.08.2025 18:58:34	15,78	-0,01	1,68	2,63	1469,86
1116	05.08.2025 18:58:35	15,78	-0,01	1,68	2,63	1469,86
1117	05.08.2025 18:58:36	15,78	-0,01	1,66	2,60	1469,84
1118	05.08.2025 18:58:37	15,78	-0,03	1,64	2,57	1469,82
1119	05.08.2025 18:58:38	15,78	-0,01	1,66	2,60	1469,84
1120	05.08.2025 18:58:39	15,78	-0,03	1,66	2,60	1469,84
1121	05.08.2025 18:58:40	15,78	-0,01	1,68	2,63	1469,86
1122	05.08.2025 18:58:41	15,78	-0,01	1,66	2,60	1469,84
1123	05.08.2025 18:58:42	15,78	-0,03	1,68	2,63	1469,86
1124	05.08.2025 18:58:43	15,78	-0,03	1,62	2,55	1469,79
1125	05.08.2025 18:58:44	15,78	-0,03	1,66	2,60	1469,84
1126	05.08.2025 18:58:45	15,78	-0,03	1,66	2,60	1469,84
1127	05.08.2025 18:58:46	15,78	-0,03	1,68	2,63	1469,86
1128	05.08.2025 18:58:47	15,78	-0,03	1,68	2,63	1469,86
1129	05.08.2025 18:58:48	15,78	-0,03	1,68	2,63	1469,86
1130	05.08.2025 18:58:49	15,78	-0,03	1,68	2,63	1469,86
1131	05.08.2025 18:58:50	15,78	-0,03	1,68	2,63	1469,86
1132	05.08.2025 18:58:51	15,78	-0,01	1,69	2,65	1469,88
1133	05.08.2025 18:58:52	15,78	-0,03	1,66	2,60	1469,84
1134	05.08.2025 18:58:53	15,78	-0,03	1,64	2,57	1469,82
1135	05.08.2025 18:58:54	15,78	-0,03	1,68	2,63	1469,86
1136	05.08.2025 18:58:55	15,78	-0,03	1,66	2,60	1469,84
1137	05.08.2025 18:58:56	15,78	-0,01	1,64	2,57	1469,82
1138	05.08.2025 18:58:57	15,78	-0,03	1,62	2,55	1469,79
1139	05.08.2025 18:58:58	15,78	-0,03	1,66	2,60	1469,84
1140	05.08.2025 18:58:59	15,78	-0,01	1,68	2,63	1469,86
1141	05.08.2025 18:59:00	15,78	-0,03	1,68	2,63	1469,86
1142	05.08.2025 18:59:01	15,78	-0,03	1,66	2,60	1469,84
1143	05.08.2025 18:59:02	15,78	-0,03	1,68	2,63	1469,86
1144	05.08.2025 18:59:03	15,78	-0,01	1,66	2,60	1469,84
1145	05.08.2025 18:59:04	15,78	-0,03	1,68	2,63	1469,86
1146	05.08.2025 18:59:05	15,78	-0,03	1,68	2,63	1469,86
1147	05.08.2025 18:59:06	15,78	-0,03	1,68	2,63	1469,86
1148	05.08.2025 18:59:07	15,78	-0,03	1,66	2,60	1469,84
1149	05.08.2025 18:59:08	15,78	-0,03	1,68	2,63	1469,86
1150	05.08.2025 18:59:09	15,78	-0,03	1,66	2,60	1469,84
1151	05.08.2025 18:59:10	15,78	-0,01	1,68	2,63	1469,86
1152	05.08.2025 18:59:11	15,75	-0,01	1,68	2,63	1469,76
1153	05.08.2025 18:59:12	15,75	-0,03	1,69	2,65	1469,77
1154	05.08.2025 18:59:13	15,75	-0,03	1,68	2,63	1469,75
1155	05.08.2025 18:59:14	15,75	-0,03	1,68	2,63	1469,75
1156	05.08.2025 18:59:15	15,75	-0,03	1,68	2,63	1469,75
1157	05.08.2025 18:59:16	15,75	-0,01	0,75	1,21	1468,66
1158	05.08.2025 18:59:17	15,75	-0,01	0,56	0,93	1468,44
1159	05.08.2025 18:59:18	15,75	-0,01	0,48	0,79	1468,34
1160	05.08.2025 18:59:19	15,75	0,01	0,43	0,72	1468,29
1161	05.08.2025 18:59:20	15,75	0,01	0,33	0,56	1468,17
1162	05.08.2025 18:59:21	15,75	0,01	0,28	0,48	1468,12
1163	05.08.2025 18:59:22	15,75	0,01	0,25	0,43	1468,08
1164	05.08.2025 18:59:23	15,75	0,01	0,24	0,40	1468,06
1165	05.08.2025 18:59:24	15,75	0,03	0,17	0,30	1467,99
1166	05.08.2025 18:59:25	15,75	0,03	0,10	0,17	1467,90
1167	05.08.2025 18:59:26	15,75	0,01	0,07	0,11	1467,86
1168	05.08.2025 18:59:27	15,75	0,03	0,07	0,11	1467,87
1169	05.08.2025 18:59:28	15,75	0,03	0,05	0,09	1467,85
1170	05.08.2025 18:59:29	15,75	0,03	0,05	0,09	1467,85
1171	05.08.2025 18:59:30	15,75	0,03	0,05	0,09	1467,85
1172	05.08.2025 18:59:31	15,75	0,03	0,05	0,09	1467,85
1173	05.08.2025 18:59:32	15,75	0,03	0,05	0,09	1467,85
1174	05.08.2025 18:59:33	15,75	0,03	0,05	0,09	1467,85
1175	05.08.2025 18:59:34	15,75	0,03	0,05	0,09	1467,85
1176	05.08.2025 18:59:35	15,75	0,03	0,05	0,09	1467,85
1177	05.08.2025 18:59:36	15,75	0,01	0,05	0,09	1467,84
1178	05.08.2025 18:59:37	15,75	0,03	0,05	0,09	1467,85
1179	05.08.2025 18:59:38	15,75	0,01	0,05	0,09	1467,84
1180	05.08.2025 18:59:39	15,75	0,03	0,05	0,09	1467,85
1181	05.08.2025 18:59:40	15,75	0,03	0,05	0,09	1467,85
1182	05.08.2025 18:59:41	15,75	0,03	0,07	0,11	1467,87
1183	05.08.2025 18:59:42	15,72	0,03	0,05	0,09	1467,74
1184	05.08.2025 18:59:43	15,75	0,03	0,07	0,11	1467,87
1185	05.08.2025 18:59:44	15,72	0,03	0,07	0,11	1467,76
1186	05.08.2025 18:59:45	15,72	0,03	0,05	0,09	1467,74
1187	05.08.2025 18:59:46	15,72	0,03	0,05	0,09	1467,74
1188	05.08.2025 18:59:47	15,72	0,03	0,05	0,09	1467,74
1189	05.08.2025 18:59:48	15,72	0,03	0,05	0,09	1467,74
1190	05.08.2025 18:59:49	15,72	0,03	0,05	0,09	1467,74
1191	05.08.2025 18:59:50	15,72	0,03	0,07	0,11	1467,76
1192	05.08.2025 18:59:51	15,72	0,05	0,05	0,09	1467,75
1193	05.08.2025 18:59:52	15,72	0,03	0,05	0,09	1467,74
1194	05.08.2025 18:59:53	15,72	0,01	0,05	0,09	1467,74
1195	05.08.2025 18:59:54	15,72	0,03	0,05	0,09	1467,74
1196	05.08.2025 18:59:55	15,72	0,03	0,05	0,09	1467,74
1197	05.08.2025 18:59:56	15,72	0,03	0,05	0,09	1467,74
1198	05.08.2025 18:59:57	15,72	0,03	0,05	0,09	1467,74
1199	05.08.2025 18:59:58	15,72	0,03	0,05	0,09	1467,74
1200	05.08.2025 18:59:59	15,72	0,03	0,05	0,09	1467,74
1201	05.08.2025 19:00:00	15,72	0,03	0,05	0,09	1467,74
1202	05.08.2025 19:00:01	15,72	0,05	0,05	0,09	1467,75
1203	05.08.2025 19:00:02	15,72	0,03	0,05	0,09	1467,74
1204	05.08.2025 19:00:03	15,72	0,03	0,05	0,09	1467,74
1205	05.08.2025 19:00:04	15,72	0,05	0,05	0,09	1467,75
1206	05.08.2025 19:00:05	15,72	0,03	0,05	0,09	1467,74
1207	05.08.2025 19:00:06	15,75	0,03	0,05	0,09	1467,85
1208	05.08.2025 19:00:07	15,72	0,12	0,05	0,09	1467,76
1209	05.08.2025 19:00:08	15,75	0,10	0,05	0,09	1467,86
1210	05.08.2025 19:00:09	15,75	0,03	0,05	0,09	1467,85
1211	05.08.2025 19:00:10	15,84	-0,01	0,05	0,09	1468,16
1212	05.08.2025 19:00:11	15,90	0,01	0,05	0,09	1468,37
1213	05.08.2025 19:00:12	15,99	0,01	0,05	0,09	1468,68
1214	05.08.2025 19:00:13	16,08	-0,03	0,07	0,11	1469,01
1215	05.08.2025 19:00:14	16,17	-0,01	0,05	0,09	1469,31
1216	05.08.2025 19:00:15	16,27	-0,03	0,05	0,09	1469,61
1217	05.08.2025 19:00:16	16,33	-0,03	0,05	0,09	1469,82
1218	05.08.2025 19:00:17	16,39	-0,01	0,07	0,11	1470,05
1219	05.08.2025 19:00:18	16,42	-0,03	0,05	0,09	1470,13
1220	05.08.2025 19:00:19	16,48	-0,03	0,05	0,09	1470,34
1221	05.08.2025 19:00:20	16,54	-0,03	0,05	0,09	1470,54
1222	05.08.2025 19:00:21	16,60	-0,03	0,05	0,09	1470,75
1223	05.08.2025 19:00:22	16,63	-0,01	0,05	0,09	1470,85
1224	05.08.2025 19:00:23	16,75	-0,04	0,05	0,09	1471,25
1225	05.08.2025 19:00:24	16,96	-0,04	0,05	0,09	1471,97
1226	05.08.2025 19:00:25	17,11	-0,06	0,04	0,06	1472,45
1227	05.08.2025 19:00:26	17,23	-0,06	0,05	0,09	1472,87
1228	05.08.2025 19:00:27	17,32	-0,10	0,05	0,09	1473,16
1229	05.08.2025 19:00:28	17,44	-0,08	0,05	0,09	1473,57
1230	05.08.2025 19:00:29	17,62	-0,10	0,04	0,06	1474,14
1231	05.08.2025 19:00:30	17,74	-0,17	0,05	0,09	1474,54
1232	05.08.2025 19:00:31	18,01	-0,26	0,04	0,06	1475,40
1233	05.08.2025 19:00:32	18,22	-0,24	0,05	0,09	1476,10
1234	05.08.2025 19:00:33	18,43	-0,22	0,05	0,09	1476,78
