#B	Created:	04.08.2025 07:00:16
##	Version	SeaStar	9.59
#5	Field separation:	0
#2	Date & Time:	1
#6	Decimal point:	,
#7	Date def.:	dd.mm.yyyy	.
#8	Time def.:	:
##	Axis	0	Temperature(°C)	clRed	FALSE
##	Axis	1	Pressure(Bar)	clBlue	FALSE
##	Axis	2	Salinity(psu)	clGreen	FALSE
##	Axis	3	Conductivity(mS/cm)	$00FF80FF	FALSE
##	Axis	4	Sound Velocity(m/sec)	$00404080	FALSE
##	Series	0	Temp(°C)	clRed	0	Temp(°C)	2
##	Series	1	Press(Bar)	clBlue	1	Press(Bar)	2
##	Series	2	Salinity(psu)	clGreen	2	Salinity(psu)	2
##	Series	3	Conduct(mS/cm)	$00FF80FF	3	Conduct(mS/cm)	2
##	Series	4	Sound Velocity(m/sec)	$00404080	4	Velocity(m/sec)	2
##	Recorder	9	DST CTD	13528
##	Chart	9S13528DAT	
#D	Data:	1428	04.08.2025 06:36:00	04.08.2025 06:59:47
1	04.08.2025 06:36:00	20,68	0,05	0,04	0,06	1483,89
2	04.08.2025 06:36:01	20,68	0,05	0,05	0,09	1483,90
3	04.08.2025 06:36:02	20,68	0,05	0,04	0,06	1483,89
4	04.08.2025 06:36:03	20,68	0,05	0,04	0,06	1483,89
5	04.08.2025 06:36:04	20,68	0,05	0,04	0,06	1483,89
6	04.08.2025 06:36:05	20,68	0,05	0,04	0,06	1483,89
7	04.08.2025 06:36:06	20,68	0,05	0,04	0,06	1483,89
8	04.08.2025 06:36:07	20,68	0,05	0,04	0,06	1483,89
9	04.08.2025 06:36:08	20,68	0,05	0,04	0,06	1483,89
10	04.08.2025 06:36:09	20,68	0,06	0,04	0,06	1483,89
11	04.08.2025 06:36:10	20,68	0,05	0,04	0,06	1483,89
12	04.08.2025 06:36:11	20,68	0,05	0,04	0,06	1483,89
13	04.08.2025 06:36:12	20,68	0,06	0,04	0,06	1483,89
14	04.08.2025 06:36:13	20,68	0,05	0,04	0,06	1483,89
15	04.08.2025 06:36:14	20,68	0,05	0,04	0,06	1483,89
16	04.08.2025 06:36:15	20,65	0,03	0,04	0,06	1483,79
17	04.08.2025 06:36:16	20,68	0,05	0,04	0,06	1483,89
18	04.08.2025 06:36:17	20,65	0,05	0,04	0,06	1483,80
19	04.08.2025 06:36:18	20,65	0,05	0,04	0,06	1483,80
20	04.08.2025 06:36:19	20,65	0,05	0,04	0,06	1483,80
21	04.08.2025 06:36:20	20,65	0,05	0,04	0,06	1483,80
22	04.08.2025 06:36:21	20,65	0,05	0,04	0,06	1483,80
23	04.08.2025 06:36:22	20,65	0,05	0,04	0,06	1483,80
24	04.08.2025 06:36:23	20,65	0,05	0,04	0,06	1483,80
25	04.08.2025 06:36:24	20,65	0,05	0,04	0,06	1483,80
26	04.08.2025 06:36:25	20,65	0,05	0,04	0,06	1483,80
27	04.08.2025 06:36:26	20,65	0,05	0,04	0,06	1483,80
28	04.08.2025 06:36:27	20,65	0,05	0,04	0,06	1483,80
29	04.08.2025 06:36:28	20,65	0,05	0,04	0,06	1483,80
30	04.08.2025 06:36:29	20,65	0,05	0,04	0,06	1483,80
31	04.08.2025 06:36:30	20,65	0,05	0,04	0,06	1483,80
32	04.08.2025 06:36:31	20,65	0,03	0,04	0,06	1483,79
33	04.08.2025 06:36:32	20,65	0,06	0,04	0,06	1483,80
34	04.08.2025 06:36:33	20,65	0,03	0,04	0,06	1483,79
35	04.08.2025 06:36:34	20,62	0,06	0,04	0,06	1483,71
36	04.08.2025 06:36:35	20,65	0,05	0,04	0,06	1483,80
37	04.08.2025 06:36:36	20,62	0,05	0,04	0,06	1483,71
38	04.08.2025 06:36:37	20,62	0,05	0,04	0,06	1483,71
39	04.08.2025 06:36:38	20,62	0,03	0,04	0,06	1483,70
40	04.08.2025 06:36:39	20,62	0,05	0,04	0,06	1483,71
41	04.08.2025 06:36:40	20,62	0,05	0,04	0,06	1483,71
42	04.08.2025 06:36:41	20,62	0,05	0,04	0,06	1483,71
43	04.08.2025 06:36:42	20,62	0,05	0,04	0,06	1483,71
44	04.08.2025 06:36:43	20,62	0,05	0,04	0,06	1483,71
45	04.08.2025 06:36:44	20,62	0,05	0,04	0,06	1483,71
46	04.08.2025 06:36:45	20,62	0,05	0,04	0,06	1483,71
47	04.08.2025 06:36:46	20,62	0,06	0,04	0,06	1483,71
48	04.08.2025 06:36:47	20,62	0,05	0,04	0,06	1483,71
49	04.08.2025 06:36:48	20,62	0,05	0,04	0,06	1483,71
50	04.08.2025 06:36:49	20,62	0,05	0,04	0,06	1483,71
51	04.08.2025 06:36:50	20,59	0,05	0,04	0,06	1483,62
52	04.08.2025 06:36:51	20,59	0,05	0,04	0,06	1483,62
53	04.08.2025 06:36:52	20,59	0,05	0,04	0,06	1483,62
54	04.08.2025 06:36:53	20,59	0,05	0,04	0,06	1483,62
55	04.08.2025 06:36:54	20,59	0,05	0,04	0,06	1483,62
56	04.08.2025 06:36:55	20,59	0,05	0,04	0,06	1483,62
57	04.08.2025 06:36:56	20,59	0,05	0,04	0,06	1483,62
58	04.08.2025 06:36:57	20,59	0,05	0,04	0,06	1483,62
59	04.08.2025 06:36:58	20,59	0,05	0,04	0,06	1483,62
60	04.08.2025 06:36:59	20,59	0,05	0,04	0,06	1483,62
61	04.08.2025 06:37:00	20,59	0,05	0,04	0,06	1483,62
62	04.08.2025 06:37:01	20,59	0,06	0,04	0,06	1483,62
63	04.08.2025 06:37:02	20,59	0,05	0,04	0,06	1483,62
64	04.08.2025 06:37:03	20,59	0,05	0,04	0,06	1483,62
65	04.08.2025 06:37:04	20,59	0,05	0,04	0,06	1483,62
66	04.08.2025 06:37:05	20,56	0,06	0,04	0,06	1483,53
67	04.08.2025 06:37:06	20,56	0,03	0,04	0,06	1483,52
68	04.08.2025 06:37:07	20,56	0,05	0,04	0,06	1483,53
69	04.08.2025 06:37:08	20,56	0,05	0,04	0,06	1483,53
70	04.08.2025 06:37:09	20,56	0,05	0,04	0,06	1483,53
71	04.08.2025 06:37:10	20,56	0,05	0,04	0,06	1483,53
72	04.08.2025 06:37:11	20,56	0,06	0,04	0,06	1483,53
73	04.08.2025 06:37:12	20,56	0,05	0,04	0,06	1483,53
74	04.08.2025 06:37:13	20,56	0,05	0,04	0,06	1483,53
75	04.08.2025 06:37:14	20,56	0,05	0,04	0,06	1483,53
76	04.08.2025 06:37:15	20,56	0,06	0,04	0,06	1483,53
77	04.08.2025 06:37:16	20,56	0,06	0,04	0,06	1483,53
78	04.08.2025 06:37:17	20,56	0,06	0,04	0,06	1483,53
79	04.08.2025 06:37:18	20,53	0,05	0,04	0,06	1483,44
80	04.08.2025 06:37:19	20,53	0,06	0,04	0,06	1483,44
81	04.08.2025 06:37:20	20,53	0,06	0,04	0,06	1483,44
82	04.08.2025 06:37:21	20,53	0,05	0,04	0,06	1483,44
83	04.08.2025 06:37:22	20,53	0,05	0,04	0,06	1483,44
84	04.08.2025 06:37:23	20,53	0,06	0,04	0,06	1483,44
85	04.08.2025 06:37:24	20,53	0,06	0,04	0,06	1483,44
86	04.08.2025 06:37:25	20,53	0,06	0,04	0,06	1483,44
87	04.08.2025 06:37:26	20,53	0,06	0,04	0,06	1483,44
88	04.08.2025 06:37:27	20,53	0,06	0,04	0,06	1483,44
89	04.08.2025 06:37:28	20,53	0,06	0,04	0,06	1483,44
90	04.08.2025 06:37:29	20,53	0,05	0,04	0,06	1483,44
91	04.08.2025 06:37:30	20,53	0,05	0,04	0,06	1483,44
92	04.08.2025 06:37:31	20,53	0,05	0,04	0,06	1483,44
93	04.08.2025 06:37:32	20,53	0,05	0,04	0,06	1483,44
94	04.08.2025 06:37:33	20,53	0,06	0,04	0,06	1483,44
95	04.08.2025 06:37:34	20,53	0,05	0,04	0,06	1483,44
96	04.08.2025 06:37:35	20,53	0,06	0,04	0,06	1483,44
97	04.08.2025 06:37:36	20,53	0,05	0,04	0,06	1483,44
98	04.08.2025 06:37:37	20,53	0,05	0,04	0,06	1483,44
99	04.08.2025 06:37:38	20,53	0,05	0,04	0,06	1483,44
100	04.08.2025 06:37:39	20,50	0,03	0,04	0,06	1483,34
101	04.08.2025 06:37:40	20,50	0,03	0,04	0,06	1483,34
102	04.08.2025 06:37:41	20,50	0,05	0,04	0,06	1483,35
103	04.08.2025 06:37:42	20,50	0,03	0,04	0,06	1483,34
104	04.08.2025 06:37:43	20,50	0,05	0,04	0,06	1483,35
105	04.08.2025 06:37:44	20,50	0,05	0,04	0,06	1483,35
106	04.08.2025 06:37:45	20,50	0,05	0,04	0,06	1483,35
107	04.08.2025 06:37:46	20,50	0,05	0,04	0,06	1483,35
108	04.08.2025 06:37:47	20,50	0,03	0,04	0,06	1483,34
109	04.08.2025 06:37:48	20,50	0,03	0,04	0,06	1483,34
110	04.08.2025 06:37:49	20,50	0,05	0,04	0,06	1483,35
111	04.08.2025 06:37:50	20,50	0,03	0,04	0,06	1483,34
112	04.08.2025 06:37:51	20,47	0,03	0,04	0,06	1483,25
113	04.08.2025 06:37:52	20,50	0,03	0,04	0,06	1483,34
114	04.08.2025 06:37:53	20,47	0,03	0,04	0,06	1483,25
115	04.08.2025 06:37:54	20,47	0,05	0,04	0,06	1483,25
116	04.08.2025 06:37:55	20,47	0,03	0,04	0,06	1483,25
117	04.08.2025 06:37:56	20,47	0,03	0,04	0,06	1483,25
118	04.08.2025 06:37:57	20,47	0,05	0,04	0,06	1483,25
119	04.08.2025 06:37:58	20,47	0,05	0,04	0,06	1483,25
120	04.08.2025 06:37:59	20,47	0,05	0,04	0,06	1483,25
121	04.08.2025 06:38:00	20,47	0,05	0,04	0,06	1483,25
122	04.08.2025 06:38:01	20,47	0,05	0,04	0,06	1483,25
123	04.08.2025 06:38:02	20,47	0,03	0,04	0,06	1483,25
124	04.08.2025 06:38:03	20,47	0,05	0,04	0,06	1483,25
125	04.08.2025 06:38:04	20,47	0,05	0,04	0,06	1483,25
126	04.08.2025 06:38:05	20,47	0,05	0,04	0,06	1483,25
127	04.08.2025 06:38:06	20,45	0,05	0,04	0,06	1483,16
128	04.08.2025 06:38:07	20,45	0,05	0,04	0,06	1483,16
129	04.08.2025 06:38:08	20,45	0,05	0,04	0,06	1483,16
130	04.08.2025 06:38:09	20,45	0,05	0,04	0,06	1483,16
131	04.08.2025 06:38:10	20,45	0,05	0,04	0,06	1483,16
132	04.08.2025 06:38:11	20,45	0,05	0,04	0,06	1483,16
133	04.08.2025 06:38:12	20,45	0,03	0,04	0,06	1483,16
134	04.08.2025 06:38:13	20,45	0,05	0,04	0,06	1483,16
135	04.08.2025 06:38:14	20,45	0,05	0,04	0,06	1483,16
136	04.08.2025 06:38:15	20,45	0,05	0,04	0,06	1483,16
137	04.08.2025 06:38:16	20,45	0,05	0,04	0,06	1483,16
138	04.08.2025 06:38:17	20,45	0,05	0,04	0,06	1483,16
139	04.08.2025 06:38:18	20,42	0,05	0,04	0,06	1483,07
140	04.08.2025 06:38:19	20,42	0,05	0,04	0,06	1483,07
141	04.08.2025 06:38:20	20,42	0,03	0,04	0,06	1483,07
142	04.08.2025 06:38:21	20,42	0,05	0,04	0,06	1483,07
143	04.08.2025 06:38:22	20,42	0,03	0,04	0,06	1483,07
144	04.08.2025 06:38:23	20,42	0,05	0,04	0,06	1483,07
145	04.08.2025 06:38:24	20,42	0,05	0,04	0,06	1483,07
146	04.08.2025 06:38:25	20,42	0,05	0,04	0,06	1483,07
147	04.08.2025 06:38:26	20,42	0,05	0,04	0,06	1483,07
148	04.08.2025 06:38:27	20,42	0,03	0,04	0,06	1483,07
149	04.08.2025 06:38:28	20,42	0,03	0,04	0,06	1483,07
150	04.08.2025 06:38:29	20,42	0,05	0,04	0,06	1483,07
151	04.08.2025 06:38:30	20,42	0,05	0,04	0,06	1483,07
152	04.08.2025 06:38:31	20,42	0,05	0,04	0,06	1483,07
153	04.08.2025 06:38:32	20,39	0,05	0,04	0,06	1482,98
154	04.08.2025 06:38:33	20,39	0,05	0,04	0,06	1482,98
155	04.08.2025 06:38:34	20,39	0,06	0,04	0,06	1482,99
156	04.08.2025 06:38:35	20,39	0,05	0,04	0,06	1482,98
157	04.08.2025 06:38:36	20,39	0,06	0,04	0,06	1482,99
158	04.08.2025 06:38:37	20,39	0,05	0,04	0,06	1482,98
159	04.08.2025 06:38:38	20,39	0,05	0,04	0,06	1482,98
160	04.08.2025 06:38:39	20,39	0,03	0,04	0,06	1482,98
161	04.08.2025 06:38:40	20,39	0,05	0,04	0,06	1482,98
162	04.08.2025 06:38:41	20,39	0,05	0,04	0,06	1482,98
163	04.08.2025 06:38:42	20,39	0,05	0,04	0,06	1482,98
164	04.08.2025 06:38:43	20,39	0,05	0,04	0,06	1482,98
165	04.08.2025 06:38:44	20,36	0,05	0,04	0,06	1482,89
166	04.08.2025 06:38:45	20,36	0,06	0,04	0,06	1482,89
167	04.08.2025 06:38:46	20,36	0,05	0,04	0,06	1482,89
168	04.08.2025 06:38:47	20,36	0,05	0,04	0,06	1482,89
169	04.08.2025 06:38:48	20,36	0,05	0,04	0,06	1482,89
170	04.08.2025 06:38:49	20,36	0,05	0,04	0,06	1482,89
171	04.08.2025 06:38:50	20,36	0,05	0,04	0,06	1482,89
172	04.08.2025 06:38:51	20,36	0,05	0,04	0,06	1482,89
173	04.08.2025 06:38:52	20,36	0,05	0,04	0,06	1482,89
174	04.08.2025 06:38:53	20,36	0,05	0,04	0,06	1482,89
175	04.08.2025 06:38:54	20,36	0,05	0,04	0,06	1482,89
176	04.08.2025 06:38:55	20,33	0,05	0,04	0,06	1482,80
177	04.08.2025 06:38:56	20,33	0,05	0,04	0,06	1482,80
178	04.08.2025 06:38:57	20,33	0,05	0,04	0,06	1482,80
179	04.08.2025 06:38:58	20,33	0,05	0,04	0,06	1482,80
180	04.08.2025 06:38:59	20,33	0,05	0,04	0,06	1482,80
181	04.08.2025 06:39:00	20,33	0,06	0,04	0,06	1482,80
182	04.08.2025 06:39:01	20,33	0,05	0,04	0,06	1482,80
183	04.08.2025 06:39:02	20,33	0,05	0,04	0,06	1482,80
184	04.08.2025 06:39:03	20,33	0,05	0,04	0,06	1482,80
185	04.08.2025 06:39:04	20,33	0,05	0,04	0,06	1482,80
186	04.08.2025 06:39:05	20,33	0,05	0,04	0,06	1482,80
187	04.08.2025 06:39:06	20,30	0,05	0,04	0,06	1482,71
188	04.08.2025 06:39:07	20,30	0,05	0,04	0,06	1482,71
189	04.08.2025 06:39:08	20,30	0,05	0,04	0,06	1482,71
190	04.08.2025 06:39:09	20,30	0,06	0,04	0,06	1482,71
191	04.08.2025 06:39:10	20,30	0,05	0,04	0,06	1482,71
192	04.08.2025 06:39:11	20,30	0,05	0,04	0,06	1482,71
193	04.08.2025 06:39:12	20,30	0,05	0,04	0,06	1482,71
194	04.08.2025 06:39:13	20,30	0,05	0,04	0,06	1482,71
195	04.08.2025 06:39:14	20,30	0,05	0,04	0,06	1482,71
196	04.08.2025 06:39:15	20,30	0,05	0,04	0,06	1482,71
197	04.08.2025 06:39:16	20,27	0,03	0,04	0,06	1482,62
198	04.08.2025 06:39:17	20,27	0,03	0,04	0,06	1482,62
199	04.08.2025 06:39:18	20,27	0,03	0,04	0,06	1482,62
200	04.08.2025 06:39:19	20,27	0,03	0,04	0,06	1482,62
201	04.08.2025 06:39:20	20,27	0,05	0,04	0,06	1482,62
202	04.08.2025 06:39:21	20,27	0,03	0,04	0,06	1482,62
203	04.08.2025 06:39:22	20,27	0,03	0,04	0,06	1482,62
204	04.08.2025 06:39:23	20,27	0,05	0,04	0,06	1482,62
205	04.08.2025 06:39:24	20,24	0,03	0,04	0,06	1482,52
206	04.08.2025 06:39:25	20,24	0,03	0,04	0,06	1482,52
207	04.08.2025 06:39:26	20,24	0,05	0,04	0,06	1482,53
208	04.08.2025 06:39:27	20,24	0,03	0,04	0,06	1482,52
209	04.08.2025 06:39:28	20,12	-0,17	25,78	36,51	1511,31
210	04.08.2025 06:39:29	19,71	-0,01	26,02	36,50	1510,44
211	04.08.2025 06:39:30	19,35	0,06	26,19	36,44	1509,62
212	04.08.2025 06:39:31	19,14	0,10	26,30	36,41	1509,14
213	04.08.2025 06:39:32	18,97	0,08	26,35	36,33	1508,68
214	04.08.2025 06:39:33	18,82	0,10	26,42	36,30	1508,33
215	04.08.2025 06:39:34	18,70	0,10	26,51	36,32	1508,08
216	04.08.2025 06:39:35	18,61	0,10	26,57	36,32	1507,88
217	04.08.2025 06:39:36	18,52	0,08	26,62	36,32	1507,68
218	04.08.2025 06:39:37	18,46	0,10	26,66	36,31	1507,55
219	04.08.2025 06:39:38	18,40	0,10	26,70	36,31	1507,41
220	04.08.2025 06:39:39	18,34	0,10	26,74	36,31	1507,28
221	04.08.2025 06:39:40	18,31	0,08	26,75	36,31	1507,21
222	04.08.2025 06:39:41	18,28	0,08	26,77	36,31	1507,14
223	04.08.2025 06:39:42	18,22	0,08	26,81	36,31	1507,01
224	04.08.2025 06:39:43	18,19	0,08	26,83	36,31	1506,94
225	04.08.2025 06:39:44	18,16	0,08	26,85	36,31	1506,87
226	04.08.2025 06:39:45	18,13	0,08	26,87	36,30	1506,81
227	04.08.2025 06:39:46	18,10	0,08	26,91	36,33	1506,76
228	04.08.2025 06:39:47	18,07	0,06	26,90	36,30	1506,67
229	04.08.2025 06:39:48	18,04	0,06	26,92	36,30	1506,60
230	04.08.2025 06:39:49	18,01	0,06	26,94	36,30	1506,53
231	04.08.2025 06:39:50	17,98	0,05	26,96	36,30	1506,46
232	04.08.2025 06:39:51	17,95	0,05	26,98	36,30	1506,40
233	04.08.2025 06:39:52	17,95	0,06	26,98	36,30	1506,40
234	04.08.2025 06:39:53	17,92	0,06	27,00	36,30	1506,33
235	04.08.2025 06:39:54	17,89	0,06	27,02	36,30	1506,26
236	04.08.2025 06:39:55	17,86	0,06	27,04	36,30	1506,19
237	04.08.2025 06:39:56	17,83	0,05	27,06	36,30	1506,12
238	04.08.2025 06:39:57	17,83	0,05	27,06	36,30	1506,12
239	04.08.2025 06:39:58	17,80	0,05	27,10	36,32	1506,08
240	04.08.2025 06:39:59	17,77	0,05	27,11	36,32	1506,01
241	04.08.2025 06:40:00	17,77	0,05	27,11	36,32	1506,01
242	04.08.2025 06:40:01	17,74	0,05	27,13	36,32	1505,94
243	04.08.2025 06:40:02	17,74	0,05	27,13	36,32	1505,94
244	04.08.2025 06:40:03	17,71	0,05	27,15	36,32	1505,87
245	04.08.2025 06:40:04	17,68	0,05	27,17	36,32	1505,81
246	04.08.2025 06:40:05	17,68	0,05	27,17	36,32	1505,81
247	04.08.2025 06:40:06	17,68	0,05	27,17	36,32	1505,81
248	04.08.2025 06:40:07	17,65	0,06	27,19	36,32	1505,74
249	04.08.2025 06:40:08	17,65	0,05	27,19	36,32	1505,74
250	04.08.2025 06:40:09	17,62	0,05	27,21	36,31	1505,67
251	04.08.2025 06:40:10	17,62	0,05	27,21	36,31	1505,67
252	04.08.2025 06:40:11	17,59	0,03	27,23	36,31	1505,60
253	04.08.2025 06:40:12	17,59	0,03	27,23	36,31	1505,60
254	04.08.2025 06:40:13	17,59	0,03	27,23	36,31	1505,60
255	04.08.2025 06:40:14	17,56	0,03	27,25	36,31	1505,53
256	04.08.2025 06:40:15	17,56	0,03	27,25	36,31	1505,53
257	04.08.2025 06:40:16	17,53	0,03	27,27	36,31	1505,46
258	04.08.2025 06:40:17	17,53	0,03	27,27	36,31	1505,46
259	04.08.2025 06:40:18	17,53	0,03	27,27	36,31	1505,46
260	04.08.2025 06:40:19	17,50	0,03	27,29	36,31	1505,39
261	04.08.2025 06:40:20	17,50	0,05	27,29	36,31	1505,40
262	04.08.2025 06:40:21	17,50	0,05	27,29	36,31	1505,40
263	04.08.2025 06:40:22	17,47	0,05	27,33	36,33	1505,35
264	04.08.2025 06:40:23	17,47	0,06	27,31	36,31	1505,33
265	04.08.2025 06:40:24	17,47	0,08	27,31	36,31	1505,33
266	04.08.2025 06:40:25	17,44	0,08	27,33	36,31	1505,27
267	04.08.2025 06:40:26	17,44	0,10	27,33	36,31	1505,27
268	04.08.2025 06:40:27	17,44	0,10	27,33	36,31	1505,27
269	04.08.2025 06:40:28	17,44	0,16	27,35	36,33	1505,30
270	04.08.2025 06:40:29	17,41	0,12	27,35	36,31	1505,20
271	04.08.2025 06:40:30	17,41	0,12	27,35	36,31	1505,20
272	04.08.2025 06:40:31	17,41	0,17	27,37	36,33	1505,23
273	04.08.2025 06:40:32	17,38	0,17	27,39	36,33	1505,17
274	04.08.2025 06:40:33	17,38	0,17	27,39	36,33	1505,17
275	04.08.2025 06:40:34	17,38	0,17	27,37	36,31	1505,14
276	04.08.2025 06:40:35	17,38	0,19	27,37	36,31	1505,14
277	04.08.2025 06:40:36	17,38	0,21	27,39	36,33	1505,17
278	04.08.2025 06:40:37	17,38	0,21	27,39	36,33	1505,17
279	04.08.2025 06:40:38	17,35	0,25	27,41	36,33	1505,11
280	04.08.2025 06:40:39	17,35	0,26	27,41	36,33	1505,11
281	04.08.2025 06:40:40	17,35	0,26	27,38	36,31	1505,09
282	04.08.2025 06:40:41	17,35	0,28	27,38	36,31	1505,09
283	04.08.2025 06:40:42	17,35	0,30	27,41	36,33	1505,12
284	04.08.2025 06:40:43	17,32	0,32	27,40	36,31	1505,03
285	04.08.2025 06:40:44	17,32	0,32	27,40	36,31	1505,03
286	04.08.2025 06:40:45	17,32	0,34	27,42	36,33	1505,05
287	04.08.2025 06:40:46	17,32	0,35	27,42	36,33	1505,06
288	04.08.2025 06:40:47	17,32	0,39	27,42	36,33	1505,06
289	04.08.2025 06:40:48	17,32	0,37	27,42	36,33	1505,06
290	04.08.2025 06:40:49	17,29	0,41	27,44	36,33	1505,00
291	04.08.2025 06:40:50	17,29	0,43	27,44	36,33	1505,00
292	04.08.2025 06:40:51	17,29	0,46	27,44	36,33	1505,01
293	04.08.2025 06:40:52	17,29	0,46	27,44	36,33	1505,01
294	04.08.2025 06:40:53	17,29	0,48	27,44	36,33	1505,01
295	04.08.2025 06:40:54	17,29	0,50	27,44	36,33	1505,01
296	04.08.2025 06:40:55	17,29	0,52	27,44	36,33	1505,01
297	04.08.2025 06:40:56	17,29	0,54	27,42	36,30	1504,99
298	04.08.2025 06:40:57	17,23	0,50	27,48	36,33	1504,87
299	04.08.2025 06:40:58	17,11	0,54	27,35	36,08	1504,36
300	04.08.2025 06:40:59	16,93	0,60	27,33	35,90	1503,79
301	04.08.2025 06:41:00	16,72	0,64	27,36	35,77	1503,18
302	04.08.2025 06:41:01	16,60	0,69	27,32	35,62	1502,76
303	04.08.2025 06:41:02	16,42	0,71	27,23	35,37	1502,09
304	04.08.2025 06:41:03	16,27	0,75	27,14	35,15	1501,52
305	04.08.2025 06:41:04	16,11	0,79	27,13	35,02	1501,04
306	04.08.2025 06:41:05	15,93	0,78	27,12	34,87	1500,46
307	04.08.2025 06:41:06	15,75	0,82	27,31	34,93	1500,10
308	04.08.2025 06:41:07	15,60	0,86	27,37	34,88	1499,69
309	04.08.2025 06:41:08	15,47	0,87	27,47	34,90	1499,42
310	04.08.2025 06:41:09	15,38	0,92	27,58	34,95	1499,26
311	04.08.2025 06:41:10	15,29	0,91	27,62	34,92	1499,01
312	04.08.2025 06:41:11	15,23	0,91	27,53	34,77	1498,71
313	04.08.2025 06:41:12	15,14	0,94	27,55	34,72	1498,44
314	04.08.2025 06:41:13	15,04	0,95	27,61	34,72	1498,22
315	04.08.2025 06:41:14	14,95	0,94	27,76	34,81	1498,10
316	04.08.2025 06:41:15	14,92	0,94	27,80	34,84	1498,05
317	04.08.2025 06:41:16	14,89	0,94	27,65	34,64	1497,77
318	04.08.2025 06:41:17	14,83	0,93	27,58	34,52	1497,49
319	04.08.2025 06:41:18	14,74	0,95	27,60	34,46	1497,21
320	04.08.2025 06:41:19	14,67	0,96	27,60	34,41	1497,01
321	04.08.2025 06:41:20	14,58	0,99	27,62	34,36	1496,74
322	04.08.2025 06:41:21	14,52	1,00	27,64	34,34	1496,56
323	04.08.2025 06:41:22	14,46	1,02	27,66	34,31	1496,39
324	04.08.2025 06:41:23	14,40	1,03	27,68	34,28	1496,21
325	04.08.2025 06:41:24	14,33	1,06	27,72	34,28	1496,06
326	04.08.2025 06:41:25	14,27	1,07	27,77	34,28	1495,91
327	04.08.2025 06:41:26	14,24	1,09	27,79	34,28	1495,84
328	04.08.2025 06:41:27	14,21	1,11	27,83	34,30	1495,79
329	04.08.2025 06:41:28	14,18	1,14	27,88	34,33	1495,74
330	04.08.2025 06:41:29	14,12	1,15	27,94	34,35	1495,62
331	04.08.2025 06:41:30	14,09	1,19	28,03	34,42	1495,63
332	04.08.2025 06:41:31	14,09	1,20	28,03	34,42	1495,63
333	04.08.2025 06:41:32	14,06	1,22	28,10	34,47	1495,61
334	04.08.2025 06:41:33	14,02	1,22	28,12	34,47	1495,53
335	04.08.2025 06:41:34	13,99	1,23	28,16	34,49	1495,48
336	04.08.2025 06:41:35	13,99	1,23	28,16	34,49	1495,48
337	04.08.2025 06:41:36	13,96	1,21	28,18	34,49	1495,40
338	04.08.2025 06:41:37	13,93	1,23	28,21	34,49	1495,33
339	04.08.2025 06:41:38	13,90	1,24	28,23	34,49	1495,25
340	04.08.2025 06:41:39	13,87	1,24	28,25	34,49	1495,18
341	04.08.2025 06:41:40	13,87	1,24	28,25	34,49	1495,18
342	04.08.2025 06:41:41	13,84	1,26	28,27	34,49	1495,10
343	04.08.2025 06:41:42	13,81	1,24	28,29	34,49	1495,02
344	04.08.2025 06:41:43	13,81	1,22	28,29	34,49	1495,02
345	04.08.2025 06:41:44	13,77	1,20	28,32	34,49	1494,94
346	04.08.2025 06:41:45	13,77	1,22	28,32	34,49	1494,94
347	04.08.2025 06:41:46	13,77	1,24	28,32	34,49	1494,94
348	04.08.2025 06:41:47	13,74	1,23	28,34	34,49	1494,87
349	04.08.2025 06:41:48	13,71	1,25	28,34	34,46	1494,77
350	04.08.2025 06:41:49	13,71	1,29	28,27	34,39	1494,69
351	04.08.2025 06:41:50	13,68	1,30	28,20	34,29	1494,51
352	04.08.2025 06:41:51	13,62	1,30	28,07	34,09	1494,14
353	04.08.2025 06:41:52	13,56	1,31	28,00	33,97	1493,85
354	04.08.2025 06:41:53	13,46	1,34	27,80	33,67	1493,29
355	04.08.2025 06:41:54	13,34	1,37	28,02	33,81	1493,14
356	04.08.2025 06:41:55	13,27	1,38	28,27	34,03	1493,23
357	04.08.2025 06:41:56	13,24	1,38	28,54	34,30	1493,45
358	04.08.2025 06:41:57	13,27	1,34	28,63	34,42	1493,66
359	04.08.2025 06:41:58	13,34	1,33	28,61	34,45	1493,84
360	04.08.2025 06:41:59	13,37	1,31	28,59	34,45	1493,92
361	04.08.2025 06:42:00	13,40	1,30	28,59	34,48	1494,02
362	04.08.2025 06:42:01	13,43	1,30	28,56	34,48	1494,10
363	04.08.2025 06:42:02	13,43	1,28	28,56	34,48	1494,10
364	04.08.2025 06:42:03	13,43	1,28	28,56	34,48	1494,10
365	04.08.2025 06:42:04	13,43	1,30	28,56	34,48	1494,10
366	04.08.2025 06:42:05	13,43	1,28	28,56	34,48	1494,10
367	04.08.2025 06:42:06	13,43	1,28	28,56	34,48	1494,10
368	04.08.2025 06:42:07	13,43	1,30	28,56	34,48	1494,10
369	04.08.2025 06:42:08	13,40	1,30	28,59	34,48	1494,02
370	04.08.2025 06:42:09	13,40	1,30	28,59	34,48	1494,02
371	04.08.2025 06:42:10	13,40	1,30	28,56	34,45	1494,00
372	04.08.2025 06:42:11	13,37	1,30	28,43	34,28	1493,73
373	04.08.2025 06:42:12	13,34	1,29	28,45	34,28	1493,65
374	04.08.2025 06:42:13	13,31	1,31	28,52	34,33	1493,63
375	04.08.2025 06:42:14	13,27	1,34	28,61	34,40	1493,64
376	04.08.2025 06:42:15	13,27	1,33	28,61	34,40	1493,63
377	04.08.2025 06:42:16	13,27	1,33	28,56	34,35	1493,58
378	04.08.2025 06:42:17	13,27	1,33	28,52	34,30	1493,52
379	04.08.2025 06:42:18	13,24	1,34	28,50	34,25	1493,39
380	04.08.2025 06:42:19	13,24	1,32	28,38	34,13	1493,25
381	04.08.2025 06:42:20	13,18	1,34	28,36	34,05	1493,02
382	04.08.2025 06:42:21	13,15	1,35	28,22	33,88	1492,75
383	04.08.2025 06:42:22	13,09	1,35	28,29	33,90	1492,62
384	04.08.2025 06:42:23	13,02	1,38	28,36	33,93	1492,49
385	04.08.2025 06:42:24	12,99	1,38	28,41	33,95	1492,44
386	04.08.2025 06:42:25	12,96	1,37	28,29	33,80	1492,19
387	04.08.2025 06:42:26	12,93	1,37	28,22	33,70	1492,00
388	04.08.2025 06:42:27	12,87	1,40	28,13	33,56	1491,68
389	04.08.2025 06:42:28	12,80	1,40	28,06	33,43	1491,38
390	04.08.2025 06:42:29	12,74	1,41	28,06	33,38	1491,17
391	04.08.2025 06:42:30	12,68	1,44	28,09	33,35	1490,99
392	04.08.2025 06:42:31	12,61	1,44	28,11	33,33	1490,80
393	04.08.2025 06:42:32	12,55	1,45	28,13	33,30	1490,61
394	04.08.2025 06:42:33	12,52	1,45	28,15	33,30	1490,53
395	04.08.2025 06:42:34	12,49	1,48	28,18	33,30	1490,45
396	04.08.2025 06:42:35	12,45	1,48	28,20	33,30	1490,37
397	04.08.2025 06:42:36	12,42	1,50	28,22	33,30	1490,29
398	04.08.2025 06:42:37	12,39	1,50	28,25	33,30	1490,21
399	04.08.2025 06:42:38	12,39	1,51	28,22	33,27	1490,18
400	04.08.2025 06:42:39	12,36	1,51	28,25	33,27	1490,10
401	04.08.2025 06:42:40	12,33	1,53	28,27	33,27	1490,02
402	04.08.2025 06:42:41	12,33	1,54	28,27	33,27	1490,02
403	04.08.2025 06:42:42	12,30	1,54	28,29	33,27	1489,94
404	04.08.2025 06:42:43	12,30	1,56	28,45	33,44	1490,14
405	04.08.2025 06:42:44	12,26	1,58	28,52	33,49	1490,12
406	04.08.2025 06:42:45	12,30	1,58	28,52	33,52	1490,23
407	04.08.2025 06:42:46	12,30	1,58	28,52	33,52	1490,23
408	04.08.2025 06:42:47	12,26	1,59	28,55	33,52	1490,15
409	04.08.2025 06:42:48	12,26	1,61	28,55	33,52	1490,15
410	04.08.2025 06:42:49	12,26	1,61	28,50	33,47	1490,09
411	04.08.2025 06:42:50	12,23	1,65	28,50	33,44	1489,99
412	04.08.2025 06:42:51	12,23	1,63	28,39	33,32	1489,85
413	04.08.2025 06:42:52	12,20	1,66	28,34	33,24	1489,69
414	04.08.2025 06:42:53	12,14	1,67	28,32	33,17	1489,44
415	04.08.2025 06:42:54	12,07	1,65	27,99	32,78	1488,82
416	04.08.2025 06:42:55	11,98	1,68	27,81	32,50	1488,26
417	04.08.2025 06:42:56	11,82	1,72	27,87	32,45	1487,79
418	04.08.2025 06:42:57	11,72	1,77	27,97	32,47	1487,58
419	04.08.2025 06:42:58	11,63	1,76	28,08	32,52	1487,38
420	04.08.2025 06:42:59	11,56	1,80	28,13	32,52	1487,22
421	04.08.2025 06:43:00	11,53	1,81	28,11	32,47	1487,08
422	04.08.2025 06:43:01	11,46	1,82	27,99	32,30	1486,71
423	04.08.2025 06:43:02	11,40	1,80	27,45	31,68	1485,81
424	04.08.2025 06:43:03	11,21	1,82	27,50	31,58	1485,19
425	04.08.2025 06:43:04	11,05	1,88	27,59	31,55	1484,73
426	04.08.2025 06:43:05	10,92	1,89	27,66	31,52	1484,36
427	04.08.2025 06:43:06	10,82	1,94	27,71	31,50	1484,07
428	04.08.2025 06:43:07	10,75	1,95	27,75	31,49	1483,90
429	04.08.2025 06:43:08	10,69	1,97	27,80	31,49	1483,72
430	04.08.2025 06:43:09	10,66	2,00	27,80	31,47	1483,61
431	04.08.2025 06:43:10	10,62	2,02	27,83	31,47	1483,53
432	04.08.2025 06:43:11	10,56	2,01	27,85	31,44	1483,32
433	04.08.2025 06:43:12	10,53	2,03	27,87	31,44	1483,23
434	04.08.2025 06:43:13	10,49	2,06	27,90	31,44	1483,15
435	04.08.2025 06:43:14	10,46	2,08	27,95	31,46	1483,09
436	04.08.2025 06:43:15	10,43	2,09	27,97	31,46	1483,01
437	04.08.2025 06:43:16	10,40	2,13	28,00	31,46	1482,92
438	04.08.2025 06:43:17	10,36	2,12	28,02	31,46	1482,84
439	04.08.2025 06:43:18	10,33	2,14	28,04	31,46	1482,75
440	04.08.2025 06:43:19	10,30	2,15	28,07	31,46	1482,66
441	04.08.2025 06:43:20	10,30	2,15	28,07	31,46	1482,66
442	04.08.2025 06:43:21	10,26	2,19	28,24	31,61	1482,76
443	04.08.2025 06:43:22	10,26	2,21	28,38	31,75	1482,94
444	04.08.2025 06:43:23	10,26	2,22	28,53	31,90	1483,12
445	04.08.2025 06:43:24	10,30	2,23	28,60	32,00	1483,33
446	04.08.2025 06:43:25	10,33	2,26	28,63	32,05	1483,49
447	04.08.2025 06:43:26	10,33	2,28	28,72	32,15	1483,61
448	04.08.2025 06:43:27	10,36	2,28	28,75	32,20	1483,76
449	04.08.2025 06:43:28	10,36	2,30	28,77	32,22	1483,79
450	04.08.2025 06:43:29	10,36	2,32	28,87	32,32	1483,91
451	04.08.2025 06:43:30	10,36	2,32	28,75	32,20	1483,76
452	04.08.2025 06:43:31	10,36	2,32	28,50	31,95	1483,46
453	04.08.2025 06:43:32	10,26	2,37	28,43	31,80	1483,03
454	04.08.2025 06:43:33	10,20	2,38	28,22	31,53	1482,52
455	04.08.2025 06:43:34	10,07	2,41	27,97	31,19	1481,75
456	04.08.2025 06:43:35	9,90	2,43	27,83	30,91	1480,97
457	04.08.2025 06:43:36	9,70	2,45	27,81	30,74	1480,21
458	04.08.2025 06:43:37	9,54	2,50	27,76	30,56	1479,55
459	04.08.2025 06:43:38	9,41	2,52	27,69	30,39	1478,96
460	04.08.2025 06:43:39	9,24	2,58	27,71	30,29	1478,39
461	04.08.2025 06:43:40	9,11	2,61	27,79	30,26	1477,98
462	04.08.2025 06:43:41	8,97	2,63	27,79	30,16	1477,49
463	04.08.2025 06:43:42	8,87	2,65	27,74	30,03	1477,05
464	04.08.2025 06:43:43	8,77	2,69	27,74	29,96	1476,68
465	04.08.2025 06:43:44	8,64	2,72	27,82	29,93	1476,27
466	04.08.2025 06:43:45	8,57	2,75	27,82	29,88	1476,02
467	04.08.2025 06:43:46	8,47	2,76	27,90	29,88	1475,73
468	04.08.2025 06:43:47	8,40	2,79	27,90	29,83	1475,48
469	04.08.2025 06:43:48	8,33	2,80	27,90	29,78	1475,23
470	04.08.2025 06:43:49	8,23	2,83	27,93	29,73	1474,88
471	04.08.2025 06:43:50	8,16	2,85	27,93	29,68	1474,62
472	04.08.2025 06:43:51	8,06	2,87	27,96	29,63	1474,27
473	04.08.2025 06:43:52	7,99	2,89	27,96	29,58	1474,01
474	04.08.2025 06:43:53	7,93	2,94	27,97	29,53	1473,76
475	04.08.2025 06:43:54	7,86	2,95	27,99	29,50	1473,53
476	04.08.2025 06:43:55	7,79	2,96	28,02	29,48	1473,30
477	04.08.2025 06:43:56	7,72	2,99	28,08	29,48	1473,11
478	04.08.2025 06:43:57	7,65	3,02	28,13	29,48	1472,92
479	04.08.2025 06:43:58	7,58	3,04	28,21	29,50	1472,75
480	04.08.2025 06:43:59	7,55	3,05	28,19	29,45	1472,59
481	04.08.2025 06:44:00	7,51	3,09	28,21	29,45	1472,50
482	04.08.2025 06:44:01	7,45	3,10	28,27	29,45	1472,30
483	04.08.2025 06:44:02	7,41	3,13	28,30	29,45	1472,20
484	04.08.2025 06:44:03	7,34	3,15	28,30	29,40	1471,94
485	04.08.2025 06:44:04	7,27	3,16	28,28	29,32	1471,64
486	04.08.2025 06:44:05	7,20	3,19	28,23	29,22	1471,31
487	04.08.2025 06:44:06	7,14	3,22	28,23	29,17	1471,05
488	04.08.2025 06:44:07	7,03	3,25	28,42	29,27	1470,89
489	04.08.2025 06:44:08	6,96	3,26	28,55	29,34	1470,78
490	04.08.2025 06:44:09	6,93	3,28	28,48	29,25	1470,55
491	04.08.2025 06:44:10	6,89	3,31	28,35	29,10	1470,25
492	04.08.2025 06:44:11	6,79	3,32	28,22	28,90	1469,68
493	04.08.2025 06:44:12	6,65	3,37	28,25	28,82	1469,17
494	04.08.2025 06:44:13	6,54	3,39	28,29	28,77	1468,80
495	04.08.2025 06:44:14	6,40	3,42	28,24	28,62	1468,18
496	04.08.2025 06:44:15	6,30	3,45	28,30	28,60	1467,84
497	04.08.2025 06:44:16	6,19	3,46	28,36	28,57	1467,49
498	04.08.2025 06:44:17	6,09	3,49	28,45	28,57	1467,18
499	04.08.2025 06:44:18	6,02	3,48	28,48	28,55	1466,94
500	04.08.2025 06:44:19	5,94	3,49	28,54	28,55	1466,73
501	04.08.2025 06:44:20	5,87	3,51	28,54	28,50	1466,45
502	04.08.2025 06:44:21	5,84	3,52	28,57	28,50	1466,35
503	04.08.2025 06:44:22	5,77	3,52	28,61	28,47	1466,10
504	04.08.2025 06:44:23	5,73	3,53	28,64	28,47	1465,99
505	04.08.2025 06:44:24	5,66	3,55	28,59	28,37	1465,64
506	04.08.2025 06:44:25	5,59	3,54	28,59	28,32	1465,36
507	04.08.2025 06:44:26	5,48	3,55	28,65	28,30	1465,00
508	04.08.2025 06:44:27	5,41	3,58	28,69	28,27	1464,75
509	04.08.2025 06:44:28	5,34	3,59	28,72	28,25	1464,50
510	04.08.2025 06:44:29	5,27	3,61	28,78	28,25	1464,29
511	04.08.2025 06:44:30	5,23	3,62	28,81	28,25	1464,18
512	04.08.2025 06:44:31	5,19	3,64	28,82	28,22	1464,04
513	04.08.2025 06:44:32	5,12	3,65	28,88	28,22	1463,83
514	04.08.2025 06:44:33	5,09	3,67	28,88	28,20	1463,68
515	04.08.2025 06:44:34	5,05	3,68	28,86	28,15	1463,51
516	04.08.2025 06:44:35	5,01	3,70	28,89	28,15	1463,40
517	04.08.2025 06:44:36	4,94	3,73	28,92	28,12	1463,15
518	04.08.2025 06:44:37	4,91	3,74	28,95	28,13	1463,04
519	04.08.2025 06:44:38	4,83	3,76	29,02	28,12	1462,82
520	04.08.2025 06:44:39	4,80	3,79	29,05	28,13	1462,72
521	04.08.2025 06:44:40	4,76	3,80	29,05	28,10	1462,57
522	04.08.2025 06:44:41	4,72	3,84	29,08	28,10	1462,47
523	04.08.2025 06:44:42	4,69	3,85	29,12	28,10	1462,36
524	04.08.2025 06:44:43	4,65	3,87	29,12	28,08	1462,22
525	04.08.2025 06:44:44	4,65	3,92	29,12	28,08	1462,23
526	04.08.2025 06:44:45	4,61	3,90	29,12	28,05	1462,08
527	04.08.2025 06:44:46	4,58	3,93	29,15	28,05	1461,97
528	04.08.2025 06:44:47	4,54	3,97	29,19	28,05	1461,86
529	04.08.2025 06:44:48	4,51	4,00	29,22	28,05	1461,76
530	04.08.2025 06:44:49	4,47	4,00	29,25	28,05	1461,65
531	04.08.2025 06:44:50	4,47	4,03	29,22	28,03	1461,61
532	04.08.2025 06:44:51	4,43	4,05	29,26	28,03	1461,51
533	04.08.2025 06:44:52	4,40	4,08	29,29	28,03	1461,40
534	04.08.2025 06:44:53	4,36	4,10	29,32	28,03	1461,29
535	04.08.2025 06:44:54	4,36	4,12	29,32	28,03	1461,29
536	04.08.2025 06:44:55	4,32	4,13	29,30	27,98	1461,11
537	04.08.2025 06:44:56	4,29	4,15	29,36	28,00	1461,04
538	04.08.2025 06:44:57	4,29	4,15	29,36	28,00	1461,04
539	04.08.2025 06:44:58	4,25	4,16	29,36	27,98	1460,89
540	04.08.2025 06:44:59	4,21	4,18	29,39	27,98	1460,78
541	04.08.2025 06:45:00	4,21	4,19	29,39	27,98	1460,78
542	04.08.2025 06:45:01	4,18	4,19	29,43	27,98	1460,67
543	04.08.2025 06:45:02	4,14	4,21	29,46	27,98	1460,56
544	04.08.2025 06:45:03	4,14	4,21	29,49	28,00	1460,60
545	04.08.2025 06:45:04	4,10	4,20	29,49	27,98	1460,45
546	04.08.2025 06:45:05	4,10	4,22	29,49	27,98	1460,45
547	04.08.2025 06:45:06	4,10	4,22	29,49	27,98	1460,45
548	04.08.2025 06:45:07	4,10	4,22	29,49	27,98	1460,45
549	04.08.2025 06:45:08	4,06	4,24	29,53	27,98	1460,34
550	04.08.2025 06:45:09	4,06	4,24	29,53	27,98	1460,34
551	04.08.2025 06:45:10	4,06	4,26	29,53	27,98	1460,34
552	04.08.2025 06:45:11	4,03	4,24	29,56	27,98	1460,23
553	04.08.2025 06:45:12	4,03	4,24	29,59	28,00	1460,27
554	04.08.2025 06:45:13	4,03	4,24	29,56	27,98	1460,23
555	04.08.2025 06:45:14	3,99	4,25	29,59	27,98	1460,12
556	04.08.2025 06:45:15	3,99	4,23	29,59	27,98	1460,11
557	04.08.2025 06:45:16	3,99	4,23	29,62	28,00	1460,15
558	04.08.2025 06:45:17	3,95	4,23	29,66	28,00	1460,04
559	04.08.2025 06:45:18	3,95	4,25	29,63	27,98	1460,00
560	04.08.2025 06:45:19	3,95	4,23	29,66	28,00	1460,04
561	04.08.2025 06:45:20	3,92	4,23	29,66	27,98	1459,89
562	04.08.2025 06:45:21	3,92	4,24	29,66	27,98	1459,89
563	04.08.2025 06:45:22	3,92	4,23	29,69	28,00	1459,93
564	04.08.2025 06:45:23	3,92	4,24	29,69	28,00	1459,93
565	04.08.2025 06:45:24	3,88	4,24	29,72	28,00	1459,81
566	04.08.2025 06:45:25	3,88	4,24	29,72	28,00	1459,81
567	04.08.2025 06:45:26	3,88	4,22	29,69	27,98	1459,77
568	04.08.2025 06:45:27	3,88	4,22	29,72	28,00	1459,81
569	04.08.2025 06:45:28	3,84	4,22	29,76	28,00	1459,70
570	04.08.2025 06:45:29	3,84	4,20	29,76	28,00	1459,70
571	04.08.2025 06:45:30	3,84	4,20	29,76	28,00	1459,70
572	04.08.2025 06:45:31	3,84	4,20	29,76	28,00	1459,70
573	04.08.2025 06:45:32	3,84	4,22	29,76	28,00	1459,70
574	04.08.2025 06:45:33	3,84	4,22	29,76	28,00	1459,70
575	04.08.2025 06:45:34	3,81	4,22	29,79	28,00	1459,58
576	04.08.2025 06:45:35	3,81	4,22	29,79	28,00	1459,58
577	04.08.2025 06:45:36	3,81	4,22	29,79	28,00	1459,58
578	04.08.2025 06:45:37	3,81	4,22	29,79	28,00	1459,58
579	04.08.2025 06:45:38	3,81	4,24	29,79	28,00	1459,59
580	04.08.2025 06:45:39	3,81	4,22	29,79	28,00	1459,58
581	04.08.2025 06:45:40	3,77	4,20	29,83	28,00	1459,47
582	04.08.2025 06:45:41	3,77	4,22	29,83	28,00	1459,47
583	04.08.2025 06:45:42	3,77	4,22	29,83	28,00	1459,47
584	04.08.2025 06:45:43	3,77	4,23	29,83	28,00	1459,47
585	04.08.2025 06:45:44	3,77	4,20	29,83	28,00	1459,47
586	04.08.2025 06:45:45	3,77	4,20	29,83	28,00	1459,47
587	04.08.2025 06:45:46	3,77	4,20	29,83	28,00	1459,47
588	04.08.2025 06:45:47	3,73	4,21	29,86	28,00	1459,36
589	04.08.2025 06:45:48	3,73	4,20	29,86	28,00	1459,35
590	04.08.2025 06:45:49	3,73	4,21	29,86	28,00	1459,36
591	04.08.2025 06:45:50	3,73	4,21	29,86	28,00	1459,36
592	04.08.2025 06:45:51	3,73	4,21	29,86	28,00	1459,36
593	04.08.2025 06:45:52	3,73	4,20	29,86	28,00	1459,35
594	04.08.2025 06:45:53	3,73	4,21	29,86	28,00	1459,36
595	04.08.2025 06:45:54	3,73	4,20	29,86	28,00	1459,35
596	04.08.2025 06:45:55	3,73	4,20	29,86	28,00	1459,35
597	04.08.2025 06:45:56	3,69	4,19	29,89	28,00	1459,24
598	04.08.2025 06:45:57	3,69	4,19	29,89	28,00	1459,24
599	04.08.2025 06:45:58	3,69	4,19	29,89	28,00	1459,24
600	04.08.2025 06:45:59	3,69	4,19	29,89	28,00	1459,24
601	04.08.2025 06:46:00	3,69	4,19	29,89	28,00	1459,24
602	04.08.2025 06:46:01	3,69	4,19	29,89	28,00	1459,24
603	04.08.2025 06:46:02	3,69	4,19	29,89	28,00	1459,24
604	04.08.2025 06:46:03	3,69	4,19	29,89	28,00	1459,24
605	04.08.2025 06:46:04	3,69	4,19	29,89	28,00	1459,24
606	04.08.2025 06:46:05	3,69	4,19	29,89	28,00	1459,24
607	04.08.2025 06:46:06	3,69	4,21	29,89	28,00	1459,24
608	04.08.2025 06:46:07	3,66	4,19	29,93	28,01	1459,13
609	04.08.2025 06:46:08	3,66	4,19	29,93	28,01	1459,13
610	04.08.2025 06:46:09	3,66	4,19	29,93	28,01	1459,13
611	04.08.2025 06:46:10	3,66	4,21	29,90	27,98	1459,09
612	04.08.2025 06:46:11	3,66	4,21	29,90	27,98	1459,09
613	04.08.2025 06:46:12	3,66	4,21	29,93	28,01	1459,13
614	04.08.2025 06:46:13	3,66	4,21	29,93	28,01	1459,13
615	04.08.2025 06:46:14	3,66	4,21	29,93	28,01	1459,13
616	04.08.2025 06:46:15	3,66	4,21	29,93	28,01	1459,13
617	04.08.2025 06:46:16	3,66	4,21	29,90	27,98	1459,09
618	04.08.2025 06:46:17	3,66	4,21	29,93	28,01	1459,13
619	04.08.2025 06:46:18	3,66	4,21	29,93	28,01	1459,13
620	04.08.2025 06:46:19	3,66	4,21	29,93	28,01	1459,13
621	04.08.2025 06:46:20	3,66	4,21	29,93	28,01	1459,13
622	04.08.2025 06:46:21	3,66	4,19	29,93	28,01	1459,13
623	04.08.2025 06:46:22	3,66	4,21	29,93	28,01	1459,13
624	04.08.2025 06:46:23	3,66	4,21	29,93	28,01	1459,13
625	04.08.2025 06:46:24	3,62	4,21	29,96	28,01	1459,01
626	04.08.2025 06:46:25	3,62	4,21	29,96	28,01	1459,01
627	04.08.2025 06:46:26	3,62	4,22	29,96	28,01	1459,02
628	04.08.2025 06:46:27	3,62	4,24	29,96	28,01	1459,02
629	04.08.2025 06:46:28	3,62	4,22	29,96	28,01	1459,02
630	04.08.2025 06:46:29	3,62	4,21	29,96	28,01	1459,01
631	04.08.2025 06:46:30	3,62	4,24	29,96	28,01	1459,02
632	04.08.2025 06:46:31	3,62	4,22	29,96	28,01	1459,02
633	04.08.2025 06:46:32	3,62	4,22	29,93	27,98	1458,98
634	04.08.2025 06:46:33	3,62	4,22	29,96	28,01	1459,02
635	04.08.2025 06:46:34	3,62	4,22	29,96	28,01	1459,02
636	04.08.2025 06:46:35	3,62	4,22	29,96	28,01	1459,02
637	04.08.2025 06:46:36	3,62	4,22	29,96	28,01	1459,02
638	04.08.2025 06:46:37	3,62	4,22	29,96	28,01	1459,02
639	04.08.2025 06:46:38	3,62	4,22	29,96	28,01	1459,02
640	04.08.2025 06:46:39	3,62	4,22	29,96	28,01	1459,02
641	04.08.2025 06:46:40	3,62	4,22	29,96	28,01	1459,02
642	04.08.2025 06:46:41	3,62	4,22	29,96	28,01	1459,02
643	04.08.2025 06:46:42	3,62	4,22	29,96	28,01	1459,02
644	04.08.2025 06:46:43	3,62	4,21	29,96	28,01	1459,01
645	04.08.2025 06:46:44	3,62	4,19	29,96	28,01	1459,01
646	04.08.2025 06:46:45	3,62	4,19	29,96	28,01	1459,01
647	04.08.2025 06:46:46	3,62	4,21	29,96	28,01	1459,01
648	04.08.2025 06:46:47	3,62	4,21	29,96	28,01	1459,01
649	04.08.2025 06:46:48	3,62	4,21	29,96	28,01	1459,01
650	04.08.2025 06:46:49	3,62	4,22	29,96	28,01	1459,02
651	04.08.2025 06:46:50	3,62	4,21	29,96	28,01	1459,01
652	04.08.2025 06:46:51	3,62	4,21	29,96	28,01	1459,01
653	04.08.2025 06:46:52	3,62	4,19	29,96	28,01	1459,01
654	04.08.2025 06:46:53	3,62	4,17	29,96	28,01	1459,01
655	04.08.2025 06:46:54	3,62	4,15	29,96	28,01	1459,01
656	04.08.2025 06:46:55	3,62	4,17	29,96	28,01	1459,01
657	04.08.2025 06:46:56	3,62	4,17	29,96	28,01	1459,01
658	04.08.2025 06:46:57	3,58	4,15	30,00	28,01	1458,89
659	04.08.2025 06:46:58	3,62	4,17	29,96	28,01	1459,01
660	04.08.2025 06:46:59	3,62	4,15	29,96	28,01	1459,01
661	04.08.2025 06:47:00	3,62	4,15	29,99	28,03	1459,04
662	04.08.2025 06:47:01	3,62	4,15	29,96	28,01	1459,01
663	04.08.2025 06:47:02	3,58	4,15	30,00	28,01	1458,89
664	04.08.2025 06:47:03	3,58	4,15	30,00	28,01	1458,89
665	04.08.2025 06:47:04	3,62	4,15	29,96	28,01	1459,01
666	04.08.2025 06:47:05	3,62	4,13	29,96	28,01	1459,00
667	04.08.2025 06:47:06	3,58	4,17	30,00	28,01	1458,89
668	04.08.2025 06:47:07	3,62	4,17	29,96	28,00	1459,01
669	04.08.2025 06:47:08	3,62	4,17	29,96	28,01	1459,01
670	04.08.2025 06:47:09	3,62	4,19	29,96	28,01	1459,01
671	04.08.2025 06:47:10	3,58	4,18	30,00	28,01	1458,90
672	04.08.2025 06:47:11	3,58	4,17	30,00	28,01	1458,89
673	04.08.2025 06:47:12	3,58	4,20	30,00	28,01	1458,90
674	04.08.2025 06:47:13	3,58	4,18	30,00	28,01	1458,90
675	04.08.2025 06:47:14	3,58	4,18	30,00	28,01	1458,90
676	04.08.2025 06:47:15	3,58	4,18	30,00	28,01	1458,90
677	04.08.2025 06:47:16	3,58	4,17	30,00	28,01	1458,89
678	04.08.2025 06:47:17	3,58	4,18	30,00	28,01	1458,90
679	04.08.2025 06:47:18	3,58	4,18	30,00	28,01	1458,90
680	04.08.2025 06:47:19	3,58	4,18	30,00	28,01	1458,90
681	04.08.2025 06:47:20	3,58	4,17	30,00	28,01	1458,89
682	04.08.2025 06:47:21	3,58	4,17	30,00	28,01	1458,89
683	04.08.2025 06:47:22	3,58	4,15	30,03	28,03	1458,93
684	04.08.2025 06:47:23	3,58	4,15	30,00	28,01	1458,89
685	04.08.2025 06:47:24	3,58	4,15	30,00	28,01	1458,89
686	04.08.2025 06:47:25	3,58	4,13	30,00	28,01	1458,89
687	04.08.2025 06:47:26	3,58	4,13	30,03	28,03	1458,93
688	04.08.2025 06:47:27	3,58	4,13	30,03	28,03	1458,93
689	04.08.2025 06:47:28	3,58	4,13	30,03	28,03	1458,93
690	04.08.2025 06:47:29	3,58	4,11	30,00	28,01	1458,89
691	04.08.2025 06:47:30	3,58	4,11	30,00	28,01	1458,89
692	04.08.2025 06:47:31	3,62	4,12	29,96	28,00	1459,00
693	04.08.2025 06:47:32	3,58	4,13	30,00	28,01	1458,89
694	04.08.2025 06:47:33	3,58	4,13	30,00	28,01	1458,89
695	04.08.2025 06:47:34	3,58	4,13	30,00	28,01	1458,89
696	04.08.2025 06:47:35	3,58	4,13	30,00	28,01	1458,89
697	04.08.2025 06:47:36	3,58	4,11	30,03	28,03	1458,92
698	04.08.2025 06:47:37	3,58	4,11	30,00	28,01	1458,89
699	04.08.2025 06:47:38	3,58	4,13	30,00	28,01	1458,89
700	04.08.2025 06:47:39	3,58	4,13	30,00	28,01	1458,89
701	04.08.2025 06:47:40	3,58	4,15	30,00	28,01	1458,89
702	04.08.2025 06:47:41	3,58	4,11	30,00	28,01	1458,89
703	04.08.2025 06:47:42	3,58	4,13	30,00	28,01	1458,89
704	04.08.2025 06:47:43	3,58	4,11	30,00	28,01	1458,89
705	04.08.2025 06:47:44	3,58	4,11	30,00	28,01	1458,89
706	04.08.2025 06:47:45	3,58	4,13	30,00	28,01	1458,89
707	04.08.2025 06:47:46	3,58	4,11	30,00	28,01	1458,89
708	04.08.2025 06:47:47	3,58	4,11	30,00	28,01	1458,89
709	04.08.2025 06:47:48	3,58	4,11	30,00	28,01	1458,89
710	04.08.2025 06:47:49	3,58	4,09	30,00	28,01	1458,88
711	04.08.2025 06:47:50	3,58	4,11	30,00	28,01	1458,89
712	04.08.2025 06:47:51	3,58	4,09	30,00	28,01	1458,88
713	04.08.2025 06:47:52	3,58	4,09	30,00	28,01	1458,88
714	04.08.2025 06:47:53	3,58	4,06	30,00	28,01	1458,88
715	04.08.2025 06:47:54	3,58	4,06	30,03	28,03	1458,92
716	04.08.2025 06:47:55	3,58	4,06	30,00	28,01	1458,88
717	04.08.2025 06:47:56	3,58	4,04	30,03	28,03	1458,91
718	04.08.2025 06:47:57	3,58	4,04	30,03	28,03	1458,91
719	04.08.2025 06:47:58	3,58	4,04	30,03	28,03	1458,91
720	04.08.2025 06:47:59	3,58	4,04	30,03	28,03	1458,91
721	04.08.2025 06:48:00	3,58	4,04	30,03	28,03	1458,91
722	04.08.2025 06:48:01	3,58	4,02	30,03	28,03	1458,91
723	04.08.2025 06:48:02	3,58	4,02	30,00	28,01	1458,87
724	04.08.2025 06:48:03	3,58	4,04	30,03	28,03	1458,91
725	04.08.2025 06:48:04	3,58	4,02	30,03	28,03	1458,91
726	04.08.2025 06:48:05	3,58	4,02	30,03	28,03	1458,91
727	04.08.2025 06:48:06	3,58	4,02	30,03	28,03	1458,91
728	04.08.2025 06:48:07	3,62	4,03	29,99	28,03	1459,02
729	04.08.2025 06:48:08	3,62	4,03	29,99	28,03	1459,02
730	04.08.2025 06:48:09	3,62	4,03	29,99	28,03	1459,02
731	04.08.2025 06:48:10	3,58	4,02	30,00	28,01	1458,87
732	04.08.2025 06:48:11	3,58	4,04	30,03	28,03	1458,91
733	04.08.2025 06:48:12	3,58	4,04	30,00	28,01	1458,87
734	04.08.2025 06:48:13	3,58	4,04	30,03	28,03	1458,91
735	04.08.2025 06:48:14	3,58	4,02	30,00	28,01	1458,87
736	04.08.2025 06:48:15	3,58	4,04	30,00	28,01	1458,87
737	04.08.2025 06:48:16	3,58	4,04	30,03	28,03	1458,91
738	04.08.2025 06:48:17	3,58	4,04	30,00	28,01	1458,87
739	04.08.2025 06:48:18	3,58	4,02	30,00	28,01	1458,87
740	04.08.2025 06:48:19	3,58	4,04	30,03	28,03	1458,91
741	04.08.2025 06:48:20	3,58	4,02	30,00	28,01	1458,87
742	04.08.2025 06:48:21	3,58	4,02	30,00	28,01	1458,87
743	04.08.2025 06:48:22	3,58	4,02	30,03	28,03	1458,91
744	04.08.2025 06:48:23	3,58	4,04	30,03	28,03	1458,91
745	04.08.2025 06:48:24	3,58	4,04	30,00	28,01	1458,87
746	04.08.2025 06:48:25	3,58	4,02	30,03	28,03	1458,91
747	04.08.2025 06:48:26	3,58	4,02	30,00	28,01	1458,87
748	04.08.2025 06:48:27	3,58	4,02	30,03	28,03	1458,91
749	04.08.2025 06:48:28	3,58	4,02	30,00	28,01	1458,87
750	04.08.2025 06:48:29	3,58	4,02	30,03	28,03	1458,91
751	04.08.2025 06:48:30	3,58	4,02	30,00	28,01	1458,87
752	04.08.2025 06:48:31	3,58	4,02	30,00	28,01	1458,87
753	04.08.2025 06:48:32	3,58	4,02	30,00	28,01	1458,87
754	04.08.2025 06:48:33	3,58	4,02	30,03	28,03	1458,91
755	04.08.2025 06:48:34	3,58	4,02	30,00	28,01	1458,87
756	04.08.2025 06:48:35	3,58	4,02	30,00	28,01	1458,87
757	04.08.2025 06:48:36	3,58	4,04	30,00	28,01	1458,87
758	04.08.2025 06:48:37	3,58	4,02	30,00	28,01	1458,87
759	04.08.2025 06:48:38	3,58	4,04	30,03	28,03	1458,91
760	04.08.2025 06:48:39	3,58	4,02	30,00	28,01	1458,87
761	04.08.2025 06:48:40	3,58	4,02	30,03	28,03	1458,91
762	04.08.2025 06:48:41	3,58	4,04	30,00	28,01	1458,87
763	04.08.2025 06:48:42	3,58	4,04	30,03	28,03	1458,91
764	04.08.2025 06:48:43	3,58	4,04	30,03	28,03	1458,91
765	04.08.2025 06:48:44	3,58	4,02	30,00	28,01	1458,87
766	04.08.2025 06:48:45	3,58	4,04	30,00	28,01	1458,87
767	04.08.2025 06:48:46	3,58	4,06	30,00	28,01	1458,88
768	04.08.2025 06:48:47	3,58	4,04	30,00	28,01	1458,87
769	04.08.2025 06:48:48	3,58	4,04	30,00	28,01	1458,87
770	04.08.2025 06:48:49	3,58	4,04	30,03	28,03	1458,91
771	04.08.2025 06:48:50	3,58	4,06	30,03	28,03	1458,92
772	04.08.2025 06:48:51	3,58	4,06	30,03	28,03	1458,92
773	04.08.2025 06:48:52	3,58	4,06	30,00	28,01	1458,88
774	04.08.2025 06:48:53	3,58	4,06	30,03	28,03	1458,92
775	04.08.2025 06:48:54	3,58	4,06	30,00	28,01	1458,88
776	04.08.2025 06:48:55	3,58	4,06	30,03	28,03	1458,92
777	04.08.2025 06:48:56	3,58	4,06	30,00	28,01	1458,88
778	04.08.2025 06:48:57	3,58	4,04	30,03	28,03	1458,91
779	04.08.2025 06:48:58	3,58	4,06	30,00	28,01	1458,88
780	04.08.2025 06:48:59	3,58	4,06	30,03	28,03	1458,92
781	04.08.2025 06:49:00	3,58	4,06	30,03	28,03	1458,92
782	04.08.2025 06:49:01	3,58	4,06	30,03	28,03	1458,92
783	04.08.2025 06:49:02	3,58	4,06	30,00	28,01	1458,88
784	04.08.2025 06:49:03	3,58	4,06	30,00	28,01	1458,88
785	04.08.2025 06:49:04	3,58	4,04	30,03	28,03	1458,91
786	04.08.2025 06:49:05	3,58	4,06	30,03	28,03	1458,92
787	04.08.2025 06:49:06	3,58	4,04	30,00	28,01	1458,87
788	04.08.2025 06:49:07	3,58	4,06	30,00	28,01	1458,88
789	04.08.2025 06:49:08	3,58	4,06	30,00	28,01	1458,88
790	04.08.2025 06:49:09	3,58	4,06	30,00	28,01	1458,88
791	04.08.2025 06:49:10	3,58	4,06	30,00	28,01	1458,88
792	04.08.2025 06:49:11	3,58	4,06	30,00	28,01	1458,88
793	04.08.2025 06:49:12	3,58	4,06	30,00	28,01	1458,88
794	04.08.2025 06:49:13	3,58	4,04	30,00	28,01	1458,87
795	04.08.2025 06:49:14	3,58	4,06	30,00	28,01	1458,88
796	04.08.2025 06:49:15	3,58	4,06	30,00	28,01	1458,88
797	04.08.2025 06:49:16	3,58	4,04	30,00	28,01	1458,87
798	04.08.2025 06:49:17	3,58	4,06	30,03	28,03	1458,92
799	04.08.2025 06:49:18	3,58	4,06	30,00	28,01	1458,88
800	04.08.2025 06:49:19	3,58	4,06	30,00	28,01	1458,88
801	04.08.2025 06:49:20	3,58	4,06	30,00	28,01	1458,88
802	04.08.2025 06:49:21	3,58	4,06	30,00	28,01	1458,88
803	04.08.2025 06:49:22	3,58	4,06	30,00	28,01	1458,88
804	04.08.2025 06:49:23	3,58	4,06	30,00	28,01	1458,88
805	04.08.2025 06:49:24	3,58	4,04	30,00	28,01	1458,87
806	04.08.2025 06:49:25	3,58	4,04	30,00	28,01	1458,87
807	04.08.2025 06:49:26	3,58	4,06	30,00	28,01	1458,88
808	04.08.2025 06:49:27	3,58	4,06	30,00	28,01	1458,88
809	04.08.2025 06:49:28	3,58	4,06	30,00	28,01	1458,88
810	04.08.2025 06:49:29	3,58	4,06	30,00	28,01	1458,88
811	04.08.2025 06:49:30	3,58	4,06	30,00	28,01	1458,88
812	04.08.2025 06:49:31	3,58	4,06	30,00	28,01	1458,88
813	04.08.2025 06:49:32	3,58	4,06	30,00	28,01	1458,88
814	04.08.2025 06:49:33	3,58	4,06	30,00	28,01	1458,88
815	04.08.2025 06:49:34	3,58	4,06	30,03	28,03	1458,92
816	04.08.2025 06:49:35	3,58	4,06	30,00	28,01	1458,88
817	04.08.2025 06:49:36	3,58	4,06	30,00	28,01	1458,88
818	04.08.2025 06:49:37	3,58	4,04	30,00	28,01	1458,87
819	04.08.2025 06:49:38	3,58	4,06	30,03	28,03	1458,92
820	04.08.2025 06:49:39	3,58	4,06	30,03	28,03	1458,92
821	04.08.2025 06:49:40	3,58	4,06	30,00	28,01	1458,88
822	04.08.2025 06:49:41	3,58	4,04	30,00	28,01	1458,87
823	04.08.2025 06:49:42	3,58	4,04	30,00	28,01	1458,87
824	04.08.2025 06:49:43	3,58	4,04	30,00	28,01	1458,87
825	04.08.2025 06:49:44	3,58	4,08	30,00	28,01	1458,88
826	04.08.2025 06:49:45	3,58	4,04	30,03	28,03	1458,91
827	04.08.2025 06:49:46	3,58	4,04	30,00	28,01	1458,87
828	04.08.2025 06:49:47	3,58	4,04	30,00	28,01	1458,87
829	04.08.2025 06:49:48	3,58	4,06	30,00	28,01	1458,88
830	04.08.2025 06:49:49	3,58	4,04	30,00	28,01	1458,87
831	04.08.2025 06:49:50	3,58	4,06	30,00	28,01	1458,88
832	04.08.2025 06:49:51	3,58	4,04	30,03	28,03	1458,91
833	04.08.2025 06:49:52	3,58	4,04	30,00	28,01	1458,87
834	04.08.2025 06:49:53	3,58	4,06	30,00	28,01	1458,88
835	04.08.2025 06:49:54	3,58	4,06	30,00	28,01	1458,88
836	04.08.2025 06:49:55	3,58	4,04	30,00	28,01	1458,87
837	04.08.2025 06:49:56	3,58	4,06	30,00	28,01	1458,88
838	04.08.2025 06:49:57	3,58	4,04	30,00	28,01	1458,87
839	04.08.2025 06:49:58	3,58	4,04	30,03	28,03	1458,91
840	04.08.2025 06:49:59	3,58	4,06	30,00	28,01	1458,88
841	04.08.2025 06:50:00	3,58	4,04	30,00	28,01	1458,87
842	04.08.2025 06:50:01	3,58	4,04	30,03	28,03	1458,91
843	04.08.2025 06:50:02	3,58	4,04	30,00	28,01	1458,87
844	04.08.2025 06:50:03	3,58	4,04	30,00	28,01	1458,87
845	04.08.2025 06:50:04	3,58	4,04	30,00	28,01	1458,87
846	04.08.2025 06:50:05	3,58	4,06	30,00	28,01	1458,88
847	04.08.2025 06:50:06	3,58	4,06	30,00	28,01	1458,88
848	04.08.2025 06:50:07	3,58	4,04	30,00	28,01	1458,87
849	04.08.2025 06:50:08	3,58	4,04	30,03	28,03	1458,91
850	04.08.2025 06:50:09	3,58	4,06	30,00	28,01	1458,88
851	04.08.2025 06:50:10	3,58	4,04	30,00	28,01	1458,87
852	04.08.2025 06:50:11	3,58	4,06	30,00	28,01	1458,88
853	04.08.2025 06:50:12	3,58	4,06	30,00	28,01	1458,88
854	04.08.2025 06:50:13	3,58	4,08	30,00	28,01	1458,88
855	04.08.2025 06:50:14	3,58	4,08	30,00	28,01	1458,88
856	04.08.2025 06:50:15	3,58	4,08	30,00	28,01	1458,88
857	04.08.2025 06:50:16	3,58	4,08	30,00	28,01	1458,88
858	04.08.2025 06:50:17	3,58	4,08	30,00	28,01	1458,88
859	04.08.2025 06:50:18	3,58	4,06	30,00	28,01	1458,88
860	04.08.2025 06:50:19	3,58	4,08	30,03	28,03	1458,92
861	04.08.2025 06:50:20	3,58	4,06	30,00	28,01	1458,88
862	04.08.2025 06:50:21	3,58	4,04	30,00	28,01	1458,87
863	04.08.2025 06:50:22	3,58	4,04	30,00	28,01	1458,87
864	04.08.2025 06:50:23	3,58	4,02	30,03	28,03	1458,91
865	04.08.2025 06:50:24	3,58	3,99	30,00	28,01	1458,87
866	04.08.2025 06:50:25	3,58	3,97	30,03	28,03	1458,90
867	04.08.2025 06:50:26	3,58	3,97	30,03	28,03	1458,90
868	04.08.2025 06:50:27	3,58	3,91	30,06	28,06	1458,93
869	04.08.2025 06:50:28	3,58	3,88	30,06	28,06	1458,93
870	04.08.2025 06:50:29	3,58	3,84	30,03	28,03	1458,88
871	04.08.2025 06:50:30	3,62	3,83	30,05	28,08	1459,07
872	04.08.2025 06:50:31	3,62	3,77	30,05	28,08	1459,06
873	04.08.2025 06:50:32	3,62	3,74	30,05	28,08	1459,06
874	04.08.2025 06:50:33	3,62	3,70	30,08	28,10	1459,09
875	04.08.2025 06:50:34	3,66	3,67	30,08	28,13	1459,23
876	04.08.2025 06:50:35	3,66	3,62	30,11	28,15	1459,26
877	04.08.2025 06:50:36	3,66	3,56	30,11	28,15	1459,26
878	04.08.2025 06:50:37	3,69	3,53	30,07	28,15	1459,36
879	04.08.2025 06:50:38	3,69	3,47	30,10	28,18	1459,39
880	04.08.2025 06:50:39	3,69	3,44	30,16	28,23	1459,46
881	04.08.2025 06:50:40	3,73	3,41	30,24	28,33	1459,72
882	04.08.2025 06:50:41	3,77	3,37	30,29	28,40	1459,94
883	04.08.2025 06:50:42	3,84	3,36	30,43	28,57	1460,43
884	04.08.2025 06:50:43	3,92	3,33	30,45	28,65	1460,76
885	04.08.2025 06:50:44	4,03	3,28	30,43	28,72	1461,20
886	04.08.2025 06:50:45	4,10	3,25	30,39	28,74	1461,46
887	04.08.2025 06:50:46	4,18	3,22	30,32	28,74	1461,67
888	04.08.2025 06:50:47	4,25	3,21	30,28	28,77	1461,93
889	04.08.2025 06:50:48	4,29	3,19	30,30	28,82	1462,11
890	04.08.2025 06:50:49	4,36	3,18	30,24	28,82	1462,33
891	04.08.2025 06:50:50	4,40	3,17	30,20	28,82	1462,44
892	04.08.2025 06:50:51	4,43	3,17	30,17	28,82	1462,55
893	04.08.2025 06:50:52	4,47	3,17	30,16	28,84	1462,69
894	04.08.2025 06:50:53	4,51	3,19	30,13	28,84	1462,81
895	04.08.2025 06:50:54	4,54	3,16	30,13	28,87	1462,95
896	04.08.2025 06:50:55	4,54	3,18	30,10	28,84	1462,91
897	04.08.2025 06:50:56	4,58	3,16	30,06	28,84	1463,02
898	04.08.2025 06:50:57	4,58	3,16	30,06	28,84	1463,02
899	04.08.2025 06:50:58	4,61	3,18	30,03	28,84	1463,13
900	04.08.2025 06:50:59	4,61	3,18	30,00	28,82	1463,10
901	04.08.2025 06:51:00	4,61	3,20	30,00	28,82	1463,10
902	04.08.2025 06:51:01	4,65	3,20	29,97	28,82	1463,21
903	04.08.2025 06:51:02	4,65	3,22	29,91	28,77	1463,14
904	04.08.2025 06:51:03	4,65	3,22	29,91	28,77	1463,14
905	04.08.2025 06:51:04	4,65	3,24	29,91	28,77	1463,14
906	04.08.2025 06:51:05	4,65	3,26	29,89	28,74	1463,11
907	04.08.2025 06:51:06	4,65	3,26	29,86	28,72	1463,07
908	04.08.2025 06:51:07	4,65	3,27	29,86	28,72	1463,07
909	04.08.2025 06:51:08	4,65	3,29	29,86	28,72	1463,08
910	04.08.2025 06:51:09	4,61	3,29	29,86	28,69	1462,93
911	04.08.2025 06:51:10	4,61	3,31	29,83	28,67	1462,90
912	04.08.2025 06:51:11	4,61	3,29	29,80	28,64	1462,86
913	04.08.2025 06:51:12	4,58	3,32	29,70	28,52	1462,57
914	04.08.2025 06:51:13	4,54	3,32	29,59	28,40	1462,28
915	04.08.2025 06:51:14	4,47	3,35	29,60	28,35	1461,99
916	04.08.2025 06:51:15	4,40	3,36	29,66	28,35	1461,77
917	04.08.2025 06:51:16	4,32	3,39	29,67	28,30	1461,48
918	04.08.2025 06:51:17	4,29	3,41	29,68	28,27	1461,33
919	04.08.2025 06:51:18	4,25	3,43	29,68	28,25	1461,18
920	04.08.2025 06:51:19	4,21	3,40	29,71	28,25	1461,07
921	04.08.2025 06:51:20	4,18	3,42	29,75	28,25	1460,96
922	04.08.2025 06:51:21	4,18	3,44	29,69	28,20	1460,89
923	04.08.2025 06:51:22	4,14	3,44	29,69	28,18	1460,74
924	04.08.2025 06:51:23	4,10	3,45	29,76	28,20	1460,67
925	04.08.2025 06:51:24	4,10	3,43	29,78	28,22	1460,70
926	04.08.2025 06:51:25	4,10	3,45	29,81	28,25	1460,74
927	04.08.2025 06:51:26	4,10	3,45	29,81	28,25	1460,74
928	04.08.2025 06:51:27	4,10	3,43	29,81	28,25	1460,74
929	04.08.2025 06:51:28	4,10	3,43	29,81	28,25	1460,74
930	04.08.2025 06:51:29	4,10	3,43	29,84	28,27	1460,78
931	04.08.2025 06:51:30	4,10	3,41	29,87	28,30	1460,81
932	04.08.2025 06:51:31	4,10	3,40	29,93	28,35	1460,88
933	04.08.2025 06:51:32	4,10	3,40	30,07	28,47	1461,07
934	04.08.2025 06:51:33	4,18	3,38	30,09	28,55	1461,40
935	04.08.2025 06:51:34	4,25	3,37	30,14	28,64	1461,77
936	04.08.2025 06:51:35	4,32	3,34	30,13	28,69	1462,06
937	04.08.2025 06:51:36	4,40	3,29	30,06	28,69	1462,27
938	04.08.2025 06:51:37	4,43	3,28	30,06	28,72	1462,42
939	04.08.2025 06:51:38	4,51	3,25	30,02	28,74	1462,67
940	04.08.2025 06:51:39	4,54	3,23	30,01	28,77	1462,81
941	04.08.2025 06:51:40	4,58	3,22	30,04	28,82	1462,99
942	04.08.2025 06:51:41	4,61	3,18	30,03	28,84	1463,13
943	04.08.2025 06:51:42	4,65	3,17	30,03	28,87	1463,28
944	04.08.2025 06:51:43	4,69	3,15	30,11	28,96	1463,53
945	04.08.2025 06:51:44	4,76	3,12	30,18	29,09	1463,92
946	04.08.2025 06:51:45	4,83	3,11	30,23	29,18	1464,28
947	04.08.2025 06:51:46	4,91	3,06	30,19	29,21	1464,53
948	04.08.2025 06:51:47	4,98	3,05	30,13	29,21	1464,74
949	04.08.2025 06:51:48	5,05	3,03	30,09	29,23	1464,99
950	04.08.2025 06:51:49	5,09	3,00	30,11	29,28	1465,16
951	04.08.2025 06:51:50	5,16	2,99	30,13	29,36	1465,48
952	04.08.2025 06:51:51	5,23	2,94	30,12	29,41	1465,76
953	04.08.2025 06:51:52	5,30	2,93	30,09	29,43	1466,00
954	04.08.2025 06:51:53	5,37	2,90	30,08	29,48	1466,28
955	04.08.2025 06:51:54	5,45	2,87	30,01	29,48	1466,49
956	04.08.2025 06:51:55	5,48	2,81	30,01	29,51	1466,62
957	04.08.2025 06:51:56	5,55	2,78	29,97	29,53	1466,86
958	04.08.2025 06:51:57	5,59	2,77	29,97	29,56	1467,00
959	04.08.2025 06:51:58	5,66	2,74	29,93	29,58	1467,24
960	04.08.2025 06:51:59	5,70	2,69	29,96	29,63	1467,41
961	04.08.2025 06:52:00	5,77	2,67	29,98	29,70	1467,72
962	04.08.2025 06:52:01	5,80	2,64	30,06	29,80	1467,96
963	04.08.2025 06:52:02	5,87	2,61	30,02	29,83	1468,19
964	04.08.2025 06:52:03	5,94	2,58	29,93	29,80	1468,36
965	04.08.2025 06:52:04	6,02	2,55	30,00	29,93	1468,74
966	04.08.2025 06:52:05	6,09	2,53	30,13	30,10	1469,18
967	04.08.2025 06:52:06	6,16	2,50	30,15	30,17	1469,49
968	04.08.2025 06:52:07	6,26	2,48	30,09	30,20	1469,82
969	04.08.2025 06:52:08	6,37	2,46	30,45	30,62	1470,71
970	04.08.2025 06:52:09	6,47	2,42	30,68	30,91	1471,41
971	04.08.2025 06:52:10	6,68	2,40	30,95	31,33	1472,59
972	04.08.2025 06:52:11	6,89	2,36	31,17	31,70	1473,68
973	04.08.2025 06:52:12	7,14	2,32	31,24	31,97	1474,72
974	04.08.2025 06:52:13	7,41	2,27	31,15	32,12	1475,68
975	04.08.2025 06:52:14	7,62	2,23	31,03	32,17	1476,31
976	04.08.2025 06:52:15	7,79	2,17	30,72	32,03	1476,57
977	04.08.2025 06:52:16	7,93	2,15	30,55	31,98	1476,88
978	04.08.2025 06:52:17	8,03	2,12	30,36	31,89	1477,03
979	04.08.2025 06:52:18	8,06	2,08	30,12	31,69	1476,86
980	04.08.2025 06:52:19	8,13	2,05	29,73	31,37	1476,62
981	04.08.2025 06:52:20	8,10	2,03	29,56	31,18	1476,26
982	04.08.2025 06:52:21	8,10	2,01	29,53	31,15	1476,23
983	04.08.2025 06:52:22	8,06	2,01	29,58	31,18	1476,17
984	04.08.2025 06:52:23	8,06	1,99	29,64	31,22	1476,23
985	04.08.2025 06:52:24	8,10	1,98	29,63	31,25	1476,35
986	04.08.2025 06:52:25	8,13	1,94	29,60	31,25	1476,44
987	04.08.2025 06:52:26	8,16	1,91	29,65	31,32	1476,63
988	04.08.2025 06:52:27	8,23	1,90	29,67	31,40	1476,91
989	04.08.2025 06:52:28	8,30	1,87	29,72	31,50	1477,22
990	04.08.2025 06:52:29	8,37	1,84	29,77	31,60	1477,54
991	04.08.2025 06:52:30	8,44	1,80	29,79	31,67	1477,81
992	04.08.2025 06:52:31	8,50	1,77	29,89	31,82	1478,19
993	04.08.2025 06:52:32	8,60	1,74	29,93	31,94	1478,62
994	04.08.2025 06:52:33	8,70	1,70	29,95	32,04	1479,02
995	04.08.2025 06:52:34	8,81	1,67	29,97	32,14	1479,41
996	04.08.2025 06:52:35	8,91	1,64	30,11	32,37	1479,97
997	04.08.2025 06:52:36	9,04	1,61	30,25	32,61	1480,64
998	04.08.2025 06:52:37	9,14	1,59	30,32	32,76	1481,09
999	04.08.2025 06:52:38	9,27	1,58	30,43	32,98	1481,73
1000	04.08.2025 06:52:39	9,44	1,55	30,59	33,28	1482,54
1001	04.08.2025 06:52:40	9,57	1,51	30,61	33,41	1483,05
1002	04.08.2025 06:52:41	9,74	1,48	30,49	33,43	1483,51
1003	04.08.2025 06:52:42	9,87	1,48	30,44	33,49	1483,92
1004	04.08.2025 06:52:43	10,00	1,45	30,33	33,49	1484,26
1005	04.08.2025 06:52:44	10,10	1,44	30,27	33,52	1484,55
1006	04.08.2025 06:52:45	10,20	1,45	30,19	33,52	1484,81
1007	04.08.2025 06:52:46	10,26	1,43	30,12	33,49	1484,95
1008	04.08.2025 06:52:47	10,33	1,42	29,94	33,37	1484,97
1009	04.08.2025 06:52:48	10,36	1,40	29,91	33,37	1485,06
1010	04.08.2025 06:52:49	10,40	1,41	29,84	33,33	1485,08
1011	04.08.2025 06:52:50	10,46	1,41	29,76	33,30	1485,23
1012	04.08.2025 06:52:51	10,49	1,39	29,76	33,33	1485,34
1013	04.08.2025 06:52:52	10,53	1,40	29,74	33,33	1485,42
1014	04.08.2025 06:52:53	10,56	1,40	29,71	33,33	1485,51
1015	04.08.2025 06:52:54	10,59	1,38	29,68	33,33	1485,59
1016	04.08.2025 06:52:55	10,66	1,39	29,66	33,36	1485,79
1017	04.08.2025 06:52:56	10,69	1,35	29,61	33,33	1485,85
1018	04.08.2025 06:52:57	10,72	1,34	29,63	33,38	1485,99
1019	04.08.2025 06:52:58	10,75	1,34	30,01	33,80	1486,58
1020	04.08.2025 06:52:59	10,85	1,33	30,54	34,41	1487,57
1021	04.08.2025 06:53:00	11,05	1,33	30,81	34,86	1488,60
1022	04.08.2025 06:53:01	11,27	1,23	30,68	34,91	1489,22
1023	04.08.2025 06:53:02	11,46	1,18	30,52	34,92	1489,70
1024	04.08.2025 06:53:03	11,63	1,13	30,39	34,92	1490,10
1025	04.08.2025 06:53:04	11,72	1,10	30,25	34,85	1490,25
1026	04.08.2025 06:53:05	11,82	1,08	30,15	34,83	1490,46
1027	04.08.2025 06:53:06	11,88	1,04	29,98	34,71	1490,47
1028	04.08.2025 06:53:07	11,91	1,01	29,93	34,68	1490,52
1029	04.08.2025 06:53:08	11,98	1,02	29,84	34,64	1490,63
1030	04.08.2025 06:53:09	12,01	1,00	29,79	34,61	1490,68
1031	04.08.2025 06:53:10	12,04	0,97	29,41	34,25	1490,33
1032	04.08.2025 06:53:11	12,04	0,95	29,39	34,22	1490,29
1033	04.08.2025 06:53:12	12,04	0,93	29,41	34,25	1490,32
1034	04.08.2025 06:53:13	12,07	0,93	29,37	34,22	1490,37
1035	04.08.2025 06:53:14	12,07	0,91	29,39	34,25	1490,40
1036	04.08.2025 06:53:15	12,11	0,90	29,39	34,27	1490,51
1037	04.08.2025 06:53:16	12,14	0,88	29,41	34,32	1490,64
1038	04.08.2025 06:53:17	12,17	0,85	29,48	34,42	1490,83
1039	04.08.2025 06:53:18	12,23	0,84	29,50	34,50	1491,07
1040	04.08.2025 06:53:19	12,30	0,82	29,59	34,64	1491,40
1041	04.08.2025 06:53:20	12,36	0,83	29,73	34,84	1491,79
1042	04.08.2025 06:53:21	12,45	0,78	29,75	34,94	1492,13
1043	04.08.2025 06:53:22	12,55	0,75	29,68	34,94	1492,36
1044	04.08.2025 06:53:23	12,64	0,72	29,51	34,85	1492,48
1045	04.08.2025 06:53:24	12,71	0,71	29,53	34,92	1492,72
1046	04.08.2025 06:53:25	12,77	0,69	29,48	34,93	1492,88
1047	04.08.2025 06:53:26	12,83	0,66	29,35	34,83	1492,92
1048	04.08.2025 06:53:27	12,87	0,65	29,41	34,93	1493,11
1049	04.08.2025 06:53:28	12,93	0,65	29,60	35,18	1493,54
1050	04.08.2025 06:53:29	13,02	0,59	29,23	34,86	1493,41
1051	04.08.2025 06:53:30	13,05	0,59	29,34	35,01	1493,65
1052	04.08.2025 06:53:31	13,09	0,59	29,59	35,30	1494,06
1053	04.08.2025 06:53:32	13,18	0,58	29,77	35,57	1494,59
1054	04.08.2025 06:53:33	13,34	0,56	29,79	35,72	1495,14
1055	04.08.2025 06:53:34	13,53	0,53	29,76	35,85	1495,73
1056	04.08.2025 06:53:35	13,71	0,62	29,98	36,25	1496,63
1057	04.08.2025 06:53:36	14,06	0,50	29,77	36,31	1497,49
1058	04.08.2025 06:53:37	14,37	0,34	29,54	36,32	1498,21
1059	04.08.2025 06:53:38	14,58	0,35	28,87	35,76	1498,12
1060	04.08.2025 06:53:39	14,55	0,28	29,38	36,30	1498,62
1061	04.08.2025 06:53:40	14,58	0,46	29,38	36,32	1498,74
1062	04.08.2025 06:53:41	14,80	0,35	29,22	36,33	1499,24
1063	04.08.2025 06:53:42	14,95	0,34	29,13	36,36	1499,63
1064	04.08.2025 06:53:43	15,11	0,30	29,02	36,36	1499,99
1065	04.08.2025 06:53:44	15,23	0,26	28,93	36,37	1500,27
1066	04.08.2025 06:53:45	15,29	0,26	28,91	36,39	1500,44
1067	04.08.2025 06:53:46	15,38	0,23	28,83	36,37	1500,63
1068	04.08.2025 06:53:47	15,44	0,25	28,78	36,37	1500,77
1069	04.08.2025 06:53:48	15,50	0,23	28,74	36,38	1500,92
1070	04.08.2025 06:53:49	15,60	0,21	28,68	36,38	1501,13
1071	04.08.2025 06:53:50	15,66	0,21	28,63	36,38	1501,27
1072	04.08.2025 06:53:51	15,69	0,21	28,61	36,38	1501,34
1073	04.08.2025 06:53:52	15,75	0,17	28,57	36,38	1501,48
1074	04.08.2025 06:53:53	15,78	0,16	28,55	36,38	1501,55
1075	04.08.2025 06:53:54	15,84	0,14	28,51	36,38	1501,69
1076	04.08.2025 06:53:55	15,87	0,12	28,48	36,39	1501,76
1077	04.08.2025 06:53:56	15,93	0,12	28,44	36,39	1501,90
1078	04.08.2025 06:53:57	15,96	0,10	28,42	36,39	1501,97
1079	04.08.2025 06:53:58	15,99	0,08	28,40	36,39	1502,04
1080	04.08.2025 06:53:59	16,05	0,06	28,36	36,39	1502,18
1081	04.08.2025 06:54:00	16,08	0,05	28,34	36,39	1502,24
1082	04.08.2025 06:54:01	16,11	0,01	28,30	36,37	1502,28
1083	04.08.2025 06:54:02	16,14	0,03	28,28	36,37	1502,36
1084	04.08.2025 06:54:03	16,17	0,03	28,25	36,37	1502,43
1085	04.08.2025 06:54:04	16,20	-0,01	28,23	36,37	1502,49
1086	04.08.2025 06:54:05	16,23	-0,03	28,21	36,37	1502,56
1087	04.08.2025 06:54:06	16,27	-0,04	28,19	36,37	1502,63
1088	04.08.2025 06:54:07	16,30	-0,03	28,17	36,37	1502,70
1089	04.08.2025 06:54:08	16,33	-0,06	28,15	36,37	1502,77
1090	04.08.2025 06:54:09	16,36	-0,06	28,13	36,38	1502,84
1091	04.08.2025 06:54:10	16,36	-0,06	28,13	36,38	1502,84
1092	04.08.2025 06:54:11	16,39	-0,06	28,11	36,38	1502,91
1093	04.08.2025 06:54:12	16,42	-0,06	28,09	36,38	1502,98
1094	04.08.2025 06:54:13	16,45	-0,04	28,07	36,38	1503,05
1095	04.08.2025 06:54:14	16,48	-0,04	28,05	36,38	1503,12
1096	04.08.2025 06:54:15	16,48	-0,06	28,05	36,38	1503,12
1097	04.08.2025 06:54:16	16,51	-0,06	28,03	36,38	1503,19
1098	04.08.2025 06:54:17	16,54	-0,06	27,99	36,36	1503,23
1099	04.08.2025 06:54:18	16,57	-0,06	27,97	36,36	1503,30
1100	04.08.2025 06:54:19	16,57	-0,04	27,97	36,36	1503,31
1101	04.08.2025 06:54:20	16,60	-0,06	27,97	36,38	1503,40
1102	04.08.2025 06:54:21	16,60	-0,04	27,95	36,36	1503,38
1103	04.08.2025 06:54:22	16,63	-0,03	27,93	36,36	1503,45
1104	04.08.2025 06:54:23	16,66	-0,06	27,90	36,36	1503,51
1105	04.08.2025 06:54:24	16,66	-0,03	27,91	36,36	1503,52
1106	04.08.2025 06:54:25	16,69	-0,03	27,88	36,36	1503,59
1107	04.08.2025 06:54:26	16,69	-0,04	27,88	36,36	1503,59
1108	04.08.2025 06:54:27	16,69	-0,04	27,88	36,36	1503,59
1109	04.08.2025 06:54:28	16,72	-0,04	27,86	36,36	1503,66
1110	04.08.2025 06:54:29	16,72	-0,03	27,86	36,36	1503,66
1111	04.08.2025 06:54:30	16,72	-0,03	27,86	36,36	1503,66
1112	04.08.2025 06:54:31	16,72	-0,04	27,86	36,36	1503,66
1113	04.08.2025 06:54:32	16,75	-0,04	27,84	36,36	1503,73
1114	04.08.2025 06:54:33	16,75	-0,03	27,84	36,36	1503,73
1115	04.08.2025 06:54:34	16,75	-0,04	27,84	36,36	1503,73
1116	04.08.2025 06:54:35	16,78	-0,04	27,82	36,36	1503,80
1117	04.08.2025 06:54:36	16,78	-0,04	27,82	36,36	1503,80
1118	04.08.2025 06:54:37	16,81	-0,04	27,80	36,36	1503,87
1119	04.08.2025 06:54:38	16,81	-0,04	27,80	36,36	1503,87
1120	04.08.2025 06:54:39	16,81	-0,04	27,80	36,36	1503,87
1121	04.08.2025 06:54:40	16,84	-0,04	27,78	36,37	1503,93
1122	04.08.2025 06:54:41	16,84	-0,04	27,78	36,37	1503,93
1123	04.08.2025 06:54:42	16,84	-0,03	27,78	36,37	1503,94
1124	04.08.2025 06:54:43	16,87	-0,01	27,76	36,37	1504,01
1125	04.08.2025 06:54:44	16,87	-0,03	27,76	36,37	1504,01
1126	04.08.2025 06:54:45	16,87	-0,03	27,76	36,37	1504,01
1127	04.08.2025 06:54:46	16,90	-0,03	27,74	36,37	1504,08
1128	04.08.2025 06:54:47	16,90	-0,03	27,74	36,37	1504,08
1129	04.08.2025 06:54:48	16,90	-0,03	27,74	36,37	1504,08
1130	04.08.2025 06:54:49	16,90	-0,03	27,74	36,37	1504,08
1131	04.08.2025 06:54:50	16,93	-0,01	27,72	36,37	1504,15
1132	04.08.2025 06:54:51	16,93	-0,03	27,72	36,37	1504,15
1133	04.08.2025 06:54:52	16,93	-0,03	27,72	36,37	1504,15
1134	04.08.2025 06:54:53	16,93	-0,03	27,72	36,37	1504,15
1135	04.08.2025 06:54:54	16,96	-0,03	27,68	36,34	1504,19
1136	04.08.2025 06:54:55	16,96	-0,01	27,70	36,37	1504,22
1137	04.08.2025 06:54:56	16,96	-0,01	27,70	36,37	1504,22
1138	04.08.2025 06:54:57	16,96	-0,03	27,70	36,37	1504,22
1139	04.08.2025 06:54:58	16,96	-0,03	27,70	36,37	1504,22
1140	04.08.2025 06:54:59	16,99	-0,03	27,68	36,37	1504,28
1141	04.08.2025 06:55:00	16,99	-0,03	27,68	36,37	1504,29
1142	04.08.2025 06:55:01	16,99	-0,03	27,66	36,34	1504,26
1143	04.08.2025 06:55:02	16,99	-0,03	27,68	36,37	1504,29
1144	04.08.2025 06:55:03	16,99	-0,03	27,68	36,37	1504,29
1145	04.08.2025 06:55:04	16,99	-0,03	27,68	36,37	1504,29
1146	04.08.2025 06:55:05	17,02	-0,03	27,66	36,37	1504,35
1147	04.08.2025 06:55:06	17,02	-0,03	27,66	36,37	1504,35
1148	04.08.2025 06:55:07	17,02	-0,03	27,66	36,37	1504,35
1149	04.08.2025 06:55:08	17,02	-0,03	27,66	36,37	1504,35
1150	04.08.2025 06:55:09	17,02	-0,03	27,64	36,35	1504,33
1151	04.08.2025 06:55:10	17,02	-0,03	27,66	36,37	1504,35
1152	04.08.2025 06:55:11	17,05	-0,03	27,64	36,37	1504,42
1153	04.08.2025 06:55:12	17,05	-0,03	27,64	36,37	1504,42
1154	04.08.2025 06:55:13	17,05	-0,04	27,62	36,35	1504,40
1155	04.08.2025 06:55:14	17,05	-0,03	27,62	36,35	1504,40
1156	04.08.2025 06:55:15	17,05	-0,03	27,64	36,37	1504,42
1157	04.08.2025 06:55:16	17,05	-0,03	27,64	36,37	1504,42
1158	04.08.2025 06:55:17	17,05	-0,03	27,62	36,35	1504,40
1159	04.08.2025 06:55:18	17,05	-0,03	27,64	36,37	1504,42
1160	04.08.2025 06:55:19	17,08	-0,03	27,62	36,37	1504,49
1161	04.08.2025 06:55:20	17,08	-0,04	27,62	36,37	1504,49
1162	04.08.2025 06:55:21	17,08	-0,03	27,62	36,37	1504,49
1163	04.08.2025 06:55:22	17,08	-0,01	27,54	36,27	1504,40
1164	04.08.2025 06:55:23	17,08	-0,03	27,27	35,95	1504,08
1165	04.08.2025 06:55:24	17,08	-0,04	22,60	30,34	1498,64
1166	04.08.2025 06:55:25	17,08	-0,04	22,64	30,39	1498,69
1167	04.08.2025 06:55:26	17,08	-0,04	22,62	30,36	1498,66
1168	04.08.2025 06:55:27	17,08	-0,04	22,62	30,36	1498,66
1169	04.08.2025 06:55:28	17,08	-0,06	22,68	30,44	1498,73
1170	04.08.2025 06:55:29	17,08	-0,04	22,70	30,46	1498,76
1171	04.08.2025 06:55:30	17,08	-0,06	22,72	30,48	1498,78
1172	04.08.2025 06:55:31	17,08	-0,04	22,72	30,48	1498,78
1173	04.08.2025 06:55:32	17,08	-0,04	22,75	30,51	1498,81
1174	04.08.2025 06:55:33	17,08	-0,04	22,70	30,46	1498,76
1175	04.08.2025 06:55:34	17,08	-0,04	22,75	30,51	1498,81
1176	04.08.2025 06:55:35	17,08	-0,04	22,75	30,51	1498,81
1177	04.08.2025 06:55:36	17,08	-0,04	22,66	30,41	1498,71
1178	04.08.2025 06:55:37	17,08	-0,06	22,50	30,21	1498,52
1179	04.08.2025 06:55:38	17,08	-0,04	7,11	10,49	1480,59
1180	04.08.2025 06:55:39	17,08	-0,04	7,30	10,75	1480,82
1181	04.08.2025 06:55:40	17,08	-0,03	3,45	5,35	1476,33
1182	04.08.2025 06:55:41	17,05	-0,04	1,95	3,13	1474,49
1183	04.08.2025 06:55:42	17,05	-0,04	1,03	1,71	1473,41
1184	04.08.2025 06:55:43	17,05	-0,04	0,59	1,00	1472,90
1185	04.08.2025 06:55:44	17,05	-0,01	0,59	1,00	1472,91
1186	04.08.2025 06:55:45	17,05	-0,01	1,18	1,95	1473,59
1187	04.08.2025 06:55:46	17,05	-0,01	0,85	1,42	1473,21
1188	04.08.2025 06:55:47	17,05	-0,03	0,76	1,27	1473,09
1189	04.08.2025 06:55:48	17,05	-0,01	0,05	0,09	1472,27
1190	04.08.2025 06:55:49	17,05	0,01	0,05	0,09	1472,28
1191	04.08.2025 06:55:50	17,02	0,01	0,05	0,09	1472,18
1192	04.08.2025 06:55:51	17,02	0,01	0,05	0,09	1472,18
1193	04.08.2025 06:55:52	17,02	-0,01	0,05	0,09	1472,17
1194	04.08.2025 06:55:53	17,02	0,01	0,05	0,09	1472,18
1195	04.08.2025 06:55:54	17,02	0,01	0,05	0,09	1472,18
1196	04.08.2025 06:55:55	17,02	0,01	0,05	0,09	1472,18
1197	04.08.2025 06:55:56	17,02	0,01	0,05	0,09	1472,18
1198	04.08.2025 06:55:57	17,02	-0,01	0,05	0,09	1472,17
1199	04.08.2025 06:55:58	17,02	-0,01	0,05	0,09	1472,17
1200	04.08.2025 06:55:59	17,02	0,01	0,05	0,09	1472,18
1201	04.08.2025 06:56:00	16,99	0,01	0,07	0,11	1472,09
1202	04.08.2025 06:56:01	16,99	0,01	0,05	0,09	1472,08
1203	04.08.2025 06:56:02	16,99	0,01	0,05	0,09	1472,08
1204	04.08.2025 06:56:03	16,99	0,01	0,07	0,11	1472,09
1205	04.08.2025 06:56:04	16,99	0,01	0,07	0,11	1472,09
1206	04.08.2025 06:56:05	16,99	0,01	0,05	0,09	1472,08
1207	04.08.2025 06:56:06	16,99	0,01	0,05	0,09	1472,08
1208	04.08.2025 06:56:07	16,99	0,01	0,05	0,09	1472,08
1209	04.08.2025 06:56:08	16,96	0,01	0,05	0,09	1471,97
1210	04.08.2025 06:56:09	16,96	0,01	0,05	0,09	1471,97
1211	04.08.2025 06:56:10	16,96	0,03	0,05	0,09	1471,98
1212	04.08.2025 06:56:11	16,96	0,01	0,05	0,09	1471,97
1213	04.08.2025 06:56:12	16,96	-0,01	0,05	0,09	1471,97
1214	04.08.2025 06:56:13	16,96	0,01	0,05	0,09	1471,97
1215	04.08.2025 06:56:14	16,96	0,01	0,05	0,09	1471,97
1216	04.08.2025 06:56:15	16,96	-0,01	0,07	0,11	1471,99
1217	04.08.2025 06:56:16	16,96	0,01	0,05	0,09	1471,97
1218	04.08.2025 06:56:17	16,96	0,01	0,05	0,09	1471,97
1219	04.08.2025 06:56:18	16,93	-0,01	0,05	0,09	1471,87
1220	04.08.2025 06:56:19	16,93	0,01	0,05	0,09	1471,87
1221	04.08.2025 06:56:20	16,93	0,01	0,05	0,09	1471,87
1222	04.08.2025 06:56:21	16,93	0,01	0,05	0,09	1471,87
1223	04.08.2025 06:56:22	16,93	0,01	0,07	0,11	1471,89
1224	04.08.2025 06:56:23	16,93	0,01	0,05	0,09	1471,87
1225	04.08.2025 06:56:24	16,93	-0,01	0,05	0,09	1471,87
1226	04.08.2025 06:56:25	16,93	0,01	0,05	0,09	1471,87
1227	04.08.2025 06:56:26	16,93	0,01	0,05	0,09	1471,87
1228	04.08.2025 06:56:27	16,93	0,01	0,05	0,09	1471,87
1229	04.08.2025 06:56:28	16,93	0,01	0,05	0,09	1471,87
1230	04.08.2025 06:56:29	16,93	0,01	0,05	0,09	1471,87
1231	04.08.2025 06:56:30	16,90	0,01	0,05	0,09	1471,77
1232	04.08.2025 06:56:31	16,90	0,01	0,05	0,09	1471,77
1233	04.08.2025 06:56:32	16,90	0,01	0,05	0,09	1471,77
1234	04.08.2025 06:56:33	16,90	0,01	0,05	0,09	1471,77
1235	04.08.2025 06:56:34	16,90	0,01	0,05	0,09	1471,77
1236	04.08.2025 06:56:35	16,90	0,01	0,05	0,09	1471,77
1237	04.08.2025 06:56:36	16,90	0,01	0,07	0,11	1471,79
1238	04.08.2025 06:56:37	16,90	0,01	0,05	0,09	1471,77
1239	04.08.2025 06:56:38	16,90	0,01	0,05	0,09	1471,77
1240	04.08.2025 06:56:39	16,90	0,01	0,07	0,11	1471,79
1241	04.08.2025 06:56:40	16,90	0,01	0,05	0,09	1471,77
1242	04.08.2025 06:56:41	16,90	0,01	0,05	0,09	1471,77
1243	04.08.2025 06:56:42	16,90	0,03	0,05	0,09	1471,77
1244	04.08.2025 06:56:43	16,90	0,01	0,05	0,09	1471,77
1245	04.08.2025 06:56:44	16,90	0,01	0,79	1,32	1472,63
1246	04.08.2025 06:56:45	16,87	0,03	0,64	1,08	1472,37
1247	04.08.2025 06:56:46	16,87	0,03	0,61	1,03	1472,33
1248	04.08.2025 06:56:47	16,87	0,03	0,61	1,03	1472,33
1249	04.08.2025 06:56:48	16,87	0,01	0,60	1,00	1472,31
1250	04.08.2025 06:56:49	16,87	0,01	0,58	0,98	1472,29
1251	04.08.2025 06:56:50	16,87	0,01	0,55	0,93	1472,25
1252	04.08.2025 06:56:51	16,87	0,03	0,53	0,90	1472,23
1253	04.08.2025 06:56:52	16,87	0,03	0,50	0,85	1472,20
1254	04.08.2025 06:56:53	16,87	0,03	0,50	0,85	1472,20
1255	04.08.2025 06:56:54	16,87	0,03	0,47	0,79	1472,16
1256	04.08.2025 06:56:55	16,87	0,03	0,47	0,79	1472,16
1257	04.08.2025 06:56:56	16,87	0,03	0,42	0,72	1472,10
1258	04.08.2025 06:56:57	16,87	0,01	0,17	0,30	1471,81
1259	04.08.2025 06:56:58	16,87	0,01	0,05	0,09	1471,67
1260	04.08.2025 06:56:59	16,84	0,01	0,05	0,09	1471,57
1261	04.08.2025 06:57:00	16,84	-0,01	0,05	0,09	1471,57
1262	04.08.2025 06:57:01	16,84	0,01	0,07	0,11	1471,59
1263	04.08.2025 06:57:02	16,84	0,01	0,05	0,09	1471,57
1264	04.08.2025 06:57:03	16,84	0,01	0,05	0,09	1471,57
1265	04.08.2025 06:57:04	16,84	0,01	0,07	0,11	1471,59
1266	04.08.2025 06:57:05	16,84	-0,01	0,05	0,09	1471,57
1267	04.08.2025 06:57:06	16,84	0,01	0,05	0,09	1471,57
1268	04.08.2025 06:57:07	16,84	0,01	0,05	0,09	1471,57
1269	04.08.2025 06:57:08	16,84	-0,01	0,05	0,09	1471,57
1270	04.08.2025 06:57:09	16,84	0,01	0,05	0,09	1471,57
1271	04.08.2025 06:57:10	16,84	0,01	0,05	0,09	1471,57
1272	04.08.2025 06:57:11	16,84	0,01	0,05	0,09	1471,57
1273	04.08.2025 06:57:12	16,84	0,01	0,05	0,09	1471,57
1274	04.08.2025 06:57:13	16,84	-0,01	0,07	0,11	1471,58
1275	04.08.2025 06:57:14	16,84	0,01	0,05	0,09	1471,57
1276	04.08.2025 06:57:15	16,84	-0,01	0,05	0,09	1471,57
1277	04.08.2025 06:57:16	16,84	0,01	0,05	0,09	1471,57
1278	04.08.2025 06:57:17	16,84	-0,01	0,05	0,09	1471,57
1279	04.08.2025 06:57:18	16,84	-0,01	0,05	0,09	1471,57
1280	04.08.2025 06:57:19	16,84	0,01	0,05	0,09	1471,57
1281	04.08.2025 06:57:20	16,84	0,01	0,05	0,09	1471,57
1282	04.08.2025 06:57:21	16,84	0,01	0,05	0,09	1471,57
1283	04.08.2025 06:57:22	16,81	0,01	0,05	0,09	1471,47
1284	04.08.2025 06:57:23	16,84	0,01	0,05	0,09	1471,57
1285	04.08.2025 06:57:24	16,84	-0,01	0,05	0,09	1471,57
1286	04.08.2025 06:57:25	16,81	0,01	0,05	0,09	1471,47
1287	04.08.2025 06:57:26	16,81	0,01	0,05	0,09	1471,47
1288	04.08.2025 06:57:27	16,81	0,01	0,05	0,09	1471,47
1289	04.08.2025 06:57:28	16,81	-0,01	0,05	0,09	1471,46
1290	04.08.2025 06:57:29	16,81	-0,01	0,05	0,09	1471,46
1291	04.08.2025 06:57:30	16,81	0,01	0,05	0,09	1471,47
1292	04.08.2025 06:57:31	16,81	0,01	0,05	0,09	1471,47
1293	04.08.2025 06:57:32	16,81	-0,01	0,05	0,09	1471,46
1294	04.08.2025 06:57:33	16,81	0,01	0,05	0,09	1471,47
1295	04.08.2025 06:57:34	16,81	0,01	0,05	0,09	1471,47
1296	04.08.2025 06:57:35	16,81	-0,01	0,05	0,09	1471,46
1297	04.08.2025 06:57:36	16,81	-0,01	0,05	0,09	1471,46
1298	04.08.2025 06:57:37	16,81	0,01	0,05	0,09	1471,47
1299	04.08.2025 06:57:38	16,81	-0,01	0,05	0,09	1471,46
1300	04.08.2025 06:57:39	16,81	-0,01	0,05	0,09	1471,46
1301	04.08.2025 06:57:40	16,81	-0,01	0,05	0,09	1471,46
1302	04.08.2025 06:57:41	16,81	0,01	0,05	0,09	1471,47
1303	04.08.2025 06:57:42	16,81	0,01	0,05	0,09	1471,47
1304	04.08.2025 06:57:43	16,81	0,01	0,05	0,09	1471,47
1305	04.08.2025 06:57:44	16,81	0,01	0,05	0,09	1471,47
1306	04.08.2025 06:57:45	16,81	0,01	0,05	0,09	1471,47
1307	04.08.2025 06:57:46	16,81	0,01	0,05	0,09	1471,47
1308	04.08.2025 06:57:47	16,81	0,01	0,05	0,09	1471,47
1309	04.08.2025 06:57:48	16,81	0,01	0,07	0,11	1471,48
1310	04.08.2025 06:57:49	16,81	0,01	0,05	0,09	1471,47
1311	04.08.2025 06:57:50	16,81	-0,01	0,05	0,09	1471,46
1312	04.08.2025 06:57:51	16,81	0,01	0,05	0,09	1471,47
1313	04.08.2025 06:57:52	16,81	-0,01	0,05	0,09	1471,46
1314	04.08.2025 06:57:53	16,81	0,01	0,05	0,09	1471,47
1315	04.08.2025 06:57:54	16,81	0,01	0,05	0,09	1471,47
1316	04.08.2025 06:57:55	16,81	0,01	0,05	0,09	1471,47
1317	04.08.2025 06:57:56	16,81	0,01	0,05	0,09	1471,47
1318	04.08.2025 06:57:57	16,81	0,01	0,05	0,09	1471,47
1319	04.08.2025 06:57:58	16,81	0,01	0,05	0,09	1471,47
1320	04.08.2025 06:57:59	16,81	0,01	0,05	0,09	1471,47
1321	04.08.2025 06:58:00	16,81	0,01	0,05	0,09	1471,47
1322	04.08.2025 06:58:01	16,81	0,01	0,07	0,11	1471,48
1323	04.08.2025 06:58:02	16,81	-0,01	0,05	0,09	1471,46
1324	04.08.2025 06:58:03	16,81	-0,01	0,05	0,09	1471,46
1325	04.08.2025 06:58:04	16,81	0,01	0,05	0,09	1471,47
1326	04.08.2025 06:58:05	16,81	-0,01	0,05	0,09	1471,46
1327	04.08.2025 06:58:06	16,81	0,01	0,05	0,09	1471,47
1328	04.08.2025 06:58:07	16,81	-0,01	0,05	0,09	1471,46
1329	04.08.2025 06:58:08	16,81	0,01	0,05	0,09	1471,47
1330	04.08.2025 06:58:09	16,81	0,01	0,05	0,09	1471,47
1331	04.08.2025 06:58:10	16,81	0,01	0,05	0,09	1471,47
1332	04.08.2025 06:58:11	16,81	0,01	0,05	0,09	1471,47
1333	04.08.2025 06:58:12	16,81	0,01	0,05	0,09	1471,47
1334	04.08.2025 06:58:13	16,81	0,01	0,05	0,09	1471,47
1335	04.08.2025 06:58:14	16,81	-0,01	0,05	0,09	1471,46
1336	04.08.2025 06:58:15	16,81	0,01	0,05	0,09	1471,47
1337	04.08.2025 06:58:16	16,81	-0,01	0,05	0,09	1471,46
1338	04.08.2025 06:58:17	16,81	-0,01	0,05	0,09	1471,46
1339	04.08.2025 06:58:18	16,81	0,01	0,05	0,09	1471,47
1340	04.08.2025 06:58:19	16,81	0,01	0,05	0,09	1471,47
1341	04.08.2025 06:58:20	16,81	-0,01	0,05	0,09	1471,46
1342	04.08.2025 06:58:21	16,81	0,01	0,05	0,09	1471,47
1343	04.08.2025 06:58:22	16,81	0,01	0,05	0,09	1471,47
1344	04.08.2025 06:58:23	16,81	-0,01	0,05	0,09	1471,46
1345	04.08.2025 06:58:24	16,81	0,01	0,05	0,09	1471,47
1346	04.08.2025 06:58:25	16,81	-0,01	0,05	0,09	1471,46
1347	04.08.2025 06:58:26	16,81	0,01	0,05	0,09	1471,47
1348	04.08.2025 06:58:27	16,81	-0,01	0,05	0,09	1471,46
1349	04.08.2025 06:58:28	16,81	-0,01	0,05	0,09	1471,46
1350	04.08.2025 06:58:29	16,81	0,01	0,05	0,09	1471,47
1351	04.08.2025 06:58:30	16,81	0,01	0,05	0,09	1471,47
1352	04.08.2025 06:58:31	16,81	0,01	0,05	0,09	1471,47
1353	04.08.2025 06:58:32	16,81	-0,01	0,05	0,09	1471,46
1354	04.08.2025 06:58:33	16,81	-0,01	0,07	0,11	1471,48
1355	04.08.2025 06:58:34	16,81	-0,01	0,05	0,09	1471,46
1356	04.08.2025 06:58:35	16,81	-0,01	0,05	0,09	1471,46
1357	04.08.2025 06:58:36	16,81	-0,01	0,05	0,09	1471,46
1358	04.08.2025 06:58:37	16,81	0,01	0,05	0,09	1471,47
1359	04.08.2025 06:58:38	16,81	0,01	0,05	0,09	1471,47
1360	04.08.2025 06:58:39	16,81	0,01	0,05	0,09	1471,47
1361	04.08.2025 06:58:40	16,81	0,01	0,05	0,09	1471,47
1362	04.08.2025 06:58:41	16,81	0,01	0,05	0,09	1471,47
1363	04.08.2025 06:58:42	16,81	0,01	0,05	0,09	1471,47
1364	04.08.2025 06:58:43	16,81	0,01	0,05	0,09	1471,47
1365	04.08.2025 06:58:44	16,81	-0,01	0,05	0,09	1471,46
1366	04.08.2025 06:58:45	16,81	0,01	0,05	0,09	1471,47
1367	04.08.2025 06:58:46	16,81	0,01	0,05	0,09	1471,47
1368	04.08.2025 06:58:47	16,81	-0,01	0,05	0,09	1471,46
1369	04.08.2025 06:58:48	16,81	-0,01	0,05	0,09	1471,46
1370	04.08.2025 06:58:49	16,81	0,01	0,05	0,09	1471,47
1371	04.08.2025 06:58:50	16,81	-0,01	0,05	0,09	1471,46
1372	04.08.2025 06:58:51	16,81	-0,01	0,05	0,09	1471,46
1373	04.08.2025 06:58:52	16,81	0,01	0,05	0,09	1471,47
1374	04.08.2025 06:58:53	16,81	0,01	0,05	0,09	1471,47
1375	04.08.2025 06:58:54	16,81	-0,01	0,05	0,09	1471,46
1376	04.08.2025 06:58:55	16,81	0,01	0,05	0,09	1471,47
1377	04.08.2025 06:58:56	16,81	-0,01	0,05	0,09	1471,46
1378	04.08.2025 06:58:57	16,81	0,01	0,05	0,09	1471,47
1379	04.08.2025 06:58:58	16,81	0,01	0,05	0,09	1471,47
1380	04.08.2025 06:58:59	16,81	0,01	0,05	0,09	1471,47
1381	04.08.2025 06:59:00	16,81	0,01	0,05	0,09	1471,47
1382	04.08.2025 06:59:01	16,81	-0,01	0,05	0,09	1471,46
1383	04.08.2025 06:59:02	16,81	0,01	0,07	0,11	1471,48
1384	04.08.2025 06:59:03	16,81	0,01	0,05	0,09	1471,47
1385	04.08.2025 06:59:04	16,81	0,01	0,05	0,09	1471,47
1386	04.08.2025 06:59:05	16,81	0,01	0,05	0,09	1471,47
1387	04.08.2025 06:59:06	16,81	0,01	0,05	0,09	1471,47
1388	04.08.2025 06:59:07	16,81	0,01	0,05	0,09	1471,47
1389	04.08.2025 06:59:08	16,81	0,01	0,05	0,09	1471,47
1390	04.08.2025 06:59:09	16,81	0,01	0,05	0,09	1471,47
1391	04.08.2025 06:59:10	16,81	0,01	0,05	0,09	1471,47
1392	04.08.2025 06:59:11	16,81	-0,01	0,05	0,09	1471,46
1393	04.08.2025 06:59:12	16,81	0,01	0,05	0,09	1471,47
1394	04.08.2025 06:59:13	16,81	0,01	0,05	0,09	1471,47
1395	04.08.2025 06:59:14	16,81	0,01	0,05	0,09	1471,47
1396	04.08.2025 06:59:15	16,81	-0,01	0,05	0,09	1471,46
1397	04.08.2025 06:59:16	16,84	0,01	0,05	0,09	1471,57
1398	04.08.2025 06:59:17	16,84	0,01	0,05	0,09	1471,57
1399	04.08.2025 06:59:18	16,84	0,01	0,05	0,09	1471,57
1400	04.08.2025 06:59:19	16,84	0,01	0,05	0,09	1471,57
1401	04.08.2025 06:59:20	16,84	-0,01	0,05	0,09	1471,57
1402	04.08.2025 06:59:21	16,84	-0,01	0,05	0,09	1471,57
1403	04.08.2025 06:59:22	16,84	-0,01	0,05	0,09	1471,57
1404	04.08.2025 06:59:23	16,84	0,01	0,05	0,09	1471,57
1405	04.08.2025 06:59:24	16,84	0,01	0,05	0,09	1471,57
1406	04.08.2025 06:59:25	16,84	0,01	0,05	0,09	1471,57
1407	04.08.2025 06:59:26	16,84	-0,01	0,05	0,09	1471,57
1408	04.08.2025 06:59:27	16,84	-0,01	0,07	0,11	1471,58
1409	04.08.2025 06:59:28	16,84	0,01	0,05	0,09	1471,57
1410	04.08.2025 06:59:29	16,84	-0,01	0,05	0,09	1471,57
1411	04.08.2025 06:59:30	16,84	-0,01	0,07	0,11	1471,58
1412	04.08.2025 06:59:31	16,84	0,01	0,05	0,09	1471,57
1413	04.08.2025 06:59:32	16,84	-0,01	0,05	0,09	1471,57
1414	04.08.2025 06:59:33	16,84	-0,01	0,05	0,09	1471,57
1415	04.08.2025 06:59:34	16,84	0,01	0,05	0,09	1471,57
1416	04.08.2025 06:59:35	16,84	-0,01	0,05	0,09	1471,57
1417	04.08.2025 06:59:36	16,84	-0,06	0,07	0,11	1471,57
1418	04.08.2025 06:59:37	16,87	-0,01	0,05	0,09	1471,67
1419	04.08.2025 06:59:38	16,87	0,01	0,05	0,09	1471,67
1420	04.08.2025 06:59:39	16,93	-0,01	0,05	0,09	1471,87
1421	04.08.2025 06:59:40	17,08	0,01	0,05	0,09	1472,38
1422	04.08.2025 06:59:41	17,20	0,01	0,05	0,09	1472,78
1423	04.08.2025 06:59:42	17,26	-0,01	0,05	0,09	1472,98
1424	04.08.2025 06:59:43	17,35	-0,01	0,05	0,09	1473,28
1425	04.08.2025 06:59:44	17,44	-0,06	0,05	0,09	1473,57
1426	04.08.2025 06:59:45	17,56	-0,08	0,04	0,06	1473,95
1427	04.08.2025 06:59:46	17,68	-0,03	0,05	0,09	1474,37
1428	04.08.2025 06:59:47	17,89	-0,15	0,04	0,06	1475,02
