#B	Created:	31.08.2025 10:36:29
##	Version	SeaStar	9.59
#5	Field separation:	0
#2	Date & Time:	1
#6	Decimal point:	,
#7	Date def.:	dd.mm.yyyy	.
#8	Time def.:	:
##	Axis	0	Temperature(°C)	clRed	FALSE
##	Axis	1	Pressure(Bar)	clBlue	FALSE
##	Axis	2	Salinity(psu)	clGreen	FALSE
##	Axis	3	Conductivity(mS/cm)	$00FF80FF	FALSE
##	Axis	4	Sound Velocity(m/sec)	$00404080	FALSE
##	Series	0	Temp(°C)	clRed	0	Temp(°C)	2
##	Series	1	Press(Bar)	clBlue	1	Press(Bar)	2
##	Series	2	Salinity(psu)	clGreen	2	Salinity(psu)	2
##	Series	3	Conduct(mS/cm)	$00FF80FF	3	Conduct(mS/cm)	2
##	Series	4	Sound Velocity(m/sec)	$00404080	4	Velocity(m/sec)	2
##	Recorder	141	DST CTD	13528
##	Chart	141S13528DAT	
#D	Data:	1374	31.08.2025 10:13:00	31.08.2025 10:35:53
1	31.08.2025 10:13:00	21,94	-0,17	0,98	1,81	1488,71
2	31.08.2025 10:13:01	21,94	-0,19	0,97	1,79	1488,69
3	31.08.2025 10:13:02	21,94	-0,19	0,99	1,84	1488,72
4	31.08.2025 10:13:03	21,94	-0,19	1,02	1,89	1488,75
5	31.08.2025 10:13:04	21,94	-0,17	1,01	1,86	1488,74
6	31.08.2025 10:13:05	21,94	-0,19	1,01	1,86	1488,74
7	31.08.2025 10:13:06	21,94	-0,17	0,94	1,73	1488,66
8	31.08.2025 10:13:07	21,94	-0,19	0,98	1,81	1488,70
9	31.08.2025 10:13:08	21,94	-0,19	0,94	1,73	1488,65
10	31.08.2025 10:13:09	21,94	-0,19	0,98	1,81	1488,70
11	31.08.2025 10:13:10	21,94	-0,19	0,98	1,81	1488,70
12	31.08.2025 10:13:11	21,94	-0,19	0,99	1,84	1488,72
13	31.08.2025 10:13:12	21,94	-0,19	0,98	1,81	1488,70
14	31.08.2025 10:13:13	21,94	-0,19	0,99	1,84	1488,72
15	31.08.2025 10:13:14	21,94	-0,17	0,97	1,79	1488,69
16	31.08.2025 10:13:15	21,94	-0,19	0,98	1,81	1488,70
17	31.08.2025 10:13:16	21,94	-0,19	1,11	2,05	1488,85
18	31.08.2025 10:13:17	21,94	-0,17	0,91	1,68	1488,62
19	31.08.2025 10:13:18	21,94	-0,19	1,14	2,10	1488,89
20	31.08.2025 10:13:19	21,94	-0,19	1,01	1,86	1488,74
21	31.08.2025 10:13:20	21,94	-0,17	1,07	1,97	1488,81
22	31.08.2025 10:13:21	21,94	-0,19	0,99	1,84	1488,72
23	31.08.2025 10:13:22	21,94	-0,19	0,98	1,81	1488,70
24	31.08.2025 10:13:23	21,94	-0,17	1,01	1,86	1488,74
25	31.08.2025 10:13:24	21,94	-0,19	0,99	1,84	1488,72
26	31.08.2025 10:13:25	21,94	-0,19	1,04	1,92	1488,77
27	31.08.2025 10:13:26	21,94	-0,19	1,07	1,97	1488,80
28	31.08.2025 10:13:27	21,91	-0,17	1,12	2,05	1488,77
29	31.08.2025 10:13:28	21,91	-0,19	1,22	2,23	1488,89
30	31.08.2025 10:13:29	21,91	-0,19	1,06	1,94	1488,70
31	31.08.2025 10:13:30	21,91	-0,19	1,10	2,02	1488,75
32	31.08.2025 10:13:31	21,91	-0,19	1,15	2,10	1488,80
33	31.08.2025 10:13:32	21,91	-0,19	1,15	2,10	1488,80
34	31.08.2025 10:13:33	21,91	-0,17	1,09	2,00	1488,74
35	31.08.2025 10:13:34	21,91	-0,17	1,09	2,00	1488,74
36	31.08.2025 10:13:35	21,91	-0,17	1,10	2,02	1488,75
37	31.08.2025 10:13:36	21,91	-0,19	1,10	2,02	1488,75
38	31.08.2025 10:13:37	21,91	-0,17	1,12	2,05	1488,77
39	31.08.2025 10:13:38	21,88	-0,17	1,10	2,02	1488,67
40	31.08.2025 10:13:39	21,88	-0,17	1,13	2,07	1488,70
41	31.08.2025 10:13:40	21,88	-0,17	1,13	2,07	1488,70
42	31.08.2025 10:13:41	21,88	-0,17	1,10	2,02	1488,67
43	31.08.2025 10:13:42	21,88	-0,21	1,09	2,00	1488,64
44	31.08.2025 10:13:43	21,88	-0,17	1,07	1,97	1488,63
45	31.08.2025 10:13:44	21,88	-0,17	1,04	1,92	1488,60
46	31.08.2025 10:13:45	21,88	-0,17	1,07	1,97	1488,63
47	31.08.2025 10:13:46	21,88	-0,17	1,07	1,97	1488,63
48	31.08.2025 10:13:47	21,88	-0,19	1,10	2,02	1488,66
49	31.08.2025 10:13:48	21,85	-0,17	1,12	2,05	1488,60
50	31.08.2025 10:13:49	21,85	-0,17	1,13	2,07	1488,62
51	31.08.2025 10:13:50	21,85	-0,17	1,13	2,07	1488,62
52	31.08.2025 10:13:51	21,85	-0,17	1,12	2,05	1488,60
53	31.08.2025 10:13:52	21,85	-0,17	1,12	2,05	1488,60
54	31.08.2025 10:13:53	21,83	-0,17	1,10	2,02	1488,50
55	31.08.2025 10:13:54	21,83	-0,17	1,10	2,02	1488,50
56	31.08.2025 10:13:55	21,83	-0,17	1,15	2,10	1488,55
57	31.08.2025 10:13:56	21,83	-0,19	1,16	2,13	1488,56
58	31.08.2025 10:13:57	21,83	-0,17	1,18	2,15	1488,58
59	31.08.2025 10:13:58	21,83	-0,17	1,18	2,15	1488,58
60	31.08.2025 10:13:59	21,83	-0,17	1,19	2,18	1488,60
61	31.08.2025 10:14:00	21,83	-0,17	1,22	2,23	1488,63
62	31.08.2025 10:14:01	21,83	-0,17	1,18	2,15	1488,58
63	31.08.2025 10:14:02	21,83	-0,15	1,21	2,21	1488,62
64	31.08.2025 10:14:03	21,83	-0,17	1,19	2,18	1488,60
65	31.08.2025 10:14:04	21,83	-0,17	1,18	2,15	1488,58
66	31.08.2025 10:14:05	21,80	-0,17	1,21	2,21	1488,53
67	31.08.2025 10:14:06	21,80	-0,17	1,18	2,15	1488,49
68	31.08.2025 10:14:07	21,80	-0,17	1,18	2,15	1488,49
69	31.08.2025 10:14:08	21,80	-0,17	1,21	2,21	1488,53
70	31.08.2025 10:14:09	21,80	-0,17	1,18	2,15	1488,49
71	31.08.2025 10:14:10	21,80	-0,17	1,18	2,15	1488,49
72	31.08.2025 10:14:11	21,80	-0,17	1,16	2,13	1488,48
73	31.08.2025 10:14:12	21,80	-0,19	1,16	2,13	1488,47
74	31.08.2025 10:14:13	21,80	-0,17	1,13	2,07	1488,44
75	31.08.2025 10:14:14	21,80	-0,17	1,12	2,05	1488,43
76	31.08.2025 10:14:15	21,80	-0,17	1,15	2,10	1488,46
77	31.08.2025 10:14:16	21,80	-0,17	1,18	2,15	1488,49
78	31.08.2025 10:14:17	21,80	-0,17	1,18	2,15	1488,49
79	31.08.2025 10:14:18	21,80	-0,17	1,16	2,13	1488,48
80	31.08.2025 10:14:19	21,80	-0,17	1,19	2,18	1488,51
81	31.08.2025 10:14:20	21,80	-0,17	1,19	2,18	1488,51
82	31.08.2025 10:14:21	21,80	-0,17	1,16	2,13	1488,48
83	31.08.2025 10:14:22	21,77	-0,19	1,18	2,15	1488,41
84	31.08.2025 10:14:23	21,77	-0,17	1,20	2,18	1488,43
85	31.08.2025 10:14:24	21,77	-0,17	1,21	2,21	1488,44
86	31.08.2025 10:14:25	21,77	-0,17	1,16	2,13	1488,39
87	31.08.2025 10:14:26	21,77	-0,17	1,20	2,18	1488,43
88	31.08.2025 10:14:27	21,77	-0,15	1,20	2,18	1488,43
89	31.08.2025 10:14:28	21,77	-0,17	1,16	2,13	1488,39
90	31.08.2025 10:14:29	21,77	-0,17	1,13	2,07	1488,36
91	31.08.2025 10:14:30	21,77	-0,17	1,13	2,07	1488,36
92	31.08.2025 10:14:31	21,77	-0,17	1,10	2,02	1488,32
93	31.08.2025 10:14:32	21,77	-0,17	1,06	1,94	1488,27
94	31.08.2025 10:14:33	21,74	-0,17	1,06	1,94	1488,19
95	31.08.2025 10:14:34	21,74	-0,19	1,09	2,00	1488,22
96	31.08.2025 10:14:35	21,74	-0,19	1,11	2,02	1488,23
97	31.08.2025 10:14:36	21,74	-0,19	1,04	1,92	1488,17
98	31.08.2025 10:14:37	21,74	-0,19	1,09	2,00	1488,22
99	31.08.2025 10:14:38	21,74	-0,19	1,07	1,97	1488,20
100	31.08.2025 10:14:39	21,74	-0,19	1,07	1,97	1488,20
101	31.08.2025 10:14:40	21,74	-0,19	1,09	2,00	1488,22
102	31.08.2025 10:14:41	21,74	-0,17	1,12	2,05	1488,25
103	31.08.2025 10:14:42	21,71	-0,17	1,14	2,07	1488,19
104	31.08.2025 10:14:43	21,71	-0,17	1,15	2,10	1488,20
105	31.08.2025 10:14:44	21,71	-0,19	1,23	2,23	1488,28
106	31.08.2025 10:14:45	21,71	-0,19	1,09	2,00	1488,13
107	31.08.2025 10:14:46	21,71	-0,19	1,17	2,13	1488,22
108	31.08.2025 10:14:47	21,71	-0,19	1,20	2,18	1488,25
109	31.08.2025 10:14:48	21,68	-0,19	1,23	2,23	1488,20
110	31.08.2025 10:14:49	21,68	-0,19	1,24	2,26	1488,22
111	31.08.2025 10:14:50	21,68	-0,19	1,21	2,21	1488,18
112	31.08.2025 10:14:51	21,68	-0,19	1,20	2,18	1488,16
113	31.08.2025 10:14:52	21,68	-0,17	1,15	2,10	1488,12
114	31.08.2025 10:14:53	21,68	-0,19	1,12	2,05	1488,08
115	31.08.2025 10:14:54	21,68	-0,17	1,11	2,02	1488,07
116	31.08.2025 10:14:55	21,65	-0,17	1,05	1,92	1487,91
117	31.08.2025 10:14:56	21,65	-0,19	1,08	1,97	1487,94
118	31.08.2025 10:14:57	21,65	-0,17	1,09	2,00	1487,96
119	31.08.2025 10:14:58	21,65	-0,19	1,09	2,00	1487,96
120	31.08.2025 10:14:59	21,65	-0,17	1,12	2,05	1488,00
121	31.08.2025 10:15:00	21,65	-0,19	1,09	2,00	1487,96
122	31.08.2025 10:15:01	21,65	-0,17	1,11	2,02	1487,98
123	31.08.2025 10:15:02	21,65	-0,19	1,09	2,00	1487,96
124	31.08.2025 10:15:03	21,65	-0,17	1,11	2,02	1487,98
125	31.08.2025 10:15:04	21,65	-0,17	1,06	1,94	1487,93
126	31.08.2025 10:15:05	21,62	-0,17	1,06	1,94	1487,84
127	31.08.2025 10:15:06	21,62	-0,17	1,06	1,94	1487,84
128	31.08.2025 10:15:07	21,62	-0,17	1,05	1,92	1487,83
129	31.08.2025 10:15:08	21,62	-0,19	1,06	1,94	1487,84
130	31.08.2025 10:15:09	21,62	-0,17	1,08	1,97	1487,86
131	31.08.2025 10:15:10	21,62	-0,17	1,09	2,00	1487,88
132	31.08.2025 10:15:11	21,62	-0,17	1,09	2,00	1487,88
133	31.08.2025 10:15:12	21,62	-0,17	1,05	1,92	1487,83
134	31.08.2025 10:15:13	21,62	-0,19	1,08	1,97	1487,86
135	31.08.2025 10:15:14	21,59	-0,17	1,08	1,97	1487,77
136	31.08.2025 10:15:15	21,59	-0,19	1,09	2,00	1487,79
137	31.08.2025 10:15:16	21,59	-0,17	1,09	2,00	1487,79
138	31.08.2025 10:15:17	21,59	-0,17	1,09	2,00	1487,79
139	31.08.2025 10:15:18	21,59	-0,17	1,11	2,02	1487,81
140	31.08.2025 10:15:19	21,59	-0,17	1,06	1,94	1487,76
141	31.08.2025 10:15:20	21,59	-0,19	1,09	2,00	1487,79
142	31.08.2025 10:15:21	21,59	-0,17	1,09	2,00	1487,79
143	31.08.2025 10:15:22	21,59	-0,17	1,11	2,02	1487,81
144	31.08.2025 10:15:23	21,59	-0,17	1,11	2,02	1487,81
145	31.08.2025 10:15:24	21,56	-0,17	1,08	1,97	1487,69
146	31.08.2025 10:15:25	21,56	-0,19	1,09	2,00	1487,70
147	31.08.2025 10:15:26	21,56	-0,17	1,06	1,94	1487,67
148	31.08.2025 10:15:27	21,56	-0,17	1,09	2,00	1487,70
149	31.08.2025 10:15:28	21,56	-0,19	1,08	1,97	1487,68
150	31.08.2025 10:15:29	21,56	-0,17	1,09	2,00	1487,70
151	31.08.2025 10:15:30	21,53	-0,19	1,10	2,00	1487,61
152	31.08.2025 10:15:31	21,53	-0,17	1,08	1,97	1487,60
153	31.08.2025 10:15:32	21,53	-0,17	1,08	1,97	1487,60
154	31.08.2025 10:15:33	21,53	-0,17	1,10	2,00	1487,62
155	31.08.2025 10:15:34	21,53	-0,19	1,08	1,97	1487,60
156	31.08.2025 10:15:35	21,53	-0,17	1,11	2,02	1487,63
157	31.08.2025 10:15:36	21,53	-0,17	1,05	1,92	1487,57
158	31.08.2025 10:15:37	21,50	-0,17	1,08	1,97	1487,51
159	31.08.2025 10:15:38	21,50	-0,17	1,08	1,97	1487,51
160	31.08.2025 10:15:39	21,50	-0,17	1,05	1,92	1487,48
161	31.08.2025 10:15:40	21,50	-0,17	1,04	1,89	1487,46
162	31.08.2025 10:15:41	21,50	-0,17	1,05	1,92	1487,48
163	31.08.2025 10:15:42	21,50	-0,17	1,07	1,94	1487,50
164	31.08.2025 10:15:43	21,50	-0,17	1,13	2,05	1487,56
165	31.08.2025 10:15:44	21,50	-0,17	1,07	1,94	1487,50
166	31.08.2025 10:15:45	21,50	-0,17	1,08	1,97	1487,51
167	31.08.2025 10:15:46	21,47	-0,19	1,08	1,97	1487,42
168	31.08.2025 10:15:47	21,47	-0,19	1,10	2,00	1487,44
169	31.08.2025 10:15:48	21,47	-0,17	1,10	2,00	1487,44
170	31.08.2025 10:15:49	21,47	-0,19	1,10	2,00	1487,44
171	31.08.2025 10:15:50	21,47	-0,19	1,07	1,94	1487,41
172	31.08.2025 10:15:51	21,47	-0,19	1,01	1,84	1487,34
173	31.08.2025 10:15:52	21,47	-0,19	1,07	1,94	1487,41
174	31.08.2025 10:15:53	21,47	-0,19	0,96	1,76	1487,29
175	31.08.2025 10:15:54	21,47	-0,17	1,01	1,84	1487,34
176	31.08.2025 10:15:55	21,44	-0,19	1,04	1,89	1487,29
177	31.08.2025 10:15:56	21,44	-0,19	1,04	1,89	1487,29
178	31.08.2025 10:15:57	21,44	-0,19	1,02	1,86	1487,27
179	31.08.2025 10:15:58	21,44	-0,19	1,01	1,84	1487,25
180	31.08.2025 10:15:59	21,44	-0,17	1,01	1,84	1487,25
181	31.08.2025 10:16:00	21,44	-0,17	1,01	1,84	1487,25
182	31.08.2025 10:16:01	21,44	-0,19	1,04	1,89	1487,29
183	31.08.2025 10:16:02	21,44	-0,17	1,02	1,86	1487,27
184	31.08.2025 10:16:03	21,44	-0,17	1,04	1,89	1487,29
185	31.08.2025 10:16:04	21,44	-0,17	1,04	1,89	1487,29
186	31.08.2025 10:16:05	21,44	-0,17	1,04	1,89	1487,29
187	31.08.2025 10:16:06	21,41	-0,19	1,04	1,89	1487,20
188	31.08.2025 10:16:07	21,41	-0,19	1,04	1,89	1487,20
189	31.08.2025 10:16:08	21,41	-0,19	1,05	1,92	1487,22
190	31.08.2025 10:16:09	21,41	-0,19	1,04	1,89	1487,20
191	31.08.2025 10:16:10	21,41	-0,19	1,04	1,89	1487,20
192	31.08.2025 10:16:11	21,41	-0,19	1,04	1,89	1487,20
193	31.08.2025 10:16:12	21,41	-0,19	1,02	1,86	1487,18
194	31.08.2025 10:16:13	21,41	-0,17	1,02	1,86	1487,18
195	31.08.2025 10:16:14	21,41	-0,17	1,02	1,86	1487,18
196	31.08.2025 10:16:15	21,39	-0,17	1,05	1,92	1487,13
197	31.08.2025 10:16:16	21,39	-0,17	1,04	1,89	1487,11
198	31.08.2025 10:16:17	21,39	-0,17	1,04	1,89	1487,11
199	31.08.2025 10:16:18	21,39	-0,17	1,02	1,86	1487,10
200	31.08.2025 10:16:19	21,39	-0,19	1,01	1,84	1487,08
201	31.08.2025 10:16:20	21,39	-0,17	1,04	1,89	1487,11
202	31.08.2025 10:16:21	21,39	-0,19	1,04	1,89	1487,11
203	31.08.2025 10:16:22	21,39	-0,19	1,02	1,86	1487,09
204	31.08.2025 10:16:23	21,36	-0,17	1,02	1,87	1487,01
205	31.08.2025 10:16:24	21,36	-0,19	1,05	1,92	1487,04
206	31.08.2025 10:16:25	21,36	-0,17	0,93	1,71	1486,91
207	31.08.2025 10:16:26	21,36	-0,17	1,16	2,10	1487,16
208	31.08.2025 10:16:27	21,36	-0,19	0,35	0,66	1486,25
209	31.08.2025 10:16:28	21,33	-0,17	0,39	0,74	1486,21
210	31.08.2025 10:16:29	21,33	-0,42	25,01	36,45	1513,78
211	31.08.2025 10:16:30	20,95	-0,22	25,87	37,28	1513,72
212	31.08.2025 10:16:31	20,56	-0,08	26,11	37,29	1512,95
213	31.08.2025 10:16:32	20,36	-0,06	26,24	37,28	1512,51
214	31.08.2025 10:16:33	20,21	-0,08	26,30	37,25	1512,17
215	31.08.2025 10:16:34	20,09	-0,03	26,35	37,23	1511,91
216	31.08.2025 10:16:35	20,00	-0,06	26,41	37,22	1511,71
217	31.08.2025 10:16:36	19,94	-0,04	26,44	37,22	1511,58
218	31.08.2025 10:16:37	19,88	-0,06	26,48	37,22	1511,45
219	31.08.2025 10:16:38	19,83	-0,04	26,51	37,22	1511,33
220	31.08.2025 10:16:39	19,77	-0,08	26,55	37,22	1511,19
221	31.08.2025 10:16:40	19,74	-0,08	26,57	37,21	1511,13
222	31.08.2025 10:16:41	19,68	-0,06	26,60	37,21	1511,00
223	31.08.2025 10:16:42	19,65	-0,06	26,62	37,21	1510,94
224	31.08.2025 10:16:43	19,62	-0,06	26,64	37,21	1510,88
225	31.08.2025 10:16:44	19,59	-0,08	26,66	37,21	1510,81
226	31.08.2025 10:16:45	19,56	-0,06	26,68	37,21	1510,75
227	31.08.2025 10:16:46	19,53	-0,08	26,69	37,21	1510,68
228	31.08.2025 10:16:47	19,50	-0,08	26,71	37,21	1510,62
229	31.08.2025 10:16:48	19,47	-0,08	26,73	37,21	1510,55
230	31.08.2025 10:16:49	19,44	-0,08	26,75	37,21	1510,49
231	31.08.2025 10:16:50	19,41	-0,10	26,77	37,20	1510,42
232	31.08.2025 10:16:51	19,38	-0,08	26,79	37,20	1510,36
233	31.08.2025 10:16:52	19,38	-0,10	26,79	37,20	1510,35
234	31.08.2025 10:16:53	19,35	-0,08	26,80	37,20	1510,29
235	31.08.2025 10:16:54	19,32	-0,08	26,82	37,20	1510,23
236	31.08.2025 10:16:55	19,32	-0,08	26,82	37,20	1510,23
237	31.08.2025 10:16:56	19,29	-0,10	26,84	37,20	1510,16
238	31.08.2025 10:16:57	19,29	-0,10	26,86	37,23	1510,18
239	31.08.2025 10:16:58	19,26	-0,10	26,86	37,20	1510,09
240	31.08.2025 10:16:59	19,23	-0,10	26,88	37,20	1510,03
241	31.08.2025 10:17:00	19,23	-0,10	26,88	37,20	1510,03
242	31.08.2025 10:17:01	19,20	-0,08	26,90	37,20	1509,97
243	31.08.2025 10:17:02	19,17	-0,10	26,93	37,22	1509,92
244	31.08.2025 10:17:03	19,17	-0,10	26,93	37,22	1509,92
245	31.08.2025 10:17:04	19,14	-0,10	26,95	37,22	1509,86
246	31.08.2025 10:17:05	19,14	-0,12	26,95	37,22	1509,85
247	31.08.2025 10:17:06	19,11	-0,12	26,97	37,22	1509,79
248	31.08.2025 10:17:07	19,11	-0,10	26,97	37,22	1509,79
249	31.08.2025 10:17:08	19,11	-0,10	26,97	37,22	1509,79
250	31.08.2025 10:17:09	19,08	-0,10	26,99	37,22	1509,73
251	31.08.2025 10:17:10	19,08	-0,10	26,99	37,22	1509,73
252	31.08.2025 10:17:11	19,08	-0,10	26,99	37,22	1509,73
253	31.08.2025 10:17:12	19,06	-0,12	27,01	37,22	1509,66
254	31.08.2025 10:17:13	19,06	-0,12	27,01	37,22	1509,66
255	31.08.2025 10:17:14	19,03	-0,12	27,03	37,22	1509,59
256	31.08.2025 10:17:15	19,03	-0,13	27,03	37,22	1509,59
257	31.08.2025 10:17:16	19,03	-0,13	27,03	37,22	1509,59
258	31.08.2025 10:17:17	19,00	-0,12	27,04	37,22	1509,53
259	31.08.2025 10:17:18	19,00	-0,13	27,04	37,22	1509,52
260	31.08.2025 10:17:19	19,00	-0,12	27,04	37,22	1509,53
261	31.08.2025 10:17:20	18,97	-0,12	27,06	37,22	1509,46
262	31.08.2025 10:17:21	18,97	-0,10	27,06	37,22	1509,47
263	31.08.2025 10:17:22	18,97	-0,10	27,06	37,22	1509,47
264	31.08.2025 10:17:23	18,94	-0,08	27,08	37,21	1509,40
265	31.08.2025 10:17:24	18,94	-0,08	27,08	37,21	1509,40
266	31.08.2025 10:17:25	18,94	-0,08	27,08	37,21	1509,40
267	31.08.2025 10:17:26	18,94	-0,08	27,08	37,21	1509,40
268	31.08.2025 10:17:27	18,91	-0,06	27,10	37,21	1509,34
269	31.08.2025 10:17:28	18,91	-0,06	27,10	37,21	1509,34
270	31.08.2025 10:17:29	18,91	-0,04	27,10	37,21	1509,34
271	31.08.2025 10:17:30	18,91	-0,06	27,10	37,21	1509,34
272	31.08.2025 10:17:31	18,88	-0,04	27,12	37,21	1509,28
273	31.08.2025 10:17:32	18,88	-0,04	27,12	37,21	1509,28
274	31.08.2025 10:17:33	18,88	-0,03	27,12	37,21	1509,28
275	31.08.2025 10:17:34	18,88	-0,01	27,12	37,21	1509,28
276	31.08.2025 10:17:35	18,88	-0,01	27,12	37,21	1509,28
277	31.08.2025 10:17:36	18,85	-0,01	27,14	37,21	1509,22
278	31.08.2025 10:17:37	18,85	0,03	27,14	37,21	1509,22
279	31.08.2025 10:17:38	18,85	0,03	27,14	37,21	1509,22
280	31.08.2025 10:17:39	18,85	0,05	27,14	37,21	1509,23
281	31.08.2025 10:17:40	18,82	0,06	27,16	37,21	1509,16
282	31.08.2025 10:17:41	18,82	0,08	27,16	37,21	1509,17
283	31.08.2025 10:17:42	18,82	0,10	27,16	37,21	1509,17
284	31.08.2025 10:17:43	18,82	0,10	27,16	37,21	1509,17
285	31.08.2025 10:17:44	18,82	0,12	27,16	37,21	1509,17
286	31.08.2025 10:17:45	18,82	0,14	27,16	37,21	1509,18
287	31.08.2025 10:17:46	18,79	0,12	27,16	37,19	1509,08
288	31.08.2025 10:17:47	18,79	0,14	27,18	37,21	1509,11
289	31.08.2025 10:17:48	18,79	0,17	27,16	37,19	1509,09
290	31.08.2025 10:17:49	18,79	0,17	27,16	37,19	1509,09
291	31.08.2025 10:17:50	18,76	0,19	27,17	37,18	1509,03
292	31.08.2025 10:17:51	18,76	0,21	27,17	37,18	1509,03
293	31.08.2025 10:17:52	18,76	0,23	27,19	37,21	1509,06
294	31.08.2025 10:17:53	18,76	0,25	27,17	37,18	1509,04
295	31.08.2025 10:17:54	18,76	0,26	27,17	37,18	1509,04
296	31.08.2025 10:17:55	18,73	0,28	27,17	37,16	1508,96
297	31.08.2025 10:17:56	18,73	0,32	27,15	37,13	1508,94
298	31.08.2025 10:17:57	18,73	0,34	27,17	37,16	1508,96
299	31.08.2025 10:17:58	18,70	0,34	27,19	37,16	1508,90
300	31.08.2025 10:17:59	18,70	0,37	27,17	37,13	1508,88
301	31.08.2025 10:18:00	18,67	0,39	27,17	37,11	1508,80
302	31.08.2025 10:18:01	18,67	0,41	27,17	37,11	1508,80
303	31.08.2025 10:18:02	18,64	0,44	27,21	37,13	1508,76
304	31.08.2025 10:18:03	18,64	0,46	27,21	37,13	1508,76
305	31.08.2025 10:18:04	18,64	0,48	27,19	37,11	1508,74
306	31.08.2025 10:18:05	18,61	0,49	27,21	37,11	1508,68
307	31.08.2025 10:18:06	18,61	0,53	27,17	37,06	1508,64
308	31.08.2025 10:18:07	18,61	0,55	27,17	37,06	1508,64
309	31.08.2025 10:18:08	18,58	0,56	27,17	37,03	1508,56
310	31.08.2025 10:18:09	18,55	0,59	27,16	37,01	1508,47
311	31.08.2025 10:18:10	18,55	0,59	27,12	36,96	1508,43
312	31.08.2025 10:18:11	18,52	0,63	27,12	36,93	1508,34
313	31.08.2025 10:18:12	18,49	0,64	27,08	36,86	1508,21
314	31.08.2025 10:18:13	18,46	0,66	27,08	36,83	1508,12
315	31.08.2025 10:18:14	18,43	0,69	27,06	36,78	1508,01
316	31.08.2025 10:18:15	18,37	0,71	27,06	36,73	1507,84
317	31.08.2025 10:18:16	18,34	0,74	27,03	36,68	1507,73
318	31.08.2025 10:18:17	18,31	0,78	27,01	36,63	1507,62
319	31.08.2025 10:18:18	18,25	0,79	27,01	36,58	1507,44
320	31.08.2025 10:18:19	18,22	0,82	27,03	36,58	1507,38
321	31.08.2025 10:18:20	18,16	0,85	27,05	36,55	1507,23
322	31.08.2025 10:18:21	18,13	0,91	27,05	36,53	1507,15
323	31.08.2025 10:18:22	18,10	0,92	27,02	36,48	1507,04
324	31.08.2025 10:18:23	18,04	0,94	27,10	36,52	1506,95
325	31.08.2025 10:18:24	18,01	0,95	27,14	36,55	1506,91
326	31.08.2025 10:18:25	17,95	0,97	27,16	36,52	1506,75
327	31.08.2025 10:18:26	17,92	0,98	27,20	36,54	1506,71
328	31.08.2025 10:18:27	17,89	1,00	27,20	36,52	1506,62
329	31.08.2025 10:18:28	17,86	0,98	27,24	36,54	1506,57
330	31.08.2025 10:18:29	17,83	0,99	27,28	36,57	1506,53
331	31.08.2025 10:18:30	17,83	0,99	27,26	36,54	1506,51
332	31.08.2025 10:18:31	17,80	0,99	27,30	36,57	1506,46
333	31.08.2025 10:18:32	17,80	0,99	27,28	36,54	1506,44
334	31.08.2025 10:18:33	17,77	1,01	27,30	36,54	1506,38
335	31.08.2025 10:18:34	17,77	1,01	27,29	36,54	1506,38
336	31.08.2025 10:18:35	17,74	1,00	27,33	36,56	1506,33
337	31.08.2025 10:18:36	17,74	1,00	27,31	36,54	1506,31
338	31.08.2025 10:18:37	17,71	1,00	27,33	36,54	1506,24
339	31.08.2025 10:18:38	17,71	1,00	27,33	36,54	1506,24
340	31.08.2025 10:18:39	17,68	1,02	27,37	36,56	1506,20
341	31.08.2025 10:18:40	17,68	1,04	27,35	36,54	1506,18
342	31.08.2025 10:18:41	17,68	1,02	27,35	36,54	1506,17
343	31.08.2025 10:18:42	17,68	1,02	27,33	36,51	1506,15
344	31.08.2025 10:18:43	17,68	1,02	27,35	36,54	1506,17
345	31.08.2025 10:18:44	17,68	1,02	27,35	36,54	1506,17
346	31.08.2025 10:18:45	17,65	1,03	27,33	36,49	1506,06
347	31.08.2025 10:18:46	17,65	1,05	27,31	36,46	1506,04
348	31.08.2025 10:18:47	17,62	1,08	27,33	36,46	1505,98
349	31.08.2025 10:18:48	17,59	1,12	27,33	36,44	1505,89
350	31.08.2025 10:18:49	17,59	1,15	27,31	36,41	1505,87
351	31.08.2025 10:18:50	17,56	1,17	27,33	36,41	1505,81
352	31.08.2025 10:18:51	17,56	1,21	27,33	36,41	1505,81
353	31.08.2025 10:18:52	17,53	1,20	27,35	36,41	1505,74
354	31.08.2025 10:18:53	17,50	1,22	27,37	36,41	1505,68
355	31.08.2025 10:18:54	17,50	1,24	27,35	36,38	1505,66
356	31.08.2025 10:18:55	17,50	1,24	27,33	36,36	1505,63
357	31.08.2025 10:18:56	17,47	1,24	27,39	36,41	1505,61
358	31.08.2025 10:18:57	17,44	1,23	27,36	36,36	1505,50
359	31.08.2025 10:18:58	17,44	1,22	27,38	36,38	1505,52
360	31.08.2025 10:18:59	17,44	1,23	27,38	36,38	1505,52
361	31.08.2025 10:19:00	17,41	1,25	27,40	36,38	1505,45
362	31.08.2025 10:19:01	17,41	1,25	27,40	36,38	1505,45
363	31.08.2025 10:19:02	17,38	1,23	27,40	36,36	1505,36
364	31.08.2025 10:19:03	17,38	1,23	27,40	36,36	1505,36
365	31.08.2025 10:19:04	17,38	1,23	27,42	36,38	1505,38
366	31.08.2025 10:19:05	17,38	1,23	27,38	36,33	1505,33
367	31.08.2025 10:19:06	17,35	1,25	27,40	36,33	1505,27
368	31.08.2025 10:19:07	17,35	1,26	27,40	36,33	1505,27
369	31.08.2025 10:19:08	17,35	1,26	27,40	36,33	1505,27
370	31.08.2025 10:19:09	17,32	1,26	27,42	36,33	1505,20
371	31.08.2025 10:19:10	17,32	1,28	27,42	36,33	1505,20
372	31.08.2025 10:19:11	17,32	1,28	27,42	36,33	1505,20
373	31.08.2025 10:19:12	17,32	1,28	27,40	36,31	1505,18
374	31.08.2025 10:19:13	17,29	1,28	27,44	36,33	1505,13
375	31.08.2025 10:19:14	17,29	1,28	27,46	36,35	1505,16
376	31.08.2025 10:19:15	17,29	1,29	27,44	36,33	1505,14
377	31.08.2025 10:19:16	17,29	1,29	27,44	36,33	1505,14
378	31.08.2025 10:19:17	17,29	1,31	27,44	36,33	1505,14
379	31.08.2025 10:19:18	17,26	1,31	27,44	36,30	1505,05
380	31.08.2025 10:19:19	17,26	1,33	27,40	36,25	1505,00
381	31.08.2025 10:19:20	17,26	1,33	27,38	36,23	1504,98
382	31.08.2025 10:19:21	17,23	1,36	27,34	36,16	1504,84
383	31.08.2025 10:19:22	17,20	1,38	27,31	36,11	1504,73
384	31.08.2025 10:19:23	17,17	1,38	27,31	36,08	1504,63
385	31.08.2025 10:19:24	17,14	1,37	27,23	35,96	1504,44
386	31.08.2025 10:19:25	17,11	1,37	27,25	35,96	1504,37
387	31.08.2025 10:19:26	17,08	1,39	27,35	36,05	1504,40
388	31.08.2025 10:19:27	17,05	1,37	27,31	35,98	1504,26
389	31.08.2025 10:19:28	17,05	1,37	27,25	35,90	1504,19
390	31.08.2025 10:19:29	17,02	1,38	27,23	35,85	1504,07
391	31.08.2025 10:19:30	16,96	1,40	27,26	35,85	1503,93
392	31.08.2025 10:19:31	16,93	1,41	27,28	35,85	1503,87
393	31.08.2025 10:19:32	16,90	1,43	27,30	35,85	1503,80
394	31.08.2025 10:19:33	16,87	1,41	27,28	35,80	1503,68
395	31.08.2025 10:19:34	16,84	1,44	27,30	35,80	1503,61
396	31.08.2025 10:19:35	16,81	1,46	27,32	35,80	1503,54
397	31.08.2025 10:19:36	16,81	1,46	27,28	35,75	1503,50
398	31.08.2025 10:19:37	16,78	1,47	27,24	35,68	1503,35
399	31.08.2025 10:19:38	16,72	1,47	27,17	35,55	1503,09
400	31.08.2025 10:19:39	16,69	1,48	27,00	35,33	1502,80
401	31.08.2025 10:19:40	16,63	1,48	26,94	35,20	1502,54
402	31.08.2025 10:19:41	16,54	1,51	26,89	35,08	1502,21
403	31.08.2025 10:19:42	16,45	1,54	26,91	35,03	1501,95
404	31.08.2025 10:19:43	16,36	1,53	26,91	34,95	1501,66
405	31.08.2025 10:19:44	16,30	1,56	26,92	34,92	1501,50
406	31.08.2025 10:19:45	16,23	1,58	26,92	34,87	1501,31
407	31.08.2025 10:19:46	16,20	1,57	26,90	34,82	1501,18
408	31.08.2025 10:19:47	16,11	1,59	26,92	34,77	1500,92
409	31.08.2025 10:19:48	16,05	1,60	26,79	34,57	1500,58
410	31.08.2025 10:19:49	15,93	1,61	26,83	34,52	1500,24
411	31.08.2025 10:19:50	15,81	1,64	26,76	34,35	1499,77
412	31.08.2025 10:19:51	15,72	1,67	26,79	34,32	1499,53
413	31.08.2025 10:19:52	15,60	1,66	26,81	34,24	1499,16
414	31.08.2025 10:19:53	15,50	1,69	26,83	34,19	1498,89
415	31.08.2025 10:19:54	15,41	1,71	26,76	34,04	1498,52
416	31.08.2025 10:19:55	15,35	1,71	26,74	33,96	1498,30
417	31.08.2025 10:19:56	15,26	1,72	26,73	33,89	1498,00
418	31.08.2025 10:19:57	15,14	1,75	26,70	33,76	1497,58
419	31.08.2025 10:19:58	15,04	1,74	26,61	33,59	1497,17
420	31.08.2025 10:19:59	14,95	1,75	26,65	33,56	1496,92
421	31.08.2025 10:20:00	14,83	1,78	26,78	33,61	1496,67
422	31.08.2025 10:20:01	14,77	1,81	26,97	33,78	1496,70
423	31.08.2025 10:20:02	14,71	1,84	27,10	33,87	1496,66
424	31.08.2025 10:20:03	14,71	1,84	27,12	33,90	1496,68
425	31.08.2025 10:20:04	14,67	1,84	27,18	33,95	1496,66
426	31.08.2025 10:20:05	14,64	1,87	27,18	33,92	1496,56
427	31.08.2025 10:20:06	14,61	1,85	27,03	33,72	1496,28
428	31.08.2025 10:20:07	14,55	1,87	26,77	33,38	1495,76
429	31.08.2025 10:20:08	14,40	1,87	26,67	33,15	1495,14
430	31.08.2025 10:20:09	14,24	1,92	26,78	33,15	1494,76
431	31.08.2025 10:20:10	14,12	1,96	26,92	33,22	1494,53
432	31.08.2025 10:20:11	14,02	1,96	26,92	33,14	1494,22
433	31.08.2025 10:20:12	13,93	1,97	26,92	33,07	1493,91
434	31.08.2025 10:20:13	13,84	2,00	26,89	32,97	1493,57
435	31.08.2025 10:20:14	13,74	2,03	26,80	32,79	1493,15
436	31.08.2025 10:20:15	13,59	2,01	26,82	32,69	1492,64
437	31.08.2025 10:20:16	13,40	2,05	26,90	32,64	1492,12
438	31.08.2025 10:20:17	13,27	2,08	26,96	32,61	1491,77
439	31.08.2025 10:20:18	13,18	2,11	27,00	32,58	1491,51
440	31.08.2025 10:20:19	13,09	2,14	27,07	32,58	1491,27
441	31.08.2025 10:20:20	12,99	2,15	27,11	32,55	1491,00
442	31.08.2025 10:20:21	12,93	2,18	27,15	32,55	1490,84
443	31.08.2025 10:20:22	12,87	2,18	27,20	32,55	1490,68
444	31.08.2025 10:20:23	12,80	2,19	27,24	32,55	1490,52
445	31.08.2025 10:20:24	12,77	2,21	27,24	32,52	1490,41
446	31.08.2025 10:20:25	12,74	2,22	27,24	32,50	1490,30
447	31.08.2025 10:20:26	12,68	2,24	27,28	32,50	1490,14
448	31.08.2025 10:20:27	12,61	2,25	27,31	32,47	1489,95
449	31.08.2025 10:20:28	12,55	2,24	27,30	32,42	1489,73
450	31.08.2025 10:20:29	12,49	2,26	27,28	32,34	1489,49
451	31.08.2025 10:20:30	12,39	2,27	27,21	32,19	1489,07
452	31.08.2025 10:20:31	12,30	2,28	27,18	32,09	1488,71
453	31.08.2025 10:20:32	12,20	2,31	27,16	31,99	1488,36
454	31.08.2025 10:20:33	12,07	2,30	27,25	31,99	1488,02
455	31.08.2025 10:20:34	11,98	2,33	27,29	31,96	1487,74
456	31.08.2025 10:20:35	11,88	2,36	27,34	31,94	1487,47
457	31.08.2025 10:20:36	11,82	2,39	27,24	31,79	1487,13
458	31.08.2025 10:20:37	11,72	2,38	27,15	31,61	1486,68
459	31.08.2025 10:20:38	11,59	2,41	27,08	31,44	1486,14
460	31.08.2025 10:20:39	11,43	2,43	27,07	31,31	1485,57
461	31.08.2025 10:20:40	11,27	2,44	27,05	31,16	1484,96
462	31.08.2025 10:20:41	11,11	2,48	27,09	31,08	1484,45
463	31.08.2025 10:20:42	10,95	2,51	27,11	30,98	1483,90
464	31.08.2025 10:20:43	10,82	2,53	27,13	30,91	1483,46
465	31.08.2025 10:20:44	10,69	2,56	27,15	30,83	1483,02
466	31.08.2025 10:20:45	10,56	2,59	27,22	30,80	1482,64
467	31.08.2025 10:20:46	10,46	2,60	27,25	30,75	1482,32
468	31.08.2025 10:20:47	10,33	2,62	27,29	30,70	1481,90
469	31.08.2025 10:20:48	10,23	2,63	27,29	30,62	1481,54
470	31.08.2025 10:20:49	10,13	2,66	27,32	30,57	1481,22
471	31.08.2025 10:20:50	10,03	2,67	27,29	30,47	1480,83
472	31.08.2025 10:20:51	9,90	2,68	27,27	30,35	1480,31
473	31.08.2025 10:20:52	9,77	2,73	27,22	30,20	1479,77
474	31.08.2025 10:20:53	9,64	2,74	27,14	30,02	1479,19
475	31.08.2025 10:20:54	9,44	2,78	27,17	29,90	1478,48
476	31.08.2025 10:20:55	9,27	2,80	27,17	29,77	1477,87
477	31.08.2025 10:20:56	9,11	2,82	26,99	29,47	1477,02
478	31.08.2025 10:20:57	8,91	2,85	26,97	29,30	1476,24
479	31.08.2025 10:20:58	8,67	2,88	26,99	29,14	1475,38
480	31.08.2025 10:20:59	8,47	2,92	27,07	29,07	1474,71
481	31.08.2025 10:21:00	8,27	2,94	27,12	28,97	1474,00
482	31.08.2025 10:21:01	8,10	2,97	27,19	28,92	1473,45
483	31.08.2025 10:21:02	7,96	3,01	27,25	28,86	1472,99
484	31.08.2025 10:21:03	7,82	3,04	27,33	28,84	1472,57
485	31.08.2025 10:21:04	7,69	3,05	27,38	28,79	1472,10
486	31.08.2025 10:21:05	7,55	3,09	27,38	28,69	1471,58
487	31.08.2025 10:21:06	7,45	3,10	27,36	28,59	1471,15
488	31.08.2025 10:21:07	7,31	3,14	27,47	28,58	1470,75
489	31.08.2025 10:21:08	7,17	3,15	27,55	28,56	1470,31
490	31.08.2025 10:21:09	7,07	3,16	27,63	28,56	1470,01
491	31.08.2025 10:21:10	6,96	3,17	27,68	28,53	1469,67
492	31.08.2025 10:21:11	6,89	3,19	27,74	28,53	1469,46
493	31.08.2025 10:21:12	6,82	3,20	27,79	28,53	1469,26
494	31.08.2025 10:21:13	6,75	3,23	27,80	28,48	1468,99
495	31.08.2025 10:21:14	6,65	3,24	27,88	28,48	1468,68
496	31.08.2025 10:21:15	6,58	3,25	27,94	28,48	1468,47
497	31.08.2025 10:21:16	6,51	3,27	27,99	28,48	1468,27
498	31.08.2025 10:21:17	6,44	3,26	28,11	28,53	1468,13
499	31.08.2025 10:21:18	6,40	3,29	28,13	28,53	1468,03
500	31.08.2025 10:21:19	6,37	3,31	28,14	28,50	1467,89
501	31.08.2025 10:21:20	6,33	3,33	28,14	28,48	1467,76
502	31.08.2025 10:21:21	6,26	3,34	28,14	28,43	1467,48
503	31.08.2025 10:21:22	6,23	3,35	28,09	28,35	1467,27
504	31.08.2025 10:21:23	6,16	3,38	28,01	28,23	1466,90
505	31.08.2025 10:21:24	6,05	3,39	27,96	28,10	1466,41
506	31.08.2025 10:21:25	5,94	3,42	28,00	28,05	1466,02
507	31.08.2025 10:21:26	5,80	3,45	28,06	28,00	1465,53
508	31.08.2025 10:21:27	5,73	3,48	28,06	27,95	1465,25
509	31.08.2025 10:21:28	5,62	3,51	28,10	27,90	1464,86
510	31.08.2025 10:21:29	5,52	3,54	28,16	27,88	1464,51
511	31.08.2025 10:21:30	5,41	3,56	28,27	27,90	1464,22
512	31.08.2025 10:21:31	5,30	3,59	28,39	27,93	1463,93
513	31.08.2025 10:21:32	5,27	3,61	28,39	27,90	1463,79
514	31.08.2025 10:21:33	5,19	3,64	28,34	27,80	1463,44
515	31.08.2025 10:21:34	5,09	3,67	28,32	27,71	1462,97
516	31.08.2025 10:21:35	5,01	3,70	28,30	27,63	1462,64
517	31.08.2025 10:21:36	4,91	3,71	28,23	27,48	1462,10
518	31.08.2025 10:21:37	4,76	3,75	28,13	27,29	1461,37
519	31.08.2025 10:21:38	4,61	3,79	28,14	27,19	1460,78
520	31.08.2025 10:21:39	4,47	3,82	28,23	27,16	1460,30
521	31.08.2025 10:21:40	4,32	3,86	28,33	27,14	1459,81
522	31.08.2025 10:21:41	4,21	3,89	28,40	27,11	1459,44
523	31.08.2025 10:21:42	4,10	3,92	28,46	27,09	1459,06
524	31.08.2025 10:21:43	4,03	3,95	28,53	27,09	1458,84
525	31.08.2025 10:21:44	3,92	3,98	28,62	27,09	1458,50
526	31.08.2025 10:21:45	3,84	4,01	28,66	27,06	1458,24
527	31.08.2025 10:21:46	3,77	4,05	28,72	27,06	1458,01
528	31.08.2025 10:21:47	3,66	4,06	28,80	27,04	1457,63
529	31.08.2025 10:21:48	3,58	4,08	28,83	27,01	1457,36
530	31.08.2025 10:21:49	3,51	4,11	28,84	26,97	1457,06
531	31.08.2025 10:21:50	3,43	4,14	28,88	26,94	1456,79
532	31.08.2025 10:21:51	3,36	4,17	28,92	26,92	1456,52
533	31.08.2025 10:21:52	3,28	4,18	28,98	26,92	1456,29
534	31.08.2025 10:21:53	3,21	4,19	29,02	26,89	1456,02
535	31.08.2025 10:21:54	3,13	4,20	29,09	26,89	1455,78
536	31.08.2025 10:21:55	3,06	4,22	29,16	26,90	1455,55
537	31.08.2025 10:21:56	2,98	4,23	29,23	26,90	1455,31
538	31.08.2025 10:21:57	2,94	4,23	29,26	26,90	1455,19
539	31.08.2025 10:21:58	2,91	4,26	29,30	26,90	1455,08
540	31.08.2025 10:21:59	2,87	4,26	29,30	26,87	1454,92
541	31.08.2025 10:22:00	2,83	4,25	29,34	26,87	1454,80
542	31.08.2025 10:22:01	2,75	4,27	29,41	26,87	1454,57
543	31.08.2025 10:22:02	2,72	4,28	29,44	26,87	1454,45
544	31.08.2025 10:22:03	2,68	4,26	29,51	26,90	1454,37
545	31.08.2025 10:22:04	2,64	4,26	29,55	26,90	1454,25
546	31.08.2025 10:22:05	2,60	4,27	29,58	26,90	1454,13
547	31.08.2025 10:22:06	2,56	4,27	29,62	26,90	1454,01
548	31.08.2025 10:22:07	2,53	4,27	29,62	26,88	1453,85
549	31.08.2025 10:22:08	2,49	4,28	29,69	26,90	1453,77
550	31.08.2025 10:22:09	2,45	4,28	29,73	26,90	1453,65
551	31.08.2025 10:22:10	2,45	4,28	29,73	26,90	1453,65
552	31.08.2025 10:22:11	2,41	4,28	29,76	26,90	1453,53
553	31.08.2025 10:22:12	2,37	4,27	29,80	26,90	1453,41
554	31.08.2025 10:22:13	2,33	4,29	29,83	26,90	1453,29
555	31.08.2025 10:22:14	2,33	4,27	29,83	26,90	1453,29
556	31.08.2025 10:22:15	2,30	4,29	29,87	26,90	1453,17
557	31.08.2025 10:22:16	2,30	4,30	29,87	26,90	1453,17
558	31.08.2025 10:22:17	2,26	4,28	29,91	26,91	1453,05
559	31.08.2025 10:22:18	2,22	4,28	29,94	26,91	1452,93
560	31.08.2025 10:22:19	2,22	4,28	29,94	26,91	1452,93
561	31.08.2025 10:22:20	2,18	4,28	29,98	26,91	1452,81
562	31.08.2025 10:22:21	2,18	4,28	29,98	26,91	1452,81
563	31.08.2025 10:22:22	2,14	4,27	30,02	26,91	1452,68
564	31.08.2025 10:22:23	2,14	4,29	30,02	26,91	1452,69
565	31.08.2025 10:22:24	2,10	4,29	30,06	26,91	1452,56
566	31.08.2025 10:22:25	2,10	4,29	30,06	26,91	1452,56
567	31.08.2025 10:22:26	2,07	4,29	30,09	26,91	1452,44
568	31.08.2025 10:22:27	2,07	4,29	30,09	26,91	1452,44
569	31.08.2025 10:22:28	2,03	4,28	30,13	26,91	1452,32
570	31.08.2025 10:22:29	2,03	4,30	30,13	26,91	1452,32
571	31.08.2025 10:22:30	1,99	4,30	30,17	26,91	1452,20
572	31.08.2025 10:22:31	1,99	4,30	30,17	26,91	1452,20
573	31.08.2025 10:22:32	1,95	4,28	30,21	26,91	1452,08
574	31.08.2025 10:22:33	1,95	4,30	30,21	26,91	1452,08
575	31.08.2025 10:22:34	1,95	4,28	30,24	26,93	1452,12
576	31.08.2025 10:22:35	1,91	4,29	30,34	26,99	1452,08
577	31.08.2025 10:22:36	1,91	4,27	30,24	26,91	1451,95
578	31.08.2025 10:22:37	1,91	4,27	30,24	26,91	1451,95
579	31.08.2025 10:22:38	1,91	4,27	30,24	26,91	1451,95
580	31.08.2025 10:22:39	1,87	4,27	30,28	26,91	1451,83
581	31.08.2025 10:22:40	1,87	4,25	30,28	26,91	1451,83
582	31.08.2025 10:22:41	1,83	4,27	30,32	26,91	1451,71
583	31.08.2025 10:22:42	1,83	4,25	30,32	26,91	1451,71
584	31.08.2025 10:22:43	1,83	4,27	30,32	26,91	1451,71
585	31.08.2025 10:22:44	1,79	4,27	30,39	26,94	1451,63
586	31.08.2025 10:22:45	1,79	4,25	30,36	26,91	1451,58
587	31.08.2025 10:22:46	1,79	4,25	30,39	26,94	1451,62
588	31.08.2025 10:22:47	1,76	4,24	30,40	26,91	1451,46
589	31.08.2025 10:22:48	1,76	4,24	30,40	26,91	1451,46
590	31.08.2025 10:22:49	1,76	4,24	30,40	26,91	1451,46
591	31.08.2025 10:22:50	1,76	4,23	30,40	26,91	1451,46
592	31.08.2025 10:22:51	1,72	4,24	30,44	26,91	1451,34
593	31.08.2025 10:22:52	1,72	4,24	30,44	26,91	1451,34
594	31.08.2025 10:22:53	1,72	4,24	30,44	26,91	1451,34
595	31.08.2025 10:22:54	1,72	4,24	30,44	26,91	1451,34
596	31.08.2025 10:22:55	1,72	4,24	30,44	26,91	1451,34
597	31.08.2025 10:22:56	1,68	4,24	30,47	26,92	1451,22
598	31.08.2025 10:22:57	1,68	4,24	30,51	26,94	1451,26
599	31.08.2025 10:22:58	1,68	4,24	30,47	26,92	1451,22
600	31.08.2025 10:22:59	1,68	4,22	30,47	26,92	1451,21
601	31.08.2025 10:23:00	1,68	4,22	30,47	26,92	1451,21
602	31.08.2025 10:23:01	1,68	4,22	30,47	26,92	1451,21
603	31.08.2025 10:23:02	1,64	4,20	30,51	26,92	1451,09
604	31.08.2025 10:23:03	1,64	4,22	30,51	26,92	1451,09
605	31.08.2025 10:23:04	1,64	4,22	30,51	26,92	1451,09
606	31.08.2025 10:23:05	1,64	4,22	30,51	26,92	1451,09
607	31.08.2025 10:23:06	1,64	4,22	30,51	26,92	1451,09
608	31.08.2025 10:23:07	1,64	4,20	30,51	26,92	1451,09
609	31.08.2025 10:23:08	1,64	4,20	30,54	26,94	1451,13
610	31.08.2025 10:23:09	1,64	4,20	30,51	26,92	1451,09
611	31.08.2025 10:23:10	1,64	4,22	30,51	26,92	1451,09
612	31.08.2025 10:23:11	1,64	4,20	30,51	26,92	1451,09
613	31.08.2025 10:23:12	1,60	4,22	30,55	26,92	1450,97
614	31.08.2025 10:23:13	1,60	4,22	30,55	26,92	1450,97
615	31.08.2025 10:23:14	1,60	4,22	30,55	26,92	1450,97
616	31.08.2025 10:23:15	1,60	4,20	30,55	26,92	1450,96
617	31.08.2025 10:23:16	1,60	4,22	30,58	26,94	1451,01
618	31.08.2025 10:23:17	1,60	4,22	30,58	26,94	1451,01
619	31.08.2025 10:23:18	1,60	4,22	30,58	26,94	1451,01
620	31.08.2025 10:23:19	1,56	4,21	30,62	26,94	1450,88
621	31.08.2025 10:23:20	1,60	4,22	30,58	26,94	1451,01
622	31.08.2025 10:23:21	1,56	4,21	30,62	26,94	1450,88
623	31.08.2025 10:23:22	1,56	4,21	30,62	26,94	1450,88
624	31.08.2025 10:23:23	1,56	4,21	30,62	26,94	1450,88
625	31.08.2025 10:23:24	1,56	4,21	30,62	26,94	1450,88
626	31.08.2025 10:23:25	1,56	4,21	30,62	26,94	1450,88
627	31.08.2025 10:23:26	1,56	4,21	30,62	26,94	1450,88
628	31.08.2025 10:23:27	1,56	4,23	30,62	26,94	1450,89
629	31.08.2025 10:23:28	1,56	4,23	30,62	26,94	1450,89
630	31.08.2025 10:23:29	1,56	4,21	30,59	26,92	1450,84
631	31.08.2025 10:23:30	1,56	4,21	30,59	26,92	1450,84
632	31.08.2025 10:23:31	1,56	4,23	30,62	26,94	1450,89
633	31.08.2025 10:23:32	1,52	4,23	30,66	26,94	1450,76
634	31.08.2025 10:23:33	1,52	4,23	30,66	26,94	1450,76
635	31.08.2025 10:23:34	1,52	4,23	30,63	26,92	1450,72
636	31.08.2025 10:23:35	1,52	4,21	30,66	26,94	1450,76
637	31.08.2025 10:23:36	1,52	4,23	30,66	26,94	1450,76
638	31.08.2025 10:23:37	1,52	4,23	30,63	26,92	1450,72
639	31.08.2025 10:23:38	1,52	4,21	30,66	26,94	1450,76
640	31.08.2025 10:23:39	1,52	4,21	30,63	26,92	1450,72
641	31.08.2025 10:23:40	1,52	4,23	30,66	26,94	1450,76
642	31.08.2025 10:23:41	1,52	4,21	30,66	26,94	1450,76
643	31.08.2025 10:23:42	1,52	4,21	30,63	26,92	1450,72
644	31.08.2025 10:23:43	1,52	4,23	30,66	26,94	1450,76
645	31.08.2025 10:23:44	1,52	4,21	30,63	26,92	1450,72
646	31.08.2025 10:23:45	1,52	4,23	30,66	26,94	1450,76
647	31.08.2025 10:23:46	1,52	4,21	30,66	26,94	1450,76
648	31.08.2025 10:23:47	1,48	4,22	30,70	26,94	1450,64
649	31.08.2025 10:23:48	1,48	4,24	30,70	26,94	1450,64
650	31.08.2025 10:23:49	1,48	4,22	30,70	26,94	1450,64
651	31.08.2025 10:23:50	1,48	4,22	30,67	26,92	1450,60
652	31.08.2025 10:23:51	1,48	4,24	30,67	26,92	1450,60
653	31.08.2025 10:23:52	1,48	4,22	30,70	26,94	1450,64
654	31.08.2025 10:23:53	1,48	4,24	30,67	26,92	1450,60
655	31.08.2025 10:23:54	1,48	4,22	30,70	26,94	1450,64
656	31.08.2025 10:23:55	1,48	4,22	30,67	26,92	1450,60
657	31.08.2025 10:23:56	1,48	4,22	30,70	26,94	1450,64
658	31.08.2025 10:23:57	1,48	4,24	30,67	26,92	1450,60
659	31.08.2025 10:23:58	1,48	4,21	30,67	26,92	1450,60
660	31.08.2025 10:23:59	1,48	4,22	30,67	26,92	1450,60
661	31.08.2025 10:24:00	1,48	4,24	30,67	26,92	1450,60
662	31.08.2025 10:24:01	1,48	4,22	30,67	26,92	1450,60
663	31.08.2025 10:24:02	1,48	4,24	30,67	26,92	1450,60
664	31.08.2025 10:24:03	1,48	4,24	30,70	26,94	1450,64
665	31.08.2025 10:24:04	1,48	4,24	30,70	26,94	1450,64
666	31.08.2025 10:24:05	1,48	4,24	30,70	26,94	1450,64
667	31.08.2025 10:24:06	1,48	4,22	30,70	26,94	1450,64
668	31.08.2025 10:24:07	1,48	4,24	30,67	26,92	1450,60
669	31.08.2025 10:24:08	1,48	4,22	30,70	26,94	1450,64
670	31.08.2025 10:24:09	1,48	4,22	30,67	26,92	1450,60
671	31.08.2025 10:24:10	1,48	4,24	30,67	26,92	1450,60
672	31.08.2025 10:24:11	1,48	4,22	30,67	26,92	1450,60
673	31.08.2025 10:24:12	1,48	4,22	30,70	26,94	1450,64
674	31.08.2025 10:24:13	1,48	4,22	30,70	26,94	1450,64
675	31.08.2025 10:24:14	1,48	4,22	30,70	26,94	1450,64
676	31.08.2025 10:24:15	1,48	4,24	30,67	26,92	1450,60
677	31.08.2025 10:24:16	1,44	4,22	30,74	26,95	1450,52
678	31.08.2025 10:24:17	1,44	4,22	30,74	26,95	1450,52
679	31.08.2025 10:24:18	1,44	4,22	30,74	26,95	1450,52
680	31.08.2025 10:24:19	1,44	4,22	30,74	26,95	1450,52
681	31.08.2025 10:24:20	1,44	4,22	30,74	26,95	1450,52
682	31.08.2025 10:24:21	1,44	4,22	30,74	26,95	1450,52
683	31.08.2025 10:24:22	1,44	4,22	30,74	26,95	1450,52
684	31.08.2025 10:24:23	1,44	4,22	30,74	26,95	1450,52
685	31.08.2025 10:24:24	1,44	4,22	30,74	26,95	1450,52
686	31.08.2025 10:24:25	1,44	4,22	30,74	26,95	1450,52
687	31.08.2025 10:24:26	1,44	4,24	30,74	26,95	1450,52
688	31.08.2025 10:24:27	1,44	4,22	30,74	26,95	1450,52
689	31.08.2025 10:24:28	1,44	4,22	30,74	26,95	1450,52
690	31.08.2025 10:24:29	1,44	4,22	30,74	26,95	1450,52
691	31.08.2025 10:24:30	1,44	4,22	30,74	26,95	1450,52
692	31.08.2025 10:24:31	1,44	4,22	30,74	26,95	1450,52
693	31.08.2025 10:24:32	1,44	4,22	30,74	26,95	1450,52
694	31.08.2025 10:24:33	1,44	4,22	30,71	26,92	1450,47
695	31.08.2025 10:24:34	1,44	4,22	30,74	26,95	1450,52
696	31.08.2025 10:24:35	1,44	4,22	30,74	26,95	1450,52
697	31.08.2025 10:24:36	1,44	4,22	30,71	26,92	1450,47
698	31.08.2025 10:24:37	1,44	4,24	30,74	26,95	1450,52
699	31.08.2025 10:24:38	1,44	4,22	30,74	26,95	1450,52
700	31.08.2025 10:24:39	1,44	4,22	30,74	26,95	1450,52
701	31.08.2025 10:24:40	1,44	4,24	30,74	26,95	1450,52
702	31.08.2025 10:24:41	1,44	4,22	30,74	26,95	1450,52
703	31.08.2025 10:24:42	1,44	4,24	30,71	26,92	1450,48
704	31.08.2025 10:24:43	1,44	4,24	30,74	26,95	1450,52
705	31.08.2025 10:24:44	1,44	4,24	30,74	26,95	1450,52
706	31.08.2025 10:24:45	1,44	4,22	30,74	26,95	1450,52
707	31.08.2025 10:24:46	1,44	4,22	30,74	26,95	1450,52
708	31.08.2025 10:24:47	1,44	4,20	30,71	26,92	1450,47
709	31.08.2025 10:24:48	1,44	4,22	30,74	26,95	1450,52
710	31.08.2025 10:24:49	1,44	4,22	30,71	26,92	1450,47
711	31.08.2025 10:24:50	1,44	4,22	30,74	26,95	1450,52
712	31.08.2025 10:24:51	1,44	4,22	30,74	26,95	1450,52
713	31.08.2025 10:24:52	1,44	4,22	30,74	26,95	1450,52
714	31.08.2025 10:24:53	1,44	4,20	30,71	26,92	1450,47
715	31.08.2025 10:24:54	1,44	4,20	30,71	26,92	1450,47
716	31.08.2025 10:24:55	1,44	4,20	30,71	26,92	1450,47
717	31.08.2025 10:24:56	1,44	4,22	30,74	26,95	1450,52
718	31.08.2025 10:24:57	1,44	4,22	30,74	26,95	1450,52
719	31.08.2025 10:24:58	1,44	4,22	30,74	26,95	1450,52
720	31.08.2025 10:24:59	1,44	4,22	30,74	26,95	1450,52
721	31.08.2025 10:25:00	1,44	4,22	30,74	26,95	1450,52
722	31.08.2025 10:25:01	1,44	4,20	30,71	26,92	1450,47
723	31.08.2025 10:25:02	1,44	4,22	30,74	26,95	1450,52
724	31.08.2025 10:25:03	1,44	4,22	30,71	26,92	1450,47
725	31.08.2025 10:25:04	1,44	4,20	30,74	26,95	1450,51
726	31.08.2025 10:25:05	1,44	4,20	30,74	26,95	1450,51
727	31.08.2025 10:25:06	1,44	4,19	30,71	26,92	1450,47
728	31.08.2025 10:25:07	1,44	4,19	30,74	26,95	1450,51
729	31.08.2025 10:25:08	1,44	4,19	30,74	26,95	1450,51
730	31.08.2025 10:25:09	1,44	4,20	30,74	26,95	1450,51
731	31.08.2025 10:25:10	1,44	4,19	30,74	26,95	1450,51
732	31.08.2025 10:25:11	1,44	4,19	30,74	26,95	1450,51
733	31.08.2025 10:25:12	1,44	4,19	30,74	26,95	1450,51
734	31.08.2025 10:25:13	1,44	4,17	30,74	26,95	1450,51
735	31.08.2025 10:25:14	1,44	4,17	30,74	26,95	1450,51
736	31.08.2025 10:25:15	1,44	4,15	30,74	26,95	1450,51
737	31.08.2025 10:25:16	1,44	4,13	30,74	26,95	1450,50
738	31.08.2025 10:25:17	1,44	4,13	30,74	26,95	1450,50
739	31.08.2025 10:25:18	1,44	4,13	30,74	26,95	1450,50
740	31.08.2025 10:25:19	1,44	4,11	30,74	26,95	1450,50
741	31.08.2025 10:25:20	1,44	4,13	30,74	26,95	1450,50
742	31.08.2025 10:25:21	1,44	4,10	30,71	26,92	1450,46
743	31.08.2025 10:25:22	1,44	4,11	30,74	26,95	1450,50
744	31.08.2025 10:25:23	1,44	4,11	30,74	26,95	1450,50
745	31.08.2025 10:25:24	1,44	4,10	30,74	26,95	1450,50
746	31.08.2025 10:25:25	1,44	4,11	30,74	26,95	1450,50
747	31.08.2025 10:25:26	1,44	4,10	30,74	26,95	1450,50
748	31.08.2025 10:25:27	1,44	4,10	30,74	26,95	1450,50
749	31.08.2025 10:25:28	1,44	4,08	30,74	26,95	1450,49
750	31.08.2025 10:25:29	1,44	4,08	30,74	26,95	1450,49
751	31.08.2025 10:25:30	1,44	4,10	30,74	26,95	1450,50
752	31.08.2025 10:25:31	1,44	4,10	30,74	26,95	1450,50
753	31.08.2025 10:25:32	1,44	4,10	30,74	26,95	1450,50
754	31.08.2025 10:25:33	1,44	4,10	30,74	26,95	1450,50
755	31.08.2025 10:25:34	1,44	4,11	30,74	26,95	1450,50
756	31.08.2025 10:25:35	1,44	4,15	30,74	26,95	1450,51
757	31.08.2025 10:25:36	1,44	4,17	30,74	26,95	1450,51
758	31.08.2025 10:25:37	1,44	4,20	30,74	26,95	1450,51
759	31.08.2025 10:25:38	1,44	4,24	30,71	26,92	1450,48
760	31.08.2025 10:25:39	1,44	4,26	30,74	26,95	1450,52
761	31.08.2025 10:25:40	1,44	4,27	30,74	26,95	1450,52
762	31.08.2025 10:25:41	1,44	4,26	30,74	26,95	1450,52
763	31.08.2025 10:25:42	1,44	4,26	30,74	26,95	1450,52
764	31.08.2025 10:25:43	1,44	4,24	30,74	26,95	1450,52
765	31.08.2025 10:25:44	1,44	4,26	30,74	26,95	1450,52
766	31.08.2025 10:25:45	1,44	4,24	30,74	26,95	1450,52
767	31.08.2025 10:25:46	1,44	4,22	30,74	26,95	1450,52
768	31.08.2025 10:25:47	1,44	4,22	30,74	26,95	1450,52
769	31.08.2025 10:25:48	1,44	4,22	30,74	26,95	1450,52
770	31.08.2025 10:25:49	1,44	4,19	30,74	26,95	1450,51
771	31.08.2025 10:25:50	1,44	4,19	30,74	26,95	1450,51
772	31.08.2025 10:25:51	1,44	4,19	30,74	26,95	1450,51
773	31.08.2025 10:25:52	1,44	4,19	30,71	26,92	1450,47
774	31.08.2025 10:25:53	1,44	4,19	30,74	26,95	1450,51
775	31.08.2025 10:25:54	1,44	4,19	30,71	26,92	1450,47
776	31.08.2025 10:25:55	1,44	4,20	30,71	26,92	1450,47
777	31.08.2025 10:25:56	1,44	4,20	30,71	26,92	1450,47
778	31.08.2025 10:25:57	1,44	4,24	30,74	26,95	1450,52
779	31.08.2025 10:25:58	1,44	4,22	30,74	26,95	1450,52
780	31.08.2025 10:25:59	1,44	4,22	30,71	26,92	1450,47
781	31.08.2025 10:26:00	1,44	4,22	30,71	26,92	1450,47
782	31.08.2025 10:26:01	1,44	4,22	30,74	26,95	1450,52
783	31.08.2025 10:26:02	1,44	4,20	30,74	26,95	1450,51
784	31.08.2025 10:26:03	1,44	4,20	30,74	26,95	1450,51
785	31.08.2025 10:26:04	1,44	4,19	30,74	26,95	1450,51
786	31.08.2025 10:26:05	1,44	4,19	30,74	26,95	1450,51
787	31.08.2025 10:26:06	1,44	4,19	30,71	26,92	1450,47
788	31.08.2025 10:26:07	1,44	4,19	30,74	26,95	1450,51
789	31.08.2025 10:26:08	1,44	4,19	30,74	26,95	1450,51
790	31.08.2025 10:26:09	1,44	4,17	30,74	26,95	1450,51
791	31.08.2025 10:26:10	1,44	4,19	30,74	26,95	1450,51
792	31.08.2025 10:26:11	1,44	4,17	30,71	26,92	1450,47
793	31.08.2025 10:26:12	1,44	4,17	30,74	26,95	1450,51
794	31.08.2025 10:26:13	1,44	4,15	30,74	26,95	1450,51
795	31.08.2025 10:26:14	1,44	4,15	30,71	26,92	1450,46
796	31.08.2025 10:26:15	1,44	4,17	30,74	26,95	1450,51
797	31.08.2025 10:26:16	1,44	4,15	30,74	26,95	1450,51
798	31.08.2025 10:26:17	1,44	4,15	30,74	26,95	1450,51
799	31.08.2025 10:26:18	1,44	4,15	30,74	26,95	1450,51
800	31.08.2025 10:26:19	1,44	4,15	30,71	26,92	1450,46
801	31.08.2025 10:26:20	1,44	4,13	30,74	26,95	1450,50
802	31.08.2025 10:26:21	1,44	4,13	30,71	26,92	1450,46
803	31.08.2025 10:26:22	1,44	4,15	30,71	26,92	1450,46
804	31.08.2025 10:26:23	1,44	4,13	30,74	26,95	1450,50
805	31.08.2025 10:26:24	1,44	4,15	30,74	26,95	1450,51
806	31.08.2025 10:26:25	1,44	4,13	30,74	26,95	1450,50
807	31.08.2025 10:26:26	1,44	4,15	30,74	26,95	1450,51
808	31.08.2025 10:26:27	1,44	4,13	30,71	26,92	1450,46
809	31.08.2025 10:26:28	1,44	4,15	30,74	26,95	1450,51
810	31.08.2025 10:26:29	1,44	4,15	30,74	26,95	1450,51
811	31.08.2025 10:26:30	1,44	4,15	30,71	26,92	1450,46
812	31.08.2025 10:26:31	1,44	4,15	30,71	26,92	1450,46
813	31.08.2025 10:26:32	1,44	4,15	30,74	26,95	1450,51
814	31.08.2025 10:26:33	1,44	4,15	30,71	26,92	1450,46
815	31.08.2025 10:26:34	1,44	4,15	30,71	26,92	1450,46
816	31.08.2025 10:26:35	1,44	4,15	30,71	26,92	1450,46
817	31.08.2025 10:26:36	1,44	4,17	30,71	26,92	1450,47
818	31.08.2025 10:26:37	1,44	4,17	30,71	26,92	1450,47
819	31.08.2025 10:26:38	1,44	4,19	30,71	26,92	1450,47
820	31.08.2025 10:26:39	1,44	4,17	30,74	26,95	1450,51
821	31.08.2025 10:26:40	1,44	4,15	30,71	26,92	1450,46
822	31.08.2025 10:26:41	1,44	4,13	30,71	26,92	1450,46
823	31.08.2025 10:26:42	1,44	4,11	30,74	26,95	1450,50
824	31.08.2025 10:26:43	1,44	4,10	30,74	26,95	1450,50
825	31.08.2025 10:26:44	1,44	4,06	30,74	26,95	1450,49
826	31.08.2025 10:26:45	1,44	4,04	30,74	26,95	1450,49
827	31.08.2025 10:26:46	1,44	4,04	30,74	26,95	1450,49
828	31.08.2025 10:26:47	1,44	4,06	30,74	26,95	1450,49
829	31.08.2025 10:26:48	1,44	4,02	30,74	26,95	1450,49
830	31.08.2025 10:26:49	1,44	4,01	30,74	26,95	1450,48
831	31.08.2025 10:26:50	1,44	4,01	30,74	26,95	1450,48
832	31.08.2025 10:26:51	1,44	3,99	30,74	26,95	1450,48
833	31.08.2025 10:26:52	1,44	3,99	30,77	26,97	1450,52
834	31.08.2025 10:26:53	1,44	3,99	30,77	26,97	1450,52
835	31.08.2025 10:26:54	1,48	3,99	30,73	26,97	1450,65
836	31.08.2025 10:26:55	1,48	4,01	30,73	26,97	1450,65
837	31.08.2025 10:26:56	1,48	4,01	30,70	26,94	1450,61
838	31.08.2025 10:26:57	1,48	4,04	30,70	26,94	1450,61
839	31.08.2025 10:26:58	1,48	4,04	30,70	26,94	1450,61
840	31.08.2025 10:26:59	1,48	4,06	30,70	26,94	1450,61
841	31.08.2025 10:27:00	1,48	4,06	30,73	26,97	1450,66
842	31.08.2025 10:27:01	1,48	4,06	30,73	26,97	1450,66
843	31.08.2025 10:27:02	1,48	4,08	30,73	26,97	1450,66
844	31.08.2025 10:27:03	1,48	4,08	30,73	26,97	1450,66
845	31.08.2025 10:27:04	1,48	4,08	30,73	26,97	1450,66
846	31.08.2025 10:27:05	1,48	4,10	30,73	26,97	1450,66
847	31.08.2025 10:27:06	1,48	4,08	30,73	26,97	1450,66
848	31.08.2025 10:27:07	1,48	4,10	30,73	26,97	1450,66
849	31.08.2025 10:27:08	1,48	4,10	30,76	26,99	1450,70
850	31.08.2025 10:27:09	1,48	4,10	30,76	26,99	1450,70
851	31.08.2025 10:27:10	1,48	4,10	30,76	26,99	1450,70
852	31.08.2025 10:27:11	1,52	4,08	30,69	26,97	1450,78
853	31.08.2025 10:27:12	1,52	4,07	30,69	26,97	1450,78
854	31.08.2025 10:27:13	1,48	4,03	30,73	26,97	1450,65
855	31.08.2025 10:27:14	1,48	3,97	30,73	26,97	1450,64
856	31.08.2025 10:27:15	1,48	3,97	30,73	26,97	1450,64
857	31.08.2025 10:27:16	1,48	3,94	30,76	26,99	1450,68
858	31.08.2025 10:27:17	1,48	3,92	30,76	26,99	1450,68
859	31.08.2025 10:27:18	1,52	3,92	30,73	26,99	1450,80
860	31.08.2025 10:27:19	1,52	3,90	30,73	26,99	1450,80
861	31.08.2025 10:27:20	1,52	3,90	30,73	26,99	1450,80
862	31.08.2025 10:27:21	1,52	3,89	30,69	26,97	1450,75
863	31.08.2025 10:27:22	1,52	3,87	30,69	26,97	1450,75
864	31.08.2025 10:27:23	1,52	3,87	30,69	26,97	1450,75
865	31.08.2025 10:27:24	1,52	3,87	30,79	27,04	1450,87
866	31.08.2025 10:27:25	1,52	3,87	30,91	27,14	1451,04
867	31.08.2025 10:27:26	1,56	3,87	30,90	27,17	1451,20
868	31.08.2025 10:27:27	1,60	3,84	30,86	27,17	1451,32
869	31.08.2025 10:27:28	1,64	3,84	30,83	27,16	1451,44
870	31.08.2025 10:27:29	1,68	3,83	30,79	27,16	1451,56
871	31.08.2025 10:27:30	1,68	3,83	30,79	27,16	1451,56
872	31.08.2025 10:27:31	1,68	3,81	30,79	27,16	1451,56
873	31.08.2025 10:27:32	1,72	3,81	30,75	27,16	1451,68
874	31.08.2025 10:27:33	1,72	3,79	30,78	27,19	1451,72
875	31.08.2025 10:27:34	1,72	3,78	30,78	27,19	1451,72
876	31.08.2025 10:27:35	1,76	3,78	30,74	27,19	1451,84
877	31.08.2025 10:27:36	1,79	3,76	30,73	27,21	1452,00
878	31.08.2025 10:27:37	1,79	3,73	30,70	27,19	1451,95
879	31.08.2025 10:27:38	1,83	3,71	30,69	27,21	1452,11
880	31.08.2025 10:27:39	1,83	3,66	30,79	27,29	1452,23
881	31.08.2025 10:27:40	1,87	3,63	30,93	27,43	1452,59
882	31.08.2025 10:27:41	1,95	3,60	30,95	27,51	1452,94
883	31.08.2025 10:27:42	2,03	3,53	31,09	27,68	1453,46
884	31.08.2025 10:27:43	2,14	3,45	31,12	27,80	1454,00
885	31.08.2025 10:27:44	2,26	3,39	31,13	27,90	1454,51
886	31.08.2025 10:27:45	2,37	3,32	30,98	27,87	1454,82
887	31.08.2025 10:27:46	2,45	3,24	30,97	27,92	1455,12
888	31.08.2025 10:27:47	2,56	3,21	30,92	27,97	1455,55
889	31.08.2025 10:27:48	2,64	3,14	30,96	28,07	1455,93
890	31.08.2025 10:27:49	2,75	3,08	31,09	28,26	1456,58
891	31.08.2025 10:27:50	2,87	3,02	31,19	28,43	1457,20
892	31.08.2025 10:27:51	3,02	2,96	31,25	28,60	1457,92
893	31.08.2025 10:27:52	3,21	2,86	31,10	28,63	1458,51
894	31.08.2025 10:27:53	3,36	2,80	30,98	28,65	1458,99
895	31.08.2025 10:27:54	3,47	2,76	31,25	28,97	1459,83
896	31.08.2025 10:27:55	3,62	2,68	31,25	29,09	1460,45
897	31.08.2025 10:27:56	3,77	2,64	31,20	29,16	1461,00
898	31.08.2025 10:27:57	3,95	2,58	31,31	29,41	1461,92
899	31.08.2025 10:27:58	4,10	2,50	31,78	29,93	1463,14
900	31.08.2025 10:27:59	4,40	2,48	32,03	30,39	1464,70
901	31.08.2025 10:28:00	4,72	2,42	32,03	30,66	1466,05
902	31.08.2025 10:28:01	5,12	2,32	31,82	30,81	1467,39
903	31.08.2025 10:28:02	5,37	2,23	31,14	30,42	1467,53
904	31.08.2025 10:28:03	5,55	2,24	31,44	30,83	1468,65
905	31.08.2025 10:28:04	5,73	2,22	31,30	30,86	1469,20
906	31.08.2025 10:28:05	5,87	2,20	31,34	31,01	1469,81
907	31.08.2025 10:28:06	6,05	2,17	31,88	31,65	1471,22
908	31.08.2025 10:28:07	6,33	2,16	31,89	31,89	1472,35
909	31.08.2025 10:28:08	6,61	2,11	31,80	32,04	1473,34
910	31.08.2025 10:28:09	6,86	2,05	31,65	32,12	1474,11
911	31.08.2025 10:28:10	7,07	2,03	31,46	32,12	1474,68
912	31.08.2025 10:28:11	7,31	2,03	31,33	32,19	1475,45
913	31.08.2025 10:28:12	7,48	2,02	31,20	32,22	1475,96
914	31.08.2025 10:28:13	7,62	2,02	31,08	32,22	1476,34
915	31.08.2025 10:28:14	7,76	1,99	30,96	32,23	1476,71
916	31.08.2025 10:28:15	7,89	2,00	30,84	32,23	1477,09
917	31.08.2025 10:28:16	8,03	1,99	30,77	32,28	1477,53
918	31.08.2025 10:28:17	8,16	1,98	30,81	32,43	1478,09
919	31.08.2025 10:28:18	8,30	1,96	30,72	32,45	1478,49
920	31.08.2025 10:28:19	8,47	1,93	30,63	32,50	1479,01
921	31.08.2025 10:28:20	8,60	1,91	30,54	32,53	1479,41
922	31.08.2025 10:28:21	8,70	1,88	30,48	32,56	1479,71
923	31.08.2025 10:28:22	8,84	1,85	30,39	32,58	1480,10
924	31.08.2025 10:28:23	8,97	1,83	30,38	32,68	1480,59
925	31.08.2025 10:28:24	9,07	1,81	30,40	32,79	1480,98
926	31.08.2025 10:28:25	9,21	1,77	30,39	32,88	1481,46
927	31.08.2025 10:28:26	9,37	1,75	30,32	32,96	1482,00
928	31.08.2025 10:28:27	9,54	1,72	30,24	33,01	1482,50
929	31.08.2025 10:28:28	9,67	1,70	30,20	33,09	1482,94
930	31.08.2025 10:28:29	9,80	1,65	30,17	33,17	1483,37
931	31.08.2025 10:28:30	9,97	1,63	30,23	33,37	1484,05
932	31.08.2025 10:28:31	10,13	1,58	30,51	33,78	1484,99
933	31.08.2025 10:28:32	10,36	1,55	30,67	34,13	1486,01
934	31.08.2025 10:28:33	10,69	1,46	30,28	34,02	1486,69
935	31.08.2025 10:28:34	10,95	1,46	30,41	34,37	1487,78
936	31.08.2025 10:28:35	11,24	1,41	30,34	34,54	1488,72
937	31.08.2025 10:28:36	11,50	1,32	30,19	34,60	1489,43
938	31.08.2025 10:28:37	11,72	1,28	30,17	34,78	1490,19
939	31.08.2025 10:28:38	11,91	1,26	30,07	34,83	1490,73
940	31.08.2025 10:28:39	12,14	1,22	29,97	34,91	1491,37
941	31.08.2025 10:28:40	12,33	1,18	29,87	34,96	1491,90
942	31.08.2025 10:28:41	12,49	1,14	29,77	34,99	1492,32
943	31.08.2025 10:28:42	12,64	1,14	29,67	35,02	1492,75
944	31.08.2025 10:28:43	12,77	1,11	29,76	35,22	1493,28
945	31.08.2025 10:28:44	12,90	1,10	29,92	35,49	1493,89
946	31.08.2025 10:28:45	13,09	1,08	29,93	35,67	1494,55
947	31.08.2025 10:28:46	13,27	1,04	29,99	35,90	1495,25
948	31.08.2025 10:28:47	13,43	1,01	29,94	35,97	1495,71
949	31.08.2025 10:28:48	13,59	1,01	29,87	36,03	1496,15
950	31.08.2025 10:28:49	13,77	0,98	29,79	36,10	1496,68
951	31.08.2025 10:28:50	13,90	0,94	29,75	36,16	1497,02
952	31.08.2025 10:28:51	14,06	0,93	29,65	36,19	1497,42
953	31.08.2025 10:28:52	14,18	0,90	29,56	36,19	1497,72
954	31.08.2025 10:28:53	14,27	0,89	29,49	36,19	1497,94
955	31.08.2025 10:28:54	14,40	0,88	29,40	36,20	1498,24
956	31.08.2025 10:28:55	14,49	0,86	29,33	36,20	1498,45
957	31.08.2025 10:28:56	14,58	0,84	29,29	36,23	1498,70
958	31.08.2025 10:28:57	14,64	0,83	29,24	36,23	1498,84
959	31.08.2025 10:28:58	14,74	0,80	29,20	36,25	1499,09
960	31.08.2025 10:28:59	14,80	0,79	29,22	36,33	1499,31
961	31.08.2025 10:29:00	14,89	0,78	29,20	36,38	1499,58
962	31.08.2025 10:29:01	14,98	0,77	29,13	36,38	1499,80
963	31.08.2025 10:29:02	15,07	0,74	29,11	36,44	1500,06
964	31.08.2025 10:29:03	15,14	0,74	29,11	36,49	1500,26
965	31.08.2025 10:29:04	15,23	0,73	29,06	36,51	1500,50
966	31.08.2025 10:29:05	15,29	0,70	29,02	36,52	1500,64
967	31.08.2025 10:29:06	15,38	0,69	28,91	36,47	1500,80
968	31.08.2025 10:29:07	15,44	0,67	28,82	36,42	1500,89
969	31.08.2025 10:29:08	15,53	0,68	28,80	36,47	1501,16
970	31.08.2025 10:29:09	15,63	0,67	28,74	36,48	1501,37
971	31.08.2025 10:29:10	15,72	0,64	28,74	36,55	1501,66
972	31.08.2025 10:29:11	15,81	0,63	28,72	36,60	1501,92
973	31.08.2025 10:29:12	15,87	0,60	28,70	36,63	1502,08
974	31.08.2025 10:29:13	15,96	0,58	28,63	36,63	1502,29
975	31.08.2025 10:29:14	16,02	0,55	28,59	36,64	1502,43
976	31.08.2025 10:29:15	16,11	0,56	28,57	36,69	1502,69
977	31.08.2025 10:29:16	16,17	0,55	28,57	36,74	1502,88
978	31.08.2025 10:29:17	16,23	0,55	28,55	36,76	1503,05
979	31.08.2025 10:29:18	16,33	0,54	28,55	36,84	1503,33
980	31.08.2025 10:29:19	16,42	0,51	28,53	36,89	1503,59
981	31.08.2025 10:29:20	16,51	0,50	28,51	36,94	1503,84
982	31.08.2025 10:29:21	16,60	0,48	28,51	37,02	1504,12
983	31.08.2025 10:29:22	16,69	0,48	28,47	37,05	1504,35
984	31.08.2025 10:29:23	16,72	0,46	28,45	37,05	1504,42
985	31.08.2025 10:29:24	16,81	0,43	28,39	37,05	1504,62
986	31.08.2025 10:29:25	16,87	0,44	28,35	37,05	1504,76
987	31.08.2025 10:29:26	16,93	0,39	28,31	37,06	1504,89
988	31.08.2025 10:29:27	16,99	0,37	28,26	37,06	1505,03
989	31.08.2025 10:29:28	17,02	0,35	28,24	37,06	1505,09
990	31.08.2025 10:29:29	17,08	0,32	28,20	37,06	1505,22
991	31.08.2025 10:29:30	17,14	0,32	28,21	37,11	1505,41
992	31.08.2025 10:29:31	17,17	0,30	28,18	37,11	1505,47
993	31.08.2025 10:29:32	17,23	0,26	28,12	37,09	1505,58
994	31.08.2025 10:29:33	17,26	0,23	28,08	37,07	1505,62
995	31.08.2025 10:29:34	17,29	0,21	28,06	37,07	1505,68
996	31.08.2025 10:29:35	17,32	0,19	28,06	37,09	1505,77
997	31.08.2025 10:29:36	17,38	0,19	28,11	37,19	1506,01
998	31.08.2025 10:29:37	17,41	0,16	28,07	37,17	1506,04
999	31.08.2025 10:29:38	17,47	0,16	28,07	37,22	1506,23
1000	31.08.2025 10:29:39	17,53	0,10	28,05	37,25	1506,38
1001	31.08.2025 10:29:40	17,59	0,06	27,97	37,20	1506,46
1002	31.08.2025 10:29:41	17,62	0,05	27,93	37,17	1506,50
1003	31.08.2025 10:29:42	17,65	0,01	27,93	37,20	1506,59
1004	31.08.2025 10:29:43	17,68	-0,01	27,95	37,25	1506,70
1005	31.08.2025 10:29:44	17,71	-0,06	27,91	37,23	1506,73
1006	31.08.2025 10:29:45	17,74	-0,08	27,89	37,23	1506,80
1007	31.08.2025 10:29:46	17,77	-0,12	27,87	37,23	1506,86
1008	31.08.2025 10:29:47	17,80	-0,13	27,85	37,23	1506,92
1009	31.08.2025 10:29:48	17,86	-0,13	27,83	37,26	1507,08
1010	31.08.2025 10:29:49	17,89	-0,15	27,79	37,23	1507,12
1011	31.08.2025 10:29:50	17,92	-0,19	27,75	37,21	1507,16
1012	31.08.2025 10:29:51	17,92	-0,19	27,75	37,21	1507,16
1013	31.08.2025 10:29:52	17,95	-0,21	27,77	37,26	1507,27
1014	31.08.2025 10:29:53	17,98	-0,22	27,75	37,26	1507,33
1015	31.08.2025 10:29:54	18,01	-0,21	27,73	37,26	1507,40
1016	31.08.2025 10:29:55	18,04	-0,21	27,69	37,24	1507,45
1017	31.08.2025 10:29:56	18,07	-0,22	27,67	37,24	1507,51
1018	31.08.2025 10:29:57	18,07	-0,22	27,69	37,26	1507,53
1019	31.08.2025 10:29:58	18,10	-0,19	27,67	37,26	1507,61
1020	31.08.2025 10:29:59	18,13	-0,21	27,65	37,26	1507,67
1021	31.08.2025 10:30:00	18,13	-0,21	27,65	37,26	1507,67
1022	31.08.2025 10:30:01	18,16	-0,21	27,64	37,26	1507,74
1023	31.08.2025 10:30:02	18,16	-0,21	27,62	37,24	1507,71
1024	31.08.2025 10:30:03	18,19	-0,21	27,60	37,24	1507,78
1025	31.08.2025 10:30:04	18,22	-0,21	27,58	37,24	1507,85
1026	31.08.2025 10:30:05	18,22	-0,19	27,58	37,24	1507,85
1027	31.08.2025 10:30:06	18,25	-0,21	27,56	37,24	1507,91
1028	31.08.2025 10:30:07	18,25	-0,21	27,56	37,24	1507,91
1029	31.08.2025 10:30:08	18,28	-0,21	27,54	37,24	1507,98
1030	31.08.2025 10:30:09	18,28	-0,21	27,54	37,24	1507,98
1031	31.08.2025 10:30:10	18,31	-0,22	27,52	37,24	1508,04
1032	31.08.2025 10:30:11	18,31	-0,22	27,52	37,24	1508,04
1033	31.08.2025 10:30:12	18,34	-0,19	27,50	37,25	1508,11
1034	31.08.2025 10:30:13	18,34	-0,19	27,50	37,25	1508,11
1035	31.08.2025 10:30:14	18,34	-0,19	27,50	37,25	1508,11
1036	31.08.2025 10:30:15	18,37	-0,19	27,48	37,25	1508,18
1037	31.08.2025 10:30:16	18,37	-0,19	27,48	37,25	1508,18
1038	31.08.2025 10:30:17	18,40	-0,17	27,46	37,25	1508,25
1039	31.08.2025 10:30:18	18,40	-0,19	27,46	37,25	1508,25
1040	31.08.2025 10:30:19	18,40	-0,21	27,46	37,25	1508,24
1041	31.08.2025 10:30:20	18,43	-0,19	27,44	37,25	1508,31
1042	31.08.2025 10:30:21	18,43	-0,21	27,44	37,25	1508,31
1043	31.08.2025 10:30:22	18,43	-0,19	27,44	37,25	1508,31
1044	31.08.2025 10:30:23	18,46	-0,19	27,42	37,25	1508,38
1045	31.08.2025 10:30:24	18,46	-0,19	27,42	37,25	1508,38
1046	31.08.2025 10:30:25	18,46	-0,19	27,42	37,25	1508,38
1047	31.08.2025 10:30:26	18,49	-0,19	27,40	37,25	1508,45
1048	31.08.2025 10:30:27	18,49	-0,17	27,40	37,25	1508,45
1049	31.08.2025 10:30:28	18,49	-0,19	27,40	37,25	1508,45
1050	31.08.2025 10:30:29	18,49	-0,19	27,40	37,25	1508,45
1051	31.08.2025 10:30:30	18,52	-0,17	27,39	37,25	1508,51
1052	31.08.2025 10:30:31	18,52	-0,19	27,39	37,25	1508,51
1053	31.08.2025 10:30:32	18,52	-0,19	27,39	37,25	1508,51
1054	31.08.2025 10:30:33	18,52	-0,17	27,39	37,25	1508,51
1055	31.08.2025 10:30:34	18,55	-0,19	27,37	37,25	1508,58
1056	31.08.2025 10:30:35	18,55	-0,21	27,37	37,25	1508,57
1057	31.08.2025 10:30:36	18,55	-0,19	27,37	37,25	1508,58
1058	31.08.2025 10:30:37	18,55	-0,19	27,37	37,25	1508,58
1059	31.08.2025 10:30:38	18,55	-0,21	27,37	37,25	1508,57
1060	31.08.2025 10:30:39	18,58	-0,19	27,35	37,25	1508,64
1061	31.08.2025 10:30:40	18,58	-0,21	23,85	32,92	1504,62
1062	31.08.2025 10:30:41	18,58	-0,21	15,23	21,89	1494,71
1063	31.08.2025 10:30:42	18,58	-0,21	13,10	19,06	1492,26
1064	31.08.2025 10:30:43	18,58	-0,21	13,13	19,11	1492,30
1065	31.08.2025 10:30:44	18,58	-0,19	13,08	19,03	1492,24
1066	31.08.2025 10:30:45	18,58	-0,19	12,64	18,44	1491,73
1067	31.08.2025 10:30:46	18,58	-0,19	13,12	19,08	1492,28
1068	31.08.2025 10:30:47	18,55	-0,21	12,86	18,72	1491,89
1069	31.08.2025 10:30:48	18,55	-0,21	0,74	1,29	1477,96
1070	31.08.2025 10:30:49	18,55	-0,21	0,62	1,08	1477,82
1071	31.08.2025 10:30:50	18,52	-0,21	0,74	1,29	1477,87
1072	31.08.2025 10:30:51	18,52	-0,21	0,70	1,21	1477,81
1073	31.08.2025 10:30:52	18,52	-0,19	0,71	1,24	1477,83
1074	31.08.2025 10:30:53	18,52	-0,21	0,71	1,24	1477,83
1075	31.08.2025 10:30:54	18,49	-0,19	0,62	1,08	1477,63
1076	31.08.2025 10:30:55	18,49	-0,19	0,64	1,11	1477,65
1077	31.08.2025 10:30:56	18,49	-0,21	0,64	1,11	1477,65
1078	31.08.2025 10:30:57	18,46	-0,17	0,65	1,14	1477,57
1079	31.08.2025 10:30:58	18,46	-0,17	0,68	1,19	1477,61
1080	31.08.2025 10:30:59	18,43	-0,17	0,39	0,69	1477,17
1081	31.08.2025 10:31:00	18,43	-0,19	0,62	1,08	1477,44
1082	31.08.2025 10:31:01	18,40	-0,19	0,72	1,24	1477,45
1083	31.08.2025 10:31:02	18,40	-0,17	0,45	0,79	1477,15
1084	31.08.2025 10:31:03	18,37	-0,19	0,57	1,00	1477,19
1085	31.08.2025 10:31:04	18,37	-0,17	0,65	1,14	1477,29
1086	31.08.2025 10:31:05	18,34	-0,19	0,69	1,19	1477,22
1087	31.08.2025 10:31:06	18,34	-0,17	0,67	1,16	1477,21
1088	31.08.2025 10:31:07	18,34	-0,15	0,72	1,24	1477,27
1089	31.08.2025 10:31:08	18,31	-0,19	0,59	1,03	1477,02
1090	31.08.2025 10:31:09	18,31	-0,19	0,53	0,93	1476,95
1091	31.08.2025 10:31:10	18,31	-0,19	0,69	1,19	1477,13
1092	31.08.2025 10:31:11	18,28	-0,19	0,72	1,24	1477,07
1093	31.08.2025 10:31:12	18,28	-0,17	0,67	1,16	1477,02
1094	31.08.2025 10:31:13	18,28	-0,19	0,65	1,14	1477,00
1095	31.08.2025 10:31:14	18,25	-0,19	0,61	1,06	1476,84
1096	31.08.2025 10:31:15	18,25	-0,19	0,42	0,74	1476,63
1097	31.08.2025 10:31:16	18,25	-0,19	0,62	1,08	1476,86
1098	31.08.2025 10:31:17	18,22	-0,19	0,69	1,19	1476,84
1099	31.08.2025 10:31:18	18,22	-0,19	0,69	1,19	1476,84
1100	31.08.2025 10:31:19	18,22	-0,19	0,72	1,24	1476,88
1101	31.08.2025 10:31:20	18,22	-0,19	0,58	1,00	1476,71
1102	31.08.2025 10:31:21	18,22	-0,17	0,56	0,98	1476,70
1103	31.08.2025 10:31:22	18,19	-0,17	0,48	0,85	1476,51
1104	31.08.2025 10:31:23	18,19	-0,17	0,37	0,66	1476,38
1105	31.08.2025 10:31:24	18,19	-0,17	0,37	0,66	1476,38
1106	31.08.2025 10:31:25	18,19	-0,19	0,36	0,64	1476,36
1107	31.08.2025 10:31:26	18,19	-0,17	0,36	0,64	1476,37
1108	31.08.2025 10:31:27	18,19	-0,17	0,36	0,64	1476,37
1109	31.08.2025 10:31:28	18,16	-0,19	0,34	0,61	1476,25
1110	31.08.2025 10:31:29	18,16	-0,17	0,34	0,61	1476,25
1111	31.08.2025 10:31:30	18,16	-0,17	0,34	0,61	1476,25
1112	31.08.2025 10:31:31	18,16	-0,17	0,34	0,61	1476,25
1113	31.08.2025 10:31:32	18,16	-0,17	0,34	0,61	1476,25
1114	31.08.2025 10:31:33	18,16	-0,17	0,33	0,58	1476,24
1115	31.08.2025 10:31:34	18,16	-0,17	0,34	0,61	1476,25
1116	31.08.2025 10:31:35	18,13	-0,17	0,34	0,61	1476,16
1117	31.08.2025 10:31:36	18,13	-0,17	0,34	0,61	1476,16
1118	31.08.2025 10:31:37	18,13	-0,17	0,34	0,61	1476,16
1119	31.08.2025 10:31:38	18,13	-0,17	0,34	0,61	1476,16
1120	31.08.2025 10:31:39	18,13	-0,17	0,34	0,61	1476,16
1121	31.08.2025 10:31:40	18,13	-0,17	0,34	0,61	1476,16
1122	31.08.2025 10:31:41	18,13	-0,17	0,33	0,58	1476,14
1123	31.08.2025 10:31:42	18,13	-0,17	0,33	0,58	1476,14
1124	31.08.2025 10:31:43	18,10	-0,17	0,33	0,58	1476,04
1125	31.08.2025 10:31:44	18,10	-0,17	0,34	0,61	1476,06
1126	31.08.2025 10:31:45	18,10	-0,17	0,33	0,58	1476,04
1127	31.08.2025 10:31:46	18,10	-0,15	0,33	0,58	1476,04
1128	31.08.2025 10:31:47	18,10	-0,17	0,33	0,58	1476,04
1129	31.08.2025 10:31:48	18,10	-0,17	0,34	0,61	1476,06
1130	31.08.2025 10:31:49	18,10	-0,17	0,34	0,61	1476,06
1131	31.08.2025 10:31:50	18,10	-0,17	0,34	0,61	1476,06
1132	31.08.2025 10:31:51	18,07	-0,19	0,35	0,61	1475,96
1133	31.08.2025 10:31:52	18,07	-0,19	0,33	0,58	1475,94
1134	31.08.2025 10:31:53	18,07	-0,19	0,33	0,58	1475,94
1135	31.08.2025 10:31:54	18,07	-0,19	0,35	0,61	1475,96
1136	31.08.2025 10:31:55	18,07	-0,19	0,35	0,61	1475,96
1137	31.08.2025 10:31:56	18,07	-0,21	0,35	0,61	1475,96
1138	31.08.2025 10:31:57	18,07	-0,19	0,35	0,61	1475,96
1139	31.08.2025 10:31:58	18,07	-0,19	0,33	0,58	1475,94
1140	31.08.2025 10:31:59	18,07	-0,21	0,35	0,61	1475,96
1141	31.08.2025 10:32:00	18,07	-0,19	0,33	0,58	1475,94
1142	31.08.2025 10:32:01	18,04	-0,19	0,33	0,58	1475,84
1143	31.08.2025 10:32:02	18,04	-0,19	0,33	0,58	1475,84
1144	31.08.2025 10:32:03	18,04	-0,17	0,25	0,45	1475,76
1145	31.08.2025 10:32:04	18,04	-0,21	0,30	0,53	1475,81
1146	31.08.2025 10:32:05	18,04	-0,19	0,41	0,72	1475,93
1147	31.08.2025 10:32:06	18,04	-0,19	0,69	1,19	1476,26
1148	31.08.2025 10:32:07	18,04	-0,19	0,67	1,16	1476,24
1149	31.08.2025 10:32:08	18,04	-0,19	0,58	1,00	1476,13
1150	31.08.2025 10:32:09	18,01	-0,19	0,58	1,00	1476,03
1151	31.08.2025 10:32:10	18,01	-0,19	0,61	1,06	1476,07
1152	31.08.2025 10:32:11	18,01	-0,19	0,61	1,06	1476,07
1153	31.08.2025 10:32:12	18,01	-0,19	0,63	1,08	1476,09
1154	31.08.2025 10:32:13	18,01	-0,17	0,63	1,08	1476,09
1155	31.08.2025 10:32:14	18,01	-0,21	0,63	1,08	1476,09
1156	31.08.2025 10:32:15	18,01	-0,19	0,63	1,08	1476,09
1157	31.08.2025 10:32:16	18,01	-0,17	0,63	1,08	1476,09
1158	31.08.2025 10:32:17	18,01	-0,19	0,53	0,93	1475,98
1159	31.08.2025 10:32:18	17,98	-0,19	0,63	1,08	1475,99
1160	31.08.2025 10:32:19	17,98	-0,19	0,58	1,00	1475,94
1161	31.08.2025 10:32:20	17,98	-0,19	0,71	1,21	1476,08
1162	31.08.2025 10:32:21	17,98	-0,19	0,72	1,24	1476,10
1163	31.08.2025 10:32:22	17,98	-0,19	0,72	1,24	1476,10
1164	31.08.2025 10:32:23	17,98	-0,19	0,74	1,27	1476,12
1165	31.08.2025 10:32:24	17,98	-0,19	0,72	1,24	1476,10
1166	31.08.2025 10:32:25	17,98	-0,19	0,72	1,24	1476,10
1167	31.08.2025 10:32:26	17,98	-0,19	0,72	1,24	1476,10
1168	31.08.2025 10:32:27	17,95	-0,19	0,74	1,27	1476,02
1169	31.08.2025 10:32:28	17,95	-0,19	0,74	1,27	1476,02
1170	31.08.2025 10:32:29	17,95	-0,19	0,72	1,24	1476,00
1171	31.08.2025 10:32:30	17,95	-0,17	0,72	1,24	1476,01
1172	31.08.2025 10:32:31	17,95	-0,21	0,71	1,21	1475,98
1173	31.08.2025 10:32:32	17,95	-0,19	0,72	1,24	1476,00
1174	31.08.2025 10:32:33	17,95	-0,19	0,74	1,27	1476,02
1175	31.08.2025 10:32:34	17,95	-0,19	0,72	1,24	1476,00
1176	31.08.2025 10:32:35	17,95	-0,17	0,74	1,27	1476,03
1177	31.08.2025 10:32:36	17,95	-0,19	0,72	1,24	1476,00
1178	31.08.2025 10:32:37	17,92	-0,19	0,68	1,16	1475,85
1179	31.08.2025 10:32:38	17,92	-0,19	0,71	1,21	1475,89
1180	31.08.2025 10:32:39	17,92	-0,19	0,71	1,21	1475,89
1181	31.08.2025 10:32:40	17,92	-0,19	0,71	1,21	1475,89
1182	31.08.2025 10:32:41	17,92	-0,19	0,72	1,24	1475,91
1183	31.08.2025 10:32:42	17,92	-0,21	0,71	1,21	1475,89
1184	31.08.2025 10:32:43	17,92	-0,19	0,72	1,24	1475,91
1185	31.08.2025 10:32:44	17,92	-0,19	0,69	1,19	1475,87
1186	31.08.2025 10:32:45	17,92	-0,19	0,68	1,16	1475,85
1187	31.08.2025 10:32:46	17,92	-0,17	0,72	1,24	1475,91
1188	31.08.2025 10:32:47	17,92	-0,19	0,63	1,08	1475,80
1189	31.08.2025 10:32:48	17,92	-0,17	0,74	1,27	1475,93
1190	31.08.2025 10:32:49	17,89	-0,19	0,74	1,27	1475,83
1191	31.08.2025 10:32:50	17,89	-0,19	0,68	1,16	1475,76
1192	31.08.2025 10:32:51	17,89	-0,19	0,74	1,27	1475,83
1193	31.08.2025 10:32:52	17,89	-0,19	0,71	1,21	1475,79
1194	31.08.2025 10:32:53	17,89	-0,19	0,71	1,21	1475,79
1195	31.08.2025 10:32:54	17,89	-0,19	0,74	1,27	1475,83
1196	31.08.2025 10:32:55	17,89	-0,19	0,74	1,27	1475,83
1197	31.08.2025 10:32:56	17,89	-0,19	0,72	1,24	1475,81
1198	31.08.2025 10:32:57	17,89	-0,19	0,72	1,24	1475,81
1199	31.08.2025 10:32:58	17,89	-0,19	0,71	1,21	1475,79
1200	31.08.2025 10:32:59	17,89	-0,21	0,64	1,11	1475,72
1201	31.08.2025 10:33:00	17,86	-0,17	0,71	1,21	1475,70
1202	31.08.2025 10:33:01	17,86	-0,17	0,72	1,24	1475,72
1203	31.08.2025 10:33:02	17,86	-0,19	0,72	1,24	1475,71
1204	31.08.2025 10:33:03	17,86	-0,19	0,72	1,24	1475,71
1205	31.08.2025 10:33:04	17,86	-0,19	0,69	1,19	1475,68
1206	31.08.2025 10:33:05	17,86	-0,19	0,72	1,24	1475,71
1207	31.08.2025 10:33:06	17,86	-0,19	0,72	1,24	1475,71
1208	31.08.2025 10:33:07	17,86	-0,19	0,72	1,24	1475,71
1209	31.08.2025 10:33:08	17,86	-0,19	0,72	1,24	1475,71
1210	31.08.2025 10:33:09	17,86	-0,17	0,72	1,24	1475,72
1211	31.08.2025 10:33:10	17,86	-0,17	0,74	1,27	1475,73
1212	31.08.2025 10:33:11	17,86	-0,19	0,72	1,24	1475,71
1213	31.08.2025 10:33:12	17,86	-0,17	0,72	1,24	1475,72
1214	31.08.2025 10:33:13	17,86	-0,19	0,72	1,24	1475,71
1215	31.08.2025 10:33:14	17,86	-0,17	0,71	1,21	1475,70
1216	31.08.2025 10:33:15	17,86	-0,19	0,72	1,24	1475,71
1217	31.08.2025 10:33:16	17,83	-0,21	0,73	1,24	1475,61
1218	31.08.2025 10:33:17	17,83	-0,21	0,73	1,24	1475,61
1219	31.08.2025 10:33:18	17,83	-0,21	0,73	1,24	1475,61
1220	31.08.2025 10:33:19	17,83	-0,21	0,65	1,11	1475,52
1221	31.08.2025 10:33:20	17,83	-0,19	0,73	1,24	1475,62
1222	31.08.2025 10:33:21	17,83	-0,21	0,71	1,21	1475,59
1223	31.08.2025 10:33:22	17,83	-0,21	0,74	1,27	1475,63
1224	31.08.2025 10:33:23	17,83	-0,21	0,74	1,27	1475,63
1225	31.08.2025 10:33:24	17,83	-0,21	0,74	1,27	1475,63
1226	31.08.2025 10:33:25	17,83	-0,19	0,74	1,27	1475,63
1227	31.08.2025 10:33:26	17,83	-0,21	0,74	1,27	1475,63
1228	31.08.2025 10:33:27	17,83	-0,21	0,69	1,19	1475,58
1229	31.08.2025 10:33:28	17,83	-0,21	0,73	1,24	1475,61
1230	31.08.2025 10:33:29	17,83	-0,21	0,74	1,27	1475,63
1231	31.08.2025 10:33:30	17,83	-0,19	0,68	1,16	1475,56
1232	31.08.2025 10:33:31	17,83	-0,19	0,60	1,03	1475,47
1233	31.08.2025 10:33:32	17,80	-0,21	0,60	1,03	1475,37
1234	31.08.2025 10:33:33	17,80	-0,21	0,63	1,08	1475,40
1235	31.08.2025 10:33:34	17,80	-0,19	0,69	1,19	1475,48
1236	31.08.2025 10:33:35	17,80	-0,21	0,39	0,69	1475,13
1237	31.08.2025 10:33:36	17,80	-0,21	0,24	0,43	1474,95
1238	31.08.2025 10:33:37	17,80	-0,21	0,21	0,37	1474,92
1239	31.08.2025 10:33:38	17,80	-0,19	0,20	0,35	1474,90
1240	31.08.2025 10:33:39	17,80	-0,21	0,18	0,32	1474,88
1241	31.08.2025 10:33:40	17,80	-0,19	0,18	0,32	1474,89
1242	31.08.2025 10:33:41	17,80	-0,19	0,17	0,30	1474,87
1243	31.08.2025 10:33:42	17,80	-0,19	0,17	0,30	1474,87
1244	31.08.2025 10:33:43	17,80	-0,21	0,17	0,30	1474,87
1245	31.08.2025 10:33:44	17,80	-0,22	0,15	0,27	1474,85
1246	31.08.2025 10:33:45	17,80	-0,19	0,15	0,27	1474,85
1247	31.08.2025 10:33:46	17,80	-0,21	0,15	0,27	1474,85
1248	31.08.2025 10:33:47	17,80	-0,19	0,15	0,27	1474,85
1249	31.08.2025 10:33:48	17,80	-0,21	0,15	0,27	1474,85
1250	31.08.2025 10:33:49	17,80	-0,21	0,15	0,27	1474,85
1251	31.08.2025 10:33:50	17,80	-0,19	0,15	0,27	1474,85
1252	31.08.2025 10:33:51	17,77	-0,19	0,15	0,27	1474,75
1253	31.08.2025 10:33:52	17,77	-0,21	0,15	0,27	1474,75
1254	31.08.2025 10:33:53	17,77	-0,19	0,15	0,27	1474,75
1255	31.08.2025 10:33:54	17,77	-0,21	0,15	0,27	1474,75
1256	31.08.2025 10:33:55	17,77	-0,21	0,15	0,27	1474,75
1257	31.08.2025 10:33:56	17,77	-0,19	0,15	0,27	1474,75
1258	31.08.2025 10:33:57	17,77	-0,21	0,15	0,27	1474,75
1259	31.08.2025 10:33:58	17,77	-0,19	0,14	0,24	1474,74
1260	31.08.2025 10:33:59	17,77	-0,19	0,15	0,27	1474,75
1261	31.08.2025 10:34:00	17,77	-0,19	0,15	0,27	1474,75
1262	31.08.2025 10:34:01	17,77	-0,19	0,14	0,24	1474,74
1263	31.08.2025 10:34:02	17,77	-0,21	0,15	0,27	1474,75
1264	31.08.2025 10:34:03	17,77	-0,21	0,15	0,27	1474,75
1265	31.08.2025 10:34:04	17,77	-0,21	0,14	0,24	1474,73
1266	31.08.2025 10:34:05	17,77	-0,17	0,15	0,27	1474,76
1267	31.08.2025 10:34:06	17,77	-0,19	0,14	0,24	1474,74
1268	31.08.2025 10:34:07	17,77	-0,19	0,15	0,27	1474,75
1269	31.08.2025 10:34:08	17,77	-0,19	0,14	0,24	1474,74
1270	31.08.2025 10:34:09	17,77	-0,19	0,14	0,24	1474,74
1271	31.08.2025 10:34:10	17,74	-0,21	0,15	0,27	1474,65
1272	31.08.2025 10:34:11	17,77	-0,21	0,15	0,27	1474,75
1273	31.08.2025 10:34:12	17,77	-0,19	0,14	0,24	1474,74
1274	31.08.2025 10:34:13	17,74	-0,19	0,14	0,24	1474,64
1275	31.08.2025 10:34:14	17,74	-0,19	0,14	0,24	1474,64
1276	31.08.2025 10:34:15	17,74	-0,19	0,14	0,24	1474,64
1277	31.08.2025 10:34:16	17,74	-0,19	0,14	0,24	1474,64
1278	31.08.2025 10:34:17	17,74	-0,19	0,14	0,24	1474,64
1279	31.08.2025 10:34:18	17,74	-0,19	0,14	0,24	1474,64
1280	31.08.2025 10:34:19	17,74	-0,21	0,14	0,24	1474,64
1281	31.08.2025 10:34:20	17,74	-0,21	0,14	0,24	1474,64
1282	31.08.2025 10:34:21	17,74	-0,19	0,14	0,24	1474,64
1283	31.08.2025 10:34:22	17,74	-0,19	0,14	0,24	1474,64
1284	31.08.2025 10:34:23	17,74	-0,19	0,14	0,24	1474,64
1285	31.08.2025 10:34:24	17,74	-0,19	0,14	0,24	1474,64
1286	31.08.2025 10:34:25	17,74	-0,21	0,14	0,24	1474,64
1287	31.08.2025 10:34:26	17,74	-0,21	0,14	0,24	1474,64
1288	31.08.2025 10:34:27	17,74	-0,19	0,14	0,24	1474,64
1289	31.08.2025 10:34:28	17,74	-0,19	0,14	0,24	1474,64
1290	31.08.2025 10:34:29	17,74	-0,19	0,14	0,24	1474,64
1291	31.08.2025 10:34:30	17,74	-0,21	0,14	0,24	1474,64
1292	31.08.2025 10:34:31	17,74	-0,21	0,14	0,24	1474,64
1293	31.08.2025 10:34:32	17,74	-0,19	0,14	0,24	1474,64
1294	31.08.2025 10:34:33	17,74	-0,19	0,14	0,24	1474,64
1295	31.08.2025 10:34:34	17,74	-0,19	0,14	0,24	1474,64
1296	31.08.2025 10:34:35	17,74	-0,19	0,14	0,24	1474,64
1297	31.08.2025 10:34:36	17,74	-0,21	0,14	0,24	1474,64
1298	31.08.2025 10:34:37	17,74	-0,21	0,14	0,24	1474,64
1299	31.08.2025 10:34:38	17,74	-0,19	0,14	0,24	1474,64
1300	31.08.2025 10:34:39	17,74	-0,19	0,14	0,24	1474,64
1301	31.08.2025 10:34:40	17,74	-0,21	0,14	0,24	1474,64
1302	31.08.2025 10:34:41	17,74	-0,17	0,14	0,24	1474,64
1303	31.08.2025 10:34:42	17,74	-0,21	0,14	0,24	1474,64
1304	31.08.2025 10:34:43	17,74	-0,21	0,14	0,24	1474,64
1305	31.08.2025 10:34:44	17,74	-0,19	0,14	0,24	1474,64
1306	31.08.2025 10:34:45	17,74	-0,21	0,14	0,24	1474,64
1307	31.08.2025 10:34:46	17,74	-0,19	0,14	0,24	1474,64
1308	31.08.2025 10:34:47	17,74	-0,21	0,14	0,24	1474,64
1309	31.08.2025 10:34:48	17,74	-0,19	0,14	0,24	1474,64
1310	31.08.2025 10:34:49	17,71	-0,19	0,14	0,24	1474,54
1311	31.08.2025 10:34:50	17,74	-0,19	0,14	0,24	1474,64
1312	31.08.2025 10:34:51	17,71	-0,19	0,14	0,24	1474,54
1313	31.08.2025 10:34:52	17,74	-0,19	0,14	0,24	1474,64
1314	31.08.2025 10:34:53	17,71	-0,19	0,14	0,24	1474,54
1315	31.08.2025 10:34:54	17,71	-0,19	0,14	0,24	1474,54
1316	31.08.2025 10:34:55	17,74	-0,19	0,14	0,24	1474,64
1317	31.08.2025 10:34:56	17,71	-0,19	0,14	0,24	1474,54
1318	31.08.2025 10:34:57	17,71	-0,19	0,14	0,24	1474,54
1319	31.08.2025 10:34:58	17,71	-0,17	0,14	0,24	1474,54
1320	31.08.2025 10:34:59	17,71	-0,19	0,14	0,24	1474,54
1321	31.08.2025 10:35:00	17,71	-0,19	0,14	0,24	1474,54
1322	31.08.2025 10:35:01	17,71	-0,19	0,14	0,24	1474,54
1323	31.08.2025 10:35:02	17,71	-0,19	0,14	0,24	1474,54
1324	31.08.2025 10:35:03	17,71	-0,19	0,14	0,24	1474,54
1325	31.08.2025 10:35:04	17,71	-0,19	0,14	0,24	1474,54
1326	31.08.2025 10:35:05	17,71	-0,19	0,14	0,24	1474,54
1327	31.08.2025 10:35:06	17,71	-0,19	0,14	0,24	1474,54
1328	31.08.2025 10:35:07	17,71	-0,19	0,14	0,24	1474,54
1329	31.08.2025 10:35:08	17,71	-0,19	0,14	0,24	1474,54
1330	31.08.2025 10:35:09	17,71	-0,19	0,14	0,24	1474,54
1331	31.08.2025 10:35:10	17,71	-0,19	0,14	0,24	1474,54
1332	31.08.2025 10:35:11	17,71	-0,17	0,14	0,24	1474,54
1333	31.08.2025 10:35:12	17,71	-0,19	0,14	0,24	1474,54
1334	31.08.2025 10:35:13	17,71	-0,21	0,14	0,24	1474,54
1335	31.08.2025 10:35:14	17,71	-0,19	0,14	0,24	1474,54
1336	31.08.2025 10:35:15	17,71	-0,21	0,14	0,24	1474,54
1337	31.08.2025 10:35:16	17,71	-0,19	0,14	0,24	1474,54
1338	31.08.2025 10:35:17	17,71	-0,19	0,14	0,24	1474,54
1339	31.08.2025 10:35:18	17,71	-0,19	0,14	0,24	1474,54
1340	31.08.2025 10:35:19	17,71	-0,19	0,14	0,24	1474,54
1341	31.08.2025 10:35:20	17,71	-0,21	0,14	0,24	1474,54
1342	31.08.2025 10:35:21	17,71	-0,19	0,14	0,24	1474,54
1343	31.08.2025 10:35:22	17,71	-0,19	0,14	0,24	1474,54
1344	31.08.2025 10:35:23	17,71	-0,19	0,14	0,24	1474,54
1345	31.08.2025 10:35:24	17,71	-0,19	0,14	0,24	1474,54
1346	31.08.2025 10:35:25	17,71	-0,19	0,14	0,24	1474,54
1347	31.08.2025 10:35:26	17,71	-0,19	0,14	0,24	1474,54
1348	31.08.2025 10:35:27	17,71	-0,19	0,14	0,24	1474,54
1349	31.08.2025 10:35:28	17,71	-0,21	0,14	0,24	1474,54
1350	31.08.2025 10:35:29	17,71	-0,19	0,14	0,24	1474,54
1351	31.08.2025 10:35:30	17,71	-0,19	0,14	0,24	1474,54
1352	31.08.2025 10:35:31	17,71	-0,19	0,15	0,27	1474,56
1353	31.08.2025 10:35:32	17,71	-0,19	0,39	0,69	1474,84
1354	31.08.2025 10:35:33	17,71	-0,19	0,54	0,93	1475,00
1355	31.08.2025 10:35:34	17,71	-0,19	0,62	1,06	1475,09
1356	31.08.2025 10:35:35	17,71	-0,19	0,24	0,43	1474,66
1357	31.08.2025 10:35:36	17,71	-0,21	0,60	1,03	1475,07
1358	31.08.2025 10:35:37	17,71	-0,19	0,44	0,77	1474,89
1359	31.08.2025 10:35:38	17,71	-0,19	0,29	0,51	1474,71
1360	31.08.2025 10:35:39	17,71	-0,19	0,26	0,45	1474,68
1361	31.08.2025 10:35:40	17,71	-0,19	0,49	0,85	1474,95
1362	31.08.2025 10:35:41	17,71	-0,19	0,50	0,87	1474,97
1363	31.08.2025 10:35:42	17,71	-0,17	0,21	0,37	1474,63
1364	31.08.2025 10:35:43	17,71	-0,19	0,24	0,43	1474,66
1365	31.08.2025 10:35:44	17,71	-0,19	0,21	0,37	1474,63
1366	31.08.2025 10:35:45	17,71	-0,19	0,39	0,69	1474,84
1367	31.08.2025 10:35:46	17,74	-0,19	0,33	0,58	1474,87
1368	31.08.2025 10:35:47	17,74	-0,19	0,23	0,40	1474,74
1369	31.08.2025 10:35:48	17,77	-0,19	0,26	0,45	1474,88
1370	31.08.2025 10:35:49	17,86	-0,17	0,23	0,40	1475,14
1371	31.08.2025 10:35:50	18,01	-0,26	0,75	1,29	1476,22
1372	31.08.2025 10:35:51	18,22	-0,31	0,28	0,51	1476,35
1373	31.08.2025 10:35:52	18,46	-0,39	0,31	0,56	1477,15
1374	31.08.2025 10:35:53	18,82	-0,39	0,38	0,69	1478,38
