#B	Created:	05.08.2025 16:02:26
##	Version	SeaStar	9.59
#5	Field separation:	0
#2	Date & Time:	1
#6	Decimal point:	,
#7	Date def.:	dd.mm.yyyy	.
#8	Time def.:	:
##	Axis	0	Temperature(°C)	clRed	FALSE
##	Axis	1	Pressure(Bar)	clBlue	FALSE
##	Axis	2	Salinity(psu)	clGreen	FALSE
##	Axis	3	Conductivity(mS/cm)	$00FF80FF	FALSE
##	Axis	4	Sound Velocity(m/sec)	$00404080	FALSE
##	Series	0	Temp(°C)	clRed	0	Temp(°C)	2
##	Series	1	Press(Bar)	clBlue	1	Press(Bar)	2
##	Series	2	Salinity(psu)	clGreen	2	Salinity(psu)	2
##	Series	3	Conduct(mS/cm)	$00FF80FF	3	Conduct(mS/cm)	2
##	Series	4	Sound Velocity(m/sec)	$00404080	4	Velocity(m/sec)	2
##	Recorder	28	DST CTD	13528
##	Chart	28S13528DAT	
#D	Data:	1424	05.08.2025 15:38:00	05.08.2025 16:01:43
1	05.08.2025 15:38:00	15,93	0,25	26,53	34,18	1499,67
2	05.08.2025 15:38:01	15,93	0,25	26,53	34,18	1499,67
3	05.08.2025 15:38:02	15,93	0,28	26,53	34,18	1499,68
4	05.08.2025 15:38:03	15,90	0,28	26,55	34,18	1499,61
5	05.08.2025 15:38:04	15,90	0,30	26,55	34,18	1499,61
6	05.08.2025 15:38:05	15,87	0,28	26,49	34,08	1499,43
7	05.08.2025 15:38:06	15,84	0,32	26,59	34,17	1499,46
8	05.08.2025 15:38:07	15,84	0,32	26,61	34,20	1499,49
9	05.08.2025 15:38:08	15,84	0,34	26,59	34,17	1499,47
10	05.08.2025 15:38:09	15,81	0,35	26,57	34,12	1499,35
11	05.08.2025 15:38:10	15,81	0,37	26,53	34,07	1499,30
12	05.08.2025 15:38:11	15,78	0,39	26,53	34,05	1499,20
13	05.08.2025 15:38:12	15,75	0,39	26,57	34,07	1499,15
14	05.08.2025 15:38:13	15,72	0,43	26,65	34,15	1499,16
15	05.08.2025 15:38:14	15,72	0,44	26,63	34,12	1499,14
16	05.08.2025 15:38:15	15,72	0,43	26,59	34,07	1499,09
17	05.08.2025 15:38:16	15,72	0,44	26,56	34,05	1499,06
18	05.08.2025 15:38:17	15,69	0,46	26,58	34,05	1498,99
19	05.08.2025 15:38:18	15,66	0,48	26,69	34,14	1499,02
20	05.08.2025 15:38:19	15,66	0,49	26,69	34,14	1499,02
21	05.08.2025 15:38:20	15,66	0,49	26,67	34,12	1499,00
22	05.08.2025 15:38:21	15,66	0,51	26,60	34,05	1498,93
23	05.08.2025 15:38:22	15,63	0,52	26,56	33,97	1498,78
24	05.08.2025 15:38:23	15,60	0,54	26,54	33,92	1498,66
25	05.08.2025 15:38:24	15,56	0,54	26,58	33,95	1498,61
26	05.08.2025 15:38:25	15,53	0,57	26,60	33,94	1498,54
27	05.08.2025 15:38:26	15,50	0,61	26,62	33,94	1498,47
28	05.08.2025 15:38:27	15,50	0,61	26,62	33,94	1498,47
29	05.08.2025 15:38:28	15,47	0,62	26,62	33,92	1498,37
30	05.08.2025 15:38:29	15,47	0,62	26,57	33,87	1498,32
31	05.08.2025 15:38:30	15,44	0,65	26,61	33,89	1498,28
32	05.08.2025 15:38:31	15,41	0,69	26,63	33,89	1498,21
33	05.08.2025 15:38:32	15,41	0,69	26,59	33,84	1498,16
34	05.08.2025 15:38:33	15,38	0,72	26,59	33,82	1498,06
35	05.08.2025 15:38:34	15,35	0,74	26,61	33,82	1497,99
36	05.08.2025 15:38:35	15,35	0,76	26,57	33,77	1497,94
37	05.08.2025 15:38:36	15,32	0,77	26,57	33,74	1497,85
38	05.08.2025 15:38:37	15,29	0,79	26,56	33,72	1497,75
39	05.08.2025 15:38:38	15,26	0,80	26,56	33,69	1497,65
40	05.08.2025 15:38:39	15,23	0,82	26,56	33,67	1497,55
41	05.08.2025 15:38:40	15,20	0,83	26,58	33,67	1497,48
42	05.08.2025 15:38:41	15,20	0,83	26,56	33,64	1497,45
43	05.08.2025 15:38:42	15,17	0,87	26,58	33,64	1497,38
44	05.08.2025 15:38:43	15,14	0,88	26,60	33,64	1497,31
45	05.08.2025 15:38:44	15,14	0,90	26,58	33,61	1497,29
46	05.08.2025 15:38:45	15,11	0,92	26,53	33,54	1497,14
47	05.08.2025 15:38:46	15,07	0,93	26,47	33,44	1496,96
48	05.08.2025 15:38:47	15,01	0,97	26,38	33,29	1496,66
49	05.08.2025 15:38:48	14,98	0,98	26,29	33,17	1496,46
50	05.08.2025 15:38:49	14,89	0,99	26,20	32,99	1496,05
51	05.08.2025 15:38:50	14,80	1,04	26,11	32,82	1495,65
52	05.08.2025 15:38:51	14,71	1,05	26,06	32,69	1495,29
53	05.08.2025 15:38:52	14,58	1,11	26,09	32,64	1494,94
54	05.08.2025 15:38:53	14,49	1,14	26,15	32,64	1494,71
55	05.08.2025 15:38:54	14,40	1,15	26,19	32,61	1494,45
56	05.08.2025 15:38:55	14,33	1,17	26,23	32,61	1494,30
57	05.08.2025 15:38:56	14,27	1,16	26,27	32,61	1494,14
58	05.08.2025 15:38:57	14,24	1,18	26,29	32,61	1494,07
59	05.08.2025 15:38:58	14,18	1,17	26,33	32,61	1493,91
60	05.08.2025 15:38:59	14,15	1,19	26,36	32,61	1493,83
61	05.08.2025 15:39:00	14,12	1,19	26,38	32,60	1493,75
62	05.08.2025 15:39:01	14,09	1,19	26,40	32,60	1493,67
63	05.08.2025 15:39:02	14,06	1,18	26,42	32,60	1493,60
64	05.08.2025 15:39:03	14,06	1,17	26,44	32,63	1493,62
65	05.08.2025 15:39:04	14,02	1,18	26,44	32,60	1493,52
66	05.08.2025 15:39:05	13,99	1,18	26,46	32,60	1493,44
67	05.08.2025 15:39:06	13,99	1,20	26,41	32,55	1493,39
68	05.08.2025 15:39:07	13,96	1,21	26,41	32,53	1493,28
69	05.08.2025 15:39:08	13,93	1,23	26,41	32,50	1493,18
70	05.08.2025 15:39:09	13,90	1,23	26,43	32,50	1493,10
71	05.08.2025 15:39:10	13,87	1,24	26,47	32,52	1493,05
72	05.08.2025 15:39:11	13,84	1,24	26,47	32,50	1492,94
73	05.08.2025 15:39:12	13,81	1,24	26,49	32,50	1492,86
74	05.08.2025 15:39:13	13,77	1,24	26,51	32,50	1492,78
75	05.08.2025 15:39:14	13,77	1,25	26,49	32,47	1492,76
76	05.08.2025 15:39:15	13,74	1,25	26,54	32,50	1492,71
77	05.08.2025 15:39:16	13,74	1,23	26,56	32,52	1492,73
78	05.08.2025 15:39:17	13,71	1,21	26,58	32,52	1492,65
79	05.08.2025 15:39:18	13,71	1,21	26,58	32,52	1492,65
80	05.08.2025 15:39:19	13,71	1,20	26,58	32,52	1492,65
81	05.08.2025 15:39:20	13,68	1,21	26,60	32,52	1492,57
82	05.08.2025 15:39:21	13,68	1,19	26,60	32,52	1492,57
83	05.08.2025 15:39:22	13,68	1,19	26,60	32,52	1492,57
84	05.08.2025 15:39:23	13,65	1,21	26,64	32,54	1492,52
85	05.08.2025 15:39:24	13,65	1,19	26,69	32,59	1492,57
86	05.08.2025 15:39:25	13,65	1,19	26,71	32,62	1492,59
87	05.08.2025 15:39:26	13,65	1,17	26,73	32,64	1492,62
88	05.08.2025 15:39:27	13,65	1,17	26,73	32,64	1492,62
89	05.08.2025 15:39:28	13,68	1,17	26,73	32,67	1492,72
90	05.08.2025 15:39:29	13,68	1,17	26,75	32,69	1492,75
91	05.08.2025 15:39:30	13,68	1,16	26,78	32,72	1492,77
92	05.08.2025 15:39:31	13,68	1,16	26,78	32,72	1492,77
93	05.08.2025 15:39:32	13,68	1,14	26,78	32,72	1492,77
94	05.08.2025 15:39:33	13,71	1,16	26,78	32,74	1492,88
95	05.08.2025 15:39:34	13,71	1,14	26,78	32,74	1492,88
96	05.08.2025 15:39:35	13,71	1,14	26,78	32,74	1492,88
97	05.08.2025 15:39:36	13,71	1,14	26,78	32,74	1492,88
98	05.08.2025 15:39:37	13,71	1,14	26,78	32,74	1492,88
99	05.08.2025 15:39:38	13,71	1,14	26,76	32,72	1492,85
100	05.08.2025 15:39:39	13,68	1,14	26,76	32,69	1492,74
101	05.08.2025 15:39:40	13,68	1,14	26,73	32,67	1492,72
102	05.08.2025 15:39:41	13,65	1,15	26,75	32,67	1492,64
103	05.08.2025 15:39:42	13,65	1,15	26,71	32,62	1492,59
104	05.08.2025 15:39:43	13,62	1,15	26,69	32,57	1492,45
105	05.08.2025 15:39:44	13,59	1,15	26,71	32,57	1492,37
106	05.08.2025 15:39:45	13,56	1,18	26,71	32,54	1492,27
107	05.08.2025 15:39:46	13,56	1,18	26,71	32,54	1492,27
108	05.08.2025 15:39:47	13,53	1,18	26,73	32,54	1492,19
109	05.08.2025 15:39:48	13,53	1,20	26,73	32,54	1492,19
110	05.08.2025 15:39:49	13,49	1,20	26,73	32,52	1492,09
111	05.08.2025 15:39:50	13,46	1,21	26,75	32,51	1492,01
112	05.08.2025 15:39:51	13,46	1,21	26,77	32,54	1492,04
113	05.08.2025 15:39:52	13,46	1,23	26,79	32,56	1492,07
114	05.08.2025 15:39:53	13,43	1,25	26,88	32,64	1492,07
115	05.08.2025 15:39:54	13,46	1,25	26,93	32,71	1492,23
116	05.08.2025 15:39:55	13,46	1,25	26,97	32,76	1492,28
117	05.08.2025 15:39:56	13,46	1,27	26,97	32,76	1492,29
118	05.08.2025 15:39:57	13,46	1,28	26,97	32,76	1492,29
119	05.08.2025 15:39:58	13,46	1,28	26,93	32,71	1492,24
120	05.08.2025 15:39:59	13,46	1,28	26,93	32,71	1492,24
121	05.08.2025 15:40:00	13,43	1,30	26,95	32,71	1492,16
122	05.08.2025 15:40:01	13,43	1,32	26,92	32,69	1492,13
123	05.08.2025 15:40:02	13,40	1,33	26,92	32,66	1492,03
124	05.08.2025 15:40:03	13,40	1,33	26,90	32,64	1492,00
125	05.08.2025 15:40:04	13,37	1,35	26,92	32,64	1491,92
126	05.08.2025 15:40:05	13,34	1,37	26,94	32,63	1491,85
127	05.08.2025 15:40:06	13,34	1,38	26,94	32,63	1491,85
128	05.08.2025 15:40:07	13,31	1,40	26,96	32,63	1491,77
129	05.08.2025 15:40:08	13,31	1,42	27,03	32,71	1491,86
130	05.08.2025 15:40:09	13,27	1,43	27,03	32,68	1491,75
131	05.08.2025 15:40:10	13,27	1,45	27,03	32,68	1491,75
132	05.08.2025 15:40:11	13,24	1,47	27,10	32,73	1491,73
133	05.08.2025 15:40:12	13,24	1,47	27,14	32,78	1491,78
134	05.08.2025 15:40:13	13,24	1,48	27,23	32,88	1491,89
135	05.08.2025 15:40:14	13,24	1,52	27,30	32,95	1491,98
136	05.08.2025 15:40:15	13,24	1,54	27,32	32,98	1492,01
137	05.08.2025 15:40:16	13,27	1,54	27,30	32,98	1492,09
138	05.08.2025 15:40:17	13,27	1,56	27,30	32,98	1492,10
139	05.08.2025 15:40:18	13,27	1,56	27,30	32,98	1492,10
140	05.08.2025 15:40:19	13,27	1,60	27,30	32,98	1492,10
141	05.08.2025 15:40:20	13,27	1,60	27,30	32,98	1492,10
142	05.08.2025 15:40:21	13,27	1,61	27,32	33,00	1492,13
143	05.08.2025 15:40:22	13,27	1,63	27,32	33,00	1492,13
144	05.08.2025 15:40:23	13,27	1,65	27,32	33,00	1492,14
145	05.08.2025 15:40:24	13,27	1,67	27,30	32,98	1492,11
146	05.08.2025 15:40:25	13,27	1,69	27,30	32,98	1492,12
147	05.08.2025 15:40:26	13,27	1,70	27,32	33,00	1492,14
148	05.08.2025 15:40:27	13,27	1,72	27,32	33,00	1492,15
149	05.08.2025 15:40:28	13,27	1,76	27,37	33,05	1492,21
150	05.08.2025 15:40:29	13,27	1,78	27,55	33,25	1492,43
151	05.08.2025 15:40:30	13,27	1,78	27,50	33,20	1492,37
152	05.08.2025 15:40:31	13,31	1,80	27,43	33,15	1492,40
153	05.08.2025 15:40:32	13,31	1,81	27,41	33,12	1492,38
154	05.08.2025 15:40:33	13,27	1,83	27,43	33,12	1492,30
155	05.08.2025 15:40:34	13,27	1,87	27,43	33,12	1492,31
156	05.08.2025 15:40:35	13,27	1,88	27,41	33,10	1492,28
157	05.08.2025 15:40:36	13,27	1,88	27,41	33,10	1492,28
158	05.08.2025 15:40:37	13,27	1,92	27,39	33,07	1492,26
159	05.08.2025 15:40:38	13,24	1,93	27,41	33,07	1492,18
160	05.08.2025 15:40:39	13,24	1,95	27,41	33,07	1492,19
161	05.08.2025 15:40:40	13,24	1,97	27,41	33,07	1492,19
162	05.08.2025 15:40:41	13,24	1,99	27,43	33,10	1492,22
163	05.08.2025 15:40:42	13,24	1,99	27,41	33,07	1492,19
164	05.08.2025 15:40:43	13,24	2,02	27,41	33,07	1492,20
165	05.08.2025 15:40:44	13,21	2,04	27,43	33,07	1492,12
166	05.08.2025 15:40:45	13,21	2,06	27,39	33,02	1492,07
167	05.08.2025 15:40:46	13,21	2,06	27,36	33,00	1492,04
168	05.08.2025 15:40:47	13,18	2,09	27,36	32,97	1491,94
169	05.08.2025 15:40:48	13,15	2,11	27,36	32,95	1491,83
170	05.08.2025 15:40:49	13,15	2,14	27,34	32,92	1491,81
171	05.08.2025 15:40:50	13,12	2,14	27,34	32,90	1491,70
172	05.08.2025 15:40:51	13,09	2,18	27,34	32,87	1491,60
173	05.08.2025 15:40:52	13,09	2,19	27,36	32,90	1491,63
174	05.08.2025 15:40:53	13,05	2,21	27,34	32,85	1491,50
175	05.08.2025 15:40:54	13,02	2,22	27,38	32,87	1491,45
176	05.08.2025 15:40:55	12,99	2,26	27,49	32,97	1491,48
177	05.08.2025 15:40:56	12,99	2,28	27,45	32,92	1491,43
178	05.08.2025 15:40:57	12,96	2,31	27,52	32,97	1491,41
179	05.08.2025 15:40:58	12,90	2,32	27,61	33,02	1491,30
180	05.08.2025 15:40:59	12,90	2,34	27,61	33,02	1491,31
181	05.08.2025 15:41:00	12,87	2,36	27,61	32,99	1491,20
182	05.08.2025 15:41:01	12,87	2,38	27,63	33,02	1491,23
183	05.08.2025 15:41:02	12,83	2,41	27,65	33,01	1491,16
184	05.08.2025 15:41:03	12,80	2,42	27,70	33,04	1491,11
185	05.08.2025 15:41:04	12,80	2,44	27,72	33,06	1491,14
186	05.08.2025 15:41:05	12,77	2,49	27,74	33,06	1491,06
187	05.08.2025 15:41:06	12,77	2,49	27,72	33,04	1491,04
188	05.08.2025 15:41:07	12,77	2,51	27,72	33,04	1491,04
189	05.08.2025 15:41:08	12,77	2,55	27,72	33,04	1491,04
190	05.08.2025 15:41:09	12,74	2,56	27,74	33,04	1490,97
191	05.08.2025 15:41:10	12,74	2,56	27,79	33,09	1491,02
192	05.08.2025 15:41:11	12,74	2,60	27,83	33,14	1491,08
193	05.08.2025 15:41:12	12,74	2,62	27,99	33,31	1491,28
194	05.08.2025 15:41:13	12,74	2,64	27,99	33,31	1491,28
195	05.08.2025 15:41:14	12,77	2,66	28,04	33,38	1491,45
196	05.08.2025 15:41:15	12,77	2,67	28,04	33,38	1491,45
197	05.08.2025 15:41:16	12,77	2,69	28,08	33,43	1491,51
198	05.08.2025 15:41:17	12,77	2,69	28,15	33,50	1491,59
199	05.08.2025 15:41:18	12,77	2,73	28,20	33,55	1491,65
200	05.08.2025 15:41:19	12,74	2,74	28,22	33,55	1491,57
201	05.08.2025 15:41:20	12,74	2,76	28,22	33,55	1491,58
202	05.08.2025 15:41:21	12,74	2,80	28,20	33,53	1491,55
203	05.08.2025 15:41:22	12,71	2,81	28,20	33,50	1491,45
204	05.08.2025 15:41:23	12,71	2,83	28,10	33,40	1491,34
205	05.08.2025 15:41:24	12,68	2,86	28,08	33,35	1491,21
206	05.08.2025 15:41:25	12,61	2,88	28,10	33,33	1491,02
207	05.08.2025 15:41:26	12,58	2,91	28,10	33,30	1490,92
208	05.08.2025 15:41:27	12,55	2,93	28,10	33,28	1490,81
209	05.08.2025 15:41:28	12,52	2,98	28,13	33,28	1490,74
210	05.08.2025 15:41:29	12,49	2,98	28,15	33,28	1490,66
211	05.08.2025 15:41:30	12,45	3,01	28,17	33,28	1490,58
212	05.08.2025 15:41:31	12,42	3,03	28,15	33,23	1490,45
213	05.08.2025 15:41:32	12,39	3,04	28,13	33,18	1490,31
214	05.08.2025 15:41:33	12,36	3,04	28,03	33,05	1490,09
215	05.08.2025 15:41:34	12,33	3,06	27,99	32,98	1489,93
216	05.08.2025 15:41:35	12,26	3,07	27,90	32,83	1489,60
217	05.08.2025 15:41:36	12,20	3,10	27,89	32,78	1489,38
218	05.08.2025 15:41:37	12,14	3,13	27,89	32,73	1489,16
219	05.08.2025 15:41:38	12,07	3,13	27,89	32,68	1488,94
220	05.08.2025 15:41:39	12,01	3,16	27,87	32,60	1488,69
221	05.08.2025 15:41:40	11,95	3,19	27,89	32,58	1488,50
222	05.08.2025 15:41:41	11,91	3,21	27,89	32,55	1488,39
223	05.08.2025 15:41:42	11,85	3,22	27,94	32,55	1488,23
224	05.08.2025 15:41:43	11,82	3,25	27,96	32,55	1488,15
225	05.08.2025 15:41:44	11,79	3,27	27,99	32,55	1488,07
226	05.08.2025 15:41:45	11,75	3,28	28,01	32,55	1487,99
227	05.08.2025 15:41:46	11,75	3,30	28,03	32,57	1488,02
228	05.08.2025 15:41:47	11,72	3,34	28,03	32,55	1487,91
229	05.08.2025 15:41:48	11,72	3,32	27,80	32,30	1487,62
230	05.08.2025 15:41:49	11,63	3,33	27,45	31,86	1486,86
231	05.08.2025 15:41:50	11,50	3,35	27,28	31,58	1486,20
232	05.08.2025 15:41:51	11,34	3,38	26,76	30,92	1485,00
233	05.08.2025 15:41:52	11,08	3,40	26,52	30,47	1483,78
234	05.08.2025 15:41:53	10,72	3,46	26,70	30,39	1482,73
235	05.08.2025 15:41:54	10,46	3,50	26,79	30,28	1481,89
236	05.08.2025 15:41:55	10,23	3,55	26,81	30,13	1481,09
237	05.08.2025 15:41:56	10,03	3,61	26,80	29,98	1480,37
238	05.08.2025 15:41:57	9,84	3,61	26,82	29,85	1479,67
239	05.08.2025 15:41:58	9,64	3,63	26,70	29,58	1478,78
240	05.08.2025 15:41:59	9,37	3,67	26,70	29,38	1477,79
241	05.08.2025 15:42:00	9,11	3,72	26,64	29,13	1476,73
242	05.08.2025 15:42:01	8,84	3,76	26,74	29,03	1475,85
243	05.08.2025 15:42:02	8,60	3,81	26,76	28,87	1474,99
244	05.08.2025 15:42:03	8,37	3,85	26,89	28,82	1474,25
245	05.08.2025 15:42:04	8,16	3,87	26,99	28,77	1473,59
246	05.08.2025 15:42:05	7,99	3,91	27,06	28,72	1473,04
247	05.08.2025 15:42:06	7,82	3,95	27,19	28,71	1472,55
248	05.08.2025 15:42:07	7,69	3,96	27,30	28,71	1472,15
249	05.08.2025 15:42:08	7,55	4,01	27,40	28,71	1471,76
250	05.08.2025 15:42:09	7,48	4,00	27,43	28,68	1471,52
251	05.08.2025 15:42:10	7,38	4,03	27,51	28,68	1471,22
252	05.08.2025 15:42:11	7,27	4,04	27,59	28,68	1470,92
253	05.08.2025 15:42:12	7,20	4,07	27,65	28,68	1470,72
254	05.08.2025 15:42:13	7,10	4,08	27,73	28,68	1470,42
255	05.08.2025 15:42:14	7,03	4,09	27,78	28,68	1470,22
256	05.08.2025 15:42:15	6,96	4,09	27,84	28,68	1470,01
257	05.08.2025 15:42:16	6,93	4,10	27,89	28,70	1469,94
258	05.08.2025 15:42:17	6,86	4,10	27,95	28,70	1469,74
259	05.08.2025 15:42:18	6,79	4,13	28,00	28,70	1469,54
260	05.08.2025 15:42:19	6,75	4,13	28,03	28,70	1469,43
261	05.08.2025 15:42:20	6,68	4,12	28,09	28,70	1469,23
262	05.08.2025 15:42:21	6,65	4,12	28,12	28,70	1469,12
263	05.08.2025 15:42:22	6,58	4,12	28,17	28,70	1468,91
264	05.08.2025 15:42:23	6,54	4,13	28,20	28,70	1468,81
265	05.08.2025 15:42:24	6,47	4,13	28,26	28,70	1468,61
266	05.08.2025 15:42:25	6,44	4,14	28,29	28,70	1468,50
267	05.08.2025 15:42:26	6,40	4,14	28,32	28,70	1468,40
268	05.08.2025 15:42:27	6,37	4,14	28,37	28,72	1468,33
269	05.08.2025 15:42:28	6,33	4,13	28,40	28,72	1468,22
270	05.08.2025 15:42:29	6,30	4,13	28,43	28,72	1468,12
271	05.08.2025 15:42:30	6,26	4,15	28,46	28,72	1468,02
272	05.08.2025 15:42:31	6,23	4,13	28,49	28,72	1467,91
273	05.08.2025 15:42:32	6,19	4,12	28,52	28,72	1467,80
274	05.08.2025 15:42:33	6,16	4,12	28,55	28,72	1467,70
275	05.08.2025 15:42:34	6,12	4,14	28,58	28,72	1467,60
276	05.08.2025 15:42:35	6,09	4,13	28,61	28,72	1467,49
277	05.08.2025 15:42:36	6,05	4,13	28,66	28,75	1467,42
278	05.08.2025 15:42:37	6,02	4,13	28,69	28,75	1467,32
279	05.08.2025 15:42:38	5,98	4,13	28,72	28,75	1467,21
280	05.08.2025 15:42:39	5,94	4,12	28,75	28,75	1467,10
281	05.08.2025 15:42:40	5,91	4,12	28,78	28,74	1467,00
282	05.08.2025 15:42:41	5,91	4,14	28,78	28,74	1467,00
283	05.08.2025 15:42:42	5,87	4,14	28,81	28,74	1466,90
284	05.08.2025 15:42:43	5,84	4,13	28,84	28,74	1466,79
285	05.08.2025 15:42:44	5,84	4,13	28,84	28,74	1466,79
286	05.08.2025 15:42:45	5,80	4,13	28,87	28,74	1466,68
287	05.08.2025 15:42:46	5,80	4,13	28,87	28,74	1466,68
288	05.08.2025 15:42:47	5,77	4,13	28,90	28,74	1466,58
289	05.08.2025 15:42:48	5,73	4,13	28,93	28,74	1466,47
290	05.08.2025 15:42:49	5,73	4,13	28,93	28,74	1466,47
291	05.08.2025 15:42:50	5,70	4,12	28,99	28,77	1466,40
292	05.08.2025 15:42:51	5,70	4,12	28,96	28,74	1466,36
293	05.08.2025 15:42:52	5,66	4,14	28,99	28,74	1466,26
294	05.08.2025 15:42:53	5,62	4,12	29,05	28,77	1466,19
295	05.08.2025 15:42:54	5,62	4,12	29,05	28,77	1466,19
296	05.08.2025 15:42:55	5,59	4,10	29,06	28,74	1466,04
297	05.08.2025 15:42:56	5,59	4,12	29,08	28,77	1466,08
298	05.08.2025 15:42:57	5,55	4,11	29,11	28,77	1465,97
299	05.08.2025 15:42:58	5,55	4,09	29,11	28,77	1465,97
300	05.08.2025 15:42:59	5,55	4,09	29,11	28,77	1465,97
301	05.08.2025 15:43:00	5,52	4,11	29,14	28,77	1465,87
302	05.08.2025 15:43:01	5,52	4,11	29,14	28,77	1465,87
303	05.08.2025 15:43:02	5,48	4,09	29,18	28,77	1465,76
304	05.08.2025 15:43:03	5,48	4,09	29,18	28,77	1465,76
305	05.08.2025 15:43:04	5,48	4,09	29,18	28,77	1465,76
306	05.08.2025 15:43:05	5,45	4,09	29,21	28,77	1465,65
307	05.08.2025 15:43:06	5,45	4,09	29,21	28,77	1465,65
308	05.08.2025 15:43:07	5,45	4,09	29,21	28,77	1465,65
309	05.08.2025 15:43:08	5,41	4,07	29,24	28,77	1465,54
310	05.08.2025 15:43:09	5,41	4,08	29,24	28,77	1465,54
311	05.08.2025 15:43:10	5,41	4,08	29,24	28,77	1465,54
312	05.08.2025 15:43:11	5,37	4,08	29,27	28,77	1465,43
313	05.08.2025 15:43:12	5,37	4,08	29,27	28,77	1465,43
314	05.08.2025 15:43:13	5,34	4,08	29,30	28,77	1465,33
315	05.08.2025 15:43:14	5,34	4,08	29,30	28,77	1465,33
316	05.08.2025 15:43:15	5,34	4,08	29,30	28,77	1465,33
317	05.08.2025 15:43:16	5,34	4,10	29,30	28,77	1465,33
318	05.08.2025 15:43:17	5,30	4,08	29,33	28,77	1465,22
319	05.08.2025 15:43:18	5,30	4,06	29,33	28,77	1465,22
320	05.08.2025 15:43:19	5,30	4,06	29,33	28,77	1465,22
321	05.08.2025 15:43:20	5,30	4,08	29,36	28,79	1465,26
322	05.08.2025 15:43:21	5,27	4,06	29,39	28,79	1465,14
323	05.08.2025 15:43:22	5,27	4,06	29,39	28,79	1465,14
324	05.08.2025 15:43:23	5,27	4,07	29,36	28,77	1465,11
325	05.08.2025 15:43:24	5,27	4,06	29,36	28,77	1465,11
326	05.08.2025 15:43:25	5,27	4,07	29,36	28,77	1465,11
327	05.08.2025 15:43:26	5,27	4,07	29,36	28,77	1465,11
328	05.08.2025 15:43:27	5,27	4,07	29,39	28,79	1465,15
329	05.08.2025 15:43:28	5,23	4,07	29,42	28,79	1465,04
330	05.08.2025 15:43:29	5,23	4,07	29,42	28,79	1465,04
331	05.08.2025 15:43:30	5,23	4,09	29,39	28,77	1465,01
332	05.08.2025 15:43:31	5,23	4,09	29,42	28,79	1465,04
333	05.08.2025 15:43:32	5,23	4,09	29,42	28,79	1465,04
334	05.08.2025 15:43:33	5,23	4,09	29,42	28,79	1465,04
335	05.08.2025 15:43:34	5,19	4,10	29,45	28,79	1464,94
336	05.08.2025 15:43:35	5,19	4,10	29,45	28,79	1464,94
337	05.08.2025 15:43:36	5,19	4,09	29,45	28,79	1464,93
338	05.08.2025 15:43:37	5,19	4,10	29,45	28,79	1464,94
339	05.08.2025 15:43:38	5,19	4,10	29,45	28,79	1464,94
340	05.08.2025 15:43:39	5,19	4,10	29,45	28,79	1464,94
341	05.08.2025 15:43:40	5,19	4,09	29,48	28,82	1464,97
342	05.08.2025 15:43:41	5,19	4,10	29,45	28,79	1464,94
343	05.08.2025 15:43:42	5,19	4,09	29,48	28,82	1464,97
344	05.08.2025 15:43:43	5,19	4,12	29,48	28,82	1464,98
345	05.08.2025 15:43:44	5,19	4,10	29,48	28,82	1464,97
346	05.08.2025 15:43:45	5,16	4,10	29,49	28,79	1464,83
347	05.08.2025 15:43:46	5,16	4,10	29,48	28,79	1464,83
348	05.08.2025 15:43:47	5,16	4,10	29,48	28,79	1464,83
349	05.08.2025 15:43:48	5,16	4,12	29,48	28,79	1464,83
350	05.08.2025 15:43:49	5,16	4,12	29,48	28,79	1464,83
351	05.08.2025 15:43:50	5,16	4,12	29,48	28,79	1464,83
352	05.08.2025 15:43:51	5,16	4,14	29,48	28,79	1464,84
353	05.08.2025 15:43:52	5,16	4,12	29,48	28,79	1464,83
354	05.08.2025 15:43:53	5,16	4,12	29,35	28,67	1464,65
355	05.08.2025 15:43:54	5,12	4,12	29,52	28,79	1464,72
356	05.08.2025 15:43:55	5,12	4,12	29,52	28,79	1464,72
357	05.08.2025 15:43:56	5,12	4,12	29,52	28,79	1464,72
358	05.08.2025 15:43:57	5,12	4,12	29,52	28,79	1464,72
359	05.08.2025 15:43:58	5,12	4,12	29,52	28,79	1464,72
360	05.08.2025 15:43:59	5,12	4,10	29,52	28,79	1464,72
361	05.08.2025 15:44:00	5,12	4,12	29,52	28,79	1464,72
362	05.08.2025 15:44:01	5,12	4,10	29,52	28,79	1464,72
363	05.08.2025 15:44:02	5,12	4,10	29,52	28,79	1464,72
364	05.08.2025 15:44:03	5,12	4,10	29,54	28,82	1464,76
365	05.08.2025 15:44:04	5,12	4,12	29,52	28,79	1464,72
366	05.08.2025 15:44:05	5,12	4,10	29,52	28,79	1464,72
367	05.08.2025 15:44:06	5,12	4,12	29,52	28,79	1464,72
368	05.08.2025 15:44:07	5,12	4,10	29,54	28,82	1464,76
369	05.08.2025 15:44:08	5,12	4,10	29,54	28,82	1464,76
370	05.08.2025 15:44:09	5,12	4,10	29,54	28,82	1464,76
371	05.08.2025 15:44:10	5,12	4,10	29,54	28,82	1464,76
372	05.08.2025 15:44:11	5,12	4,10	29,54	28,82	1464,76
373	05.08.2025 15:44:12	5,12	4,10	29,54	28,82	1464,76
374	05.08.2025 15:44:13	5,12	4,12	29,54	28,82	1464,76
375	05.08.2025 15:44:14	5,12	4,12	29,54	28,82	1464,76
376	05.08.2025 15:44:15	5,12	4,12	29,54	28,82	1464,76
377	05.08.2025 15:44:16	5,09	4,11	29,58	28,82	1464,65
378	05.08.2025 15:44:17	5,09	4,10	29,58	28,82	1464,65
379	05.08.2025 15:44:18	5,09	4,11	29,58	28,82	1464,65
380	05.08.2025 15:44:19	5,09	4,11	29,58	28,82	1464,65
381	05.08.2025 15:44:20	5,09	4,10	29,58	28,82	1464,65
382	05.08.2025 15:44:21	5,09	4,10	29,58	28,82	1464,65
383	05.08.2025 15:44:22	5,09	4,10	29,58	28,82	1464,65
384	05.08.2025 15:44:23	5,09	4,10	29,58	28,82	1464,65
385	05.08.2025 15:44:24	5,09	4,10	29,58	28,82	1464,65
386	05.08.2025 15:44:25	5,09	4,10	29,58	28,82	1464,65
387	05.08.2025 15:44:26	5,09	4,11	29,58	28,82	1464,65
388	05.08.2025 15:44:27	5,09	4,10	29,58	28,82	1464,65
389	05.08.2025 15:44:28	5,09	4,11	29,58	28,82	1464,65
390	05.08.2025 15:44:29	5,09	4,10	29,58	28,82	1464,65
391	05.08.2025 15:44:30	5,09	4,10	29,58	28,82	1464,65
392	05.08.2025 15:44:31	5,09	4,10	29,58	28,82	1464,65
393	05.08.2025 15:44:32	5,09	4,11	29,58	28,82	1464,65
394	05.08.2025 15:44:33	5,09	4,08	29,58	28,82	1464,65
395	05.08.2025 15:44:34	5,09	4,10	29,58	28,82	1464,65
396	05.08.2025 15:44:35	5,09	4,10	29,58	28,82	1464,65
397	05.08.2025 15:44:36	5,09	4,10	29,58	28,82	1464,65
398	05.08.2025 15:44:37	5,09	4,10	29,58	28,82	1464,65
399	05.08.2025 15:44:38	5,09	4,10	29,58	28,82	1464,65
400	05.08.2025 15:44:39	5,09	4,10	29,58	28,82	1464,65
401	05.08.2025 15:44:40	5,09	4,10	29,60	28,84	1464,69
402	05.08.2025 15:44:41	5,09	4,08	29,58	28,82	1464,65
403	05.08.2025 15:44:42	5,09	4,08	29,58	28,82	1464,65
404	05.08.2025 15:44:43	5,09	4,10	29,58	28,82	1464,65
405	05.08.2025 15:44:44	5,09	4,10	29,58	28,82	1464,65
406	05.08.2025 15:44:45	5,09	4,10	29,60	28,84	1464,69
407	05.08.2025 15:44:46	5,09	4,08	29,60	28,84	1464,68
408	05.08.2025 15:44:47	5,09	4,08	29,60	28,84	1464,68
409	05.08.2025 15:44:48	5,09	4,08	29,60	28,84	1464,68
410	05.08.2025 15:44:49	5,09	4,08	29,60	28,84	1464,68
411	05.08.2025 15:44:50	5,09	4,08	29,60	28,84	1464,68
412	05.08.2025 15:44:51	5,09	4,08	29,60	28,84	1464,68
413	05.08.2025 15:44:52	5,09	4,08	29,60	28,84	1464,68
414	05.08.2025 15:44:53	5,09	4,08	29,60	28,84	1464,68
415	05.08.2025 15:44:54	5,09	4,08	29,60	28,84	1464,68
416	05.08.2025 15:44:55	5,09	4,08	29,60	28,84	1464,68
417	05.08.2025 15:44:56	5,09	4,08	29,60	28,84	1464,68
418	05.08.2025 15:44:57	5,09	4,08	29,60	28,84	1464,68
419	05.08.2025 15:44:58	5,12	4,08	29,60	28,87	1464,83
420	05.08.2025 15:44:59	5,09	4,10	29,63	28,87	1464,72
421	05.08.2025 15:45:00	5,12	4,08	29,57	28,84	1464,79
422	05.08.2025 15:45:01	5,12	4,08	29,57	28,84	1464,79
423	05.08.2025 15:45:02	5,12	4,08	29,57	28,84	1464,79
424	05.08.2025 15:45:03	5,12	4,10	29,57	28,84	1464,79
425	05.08.2025 15:45:04	5,12	4,10	29,57	28,84	1464,79
426	05.08.2025 15:45:05	5,12	4,10	29,60	28,87	1464,83
427	05.08.2025 15:45:06	5,12	4,12	29,60	28,87	1464,83
428	05.08.2025 15:45:07	5,12	4,10	29,57	28,84	1464,79
429	05.08.2025 15:45:08	5,12	4,10	29,60	28,87	1464,83
430	05.08.2025 15:45:09	5,12	4,10	29,57	28,84	1464,79
431	05.08.2025 15:45:10	5,12	4,10	29,57	28,84	1464,79
432	05.08.2025 15:45:11	5,12	4,10	29,57	28,84	1464,79
433	05.08.2025 15:45:12	5,09	4,08	29,60	28,84	1464,68
434	05.08.2025 15:45:13	5,09	4,08	29,60	28,84	1464,68
435	05.08.2025 15:45:14	5,09	4,08	29,60	28,84	1464,68
436	05.08.2025 15:45:15	5,09	4,08	29,60	28,84	1464,68
437	05.08.2025 15:45:16	5,09	4,08	29,60	28,84	1464,68
438	05.08.2025 15:45:17	5,09	4,08	29,60	28,84	1464,68
439	05.08.2025 15:45:18	5,09	4,08	29,60	28,84	1464,68
440	05.08.2025 15:45:19	5,09	4,08	29,60	28,84	1464,68
441	05.08.2025 15:45:20	5,09	4,06	29,60	28,84	1464,68
442	05.08.2025 15:45:21	5,09	4,08	29,60	28,84	1464,68
443	05.08.2025 15:45:22	5,09	4,08	29,60	28,84	1464,68
444	05.08.2025 15:45:23	5,09	4,08	29,60	28,84	1464,68
445	05.08.2025 15:45:24	5,09	4,06	29,60	28,84	1464,68
446	05.08.2025 15:45:25	5,09	4,08	29,60	28,84	1464,68
447	05.08.2025 15:45:26	5,09	4,08	29,60	28,84	1464,68
448	05.08.2025 15:45:27	5,09	4,06	29,60	28,84	1464,68
449	05.08.2025 15:45:28	5,09	4,08	29,60	28,84	1464,68
450	05.08.2025 15:45:29	5,09	4,06	29,60	28,84	1464,68
451	05.08.2025 15:45:30	5,09	4,06	29,60	28,84	1464,68
452	05.08.2025 15:45:31	5,09	4,06	29,60	28,84	1464,68
453	05.08.2025 15:45:32	5,09	4,06	29,63	28,87	1464,72
454	05.08.2025 15:45:33	5,09	4,06	29,60	28,84	1464,68
455	05.08.2025 15:45:34	5,09	4,04	29,60	28,84	1464,68
456	05.08.2025 15:45:35	5,09	4,06	29,63	28,87	1464,72
457	05.08.2025 15:45:36	5,09	4,04	29,63	28,87	1464,71
458	05.08.2025 15:45:37	5,09	4,03	29,63	28,87	1464,71
459	05.08.2025 15:45:38	5,12	4,05	29,60	28,87	1464,82
460	05.08.2025 15:45:39	5,12	4,05	29,57	28,84	1464,78
461	05.08.2025 15:45:40	5,12	4,05	29,60	28,87	1464,82
462	05.08.2025 15:45:41	5,12	4,05	29,60	28,87	1464,82
463	05.08.2025 15:45:42	5,12	4,03	29,57	28,84	1464,78
464	05.08.2025 15:45:43	5,12	4,03	29,60	28,87	1464,82
465	05.08.2025 15:45:44	5,12	4,01	29,60	28,87	1464,82
466	05.08.2025 15:45:45	5,12	4,03	29,60	28,87	1464,82
467	05.08.2025 15:45:46	5,12	4,03	29,60	28,87	1464,82
468	05.08.2025 15:45:47	5,12	4,01	29,60	28,87	1464,82
469	05.08.2025 15:45:48	5,12	4,01	29,60	28,87	1464,82
470	05.08.2025 15:45:49	5,12	4,01	29,60	28,87	1464,82
471	05.08.2025 15:45:50	5,12	4,01	29,60	28,87	1464,82
472	05.08.2025 15:45:51	5,12	3,99	29,60	28,87	1464,81
473	05.08.2025 15:45:52	5,12	3,99	29,60	28,87	1464,81
474	05.08.2025 15:45:53	5,12	4,01	29,60	28,87	1464,82
475	05.08.2025 15:45:54	5,12	3,99	29,60	28,87	1464,81
476	05.08.2025 15:45:55	5,12	3,99	29,60	28,87	1464,81
477	05.08.2025 15:45:56	5,12	4,01	29,60	28,87	1464,82
478	05.08.2025 15:45:57	5,12	4,01	29,60	28,87	1464,82
479	05.08.2025 15:45:58	5,12	3,99	29,60	28,87	1464,81
480	05.08.2025 15:45:59	5,12	4,01	29,60	28,87	1464,82
481	05.08.2025 15:46:00	5,12	4,01	29,60	28,87	1464,82
482	05.08.2025 15:46:01	5,12	3,99	29,60	28,87	1464,81
483	05.08.2025 15:46:02	5,12	3,99	29,60	28,87	1464,81
484	05.08.2025 15:46:03	5,12	4,01	29,60	28,87	1464,82
485	05.08.2025 15:46:04	5,12	4,01	29,60	28,87	1464,82
486	05.08.2025 15:46:05	5,12	3,99	29,60	28,87	1464,81
487	05.08.2025 15:46:06	5,12	3,99	29,60	28,87	1464,81
488	05.08.2025 15:46:07	5,12	4,01	29,60	28,87	1464,82
489	05.08.2025 15:46:08	5,12	3,99	29,60	28,87	1464,81
490	05.08.2025 15:46:09	5,12	4,01	29,60	28,87	1464,82
491	05.08.2025 15:46:10	5,12	4,01	29,60	28,87	1464,82
492	05.08.2025 15:46:11	5,12	4,01	29,60	28,87	1464,82
493	05.08.2025 15:46:12	5,12	4,01	29,60	28,87	1464,82
494	05.08.2025 15:46:13	5,12	3,99	29,60	28,87	1464,81
495	05.08.2025 15:46:14	5,12	3,99	29,60	28,87	1464,81
496	05.08.2025 15:46:15	5,12	4,01	29,57	28,84	1464,78
497	05.08.2025 15:46:16	5,12	3,99	29,60	28,87	1464,81
498	05.08.2025 15:46:17	5,12	3,99	29,60	28,87	1464,81
499	05.08.2025 15:46:18	5,12	4,01	29,60	28,87	1464,82
500	05.08.2025 15:46:19	5,12	3,99	29,60	28,87	1464,81
501	05.08.2025 15:46:20	5,12	3,99	29,60	28,87	1464,81
502	05.08.2025 15:46:21	5,12	3,99	29,60	28,87	1464,81
503	05.08.2025 15:46:22	5,12	4,01	29,60	28,87	1464,82
504	05.08.2025 15:46:23	5,12	4,01	29,60	28,87	1464,82
505	05.08.2025 15:46:24	5,12	3,99	29,60	28,87	1464,81
506	05.08.2025 15:46:25	5,12	3,99	29,60	28,87	1464,81
507	05.08.2025 15:46:26	5,12	3,99	29,60	28,87	1464,81
508	05.08.2025 15:46:27	5,12	3,99	29,60	28,87	1464,81
509	05.08.2025 15:46:28	5,12	3,99	29,60	28,87	1464,81
510	05.08.2025 15:46:29	5,12	3,99	29,60	28,87	1464,81
511	05.08.2025 15:46:30	5,12	3,99	29,60	28,87	1464,81
512	05.08.2025 15:46:31	5,12	3,97	29,60	28,87	1464,81
513	05.08.2025 15:46:32	5,12	3,99	29,60	28,87	1464,81
514	05.08.2025 15:46:33	5,12	4,01	29,60	28,87	1464,82
515	05.08.2025 15:46:34	5,12	4,01	29,60	28,87	1464,82
516	05.08.2025 15:46:35	5,12	3,99	29,63	28,89	1464,85
517	05.08.2025 15:46:36	5,12	4,01	29,60	28,87	1464,82
518	05.08.2025 15:46:37	5,16	4,01	29,57	28,86	1464,92
519	05.08.2025 15:46:38	5,12	3,99	29,60	28,87	1464,81
520	05.08.2025 15:46:39	5,16	3,99	29,57	28,86	1464,92
521	05.08.2025 15:46:40	5,16	4,01	29,57	28,87	1464,92
522	05.08.2025 15:46:41	5,16	4,01	29,57	28,87	1464,92
523	05.08.2025 15:46:42	5,16	4,03	29,57	28,87	1464,93
524	05.08.2025 15:46:43	5,16	4,05	29,57	28,87	1464,93
525	05.08.2025 15:46:44	5,16	4,03	29,60	28,89	1464,96
526	05.08.2025 15:46:45	5,16	4,01	29,57	28,87	1464,92
527	05.08.2025 15:46:46	5,16	4,01	29,57	28,87	1464,92
528	05.08.2025 15:46:47	5,16	4,01	29,57	28,87	1464,92
529	05.08.2025 15:46:48	5,16	4,01	29,57	28,87	1464,92
530	05.08.2025 15:46:49	5,16	4,03	29,57	28,87	1464,93
531	05.08.2025 15:46:50	5,16	4,01	29,60	28,89	1464,96
532	05.08.2025 15:46:51	5,16	4,01	29,57	28,87	1464,92
533	05.08.2025 15:46:52	5,16	3,99	29,57	28,87	1464,92
534	05.08.2025 15:46:53	5,16	4,01	29,57	28,87	1464,92
535	05.08.2025 15:46:54	5,16	4,01	29,57	28,87	1464,92
536	05.08.2025 15:46:55	5,16	4,01	29,57	28,87	1464,92
537	05.08.2025 15:46:56	5,16	4,01	29,57	28,87	1464,92
538	05.08.2025 15:46:57	5,16	4,03	29,57	28,87	1464,93
539	05.08.2025 15:46:58	5,16	4,03	29,57	28,87	1464,93
540	05.08.2025 15:46:59	5,16	4,01	29,57	28,87	1464,92
541	05.08.2025 15:47:00	5,16	4,03	29,57	28,87	1464,93
542	05.08.2025 15:47:01	5,16	4,03	29,57	28,87	1464,93
543	05.08.2025 15:47:02	5,16	4,03	29,57	28,87	1464,93
544	05.08.2025 15:47:03	5,16	4,01	29,57	28,87	1464,92
545	05.08.2025 15:47:04	5,16	4,03	29,57	28,87	1464,93
546	05.08.2025 15:47:05	5,16	4,01	29,57	28,87	1464,92
547	05.08.2025 15:47:06	5,16	4,03	29,57	28,87	1464,93
548	05.08.2025 15:47:07	5,16	4,03	29,57	28,87	1464,93
549	05.08.2025 15:47:08	5,16	4,03	29,57	28,87	1464,93
550	05.08.2025 15:47:09	5,16	4,03	29,57	28,87	1464,93
551	05.08.2025 15:47:10	5,16	4,03	29,57	28,87	1464,93
552	05.08.2025 15:47:11	5,16	4,01	29,57	28,87	1464,92
553	05.08.2025 15:47:12	5,12	4,03	29,60	28,87	1464,82
554	05.08.2025 15:47:13	5,16	4,05	29,57	28,86	1464,93
555	05.08.2025 15:47:14	5,16	4,03	29,57	28,87	1464,93
556	05.08.2025 15:47:15	5,16	4,03	29,57	28,87	1464,93
557	05.08.2025 15:47:16	5,16	4,03	29,60	28,89	1464,96
558	05.08.2025 15:47:17	5,16	4,03	29,57	28,87	1464,93
559	05.08.2025 15:47:18	5,16	4,03	29,57	28,87	1464,93
560	05.08.2025 15:47:19	5,16	4,03	29,60	28,89	1464,96
561	05.08.2025 15:47:20	5,16	4,01	29,60	28,89	1464,96
562	05.08.2025 15:47:21	5,16	4,03	29,60	28,89	1464,96
563	05.08.2025 15:47:22	5,16	4,03	29,60	28,89	1464,96
564	05.08.2025 15:47:23	5,16	4,03	29,60	28,89	1464,96
565	05.08.2025 15:47:24	5,16	4,03	29,57	28,87	1464,93
566	05.08.2025 15:47:25	5,16	4,03	29,57	28,87	1464,93
567	05.08.2025 15:47:26	5,16	4,03	29,60	28,89	1464,96
568	05.08.2025 15:47:27	5,16	4,05	29,60	28,89	1464,96
569	05.08.2025 15:47:28	5,16	4,05	29,60	28,89	1464,96
570	05.08.2025 15:47:29	5,16	4,05	29,60	28,89	1464,96
571	05.08.2025 15:47:30	5,16	4,07	29,60	28,89	1464,97
572	05.08.2025 15:47:31	5,16	4,07	29,60	28,89	1464,97
573	05.08.2025 15:47:32	5,16	4,05	29,60	28,89	1464,96
574	05.08.2025 15:47:33	5,16	4,05	29,60	28,89	1464,96
575	05.08.2025 15:47:34	5,16	4,05	29,60	28,89	1464,96
576	05.08.2025 15:47:35	5,16	4,05	29,60	28,89	1464,96
577	05.08.2025 15:47:36	5,16	4,01	29,60	28,89	1464,96
578	05.08.2025 15:47:37	5,16	3,99	29,60	28,89	1464,96
579	05.08.2025 15:47:38	5,16	3,98	29,60	28,89	1464,95
580	05.08.2025 15:47:39	5,16	3,96	29,60	28,89	1464,95
581	05.08.2025 15:47:40	5,16	3,92	29,60	28,89	1464,94
582	05.08.2025 15:47:41	5,16	3,92	29,60	28,89	1464,94
583	05.08.2025 15:47:42	5,16	3,89	29,60	28,89	1464,94
584	05.08.2025 15:47:43	5,16	3,85	29,60	28,89	1464,93
585	05.08.2025 15:47:44	5,16	3,83	29,63	28,91	1464,97
586	05.08.2025 15:47:45	5,19	3,80	29,59	28,91	1465,07
587	05.08.2025 15:47:46	5,19	3,76	29,59	28,91	1465,06
588	05.08.2025 15:47:47	5,19	3,75	29,59	28,91	1465,06
589	05.08.2025 15:47:48	5,19	3,67	29,62	28,94	1465,08
590	05.08.2025 15:47:49	5,19	3,67	29,76	29,06	1465,26
591	05.08.2025 15:47:50	5,23	3,62	29,76	29,09	1465,40
592	05.08.2025 15:47:51	5,27	3,61	29,89	29,23	1465,72
593	05.08.2025 15:47:52	5,37	3,56	30,10	29,51	1466,42
594	05.08.2025 15:47:53	5,52	3,57	30,28	29,78	1467,23
595	05.08.2025 15:47:54	5,70	3,51	30,34	29,97	1468,03
596	05.08.2025 15:47:55	5,91	3,46	30,50	30,29	1469,09
597	05.08.2025 15:47:56	6,16	3,42	30,53	30,52	1470,11
598	05.08.2025 15:47:57	6,40	3,37	30,44	30,64	1470,98
599	05.08.2025 15:47:58	6,61	3,33	30,37	30,74	1471,72
600	05.08.2025 15:47:59	6,79	3,30	30,32	30,84	1472,34
601	05.08.2025 15:48:00	6,96	3,28	30,28	30,94	1472,97
602	05.08.2025 15:48:01	7,10	3,25	30,37	31,14	1473,63
603	05.08.2025 15:48:02	7,27	3,27	30,38	31,29	1474,32
604	05.08.2025 15:48:03	7,45	3,24	30,31	31,36	1474,90
605	05.08.2025 15:48:04	7,62	3,24	30,19	31,39	1475,41
606	05.08.2025 15:48:05	7,76	3,19	30,02	31,34	1475,72
607	05.08.2025 15:48:06	7,86	3,09	29,21	30,66	1475,08
608	05.08.2025 15:48:07	7,82	3,09	28,72	30,17	1474,33
609	05.08.2025 15:48:08	7,65	3,29	30,63	31,83	1476,11
610	05.08.2025 15:48:09	7,79	3,41	31,63	32,89	1477,92
611	05.08.2025 15:48:10	8,23	3,30	31,37	33,02	1479,26
612	05.08.2025 15:48:11	8,60	3,20	31,02	33,00	1480,22
613	05.08.2025 15:48:12	8,87	3,17	30,74	32,95	1480,87
614	05.08.2025 15:48:13	9,07	3,16	30,42	32,81	1481,22
615	05.08.2025 15:48:14	9,17	3,17	30,16	32,64	1481,28
616	05.08.2025 15:48:15	9,24	3,16	29,88	32,42	1481,17
617	05.08.2025 15:48:16	9,27	3,18	29,60	32,18	1480,96
618	05.08.2025 15:48:17	9,24	3,16	29,45	32,00	1480,65
619	05.08.2025 15:48:18	9,21	3,21	29,33	31,86	1480,38
620	05.08.2025 15:48:19	9,17	3,22	29,31	31,81	1480,23
621	05.08.2025 15:48:20	9,14	3,22	29,18	31,66	1479,95
622	05.08.2025 15:48:21	9,11	3,22	29,01	31,46	1479,60
623	05.08.2025 15:48:22	9,07	3,25	28,96	31,39	1479,42
624	05.08.2025 15:48:23	9,01	3,28	29,07	31,44	1479,31
625	05.08.2025 15:48:24	9,01	3,28	28,99	31,36	1479,21
626	05.08.2025 15:48:25	8,97	3,30	28,89	31,24	1478,97
627	05.08.2025 15:48:26	8,94	3,31	28,94	31,26	1478,91
628	05.08.2025 15:48:27	8,94	3,31	28,99	31,31	1478,97
629	05.08.2025 15:48:28	8,94	3,30	28,92	31,24	1478,87
630	05.08.2025 15:48:29	8,94	3,30	28,89	31,21	1478,84
631	05.08.2025 15:48:30	8,94	3,31	28,89	31,21	1478,84
632	05.08.2025 15:48:31	8,94	3,33	28,87	31,19	1478,82
633	05.08.2025 15:48:32	8,94	3,31	28,84	31,16	1478,78
634	05.08.2025 15:48:33	8,94	3,33	28,94	31,26	1478,91
635	05.08.2025 15:48:34	8,94	3,33	29,02	31,34	1479,00
636	05.08.2025 15:48:35	9,01	3,34	29,24	31,61	1479,53
637	05.08.2025 15:48:36	9,07	3,32	29,34	31,76	1479,90
638	05.08.2025 15:48:37	9,17	3,31	29,61	32,10	1480,61
639	05.08.2025 15:48:38	9,34	3,33	29,97	32,59	1481,69
640	05.08.2025 15:48:39	9,54	3,29	30,15	32,94	1482,65
641	05.08.2025 15:48:40	9,77	3,25	30,09	33,07	1483,42
642	05.08.2025 15:48:41	9,97	3,21	30,00	33,14	1484,03
643	05.08.2025 15:48:42	10,13	3,18	29,85	33,12	1484,43
644	05.08.2025 15:48:43	10,26	3,16	29,67	33,05	1484,68
645	05.08.2025 15:48:44	10,33	3,13	29,64	33,08	1484,88
646	05.08.2025 15:48:45	10,40	3,10	29,57	33,06	1485,02
647	05.08.2025 15:48:46	10,46	3,08	29,49	33,03	1485,16
648	05.08.2025 15:48:47	10,49	3,07	29,39	32,96	1485,15
649	05.08.2025 15:48:48	10,53	3,03	29,22	32,81	1485,06
650	05.08.2025 15:48:49	10,56	3,04	29,24	32,86	1485,20
651	05.08.2025 15:48:50	10,56	3,02	29,27	32,89	1485,23
652	05.08.2025 15:48:51	10,59	3,00	29,22	32,86	1485,28
653	05.08.2025 15:48:52	10,62	2,99	29,19	32,87	1485,37
654	05.08.2025 15:48:53	10,66	2,97	29,19	32,89	1485,48
655	05.08.2025 15:48:54	10,69	2,96	29,19	32,92	1485,59
656	05.08.2025 15:48:55	10,75	2,92	29,16	32,94	1485,79
657	05.08.2025 15:48:56	10,79	2,91	29,21	33,02	1485,96
658	05.08.2025 15:48:57	10,85	2,90	29,28	33,14	1486,28
659	05.08.2025 15:48:58	10,95	2,87	29,28	33,22	1486,62
660	05.08.2025 15:48:59	11,01	2,83	29,30	33,29	1486,87
661	05.08.2025 15:49:00	11,11	2,81	29,30	33,37	1487,21
662	05.08.2025 15:49:01	11,21	2,78	29,22	33,37	1487,45
663	05.08.2025 15:49:02	11,27	2,75	29,20	33,39	1487,65
664	05.08.2025 15:49:03	11,34	2,71	29,15	33,40	1487,81
665	05.08.2025 15:49:04	11,40	2,70	29,10	33,40	1487,98
666	05.08.2025 15:49:05	11,43	2,67	29,10	33,42	1488,08
667	05.08.2025 15:49:06	11,50	2,65	29,09	33,47	1488,31
668	05.08.2025 15:49:07	11,56	2,64	29,05	33,47	1488,47
669	05.08.2025 15:49:08	11,59	2,61	29,07	33,52	1488,61
670	05.08.2025 15:49:09	11,66	2,61	29,02	33,53	1488,77
671	05.08.2025 15:49:10	11,69	2,58	29,02	33,55	1488,88
672	05.08.2025 15:49:11	11,75	2,56	28,99	33,58	1489,07
673	05.08.2025 15:49:12	11,79	2,55	28,95	33,55	1489,12
674	05.08.2025 15:49:13	11,85	2,54	28,90	33,55	1489,29
675	05.08.2025 15:49:14	11,88	2,48	28,87	33,56	1489,36
676	05.08.2025 15:49:15	11,91	2,47	28,85	33,56	1489,44
677	05.08.2025 15:49:16	11,98	2,45	28,78	33,53	1489,57
678	05.08.2025 15:49:17	12,01	2,42	28,76	33,53	1489,65
679	05.08.2025 15:49:18	12,04	2,42	28,73	33,54	1489,73
680	05.08.2025 15:49:19	12,07	2,39	28,71	33,54	1489,81
681	05.08.2025 15:49:20	12,11	2,37	28,66	33,51	1489,86
682	05.08.2025 15:49:21	12,11	2,36	28,64	33,49	1489,83
683	05.08.2025 15:49:22	12,14	2,32	28,59	33,46	1489,88
684	05.08.2025 15:49:23	12,17	2,31	28,50	33,39	1489,87
685	05.08.2025 15:49:24	12,20	2,29	28,45	33,37	1489,93
686	05.08.2025 15:49:25	12,20	2,27	28,48	33,39	1489,95
687	05.08.2025 15:49:26	12,23	2,24	28,41	33,34	1489,97
688	05.08.2025 15:49:27	12,26	2,22	28,38	33,34	1490,05
689	05.08.2025 15:49:28	12,30	2,21	28,36	33,35	1490,13
690	05.08.2025 15:49:29	12,30	2,19	28,34	33,32	1490,10
691	05.08.2025 15:49:30	12,33	2,16	28,31	33,32	1490,18
692	05.08.2025 15:49:31	12,33	2,14	28,27	33,27	1490,12
693	05.08.2025 15:49:32	12,36	2,12	28,08	33,10	1490,00
694	05.08.2025 15:49:33	12,36	2,09	27,99	33,00	1489,88
695	05.08.2025 15:49:34	12,36	2,07	28,01	33,03	1489,91
696	05.08.2025 15:49:35	12,39	2,05	28,01	33,05	1490,01
697	05.08.2025 15:49:36	12,39	2,04	28,06	33,10	1490,07
698	05.08.2025 15:49:37	12,42	2,00	28,08	33,15	1490,20
699	05.08.2025 15:49:38	12,45	1,99	28,06	33,15	1490,28
700	05.08.2025 15:49:39	12,49	1,97	28,04	33,15	1490,36
701	05.08.2025 15:49:40	12,52	1,97	28,01	33,15	1490,44
702	05.08.2025 15:49:41	12,55	1,96	27,99	33,15	1490,52
703	05.08.2025 15:49:42	12,58	1,96	27,97	33,16	1490,60
704	05.08.2025 15:49:43	12,58	1,94	27,97	33,16	1490,60
705	05.08.2025 15:49:44	12,61	1,94	27,95	33,16	1490,68
706	05.08.2025 15:49:45	12,61	1,96	27,95	33,16	1490,68
707	05.08.2025 15:49:46	12,64	1,96	27,92	33,16	1490,76
708	05.08.2025 15:49:47	12,64	2,00	27,92	33,16	1490,77
709	05.08.2025 15:49:48	12,68	2,02	27,90	33,16	1490,85
710	05.08.2025 15:49:49	12,68	2,02	27,88	33,13	1490,83
711	05.08.2025 15:49:50	12,68	2,04	27,86	33,11	1490,80
712	05.08.2025 15:49:51	12,68	2,06	27,83	33,08	1490,78
713	05.08.2025 15:49:52	12,68	2,07	27,81	33,06	1490,75
714	05.08.2025 15:49:53	12,68	2,09	27,79	33,04	1490,73
715	05.08.2025 15:49:54	12,68	2,11	27,79	33,04	1490,73
716	05.08.2025 15:49:55	12,68	2,13	27,79	33,04	1490,73
717	05.08.2025 15:49:56	12,68	2,15	27,81	33,06	1490,76
718	05.08.2025 15:49:57	12,68	2,16	27,97	33,23	1490,96
719	05.08.2025 15:49:58	12,68	2,16	27,90	33,16	1490,88
720	05.08.2025 15:49:59	12,68	2,18	27,95	33,21	1490,94
721	05.08.2025 15:50:00	12,68	2,18	28,01	33,28	1491,02
722	05.08.2025 15:50:01	12,71	2,20	27,99	33,28	1491,10
723	05.08.2025 15:50:02	12,71	2,22	27,90	33,18	1491,00
724	05.08.2025 15:50:03	12,71	2,20	27,99	33,28	1491,10
725	05.08.2025 15:50:04	12,71	2,20	27,92	33,21	1491,02
726	05.08.2025 15:50:05	12,74	2,20	27,95	33,26	1491,16
727	05.08.2025 15:50:06	12,74	2,20	27,90	33,21	1491,10
728	05.08.2025 15:50:07	12,74	2,19	27,92	33,23	1491,13
729	05.08.2025 15:50:08	12,74	2,19	27,92	33,23	1491,13
730	05.08.2025 15:50:09	12,74	2,15	27,88	33,18	1491,07
731	05.08.2025 15:50:10	12,74	2,15	27,90	33,21	1491,09
732	05.08.2025 15:50:11	12,74	2,15	27,83	33,14	1491,01
733	05.08.2025 15:50:12	12,74	2,13	27,81	33,11	1490,98
734	05.08.2025 15:50:13	12,74	2,11	27,81	33,11	1490,98
735	05.08.2025 15:50:14	12,74	2,13	27,76	33,06	1490,92
736	05.08.2025 15:50:15	12,74	2,11	27,76	33,06	1490,92
737	05.08.2025 15:50:16	12,77	2,13	27,74	33,06	1491,01
738	05.08.2025 15:50:17	12,77	2,12	27,72	33,04	1490,98
739	05.08.2025 15:50:18	12,77	2,12	27,72	33,04	1490,98
740	05.08.2025 15:50:19	12,77	2,12	27,72	33,04	1490,98
741	05.08.2025 15:50:20	12,77	2,12	27,72	33,04	1490,98
742	05.08.2025 15:50:21	12,77	2,12	27,74	33,06	1491,00
743	05.08.2025 15:50:22	12,77	2,13	27,74	33,06	1491,01
744	05.08.2025 15:50:23	12,77	2,12	27,74	33,06	1491,00
745	05.08.2025 15:50:24	12,77	2,12	27,74	33,06	1491,00
746	05.08.2025 15:50:25	12,77	2,15	27,76	33,09	1491,04
747	05.08.2025 15:50:26	12,77	2,13	27,74	33,06	1491,01
748	05.08.2025 15:50:27	12,77	2,13	27,74	33,06	1491,01
749	05.08.2025 15:50:28	12,77	2,15	27,76	33,09	1491,04
750	05.08.2025 15:50:29	12,77	2,15	27,79	33,11	1491,06
751	05.08.2025 15:50:30	12,77	2,15	27,81	33,14	1491,09
752	05.08.2025 15:50:31	12,80	2,15	27,79	33,14	1491,17
753	05.08.2025 15:50:32	12,80	2,15	27,81	33,16	1491,20
754	05.08.2025 15:50:33	12,80	2,17	27,88	33,23	1491,29
755	05.08.2025 15:50:34	12,80	2,19	27,88	33,23	1491,29
756	05.08.2025 15:50:35	12,80	2,21	27,90	33,26	1491,32
757	05.08.2025 15:50:36	12,83	2,23	27,90	33,28	1491,43
758	05.08.2025 15:50:37	12,83	2,26	27,95	33,33	1491,49
759	05.08.2025 15:50:38	12,83	2,28	27,97	33,36	1491,52
760	05.08.2025 15:50:39	12,83	2,28	27,99	33,38	1491,55
761	05.08.2025 15:50:40	12,87	2,30	27,99	33,41	1491,66
762	05.08.2025 15:50:41	12,87	2,32	27,99	33,41	1491,66
763	05.08.2025 15:50:42	12,87	2,30	27,99	33,41	1491,66
764	05.08.2025 15:50:43	12,87	2,32	27,99	33,41	1491,66
765	05.08.2025 15:50:44	12,87	2,29	27,99	33,41	1491,66
766	05.08.2025 15:50:45	12,87	2,30	27,99	33,41	1491,66
767	05.08.2025 15:50:46	12,87	2,29	28,02	33,43	1491,68
768	05.08.2025 15:50:47	12,87	2,27	28,02	33,43	1491,68
769	05.08.2025 15:50:48	12,87	2,30	28,02	33,43	1491,69
770	05.08.2025 15:50:49	12,90	2,31	27,99	33,43	1491,77
771	05.08.2025 15:50:50	12,90	2,29	28,02	33,46	1491,79
772	05.08.2025 15:50:51	12,90	2,29	28,02	33,46	1491,79
773	05.08.2025 15:50:52	12,90	2,31	28,04	33,48	1491,82
774	05.08.2025 15:50:53	12,93	2,27	27,99	33,46	1491,87
775	05.08.2025 15:50:54	12,93	2,27	27,97	33,43	1491,84
776	05.08.2025 15:50:55	12,93	2,27	27,99	33,46	1491,87
777	05.08.2025 15:50:56	12,93	2,27	27,99	33,46	1491,87
778	05.08.2025 15:50:57	12,93	2,27	27,97	33,43	1491,84
779	05.08.2025 15:50:58	12,96	2,26	27,95	33,44	1491,92
780	05.08.2025 15:50:59	12,96	2,26	27,97	33,46	1491,95
781	05.08.2025 15:51:00	12,96	2,24	27,90	33,39	1491,86
782	05.08.2025 15:51:01	12,96	2,22	27,90	33,39	1491,86
783	05.08.2025 15:51:02	12,96	2,22	27,88	33,36	1491,83
784	05.08.2025 15:51:03	12,96	2,22	27,88	33,36	1491,83
785	05.08.2025 15:51:04	12,93	2,20	27,90	33,36	1491,75
786	05.08.2025 15:51:05	12,93	2,20	27,88	33,34	1491,72
787	05.08.2025 15:51:06	12,93	2,20	27,86	33,31	1491,69
788	05.08.2025 15:51:07	12,93	2,18	27,86	33,31	1491,69
789	05.08.2025 15:51:08	12,93	2,16	27,86	33,31	1491,69
790	05.08.2025 15:51:09	12,93	2,18	27,86	33,31	1491,69
791	05.08.2025 15:51:10	12,93	2,16	27,83	33,29	1491,66
792	05.08.2025 15:51:11	12,93	2,16	27,81	33,26	1491,63
793	05.08.2025 15:51:12	12,93	2,13	27,79	33,24	1491,60
794	05.08.2025 15:51:13	12,93	2,13	27,74	33,19	1491,55
795	05.08.2025 15:51:14	12,93	2,09	27,72	33,16	1491,51
796	05.08.2025 15:51:15	12,93	2,07	27,74	33,19	1491,54
797	05.08.2025 15:51:16	12,93	2,07	27,77	33,21	1491,57
798	05.08.2025 15:51:17	12,93	2,06	27,77	33,21	1491,56
799	05.08.2025 15:51:18	12,96	2,04	27,72	33,19	1491,61
800	05.08.2025 15:51:19	12,96	2,02	27,72	33,19	1491,61
801	05.08.2025 15:51:20	12,96	2,02	27,74	33,21	1491,64
802	05.08.2025 15:51:21	12,96	2,00	27,74	33,21	1491,63
803	05.08.2025 15:51:22	12,99	1,99	27,72	33,22	1491,71
804	05.08.2025 15:51:23	12,99	1,97	27,72	33,22	1491,71
805	05.08.2025 15:51:24	12,99	1,95	27,70	33,19	1491,68
806	05.08.2025 15:51:25	12,99	1,95	27,70	33,19	1491,68
807	05.08.2025 15:51:26	12,99	1,93	27,70	33,19	1491,68
808	05.08.2025 15:51:27	12,99	1,92	27,70	33,19	1491,67
809	05.08.2025 15:51:28	13,02	1,92	27,68	33,19	1491,75
810	05.08.2025 15:51:29	13,02	1,90	27,68	33,19	1491,75
811	05.08.2025 15:51:30	13,02	1,90	27,70	33,22	1491,78
812	05.08.2025 15:51:31	13,02	1,90	27,70	33,22	1491,78
813	05.08.2025 15:51:32	13,02	1,88	27,70	33,22	1491,78
814	05.08.2025 15:51:33	13,05	1,85	27,68	33,22	1491,85
815	05.08.2025 15:51:34	13,05	1,85	27,68	33,22	1491,85
816	05.08.2025 15:51:35	13,05	1,85	27,70	33,24	1491,88
817	05.08.2025 15:51:36	13,05	1,83	27,68	33,22	1491,85
818	05.08.2025 15:51:37	13,09	1,83	27,68	33,24	1491,96
819	05.08.2025 15:51:38	13,09	1,82	27,68	33,24	1491,95
820	05.08.2025 15:51:39	13,09	1,82	27,68	33,24	1491,95
821	05.08.2025 15:51:40	13,09	1,80	27,70	33,27	1491,98
822	05.08.2025 15:51:41	13,12	1,78	27,68	33,27	1492,06
823	05.08.2025 15:51:42	13,12	1,76	27,66	33,24	1492,03
824	05.08.2025 15:51:43	13,12	1,75	27,66	33,24	1492,02
825	05.08.2025 15:51:44	13,12	1,75	27,66	33,24	1492,02
826	05.08.2025 15:51:45	13,12	1,73	27,66	33,24	1492,02
827	05.08.2025 15:51:46	13,15	1,71	27,64	33,24	1492,10
828	05.08.2025 15:51:47	13,15	1,69	27,64	33,24	1492,09
829	05.08.2025 15:51:48	13,15	1,71	27,61	33,22	1492,07
830	05.08.2025 15:51:49	13,15	1,69	27,59	33,19	1492,04
831	05.08.2025 15:51:50	13,15	1,68	27,59	33,19	1492,04
832	05.08.2025 15:51:51	13,15	1,66	27,59	33,19	1492,03
833	05.08.2025 15:51:52	13,15	1,64	27,59	33,19	1492,03
834	05.08.2025 15:51:53	13,18	1,64	27,57	33,20	1492,11
835	05.08.2025 15:51:54	13,18	1,64	27,57	33,20	1492,11
836	05.08.2025 15:51:55	13,18	1,61	27,55	33,17	1492,08
837	05.08.2025 15:51:56	13,18	1,59	27,52	33,15	1492,05
838	05.08.2025 15:51:57	13,18	1,61	27,52	33,15	1492,05
839	05.08.2025 15:51:58	13,18	1,57	27,50	33,12	1492,02
840	05.08.2025 15:51:59	13,18	1,55	27,48	33,10	1491,99
841	05.08.2025 15:52:00	13,18	1,55	27,46	33,07	1491,96
842	05.08.2025 15:52:01	13,18	1,53	27,41	33,02	1491,90
843	05.08.2025 15:52:02	13,18	1,52	27,41	33,02	1491,90
844	05.08.2025 15:52:03	13,18	1,52	27,34	32,95	1491,82
845	05.08.2025 15:52:04	13,18	1,50	27,32	32,93	1491,79
846	05.08.2025 15:52:05	13,15	1,46	27,30	32,88	1491,65
847	05.08.2025 15:52:06	13,15	1,48	27,30	32,88	1491,65
848	05.08.2025 15:52:07	13,15	1,46	27,25	32,83	1491,60
849	05.08.2025 15:52:08	13,15	1,42	27,23	32,80	1491,56
850	05.08.2025 15:52:09	13,15	1,42	27,23	32,80	1491,56
851	05.08.2025 15:52:10	13,15	1,39	27,21	32,78	1491,53
852	05.08.2025 15:52:11	13,15	1,39	27,21	32,78	1491,53
853	05.08.2025 15:52:12	13,15	1,37	27,21	32,78	1491,53
854	05.08.2025 15:52:13	13,15	1,35	27,16	32,73	1491,47
855	05.08.2025 15:52:14	13,15	1,32	27,14	32,70	1491,44
856	05.08.2025 15:52:15	13,12	1,30	27,21	32,75	1491,41
857	05.08.2025 15:52:16	13,15	1,30	27,34	32,92	1491,68
858	05.08.2025 15:52:17	13,18	1,25	27,30	32,90	1491,72
859	05.08.2025 15:52:18	13,21	1,23	27,25	32,88	1491,77
860	05.08.2025 15:52:19	13,21	1,21	27,25	32,88	1491,77
861	05.08.2025 15:52:20	13,24	1,18	27,21	32,85	1491,82
862	05.08.2025 15:52:21	13,24	1,16	27,21	32,85	1491,82
863	05.08.2025 15:52:22	13,24	1,16	27,21	32,85	1491,82
864	05.08.2025 15:52:23	13,24	1,12	27,21	32,85	1491,81
865	05.08.2025 15:52:24	13,24	1,12	27,21	32,85	1491,81
866	05.08.2025 15:52:25	13,27	1,11	27,19	32,85	1491,89
867	05.08.2025 15:52:26	13,27	1,07	27,17	32,83	1491,86
868	05.08.2025 15:52:27	13,27	1,06	27,17	32,83	1491,85
869	05.08.2025 15:52:28	13,27	1,04	27,17	32,83	1491,85
870	05.08.2025 15:52:29	13,27	1,02	27,14	32,80	1491,82
871	05.08.2025 15:52:30	13,27	1,00	27,17	32,83	1491,84
872	05.08.2025 15:52:31	13,27	0,98	27,14	32,80	1491,81
873	05.08.2025 15:52:32	13,27	0,97	27,14	32,80	1491,81
874	05.08.2025 15:52:33	13,27	0,93	27,23	32,90	1491,91
875	05.08.2025 15:52:34	13,31	0,91	27,26	32,95	1492,05
876	05.08.2025 15:52:35	13,34	0,92	27,26	32,98	1492,15
877	05.08.2025 15:52:36	13,40	0,90	27,28	33,05	1492,39
878	05.08.2025 15:52:37	13,43	0,89	27,40	33,20	1492,63
879	05.08.2025 15:52:38	13,56	0,88	27,38	33,28	1493,03
880	05.08.2025 15:52:39	13,65	0,85	27,33	33,30	1493,29
881	05.08.2025 15:52:40	13,71	0,83	27,31	33,33	1493,47
882	05.08.2025 15:52:41	13,77	0,80	27,29	33,36	1493,65
883	05.08.2025 15:52:42	13,81	0,79	27,29	33,38	1493,75
884	05.08.2025 15:52:43	13,84	0,77	27,27	33,38	1493,83
885	05.08.2025 15:52:44	13,87	0,74	27,30	33,43	1493,95
886	05.08.2025 15:52:45	13,90	0,72	27,32	33,48	1494,08
887	05.08.2025 15:52:46	13,96	0,71	27,34	33,56	1494,32
888	05.08.2025 15:52:47	13,99	0,68	27,39	33,63	1494,47
889	05.08.2025 15:52:48	14,06	0,64	27,41	33,71	1494,70
890	05.08.2025 15:52:49	14,12	0,63	27,37	33,71	1494,85
891	05.08.2025 15:52:50	14,18	0,60	27,35	33,74	1495,03
892	05.08.2025 15:52:51	14,21	0,58	27,37	33,79	1495,15
893	05.08.2025 15:52:52	14,27	0,57	27,40	33,86	1495,38
894	05.08.2025 15:52:53	14,30	0,55	27,42	33,91	1495,51
895	05.08.2025 15:52:54	14,37	0,50	27,38	33,91	1495,66
896	05.08.2025 15:52:55	14,40	0,48	27,31	33,86	1495,68
897	05.08.2025 15:52:56	14,43	0,48	27,36	33,94	1495,83
898	05.08.2025 15:52:57	14,46	0,46	27,33	33,94	1495,91
899	05.08.2025 15:52:58	14,49	0,44	27,38	34,01	1496,06
900	05.08.2025 15:52:59	14,55	0,41	27,34	34,02	1496,20
901	05.08.2025 15:53:00	14,58	0,39	27,38	34,09	1496,36
902	05.08.2025 15:53:01	14,61	0,39	27,32	34,04	1496,38
903	05.08.2025 15:53:02	14,64	0,37	27,38	34,14	1496,56
904	05.08.2025 15:53:03	14,71	0,35	27,30	34,09	1496,65
905	05.08.2025 15:53:04	14,71	0,37	27,21	34,00	1496,55
906	05.08.2025 15:53:05	14,71	0,34	27,21	34,00	1496,55
907	05.08.2025 15:53:06	14,71	0,34	27,26	34,05	1496,60
908	05.08.2025 15:53:07	14,74	0,32	27,32	34,14	1496,78
909	05.08.2025 15:53:08	14,77	0,32	27,26	34,10	1496,80
910	05.08.2025 15:53:09	14,80	0,26	27,28	34,15	1496,92
911	05.08.2025 15:53:10	14,83	0,26	27,26	34,15	1497,00
912	05.08.2025 15:53:11	14,86	0,23	27,22	34,12	1497,04
913	05.08.2025 15:53:12	14,86	0,21	27,20	34,10	1497,01
914	05.08.2025 15:53:13	14,86	0,19	27,20	34,10	1497,01
915	05.08.2025 15:53:14	14,89	0,19	27,20	34,12	1497,11
916	05.08.2025 15:53:15	14,89	0,17	27,20	34,12	1497,11
917	05.08.2025 15:53:16	14,92	0,17	27,24	34,20	1497,26
918	05.08.2025 15:53:17	14,95	0,16	27,22	34,20	1497,33
919	05.08.2025 15:53:18	14,98	0,14	27,20	34,20	1497,40
920	05.08.2025 15:53:19	14,98	0,14	27,16	34,15	1497,35
921	05.08.2025 15:53:20	15,01	0,14	27,11	34,13	1497,40
922	05.08.2025 15:53:21	15,01	0,12	27,16	34,18	1497,45
923	05.08.2025 15:53:22	15,01	0,14	27,16	34,18	1497,45
924	05.08.2025 15:53:23	15,04	0,14	27,14	34,18	1497,53
925	05.08.2025 15:53:24	15,04	0,12	27,14	34,18	1497,53
926	05.08.2025 15:53:25	15,07	0,08	27,16	34,23	1497,65
927	05.08.2025 15:53:26	15,07	0,01	27,18	34,25	1497,66
928	05.08.2025 15:53:27	15,11	-0,01	27,16	34,25	1497,73
929	05.08.2025 15:53:28	15,14	-0,03	27,14	34,25	1497,80
930	05.08.2025 15:53:29	15,17	-0,03	27,12	34,25	1497,88
931	05.08.2025 15:53:30	15,17	-0,03	27,12	34,25	1497,88
932	05.08.2025 15:53:31	15,17	-0,03	27,12	34,25	1497,88
933	05.08.2025 15:53:32	15,20	-0,04	27,10	34,25	1497,95
934	05.08.2025 15:53:33	15,20	-0,04	27,06	34,21	1497,90
935	05.08.2025 15:53:34	15,23	-0,04	27,08	34,26	1498,03
936	05.08.2025 15:53:35	15,23	-0,04	27,10	34,28	1498,05
937	05.08.2025 15:53:36	15,23	-0,04	23,43	30,04	1493,70
938	05.08.2025 15:53:37	15,26	-0,03	19,97	26,00	1489,71
939	05.08.2025 15:53:38	15,26	-0,04	19,97	26,00	1489,71
940	05.08.2025 15:53:39	15,26	-0,04	20,01	26,05	1489,76
941	05.08.2025 15:53:40	15,29	-0,04	19,99	26,05	1489,84
942	05.08.2025 15:53:41	15,29	-0,04	19,99	26,05	1489,84
943	05.08.2025 15:53:42	15,29	-0,04	20,01	26,08	1489,86
944	05.08.2025 15:53:43	15,32	-0,04	20,00	26,08	1489,95
945	05.08.2025 15:53:44	15,32	-0,04	20,02	26,10	1489,97
946	05.08.2025 15:53:45	15,32	-0,04	20,00	26,08	1489,95
947	05.08.2025 15:53:46	15,35	-0,04	19,98	26,08	1490,03
948	05.08.2025 15:53:47	15,35	-0,03	20,01	26,10	1490,06
949	05.08.2025 15:53:48	15,35	-0,04	19,98	26,08	1490,03
950	05.08.2025 15:53:49	15,35	-0,04	19,98	26,08	1490,03
951	05.08.2025 15:53:50	15,35	-0,03	19,98	26,08	1490,03
952	05.08.2025 15:53:51	15,35	-0,04	19,96	26,05	1490,00
953	05.08.2025 15:53:52	15,35	-0,04	1,08	1,71	1467,67
954	05.08.2025 15:53:53	15,35	-0,03	1,68	2,60	1468,38
955	05.08.2025 15:53:54	15,35	-0,03	2,31	3,52	1469,13
956	05.08.2025 15:53:55	15,35	-0,03	1,41	2,21	1468,06
957	05.08.2025 15:53:56	15,35	-0,03	1,78	2,76	1468,51
958	05.08.2025 15:53:57	15,35	-0,01	0,70	1,14	1467,23
959	05.08.2025 15:53:58	15,35	-0,03	2,40	3,65	1469,24
960	05.08.2025 15:53:59	15,35	-0,01	1,94	2,99	1468,70
961	05.08.2025 15:54:00	15,35	0,01	1,91	2,94	1468,66
962	05.08.2025 15:54:01	15,35	0,01	1,91	2,94	1468,66
963	05.08.2025 15:54:02	15,35	0,01	1,80	2,78	1468,53
964	05.08.2025 15:54:03	15,32	0,01	1,86	2,86	1468,49
965	05.08.2025 15:54:04	15,32	0,01	1,89	2,91	1468,53
966	05.08.2025 15:54:05	15,32	0,01	1,84	2,83	1468,47
967	05.08.2025 15:54:06	15,32	0,03	1,86	2,86	1468,49
968	05.08.2025 15:54:07	15,32	0,01	1,89	2,91	1468,53
969	05.08.2025 15:54:08	15,32	0,01	1,86	2,86	1468,49
970	05.08.2025 15:54:09	15,32	0,01	1,86	2,86	1468,49
971	05.08.2025 15:54:10	15,32	0,03	1,87	2,89	1468,52
972	05.08.2025 15:54:11	15,32	0,01	1,87	2,89	1468,51
973	05.08.2025 15:54:12	15,32	0,03	1,86	2,86	1468,49
974	05.08.2025 15:54:13	15,32	0,03	1,86	2,86	1468,49
975	05.08.2025 15:54:14	15,29	0,03	1,89	2,91	1468,43
976	05.08.2025 15:54:15	15,29	0,01	1,88	2,89	1468,41
977	05.08.2025 15:54:16	15,29	0,03	1,88	2,89	1468,41
978	05.08.2025 15:54:17	15,29	0,03	1,89	2,91	1468,43
979	05.08.2025 15:54:18	15,29	0,01	1,88	2,89	1468,41
980	05.08.2025 15:54:19	15,29	0,03	1,86	2,86	1468,39
981	05.08.2025 15:54:20	15,29	0,03	1,89	2,91	1468,43
982	05.08.2025 15:54:21	15,29	0,03	1,91	2,94	1468,45
983	05.08.2025 15:54:22	15,29	0,01	1,88	2,89	1468,41
984	05.08.2025 15:54:23	15,26	0,03	1,88	2,89	1468,31
985	05.08.2025 15:54:24	15,26	0,01	1,89	2,91	1468,32
986	05.08.2025 15:54:25	15,26	0,03	1,89	2,91	1468,33
987	05.08.2025 15:54:26	15,26	0,03	1,88	2,89	1468,31
988	05.08.2025 15:54:27	15,26	0,03	1,88	2,89	1468,31
989	05.08.2025 15:54:28	15,26	0,01	1,91	2,94	1468,35
990	05.08.2025 15:54:29	15,26	0,01	1,86	2,86	1468,28
991	05.08.2025 15:54:30	15,26	0,03	1,89	2,91	1468,33
992	05.08.2025 15:54:31	15,26	0,03	1,88	2,89	1468,31
993	05.08.2025 15:54:32	15,26	0,03	1,89	2,91	1468,33
994	05.08.2025 15:54:33	15,26	0,03	1,89	2,91	1468,33
995	05.08.2025 15:54:34	15,26	0,01	1,88	2,89	1468,30
996	05.08.2025 15:54:35	15,26	0,03	1,89	2,91	1468,33
997	05.08.2025 15:54:36	15,23	0,03	1,86	2,86	1468,18
998	05.08.2025 15:54:37	15,23	0,03	1,90	2,91	1468,22
999	05.08.2025 15:54:38	15,23	0,03	1,90	2,91	1468,22
1000	05.08.2025 15:54:39	15,23	0,01	1,88	2,89	1468,20
1001	05.08.2025 15:54:40	15,23	0,01	1,91	2,94	1468,24
1002	05.08.2025 15:54:41	15,23	0,03	1,86	2,86	1468,18
1003	05.08.2025 15:54:42	15,23	0,03	1,86	2,86	1468,18
1004	05.08.2025 15:54:43	15,23	0,03	1,86	2,86	1468,18
1005	05.08.2025 15:54:44	15,23	0,03	1,86	2,86	1468,18
1006	05.08.2025 15:54:45	15,23	0,03	1,88	2,89	1468,20
1007	05.08.2025 15:54:46	15,23	0,03	1,88	2,89	1468,20
1008	05.08.2025 15:54:47	15,23	0,03	1,84	2,83	1468,16
1009	05.08.2025 15:54:48	15,23	0,03	1,90	2,91	1468,22
1010	05.08.2025 15:54:49	15,23	0,03	1,86	2,86	1468,18
1011	05.08.2025 15:54:50	15,23	0,03	1,84	2,83	1468,16
1012	05.08.2025 15:54:51	15,23	0,03	1,90	2,91	1468,22
1013	05.08.2025 15:54:52	15,20	0,03	1,86	2,86	1468,07
1014	05.08.2025 15:54:53	15,20	0,05	1,88	2,89	1468,10
1015	05.08.2025 15:54:54	15,20	0,03	1,90	2,91	1468,12
1016	05.08.2025 15:54:55	15,20	0,03	1,88	2,89	1468,10
1017	05.08.2025 15:54:56	15,20	0,03	1,88	2,89	1468,10
1018	05.08.2025 15:54:57	15,20	0,03	1,90	2,91	1468,12
1019	05.08.2025 15:54:58	15,20	0,03	1,86	2,86	1468,07
1020	05.08.2025 15:54:59	15,20	0,03	1,88	2,89	1468,10
1021	05.08.2025 15:55:00	15,20	0,03	1,88	2,89	1468,10
1022	05.08.2025 15:55:01	15,20	0,03	1,86	2,86	1468,07
1023	05.08.2025 15:55:02	15,20	0,03	1,88	2,89	1468,10
1024	05.08.2025 15:55:03	15,20	0,05	1,92	2,94	1468,14
1025	05.08.2025 15:55:04	15,20	0,01	1,84	2,83	1468,05
1026	05.08.2025 15:55:05	15,20	0,05	1,88	2,89	1468,10
1027	05.08.2025 15:55:06	15,20	0,03	1,90	2,91	1468,12
1028	05.08.2025 15:55:07	15,20	0,03	1,88	2,89	1468,10
1029	05.08.2025 15:55:08	15,20	0,05	1,86	2,86	1468,08
1030	05.08.2025 15:55:09	15,17	0,03	1,88	2,89	1467,99
1031	05.08.2025 15:55:10	15,20	0,03	1,88	2,89	1468,10
1032	05.08.2025 15:55:11	15,17	0,05	1,86	2,86	1467,97
1033	05.08.2025 15:55:12	15,17	0,03	1,88	2,89	1467,99
1034	05.08.2025 15:55:13	15,17	0,03	1,88	2,89	1467,99
1035	05.08.2025 15:55:14	15,17	0,03	1,84	2,83	1467,95
1036	05.08.2025 15:55:15	15,17	0,05	1,88	2,89	1467,99
1037	05.08.2025 15:55:16	15,17	0,03	1,88	2,89	1467,99
1038	05.08.2025 15:55:17	15,17	0,03	1,88	2,89	1467,99
1039	05.08.2025 15:55:18	15,17	0,03	1,86	2,86	1467,97
1040	05.08.2025 15:55:19	15,17	0,03	1,90	2,91	1468,01
1041	05.08.2025 15:55:20	15,17	0,03	1,86	2,86	1467,97
1042	05.08.2025 15:55:21	15,17	0,03	1,86	2,86	1467,97
1043	05.08.2025 15:55:22	15,17	0,05	1,88	2,89	1467,99
1044	05.08.2025 15:55:23	15,17	0,01	1,86	2,86	1467,97
1045	05.08.2025 15:55:24	15,17	0,05	1,86	2,86	1467,97
1046	05.08.2025 15:55:25	15,17	0,03	1,88	2,89	1467,99
1047	05.08.2025 15:55:26	15,17	0,03	1,86	2,86	1467,97
1048	05.08.2025 15:55:27	15,17	0,03	1,86	2,86	1467,97
1049	05.08.2025 15:55:28	15,17	0,03	1,88	2,89	1467,99
1050	05.08.2025 15:55:29	15,17	0,03	1,86	2,86	1467,97
1051	05.08.2025 15:55:30	15,17	0,03	1,86	2,86	1467,97
1052	05.08.2025 15:55:31	15,17	0,05	1,84	2,83	1467,95
1053	05.08.2025 15:55:32	15,17	0,03	1,86	2,86	1467,97
1054	05.08.2025 15:55:33	15,17	0,03	1,88	2,89	1467,99
1055	05.08.2025 15:55:34	15,17	0,03	1,88	2,89	1467,99
1056	05.08.2025 15:55:35	15,17	0,05	1,86	2,86	1467,97
1057	05.08.2025 15:55:36	15,17	0,03	1,88	2,89	1467,99
1058	05.08.2025 15:55:37	15,17	0,03	1,86	2,86	1467,97
1059	05.08.2025 15:55:38	15,17	0,03	1,84	2,83	1467,95
1060	05.08.2025 15:55:39	15,17	0,05	1,88	2,89	1467,99
1061	05.08.2025 15:55:40	15,17	0,03	1,84	2,83	1467,95
1062	05.08.2025 15:55:41	15,17	0,05	1,84	2,83	1467,95
1063	05.08.2025 15:55:42	15,17	0,05	1,86	2,86	1467,97
1064	05.08.2025 15:55:43	15,17	0,05	1,86	2,86	1467,97
1065	05.08.2025 15:55:44	15,14	0,03	1,85	2,83	1467,84
1066	05.08.2025 15:55:45	15,17	0,03	1,84	2,83	1467,95
1067	05.08.2025 15:55:46	15,14	0,01	1,85	2,83	1467,84
1068	05.08.2025 15:55:47	15,14	0,01	1,86	2,86	1467,86
1069	05.08.2025 15:55:48	15,14	0,01	1,85	2,83	1467,84
1070	05.08.2025 15:55:49	15,14	0,03	1,85	2,83	1467,84
1071	05.08.2025 15:55:50	15,14	0,01	1,86	2,86	1467,86
1072	05.08.2025 15:55:51	15,14	0,03	1,85	2,83	1467,84
1073	05.08.2025 15:55:52	15,14	0,01	1,86	2,86	1467,86
1074	05.08.2025 15:55:53	15,14	0,03	1,86	2,86	1467,86
1075	05.08.2025 15:55:54	15,14	0,01	1,85	2,83	1467,84
1076	05.08.2025 15:55:55	15,14	0,03	1,85	2,83	1467,84
1077	05.08.2025 15:55:56	15,14	0,01	1,85	2,83	1467,84
1078	05.08.2025 15:55:57	15,14	0,01	1,85	2,83	1467,84
1079	05.08.2025 15:55:58	15,14	0,01	1,85	2,83	1467,84
1080	05.08.2025 15:55:59	15,14	0,03	1,74	2,68	1467,71
1081	05.08.2025 15:56:00	15,14	0,03	1,65	2,55	1467,61
1082	05.08.2025 15:56:01	15,14	0,01	1,85	2,83	1467,84
1083	05.08.2025 15:56:02	15,14	0,01	1,81	2,78	1467,80
1084	05.08.2025 15:56:03	15,14	0,03	1,85	2,83	1467,84
1085	05.08.2025 15:56:04	15,14	0,01	1,85	2,83	1467,84
1086	05.08.2025 15:56:05	15,14	0,01	1,85	2,83	1467,84
1087	05.08.2025 15:56:06	15,14	0,03	1,83	2,81	1467,82
1088	05.08.2025 15:56:07	15,14	0,01	1,83	2,81	1467,82
1089	05.08.2025 15:56:08	15,14	0,03	1,85	2,83	1467,84
1090	05.08.2025 15:56:09	15,14	0,03	1,85	2,83	1467,84
1091	05.08.2025 15:56:10	15,14	0,03	1,81	2,78	1467,80
1092	05.08.2025 15:56:11	15,14	0,01	1,83	2,81	1467,82
1093	05.08.2025 15:56:12	15,14	0,03	1,83	2,81	1467,82
1094	05.08.2025 15:56:13	15,14	0,03	1,83	2,81	1467,82
1095	05.08.2025 15:56:14	15,14	0,01	1,83	2,81	1467,82
1096	05.08.2025 15:56:15	15,14	0,01	1,81	2,78	1467,80
1097	05.08.2025 15:56:16	15,14	0,03	1,83	2,81	1467,82
1098	05.08.2025 15:56:17	15,14	0,01	1,83	2,81	1467,82
1099	05.08.2025 15:56:18	15,14	0,01	1,83	2,81	1467,82
1100	05.08.2025 15:56:19	15,14	0,01	1,81	2,78	1467,80
1101	05.08.2025 15:56:20	15,14	0,03	1,83	2,81	1467,82
1102	05.08.2025 15:56:21	15,14	0,03	1,83	2,81	1467,82
1103	05.08.2025 15:56:22	15,14	0,01	1,83	2,81	1467,82
1104	05.08.2025 15:56:23	15,14	0,03	1,83	2,81	1467,82
1105	05.08.2025 15:56:24	15,14	0,01	1,81	2,78	1467,80
1106	05.08.2025 15:56:25	15,14	0,01	1,81	2,78	1467,80
1107	05.08.2025 15:56:26	15,14	0,01	1,83	2,81	1467,82
1108	05.08.2025 15:56:27	15,14	0,03	1,81	2,78	1467,80
1109	05.08.2025 15:56:28	15,14	0,01	1,85	2,83	1467,84
1110	05.08.2025 15:56:29	15,14	0,01	1,83	2,81	1467,82
1111	05.08.2025 15:56:30	15,14	0,01	1,83	2,81	1467,82
1112	05.08.2025 15:56:31	15,14	0,03	1,81	2,78	1467,80
1113	05.08.2025 15:56:32	15,14	0,01	1,83	2,81	1467,82
1114	05.08.2025 15:56:33	15,14	0,01	1,83	2,81	1467,82
1115	05.08.2025 15:56:34	15,14	0,01	1,83	2,81	1467,82
1116	05.08.2025 15:56:35	15,14	0,03	1,83	2,81	1467,82
1117	05.08.2025 15:56:36	15,14	0,03	1,83	2,81	1467,82
1118	05.08.2025 15:56:37	15,14	0,01	1,83	2,81	1467,82
1119	05.08.2025 15:56:38	15,14	0,03	1,83	2,81	1467,82
1120	05.08.2025 15:56:39	15,14	0,03	1,83	2,81	1467,82
1121	05.08.2025 15:56:40	15,14	0,01	1,83	2,81	1467,82
1122	05.08.2025 15:56:41	15,14	0,01	1,90	2,91	1467,90
1123	05.08.2025 15:56:42	15,14	0,01	2,23	3,39	1468,29
1124	05.08.2025 15:56:43	15,14	0,03	2,25	3,41	1468,32
1125	05.08.2025 15:56:44	15,14	0,03	2,23	3,39	1468,30
1126	05.08.2025 15:56:45	15,14	0,03	2,25	3,41	1468,32
1127	05.08.2025 15:56:46	15,14	0,03	2,17	3,31	1468,23
1128	05.08.2025 15:56:47	15,14	0,01	2,08	3,18	1468,12
1129	05.08.2025 15:56:48	15,14	0,03	2,08	3,18	1468,12
1130	05.08.2025 15:56:49	15,14	0,03	2,06	3,15	1468,10
1131	05.08.2025 15:56:50	15,14	0,03	2,08	3,18	1468,12
1132	05.08.2025 15:56:51	15,14	0,03	2,08	3,18	1468,12
1133	05.08.2025 15:56:52	15,14	0,01	2,08	3,18	1468,12
1134	05.08.2025 15:56:53	15,14	0,01	2,08	3,18	1468,12
1135	05.08.2025 15:56:54	15,14	0,01	2,08	3,18	1468,12
1136	05.08.2025 15:56:55	15,14	0,01	2,06	3,15	1468,10
1137	05.08.2025 15:56:56	15,14	0,01	2,06	3,15	1468,10
1138	05.08.2025 15:56:57	15,14	0,01	2,06	3,15	1468,10
1139	05.08.2025 15:56:58	15,14	0,01	2,08	3,18	1468,12
1140	05.08.2025 15:56:59	15,14	0,01	2,06	3,15	1468,10
1141	05.08.2025 15:57:00	15,14	0,01	2,06	3,15	1468,10
1142	05.08.2025 15:57:01	15,14	0,01	2,08	3,18	1468,12
1143	05.08.2025 15:57:02	15,14	0,03	2,06	3,15	1468,10
1144	05.08.2025 15:57:03	15,14	0,01	2,06	3,15	1468,10
1145	05.08.2025 15:57:04	15,14	0,01	2,08	3,18	1468,12
1146	05.08.2025 15:57:05	15,14	0,01	2,06	3,15	1468,10
1147	05.08.2025 15:57:06	15,14	0,01	2,06	3,15	1468,10
1148	05.08.2025 15:57:07	15,14	0,01	2,08	3,18	1468,12
1149	05.08.2025 15:57:08	15,14	0,01	2,08	3,18	1468,12
1150	05.08.2025 15:57:09	15,14	0,01	2,06	3,15	1468,10
1151	05.08.2025 15:57:10	15,14	0,01	2,06	3,15	1468,10
1152	05.08.2025 15:57:11	15,14	0,01	2,06	3,15	1468,10
1153	05.08.2025 15:57:12	15,14	0,03	2,06	3,15	1468,10
1154	05.08.2025 15:57:13	15,14	0,01	2,06	3,15	1468,10
1155	05.08.2025 15:57:14	15,14	0,01	2,06	3,15	1468,10
1156	05.08.2025 15:57:15	15,14	0,01	2,06	3,15	1468,10
1157	05.08.2025 15:57:16	15,14	0,03	2,08	3,18	1468,12
1158	05.08.2025 15:57:17	15,14	0,01	2,08	3,18	1468,12
1159	05.08.2025 15:57:18	15,14	0,03	2,06	3,15	1468,10
1160	05.08.2025 15:57:19	15,14	0,03	2,08	3,18	1468,12
1161	05.08.2025 15:57:20	15,14	0,03	2,08	3,18	1468,12
1162	05.08.2025 15:57:21	15,14	0,01	2,06	3,15	1468,10
1163	05.08.2025 15:57:22	15,14	0,01	2,08	3,18	1468,12
1164	05.08.2025 15:57:23	15,14	-0,01	2,01	3,07	1468,03
1165	05.08.2025 15:57:24	15,14	-0,01	2,03	3,10	1468,05
1166	05.08.2025 15:57:25	15,14	-0,01	2,06	3,15	1468,10
1167	05.08.2025 15:57:26	15,14	0,01	2,08	3,18	1468,12
1168	05.08.2025 15:57:27	15,14	0,03	2,06	3,15	1468,10
1169	05.08.2025 15:57:28	15,14	0,01	2,08	3,18	1468,12
1170	05.08.2025 15:57:29	15,14	0,03	2,06	3,15	1468,10
1171	05.08.2025 15:57:30	15,14	0,01	2,06	3,15	1468,10
1172	05.08.2025 15:57:31	15,14	0,01	2,06	3,15	1468,10
1173	05.08.2025 15:57:32	15,14	0,01	2,06	3,15	1468,10
1174	05.08.2025 15:57:33	15,14	0,01	2,28	3,46	1468,36
1175	05.08.2025 15:57:34	15,14	0,01	2,27	3,44	1468,34
1176	05.08.2025 15:57:35	15,14	0,01	2,28	3,46	1468,36
1177	05.08.2025 15:57:36	15,14	0,01	2,19	3,33	1468,25
1178	05.08.2025 15:57:37	15,14	0,01	2,19	3,33	1468,25
1179	05.08.2025 15:57:38	15,14	0,03	2,25	3,41	1468,32
1180	05.08.2025 15:57:39	15,14	0,01	2,14	3,25	1468,18
1181	05.08.2025 15:57:40	15,14	0,01	2,25	3,41	1468,32
1182	05.08.2025 15:57:41	15,14	0,03	2,28	3,46	1468,36
1183	05.08.2025 15:57:42	15,17	0,03	2,21	3,36	1468,38
1184	05.08.2025 15:57:43	15,17	0,05	2,17	3,31	1468,34
1185	05.08.2025 15:57:44	15,17	0,03	2,19	3,33	1468,36
1186	05.08.2025 15:57:45	15,17	0,03	2,26	3,44	1468,44
1187	05.08.2025 15:57:46	15,17	0,03	2,21	3,36	1468,38
1188	05.08.2025 15:57:47	15,17	0,03	2,17	3,31	1468,34
1189	05.08.2025 15:57:48	15,17	0,03	2,15	3,28	1468,31
1190	05.08.2025 15:57:49	15,17	0,05	2,30	3,49	1468,49
1191	05.08.2025 15:57:50	15,17	0,03	2,26	3,44	1468,44
1192	05.08.2025 15:57:51	15,17	0,05	2,25	3,41	1468,43
1193	05.08.2025 15:57:52	15,17	0,03	2,26	3,44	1468,44
1194	05.08.2025 15:57:53	15,17	0,03	2,21	3,36	1468,38
1195	05.08.2025 15:57:54	15,17	0,03	2,19	3,33	1468,36
1196	05.08.2025 15:57:55	15,17	0,03	0,32	0,53	1466,14
1197	05.08.2025 15:57:56	15,17	0,05	0,21	0,35	1466,01
1198	05.08.2025 15:57:57	15,17	0,03	0,13	0,22	1465,92
1199	05.08.2025 15:57:58	15,17	0,03	0,05	0,09	1465,83
1200	05.08.2025 15:57:59	15,17	0,03	0,05	0,09	1465,83
1201	05.08.2025 15:58:00	15,17	0,03	0,05	0,09	1465,83
1202	05.08.2025 15:58:01	15,17	0,03	0,07	0,11	1465,84
1203	05.08.2025 15:58:02	15,17	0,03	0,05	0,09	1465,83
1204	05.08.2025 15:58:03	15,17	0,05	0,05	0,09	1465,83
1205	05.08.2025 15:58:04	15,17	0,05	0,05	0,09	1465,83
1206	05.08.2025 15:58:05	15,17	0,03	0,05	0,09	1465,83
1207	05.08.2025 15:58:06	15,17	0,05	0,05	0,09	1465,83
1208	05.08.2025 15:58:07	15,17	0,05	0,05	0,09	1465,83
1209	05.08.2025 15:58:08	15,17	0,05	0,07	0,11	1465,85
1210	05.08.2025 15:58:09	15,17	0,05	0,05	0,09	1465,83
1211	05.08.2025 15:58:10	15,17	0,03	0,05	0,09	1465,83
1212	05.08.2025 15:58:11	15,17	0,01	0,05	0,09	1465,82
1213	05.08.2025 15:58:12	15,17	0,03	0,05	0,09	1465,83
1214	05.08.2025 15:58:13	15,17	0,03	0,05	0,09	1465,83
1215	05.08.2025 15:58:14	15,17	0,03	0,05	0,09	1465,83
1216	05.08.2025 15:58:15	15,17	0,05	0,05	0,09	1465,83
1217	05.08.2025 15:58:16	15,17	0,03	0,05	0,09	1465,83
1218	05.08.2025 15:58:17	15,17	0,03	0,05	0,09	1465,83
1219	05.08.2025 15:58:18	15,17	0,05	0,05	0,09	1465,83
1220	05.08.2025 15:58:19	15,17	0,03	0,05	0,09	1465,83
1221	05.08.2025 15:58:20	15,17	0,03	0,05	0,09	1465,83
1222	05.08.2025 15:58:21	15,17	0,03	0,07	0,11	1465,84
1223	05.08.2025 15:58:22	15,17	0,03	0,05	0,09	1465,83
1224	05.08.2025 15:58:23	15,17	0,03	0,05	0,09	1465,83
1225	05.08.2025 15:58:24	15,17	0,05	0,05	0,09	1465,83
1226	05.08.2025 15:58:25	15,17	0,05	0,05	0,09	1465,83
1227	05.08.2025 15:58:26	15,17	0,03	0,05	0,09	1465,83
1228	05.08.2025 15:58:27	15,17	0,03	0,05	0,09	1465,83
1229	05.08.2025 15:58:28	15,17	0,03	0,05	0,09	1465,83
1230	05.08.2025 15:58:29	15,17	0,05	0,05	0,09	1465,83
1231	05.08.2025 15:58:30	15,17	0,03	0,05	0,09	1465,83
1232	05.08.2025 15:58:31	15,17	0,03	0,05	0,09	1465,83
1233	05.08.2025 15:58:32	15,17	0,03	0,07	0,11	1465,84
1234	05.08.2025 15:58:33	15,17	0,05	0,05	0,09	1465,83
1235	05.08.2025 15:58:34	15,17	0,03	0,05	0,09	1465,83
1236	05.08.2025 15:58:35	15,17	0,03	0,05	0,09	1465,83
1237	05.08.2025 15:58:36	15,20	0,05	0,05	0,09	1465,94
1238	05.08.2025 15:58:37	15,17	0,03	0,05	0,09	1465,83
1239	05.08.2025 15:58:38	15,17	0,03	0,05	0,09	1465,83
1240	05.08.2025 15:58:39	15,17	0,03	0,05	0,09	1465,83
1241	05.08.2025 15:58:40	15,20	0,03	0,05	0,09	1465,93
1242	05.08.2025 15:58:41	15,20	0,03	0,05	0,09	1465,93
1243	05.08.2025 15:58:42	15,20	0,03	0,05	0,09	1465,93
1244	05.08.2025 15:58:43	15,20	0,03	0,05	0,09	1465,93
1245	05.08.2025 15:58:44	15,20	0,03	0,05	0,09	1465,93
1246	05.08.2025 15:58:45	15,20	0,05	0,05	0,09	1465,94
1247	05.08.2025 15:58:46	15,20	0,03	0,05	0,09	1465,93
1248	05.08.2025 15:58:47	15,20	0,05	0,05	0,09	1465,94
1249	05.08.2025 15:58:48	15,20	0,03	0,05	0,09	1465,93
1250	05.08.2025 15:58:49	15,20	0,03	0,05	0,09	1465,93
1251	05.08.2025 15:58:50	15,20	0,03	0,05	0,09	1465,93
1252	05.08.2025 15:58:51	15,20	0,03	0,05	0,09	1465,93
1253	05.08.2025 15:58:52	15,20	0,03	0,05	0,09	1465,93
1254	05.08.2025 15:58:53	15,20	0,03	0,05	0,09	1465,93
1255	05.08.2025 15:58:54	15,20	0,05	0,05	0,09	1465,94
1256	05.08.2025 15:58:55	15,20	0,05	0,05	0,09	1465,94
1257	05.08.2025 15:58:56	15,20	0,03	0,05	0,09	1465,93
1258	05.08.2025 15:58:57	15,20	0,03	0,05	0,09	1465,93
1259	05.08.2025 15:58:58	15,20	0,03	0,05	0,09	1465,93
1260	05.08.2025 15:58:59	15,20	0,03	0,05	0,09	1465,93
1261	05.08.2025 15:59:00	15,20	0,03	0,05	0,09	1465,93
1262	05.08.2025 15:59:01	15,20	0,03	0,05	0,09	1465,93
1263	05.08.2025 15:59:02	15,20	0,03	0,05	0,09	1465,93
1264	05.08.2025 15:59:03	15,20	0,03	0,05	0,09	1465,93
1265	05.08.2025 15:59:04	15,20	0,03	0,05	0,09	1465,93
1266	05.08.2025 15:59:05	15,20	0,05	0,07	0,11	1465,95
1267	05.08.2025 15:59:06	15,20	0,03	0,07	0,11	1465,95
1268	05.08.2025 15:59:07	15,20	0,03	0,05	0,09	1465,93
1269	05.08.2025 15:59:08	15,20	0,03	0,05	0,09	1465,93
1270	05.08.2025 15:59:09	15,20	0,03	0,05	0,09	1465,93
1271	05.08.2025 15:59:10	15,20	0,03	0,05	0,09	1465,93
1272	05.08.2025 15:59:11	15,20	0,03	0,05	0,09	1465,93
1273	05.08.2025 15:59:12	15,20	0,03	0,05	0,09	1465,93
1274	05.08.2025 15:59:13	15,20	0,03	0,05	0,09	1465,93
1275	05.08.2025 15:59:14	15,20	0,03	0,05	0,09	1465,93
1276	05.08.2025 15:59:15	15,20	0,03	0,05	0,09	1465,93
1277	05.08.2025 15:59:16	15,20	0,03	0,05	0,09	1465,93
1278	05.08.2025 15:59:17	15,20	0,03	0,05	0,09	1465,93
1279	05.08.2025 15:59:18	15,23	0,05	0,05	0,09	1466,04
1280	05.08.2025 15:59:19	15,23	0,03	0,05	0,09	1466,04
1281	05.08.2025 15:59:20	15,23	0,03	0,05	0,09	1466,04
1282	05.08.2025 15:59:21	15,23	0,03	0,05	0,09	1466,04
1283	05.08.2025 15:59:22	15,23	0,03	0,05	0,09	1466,04
1284	05.08.2025 15:59:23	15,23	0,03	0,05	0,09	1466,04
1285	05.08.2025 15:59:24	15,23	0,03	0,05	0,09	1466,04
1286	05.08.2025 15:59:25	15,23	0,03	0,05	0,09	1466,04
1287	05.08.2025 15:59:26	15,23	0,05	0,05	0,09	1466,04
1288	05.08.2025 15:59:27	15,23	0,03	0,05	0,09	1466,04
1289	05.08.2025 15:59:28	15,23	0,03	0,05	0,09	1466,04
1290	05.08.2025 15:59:29	15,23	0,03	0,07	0,11	1466,06
1291	05.08.2025 15:59:30	15,23	0,03	0,05	0,09	1466,04
1292	05.08.2025 15:59:31	15,23	0,05	0,05	0,09	1466,04
1293	05.08.2025 15:59:32	15,23	0,03	0,05	0,09	1466,04
1294	05.08.2025 15:59:33	15,23	0,05	0,05	0,09	1466,04
1295	05.08.2025 15:59:34	15,23	0,03	0,07	0,11	1466,06
1296	05.08.2025 15:59:35	15,23	0,03	0,07	0,11	1466,06
1297	05.08.2025 15:59:36	15,23	0,03	0,05	0,09	1466,04
1298	05.08.2025 15:59:37	15,23	0,03	0,05	0,09	1466,04
1299	05.08.2025 15:59:38	15,23	0,03	0,07	0,11	1466,06
1300	05.08.2025 15:59:39	15,23	0,03	0,05	0,09	1466,04
1301	05.08.2025 15:59:40	15,23	0,03	0,05	0,09	1466,04
1302	05.08.2025 15:59:41	15,23	0,03	0,05	0,09	1466,04
1303	05.08.2025 15:59:42	15,23	0,03	0,05	0,09	1466,04
1304	05.08.2025 15:59:43	15,23	0,03	0,05	0,09	1466,04
1305	05.08.2025 15:59:44	15,23	0,03	0,05	0,09	1466,04
1306	05.08.2025 15:59:45	15,23	0,05	0,07	0,11	1466,06
1307	05.08.2025 15:59:46	15,23	0,03	0,05	0,09	1466,04
1308	05.08.2025 15:59:47	15,23	0,03	0,05	0,09	1466,04
1309	05.08.2025 15:59:48	15,23	0,03	0,05	0,09	1466,04
1310	05.08.2025 15:59:49	15,23	0,03	0,05	0,09	1466,04
1311	05.08.2025 15:59:50	15,26	0,03	0,05	0,09	1466,15
1312	05.08.2025 15:59:51	15,26	0,03	0,05	0,09	1466,15
1313	05.08.2025 15:59:52	15,26	0,03	0,05	0,09	1466,15
1314	05.08.2025 15:59:53	15,26	0,03	0,07	0,11	1466,17
1315	05.08.2025 15:59:54	15,26	0,03	0,05	0,09	1466,15
1316	05.08.2025 15:59:55	15,26	0,03	0,05	0,09	1466,15
1317	05.08.2025 15:59:56	15,26	0,03	0,07	0,11	1466,17
1318	05.08.2025 15:59:57	15,26	0,01	0,05	0,09	1466,14
1319	05.08.2025 15:59:58	15,26	0,03	0,05	0,09	1466,15
1320	05.08.2025 15:59:59	15,26	0,03	0,05	0,09	1466,15
1321	05.08.2025 16:00:00	15,26	0,03	0,05	0,09	1466,15
1322	05.08.2025 16:00:01	15,26	0,05	0,05	0,09	1466,15
1323	05.08.2025 16:00:02	15,26	0,03	0,05	0,09	1466,15
1324	05.08.2025 16:00:03	15,26	0,03	0,05	0,09	1466,15
1325	05.08.2025 16:00:04	15,26	0,03	0,05	0,09	1466,15
1326	05.08.2025 16:00:05	15,26	0,03	0,05	0,09	1466,15
1327	05.08.2025 16:00:06	15,26	0,03	0,05	0,09	1466,15
1328	05.08.2025 16:00:07	15,26	0,01	0,05	0,09	1466,14
1329	05.08.2025 16:00:08	15,26	0,03	0,05	0,09	1466,15
1330	05.08.2025 16:00:09	15,26	0,03	0,05	0,09	1466,15
1331	05.08.2025 16:00:10	15,26	0,03	0,05	0,09	1466,15
1332	05.08.2025 16:00:11	15,26	0,03	0,05	0,09	1466,15
1333	05.08.2025 16:00:12	15,26	0,03	0,05	0,09	1466,15
1334	05.08.2025 16:00:13	15,26	0,03	0,05	0,09	1466,15
1335	05.08.2025 16:00:14	15,26	0,05	0,05	0,09	1466,15
1336	05.08.2025 16:00:15	15,26	0,05	0,05	0,09	1466,15
1337	05.08.2025 16:00:16	15,26	0,01	0,05	0,09	1466,14
1338	05.08.2025 16:00:17	15,26	0,03	0,07	0,11	1466,17
1339	05.08.2025 16:00:18	15,29	0,01	0,05	0,09	1466,25
1340	05.08.2025 16:00:19	15,29	0,01	0,05	0,09	1466,25
1341	05.08.2025 16:00:20	15,29	0,03	0,07	0,11	1466,27
1342	05.08.2025 16:00:21	15,29	0,03	0,05	0,09	1466,25
1343	05.08.2025 16:00:22	15,29	0,03	0,05	0,09	1466,25
1344	05.08.2025 16:00:23	15,29	0,03	0,05	0,09	1466,25
1345	05.08.2025 16:00:24	15,29	0,03	0,05	0,09	1466,25
1346	05.08.2025 16:00:25	15,29	0,03	0,05	0,09	1466,25
1347	05.08.2025 16:00:26	15,29	0,03	0,05	0,09	1466,25
1348	05.08.2025 16:00:27	15,29	0,03	0,05	0,09	1466,25
1349	05.08.2025 16:00:28	15,29	0,03	0,05	0,09	1466,25
1350	05.08.2025 16:00:29	15,29	0,03	0,05	0,09	1466,25
1351	05.08.2025 16:00:30	15,29	0,01	0,05	0,09	1466,25
1352	05.08.2025 16:00:31	15,29	0,03	0,05	0,09	1466,25
1353	05.08.2025 16:00:32	15,29	0,01	0,05	0,09	1466,25
1354	05.08.2025 16:00:33	15,29	0,03	0,05	0,09	1466,25
1355	05.08.2025 16:00:34	15,29	0,03	0,05	0,09	1466,25
1356	05.08.2025 16:00:35	15,29	0,03	0,05	0,09	1466,25
1357	05.08.2025 16:00:36	15,29	0,03	0,05	0,09	1466,25
1358	05.08.2025 16:00:37	15,32	0,01	0,05	0,09	1466,36
1359	05.08.2025 16:00:38	15,32	0,03	0,05	0,09	1466,36
1360	05.08.2025 16:00:39	15,32	0,01	0,05	0,09	1466,36
1361	05.08.2025 16:00:40	15,32	0,03	0,05	0,09	1466,36
1362	05.08.2025 16:00:41	15,32	0,03	0,05	0,09	1466,36
1363	05.08.2025 16:00:42	15,32	0,03	0,05	0,09	1466,36
1364	05.08.2025 16:00:43	15,32	0,03	0,05	0,09	1466,36
1365	05.08.2025 16:00:44	15,32	0,01	0,07	0,11	1466,38
1366	05.08.2025 16:00:45	15,32	0,03	0,05	0,09	1466,36
1367	05.08.2025 16:00:46	15,32	0,03	0,05	0,09	1466,36
1368	05.08.2025 16:00:47	15,32	0,03	0,07	0,11	1466,38
1369	05.08.2025 16:00:48	15,32	0,01	0,07	0,11	1466,38
1370	05.08.2025 16:00:49	15,32	0,03	0,05	0,09	1466,36
1371	05.08.2025 16:00:50	15,32	0,03	0,05	0,09	1466,36
1372	05.08.2025 16:00:51	15,32	0,03	0,05	0,09	1466,36
1373	05.08.2025 16:00:52	15,32	0,03	0,07	0,11	1466,38
1374	05.08.2025 16:00:53	15,32	0,03	0,05	0,09	1466,36
1375	05.08.2025 16:00:54	15,32	0,01	0,05	0,09	1466,36
1376	05.08.2025 16:00:55	15,32	0,03	0,07	0,11	1466,38
1377	05.08.2025 16:00:56	15,32	0,03	0,07	0,11	1466,38
1378	05.08.2025 16:00:57	15,32	0,03	0,07	0,11	1466,38
1379	05.08.2025 16:00:58	15,35	0,01	0,05	0,09	1466,47
1380	05.08.2025 16:00:59	15,35	0,03	0,05	0,09	1466,47
1381	05.08.2025 16:01:00	15,35	0,03	0,05	0,09	1466,47
1382	05.08.2025 16:01:01	15,35	0,01	0,05	0,09	1466,47
1383	05.08.2025 16:01:02	15,35	0,01	0,05	0,09	1466,47
1384	05.08.2025 16:01:03	15,35	0,01	0,05	0,09	1466,47
1385	05.08.2025 16:01:04	15,35	0,03	0,07	0,11	1466,49
1386	05.08.2025 16:01:05	15,35	0,01	0,07	0,11	1466,48
1387	05.08.2025 16:01:06	15,35	0,03	0,07	0,11	1466,49
1388	05.08.2025 16:01:07	15,35	0,03	0,05	0,09	1466,47
1389	05.08.2025 16:01:08	15,35	0,03	0,07	0,11	1466,49
1390	05.08.2025 16:01:09	15,35	0,03	0,07	0,11	1466,49
1391	05.08.2025 16:01:10	15,35	0,01	0,05	0,09	1466,47
1392	05.08.2025 16:01:11	15,35	0,03	0,05	0,09	1466,47
1393	05.08.2025 16:01:12	15,35	0,01	0,05	0,09	1466,47
1394	05.08.2025 16:01:13	15,38	0,03	0,05	0,09	1466,58
1395	05.08.2025 16:01:14	15,38	0,03	0,05	0,09	1466,58
1396	05.08.2025 16:01:15	15,38	0,01	0,07	0,11	1466,59
1397	05.08.2025 16:01:16	15,38	0,01	0,07	0,11	1466,59
1398	05.08.2025 16:01:17	15,38	0,03	0,05	0,09	1466,58
1399	05.08.2025 16:01:18	15,38	0,01	0,05	0,09	1466,57
1400	05.08.2025 16:01:19	15,38	0,03	0,07	0,11	1466,59
1401	05.08.2025 16:01:20	15,38	0,03	0,05	0,09	1466,58
1402	05.08.2025 16:01:21	15,38	0,01	0,05	0,09	1466,57
1403	05.08.2025 16:01:22	15,38	0,01	0,05	0,09	1466,57
1404	05.08.2025 16:01:23	15,38	0,03	0,05	0,09	1466,58
1405	05.08.2025 16:01:24	15,38	0,01	0,05	0,09	1466,57
1406	05.08.2025 16:01:25	15,38	0,03	0,05	0,09	1466,58
1407	05.08.2025 16:01:26	15,38	0,01	0,05	0,09	1466,57
1408	05.08.2025 16:01:27	15,38	0,01	0,05	0,09	1466,57
1409	05.08.2025 16:01:28	15,41	0,03	0,05	0,09	1466,68
1410	05.08.2025 16:01:29	15,41	0,03	0,05	0,09	1466,68
1411	05.08.2025 16:01:30	15,41	0,03	0,05	0,09	1466,68
1412	05.08.2025 16:01:31	15,50	0,03	0,05	0,09	1467,00
1413	05.08.2025 16:01:32	15,63	0,03	0,05	0,09	1467,43
1414	05.08.2025 16:01:33	15,72	0,03	0,05	0,09	1467,74
1415	05.08.2025 16:01:34	15,78	0,01	0,07	0,11	1467,97
1416	05.08.2025 16:01:35	15,84	0,01	0,05	0,09	1468,16
1417	05.08.2025 16:01:36	15,90	0,03	0,05	0,09	1468,37
1418	05.08.2025 16:01:37	15,96	-0,01	0,07	0,11	1468,59
1419	05.08.2025 16:01:38	16,02	-0,01	0,05	0,09	1468,79
1420	05.08.2025 16:01:39	16,08	-0,03	0,05	0,09	1468,99
1421	05.08.2025 16:01:40	16,11	-0,08	0,05	0,09	1469,09
1422	05.08.2025 16:01:41	16,20	-0,06	0,05	0,09	1469,40
1423	05.08.2025 16:01:42	16,30	-0,03	0,07	0,11	1469,74
1424	05.08.2025 16:01:43	16,45	0,62	0,05	0,09	1470,34
