#B	Created:	02.08.2025 21:00:52
##	Version	SeaStar	9.59
#5	Field separation:	0
#2	Date & Time:	1
#6	Decimal point:	,
#7	Date def.:	dd.mm.yyyy	.
#8	Time def.:	:
##	Axis	0	Temperature(°C)	clRed	FALSE
##	Axis	1	Pressure(Bar)	clBlue	FALSE
##	Axis	2	Salinity(psu)	clGreen	FALSE
##	Axis	3	Conductivity(mS/cm)	$00FF80FF	FALSE
##	Axis	4	Sound Velocity(m/sec)	$00404080	FALSE
##	Series	0	Temp(°C)	clRed	0	Temp(°C)	2
##	Series	1	Press(Bar)	clBlue	1	Press(Bar)	2
##	Series	2	Salinity(psu)	clGreen	2	Salinity(psu)	2
##	Series	3	Conduct(mS/cm)	$00FF80FF	3	Conduct(mS/cm)	2
##	Series	4	Sound Velocity(m/sec)	$00404080	4	Velocity(m/sec)	2
##	Recorder	140	DST CTD	13526
##	Chart	140S13526DAT	
#D	Data:	1518	02.08.2025 20:35:00	02.08.2025 21:00:17
1	02.08.2025 20:35:00	23,13	-0,03	0,12	0,24	1491,23
2	02.08.2025 20:35:01	23,13	-0,03	0,12	0,24	1491,23
3	02.08.2025 20:35:02	23,13	-0,03	0,12	0,24	1491,23
4	02.08.2025 20:35:03	23,13	-0,03	0,12	0,24	1491,23
5	02.08.2025 20:35:04	23,13	-0,03	0,12	0,24	1491,23
6	02.08.2025 20:35:05	23,13	-0,05	0,12	0,24	1491,23
7	02.08.2025 20:35:06	23,13	-0,03	0,12	0,24	1491,23
8	02.08.2025 20:35:07	23,10	-0,03	0,12	0,24	1491,15
9	02.08.2025 20:35:08	23,10	-0,05	0,12	0,24	1491,15
10	02.08.2025 20:35:09	23,10	-0,05	0,11	0,21	1491,13
11	02.08.2025 20:35:10	23,10	-0,03	0,12	0,24	1491,15
12	02.08.2025 20:35:11	23,10	-0,03	0,11	0,21	1491,14
13	02.08.2025 20:35:12	23,10	-0,05	0,12	0,24	1491,15
14	02.08.2025 20:35:13	23,10	-0,05	0,12	0,24	1491,15
15	02.08.2025 20:35:14	23,10	-0,03	0,12	0,24	1491,15
16	02.08.2025 20:35:15	23,10	-0,03	0,12	0,24	1491,15
17	02.08.2025 20:35:16	23,07	-0,05	0,11	0,21	1491,05
18	02.08.2025 20:35:17	23,07	-0,05	0,11	0,21	1491,05
19	02.08.2025 20:35:18	23,07	-0,07	0,12	0,24	1491,06
20	02.08.2025 20:35:19	23,07	-0,05	0,12	0,24	1491,06
21	02.08.2025 20:35:20	23,07	-0,07	0,12	0,24	1491,06
22	02.08.2025 20:35:21	23,07	-0,05	0,12	0,24	1491,06
23	02.08.2025 20:35:22	23,07	-0,07	0,12	0,24	1491,06
24	02.08.2025 20:35:23	23,07	-0,05	0,12	0,24	1491,06
25	02.08.2025 20:35:24	23,04	-0,07	0,12	0,24	1490,98
26	02.08.2025 20:35:25	23,04	-0,05	0,12	0,24	1490,98
27	02.08.2025 20:35:26	23,04	-0,05	0,12	0,24	1490,98
28	02.08.2025 20:35:27	23,04	-0,07	0,11	0,21	1490,96
29	02.08.2025 20:35:28	23,04	-0,05	0,11	0,21	1490,97
30	02.08.2025 20:35:29	23,04	-0,05	0,11	0,21	1490,97
31	02.08.2025 20:35:30	23,04	-0,05	0,11	0,21	1490,97
32	02.08.2025 20:35:31	23,01	-0,03	0,11	0,21	1490,88
33	02.08.2025 20:35:32	23,01	-0,05	0,11	0,21	1490,88
34	02.08.2025 20:35:33	23,01	-0,03	0,11	0,21	1490,88
35	02.08.2025 20:35:34	23,01	-0,05	0,11	0,21	1490,88
36	02.08.2025 20:35:35	23,01	-0,05	0,12	0,24	1490,90
37	02.08.2025 20:35:36	23,01	-0,05	0,11	0,21	1490,88
38	02.08.2025 20:35:37	23,01	-0,07	0,12	0,24	1490,89
39	02.08.2025 20:35:38	23,01	-0,05	0,12	0,24	1490,90
40	02.08.2025 20:35:39	23,01	-0,05	0,11	0,21	1490,88
41	02.08.2025 20:35:40	22,98	-0,07	0,11	0,21	1490,79
42	02.08.2025 20:35:41	22,98	-0,05	0,11	0,21	1490,80
43	02.08.2025 20:35:42	22,98	-0,05	0,11	0,21	1490,80
44	02.08.2025 20:35:43	22,98	-0,05	0,11	0,21	1490,80
45	02.08.2025 20:35:44	22,98	-0,07	0,11	0,21	1490,79
46	02.08.2025 20:35:45	22,98	-0,05	0,11	0,21	1490,80
47	02.08.2025 20:35:46	22,98	-0,05	0,11	0,21	1490,80
48	02.08.2025 20:35:47	22,98	-0,05	0,11	0,21	1490,80
49	02.08.2025 20:35:48	22,95	-0,05	0,11	0,21	1490,71
50	02.08.2025 20:35:49	22,95	-0,03	0,11	0,21	1490,72
51	02.08.2025 20:35:50	22,95	-0,05	0,11	0,21	1490,71
52	02.08.2025 20:35:51	22,95	-0,05	0,12	0,24	1490,73
53	02.08.2025 20:35:52	22,95	-0,07	0,12	0,24	1490,73
54	02.08.2025 20:35:53	22,95	-0,05	0,11	0,21	1490,71
55	02.08.2025 20:35:54	22,95	-0,05	0,11	0,21	1490,71
56	02.08.2025 20:35:55	22,95	-0,05	0,11	0,21	1490,71
57	02.08.2025 20:35:56	22,95	-0,05	0,11	0,21	1490,71
58	02.08.2025 20:35:57	22,93	-0,03	0,11	0,21	1490,63
59	02.08.2025 20:35:58	22,93	-0,03	0,11	0,21	1490,63
60	02.08.2025 20:35:59	22,93	-0,05	0,11	0,21	1490,63
61	02.08.2025 20:36:00	22,93	-0,03	0,11	0,21	1490,63
62	02.08.2025 20:36:01	22,93	-0,05	0,11	0,21	1490,63
63	02.08.2025 20:36:02	22,93	-0,05	0,11	0,21	1490,63
64	02.08.2025 20:36:03	22,93	-0,05	0,11	0,21	1490,63
65	02.08.2025 20:36:04	22,93	-0,03	0,12	0,24	1490,65
66	02.08.2025 20:36:05	22,90	-0,03	0,11	0,21	1490,55
67	02.08.2025 20:36:06	22,90	-0,05	0,11	0,21	1490,55
68	02.08.2025 20:36:07	22,90	-0,05	0,11	0,21	1490,55
69	02.08.2025 20:36:08	22,90	-0,03	0,11	0,21	1490,55
70	02.08.2025 20:36:09	22,90	-0,05	0,11	0,21	1490,55
71	02.08.2025 20:36:10	22,90	-0,05	0,11	0,21	1490,55
72	02.08.2025 20:36:11	22,90	-0,03	0,11	0,21	1490,55
73	02.08.2025 20:36:12	22,90	-0,03	0,11	0,21	1490,55
74	02.08.2025 20:36:13	22,87	-0,05	0,11	0,21	1490,46
75	02.08.2025 20:36:14	22,87	-0,03	0,11	0,21	1490,46
76	02.08.2025 20:36:15	22,87	-0,05	0,11	0,21	1490,46
77	02.08.2025 20:36:16	22,87	-0,05	0,11	0,21	1490,46
78	02.08.2025 20:36:17	22,87	-0,05	0,11	0,21	1490,46
79	02.08.2025 20:36:18	22,87	-0,05	0,11	0,21	1490,46
80	02.08.2025 20:36:19	22,87	-0,03	0,11	0,21	1490,46
81	02.08.2025 20:36:20	22,84	-0,05	0,11	0,21	1490,38
82	02.08.2025 20:36:21	22,84	-0,03	0,11	0,21	1490,38
83	02.08.2025 20:36:22	22,84	-0,05	0,11	0,21	1490,38
84	02.08.2025 20:36:23	22,84	-0,05	0,11	0,21	1490,38
85	02.08.2025 20:36:24	22,84	-0,05	0,11	0,21	1490,38
86	02.08.2025 20:36:25	22,84	-0,05	0,11	0,21	1490,38
87	02.08.2025 20:36:26	22,84	-0,03	0,11	0,21	1490,38
88	02.08.2025 20:36:27	22,84	-0,03	0,11	0,21	1490,38
89	02.08.2025 20:36:28	22,81	-0,05	0,11	0,21	1490,29
90	02.08.2025 20:36:29	22,81	-0,03	0,11	0,21	1490,30
91	02.08.2025 20:36:30	22,81	-0,05	0,11	0,21	1490,29
92	02.08.2025 20:36:31	22,81	-0,05	0,11	0,21	1490,29
93	02.08.2025 20:36:32	22,81	-0,05	0,11	0,21	1490,29
94	02.08.2025 20:36:33	22,81	-0,03	0,11	0,21	1490,30
95	02.08.2025 20:36:34	22,81	-0,05	0,11	0,21	1490,29
96	02.08.2025 20:36:35	22,78	-0,03	0,11	0,21	1490,21
97	02.08.2025 20:36:36	22,78	-0,05	0,11	0,21	1490,21
98	02.08.2025 20:36:37	22,78	-0,03	0,11	0,21	1490,21
99	02.08.2025 20:36:38	22,78	-0,03	0,11	0,21	1490,21
100	02.08.2025 20:36:39	22,78	-0,03	0,11	0,21	1490,21
101	02.08.2025 20:36:40	22,78	-0,05	0,11	0,21	1490,21
102	02.08.2025 20:36:41	22,78	-0,03	0,11	0,21	1490,21
103	02.08.2025 20:36:42	22,78	-0,05	0,11	0,21	1490,21
104	02.08.2025 20:36:43	22,75	-0,05	0,11	0,21	1490,12
105	02.08.2025 20:36:44	22,75	-0,05	0,11	0,21	1490,12
106	02.08.2025 20:36:45	22,75	-0,05	0,11	0,21	1490,12
107	02.08.2025 20:36:46	22,75	-0,05	0,11	0,21	1490,12
108	02.08.2025 20:36:47	22,75	-0,03	0,11	0,21	1490,13
109	02.08.2025 20:36:48	22,75	-0,03	0,11	0,21	1490,13
110	02.08.2025 20:36:49	22,75	-0,03	0,11	0,21	1490,13
111	02.08.2025 20:36:50	22,72	-0,03	0,11	0,21	1490,04
112	02.08.2025 20:36:51	22,72	-0,05	0,11	0,21	1490,04
113	02.08.2025 20:36:52	22,72	-0,03	0,11	0,21	1490,04
114	02.08.2025 20:36:53	22,72	-0,03	0,11	0,21	1490,04
115	02.08.2025 20:36:54	22,72	-0,03	0,11	0,21	1490,04
116	02.08.2025 20:36:55	22,72	-0,03	0,12	0,24	1490,06
117	02.08.2025 20:36:56	22,69	-0,07	0,12	0,24	1489,97
118	02.08.2025 20:36:57	22,69	-0,05	0,13	0,27	1489,98
119	02.08.2025 20:36:58	22,69	-0,05	0,12	0,24	1489,97
120	02.08.2025 20:36:59	22,69	-0,05	0,13	0,27	1489,98
121	02.08.2025 20:37:00	22,69	-0,05	0,13	0,27	1489,98
122	02.08.2025 20:37:01	22,69	-0,05	0,13	0,27	1489,98
123	02.08.2025 20:37:02	22,69	-0,05	0,15	0,29	1490,00
124	02.08.2025 20:37:03	22,69	-0,05	0,15	0,29	1490,00
125	02.08.2025 20:37:04	22,66	-0,05	0,15	0,29	1489,92
126	02.08.2025 20:37:05	22,66	-0,05	0,15	0,29	1489,92
127	02.08.2025 20:37:06	22,66	-0,03	0,15	0,29	1489,92
128	02.08.2025 20:37:07	22,66	-0,05	0,15	0,29	1489,92
129	02.08.2025 20:37:08	22,66	-0,05	0,15	0,29	1489,92
130	02.08.2025 20:37:09	22,66	-0,05	0,15	0,29	1489,92
131	02.08.2025 20:37:10	22,63	-0,05	0,15	0,29	1489,83
132	02.08.2025 20:37:11	22,63	-0,05	0,15	0,29	1489,83
133	02.08.2025 20:37:12	22,63	-0,05	0,15	0,29	1489,83
134	02.08.2025 20:37:13	22,63	-0,07	0,15	0,29	1489,83
135	02.08.2025 20:37:14	22,63	-0,07	0,15	0,29	1489,83
136	02.08.2025 20:37:15	22,63	-0,03	0,15	0,29	1489,83
137	02.08.2025 20:37:16	22,61	-0,05	0,15	0,29	1489,75
138	02.08.2025 20:37:17	22,61	-0,05	0,15	0,29	1489,75
139	02.08.2025 20:37:18	22,61	-0,03	0,15	0,29	1489,75
140	02.08.2025 20:37:19	22,61	-0,05	0,15	0,29	1489,75
141	02.08.2025 20:37:20	22,61	-0,05	0,15	0,29	1489,75
142	02.08.2025 20:37:21	22,61	-0,05	0,15	0,29	1489,75
143	02.08.2025 20:37:22	22,61	-0,05	0,15	0,29	1489,75
144	02.08.2025 20:37:23	22,61	-0,05	0,15	0,29	1489,75
145	02.08.2025 20:37:24	22,58	-0,05	0,13	0,27	1489,65
146	02.08.2025 20:37:25	22,58	-0,05	0,13	0,27	1489,65
147	02.08.2025 20:37:26	22,58	-0,05	0,13	0,27	1489,65
148	02.08.2025 20:37:27	22,58	-0,05	0,13	0,27	1489,65
149	02.08.2025 20:37:28	22,58	-0,05	0,13	0,27	1489,65
150	02.08.2025 20:37:29	22,58	-0,07	0,13	0,27	1489,64
151	02.08.2025 20:37:30	22,58	-0,05	0,13	0,27	1489,65
152	02.08.2025 20:37:31	22,55	-0,05	0,15	0,29	1489,58
153	02.08.2025 20:37:32	22,55	-0,05	0,15	0,29	1489,58
154	02.08.2025 20:37:33	22,55	-0,05	0,15	0,29	1489,58
155	02.08.2025 20:37:34	22,55	-0,05	0,15	0,29	1489,58
156	02.08.2025 20:37:35	22,55	-0,05	0,15	0,29	1489,58
157	02.08.2025 20:37:36	22,55	-0,05	0,15	0,29	1489,58
158	02.08.2025 20:37:37	22,55	-0,05	0,15	0,29	1489,58
159	02.08.2025 20:37:38	22,55	-0,05	0,15	0,29	1489,58
160	02.08.2025 20:37:39	22,52	-0,05	0,15	0,29	1489,49
161	02.08.2025 20:37:40	22,52	-0,05	0,15	0,29	1489,49
162	02.08.2025 20:37:41	22,52	-0,05	0,15	0,29	1489,49
163	02.08.2025 20:37:42	22,52	-0,05	0,15	0,29	1489,49
164	02.08.2025 20:37:43	22,52	-0,03	0,15	0,29	1489,49
165	02.08.2025 20:37:44	22,52	-0,05	0,16	0,32	1489,51
166	02.08.2025 20:37:45	22,52	-0,03	0,15	0,29	1489,49
167	02.08.2025 20:37:46	22,49	-0,05	0,16	0,32	1489,42
168	02.08.2025 20:37:47	22,49	-0,03	0,15	0,29	1489,41
169	02.08.2025 20:37:48	22,49	-0,05	0,16	0,32	1489,42
170	02.08.2025 20:37:49	22,49	-0,05	0,16	0,32	1489,42
171	02.08.2025 20:37:50	22,49	-0,05	0,16	0,32	1489,42
172	02.08.2025 20:37:51	22,49	-0,05	0,15	0,29	1489,41
173	02.08.2025 20:37:52	22,49	-0,03	0,15	0,29	1489,41
174	02.08.2025 20:37:53	22,49	-0,05	0,15	0,29	1489,41
175	02.08.2025 20:37:54	22,46	-0,05	0,14	0,27	1489,31
176	02.08.2025 20:37:55	22,46	-0,05	0,14	0,27	1489,31
177	02.08.2025 20:37:56	22,46	-0,05	0,14	0,27	1489,31
178	02.08.2025 20:37:57	22,46	-0,05	0,18	0,35	1489,35
179	02.08.2025 20:37:58	22,46	-0,03	0,22	0,43	1489,40
180	02.08.2025 20:37:59	22,46	-0,03	0,22	0,43	1489,40
181	02.08.2025 20:38:00	22,46	-0,05	0,22	0,43	1489,40
182	02.08.2025 20:38:01	22,46	-0,05	0,23	0,46	1489,42
183	02.08.2025 20:38:02	22,46	-0,05	0,23	0,46	1489,42
184	02.08.2025 20:38:03	22,43	-0,03	0,26	0,52	1489,37
185	02.08.2025 20:38:04	22,43	-0,03	0,29	0,57	1489,40
186	02.08.2025 20:38:05	22,43	-0,03	0,32	0,63	1489,43
187	02.08.2025 20:38:06	22,43	-0,03	0,32	0,63	1489,43
188	02.08.2025 20:38:07	22,43	-0,03	0,31	0,60	1489,41
189	02.08.2025 20:38:08	22,40	-0,03	0,31	0,60	1489,33
190	02.08.2025 20:38:09	22,40	-0,03	0,29	0,57	1489,31
191	02.08.2025 20:38:10	22,40	-0,03	0,31	0,60	1489,33
192	02.08.2025 20:38:11	22,40	-0,03	0,29	0,57	1489,31
193	02.08.2025 20:38:12	22,40	-0,05	0,31	0,60	1489,33
194	02.08.2025 20:38:13	22,40	-0,03	0,31	0,60	1489,33
195	02.08.2025 20:38:14	22,40	-0,03	0,29	0,57	1489,31
196	02.08.2025 20:38:15	22,37	-0,03	0,31	0,60	1489,24
197	02.08.2025 20:38:16	22,37	-0,03	0,29	0,57	1489,23
198	02.08.2025 20:38:17	22,37	-0,05	0,28	0,54	1489,21
199	02.08.2025 20:38:18	22,37	-0,05	0,29	0,57	1489,22
200	02.08.2025 20:38:19	22,37	-0,05	0,26	0,52	1489,19
201	02.08.2025 20:38:20	22,37	-0,05	0,34	0,65	1489,27
202	02.08.2025 20:38:21	22,37	-0,05	0,28	0,54	1489,21
203	02.08.2025 20:38:22	22,37	-0,03	0,34	0,65	1489,28
204	02.08.2025 20:38:23	22,34	-0,07	0,31	0,60	1489,15
205	02.08.2025 20:38:24	22,34	-0,07	0,29	0,57	1489,14
206	02.08.2025 20:38:25	22,34	-0,05	0,34	0,65	1489,19
207	02.08.2025 20:38:26	22,34	-0,07	0,25	0,49	1489,09
208	02.08.2025 20:38:27	22,34	-0,07	0,25	0,49	1489,09
209	02.08.2025 20:38:28	22,34	-0,05	0,25	0,49	1489,09
210	02.08.2025 20:38:29	22,34	-0,05	0,26	0,52	1489,11
211	02.08.2025 20:38:30	22,31	-0,05	0,24	0,46	1488,99
212	02.08.2025 20:38:31	22,31	-0,05	0,24	0,46	1488,99
213	02.08.2025 20:38:32	22,31	-0,05	0,25	0,49	1489,01
214	02.08.2025 20:38:33	22,31	-0,05	0,25	0,49	1489,01
215	02.08.2025 20:38:34	22,31	-0,05	0,28	0,54	1489,04
216	02.08.2025 20:38:35	22,31	-0,03	0,29	0,57	1489,06
217	02.08.2025 20:38:36	22,31	-0,05	0,28	0,54	1489,04
218	02.08.2025 20:38:37	22,28	-0,05	0,24	0,46	1488,90
219	02.08.2025 20:38:38	22,28	-0,03	0,25	0,49	1488,92
220	02.08.2025 20:38:39	22,28	-0,03	0,22	0,43	1488,89
221	02.08.2025 20:38:40	22,28	-0,05	0,25	0,49	1488,92
222	02.08.2025 20:38:41	22,28	-0,05	0,24	0,46	1488,90
223	02.08.2025 20:38:42	22,26	-0,05	0,25	0,49	1488,83
224	02.08.2025 20:38:43	22,26	-0,07	0,26	0,52	1488,85
225	02.08.2025 20:38:44	22,26	-0,05	0,24	0,46	1488,82
226	02.08.2025 20:38:45	22,26	-0,05	0,25	0,49	1488,83
227	02.08.2025 20:38:46	22,23	-0,05	0,26	0,52	1488,77
228	02.08.2025 20:38:47	22,23	-0,05	0,26	0,52	1488,77
229	02.08.2025 20:38:48	22,23	-0,05	0,26	0,52	1488,77
230	02.08.2025 20:38:49	22,23	-0,05	0,25	0,49	1488,75
231	02.08.2025 20:38:50	22,20	-0,03	0,25	0,49	1488,67
232	02.08.2025 20:38:51	22,20	-0,05	0,26	0,52	1488,68
233	02.08.2025 20:38:52	22,20	-0,05	0,25	0,49	1488,66
234	02.08.2025 20:38:53	22,20	-0,05	0,31	0,60	1488,73
235	02.08.2025 20:38:54	22,20	-0,05	0,35	0,68	1488,78
236	02.08.2025 20:38:55	22,17	-0,05	0,32	0,63	1488,66
237	02.08.2025 20:38:56	22,17	-0,07	0,38	0,74	1488,72
238	02.08.2025 20:38:57	22,17	-0,05	0,31	0,60	1488,64
239	02.08.2025 20:38:58	22,17	-0,05	0,37	0,71	1488,71
240	02.08.2025 20:38:59	22,17	-0,05	0,32	0,63	1488,66
241	02.08.2025 20:39:00	22,17	-0,05	0,31	0,60	1488,64
242	02.08.2025 20:39:01	22,17	-0,05	0,34	0,65	1488,68
243	02.08.2025 20:39:02	22,14	-0,05	0,31	0,60	1488,56
244	02.08.2025 20:39:03	22,14	-0,03	0,29	0,57	1488,54
245	02.08.2025 20:39:04	22,14	-0,03	0,34	0,65	1488,59
246	02.08.2025 20:39:05	22,14	-0,05	0,31	0,60	1488,56
247	02.08.2025 20:39:06	22,14	-0,05	0,26	0,52	1488,51
248	02.08.2025 20:39:07	22,11	-0,05	0,28	0,54	1488,44
249	02.08.2025 20:39:08	22,11	-0,05	0,25	0,49	1488,41
250	02.08.2025 20:39:09	22,11	-0,05	0,27	0,52	1488,42
251	02.08.2025 20:39:10	22,11	-0,05	0,60	1,13	1488,79
252	02.08.2025 20:39:11	22,11	-0,05	0,46	0,88	1488,64
253	02.08.2025 20:39:12	22,11	-0,05	0,38	0,74	1488,55
254	02.08.2025 20:39:13	22,11	-0,03	0,41	0,79	1488,59
255	02.08.2025 20:39:14	22,08	-0,05	0,41	0,79	1488,50
256	02.08.2025 20:39:15	22,08	-0,05	0,41	0,79	1488,50
257	02.08.2025 20:39:16	22,08	-0,05	0,41	0,79	1488,50
258	02.08.2025 20:39:17	22,08	-0,03	0,43	0,82	1488,52
259	02.08.2025 20:39:18	22,08	-0,03	0,41	0,79	1488,50
260	02.08.2025 20:39:19	22,08	-0,03	0,43	0,82	1488,52
261	02.08.2025 20:39:20	22,08	-0,03	0,43	0,82	1488,52
262	02.08.2025 20:39:21	22,08	-0,03	0,44	0,85	1488,54
263	02.08.2025 20:39:22	22,05	-0,03	0,46	0,88	1488,47
264	02.08.2025 20:39:23	22,05	-0,03	0,46	0,88	1488,47
265	02.08.2025 20:39:24	22,05	-0,03	0,47	0,91	1488,49
266	02.08.2025 20:39:25	22,05	-0,05	0,47	0,91	1488,48
267	02.08.2025 20:39:26	22,05	-0,03	0,49	0,93	1488,50
268	02.08.2025 20:39:27	22,02	-0,03	0,38	0,74	1488,30
269	02.08.2025 20:39:28	22,02	-0,03	0,24	0,46	1488,13
270	02.08.2025 20:39:29	22,02	-0,03	0,31	0,60	1488,22
271	02.08.2025 20:39:30	22,02	-0,03	0,32	0,63	1488,23
272	02.08.2025 20:39:31	22,02	-0,03	0,34	0,65	1488,25
273	02.08.2025 20:39:32	22,02	-0,05	0,25	0,49	1488,15
274	02.08.2025 20:39:33	22,02	-0,05	0,24	0,46	1488,13
275	02.08.2025 20:39:34	22,02	-0,03	0,19	0,38	1488,09
276	02.08.2025 20:39:35	21,99	-0,05	0,52	0,99	1488,36
277	02.08.2025 20:39:36	21,99	-0,05	0,27	0,52	1488,08
278	02.08.2025 20:39:37	21,99	-0,05	0,30	0,57	1488,11
279	02.08.2025 20:39:38	21,99	-0,05	0,22	0,43	1488,03
280	02.08.2025 20:39:39	21,99	-0,05	0,21	0,40	1488,01
281	02.08.2025 20:39:40	21,99	-0,07	0,58	1,10	1488,43
282	02.08.2025 20:39:41	21,99	-0,07	0,43	0,82	1488,26
283	02.08.2025 20:39:42	21,96	-0,07	0,46	0,88	1488,21
284	02.08.2025 20:39:43	21,96	-0,05	0,28	0,54	1488,01
285	02.08.2025 20:39:44	21,96	-0,05	0,31	0,60	1488,04
286	02.08.2025 20:39:45	21,96	-0,05	0,28	0,54	1488,01
287	02.08.2025 20:39:46	21,93	-0,07	0,25	0,49	1487,89
288	02.08.2025 20:39:47	21,93	-0,05	0,24	0,46	1487,87
289	02.08.2025 20:39:48	21,91	-0,22	26,25	38,53	1516,77
290	02.08.2025 20:39:49	21,64	-0,12	26,10	38,12	1515,91
291	02.08.2025 20:39:50	21,41	-0,05	26,26	38,14	1515,46
292	02.08.2025 20:39:51	21,23	-0,03	26,34	38,11	1515,08
293	02.08.2025 20:39:52	21,09	0,00	26,43	38,11	1514,78
294	02.08.2025 20:39:53	21,03	0,04	26,46	38,11	1514,66
295	02.08.2025 20:39:54	20,94	0,00	26,49	38,08	1514,45
296	02.08.2025 20:39:55	20,88	0,00	26,53	38,08	1514,32
297	02.08.2025 20:39:56	20,85	-0,01	26,53	38,05	1514,24
298	02.08.2025 20:39:57	20,79	0,00	26,58	38,08	1514,14
299	02.08.2025 20:39:58	20,76	0,00	26,58	38,05	1514,05
300	02.08.2025 20:39:59	20,73	0,00	26,62	38,08	1514,02
301	02.08.2025 20:40:00	20,71	0,02	26,64	38,07	1513,96
302	02.08.2025 20:40:01	20,68	0,00	26,65	38,07	1513,89
303	02.08.2025 20:40:02	20,65	0,00	26,67	38,07	1513,83
304	02.08.2025 20:40:03	20,62	0,00	26,71	38,10	1513,79
305	02.08.2025 20:40:04	20,62	0,02	26,69	38,07	1513,77
306	02.08.2025 20:40:05	20,59	0,00	26,73	38,10	1513,73
307	02.08.2025 20:40:06	20,59	0,00	26,71	38,07	1513,71
308	02.08.2025 20:40:07	20,56	0,02	26,75	38,10	1513,67
309	02.08.2025 20:40:08	20,53	0,00	26,74	38,07	1513,58
310	02.08.2025 20:40:09	20,53	0,00	26,74	38,07	1513,58
311	02.08.2025 20:40:10	20,50	0,00	26,78	38,10	1513,55
312	02.08.2025 20:40:11	20,47	-0,01	26,80	38,10	1513,48
313	02.08.2025 20:40:12	20,47	0,00	26,80	38,10	1513,48
314	02.08.2025 20:40:13	20,44	-0,01	26,82	38,10	1513,42
315	02.08.2025 20:40:14	20,44	0,00	26,82	38,10	1513,42
316	02.08.2025 20:40:15	20,41	0,00	26,84	38,10	1513,36
317	02.08.2025 20:40:16	20,41	0,00	26,84	38,09	1513,36
318	02.08.2025 20:40:17	20,38	-0,01	26,85	38,09	1513,29
319	02.08.2025 20:40:18	20,38	-0,01	26,85	38,09	1513,29
320	02.08.2025 20:40:19	20,38	-0,01	26,85	38,09	1513,29
321	02.08.2025 20:40:20	20,35	0,00	26,87	38,09	1513,24
322	02.08.2025 20:40:21	20,35	-0,01	26,87	38,09	1513,23
323	02.08.2025 20:40:22	20,32	0,02	26,91	38,12	1513,20
324	02.08.2025 20:40:23	20,32	0,00	26,91	38,12	1513,20
325	02.08.2025 20:40:24	20,32	0,00	26,89	38,09	1513,17
326	02.08.2025 20:40:25	20,29	0,00	26,89	38,07	1513,09
327	02.08.2025 20:40:26	20,29	0,00	26,89	38,07	1513,09
328	02.08.2025 20:40:27	20,29	0,00	26,89	38,07	1513,09
329	02.08.2025 20:40:28	20,26	0,00	26,95	38,12	1513,07
330	02.08.2025 20:40:29	20,26	0,00	26,95	38,12	1513,07
331	02.08.2025 20:40:30	20,26	0,00	26,95	38,12	1513,07
332	02.08.2025 20:40:31	20,24	0,00	26,97	38,12	1513,01
333	02.08.2025 20:40:32	20,24	0,02	26,97	38,12	1513,01
334	02.08.2025 20:40:33	20,24	0,02	26,97	38,12	1513,01
335	02.08.2025 20:40:34	20,24	0,00	26,97	38,12	1513,01
336	02.08.2025 20:40:35	20,21	0,02	26,98	38,12	1512,95
337	02.08.2025 20:40:36	20,21	0,00	26,98	38,12	1512,95
338	02.08.2025 20:40:37	20,21	0,00	26,98	38,12	1512,95
339	02.08.2025 20:40:38	20,18	-0,01	27,00	38,12	1512,88
340	02.08.2025 20:40:39	20,18	-0,01	27,00	38,12	1512,88
341	02.08.2025 20:40:40	20,18	0,00	27,00	38,12	1512,89
342	02.08.2025 20:40:41	20,18	0,00	27,00	38,12	1512,89
343	02.08.2025 20:40:42	20,15	0,02	27,02	38,12	1512,83
344	02.08.2025 20:40:43	20,15	0,02	27,02	38,12	1512,83
345	02.08.2025 20:40:44	20,15	0,02	27,02	38,12	1512,83
346	02.08.2025 20:40:45	20,15	0,06	27,02	38,12	1512,83
347	02.08.2025 20:40:46	20,15	0,06	27,02	38,12	1512,83
348	02.08.2025 20:40:47	20,15	0,08	27,02	38,12	1512,83
349	02.08.2025 20:40:48	20,12	0,09	27,04	38,12	1512,77
350	02.08.2025 20:40:49	20,12	0,11	27,04	38,12	1512,78
351	02.08.2025 20:40:50	20,12	0,13	27,04	38,12	1512,78
352	02.08.2025 20:40:51	20,12	0,15	27,04	38,12	1512,78
353	02.08.2025 20:40:52	20,12	0,16	27,04	38,12	1512,79
354	02.08.2025 20:40:53	20,12	0,16	27,04	38,12	1512,79
355	02.08.2025 20:40:54	20,12	0,16	27,02	38,09	1512,76
356	02.08.2025 20:40:55	20,09	0,18	27,06	38,11	1512,73
357	02.08.2025 20:40:56	20,09	0,20	27,04	38,09	1512,71
358	02.08.2025 20:40:57	20,09	0,22	27,04	38,09	1512,71
359	02.08.2025 20:40:58	20,09	0,22	27,06	38,11	1512,73
360	02.08.2025 20:40:59	20,09	0,25	27,06	38,11	1512,74
361	02.08.2025 20:41:00	20,09	0,25	26,99	38,03	1512,67
362	02.08.2025 20:41:01	20,06	0,27	27,05	38,09	1512,65
363	02.08.2025 20:41:02	20,06	0,29	27,05	38,09	1512,66
364	02.08.2025 20:41:03	20,06	0,30	27,03	38,06	1512,64
365	02.08.2025 20:41:04	20,03	0,32	27,03	38,03	1512,55
366	02.08.2025 20:41:05	20,03	0,32	27,07	38,09	1512,60
367	02.08.2025 20:41:06	20,03	0,34	27,07	38,09	1512,60
368	02.08.2025 20:41:07	20,03	0,37	26,88	37,85	1512,39
369	02.08.2025 20:41:08	20,00	0,36	26,94	37,90	1512,37
370	02.08.2025 20:41:09	19,94	0,39	26,87	37,76	1512,13
371	02.08.2025 20:41:10	19,91	0,41	26,89	37,76	1512,07
372	02.08.2025 20:41:11	19,85	0,43	26,88	37,71	1511,90
373	02.08.2025 20:41:12	19,82	0,43	27,09	37,95	1512,06
374	02.08.2025 20:41:13	19,82	0,44	26,92	37,73	1511,87
375	02.08.2025 20:41:14	19,79	0,46	26,88	37,65	1511,73
376	02.08.2025 20:41:15	19,76	0,48	26,90	37,65	1511,67
377	02.08.2025 20:41:16	19,73	0,50	26,91	37,65	1511,61
378	02.08.2025 20:41:17	19,71	0,53	26,91	37,62	1511,53
379	02.08.2025 20:41:18	19,68	0,55	26,91	37,60	1511,45
380	02.08.2025 20:41:19	19,68	0,55	26,91	37,60	1511,45
381	02.08.2025 20:41:20	19,65	0,58	26,93	37,60	1511,39
382	02.08.2025 20:41:21	19,62	0,60	26,95	37,60	1511,33
383	02.08.2025 20:41:22	19,62	0,62	26,95	37,60	1511,33
384	02.08.2025 20:41:23	19,62	0,64	26,97	37,62	1511,36
385	02.08.2025 20:41:24	19,59	0,65	26,99	37,62	1511,30
386	02.08.2025 20:41:25	19,59	0,67	27,01	37,65	1511,32
387	02.08.2025 20:41:26	19,59	0,67	27,01	37,65	1511,32
388	02.08.2025 20:41:27	19,59	0,70	27,01	37,65	1511,33
389	02.08.2025 20:41:28	19,56	0,72	27,05	37,67	1511,29
390	02.08.2025 20:41:29	19,56	0,74	27,05	37,67	1511,29
391	02.08.2025 20:41:30	19,56	0,77	27,07	37,70	1511,32
392	02.08.2025 20:41:31	19,56	0,77	27,07	37,70	1511,32
393	02.08.2025 20:41:32	19,56	0,79	27,07	37,70	1511,33
394	02.08.2025 20:41:33	19,53	0,79	27,09	37,70	1511,26
395	02.08.2025 20:41:34	19,53	0,79	27,11	37,73	1511,29
396	02.08.2025 20:41:35	19,53	0,81	27,09	37,70	1511,27
397	02.08.2025 20:41:36	19,53	0,79	27,11	37,73	1511,29
398	02.08.2025 20:41:37	19,50	0,82	27,13	37,73	1511,23
399	02.08.2025 20:41:38	19,50	0,82	27,13	37,73	1511,23
400	02.08.2025 20:41:39	19,50	0,86	27,13	37,73	1511,23
401	02.08.2025 20:41:40	19,50	0,88	27,15	37,75	1511,26
402	02.08.2025 20:41:41	19,50	0,88	27,15	37,75	1511,26
403	02.08.2025 20:41:42	19,47	0,89	27,17	37,75	1511,20
404	02.08.2025 20:41:43	19,47	0,93	27,17	37,75	1511,21
405	02.08.2025 20:41:44	19,47	0,93	27,17	37,75	1511,21
406	02.08.2025 20:41:45	19,47	0,94	27,17	37,75	1511,21
407	02.08.2025 20:41:46	19,47	0,96	27,12	37,70	1511,16
408	02.08.2025 20:41:47	19,44	0,98	27,10	37,65	1511,05
409	02.08.2025 20:41:48	19,41	0,99	27,10	37,62	1510,97
410	02.08.2025 20:41:49	19,38	1,01	27,05	37,54	1510,83
411	02.08.2025 20:41:50	19,35	1,04	25,91	36,09	1509,45
412	02.08.2025 20:41:51	19,29	1,04	25,86	35,98	1509,23
413	02.08.2025 20:41:52	19,23	1,07	25,86	35,92	1509,05
414	02.08.2025 20:41:53	19,20	1,09	25,83	35,87	1508,94
415	02.08.2025 20:41:54	19,14	1,10	25,91	35,92	1508,86
416	02.08.2025 20:41:55	19,14	1,12	25,93	35,95	1508,89
417	02.08.2025 20:41:56	19,14	1,14	26,06	36,11	1509,04
418	02.08.2025 20:41:57	19,17	1,11	25,91	35,95	1508,95
419	02.08.2025 20:41:58	19,17	1,11	25,96	36,00	1509,00
420	02.08.2025 20:41:59	19,17	1,09	25,96	36,00	1509,00
421	02.08.2025 20:42:00	19,17	1,09	25,93	35,98	1508,97
422	02.08.2025 20:42:01	19,17	1,09	25,93	35,98	1508,97
423	02.08.2025 20:42:02	19,17	1,09	25,98	36,03	1509,02
424	02.08.2025 20:42:03	19,17	1,09	25,98	36,03	1509,02
425	02.08.2025 20:42:04	19,17	1,07	25,96	36,00	1508,99
426	02.08.2025 20:42:05	19,17	1,09	25,91	35,95	1508,95
427	02.08.2025 20:42:06	19,17	1,07	25,81	35,82	1508,82
428	02.08.2025 20:42:07	19,11	1,09	25,67	35,60	1508,50
429	02.08.2025 20:42:08	19,00	1,06	25,57	35,38	1508,03
430	02.08.2025 20:42:09	18,85	1,11	25,51	35,19	1507,53
431	02.08.2025 20:42:10	18,70	1,17	25,60	35,19	1507,21
432	02.08.2025 20:42:11	18,61	1,15	25,43	34,92	1506,75
433	02.08.2025 20:42:12	18,49	1,18	25,44	34,84	1506,41
434	02.08.2025 20:42:13	18,37	1,21	25,51	34,83	1506,15
435	02.08.2025 20:42:14	18,28	1,22	25,52	34,78	1505,89
436	02.08.2025 20:42:15	18,25	1,24	25,97	35,31	1506,33
437	02.08.2025 20:42:16	18,22	1,24	26,41	35,82	1506,74
438	02.08.2025 20:42:17	18,25	1,22	26,35	35,77	1506,76
439	02.08.2025 20:42:18	18,31	1,21	26,16	35,58	1506,71
440	02.08.2025 20:42:19	18,37	1,16	26,10	35,56	1506,81
441	02.08.2025 20:42:20	18,40	1,14	26,04	35,50	1506,83
442	02.08.2025 20:42:21	18,40	1,12	26,04	35,50	1506,83
443	02.08.2025 20:42:22	18,37	1,12	26,14	35,61	1506,86
444	02.08.2025 20:42:23	18,34	1,12	26,25	35,72	1506,89
445	02.08.2025 20:42:24	18,31	1,13	26,16	35,58	1506,70
446	02.08.2025 20:42:25	18,28	1,12	26,35	35,80	1506,83
447	02.08.2025 20:42:26	18,25	1,13	26,37	35,80	1506,77
448	02.08.2025 20:42:27	18,22	1,13	26,74	36,23	1507,11
449	02.08.2025 20:42:28	18,22	1,15	26,82	36,33	1507,21
450	02.08.2025 20:42:29	18,25	1,15	26,85	36,39	1507,33
451	02.08.2025 20:42:30	18,25	1,13	26,98	36,55	1507,48
452	02.08.2025 20:42:31	18,28	1,13	27,07	36,68	1507,67
453	02.08.2025 20:42:32	18,28	1,12	27,07	36,68	1507,67
454	02.08.2025 20:42:33	18,31	1,12	26,66	36,20	1507,28
455	02.08.2025 20:42:34	18,31	1,13	26,42	35,91	1507,00
456	02.08.2025 20:42:35	18,34	1,14	26,29	35,77	1506,95
457	02.08.2025 20:42:36	18,37	1,14	26,25	35,75	1506,99
458	02.08.2025 20:42:37	18,43	1,12	26,21	35,75	1507,12
459	02.08.2025 20:42:38	18,46	1,07	26,13	35,67	1507,10
460	02.08.2025 20:42:39	18,43	1,07	26,00	35,48	1506,86
461	02.08.2025 20:42:40	18,37	1,10	26,01	35,45	1506,71
462	02.08.2025 20:42:41	18,31	1,10	26,05	35,45	1506,57
463	02.08.2025 20:42:42	18,22	1,11	26,06	35,39	1506,32
464	02.08.2025 20:42:43	18,20	1,13	26,12	35,45	1506,30
465	02.08.2025 20:42:44	18,17	1,13	26,09	35,39	1506,19
466	02.08.2025 20:42:45	18,11	1,14	26,11	35,36	1506,03
467	02.08.2025 20:42:46	18,08	1,16	26,06	35,28	1505,89
468	02.08.2025 20:42:47	18,05	1,16	26,12	35,34	1505,87
469	02.08.2025 20:42:48	18,02	1,17	26,10	35,28	1505,75
470	02.08.2025 20:42:49	17,96	1,17	26,09	35,23	1505,56
471	02.08.2025 20:42:50	17,93	1,19	26,13	35,25	1505,52
472	02.08.2025 20:42:51	17,87	1,18	26,02	35,06	1505,21
473	02.08.2025 20:42:52	17,78	1,18	25,94	34,90	1504,85
474	02.08.2025 20:42:53	17,69	1,17	25,88	34,77	1504,51
475	02.08.2025 20:42:54	17,54	1,20	25,93	34,71	1504,12
476	02.08.2025 20:42:55	17,42	1,21	25,96	34,65	1503,79
477	02.08.2025 20:42:56	17,33	1,25	25,99	34,62	1503,56
478	02.08.2025 20:42:57	17,24	1,28	25,98	34,54	1503,28
479	02.08.2025 20:42:58	17,15	1,29	26,13	34,65	1503,17
480	02.08.2025 20:42:59	17,09	1,30	26,10	34,57	1502,96
481	02.08.2025 20:43:00	17,03	1,32	26,09	34,51	1502,77
482	02.08.2025 20:43:01	16,94	1,30	26,01	34,35	1502,39
483	02.08.2025 20:43:02	16,85	1,31	25,96	34,21	1502,05
484	02.08.2025 20:43:03	16,76	1,31	25,72	33,86	1501,49
485	02.08.2025 20:43:04	16,61	1,30	25,68	33,70	1500,97
486	02.08.2025 20:43:05	16,43	1,34	25,56	33,43	1500,28
487	02.08.2025 20:43:06	16,31	1,32	25,18	32,88	1499,45
488	02.08.2025 20:43:07	16,04	1,32	24,94	32,40	1498,31
489	02.08.2025 20:43:08	15,73	1,36	24,87	32,09	1497,27
490	02.08.2025 20:43:09	15,46	1,40	24,99	32,04	1496,54
491	02.08.2025 20:43:10	15,22	1,46	25,19	32,08	1495,99
492	02.08.2025 20:43:11	15,00	1,50	25,56	32,35	1495,74
493	02.08.2025 20:43:12	14,85	1,53	25,32	31,97	1494,97
494	02.08.2025 20:43:13	14,73	1,56	25,28	31,83	1494,52
495	02.08.2025 20:43:14	14,60	1,57	25,45	31,93	1494,33
496	02.08.2025 20:43:15	14,51	1,58	25,56	31,99	1494,15
497	02.08.2025 20:43:16	14,45	1,58	25,58	31,96	1493,97
498	02.08.2025 20:43:17	14,39	1,60	25,71	32,06	1493,93
499	02.08.2025 20:43:18	14,36	1,63	25,94	32,30	1494,11
500	02.08.2025 20:43:19	14,33	1,65	26,04	32,38	1494,12
501	02.08.2025 20:43:20	14,33	1,65	26,11	32,46	1494,20
502	02.08.2025 20:43:21	14,33	1,65	26,18	32,55	1494,29
503	02.08.2025 20:43:22	14,30	1,66	26,17	32,52	1494,19
504	02.08.2025 20:43:23	14,27	1,66	26,24	32,57	1494,16
505	02.08.2025 20:43:24	14,20	1,66	26,38	32,68	1494,12
506	02.08.2025 20:43:25	14,17	1,69	26,40	32,68	1494,05
507	02.08.2025 20:43:26	14,11	1,69	26,49	32,73	1493,95
508	02.08.2025 20:43:27	14,05	1,72	26,48	32,67	1493,74
509	02.08.2025 20:43:28	13,99	1,74	26,40	32,54	1493,44
510	02.08.2025 20:43:29	13,90	1,75	26,37	32,43	1493,10
511	02.08.2025 20:43:30	13,80	1,76	26,33	32,32	1492,74
512	02.08.2025 20:43:31	13,71	1,76	26,37	32,29	1492,48
513	02.08.2025 20:43:32	13,62	1,81	26,41	32,26	1492,22
514	02.08.2025 20:43:33	13,52	1,80	26,42	32,21	1491,92
515	02.08.2025 20:43:34	13,43	1,85	26,48	32,20	1491,69
516	02.08.2025 20:43:35	13,37	1,85	26,38	32,04	1491,35
517	02.08.2025 20:43:36	13,28	1,88	26,37	31,96	1491,02
518	02.08.2025 20:43:37	13,18	1,91	26,41	31,93	1490,76
519	02.08.2025 20:43:38	13,09	1,94	26,52	31,98	1490,58
520	02.08.2025 20:43:39	13,03	1,97	26,49	31,90	1490,33
521	02.08.2025 20:43:40	12,96	1,97	26,50	31,87	1490,14
522	02.08.2025 20:43:41	12,90	2,00	26,50	31,82	1489,92
523	02.08.2025 20:43:42	12,84	2,01	26,46	31,73	1489,67
524	02.08.2025 20:43:43	12,74	2,03	26,48	31,68	1489,37
525	02.08.2025 20:43:44	12,68	2,04	26,45	31,59	1489,11
526	02.08.2025 20:43:45	12,59	2,05	26,39	31,46	1488,72
527	02.08.2025 20:43:46	12,49	2,07	26,25	31,24	1488,23
528	02.08.2025 20:43:47	12,37	2,04	26,04	30,92	1487,53
529	02.08.2025 20:43:48	12,21	2,07	25,94	30,70	1486,87
530	02.08.2025 20:43:49	12,02	2,08	25,94	30,56	1486,21
531	02.08.2025 20:43:50	11,83	2,12	25,94	30,42	1485,55
532	02.08.2025 20:43:51	11,64	2,15	26,02	30,36	1484,98
533	02.08.2025 20:43:52	11,51	2,18	26,11	30,36	1484,63
534	02.08.2025 20:43:53	11,42	2,21	26,15	30,33	1484,35
535	02.08.2025 20:43:54	11,32	2,24	26,11	30,22	1483,96
536	02.08.2025 20:43:55	11,22	2,24	26,15	30,19	1483,67
537	02.08.2025 20:43:56	11,10	2,28	26,29	30,24	1483,39
538	02.08.2025 20:43:57	11,00	2,29	26,31	30,19	1483,06
539	02.08.2025 20:43:58	10,90	2,29	26,24	30,05	1482,64
540	02.08.2025 20:43:59	10,81	2,32	26,26	29,99	1482,31
541	02.08.2025 20:44:00	10,68	2,35	26,30	29,94	1481,90
542	02.08.2025 20:44:01	10,58	2,38	26,31	29,88	1481,57
543	02.08.2025 20:44:02	10,48	2,41	26,33	29,82	1481,24
544	02.08.2025 20:44:03	10,39	2,42	26,32	29,74	1480,87
545	02.08.2025 20:44:04	10,29	2,44	26,38	29,74	1480,60
546	02.08.2025 20:44:05	10,23	2,47	26,40	29,71	1480,39
547	02.08.2025 20:44:06	10,13	2,48	26,44	29,68	1480,09
548	02.08.2025 20:44:07	10,06	2,50	26,44	29,63	1479,84
549	02.08.2025 20:44:08	9,97	2,51	26,43	29,54	1479,47
550	02.08.2025 20:44:09	9,87	2,52	26,44	29,49	1479,13
551	02.08.2025 20:44:10	9,77	2,57	26,49	29,46	1478,83
552	02.08.2025 20:44:11	9,70	2,60	26,53	29,46	1478,65
553	02.08.2025 20:44:12	9,61	2,61	26,58	29,43	1478,34
554	02.08.2025 20:44:13	9,54	2,63	26,62	29,43	1478,16
555	02.08.2025 20:44:14	9,47	2,66	26,64	29,40	1477,94
556	02.08.2025 20:44:15	9,41	2,68	26,69	29,40	1477,76
557	02.08.2025 20:44:16	9,34	2,71	26,71	29,37	1477,54
558	02.08.2025 20:44:17	9,31	2,72	26,73	29,37	1477,45
559	02.08.2025 20:44:18	9,24	2,74	26,75	29,34	1477,23
560	02.08.2025 20:44:19	9,18	2,75	26,80	29,34	1477,04
561	02.08.2025 20:44:20	9,11	2,77	26,82	29,31	1476,82
562	02.08.2025 20:44:21	9,05	2,80	26,84	29,28	1476,61
563	02.08.2025 20:44:22	8,98	2,81	26,84	29,22	1476,35
564	02.08.2025 20:44:23	8,91	2,83	26,83	29,17	1476,09
565	02.08.2025 20:44:24	8,81	2,84	26,85	29,11	1475,74
566	02.08.2025 20:44:25	8,75	2,89	26,87	29,09	1475,52
567	02.08.2025 20:44:26	8,68	2,89	26,86	29,03	1475,26
568	02.08.2025 20:44:27	8,58	2,92	26,91	29,00	1474,94
569	02.08.2025 20:44:28	8,48	2,95	26,96	28,97	1474,62
570	02.08.2025 20:44:29	8,41	2,98	26,98	28,94	1474,40
571	02.08.2025 20:44:30	8,35	2,99	27,00	28,91	1474,17
572	02.08.2025 20:44:31	8,28	3,01	27,00	28,86	1473,91
573	02.08.2025 20:44:32	8,21	3,06	27,02	28,83	1473,69
574	02.08.2025 20:44:33	8,15	3,07	27,04	28,80	1473,46
575	02.08.2025 20:44:34	8,08	3,08	27,06	28,77	1473,23
576	02.08.2025 20:44:35	8,01	3,10	27,08	28,75	1473,00
577	02.08.2025 20:44:36	7,94	3,13	27,08	28,69	1472,74
578	02.08.2025 20:44:37	7,88	3,15	27,10	28,66	1472,51
579	02.08.2025 20:44:38	7,77	3,18	27,15	28,63	1472,18
580	02.08.2025 20:44:39	7,71	3,21	27,20	28,63	1471,98
581	02.08.2025 20:44:40	7,67	3,22	27,20	28,60	1471,85
582	02.08.2025 20:44:41	7,60	3,24	27,16	28,52	1471,55
583	02.08.2025 20:44:42	7,54	3,25	27,16	28,46	1471,28
584	02.08.2025 20:44:43	7,43	3,26	27,18	28,41	1470,90
585	02.08.2025 20:44:44	7,37	3,30	27,20	28,38	1470,67
586	02.08.2025 20:44:45	7,26	3,34	27,28	28,38	1470,38
587	02.08.2025 20:44:46	7,20	3,36	27,33	28,38	1470,17
588	02.08.2025 20:44:47	7,16	3,37	27,33	28,35	1470,04
589	02.08.2025 20:44:48	7,09	3,39	27,38	28,35	1469,84
590	02.08.2025 20:44:49	7,06	3,42	27,41	28,35	1469,74
591	02.08.2025 20:44:50	6,99	3,44	27,46	28,34	1469,54
592	02.08.2025 20:44:51	6,96	3,47	27,46	28,32	1469,40
593	02.08.2025 20:44:52	6,92	3,48	27,48	28,32	1469,30
594	02.08.2025 20:44:53	6,89	3,52	27,51	28,31	1469,20
595	02.08.2025 20:44:54	6,82	3,55	27,56	28,31	1469,00
596	02.08.2025 20:44:55	6,78	3,55	27,56	28,29	1468,86
597	02.08.2025 20:44:56	6,75	3,58	27,56	28,26	1468,73
598	02.08.2025 20:44:57	6,68	3,60	27,56	28,20	1468,45
599	02.08.2025 20:44:58	6,61	3,61	27,61	28,20	1468,24
600	02.08.2025 20:44:59	6,58	3,64	27,64	28,20	1468,15
601	02.08.2025 20:45:00	6,54	3,68	27,63	28,17	1468,01
602	02.08.2025 20:45:01	6,51	3,69	27,60	28,12	1467,84
603	02.08.2025 20:45:02	6,44	3,72	27,63	28,09	1467,59
604	02.08.2025 20:45:03	6,37	3,74	27,62	28,03	1467,31
605	02.08.2025 20:45:04	6,30	3,77	27,65	28,00	1467,07
606	02.08.2025 20:45:05	6,23	3,78	27,68	27,98	1466,82
607	02.08.2025 20:45:06	6,16	3,82	27,73	27,97	1466,62
608	02.08.2025 20:45:07	6,12	3,85	27,73	27,95	1466,48
609	02.08.2025 20:45:08	6,05	3,88	27,78	27,94	1466,27
610	02.08.2025 20:45:09	6,02	3,90	27,78	27,92	1466,13
611	02.08.2025 20:45:10	5,98	3,91	27,78	27,89	1465,99
612	02.08.2025 20:45:11	5,95	3,94	27,75	27,84	1465,81
613	02.08.2025 20:45:12	5,88	3,98	27,80	27,83	1465,60
614	02.08.2025 20:45:13	5,84	4,01	27,83	27,83	1465,50
615	02.08.2025 20:45:14	5,81	4,04	27,86	27,83	1465,40
616	02.08.2025 20:45:15	5,74	4,07	27,92	27,83	1465,19
617	02.08.2025 20:45:16	5,70	4,09	27,91	27,80	1465,05
618	02.08.2025 20:45:17	5,67	4,09	27,82	27,69	1464,79
619	02.08.2025 20:45:18	5,60	4,12	27,82	27,64	1464,50
620	02.08.2025 20:45:19	5,53	4,17	27,85	27,61	1464,25
621	02.08.2025 20:45:20	5,46	4,18	27,84	27,55	1463,96
622	02.08.2025 20:45:21	5,39	4,21	27,87	27,53	1463,71
623	02.08.2025 20:45:22	5,31	4,25	27,93	27,52	1463,49
624	02.08.2025 20:45:23	5,28	4,30	27,93	27,50	1463,35
625	02.08.2025 20:45:24	5,21	4,31	28,01	27,52	1463,17
626	02.08.2025 20:45:25	5,17	4,34	28,04	27,52	1463,07
627	02.08.2025 20:45:26	5,14	4,36	28,07	27,52	1462,96
628	02.08.2025 20:45:27	5,10	4,39	28,10	27,52	1462,86
629	02.08.2025 20:45:28	5,07	4,39	28,07	27,46	1462,67
630	02.08.2025 20:45:29	5,03	4,41	28,10	27,46	1462,56
631	02.08.2025 20:45:30	4,99	4,42	28,19	27,52	1462,53
632	02.08.2025 20:45:31	4,96	4,46	28,22	27,52	1462,43
633	02.08.2025 20:45:32	4,96	4,49	28,25	27,54	1462,47
634	02.08.2025 20:45:33	4,92	4,51	28,40	27,65	1462,52
635	02.08.2025 20:45:34	4,92	4,52	28,46	27,70	1462,60
636	02.08.2025 20:45:35	4,92	4,52	28,28	27,54	1462,36
637	02.08.2025 20:45:36	4,89	4,54	28,30	27,54	1462,26
638	02.08.2025 20:45:37	4,82	4,57	28,43	27,59	1462,12
639	02.08.2025 20:45:38	4,78	4,60	28,42	27,57	1461,97
640	02.08.2025 20:45:39	4,74	4,60	28,33	27,46	1461,70
641	02.08.2025 20:45:40	4,71	4,64	28,33	27,43	1461,56
642	02.08.2025 20:45:41	4,64	4,67	28,39	27,43	1461,34
643	02.08.2025 20:45:42	4,60	4,67	28,42	27,43	1461,23
644	02.08.2025 20:45:43	4,56	4,72	28,48	27,45	1461,16
645	02.08.2025 20:45:44	4,53	4,75	28,51	27,45	1461,05
646	02.08.2025 20:45:45	4,49	4,77	28,54	27,45	1460,94
647	02.08.2025 20:45:46	4,45	4,78	28,57	27,45	1460,83
648	02.08.2025 20:45:47	4,45	4,82	28,63	27,50	1460,92
649	02.08.2025 20:45:48	4,42	4,83	28,66	27,50	1460,81
650	02.08.2025 20:45:49	4,42	4,87	28,66	27,50	1460,81
651	02.08.2025 20:45:50	4,38	4,87	28,69	27,50	1460,70
652	02.08.2025 20:45:51	4,38	4,88	28,69	27,50	1460,70
653	02.08.2025 20:45:52	4,35	4,92	28,75	27,53	1460,64
654	02.08.2025 20:45:53	4,35	4,93	28,69	27,47	1460,56
655	02.08.2025 20:45:54	4,31	4,91	28,57	27,34	1460,24
656	02.08.2025 20:45:55	4,24	4,96	28,54	27,26	1459,90
657	02.08.2025 20:45:56	4,13	4,99	28,60	27,23	1459,53
658	02.08.2025 20:45:57	4,06	5,02	28,66	27,23	1459,30
659	02.08.2025 20:45:58	4,02	5,04	28,66	27,20	1459,15
660	02.08.2025 20:45:59	3,95	5,07	28,69	27,17	1458,89
661	02.08.2025 20:46:00	3,91	5,09	28,66	27,12	1458,69
662	02.08.2025 20:46:01	3,84	5,08	28,72	27,11	1458,46
663	02.08.2025 20:46:02	3,80	5,12	28,72	27,09	1458,31
664	02.08.2025 20:46:03	3,76	5,13	28,75	27,09	1458,19
665	02.08.2025 20:46:04	3,73	5,15	28,78	27,08	1458,08
666	02.08.2025 20:46:05	3,73	5,16	28,78	27,08	1458,08
667	02.08.2025 20:46:06	3,69	5,16	28,81	27,08	1457,97
668	02.08.2025 20:46:07	3,65	5,18	28,81	27,06	1457,81
669	02.08.2025 20:46:08	3,65	5,18	28,81	27,06	1457,81
670	02.08.2025 20:46:09	3,62	5,19	28,84	27,06	1457,70
671	02.08.2025 20:46:10	3,58	5,19	28,88	27,05	1457,58
672	02.08.2025 20:46:11	3,58	5,21	28,88	27,05	1457,58
673	02.08.2025 20:46:12	3,54	5,21	28,91	27,05	1457,47
674	02.08.2025 20:46:13	3,50	5,21	28,94	27,05	1457,35
675	02.08.2025 20:46:14	3,50	5,22	28,94	27,05	1457,35
676	02.08.2025 20:46:15	3,47	5,22	28,97	27,05	1457,24
677	02.08.2025 20:46:16	3,47	5,22	28,97	27,05	1457,24
678	02.08.2025 20:46:17	3,47	5,22	28,97	27,05	1457,24
679	02.08.2025 20:46:18	3,43	5,22	28,97	27,02	1457,08
680	02.08.2025 20:46:19	3,43	5,22	29,00	27,05	1457,12
681	02.08.2025 20:46:20	3,39	5,20	29,04	27,05	1457,00
682	02.08.2025 20:46:21	3,39	5,22	29,04	27,05	1457,00
683	02.08.2025 20:46:22	3,36	5,22	29,04	27,02	1456,84
684	02.08.2025 20:46:23	3,36	5,23	29,07	27,05	1456,89
685	02.08.2025 20:46:24	3,36	5,22	29,07	27,05	1456,88
686	02.08.2025 20:46:25	3,32	5,21	29,10	27,05	1456,77
687	02.08.2025 20:46:26	3,32	5,23	29,07	27,02	1456,73
688	02.08.2025 20:46:27	3,32	5,23	29,10	27,05	1456,77
689	02.08.2025 20:46:28	3,28	5,23	29,13	27,05	1456,65
690	02.08.2025 20:46:29	3,28	5,25	29,10	27,02	1456,61
691	02.08.2025 20:46:30	3,28	5,23	29,13	27,05	1456,65
692	02.08.2025 20:46:31	3,25	5,23	29,17	27,05	1456,53
693	02.08.2025 20:46:32	3,25	5,23	29,16	27,05	1456,53
694	02.08.2025 20:46:33	3,25	5,23	29,13	27,02	1456,49
695	02.08.2025 20:46:34	3,21	5,22	29,20	27,05	1456,41
696	02.08.2025 20:46:35	3,21	5,22	29,20	27,05	1456,41
697	02.08.2025 20:46:36	3,21	5,22	29,20	27,05	1456,41
698	02.08.2025 20:46:37	3,21	5,24	29,20	27,05	1456,42
699	02.08.2025 20:46:38	3,21	5,24	29,20	27,05	1456,42
700	02.08.2025 20:46:39	3,17	5,26	29,23	27,04	1456,30
701	02.08.2025 20:46:40	3,17	5,24	29,23	27,04	1456,30
702	02.08.2025 20:46:41	3,17	5,24	29,23	27,04	1456,30
703	02.08.2025 20:46:42	3,17	5,24	29,23	27,04	1456,30
704	02.08.2025 20:46:43	3,17	5,24	29,20	27,02	1456,26
705	02.08.2025 20:46:44	3,13	5,26	29,26	27,04	1456,18
706	02.08.2025 20:46:45	3,13	5,24	29,26	27,04	1456,18
707	02.08.2025 20:46:46	3,13	5,24	29,26	27,04	1456,18
708	02.08.2025 20:46:47	3,13	5,24	29,26	27,04	1456,18
709	02.08.2025 20:46:48	3,13	5,24	29,26	27,04	1456,18
710	02.08.2025 20:46:49	3,13	5,24	29,26	27,04	1456,18
711	02.08.2025 20:46:50	3,10	5,24	29,30	27,04	1456,06
712	02.08.2025 20:46:51	3,10	5,24	29,30	27,04	1456,06
713	02.08.2025 20:46:52	3,10	5,24	29,30	27,04	1456,06
714	02.08.2025 20:46:53	3,10	5,22	29,30	27,04	1456,06
715	02.08.2025 20:46:54	3,10	5,24	29,26	27,02	1456,02
716	02.08.2025 20:46:55	3,10	5,24	29,30	27,04	1456,06
717	02.08.2025 20:46:56	3,06	5,23	29,33	27,04	1455,94
718	02.08.2025 20:46:57	3,06	5,23	29,33	27,04	1455,94
719	02.08.2025 20:46:58	3,06	5,23	29,33	27,04	1455,94
720	02.08.2025 20:46:59	3,06	5,23	29,33	27,04	1455,94
721	02.08.2025 20:47:00	3,06	5,23	29,33	27,04	1455,94
722	02.08.2025 20:47:01	3,06	5,23	29,36	27,07	1455,98
723	02.08.2025 20:47:02	3,06	5,23	29,36	27,07	1455,98
724	02.08.2025 20:47:03	3,06	5,23	29,33	27,04	1455,94
725	02.08.2025 20:47:04	3,06	5,23	29,33	27,04	1455,94
726	02.08.2025 20:47:05	3,02	5,23	29,36	27,04	1455,82
727	02.08.2025 20:47:06	3,02	5,25	29,36	27,04	1455,83
728	02.08.2025 20:47:07	3,02	5,25	29,36	27,04	1455,83
729	02.08.2025 20:47:08	3,02	5,23	29,36	27,04	1455,82
730	02.08.2025 20:47:09	3,02	5,23	29,36	27,04	1455,82
731	02.08.2025 20:47:10	3,02	5,23	29,36	27,04	1455,82
732	02.08.2025 20:47:11	3,02	5,23	29,36	27,04	1455,82
733	02.08.2025 20:47:12	3,02	5,23	29,36	27,04	1455,82
734	02.08.2025 20:47:13	3,02	5,25	29,36	27,04	1455,83
735	02.08.2025 20:47:14	2,98	5,25	29,39	27,04	1455,71
736	02.08.2025 20:47:15	2,98	5,25	29,39	27,04	1455,71
737	02.08.2025 20:47:16	2,98	5,25	29,39	27,04	1455,71
738	02.08.2025 20:47:17	2,98	5,25	29,39	27,04	1455,71
739	02.08.2025 20:47:18	2,98	5,25	29,39	27,04	1455,71
740	02.08.2025 20:47:19	2,98	5,25	29,39	27,04	1455,71
741	02.08.2025 20:47:20	2,98	5,27	29,39	27,04	1455,71
742	02.08.2025 20:47:21	2,98	5,25	29,43	27,07	1455,75
743	02.08.2025 20:47:22	2,98	5,25	29,43	27,07	1455,75
744	02.08.2025 20:47:23	2,98	5,25	29,39	27,04	1455,71
745	02.08.2025 20:47:24	2,98	5,27	29,43	27,07	1455,75
746	02.08.2025 20:47:25	2,98	5,25	29,39	27,04	1455,71
747	02.08.2025 20:47:26	2,98	5,27	29,39	27,04	1455,71
748	02.08.2025 20:47:27	2,98	5,27	29,39	27,04	1455,71
749	02.08.2025 20:47:28	2,95	5,26	29,43	27,04	1455,59
750	02.08.2025 20:47:29	2,95	5,26	29,43	27,04	1455,59
751	02.08.2025 20:47:30	2,95	5,26	29,43	27,04	1455,59
752	02.08.2025 20:47:31	2,95	5,26	29,43	27,04	1455,59
753	02.08.2025 20:47:32	2,95	5,25	29,43	27,04	1455,59
754	02.08.2025 20:47:33	2,95	5,25	29,43	27,04	1455,59
755	02.08.2025 20:47:34	2,95	5,26	29,43	27,04	1455,59
756	02.08.2025 20:47:35	2,95	5,26	29,43	27,04	1455,59
757	02.08.2025 20:47:36	2,95	5,26	29,43	27,04	1455,59
758	02.08.2025 20:47:37	2,95	5,25	29,43	27,04	1455,59
759	02.08.2025 20:47:38	2,95	5,25	29,43	27,04	1455,59
760	02.08.2025 20:47:39	2,95	5,25	29,43	27,04	1455,59
761	02.08.2025 20:47:40	2,95	5,25	29,43	27,04	1455,59
762	02.08.2025 20:47:41	2,95	5,25	29,43	27,04	1455,59
763	02.08.2025 20:47:42	2,95	5,25	29,43	27,04	1455,59
764	02.08.2025 20:47:43	2,95	5,25	29,43	27,04	1455,59
765	02.08.2025 20:47:44	2,95	5,25	29,43	27,04	1455,59
766	02.08.2025 20:47:45	2,95	5,23	29,46	27,07	1455,63
767	02.08.2025 20:47:46	2,95	5,25	29,43	27,04	1455,59
768	02.08.2025 20:47:47	2,95	5,25	29,43	27,04	1455,59
769	02.08.2025 20:47:48	2,95	5,23	29,43	27,04	1455,59
770	02.08.2025 20:47:49	2,91	5,23	29,46	27,04	1455,47
771	02.08.2025 20:47:50	2,91	5,23	29,46	27,04	1455,47
772	02.08.2025 20:47:51	2,91	5,23	29,46	27,04	1455,47
773	02.08.2025 20:47:52	2,91	5,24	29,46	27,04	1455,47
774	02.08.2025 20:47:53	2,91	5,24	29,46	27,04	1455,47
775	02.08.2025 20:47:54	2,91	5,24	29,46	27,04	1455,47
776	02.08.2025 20:47:55	2,91	5,24	29,46	27,04	1455,47
777	02.08.2025 20:47:56	2,91	5,24	29,46	27,04	1455,47
778	02.08.2025 20:47:57	2,91	5,24	29,46	27,04	1455,47
779	02.08.2025 20:47:58	2,91	5,26	29,46	27,04	1455,47
780	02.08.2025 20:47:59	2,91	5,24	29,46	27,04	1455,47
781	02.08.2025 20:48:00	2,91	5,24	29,46	27,04	1455,47
782	02.08.2025 20:48:01	2,91	5,26	29,46	27,04	1455,47
783	02.08.2025 20:48:02	2,91	5,26	29,46	27,04	1455,47
784	02.08.2025 20:48:03	2,91	5,24	29,46	27,04	1455,47
785	02.08.2025 20:48:04	2,91	5,24	29,46	27,04	1455,47
786	02.08.2025 20:48:05	2,91	5,24	29,46	27,04	1455,47
787	02.08.2025 20:48:06	2,91	5,21	29,46	27,04	1455,46
788	02.08.2025 20:48:07	2,91	5,19	29,49	27,07	1455,50
789	02.08.2025 20:48:08	2,91	5,16	29,49	27,07	1455,50
790	02.08.2025 20:48:09	2,91	5,10	29,53	27,09	1455,53
791	02.08.2025 20:48:10	2,91	5,07	29,56	27,12	1455,57
792	02.08.2025 20:48:11	2,95	5,04	29,56	27,15	1455,72
793	02.08.2025 20:48:12	2,95	5,00	29,59	27,17	1455,76
794	02.08.2025 20:48:13	2,98	4,97	29,56	27,17	1455,87
795	02.08.2025 20:48:14	2,98	4,95	29,59	27,20	1455,91
796	02.08.2025 20:48:15	3,02	4,92	29,55	27,20	1456,03
797	02.08.2025 20:48:16	3,02	4,90	29,65	27,28	1456,15
798	02.08.2025 20:48:17	3,06	4,88	29,71	27,36	1456,39
799	02.08.2025 20:48:18	3,10	4,89	29,78	27,45	1456,63
800	02.08.2025 20:48:19	3,13	4,85	29,81	27,50	1456,83
801	02.08.2025 20:48:20	3,17	4,84	29,81	27,53	1456,99
802	02.08.2025 20:48:21	3,21	4,82	29,77	27,53	1457,10
803	02.08.2025 20:48:22	3,25	4,81	29,74	27,53	1457,22
804	02.08.2025 20:48:23	3,28	4,77	29,71	27,53	1457,33
805	02.08.2025 20:48:24	3,32	4,76	29,67	27,53	1457,44
806	02.08.2025 20:48:25	3,36	4,76	29,64	27,53	1457,56
807	02.08.2025 20:48:26	3,36	4,74	29,61	27,50	1457,51
808	02.08.2025 20:48:27	3,39	4,73	29,58	27,51	1457,63
809	02.08.2025 20:48:28	3,39	4,74	29,58	27,51	1457,63
810	02.08.2025 20:48:29	3,39	4,71	29,58	27,51	1457,63
811	02.08.2025 20:48:30	3,39	4,71	29,55	27,48	1457,58
812	02.08.2025 20:48:31	3,43	4,71	29,51	27,48	1457,70
813	02.08.2025 20:48:32	3,43	4,71	29,51	27,48	1457,70
814	02.08.2025 20:48:33	3,43	4,71	29,51	27,48	1457,70
815	02.08.2025 20:48:34	3,43	4,71	29,48	27,45	1457,66
816	02.08.2025 20:48:35	3,43	4,73	29,48	27,45	1457,66
817	02.08.2025 20:48:36	3,43	4,71	29,48	27,45	1457,66
818	02.08.2025 20:48:37	3,43	4,71	29,48	27,45	1457,66
819	02.08.2025 20:48:38	3,43	4,71	29,48	27,45	1457,66
820	02.08.2025 20:48:39	3,43	4,71	29,45	27,43	1457,62
821	02.08.2025 20:48:40	3,43	4,71	29,48	27,45	1457,66
822	02.08.2025 20:48:41	3,43	4,71	29,45	27,43	1457,62
823	02.08.2025 20:48:42	3,43	4,71	29,48	27,45	1457,66
824	02.08.2025 20:48:43	3,43	4,71	29,48	27,45	1457,66
825	02.08.2025 20:48:44	3,43	4,69	29,48	27,45	1457,66
826	02.08.2025 20:48:45	3,47	4,70	29,45	27,45	1457,77
827	02.08.2025 20:48:46	3,47	4,70	29,45	27,45	1457,77
828	02.08.2025 20:48:47	3,47	4,70	29,48	27,48	1457,81
829	02.08.2025 20:48:48	3,47	4,70	29,45	27,45	1457,77
830	02.08.2025 20:48:49	3,47	4,70	29,45	27,45	1457,77
831	02.08.2025 20:48:50	3,47	4,68	29,45	27,45	1457,77
832	02.08.2025 20:48:51	3,47	4,70	29,48	27,48	1457,81
833	02.08.2025 20:48:52	3,47	4,70	29,45	27,45	1457,77
834	02.08.2025 20:48:53	3,47	4,70	29,45	27,45	1457,77
835	02.08.2025 20:48:54	3,47	4,70	29,45	27,45	1457,77
836	02.08.2025 20:48:55	3,47	4,70	29,45	27,45	1457,77
837	02.08.2025 20:48:56	3,47	4,70	29,42	27,43	1457,73
838	02.08.2025 20:48:57	3,47	4,70	29,45	27,45	1457,77
839	02.08.2025 20:48:58	3,47	4,70	29,42	27,43	1457,73
840	02.08.2025 20:48:59	3,47	4,68	29,42	27,43	1457,73
841	02.08.2025 20:49:00	3,47	4,70	29,42	27,43	1457,73
842	02.08.2025 20:49:01	3,47	4,70	29,42	27,43	1457,73
843	02.08.2025 20:49:02	3,47	4,68	29,42	27,43	1457,73
844	02.08.2025 20:49:03	3,47	4,70	29,39	27,40	1457,69
845	02.08.2025 20:49:04	3,47	4,70	29,42	27,43	1457,73
846	02.08.2025 20:49:05	3,47	4,70	29,45	27,45	1457,77
847	02.08.2025 20:49:06	3,47	4,68	29,42	27,43	1457,73
848	02.08.2025 20:49:07	3,47	4,70	29,42	27,43	1457,73
849	02.08.2025 20:49:08	3,47	4,70	29,45	27,45	1457,77
850	02.08.2025 20:49:09	3,47	4,70	29,42	27,43	1457,73
851	02.08.2025 20:49:10	3,47	4,70	29,45	27,45	1457,77
852	02.08.2025 20:49:11	3,50	4,70	29,45	27,48	1457,93
853	02.08.2025 20:49:12	3,50	4,71	29,42	27,45	1457,89
854	02.08.2025 20:49:13	3,50	4,70	29,42	27,45	1457,89
855	02.08.2025 20:49:14	3,50	4,71	29,45	27,48	1457,93
856	02.08.2025 20:49:15	3,50	4,71	29,45	27,48	1457,93
857	02.08.2025 20:49:16	3,50	4,70	29,48	27,51	1457,97
858	02.08.2025 20:49:17	3,50	4,71	29,54	27,56	1458,06
859	02.08.2025 20:49:18	3,54	4,68	29,48	27,54	1458,13
860	02.08.2025 20:49:19	3,54	4,68	29,48	27,54	1458,13
861	02.08.2025 20:49:20	3,58	4,67	29,38	27,48	1458,16
862	02.08.2025 20:49:21	3,58	4,65	29,38	27,48	1458,15
863	02.08.2025 20:49:22	3,58	4,65	29,38	27,48	1458,15
864	02.08.2025 20:49:23	3,58	4,67	29,38	27,48	1458,16
865	02.08.2025 20:49:24	3,58	4,70	29,48	27,56	1458,29
866	02.08.2025 20:49:25	3,62	4,76	29,32	27,46	1458,25
867	02.08.2025 20:49:26	3,62	4,77	29,04	27,22	1457,88
868	02.08.2025 20:49:27	3,50	4,84	29,16	27,24	1457,58
869	02.08.2025 20:49:28	3,43	4,89	29,20	27,21	1457,31
870	02.08.2025 20:49:29	3,39	4,94	29,20	27,18	1457,16
871	02.08.2025 20:49:30	3,32	4,99	29,23	27,16	1456,90
872	02.08.2025 20:49:31	3,28	5,00	29,77	27,58	1457,45
873	02.08.2025 20:49:32	3,25	5,02	29,77	27,56	1457,29
874	02.08.2025 20:49:33	3,21	5,05	29,77	27,53	1457,14
875	02.08.2025 20:49:34	3,21	5,05	29,77	27,53	1457,14
876	02.08.2025 20:49:35	3,17	5,07	29,84	27,55	1457,07
877	02.08.2025 20:49:36	3,17	5,10	29,81	27,53	1457,03
878	02.08.2025 20:49:37	3,17	5,10	29,81	27,53	1457,03
879	02.08.2025 20:49:38	3,13	5,10	29,84	27,53	1456,91
880	02.08.2025 20:49:39	3,13	5,12	29,81	27,50	1456,87
881	02.08.2025 20:49:40	3,13	5,15	29,81	27,50	1456,88
882	02.08.2025 20:49:41	3,10	5,18	29,84	27,50	1456,77
883	02.08.2025 20:49:42	3,10	5,20	29,87	27,53	1456,81
884	02.08.2025 20:49:43	3,10	5,20	29,84	27,50	1456,77
885	02.08.2025 20:49:44	3,10	5,22	29,81	27,47	1456,73
886	02.08.2025 20:49:45	3,06	5,22	29,84	27,47	1456,61
887	02.08.2025 20:49:46	3,06	5,22	29,87	27,50	1456,65
888	02.08.2025 20:49:47	3,06	5,22	29,84	27,47	1456,61
889	02.08.2025 20:49:48	3,06	5,22	29,87	27,50	1456,65
890	02.08.2025 20:49:49	3,06	5,20	30,10	27,69	1456,94
891	02.08.2025 20:49:50	3,06	5,20	30,10	27,69	1456,94
892	02.08.2025 20:49:51	3,02	5,20	30,13	27,69	1456,83
893	02.08.2025 20:49:52	3,02	5,18	30,16	27,71	1456,87
894	02.08.2025 20:49:53	3,02	5,20	30,13	27,68	1456,83
895	02.08.2025 20:49:54	3,02	5,18	30,16	27,71	1456,87
896	02.08.2025 20:49:55	3,02	5,14	30,16	27,71	1456,86
897	02.08.2025 20:49:56	3,02	5,16	30,16	27,71	1456,86
898	02.08.2025 20:49:57	3,02	5,13	30,16	27,71	1456,86
899	02.08.2025 20:49:58	3,02	5,13	30,16	27,71	1456,86
900	02.08.2025 20:49:59	3,02	5,13	30,16	27,71	1456,86
901	02.08.2025 20:50:00	3,02	5,11	30,20	27,74	1456,90
902	02.08.2025 20:50:01	3,02	5,11	30,23	27,77	1456,94
903	02.08.2025 20:50:02	3,02	5,07	30,23	27,77	1456,93
904	02.08.2025 20:50:03	3,02	5,06	30,26	27,79	1456,97
905	02.08.2025 20:50:04	3,06	5,06	30,23	27,79	1457,09
906	02.08.2025 20:50:05	3,06	5,04	30,23	27,79	1457,09
907	02.08.2025 20:50:06	3,10	5,04	30,19	27,79	1457,20
908	02.08.2025 20:50:07	3,10	5,03	30,19	27,79	1457,20
909	02.08.2025 20:50:08	3,10	5,03	30,19	27,79	1457,20
910	02.08.2025 20:50:09	3,13	5,01	30,19	27,82	1457,36
911	02.08.2025 20:50:10	3,13	4,99	30,22	27,85	1457,40
912	02.08.2025 20:50:11	3,13	4,98	30,19	27,82	1457,35
913	02.08.2025 20:50:12	3,10	4,94	30,26	27,85	1457,27
914	02.08.2025 20:50:13	3,13	4,94	30,19	27,82	1457,35
915	02.08.2025 20:50:14	3,13	4,91	30,22	27,85	1457,38
916	02.08.2025 20:50:15	3,13	4,89	30,29	27,90	1457,46
917	02.08.2025 20:50:16	3,13	4,87	30,64	28,20	1457,92
918	02.08.2025 20:50:17	3,21	4,86	30,54	28,17	1458,11
919	02.08.2025 20:50:18	3,28	4,81	30,47	28,17	1458,33
920	02.08.2025 20:50:19	3,36	4,78	30,40	28,17	1458,56
921	02.08.2025 20:50:20	3,39	4,74	30,37	28,18	1458,67
922	02.08.2025 20:50:21	3,43	4,71	30,31	28,15	1458,74
923	02.08.2025 20:50:22	3,47	4,70	30,27	28,15	1458,85
924	02.08.2025 20:50:23	3,47	4,66	30,27	28,15	1458,84
925	02.08.2025 20:50:24	3,50	4,63	30,24	28,15	1458,95
926	02.08.2025 20:50:25	3,50	4,61	30,18	28,10	1458,87
927	02.08.2025 20:50:26	3,50	4,57	30,11	28,04	1458,78
928	02.08.2025 20:50:27	3,50	4,56	30,18	28,10	1458,86
929	02.08.2025 20:50:28	3,54	4,52	30,18	28,13	1459,01
930	02.08.2025 20:50:29	3,54	4,51	30,27	28,21	1459,13
931	02.08.2025 20:50:30	3,58	4,47	30,27	28,23	1459,28
932	02.08.2025 20:50:31	3,62	4,44	30,24	28,23	1459,39
933	02.08.2025 20:50:32	3,65	4,41	30,17	28,21	1459,46
934	02.08.2025 20:50:33	3,65	4,39	30,24	28,26	1459,54
935	02.08.2025 20:50:34	3,69	4,39	30,33	28,37	1459,82
936	02.08.2025 20:50:35	3,73	4,34	30,23	28,32	1459,84
937	02.08.2025 20:50:36	3,76	4,31	30,11	28,24	1459,82
938	02.08.2025 20:50:37	3,76	4,27	30,07	28,21	1459,78
939	02.08.2025 20:50:38	3,80	4,26	29,98	28,16	1459,81
940	02.08.2025 20:50:39	3,80	4,22	29,98	28,16	1459,80
941	02.08.2025 20:50:40	3,80	4,19	29,98	28,16	1459,80
942	02.08.2025 20:50:41	3,80	4,17	30,01	28,19	1459,83
943	02.08.2025 20:50:42	3,80	4,13	30,01	28,19	1459,83
944	02.08.2025 20:50:43	3,84	4,12	29,98	28,19	1459,94
945	02.08.2025 20:50:44	3,84	4,08	30,01	28,21	1459,97
946	02.08.2025 20:50:45	3,87	4,05	29,98	28,21	1460,08
947	02.08.2025 20:50:46	3,87	4,03	30,01	28,24	1460,12
948	02.08.2025 20:50:47	3,87	4,00	30,07	28,29	1460,20
949	02.08.2025 20:50:48	3,91	3,96	30,07	28,32	1460,35
950	02.08.2025 20:50:49	3,95	3,93	30,13	28,40	1460,57
951	02.08.2025 20:50:50	4,02	3,94	30,16	28,49	1460,92
952	02.08.2025 20:50:51	4,09	3,89	30,09	28,49	1461,14
953	02.08.2025 20:50:52	4,13	3,85	30,06	28,49	1461,24
954	02.08.2025 20:50:53	4,16	3,82	30,12	28,57	1461,47
955	02.08.2025 20:50:54	4,24	3,81	30,09	28,60	1461,73
956	02.08.2025 20:50:55	4,27	3,76	30,06	28,60	1461,84
957	02.08.2025 20:50:56	4,31	3,70	30,06	28,63	1461,98
958	02.08.2025 20:50:57	4,35	3,67	30,03	28,63	1462,08
959	02.08.2025 20:50:58	4,38	3,66	30,09	28,71	1462,31
960	02.08.2025 20:50:59	4,42	3,59	30,12	28,76	1462,49
961	02.08.2025 20:51:00	4,45	3,55	30,12	28,79	1462,64
962	02.08.2025 20:51:01	4,53	3,49	30,08	28,82	1462,89
963	02.08.2025 20:51:02	4,60	3,44	30,11	28,90	1463,22
964	02.08.2025 20:51:03	4,64	3,37	30,14	28,95	1463,39
965	02.08.2025 20:51:04	4,71	3,30	30,14	29,01	1463,68
966	02.08.2025 20:51:05	4,78	3,26	30,11	29,04	1463,93
967	02.08.2025 20:51:06	4,85	3,19	30,08	29,07	1464,18
968	02.08.2025 20:51:07	4,92	3,12	30,11	29,15	1464,50
969	02.08.2025 20:51:08	4,96	3,07	30,08	29,15	1464,60
970	02.08.2025 20:51:09	5,03	3,00	30,07	29,21	1464,88
971	02.08.2025 20:51:10	5,10	2,96	30,19	29,37	1465,32
972	02.08.2025 20:51:11	5,17	2,89	30,22	29,45	1465,64
973	02.08.2025 20:51:12	5,31	2,81	30,25	29,59	1466,25
974	02.08.2025 20:51:13	5,42	2,74	30,28	29,70	1466,71
975	02.08.2025 20:51:14	5,53	2,68	30,28	29,78	1467,13
976	02.08.2025 20:51:15	5,67	2,65	30,27	29,89	1467,69
977	02.08.2025 20:51:16	5,84	2,57	30,33	30,08	1468,47
978	02.08.2025 20:51:17	5,98	2,51	30,36	30,22	1469,06
979	02.08.2025 20:51:18	6,12	2,45	30,30	30,28	1469,53
980	02.08.2025 20:51:19	6,26	2,36	30,29	30,39	1470,07
981	02.08.2025 20:51:20	6,40	2,34	30,29	30,50	1470,62
982	02.08.2025 20:51:21	6,54	2,27	30,29	30,61	1471,16
983	02.08.2025 20:51:22	6,65	2,23	30,35	30,75	1471,64
984	02.08.2025 20:51:23	6,78	2,18	30,34	30,85	1472,18
985	02.08.2025 20:51:24	6,96	2,10	30,26	30,91	1472,73
986	02.08.2025 20:51:25	7,09	2,04	30,23	31,00	1473,22
987	02.08.2025 20:51:26	7,20	1,99	30,26	31,11	1473,65
988	02.08.2025 20:51:27	7,33	1,94	30,20	31,16	1474,11
989	02.08.2025 20:51:28	7,47	1,88	30,46	31,52	1474,95
990	02.08.2025 20:51:29	7,67	1,92	30,76	31,97	1476,14
991	02.08.2025 20:51:30	7,94	1,85	30,71	32,14	1477,10
992	02.08.2025 20:51:31	8,18	1,79	30,67	32,31	1477,95
993	02.08.2025 20:51:32	8,35	1,75	30,62	32,39	1478,51
994	02.08.2025 20:51:33	8,51	1,70	30,64	32,56	1479,17
995	02.08.2025 20:51:34	8,71	1,68	30,64	32,72	1479,92
996	02.08.2025 20:51:35	8,88	1,65	30,62	32,83	1480,50
997	02.08.2025 20:51:36	9,05	1,60	30,51	32,87	1480,98
998	02.08.2025 20:51:37	9,18	1,58	30,42	32,90	1481,37
999	02.08.2025 20:51:38	9,31	1,55	30,37	32,95	1481,79
1000	02.08.2025 20:51:39	9,41	1,50	30,24	32,90	1481,98
1001	02.08.2025 20:51:40	9,51	1,50	30,26	33,01	1482,38
1002	02.08.2025 20:51:41	9,64	1,51	30,32	33,18	1482,93
1003	02.08.2025 20:51:42	9,77	1,48	30,19	33,15	1483,24
1004	02.08.2025 20:51:43	9,87	1,40	29,70	32,76	1482,99
1005	02.08.2025 20:51:44	9,90	1,38	29,60	32,68	1482,98
1006	02.08.2025 20:51:45	9,93	1,40	29,63	32,73	1483,13
1007	02.08.2025 20:51:46	10,00	1,42	29,65	32,81	1483,41
1008	02.08.2025 20:51:47	10,10	1,39	29,55	32,79	1483,63
1009	02.08.2025 20:51:48	10,23	1,40	29,90	33,25	1484,54
1010	02.08.2025 20:51:49	10,39	1,51	30,73	34,21	1486,17
1011	02.08.2025 20:51:50	10,78	1,46	30,76	34,57	1487,59
1012	02.08.2025 20:51:51	11,13	1,41	30,73	34,84	1488,80
1013	02.08.2025 20:51:52	11,45	1,35	30,66	35,04	1489,83
1014	02.08.2025 20:51:53	11,73	1,29	30,53	35,15	1490,67
1015	02.08.2025 20:51:54	11,99	1,25	30,49	35,32	1491,49
1016	02.08.2025 20:51:55	12,21	1,23	30,36	35,38	1492,10
1017	02.08.2025 20:51:56	12,40	1,20	30,29	35,47	1492,66
1018	02.08.2025 20:51:57	12,56	1,19	30,34	35,66	1493,26
1019	02.08.2025 20:51:58	12,74	1,17	30,30	35,77	1493,85
1020	02.08.2025 20:51:59	12,93	1,16	30,35	35,99	1494,55
1021	02.08.2025 20:52:00	13,18	1,15	30,41	36,26	1495,46
1022	02.08.2025 20:52:01	13,43	1,13	30,39	36,46	1496,27
1023	02.08.2025 20:52:02	13,68	1,07	30,27	36,54	1496,95
1024	02.08.2025 20:52:03	13,90	1,03	30,18	36,63	1497,54
1025	02.08.2025 20:52:04	14,08	0,98	30,14	36,74	1498,10
1026	02.08.2025 20:52:05	14,27	0,99	30,22	36,99	1498,80
1027	02.08.2025 20:52:06	14,45	0,95	30,15	37,07	1499,32
1028	02.08.2025 20:52:07	14,63	0,96	30,08	37,16	1499,84
1029	02.08.2025 20:52:08	14,82	0,93	29,99	37,22	1500,32
1030	02.08.2025 20:52:09	14,97	0,90	29,90	37,24	1500,70
1031	02.08.2025 20:52:10	15,09	0,87	29,86	37,30	1501,04
1032	02.08.2025 20:52:11	15,22	0,86	29,80	37,33	1501,35
1033	02.08.2025 20:52:12	15,34	0,87	29,75	37,39	1501,69
1034	02.08.2025 20:52:13	15,46	0,82	29,66	37,39	1501,96
1035	02.08.2025 20:52:14	15,58	0,83	29,58	37,39	1502,25
1036	02.08.2025 20:52:15	15,70	0,78	29,51	37,42	1502,55
1037	02.08.2025 20:52:16	15,82	0,77	29,45	37,45	1502,85
1038	02.08.2025 20:52:17	15,91	0,76	29,40	37,48	1503,08
1039	02.08.2025 20:52:18	16,04	0,73	29,34	37,51	1503,39
1040	02.08.2025 20:52:19	16,13	0,71	29,28	37,51	1503,59
1041	02.08.2025 20:52:20	16,25	0,72	29,21	37,54	1503,89
1042	02.08.2025 20:52:21	16,31	0,70	29,17	37,55	1504,03
1043	02.08.2025 20:52:22	16,34	0,71	29,15	37,55	1504,10
1044	02.08.2025 20:52:23	16,43	0,71	29,06	37,52	1504,28
1045	02.08.2025 20:52:24	16,52	0,70	29,02	37,55	1504,51
1046	02.08.2025 20:52:25	16,58	0,70	29,00	37,58	1504,67
1047	02.08.2025 20:52:26	16,67	0,70	28,94	37,58	1504,88
1048	02.08.2025 20:52:27	16,73	0,69	28,90	37,58	1505,01
1049	02.08.2025 20:52:28	16,79	0,68	28,88	37,61	1505,17
1050	02.08.2025 20:52:29	16,85	0,66	28,84	37,61	1505,31
1051	02.08.2025 20:52:30	16,94	0,65	28,77	37,61	1505,51
1052	02.08.2025 20:52:31	17,00	0,61	28,73	37,62	1505,64
1053	02.08.2025 20:52:32	17,06	0,62	28,69	37,62	1505,77
1054	02.08.2025 20:52:33	17,09	0,60	28,65	37,59	1505,81
1055	02.08.2025 20:52:34	17,15	0,59	28,61	37,59	1505,94
1056	02.08.2025 20:52:35	17,15	0,59	28,61	37,59	1505,94
1057	02.08.2025 20:52:36	17,21	0,57	28,54	37,57	1506,05
1058	02.08.2025 20:52:37	17,24	0,57	28,52	37,57	1506,12
1059	02.08.2025 20:52:38	17,30	0,56	28,46	37,54	1506,22
1060	02.08.2025 20:52:39	17,33	0,54	28,44	37,54	1506,29
1061	02.08.2025 20:52:40	17,39	0,51	28,40	37,55	1506,42
1062	02.08.2025 20:52:41	17,45	0,51	28,36	37,55	1506,55
1063	02.08.2025 20:52:42	17,48	0,50	28,31	37,52	1506,59
1064	02.08.2025 20:52:43	17,54	0,48	28,25	37,49	1506,69
1065	02.08.2025 20:52:44	17,57	0,46	28,25	37,52	1506,78
1066	02.08.2025 20:52:45	17,63	0,46	28,19	37,50	1506,89
1067	02.08.2025 20:52:46	17,66	0,46	28,17	37,50	1506,96
1068	02.08.2025 20:52:47	17,69	0,44	28,15	37,50	1507,02
1069	02.08.2025 20:52:48	17,72	0,43	28,11	37,47	1507,06
1070	02.08.2025 20:52:49	17,75	0,44	28,09	37,47	1507,13
1071	02.08.2025 20:52:50	17,75	0,43	28,07	37,45	1507,10
1072	02.08.2025 20:52:51	17,78	0,41	28,02	37,42	1507,14
1073	02.08.2025 20:52:52	17,78	0,39	28,02	37,42	1507,14
1074	02.08.2025 20:52:53	17,78	0,41	28,25	37,69	1507,40
1075	02.08.2025 20:52:54	17,84	0,43	28,36	37,88	1507,71
1076	02.08.2025 20:52:55	17,90	0,41	28,21	37,74	1507,71
1077	02.08.2025 20:52:56	17,96	0,34	27,99	37,53	1507,63
1078	02.08.2025 20:52:57	17,99	0,36	28,15	37,75	1507,90
1079	02.08.2025 20:52:58	18,02	0,36	28,02	37,61	1507,84
1080	02.08.2025 20:52:59	18,08	0,34	28,05	37,69	1508,05
1081	02.08.2025 20:53:00	18,14	0,29	27,88	37,54	1508,02
1082	02.08.2025 20:53:01	18,14	0,27	27,85	37,51	1507,99
1083	02.08.2025 20:53:02	18,14	0,27	27,83	37,48	1507,96
1084	02.08.2025 20:53:03	18,14	0,27	27,92	37,59	1508,06
1085	02.08.2025 20:53:04	18,17	0,27	28,14	37,88	1508,41
1086	02.08.2025 20:53:05	18,20	0,29	28,14	37,91	1508,50
1087	02.08.2025 20:53:06	18,25	0,27	28,13	37,94	1508,66
1088	02.08.2025 20:53:07	18,31	0,23	28,07	37,91	1508,76
1089	02.08.2025 20:53:08	18,37	0,22	27,94	37,81	1508,78
1090	02.08.2025 20:53:09	18,43	0,18	27,90	37,81	1508,91
1091	02.08.2025 20:53:10	18,46	0,16	27,99	37,94	1509,10
1092	02.08.2025 20:53:11	18,49	0,18	27,93	37,89	1509,11
1093	02.08.2025 20:53:12	18,52	0,15	27,93	37,92	1509,20
1094	02.08.2025 20:53:13	18,55	0,15	27,87	37,87	1509,21
1095	02.08.2025 20:53:14	18,58	0,09	27,76	37,76	1509,17
1096	02.08.2025 20:53:15	18,58	0,08	27,74	37,73	1509,14
1097	02.08.2025 20:53:16	18,58	0,06	27,85	37,87	1509,26
1098	02.08.2025 20:53:17	18,61	0,08	27,85	37,89	1509,36
1099	02.08.2025 20:53:18	18,67	0,08	27,85	37,95	1509,54
1100	02.08.2025 20:53:19	18,70	0,06	27,86	37,98	1509,62
1101	02.08.2025 20:53:20	18,76	0,04	27,86	38,03	1509,80
1102	02.08.2025 20:53:21	18,82	0,04	27,82	38,03	1509,93
1103	02.08.2025 20:53:22	18,85	0,00	27,83	38,06	1510,01
1104	02.08.2025 20:53:23	18,88	-0,01	27,78	38,03	1510,05
1105	02.08.2025 20:53:24	18,91	-0,03	27,79	38,06	1510,13
1106	02.08.2025 20:53:25	18,94	-0,03	27,77	38,06	1510,20
1107	02.08.2025 20:53:26	18,97	-0,03	27,75	38,06	1510,26
1108	02.08.2025 20:53:27	19,00	-0,05	27,73	38,06	1510,32
1109	02.08.2025 20:53:28	19,03	-0,05	27,71	38,06	1510,39
1110	02.08.2025 20:53:29	19,06	-0,07	27,67	38,04	1510,42
1111	02.08.2025 20:53:30	19,06	-0,05	27,69	38,06	1510,45
1112	02.08.2025 20:53:31	19,09	-0,05	27,65	38,04	1510,49
1113	02.08.2025 20:53:32	19,09	-0,07	27,65	38,04	1510,49
1114	02.08.2025 20:53:33	19,11	-0,03	27,61	38,01	1510,53
1115	02.08.2025 20:53:34	19,11	-0,05	27,61	38,01	1510,53
1116	02.08.2025 20:53:35	19,11	-0,03	27,63	38,04	1510,56
1117	02.08.2025 20:53:36	19,14	-0,03	27,61	38,04	1510,62
1118	02.08.2025 20:53:37	19,17	-0,05	27,59	38,04	1510,68
1119	02.08.2025 20:53:38	19,17	-0,03	27,59	38,04	1510,69
1120	02.08.2025 20:53:39	19,17	-0,03	27,55	37,99	1510,64
1121	02.08.2025 20:53:40	19,20	-0,03	27,53	37,99	1510,70
1122	02.08.2025 20:53:41	19,20	-0,05	27,53	37,99	1510,70
1123	02.08.2025 20:53:42	19,23	-0,03	27,53	38,02	1510,79
1124	02.08.2025 20:53:43	19,23	-0,03	27,53	38,02	1510,79
1125	02.08.2025 20:53:44	19,26	-0,03	27,54	38,04	1510,88
1126	02.08.2025 20:53:45	19,29	-0,03	27,49	38,02	1510,92
1127	02.08.2025 20:53:46	19,29	-0,05	27,47	37,99	1510,89
1128	02.08.2025 20:53:47	19,32	-0,05	27,45	37,99	1510,95
1129	02.08.2025 20:53:48	19,32	-0,05	27,45	37,99	1510,95
1130	02.08.2025 20:53:49	19,35	-0,05	27,44	37,99	1511,02
1131	02.08.2025 20:53:50	19,35	-0,05	27,44	37,99	1511,02
1132	02.08.2025 20:53:51	19,35	-0,05	27,41	37,96	1510,99
1133	02.08.2025 20:53:52	19,38	-0,05	27,40	37,97	1511,06
1134	02.08.2025 20:53:53	19,38	-0,05	27,40	37,97	1511,06
1135	02.08.2025 20:53:54	19,38	-0,05	27,40	37,97	1511,06
1136	02.08.2025 20:53:55	19,38	-0,05	27,40	37,97	1511,06
1137	02.08.2025 20:53:56	19,41	-0,05	27,38	37,97	1511,12
1138	02.08.2025 20:53:57	19,41	-0,07	27,38	37,97	1511,12
1139	02.08.2025 20:53:58	19,44	-0,05	27,36	37,97	1511,18
1140	02.08.2025 20:53:59	19,44	-0,05	27,36	37,97	1511,18
1141	02.08.2025 20:54:00	19,44	-0,05	27,36	37,97	1511,18
1142	02.08.2025 20:54:01	19,44	-0,07	27,36	37,97	1511,18
1143	02.08.2025 20:54:02	19,47	-0,03	27,34	37,97	1511,25
1144	02.08.2025 20:54:03	19,47	-0,03	27,32	37,94	1511,22
1145	02.08.2025 20:54:04	19,47	-0,03	27,32	37,94	1511,22
1146	02.08.2025 20:54:05	19,47	-0,03	27,32	37,94	1511,22
1147	02.08.2025 20:54:06	19,47	-0,05	27,32	37,94	1511,22
1148	02.08.2025 20:54:07	19,50	-0,03	27,30	37,94	1511,29
1149	02.08.2025 20:54:08	19,50	-0,03	27,28	37,91	1511,26
1150	02.08.2025 20:54:09	19,50	-0,03	27,28	37,91	1511,26
1151	02.08.2025 20:54:10	19,50	-0,03	27,34	37,99	1511,34
1152	02.08.2025 20:54:11	19,50	-0,05	27,32	37,97	1511,31
1153	02.08.2025 20:54:12	19,53	-0,03	27,32	38,00	1511,40
1154	02.08.2025 20:54:13	19,53	-0,01	27,32	38,00	1511,40
1155	02.08.2025 20:54:14	19,53	-0,01	27,32	38,00	1511,40
1156	02.08.2025 20:54:15	19,53	-0,03	27,32	38,00	1511,40
1157	02.08.2025 20:54:16	19,53	-0,01	27,30	37,97	1511,38
1158	02.08.2025 20:54:17	19,53	-0,03	27,30	37,97	1511,38
1159	02.08.2025 20:54:18	19,56	-0,03	27,28	37,97	1511,44
1160	02.08.2025 20:54:19	19,56	-0,03	27,28	37,97	1511,44
1161	02.08.2025 20:54:20	19,56	-0,03	27,28	37,97	1511,44
1162	02.08.2025 20:54:21	19,56	-0,05	27,28	37,97	1511,44
1163	02.08.2025 20:54:22	19,56	-0,03	27,28	37,97	1511,44
1164	02.08.2025 20:54:23	19,56	-0,05	27,20	37,86	1511,34
1165	02.08.2025 20:54:24	19,56	-0,05	27,22	37,89	1511,36
1166	02.08.2025 20:54:25	19,56	-0,05	27,28	37,97	1511,44
1167	02.08.2025 20:54:26	19,56	-0,05	15,66	22,93	1498,19
1168	02.08.2025 20:54:27	19,59	-0,05	15,87	23,23	1498,52
1169	02.08.2025 20:54:28	19,59	-0,05	15,81	23,15	1498,45
1170	02.08.2025 20:54:29	19,59	-0,05	16,00	23,40	1498,66
1171	02.08.2025 20:54:30	19,59	-0,05	15,69	22,99	1498,31
1172	02.08.2025 20:54:31	19,59	-0,05	16,14	23,59	1498,83
1173	02.08.2025 20:54:32	19,56	-0,05	15,90	23,26	1498,47
1174	02.08.2025 20:54:33	19,56	-0,05	4,38	7,07	1485,34
1175	02.08.2025 20:54:34	19,56	-0,05	4,38	7,07	1485,34
1176	02.08.2025 20:54:35	19,56	-0,05	4,21	6,81	1485,15
1177	02.08.2025 20:54:36	19,56	-0,05	4,40	7,10	1485,36
1178	02.08.2025 20:54:37	19,56	-0,05	4,38	7,07	1485,34
1179	02.08.2025 20:54:38	19,56	-0,05	4,23	6,84	1485,17
1180	02.08.2025 20:54:39	19,56	-0,05	4,37	7,04	1485,32
1181	02.08.2025 20:54:40	19,56	-0,05	4,33	6,98	1485,28
1182	02.08.2025 20:54:41	19,53	-0,03	4,39	7,07	1485,26
1183	02.08.2025 20:54:42	19,53	-0,03	4,37	7,04	1485,24
1184	02.08.2025 20:54:43	19,53	-0,03	4,33	6,98	1485,19
1185	02.08.2025 20:54:44	19,53	-0,03	4,35	7,01	1485,21
1186	02.08.2025 20:54:45	19,53	-0,05	4,31	6,95	1485,17
1187	02.08.2025 20:54:46	19,53	-0,05	4,31	6,95	1485,17
1188	02.08.2025 20:54:47	19,50	-0,03	4,05	6,55	1484,78
1189	02.08.2025 20:54:48	19,50	-0,05	3,08	5,08	1483,68
1190	02.08.2025 20:54:49	19,50	-0,03	4,33	6,98	1485,10
1191	02.08.2025 20:54:50	19,47	-0,03	3,12	5,13	1483,63
1192	02.08.2025 20:54:51	19,47	-0,03	3,97	6,43	1484,60
1193	02.08.2025 20:54:52	19,47	-0,03	4,26	6,86	1484,93
1194	02.08.2025 20:54:53	19,47	-0,05	1,08	1,89	1481,30
1195	02.08.2025 20:54:54	19,47	-0,03	1,03	1,80	1481,25
1196	02.08.2025 20:54:55	19,44	-0,05	0,93	1,64	1481,04
1197	02.08.2025 20:54:56	19,44	-0,05	0,19	0,35	1480,19
1198	02.08.2025 20:54:57	19,44	-0,05	0,19	0,35	1480,19
1199	02.08.2025 20:54:58	19,44	-0,05	0,23	0,43	1480,24
1200	02.08.2025 20:54:59	19,44	-0,07	0,33	0,60	1480,35
1201	02.08.2025 20:55:00	19,44	-0,07	0,42	0,77	1480,45
1202	02.08.2025 20:55:01	19,44	-0,05	0,41	0,74	1480,44
1203	02.08.2025 20:55:02	19,41	-0,07	0,39	0,71	1480,32
1204	02.08.2025 20:55:03	19,41	-0,07	0,39	0,71	1480,32
1205	02.08.2025 20:55:04	19,41	-0,05	0,38	0,68	1480,31
1206	02.08.2025 20:55:05	19,41	-0,05	0,38	0,68	1480,31
1207	02.08.2025 20:55:06	19,41	-0,05	0,36	0,65	1480,29
1208	02.08.2025 20:55:07	19,41	-0,05	0,36	0,65	1480,29
1209	02.08.2025 20:55:08	19,41	-0,05	0,38	0,68	1480,31
1210	02.08.2025 20:55:09	19,38	-0,05	0,36	0,65	1480,20
1211	02.08.2025 20:55:10	19,38	-0,07	0,36	0,65	1480,20
1212	02.08.2025 20:55:11	19,38	-0,05	0,36	0,65	1480,20
1213	02.08.2025 20:55:12	19,38	-0,05	0,36	0,65	1480,20
1214	02.08.2025 20:55:13	19,38	-0,05	0,38	0,68	1480,22
1215	02.08.2025 20:55:14	19,38	-0,05	0,38	0,68	1480,22
1216	02.08.2025 20:55:15	19,38	-0,05	0,38	0,68	1480,22
1217	02.08.2025 20:55:16	19,38	-0,05	0,36	0,65	1480,20
1218	02.08.2025 20:55:17	19,38	-0,05	0,34	0,63	1480,18
1219	02.08.2025 20:55:18	19,35	-0,05	0,34	0,63	1480,09
1220	02.08.2025 20:55:19	19,35	-0,05	0,36	0,65	1480,11
1221	02.08.2025 20:55:20	19,35	-0,05	0,34	0,63	1480,09
1222	02.08.2025 20:55:21	19,35	-0,05	0,34	0,63	1480,09
1223	02.08.2025 20:55:22	19,35	-0,05	0,33	0,60	1480,07
1224	02.08.2025 20:55:23	19,35	-0,03	0,33	0,60	1480,07
1225	02.08.2025 20:55:24	19,35	-0,05	0,31	0,57	1480,05
1226	02.08.2025 20:55:25	19,35	-0,05	0,30	0,54	1480,03
1227	02.08.2025 20:55:26	19,35	-0,05	0,27	0,49	1480,00
1228	02.08.2025 20:55:27	19,35	-0,05	0,27	0,49	1480,00
1229	02.08.2025 20:55:28	19,32	-0,05	0,27	0,49	1479,91
1230	02.08.2025 20:55:29	19,32	-0,05	0,27	0,49	1479,91
1231	02.08.2025 20:55:30	19,32	-0,03	0,31	0,57	1479,96
1232	02.08.2025 20:55:31	19,32	-0,05	0,31	0,57	1479,96
1233	02.08.2025 20:55:32	19,32	-0,05	0,28	0,52	1479,92
1234	02.08.2025 20:55:33	19,32	-0,05	0,27	0,49	1479,91
1235	02.08.2025 20:55:34	19,32	-0,05	0,25	0,46	1479,89
1236	02.08.2025 20:55:35	19,32	-0,03	0,28	0,52	1479,93
1237	02.08.2025 20:55:36	19,32	-0,05	0,27	0,49	1479,91
1238	02.08.2025 20:55:37	19,32	-0,05	0,27	0,49	1479,91
1239	02.08.2025 20:55:38	19,32	-0,05	0,30	0,54	1479,94
1240	02.08.2025 20:55:39	19,32	-0,05	0,30	0,54	1479,94
1241	02.08.2025 20:55:40	19,29	-0,05	0,30	0,54	1479,85
1242	02.08.2025 20:55:41	19,29	-0,05	0,31	0,57	1479,87
1243	02.08.2025 20:55:42	19,29	-0,05	0,31	0,57	1479,87
1244	02.08.2025 20:55:43	19,29	-0,05	0,33	0,60	1479,88
1245	02.08.2025 20:55:44	19,29	-0,05	0,33	0,60	1479,88
1246	02.08.2025 20:55:45	19,29	-0,05	0,33	0,60	1479,88
1247	02.08.2025 20:55:46	19,29	-0,05	0,34	0,63	1479,90
1248	02.08.2025 20:55:47	19,29	-0,03	0,34	0,63	1479,90
1249	02.08.2025 20:55:48	19,29	-0,05	0,34	0,63	1479,90
1250	02.08.2025 20:55:49	19,26	-0,03	0,35	0,63	1479,81
1251	02.08.2025 20:55:50	19,29	-0,05	0,34	0,63	1479,90
1252	02.08.2025 20:55:51	19,26	-0,03	0,35	0,63	1479,81
1253	02.08.2025 20:55:52	19,26	-0,05	0,35	0,63	1479,81
1254	02.08.2025 20:55:53	19,26	-0,03	0,35	0,63	1479,81
1255	02.08.2025 20:55:54	19,26	-0,05	0,35	0,63	1479,81
1256	02.08.2025 20:55:55	19,26	-0,05	0,35	0,63	1479,81
1257	02.08.2025 20:55:56	19,26	-0,03	0,36	0,65	1479,83
1258	02.08.2025 20:55:57	19,26	-0,03	0,35	0,63	1479,81
1259	02.08.2025 20:55:58	19,26	-0,05	0,35	0,63	1479,81
1260	02.08.2025 20:55:59	19,26	-0,05	0,36	0,65	1479,83
1261	02.08.2025 20:56:00	19,26	-0,05	0,36	0,65	1479,83
1262	02.08.2025 20:56:01	19,26	-0,05	0,35	0,63	1479,81
1263	02.08.2025 20:56:02	19,26	-0,03	0,36	0,65	1479,83
1264	02.08.2025 20:56:03	19,23	-0,05	0,36	0,65	1479,73
1265	02.08.2025 20:56:04	19,23	-0,05	0,36	0,65	1479,73
1266	02.08.2025 20:56:05	19,23	-0,03	0,36	0,65	1479,74
1267	02.08.2025 20:56:06	19,23	-0,03	0,36	0,65	1479,74
1268	02.08.2025 20:56:07	19,23	-0,03	0,36	0,65	1479,74
1269	02.08.2025 20:56:08	19,23	-0,05	0,36	0,65	1479,73
1270	02.08.2025 20:56:09	19,23	-0,03	0,36	0,65	1479,74
1271	02.08.2025 20:56:10	19,23	-0,05	0,36	0,65	1479,73
1272	02.08.2025 20:56:11	19,23	-0,05	0,36	0,65	1479,73
1273	02.08.2025 20:56:12	19,23	-0,05	0,36	0,65	1479,73
1274	02.08.2025 20:56:13	19,23	-0,05	0,36	0,65	1479,73
1275	02.08.2025 20:56:14	19,23	-0,03	0,36	0,65	1479,74
1276	02.08.2025 20:56:15	19,23	-0,03	0,36	0,65	1479,74
1277	02.08.2025 20:56:16	19,23	-0,03	0,36	0,65	1479,74
1278	02.08.2025 20:56:17	19,23	-0,05	0,36	0,65	1479,73
1279	02.08.2025 20:56:18	19,20	-0,05	0,36	0,65	1479,64
1280	02.08.2025 20:56:19	19,20	-0,03	0,36	0,65	1479,64
1281	02.08.2025 20:56:20	19,20	-0,03	0,36	0,65	1479,64
1282	02.08.2025 20:56:21	19,20	-0,03	0,38	0,68	1479,66
1283	02.08.2025 20:56:22	19,20	-0,03	0,36	0,65	1479,64
1284	02.08.2025 20:56:23	19,20	-0,05	0,36	0,65	1479,64
1285	02.08.2025 20:56:24	19,20	-0,03	0,36	0,65	1479,64
1286	02.08.2025 20:56:25	19,20	-0,03	0,36	0,65	1479,64
1287	02.08.2025 20:56:26	19,20	-0,03	0,36	0,65	1479,64
1288	02.08.2025 20:56:27	19,20	-0,03	0,36	0,65	1479,64
1289	02.08.2025 20:56:28	19,20	-0,03	0,36	0,65	1479,64
1290	02.08.2025 20:56:29	19,20	-0,03	0,36	0,65	1479,64
1291	02.08.2025 20:56:30	19,20	-0,03	0,36	0,65	1479,64
1292	02.08.2025 20:56:31	19,20	-0,05	0,36	0,65	1479,64
1293	02.08.2025 20:56:32	19,20	-0,05	0,36	0,65	1479,64
1294	02.08.2025 20:56:33	19,20	-0,03	0,36	0,65	1479,64
1295	02.08.2025 20:56:34	19,20	-0,05	0,36	0,65	1479,64
1296	02.08.2025 20:56:35	19,20	-0,03	0,36	0,65	1479,64
1297	02.08.2025 20:56:36	19,20	-0,03	0,36	0,65	1479,64
1298	02.08.2025 20:56:37	19,20	-0,05	0,36	0,65	1479,64
1299	02.08.2025 20:56:38	19,20	-0,05	0,36	0,65	1479,64
1300	02.08.2025 20:56:39	19,20	-0,03	0,36	0,65	1479,64
1301	02.08.2025 20:56:40	19,20	-0,03	0,36	0,65	1479,64
1302	02.08.2025 20:56:41	19,17	-0,05	0,36	0,65	1479,55
1303	02.08.2025 20:56:42	19,17	-0,05	0,36	0,65	1479,55
1304	02.08.2025 20:56:43	19,17	-0,05	0,33	0,60	1479,51
1305	02.08.2025 20:56:44	19,17	-0,05	0,39	0,71	1479,58
1306	02.08.2025 20:56:45	19,17	-0,05	0,47	0,85	1479,67
1307	02.08.2025 20:56:46	19,17	-0,05	0,52	0,93	1479,73
1308	02.08.2025 20:56:47	19,17	-0,05	0,52	0,93	1479,73
1309	02.08.2025 20:56:48	19,17	-0,05	0,28	0,52	1479,46
1310	02.08.2025 20:56:49	19,17	-0,05	0,46	0,82	1479,66
1311	02.08.2025 20:56:50	19,17	-0,05	0,49	0,88	1479,69
1312	02.08.2025 20:56:51	19,14	-0,05	0,49	0,88	1479,60
1313	02.08.2025 20:56:52	19,14	-0,03	0,35	0,63	1479,44
1314	02.08.2025 20:56:53	19,14	-0,03	0,43	0,77	1479,53
1315	02.08.2025 20:56:54	19,14	-0,03	0,43	0,77	1479,53
1316	02.08.2025 20:56:55	19,14	-0,03	0,39	0,71	1479,49
1317	02.08.2025 20:56:56	19,14	-0,05	0,49	0,88	1479,60
1318	02.08.2025 20:56:57	19,14	-0,03	0,51	0,91	1479,62
1319	02.08.2025 20:56:58	19,14	-0,03	0,46	0,82	1479,56
1320	02.08.2025 20:56:59	19,14	-0,03	0,49	0,88	1479,60
1321	02.08.2025 20:57:00	19,14	-0,03	0,49	0,88	1479,60
1322	02.08.2025 20:57:01	19,14	-0,03	0,47	0,85	1479,58
1323	02.08.2025 20:57:02	19,14	-0,05	0,46	0,82	1479,56
1324	02.08.2025 20:57:03	19,14	-0,05	0,43	0,77	1479,53
1325	02.08.2025 20:57:04	19,14	-0,03	0,41	0,74	1479,51
1326	02.08.2025 20:57:05	19,14	-0,05	0,41	0,74	1479,51
1327	02.08.2025 20:57:06	19,14	-0,03	0,43	0,77	1479,53
1328	02.08.2025 20:57:07	19,14	-0,03	0,43	0,77	1479,53
1329	02.08.2025 20:57:08	19,11	-0,03	0,44	0,79	1479,45
1330	02.08.2025 20:57:09	19,11	-0,03	0,46	0,82	1479,47
1331	02.08.2025 20:57:10	19,11	-0,03	0,46	0,82	1479,47
1332	02.08.2025 20:57:11	19,11	-0,03	0,46	0,82	1479,47
1333	02.08.2025 20:57:12	19,11	-0,05	0,44	0,79	1479,45
1334	02.08.2025 20:57:13	19,11	-0,03	0,46	0,82	1479,47
1335	02.08.2025 20:57:14	19,11	-0,05	0,47	0,85	1479,49
1336	02.08.2025 20:57:15	19,11	-0,05	0,47	0,85	1479,49
1337	02.08.2025 20:57:16	19,11	-0,05	0,49	0,88	1479,51
1338	02.08.2025 20:57:17	19,11	-0,03	0,47	0,85	1479,49
1339	02.08.2025 20:57:18	19,11	-0,03	0,47	0,85	1479,49
1340	02.08.2025 20:57:19	19,11	-0,05	0,47	0,85	1479,49
1341	02.08.2025 20:57:20	19,11	-0,03	0,47	0,85	1479,49
1342	02.08.2025 20:57:21	19,11	-0,05	0,46	0,82	1479,47
1343	02.08.2025 20:57:22	19,11	-0,05	0,39	0,71	1479,39
1344	02.08.2025 20:57:23	19,11	-0,05	0,47	0,85	1479,49
1345	02.08.2025 20:57:24	19,11	-0,03	0,47	0,85	1479,49
1346	02.08.2025 20:57:25	19,11	-0,03	0,47	0,85	1479,49
1347	02.08.2025 20:57:26	19,11	-0,05	0,47	0,85	1479,49
1348	02.08.2025 20:57:27	19,11	-0,03	0,47	0,85	1479,49
1349	02.08.2025 20:57:28	19,11	-0,03	0,46	0,82	1479,47
1350	02.08.2025 20:57:29	19,11	-0,03	0,46	0,82	1479,47
1351	02.08.2025 20:57:30	19,11	-0,03	0,46	0,82	1479,47
1352	02.08.2025 20:57:31	19,11	-0,05	0,47	0,85	1479,49
1353	02.08.2025 20:57:32	19,11	-0,03	0,49	0,88	1479,51
1354	02.08.2025 20:57:33	19,11	-0,03	0,46	0,82	1479,47
1355	02.08.2025 20:57:34	19,09	-0,05	0,44	0,79	1479,36
1356	02.08.2025 20:57:35	19,11	-0,05	0,46	0,82	1479,47
1357	02.08.2025 20:57:36	19,09	-0,05	0,49	0,88	1479,41
1358	02.08.2025 20:57:37	19,09	-0,05	0,46	0,82	1479,37
1359	02.08.2025 20:57:38	19,09	-0,05	0,43	0,77	1479,34
1360	02.08.2025 20:57:39	19,09	-0,05	0,46	0,82	1479,37
1361	02.08.2025 20:57:40	19,09	-0,07	0,43	0,77	1479,33
1362	02.08.2025 20:57:41	19,09	-0,05	0,44	0,79	1479,36
1363	02.08.2025 20:57:42	19,09	-0,05	0,41	0,74	1479,32
1364	02.08.2025 20:57:43	19,09	-0,07	0,38	0,68	1479,28
1365	02.08.2025 20:57:44	19,09	-0,05	0,39	0,71	1479,30
1366	02.08.2025 20:57:45	19,09	-0,05	0,43	0,77	1479,34
1367	02.08.2025 20:57:46	19,09	-0,05	0,35	0,63	1479,25
1368	02.08.2025 20:57:47	19,09	-0,05	0,43	0,77	1479,34
1369	02.08.2025 20:57:48	19,09	-0,05	0,43	0,77	1479,34
1370	02.08.2025 20:57:49	19,09	-0,05	0,43	0,77	1479,34
1371	02.08.2025 20:57:50	19,09	-0,05	0,46	0,82	1479,37
1372	02.08.2025 20:57:51	19,09	-0,05	0,39	0,71	1479,30
1373	02.08.2025 20:57:52	19,09	-0,07	0,39	0,71	1479,30
1374	02.08.2025 20:57:53	19,09	-0,05	0,36	0,65	1479,26
1375	02.08.2025 20:57:54	19,09	-0,05	0,41	0,74	1479,32
1376	02.08.2025 20:57:55	19,09	-0,07	0,38	0,68	1479,28
1377	02.08.2025 20:57:56	19,09	-0,05	0,39	0,71	1479,30
1378	02.08.2025 20:57:57	19,09	-0,07	0,47	0,85	1479,39
1379	02.08.2025 20:57:58	19,09	-0,05	0,44	0,79	1479,36
1380	02.08.2025 20:57:59	19,09	-0,05	0,36	0,65	1479,26
1381	02.08.2025 20:58:00	19,09	-0,07	0,44	0,79	1479,35
1382	02.08.2025 20:58:01	19,09	-0,07	0,36	0,65	1479,26
1383	02.08.2025 20:58:02	19,09	-0,07	0,38	0,68	1479,28
1384	02.08.2025 20:58:03	19,09	-0,07	0,38	0,68	1479,28
1385	02.08.2025 20:58:04	19,09	-0,05	0,39	0,71	1479,30
1386	02.08.2025 20:58:05	19,09	-0,05	0,36	0,65	1479,26
1387	02.08.2025 20:58:06	19,09	-0,05	0,46	0,82	1479,37
1388	02.08.2025 20:58:07	19,09	-0,05	0,43	0,77	1479,34
1389	02.08.2025 20:58:08	19,09	-0,05	0,36	0,65	1479,26
1390	02.08.2025 20:58:09	19,09	-0,07	0,33	0,60	1479,23
1391	02.08.2025 20:58:10	19,09	-0,05	0,38	0,68	1479,28
1392	02.08.2025 20:58:11	19,09	-0,05	0,33	0,60	1479,23
1393	02.08.2025 20:58:12	19,09	-0,07	0,31	0,57	1479,21
1394	02.08.2025 20:58:13	19,09	-0,07	0,33	0,60	1479,23
1395	02.08.2025 20:58:14	19,09	-0,05	0,35	0,63	1479,25
1396	02.08.2025 20:58:15	19,09	-0,07	0,35	0,63	1479,24
1397	02.08.2025 20:58:16	19,09	-0,05	0,35	0,63	1479,25
1398	02.08.2025 20:58:17	19,09	-0,07	0,33	0,60	1479,23
1399	02.08.2025 20:58:18	19,09	-0,05	0,33	0,60	1479,23
1400	02.08.2025 20:58:19	19,09	-0,05	0,33	0,60	1479,23
1401	02.08.2025 20:58:20	19,06	-0,05	0,33	0,60	1479,13
1402	02.08.2025 20:58:21	19,06	-0,05	0,35	0,63	1479,15
1403	02.08.2025 20:58:22	19,06	-0,05	0,33	0,60	1479,13
1404	02.08.2025 20:58:23	19,06	-0,05	0,33	0,60	1479,13
1405	02.08.2025 20:58:24	19,06	-0,05	0,35	0,63	1479,15
1406	02.08.2025 20:58:25	19,06	-0,07	0,33	0,60	1479,13
1407	02.08.2025 20:58:26	19,06	-0,05	0,33	0,60	1479,13
1408	02.08.2025 20:58:27	19,06	-0,05	0,35	0,63	1479,15
1409	02.08.2025 20:58:28	19,06	-0,05	0,35	0,63	1479,15
1410	02.08.2025 20:58:29	19,06	-0,05	0,35	0,63	1479,15
1411	02.08.2025 20:58:30	19,06	-0,05	0,33	0,60	1479,13
1412	02.08.2025 20:58:31	19,06	-0,05	0,36	0,65	1479,17
1413	02.08.2025 20:58:32	19,06	-0,05	0,38	0,68	1479,19
1414	02.08.2025 20:58:33	19,06	-0,05	0,35	0,63	1479,15
1415	02.08.2025 20:58:34	19,06	-0,05	0,30	0,54	1479,10
1416	02.08.2025 20:58:35	19,06	-0,05	0,47	0,85	1479,30
1417	02.08.2025 20:58:36	19,06	-0,07	0,41	0,74	1479,22
1418	02.08.2025 20:58:37	19,06	-0,05	0,47	0,85	1479,30
1419	02.08.2025 20:58:38	19,06	-0,07	0,46	0,82	1479,28
1420	02.08.2025 20:58:39	19,06	-0,05	0,46	0,82	1479,28
1421	02.08.2025 20:58:40	19,06	-0,07	0,46	0,82	1479,28
1422	02.08.2025 20:58:41	19,06	-0,05	0,46	0,82	1479,28
1423	02.08.2025 20:58:42	19,06	-0,05	0,46	0,82	1479,28
1424	02.08.2025 20:58:43	19,06	-0,07	0,46	0,82	1479,28
1425	02.08.2025 20:58:44	19,06	-0,03	0,47	0,85	1479,30
1426	02.08.2025 20:58:45	19,06	-0,05	0,44	0,79	1479,26
1427	02.08.2025 20:58:46	19,06	-0,05	0,43	0,77	1479,24
1428	02.08.2025 20:58:47	19,06	-0,03	0,46	0,82	1479,28
1429	02.08.2025 20:58:48	19,06	-0,05	0,41	0,74	1479,23
1430	02.08.2025 20:58:49	19,06	-0,07	0,36	0,65	1479,17
1431	02.08.2025 20:58:50	19,06	-0,05	0,46	0,82	1479,28
1432	02.08.2025 20:58:51	19,06	-0,05	0,43	0,77	1479,24
1433	02.08.2025 20:58:52	19,06	-0,05	0,43	0,77	1479,24
1434	02.08.2025 20:58:53	19,06	-0,05	0,44	0,79	1479,26
1435	02.08.2025 20:58:54	19,06	-0,05	0,46	0,82	1479,28
1436	02.08.2025 20:58:55	19,06	-0,07	0,44	0,79	1479,26
1437	02.08.2025 20:58:56	19,06	-0,05	0,41	0,74	1479,23
1438	02.08.2025 20:58:57	19,06	-0,05	0,43	0,77	1479,24
1439	02.08.2025 20:58:58	19,06	-0,07	0,47	0,85	1479,30
1440	02.08.2025 20:58:59	19,06	-0,05	0,44	0,79	1479,26
1441	02.08.2025 20:59:00	19,06	-0,05	0,39	0,71	1479,21
1442	02.08.2025 20:59:01	19,06	-0,07	0,46	0,82	1479,28
1443	02.08.2025 20:59:02	19,06	-0,07	0,46	0,82	1479,28
1444	02.08.2025 20:59:03	19,06	-0,03	0,38	0,68	1479,19
1445	02.08.2025 20:59:04	19,06	-0,07	0,43	0,77	1479,24
1446	02.08.2025 20:59:05	19,06	-0,05	0,46	0,82	1479,28
1447	02.08.2025 20:59:06	19,06	-0,05	0,44	0,79	1479,26
1448	02.08.2025 20:59:07	19,06	-0,05	0,47	0,85	1479,30
1449	02.08.2025 20:59:08	19,06	-0,05	0,47	0,85	1479,30
1450	02.08.2025 20:59:09	19,06	-0,05	0,36	0,65	1479,17
1451	02.08.2025 20:59:10	19,06	-0,07	0,41	0,74	1479,22
1452	02.08.2025 20:59:11	19,06	-0,07	0,46	0,82	1479,28
1453	02.08.2025 20:59:12	19,06	-0,07	0,46	0,82	1479,28
1454	02.08.2025 20:59:13	19,06	-0,05	0,49	0,88	1479,32
1455	02.08.2025 20:59:14	19,06	-0,05	0,41	0,74	1479,23
1456	02.08.2025 20:59:15	19,06	-0,07	0,52	0,93	1479,35
1457	02.08.2025 20:59:16	19,06	-0,07	0,43	0,77	1479,24
1458	02.08.2025 20:59:17	19,06	-0,05	0,25	0,46	1479,04
1459	02.08.2025 20:59:18	19,06	-0,07	0,27	0,49	1479,06
1460	02.08.2025 20:59:19	19,06	-0,07	0,25	0,46	1479,04
1461	02.08.2025 20:59:20	19,06	-0,05	0,24	0,43	1479,03
1462	02.08.2025 20:59:21	19,06	-0,05	0,22	0,40	1479,01
1463	02.08.2025 20:59:22	19,06	-0,05	0,22	0,40	1479,01
1464	02.08.2025 20:59:23	19,06	-0,05	0,22	0,40	1479,01
1465	02.08.2025 20:59:24	19,06	-0,05	0,22	0,40	1479,01
1466	02.08.2025 20:59:25	19,06	-0,05	0,22	0,40	1479,01
1467	02.08.2025 20:59:26	19,06	-0,05	0,22	0,40	1479,01
1468	02.08.2025 20:59:27	19,06	-0,05	0,22	0,40	1479,01
1469	02.08.2025 20:59:28	19,06	-0,05	0,21	0,38	1478,99
1470	02.08.2025 20:59:29	19,06	-0,07	0,22	0,40	1479,01
1471	02.08.2025 20:59:30	19,06	-0,07	0,21	0,38	1478,99
1472	02.08.2025 20:59:31	19,06	-0,05	0,21	0,38	1478,99
1473	02.08.2025 20:59:32	19,06	-0,07	0,21	0,38	1478,99
1474	02.08.2025 20:59:33	19,06	-0,07	0,21	0,38	1478,99
1475	02.08.2025 20:59:34	19,06	-0,05	0,21	0,38	1478,99
1476	02.08.2025 20:59:35	19,06	-0,07	0,21	0,38	1478,99
1477	02.08.2025 20:59:36	19,06	-0,05	0,21	0,38	1478,99
1478	02.08.2025 20:59:37	19,06	-0,05	0,21	0,38	1478,99
1479	02.08.2025 20:59:38	19,06	-0,05	0,21	0,38	1478,99
1480	02.08.2025 20:59:39	19,06	-0,05	0,21	0,38	1478,99
1481	02.08.2025 20:59:40	19,06	-0,05	0,21	0,38	1478,99
1482	02.08.2025 20:59:41	19,06	-0,05	0,21	0,38	1478,99
1483	02.08.2025 20:59:42	19,06	-0,07	0,16	0,29	1478,94
1484	02.08.2025 20:59:43	19,06	-0,05	0,12	0,21	1478,89
1485	02.08.2025 20:59:44	19,06	-0,05	0,12	0,21	1478,89
1486	02.08.2025 20:59:45	19,06	-0,05	0,12	0,21	1478,89
1487	02.08.2025 20:59:46	19,06	-0,05	0,12	0,21	1478,89
1488	02.08.2025 20:59:47	19,06	-0,05	0,15	0,27	1478,92
1489	02.08.2025 20:59:48	19,06	-0,05	0,15	0,27	1478,92
1490	02.08.2025 20:59:49	19,06	-0,05	0,12	0,21	1478,89
1491	02.08.2025 20:59:50	19,06	-0,05	0,10	0,18	1478,87
1492	02.08.2025 20:59:51	19,06	-0,05	0,13	0,24	1478,90
1493	02.08.2025 20:59:52	19,06	-0,05	0,10	0,18	1478,87
1494	02.08.2025 20:59:53	19,06	-0,05	0,12	0,21	1478,89
1495	02.08.2025 20:59:54	19,06	-0,05	0,16	0,29	1478,94
1496	02.08.2025 20:59:55	19,06	-0,05	0,13	0,24	1478,90
1497	02.08.2025 20:59:56	19,06	-0,03	0,13	0,24	1478,91
1498	02.08.2025 20:59:57	19,09	-0,07	0,18	0,32	1479,05
1499	02.08.2025 20:59:58	19,09	-0,07	0,10	0,18	1478,96
1500	02.08.2025 20:59:59	19,09	-0,07	0,09	0,16	1478,95
1501	02.08.2025 21:00:00	19,20	-0,03	0,10	0,18	1479,34
1502	02.08.2025 21:00:01	19,35	-0,03	0,09	0,16	1479,79
1503	02.08.2025 21:00:02	19,47	-0,03	0,08	0,16	1480,17
1504	02.08.2025 21:00:03	19,59	-0,05	0,16	0,29	1480,62
1505	02.08.2025 21:00:04	19,71	-0,05	0,20	0,38	1481,04
1506	02.08.2025 21:00:05	19,79	-0,05	0,16	0,29	1481,27
1507	02.08.2025 21:00:06	19,94	-0,08	0,20	0,38	1481,77
1508	02.08.2025 21:00:07	20,03	-0,08	0,31	0,57	1482,17
1509	02.08.2025 21:00:08	20,18	-0,19	0,17	0,32	1482,45
1510	02.08.2025 21:00:09	20,59	-0,12	0,55	1,02	1484,16
1511	02.08.2025 21:00:10	20,82	-0,14	0,36	0,68	1484,66
1512	02.08.2025 21:00:11	20,94	-0,15	0,58	1,07	1485,26
1513	02.08.2025 21:00:12	21,12	-0,22	0,58	1,07	1485,78
1514	02.08.2025 21:00:13	21,17	-0,21	0,58	1,07	1485,95
1515	02.08.2025 21:00:14	21,23	-0,22	0,59	1,10	1486,15
1516	02.08.2025 21:00:15	21,29	-0,21	0,58	1,07	1486,31
1517	02.08.2025 21:00:16	21,35	-0,21	0,57	1,07	1486,48
1518	02.08.2025 21:00:17	21,38	-0,19	0,57	1,07	1486,57
