#B	Created:	03.08.2025 11:58:24
##	Version	SeaStar	9.59
#5	Field separation:	0
#2	Date & Time:	1
#6	Decimal point:	,
#7	Date def.:	dd.mm.yyyy	.
#8	Time def.:	:
##	Axis	0	Temperature(°C)	clRed	FALSE
##	Axis	1	Pressure(Bar)	clBlue	FALSE
##	Axis	2	Salinity(psu)	clGreen	FALSE
##	Axis	3	Conductivity(mS/cm)	$00FF80FF	FALSE
##	Axis	4	Sound Velocity(m/sec)	$00404080	FALSE
##	Series	0	Temp(°C)	clRed	0	Temp(°C)	2
##	Series	1	Press(Bar)	clBlue	1	Press(Bar)	2
##	Series	2	Salinity(psu)	clGreen	2	Salinity(psu)	2
##	Series	3	Conduct(mS/cm)	$00FF80FF	3	Conduct(mS/cm)	2
##	Series	4	Sound Velocity(m/sec)	$00404080	4	Velocity(m/sec)	2
##	Recorder	3	DST CTD	13528
##	Chart	3S13528DAT	
#D	Data:	1436	03.08.2025 11:34:00	03.08.2025 11:57:55
1	03.08.2025 11:34:00	22,82	0,06	0,04	0,06	1490,26
2	03.08.2025 11:34:01	22,82	0,06	0,04	0,06	1490,26
3	03.08.2025 11:34:02	22,82	0,06	0,04	0,06	1490,26
4	03.08.2025 11:34:03	22,79	0,08	19,49	29,98	1511,71
5	03.08.2025 11:34:04	22,41	-0,13	25,14	37,44	1516,91
6	03.08.2025 11:34:05	21,88	0,03	25,41	37,41	1515,82
7	03.08.2025 11:34:06	21,56	0,06	25,54	37,32	1515,09
8	03.08.2025 11:34:07	21,30	0,12	25,65	37,26	1514,50
9	03.08.2025 11:34:08	21,09	0,17	25,77	37,26	1514,08
10	03.08.2025 11:34:09	20,97	0,10	23,23	33,85	1510,89
11	03.08.2025 11:34:10	20,86	0,12	25,90	37,25	1513,57
12	03.08.2025 11:34:11	20,77	0,14	25,95	37,25	1513,38
13	03.08.2025 11:34:12	20,71	0,12	25,99	37,24	1513,26
14	03.08.2025 11:34:13	20,65	0,12	26,02	37,24	1513,13
15	03.08.2025 11:34:14	20,59	0,12	26,06	37,24	1513,00
16	03.08.2025 11:34:15	20,53	0,14	26,09	37,24	1512,88
17	03.08.2025 11:34:16	20,50	0,12	26,11	37,24	1512,82
18	03.08.2025 11:34:17	20,47	0,10	26,13	37,24	1512,75
19	03.08.2025 11:34:18	20,42	0,12	26,16	37,23	1512,63
20	03.08.2025 11:34:19	20,39	0,14	26,18	37,23	1512,57
21	03.08.2025 11:34:20	20,36	0,12	26,20	37,23	1512,50
22	03.08.2025 11:34:21	20,33	0,14	26,23	37,26	1512,46
23	03.08.2025 11:34:22	20,27	0,10	26,27	37,26	1512,33
24	03.08.2025 11:34:23	20,24	0,08	26,27	37,23	1512,24
25	03.08.2025 11:34:24	20,21	0,08	26,30	37,25	1512,20
26	03.08.2025 11:34:25	20,18	0,08	26,32	37,25	1512,14
27	03.08.2025 11:34:26	20,15	0,08	26,34	37,25	1512,07
28	03.08.2025 11:34:27	20,12	0,08	26,36	37,25	1512,01
29	03.08.2025 11:34:28	20,09	0,10	26,37	37,25	1511,95
30	03.08.2025 11:34:29	20,06	0,10	26,39	37,25	1511,88
31	03.08.2025 11:34:30	20,03	0,08	26,41	37,25	1511,82
32	03.08.2025 11:34:31	20,03	0,06	26,41	37,25	1511,81
33	03.08.2025 11:34:32	20,00	0,08	26,43	37,25	1511,75
34	03.08.2025 11:34:33	19,97	0,08	26,45	37,25	1511,69
35	03.08.2025 11:34:34	19,94	0,08	26,48	37,27	1511,65
36	03.08.2025 11:34:35	19,94	0,08	26,48	37,27	1511,65
37	03.08.2025 11:34:36	19,91	0,06	26,50	37,27	1511,58
38	03.08.2025 11:34:37	19,88	0,06	26,52	37,27	1511,52
39	03.08.2025 11:34:38	19,88	0,06	26,52	37,27	1511,52
40	03.08.2025 11:34:39	19,85	0,08	26,54	37,27	1511,46
41	03.08.2025 11:34:40	19,83	0,08	26,55	37,27	1511,39
42	03.08.2025 11:34:41	19,83	0,06	26,55	37,27	1511,39
43	03.08.2025 11:34:42	19,80	0,06	26,57	37,27	1511,33
44	03.08.2025 11:34:43	19,80	0,06	26,57	37,27	1511,33
45	03.08.2025 11:34:44	19,77	0,05	26,59	37,26	1511,26
46	03.08.2025 11:34:45	19,74	0,06	26,61	37,26	1511,20
47	03.08.2025 11:34:46	19,74	0,06	26,63	37,29	1511,22
48	03.08.2025 11:34:47	19,74	0,06	26,63	37,29	1511,22
49	03.08.2025 11:34:48	19,71	0,06	26,63	37,26	1511,13
50	03.08.2025 11:34:49	19,71	0,06	26,63	37,26	1511,13
51	03.08.2025 11:34:50	19,68	0,06	26,66	37,29	1511,09
52	03.08.2025 11:34:51	19,68	0,06	26,66	37,29	1511,09
53	03.08.2025 11:34:52	19,65	0,05	26,66	37,26	1511,00
54	03.08.2025 11:34:53	19,65	0,05	26,66	37,26	1511,00
55	03.08.2025 11:34:54	19,62	0,05	26,68	37,26	1510,94
56	03.08.2025 11:34:55	19,62	0,05	26,68	37,26	1510,94
57	03.08.2025 11:34:56	19,59	0,05	26,72	37,28	1510,90
58	03.08.2025 11:34:57	19,59	0,06	26,70	37,26	1510,88
59	03.08.2025 11:34:58	19,59	0,05	26,70	37,26	1510,87
60	03.08.2025 11:34:59	19,59	0,05	26,70	37,26	1510,87
61	03.08.2025 11:35:00	19,56	0,05	26,74	37,28	1510,83
62	03.08.2025 11:35:01	19,56	0,03	26,72	37,26	1510,81
63	03.08.2025 11:35:02	19,56	0,05	26,72	37,26	1510,81
64	03.08.2025 11:35:03	19,53	0,03	26,73	37,26	1510,74
65	03.08.2025 11:35:04	19,53	0,03	26,73	37,26	1510,74
66	03.08.2025 11:35:05	19,53	0,05	26,73	37,26	1510,74
67	03.08.2025 11:35:06	19,50	0,03	26,75	37,26	1510,68
68	03.08.2025 11:35:07	19,50	0,05	26,75	37,26	1510,68
69	03.08.2025 11:35:08	19,50	0,05	26,75	37,26	1510,68
70	03.08.2025 11:35:09	19,47	0,05	26,77	37,26	1510,62
71	03.08.2025 11:35:10	19,47	0,06	26,79	37,28	1510,64
72	03.08.2025 11:35:11	19,47	0,05	26,77	37,26	1510,62
73	03.08.2025 11:35:12	19,47	0,06	26,77	37,26	1510,62
74	03.08.2025 11:35:13	19,47	0,05	26,77	37,26	1510,62
75	03.08.2025 11:35:14	19,44	0,05	26,81	37,28	1510,57
76	03.08.2025 11:35:15	19,44	0,06	26,81	37,28	1510,58
77	03.08.2025 11:35:16	19,44	0,06	26,79	37,25	1510,55
78	03.08.2025 11:35:17	19,44	0,05	26,81	37,28	1510,57
79	03.08.2025 11:35:18	19,44	0,06	26,81	37,28	1510,58
80	03.08.2025 11:35:19	19,41	0,08	26,81	37,25	1510,49
81	03.08.2025 11:35:20	19,41	0,08	26,83	37,28	1510,51
82	03.08.2025 11:35:21	19,41	0,08	26,83	37,28	1510,51
83	03.08.2025 11:35:22	19,41	0,08	26,83	37,28	1510,51
84	03.08.2025 11:35:23	19,41	0,14	26,83	37,28	1510,52
85	03.08.2025 11:35:24	19,38	0,16	26,84	37,28	1510,46
86	03.08.2025 11:35:25	19,38	0,14	26,82	37,25	1510,44
87	03.08.2025 11:35:26	19,38	0,16	26,82	37,25	1510,44
88	03.08.2025 11:35:27	19,38	0,19	26,82	37,25	1510,44
89	03.08.2025 11:35:28	19,38	0,19	26,82	37,25	1510,44
90	03.08.2025 11:35:29	19,35	0,23	26,86	37,28	1510,41
91	03.08.2025 11:35:30	19,35	0,26	26,86	37,28	1510,41
92	03.08.2025 11:35:31	19,35	0,28	26,86	37,28	1510,42
93	03.08.2025 11:35:32	19,35	0,30	26,86	37,28	1510,42
94	03.08.2025 11:35:33	19,35	0,34	26,86	37,28	1510,43
95	03.08.2025 11:35:34	19,35	0,35	26,86	37,28	1510,43
96	03.08.2025 11:35:35	19,35	0,37	26,86	37,28	1510,43
97	03.08.2025 11:35:36	19,35	0,41	26,84	37,25	1510,41
98	03.08.2025 11:35:37	19,32	0,43	26,86	37,25	1510,35
99	03.08.2025 11:35:38	19,32	0,46	26,86	37,25	1510,36
100	03.08.2025 11:35:39	19,32	0,48	26,88	37,28	1510,38
101	03.08.2025 11:35:40	19,32	0,51	26,88	37,28	1510,39
102	03.08.2025 11:35:41	19,32	0,53	26,88	37,28	1510,39
103	03.08.2025 11:35:42	19,32	0,54	26,88	37,28	1510,39
104	03.08.2025 11:35:43	19,29	0,58	26,90	37,27	1510,33
105	03.08.2025 11:35:44	19,29	0,60	26,90	37,27	1510,34
106	03.08.2025 11:35:45	19,29	0,63	26,88	37,25	1510,32
107	03.08.2025 11:35:46	19,29	0,65	26,86	37,23	1510,30
108	03.08.2025 11:35:47	19,29	0,65	26,86	37,23	1510,30
109	03.08.2025 11:35:48	19,26	0,67	26,86	37,20	1510,22
110	03.08.2025 11:35:49	19,26	0,70	26,88	37,22	1510,24
111	03.08.2025 11:35:50	19,26	0,74	26,88	37,22	1510,25
112	03.08.2025 11:35:51	19,26	0,76	26,90	37,25	1510,28
113	03.08.2025 11:35:52	19,26	0,76	26,88	37,22	1510,25
114	03.08.2025 11:35:53	19,23	0,77	26,88	37,20	1510,17
115	03.08.2025 11:35:54	19,23	0,81	26,88	37,20	1510,17
116	03.08.2025 11:35:55	19,23	0,83	26,88	37,20	1510,18
117	03.08.2025 11:35:56	19,20	0,82	26,89	37,20	1510,11
118	03.08.2025 11:35:57	19,20	0,84	26,87	37,17	1510,09
119	03.08.2025 11:35:58	19,20	0,84	26,89	37,20	1510,11
120	03.08.2025 11:35:59	19,20	0,88	26,89	37,20	1510,12
121	03.08.2025 11:36:00	19,20	0,90	26,89	37,20	1510,12
122	03.08.2025 11:36:01	19,17	0,89	26,89	37,17	1510,03
123	03.08.2025 11:36:02	19,17	0,91	26,87	37,15	1510,01
124	03.08.2025 11:36:03	19,17	0,95	26,87	37,15	1510,02
125	03.08.2025 11:36:04	19,14	0,96	26,89	37,15	1509,96
126	03.08.2025 11:36:05	19,14	0,98	26,85	37,10	1509,92
127	03.08.2025 11:36:06	19,11	1,00	26,73	36,92	1509,69
128	03.08.2025 11:36:07	19,06	0,96	26,21	36,23	1508,92
129	03.08.2025 11:36:08	18,88	0,94	25,81	35,59	1507,93
130	03.08.2025 11:36:09	18,58	1,01	25,61	35,11	1506,84
131	03.08.2025 11:36:10	18,25	1,08	25,72	35,00	1506,01
132	03.08.2025 11:36:11	17,92	1,20	25,86	34,92	1505,20
133	03.08.2025 11:36:12	17,71	1,20	25,97	34,89	1504,69
134	03.08.2025 11:36:13	17,53	1,19	25,92	34,69	1504,08
135	03.08.2025 11:36:14	17,35	1,23	25,91	34,54	1503,52
136	03.08.2025 11:36:15	17,17	1,25	26,08	34,61	1503,18
137	03.08.2025 11:36:16	17,05	1,26	26,15	34,60	1502,89
138	03.08.2025 11:36:17	16,96	1,27	26,11	34,48	1502,56
139	03.08.2025 11:36:18	16,84	1,26	26,16	34,45	1502,25
140	03.08.2025 11:36:19	16,72	1,27	26,28	34,49	1502,02
141	03.08.2025 11:36:20	16,69	1,27	26,26	34,44	1501,90
142	03.08.2025 11:36:21	16,63	1,26	26,29	34,44	1501,75
143	03.08.2025 11:36:22	16,54	1,26	26,35	34,44	1501,53
144	03.08.2025 11:36:23	16,42	1,27	26,43	34,44	1501,25
145	03.08.2025 11:36:24	16,33	1,28	26,49	34,43	1501,03
146	03.08.2025 11:36:25	16,27	1,27	26,48	34,38	1500,84
147	03.08.2025 11:36:26	16,23	1,27	26,54	34,43	1500,81
148	03.08.2025 11:36:27	16,20	1,25	26,56	34,43	1500,74
149	03.08.2025 11:36:28	16,14	1,26	26,60	34,43	1500,59
150	03.08.2025 11:36:29	16,08	1,28	26,64	34,43	1500,45
151	03.08.2025 11:36:30	16,05	1,28	26,66	34,43	1500,38
152	03.08.2025 11:36:31	15,99	1,29	26,72	34,45	1500,26
153	03.08.2025 11:36:32	15,93	1,28	26,78	34,47	1500,14
154	03.08.2025 11:36:33	15,87	1,28	26,84	34,49	1500,01
155	03.08.2025 11:36:34	15,84	1,28	26,84	34,47	1499,92
156	03.08.2025 11:36:35	15,78	1,27	26,90	34,49	1499,79
157	03.08.2025 11:36:36	15,75	1,29	26,86	34,42	1499,65
158	03.08.2025 11:36:37	15,72	1,29	26,82	34,34	1499,50
159	03.08.2025 11:36:38	15,63	1,30	26,94	34,41	1499,35
160	03.08.2025 11:36:39	15,60	1,30	27,02	34,49	1499,36
161	03.08.2025 11:36:40	15,56	1,26	27,04	34,49	1499,28
162	03.08.2025 11:36:41	15,56	1,26	27,07	34,51	1499,30
163	03.08.2025 11:36:42	15,56	1,26	27,07	34,51	1499,30
164	03.08.2025 11:36:43	15,53	1,26	27,06	34,49	1499,20
165	03.08.2025 11:36:44	15,50	1,24	27,09	34,48	1499,12
166	03.08.2025 11:36:45	15,47	1,23	27,13	34,51	1499,08
167	03.08.2025 11:36:46	15,47	1,25	27,13	34,51	1499,08
168	03.08.2025 11:36:47	15,44	1,23	27,13	34,48	1498,98
169	03.08.2025 11:36:48	15,41	1,25	27,12	34,46	1498,88
170	03.08.2025 11:36:49	15,41	1,23	27,12	34,46	1498,88
171	03.08.2025 11:36:50	15,38	1,24	27,14	34,46	1498,80
172	03.08.2025 11:36:51	15,38	1,24	27,14	34,46	1498,80
173	03.08.2025 11:36:52	15,35	1,24	27,14	34,43	1498,70
174	03.08.2025 11:36:53	15,35	1,24	27,14	34,43	1498,70
175	03.08.2025 11:36:54	15,32	1,26	27,19	34,45	1498,66
176	03.08.2025 11:36:55	15,32	1,24	27,16	34,43	1498,63
177	03.08.2025 11:36:56	15,29	1,24	27,18	34,43	1498,56
178	03.08.2025 11:36:57	15,29	1,24	27,21	34,45	1498,58
179	03.08.2025 11:36:58	15,29	1,24	27,21	34,45	1498,58
180	03.08.2025 11:36:59	15,26	1,24	27,23	34,45	1498,51
181	03.08.2025 11:37:00	15,26	1,24	27,25	34,48	1498,53
182	03.08.2025 11:37:01	15,23	1,23	27,29	34,50	1498,48
183	03.08.2025 11:37:02	15,23	1,25	27,29	34,50	1498,49
184	03.08.2025 11:37:03	15,20	1,21	27,20	34,38	1498,28
185	03.08.2025 11:37:04	15,14	1,24	27,16	34,28	1498,03
186	03.08.2025 11:37:05	15,07	1,24	27,13	34,20	1497,80
187	03.08.2025 11:37:06	14,98	1,25	27,09	34,08	1497,45
188	03.08.2025 11:37:07	14,89	1,26	27,04	33,95	1497,10
189	03.08.2025 11:37:08	14,80	1,29	27,02	33,85	1496,77
190	03.08.2025 11:37:09	14,71	1,30	26,97	33,73	1496,42
191	03.08.2025 11:37:10	14,58	1,31	26,94	33,60	1495,98
192	03.08.2025 11:37:11	14,49	1,31	26,94	33,52	1495,67
193	03.08.2025 11:37:12	14,37	1,35	27,00	33,50	1495,35
194	03.08.2025 11:37:13	14,27	1,38	27,04	33,47	1495,09
195	03.08.2025 11:37:14	14,21	1,39	27,04	33,42	1494,89
196	03.08.2025 11:37:15	14,15	1,41	27,06	33,39	1494,71
197	03.08.2025 11:37:16	14,09	1,40	27,10	33,39	1494,55
198	03.08.2025 11:37:17	14,02	1,42	27,12	33,36	1494,37
199	03.08.2025 11:37:18	13,96	1,45	27,14	33,34	1494,19
200	03.08.2025 11:37:19	13,90	1,44	27,18	33,34	1494,04
201	03.08.2025 11:37:20	13,84	1,46	27,18	33,29	1493,83
202	03.08.2025 11:37:21	13,77	1,47	27,18	33,24	1493,62
203	03.08.2025 11:37:22	13,71	1,48	27,16	33,16	1493,38
204	03.08.2025 11:37:23	13,65	1,50	27,13	33,08	1493,15
205	03.08.2025 11:37:24	13,56	1,53	27,06	32,93	1492,75
206	03.08.2025 11:37:25	13,46	1,52	26,86	32,64	1492,19
207	03.08.2025 11:37:26	13,34	1,53	26,79	32,46	1491,68
208	03.08.2025 11:37:27	13,18	1,55	26,53	32,07	1490,85
209	03.08.2025 11:37:28	12,96	1,55	26,34	31,69	1489,87
210	03.08.2025 11:37:29	12,74	1,59	26,17	31,34	1488,91
211	03.08.2025 11:37:30	12,52	1,61	26,03	31,02	1487,97
212	03.08.2025 11:37:31	12,23	1,68	26,38	31,18	1487,42
213	03.08.2025 11:37:32	12,07	1,72	26,58	31,28	1487,11
214	03.08.2025 11:37:33	11,91	1,73	26,53	31,10	1486,49
215	03.08.2025 11:37:34	11,79	1,76	26,57	31,05	1486,10
216	03.08.2025 11:37:35	11,66	1,77	26,64	31,02	1485,73
217	03.08.2025 11:37:36	11,53	1,81	26,72	31,02	1485,39
218	03.08.2025 11:37:37	11,43	1,79	26,63	30,85	1484,92
219	03.08.2025 11:37:38	11,30	1,81	26,77	30,89	1484,64
220	03.08.2025 11:37:39	11,17	1,84	26,86	30,89	1484,29
221	03.08.2025 11:37:40	11,08	1,85	26,85	30,81	1483,94
222	03.08.2025 11:37:41	10,98	1,86	26,85	30,74	1483,59
223	03.08.2025 11:37:42	10,88	1,87	26,87	30,69	1483,27
224	03.08.2025 11:37:43	10,79	1,88	26,85	30,59	1482,89
225	03.08.2025 11:37:44	10,69	1,89	26,89	30,56	1482,59
226	03.08.2025 11:37:45	10,59	1,92	26,96	30,56	1482,33
227	03.08.2025 11:37:46	10,49	1,95	27,08	30,60	1482,13
228	03.08.2025 11:37:47	10,40	1,95	27,20	30,65	1481,92
229	03.08.2025 11:37:48	10,30	1,97	27,20	30,58	1481,56
230	03.08.2025 11:37:49	10,20	1,97	27,10	30,40	1481,08
231	03.08.2025 11:37:50	10,10	2,00	27,08	30,30	1480,69
232	03.08.2025 11:37:51	10,00	2,02	27,08	30,23	1480,33
233	03.08.2025 11:37:52	9,87	2,03	27,12	30,17	1479,91
234	03.08.2025 11:37:53	9,77	2,06	27,22	30,20	1479,66
235	03.08.2025 11:37:54	9,67	2,07	27,32	30,22	1479,42
236	03.08.2025 11:37:55	9,64	2,09	27,39	30,27	1479,39
237	03.08.2025 11:37:56	9,57	2,12	27,74	30,56	1479,58
238	03.08.2025 11:37:57	9,57	2,14	27,83	30,66	1479,70
239	03.08.2025 11:37:58	9,57	2,14	27,83	30,66	1479,70
240	03.08.2025 11:37:59	9,54	2,15	27,81	30,61	1479,55
241	03.08.2025 11:38:00	9,51	2,15	27,79	30,56	1479,40
242	03.08.2025 11:38:01	9,47	2,17	27,74	30,49	1479,22
243	03.08.2025 11:38:02	9,41	2,18	27,71	30,41	1478,94
244	03.08.2025 11:38:03	9,34	2,19	27,74	30,39	1478,73
245	03.08.2025 11:38:04	9,27	2,24	27,76	30,36	1478,52
246	03.08.2025 11:38:05	9,17	2,25	27,67	30,19	1478,02
247	03.08.2025 11:38:06	9,11	2,25	27,57	30,04	1477,65
248	03.08.2025 11:38:07	8,97	2,26	27,62	29,99	1477,21
249	03.08.2025 11:38:08	8,87	2,29	27,64	29,94	1476,87
250	03.08.2025 11:38:09	8,74	2,31	27,80	29,98	1476,55
251	03.08.2025 11:38:10	8,60	2,34	27,80	29,88	1476,05
252	03.08.2025 11:38:11	8,50	2,37	27,85	29,86	1475,74
253	03.08.2025 11:38:12	8,40	2,40	27,93	29,85	1475,45
254	03.08.2025 11:38:13	8,30	2,42	28,01	29,85	1475,17
255	03.08.2025 11:38:14	8,20	2,43	28,09	29,85	1474,88
256	03.08.2025 11:38:15	8,10	2,46	28,14	29,83	1474,56
257	03.08.2025 11:38:16	8,03	2,48	28,20	29,82	1474,37
258	03.08.2025 11:38:17	7,96	2,51	28,22	29,80	1474,14
259	03.08.2025 11:38:18	7,89	2,52	28,25	29,77	1473,92
260	03.08.2025 11:38:19	7,82	2,53	28,28	29,75	1473,69
261	03.08.2025 11:38:20	7,76	2,56	28,31	29,72	1473,47
262	03.08.2025 11:38:21	7,65	2,58	28,37	29,70	1473,14
263	03.08.2025 11:38:22	7,55	2,59	28,42	29,67	1472,81
264	03.08.2025 11:38:23	7,51	2,62	28,42	29,65	1472,69
265	03.08.2025 11:38:24	7,41	2,65	28,45	29,59	1472,33
266	03.08.2025 11:38:25	7,34	2,66	28,48	29,57	1472,10
267	03.08.2025 11:38:26	7,24	2,67	28,54	29,54	1471,76
268	03.08.2025 11:38:27	7,17	2,70	28,57	29,52	1471,54
269	03.08.2025 11:38:28	7,10	2,73	28,58	29,47	1471,27
270	03.08.2025 11:38:29	7,03	2,75	28,63	29,47	1471,07
271	03.08.2025 11:38:30	6,96	2,78	28,66	29,44	1470,84
272	03.08.2025 11:38:31	6,93	2,79	28,61	29,37	1470,64
273	03.08.2025 11:38:32	6,86	2,79	28,54	29,24	1470,27
274	03.08.2025 11:38:33	6,75	2,82	28,49	29,12	1469,80
275	03.08.2025 11:38:34	6,65	2,84	28,44	29,00	1469,33
276	03.08.2025 11:38:35	6,51	2,87	28,48	28,92	1468,82
277	03.08.2025 11:38:36	6,40	2,92	28,54	28,90	1468,48
278	03.08.2025 11:38:37	6,30	2,93	28,60	28,87	1468,14
279	03.08.2025 11:38:38	6,19	2,96	28,66	28,84	1467,79
280	03.08.2025 11:38:39	6,12	2,99	28,72	28,84	1467,59
281	03.08.2025 11:38:40	6,05	2,98	28,78	28,84	1467,38
282	03.08.2025 11:38:41	5,98	3,01	28,76	28,77	1467,07
283	03.08.2025 11:38:42	5,87	3,02	28,82	28,74	1466,72
284	03.08.2025 11:38:43	5,84	3,06	28,85	28,74	1466,62
285	03.08.2025 11:38:44	5,77	3,07	28,88	28,72	1466,38
286	03.08.2025 11:38:45	5,70	3,10	29,00	28,77	1466,24
287	03.08.2025 11:38:46	5,62	3,11	29,11	28,82	1466,10
288	03.08.2025 11:38:47	5,59	3,13	29,14	28,82	1466,00
289	03.08.2025 11:38:48	5,55	3,16	29,20	28,84	1465,93
290	03.08.2025 11:38:49	5,48	3,17	29,18	28,77	1465,61
291	03.08.2025 11:38:50	5,45	3,17	29,02	28,59	1465,26
292	03.08.2025 11:38:51	5,34	3,22	29,06	28,55	1464,87
293	03.08.2025 11:38:52	5,27	3,23	29,12	28,54	1464,66
294	03.08.2025 11:38:53	5,19	3,26	29,18	28,55	1464,45
295	03.08.2025 11:38:54	5,16	3,28	29,15	28,50	1464,27
296	03.08.2025 11:38:55	5,09	3,31	29,19	28,47	1464,02
297	03.08.2025 11:38:56	5,01	3,32	29,20	28,42	1463,74
298	03.08.2025 11:38:57	4,94	3,33	29,20	28,37	1463,45
299	03.08.2025 11:38:58	4,87	3,34	29,18	28,30	1463,12
300	03.08.2025 11:38:59	4,80	3,38	29,19	28,25	1462,84
301	03.08.2025 11:39:00	4,72	3,41	29,20	28,20	1462,55
302	03.08.2025 11:39:01	4,65	3,42	29,21	28,15	1462,26
303	03.08.2025 11:39:02	4,58	3,43	29,27	28,15	1462,04
304	03.08.2025 11:39:03	4,51	3,46	29,31	28,13	1461,78
305	03.08.2025 11:39:04	4,47	3,48	29,34	28,13	1461,67
306	03.08.2025 11:39:05	4,40	3,49	29,40	28,13	1461,46
307	03.08.2025 11:39:06	4,36	3,52	29,41	28,10	1461,31
308	03.08.2025 11:39:07	4,32	3,56	29,44	28,10	1461,21
309	03.08.2025 11:39:08	4,25	3,57	29,48	28,08	1460,95
310	03.08.2025 11:39:09	4,21	3,58	29,51	28,08	1460,84
311	03.08.2025 11:39:10	4,18	3,60	29,54	28,08	1460,73
312	03.08.2025 11:39:11	4,14	3,61	29,55	28,05	1460,58
313	03.08.2025 11:39:12	4,10	3,65	29,58	28,05	1460,47
314	03.08.2025 11:39:13	4,06	3,66	29,64	28,08	1460,40
315	03.08.2025 11:39:14	4,06	3,68	29,64	28,08	1460,40
316	03.08.2025 11:39:15	4,03	3,71	29,74	28,13	1460,37
317	03.08.2025 11:39:16	3,99	3,73	29,77	28,13	1460,26
318	03.08.2025 11:39:17	3,99	3,75	29,68	28,05	1460,15
319	03.08.2025 11:39:18	3,95	3,74	29,72	28,05	1460,04
320	03.08.2025 11:39:19	3,92	3,80	29,72	28,03	1459,90
321	03.08.2025 11:39:20	3,88	3,81	29,67	27,95	1459,67
322	03.08.2025 11:39:21	3,81	3,82	29,68	27,91	1459,37
323	03.08.2025 11:39:22	3,73	3,85	29,72	27,88	1459,11
324	03.08.2025 11:39:23	3,69	3,89	29,72	27,86	1458,97
325	03.08.2025 11:39:24	3,62	3,90	29,76	27,83	1458,70
326	03.08.2025 11:39:25	3,58	3,91	29,80	27,83	1458,59
327	03.08.2025 11:39:26	3,55	3,93	29,80	27,81	1458,44
328	03.08.2025 11:39:27	3,51	3,95	29,84	27,81	1458,33
329	03.08.2025 11:39:28	3,47	3,98	29,84	27,78	1458,18
330	03.08.2025 11:39:29	3,43	4,01	29,85	27,76	1458,03
331	03.08.2025 11:39:30	3,40	4,03	29,82	27,71	1457,84
332	03.08.2025 11:39:31	3,36	4,04	29,80	27,66	1457,65
333	03.08.2025 11:39:32	3,32	4,08	29,74	27,59	1457,43
334	03.08.2025 11:39:33	3,25	4,09	29,67	27,46	1457,00
335	03.08.2025 11:39:34	3,17	4,12	29,74	27,46	1456,78
336	03.08.2025 11:39:35	3,10	4,15	29,78	27,44	1456,51
337	03.08.2025 11:39:36	3,02	4,18	29,82	27,42	1456,24
338	03.08.2025 11:39:37	2,98	4,19	29,85	27,42	1456,13
339	03.08.2025 11:39:38	2,91	4,22	29,89	27,39	1455,86
340	03.08.2025 11:39:39	2,91	4,24	29,86	27,37	1455,82
341	03.08.2025 11:39:40	2,87	4,26	29,87	27,34	1455,66
342	03.08.2025 11:39:41	2,79	4,29	29,88	27,30	1455,36
343	03.08.2025 11:39:42	2,75	4,30	29,86	27,25	1455,16
344	03.08.2025 11:39:43	2,72	4,34	29,86	27,22	1455,01
345	03.08.2025 11:39:44	2,64	4,37	29,91	27,20	1454,74
346	03.08.2025 11:39:45	2,60	4,38	29,91	27,17	1454,58
347	03.08.2025 11:39:46	2,56	4,40	29,92	27,15	1454,42
348	03.08.2025 11:39:47	2,49	4,41	29,96	27,13	1454,15
349	03.08.2025 11:39:48	2,45	4,44	30,00	27,13	1454,03
350	03.08.2025 11:39:49	2,41	4,46	30,03	27,13	1453,92
351	03.08.2025 11:39:50	2,37	4,49	30,04	27,10	1453,76
352	03.08.2025 11:39:51	2,33	4,52	30,08	27,10	1453,65
353	03.08.2025 11:39:52	2,30	4,52	30,11	27,10	1453,53
354	03.08.2025 11:39:53	2,30	4,56	30,08	27,08	1453,49
355	03.08.2025 11:39:54	2,26	4,57	30,09	27,05	1453,33
356	03.08.2025 11:39:55	2,22	4,57	30,07	27,01	1453,13
357	03.08.2025 11:39:56	2,18	4,58	30,07	26,98	1452,97
358	03.08.2025 11:39:57	2,14	4,62	30,08	26,96	1452,82
359	03.08.2025 11:39:58	2,10	4,63	30,12	26,96	1452,70
360	03.08.2025 11:39:59	2,07	4,63	30,09	26,91	1452,50
361	03.08.2025 11:40:00	2,03	4,64	30,13	26,91	1452,38
362	03.08.2025 11:40:01	1,99	4,66	30,14	26,88	1452,22
363	03.08.2025 11:40:02	1,95	4,67	30,14	26,86	1452,06
364	03.08.2025 11:40:03	1,91	4,69	30,18	26,86	1451,94
365	03.08.2025 11:40:04	1,87	4,70	30,19	26,84	1451,78
366	03.08.2025 11:40:05	1,83	4,72	30,23	26,84	1451,66
367	03.08.2025 11:40:06	1,79	4,73	30,23	26,81	1451,50
368	03.08.2025 11:40:07	1,76	4,75	30,27	26,81	1451,38
369	03.08.2025 11:40:08	1,76	4,78	30,27	26,81	1451,38
370	03.08.2025 11:40:09	1,72	4,80	30,31	26,82	1451,26
371	03.08.2025 11:40:10	1,72	4,82	30,31	26,81	1451,26
372	03.08.2025 11:40:11	1,68	4,83	30,35	26,82	1451,14
373	03.08.2025 11:40:12	1,68	4,87	30,35	26,82	1451,15
374	03.08.2025 11:40:13	1,64	4,88	30,39	26,82	1451,03
375	03.08.2025 11:40:14	1,64	4,90	30,39	26,82	1451,03
376	03.08.2025 11:40:15	1,64	4,94	30,39	26,82	1451,04
377	03.08.2025 11:40:16	1,60	4,93	30,42	26,82	1450,91
378	03.08.2025 11:40:17	1,60	4,97	30,42	26,82	1450,92
379	03.08.2025 11:40:18	1,56	4,98	30,46	26,82	1450,80
380	03.08.2025 11:40:19	1,56	5,02	30,46	26,82	1450,80
381	03.08.2025 11:40:20	1,56	5,04	30,46	26,82	1450,81
382	03.08.2025 11:40:21	1,52	5,07	30,50	26,82	1450,69
383	03.08.2025 11:40:22	1,52	5,09	30,50	26,82	1450,69
384	03.08.2025 11:40:23	1,52	5,11	30,50	26,82	1450,69
385	03.08.2025 11:40:24	1,48	5,12	30,54	26,82	1450,57
386	03.08.2025 11:40:25	1,48	5,16	30,54	26,82	1450,58
387	03.08.2025 11:40:26	1,48	5,19	30,51	26,79	1450,54
388	03.08.2025 11:40:27	1,44	5,21	30,52	26,77	1450,38
389	03.08.2025 11:40:28	1,44	5,23	30,52	26,77	1450,38
390	03.08.2025 11:40:29	1,40	5,28	30,49	26,72	1450,18
391	03.08.2025 11:40:30	1,37	5,29	30,47	26,67	1449,98
392	03.08.2025 11:40:31	1,37	5,33	30,47	26,67	1449,98
393	03.08.2025 11:40:32	1,33	5,34	30,41	26,60	1449,74
394	03.08.2025 11:40:33	1,29	5,39	30,45	26,60	1449,62
395	03.08.2025 11:40:34	1,25	5,41	30,49	26,60	1449,50
396	03.08.2025 11:40:35	1,21	5,42	30,53	26,60	1449,38
397	03.08.2025 11:40:36	1,21	5,46	30,53	26,60	1449,38
398	03.08.2025 11:40:37	1,21	5,50	30,53	26,60	1449,39
399	03.08.2025 11:40:38	1,17	5,53	30,57	26,60	1449,27
400	03.08.2025 11:40:39	1,17	5,56	30,57	26,60	1449,27
401	03.08.2025 11:40:40	1,13	5,56	30,61	26,60	1449,15
402	03.08.2025 11:40:41	1,13	5,60	30,61	26,60	1449,15
403	03.08.2025 11:40:42	1,13	5,63	30,61	26,60	1449,16
404	03.08.2025 11:40:43	1,09	5,67	30,65	26,60	1449,04
405	03.08.2025 11:40:44	1,09	5,67	30,65	26,60	1449,04
406	03.08.2025 11:40:45	1,09	5,68	30,62	26,58	1449,00
407	03.08.2025 11:40:46	1,05	5,72	30,69	26,61	1448,92
408	03.08.2025 11:40:47	1,05	5,77	30,66	26,58	1448,89
409	03.08.2025 11:40:48	1,05	5,77	30,69	26,61	1448,93
410	03.08.2025 11:40:49	1,05	5,77	30,69	26,61	1448,93
411	03.08.2025 11:40:50	1,05	5,81	30,69	26,61	1448,93
412	03.08.2025 11:40:51	1,05	5,84	30,69	26,61	1448,94
413	03.08.2025 11:40:52	1,01	5,82	30,73	26,61	1448,81
414	03.08.2025 11:40:53	1,01	5,86	30,73	26,61	1448,82
415	03.08.2025 11:40:54	1,01	5,86	30,73	26,61	1448,82
416	03.08.2025 11:40:55	1,01	5,87	30,73	26,61	1448,82
417	03.08.2025 11:40:56	1,01	5,89	30,73	26,61	1448,82
418	03.08.2025 11:40:57	1,01	5,87	30,73	26,61	1448,82
419	03.08.2025 11:40:58	0,97	5,89	30,77	26,61	1448,70
420	03.08.2025 11:40:59	0,97	5,91	30,77	26,61	1448,70
421	03.08.2025 11:41:00	0,97	5,91	30,77	26,61	1448,70
422	03.08.2025 11:41:01	0,97	5,89	30,77	26,61	1448,70
423	03.08.2025 11:41:02	0,97	5,91	30,77	26,61	1448,70
424	03.08.2025 11:41:03	0,97	5,93	30,77	26,61	1448,70
425	03.08.2025 11:41:04	0,97	5,93	30,77	26,61	1448,70
426	03.08.2025 11:41:05	0,97	5,93	30,77	26,61	1448,70
427	03.08.2025 11:41:06	0,93	5,92	30,81	26,61	1448,57
428	03.08.2025 11:41:07	0,93	5,92	30,81	26,61	1448,57
429	03.08.2025 11:41:08	0,93	5,92	30,81	26,61	1448,57
430	03.08.2025 11:41:09	0,93	5,94	30,81	26,61	1448,58
431	03.08.2025 11:41:10	0,93	5,92	30,81	26,61	1448,57
432	03.08.2025 11:41:11	0,93	5,92	30,81	26,61	1448,57
433	03.08.2025 11:41:12	0,93	5,92	30,81	26,61	1448,57
434	03.08.2025 11:41:13	0,93	5,94	30,81	26,61	1448,58
435	03.08.2025 11:41:14	0,89	5,95	30,85	26,61	1448,45
436	03.08.2025 11:41:15	0,89	5,92	30,85	26,61	1448,45
437	03.08.2025 11:41:16	0,89	5,94	30,85	26,61	1448,45
438	03.08.2025 11:41:17	0,89	5,94	30,85	26,61	1448,45
439	03.08.2025 11:41:18	0,89	5,94	30,85	26,61	1448,45
440	03.08.2025 11:41:19	0,89	5,94	30,85	26,61	1448,45
441	03.08.2025 11:41:20	0,89	5,95	30,85	26,61	1448,45
442	03.08.2025 11:41:21	0,89	5,95	30,85	26,61	1448,45
443	03.08.2025 11:41:22	0,89	5,95	30,85	26,61	1448,45
444	03.08.2025 11:41:23	0,89	5,95	30,88	26,63	1448,50
445	03.08.2025 11:41:24	0,89	5,95	30,85	26,61	1448,45
446	03.08.2025 11:41:25	0,89	5,95	30,85	26,61	1448,45
447	03.08.2025 11:41:26	0,85	5,95	30,89	26,61	1448,33
448	03.08.2025 11:41:27	0,89	5,95	30,85	26,61	1448,45
449	03.08.2025 11:41:28	0,85	5,95	30,89	26,61	1448,33
450	03.08.2025 11:41:29	0,85	5,95	30,89	26,61	1448,33
451	03.08.2025 11:41:30	0,85	5,95	30,89	26,61	1448,33
452	03.08.2025 11:41:31	0,85	5,95	30,89	26,61	1448,33
453	03.08.2025 11:41:32	0,85	5,95	30,89	26,61	1448,33
454	03.08.2025 11:41:33	0,85	5,97	30,92	26,64	1448,37
455	03.08.2025 11:41:34	0,85	5,95	30,89	26,61	1448,33
456	03.08.2025 11:41:35	0,85	5,93	30,89	26,61	1448,32
457	03.08.2025 11:41:36	0,85	5,95	30,89	26,61	1448,33
458	03.08.2025 11:41:37	0,85	5,95	30,92	26,64	1448,37
459	03.08.2025 11:41:38	0,85	5,95	30,92	26,64	1448,37
460	03.08.2025 11:41:39	0,85	5,95	30,92	26,64	1448,37
461	03.08.2025 11:41:40	0,85	5,93	30,89	26,61	1448,32
462	03.08.2025 11:41:41	0,85	5,93	30,89	26,61	1448,32
463	03.08.2025 11:41:42	0,85	5,95	30,92	26,64	1448,37
464	03.08.2025 11:41:43	0,81	5,95	30,93	26,61	1448,20
465	03.08.2025 11:41:44	0,81	5,95	30,93	26,61	1448,20
466	03.08.2025 11:41:45	0,81	5,97	30,93	26,61	1448,20
467	03.08.2025 11:41:46	0,81	5,95	30,96	26,64	1448,24
468	03.08.2025 11:41:47	0,81	5,95	30,96	26,64	1448,24
469	03.08.2025 11:41:48	0,81	5,95	30,96	26,64	1448,24
470	03.08.2025 11:41:49	0,81	5,95	30,96	26,64	1448,24
471	03.08.2025 11:41:50	0,81	5,93	30,96	26,64	1448,24
472	03.08.2025 11:41:51	0,81	5,93	30,93	26,61	1448,20
473	03.08.2025 11:41:52	0,81	5,95	30,93	26,61	1448,20
474	03.08.2025 11:41:53	0,81	5,95	30,96	26,64	1448,24
475	03.08.2025 11:41:54	0,81	5,95	30,96	26,64	1448,24
476	03.08.2025 11:41:55	0,81	5,93	30,93	26,61	1448,20
477	03.08.2025 11:41:56	0,81	5,95	30,96	26,64	1448,24
478	03.08.2025 11:41:57	0,81	5,93	30,96	26,64	1448,24
479	03.08.2025 11:41:58	0,81	5,93	30,96	26,64	1448,24
480	03.08.2025 11:41:59	0,81	5,93	30,96	26,64	1448,24
481	03.08.2025 11:42:00	0,81	5,95	30,93	26,61	1448,20
482	03.08.2025 11:42:01	0,81	5,93	30,93	26,61	1448,20
483	03.08.2025 11:42:02	0,81	5,93	30,96	26,64	1448,24
484	03.08.2025 11:42:03	0,81	5,93	30,96	26,64	1448,24
485	03.08.2025 11:42:04	0,81	5,95	30,96	26,64	1448,24
486	03.08.2025 11:42:05	0,81	5,93	30,96	26,64	1448,24
487	03.08.2025 11:42:06	0,81	5,95	30,96	26,64	1448,24
488	03.08.2025 11:42:07	0,81	5,93	30,93	26,61	1448,20
489	03.08.2025 11:42:08	0,81	5,93	30,96	26,64	1448,24
490	03.08.2025 11:42:09	0,81	5,95	30,96	26,64	1448,24
491	03.08.2025 11:42:10	0,81	5,93	30,96	26,64	1448,24
492	03.08.2025 11:42:11	0,81	5,93	30,96	26,64	1448,24
493	03.08.2025 11:42:12	0,81	5,93	30,96	26,64	1448,24
494	03.08.2025 11:42:13	0,81	5,93	30,96	26,64	1448,24
495	03.08.2025 11:42:14	0,81	5,93	30,96	26,64	1448,24
496	03.08.2025 11:42:15	0,81	5,93	30,93	26,61	1448,20
497	03.08.2025 11:42:16	0,81	5,95	30,96	26,64	1448,24
498	03.08.2025 11:42:17	0,81	5,95	30,96	26,64	1448,24
499	03.08.2025 11:42:18	0,81	5,93	30,93	26,61	1448,20
500	03.08.2025 11:42:19	0,81	5,95	30,96	26,64	1448,24
501	03.08.2025 11:42:20	0,81	5,95	30,96	26,64	1448,24
502	03.08.2025 11:42:21	0,81	5,93	30,96	26,64	1448,24
503	03.08.2025 11:42:22	0,81	5,95	30,96	26,64	1448,24
504	03.08.2025 11:42:23	0,81	5,93	30,96	26,64	1448,24
505	03.08.2025 11:42:24	0,81	5,95	30,96	26,64	1448,24
506	03.08.2025 11:42:25	0,77	5,95	31,01	26,64	1448,12
507	03.08.2025 11:42:26	0,81	5,95	30,96	26,64	1448,24
508	03.08.2025 11:42:27	0,81	5,95	30,96	26,64	1448,24
509	03.08.2025 11:42:28	0,81	5,95	30,96	26,64	1448,24
510	03.08.2025 11:42:29	0,77	5,91	31,01	26,64	1448,11
511	03.08.2025 11:42:30	0,77	5,89	31,01	26,64	1448,11
512	03.08.2025 11:42:31	0,77	5,89	31,01	26,64	1448,11
513	03.08.2025 11:42:32	0,81	5,88	30,96	26,64	1448,23
514	03.08.2025 11:42:33	0,77	5,86	31,01	26,64	1448,10
515	03.08.2025 11:42:34	0,77	5,84	31,01	26,64	1448,10
516	03.08.2025 11:42:35	0,77	5,87	31,01	26,64	1448,11
517	03.08.2025 11:42:36	0,77	5,86	31,01	26,64	1448,10
518	03.08.2025 11:42:37	0,77	5,87	31,01	26,64	1448,11
519	03.08.2025 11:42:38	0,77	5,86	31,01	26,64	1448,10
520	03.08.2025 11:42:39	0,77	5,87	31,01	26,64	1448,11
521	03.08.2025 11:42:40	0,77	5,87	31,01	26,64	1448,11
522	03.08.2025 11:42:41	0,77	5,87	31,01	26,64	1448,11
523	03.08.2025 11:42:42	0,77	5,87	31,01	26,64	1448,11
524	03.08.2025 11:42:43	0,77	5,86	31,01	26,64	1448,10
525	03.08.2025 11:42:44	0,77	5,87	31,01	26,64	1448,11
526	03.08.2025 11:42:45	0,77	5,87	31,01	26,64	1448,11
527	03.08.2025 11:42:46	0,77	5,87	31,01	26,64	1448,11
528	03.08.2025 11:42:47	0,77	5,87	31,01	26,64	1448,11
529	03.08.2025 11:42:48	0,77	5,87	31,01	26,64	1448,11
530	03.08.2025 11:42:49	0,77	5,87	31,01	26,64	1448,11
531	03.08.2025 11:42:50	0,77	5,87	31,01	26,64	1448,11
532	03.08.2025 11:42:51	0,77	5,87	31,01	26,64	1448,11
533	03.08.2025 11:42:52	0,77	5,86	31,01	26,64	1448,10
534	03.08.2025 11:42:53	0,77	5,86	31,01	26,64	1448,10
535	03.08.2025 11:42:54	0,77	5,84	31,01	26,64	1448,10
536	03.08.2025 11:42:55	0,77	5,84	31,01	26,64	1448,10
537	03.08.2025 11:42:56	0,77	5,84	31,01	26,64	1448,10
538	03.08.2025 11:42:57	0,77	5,84	31,01	26,64	1448,10
539	03.08.2025 11:42:58	0,77	5,84	31,01	26,64	1448,10
540	03.08.2025 11:42:59	0,77	5,84	31,01	26,64	1448,10
541	03.08.2025 11:43:00	0,77	5,86	31,01	26,64	1448,10
542	03.08.2025 11:43:01	0,77	5,84	31,01	26,64	1448,10
543	03.08.2025 11:43:02	0,77	5,86	31,01	26,64	1448,10
544	03.08.2025 11:43:03	0,77	5,87	31,01	26,64	1448,11
545	03.08.2025 11:43:04	0,77	5,87	31,01	26,64	1448,11
546	03.08.2025 11:43:05	0,77	5,87	31,01	26,64	1448,11
547	03.08.2025 11:43:06	0,77	5,86	31,01	26,64	1448,10
548	03.08.2025 11:43:07	0,77	5,87	31,01	26,64	1448,11
549	03.08.2025 11:43:08	0,77	5,87	31,01	26,64	1448,11
550	03.08.2025 11:43:09	0,77	5,87	31,01	26,64	1448,11
551	03.08.2025 11:43:10	0,77	5,87	31,01	26,64	1448,11
552	03.08.2025 11:43:11	0,77	5,87	31,01	26,64	1448,11
553	03.08.2025 11:43:12	0,77	5,87	31,01	26,64	1448,11
554	03.08.2025 11:43:13	0,77	5,87	31,01	26,64	1448,11
555	03.08.2025 11:43:14	0,77	5,87	31,01	26,64	1448,11
556	03.08.2025 11:43:15	0,77	5,89	31,01	26,64	1448,11
557	03.08.2025 11:43:16	0,77	5,87	31,01	26,64	1448,11
558	03.08.2025 11:43:17	0,77	5,86	31,01	26,64	1448,10
559	03.08.2025 11:43:18	0,77	5,87	31,01	26,64	1448,11
560	03.08.2025 11:43:19	0,77	5,87	31,01	26,64	1448,11
561	03.08.2025 11:43:20	0,77	5,87	31,01	26,64	1448,11
562	03.08.2025 11:43:21	0,77	5,86	31,01	26,64	1448,10
563	03.08.2025 11:43:22	0,77	5,87	31,01	26,64	1448,11
564	03.08.2025 11:43:23	0,77	5,87	31,01	26,64	1448,11
565	03.08.2025 11:43:24	0,77	5,87	31,01	26,64	1448,11
566	03.08.2025 11:43:25	0,77	5,89	31,01	26,64	1448,11
567	03.08.2025 11:43:26	0,77	5,89	31,01	26,64	1448,11
568	03.08.2025 11:43:27	0,77	5,89	31,01	26,64	1448,11
569	03.08.2025 11:43:28	0,77	5,89	31,01	26,64	1448,11
570	03.08.2025 11:43:29	0,77	5,87	31,01	26,64	1448,11
571	03.08.2025 11:43:30	0,77	5,87	31,01	26,64	1448,11
572	03.08.2025 11:43:31	0,77	5,89	31,01	26,64	1448,11
573	03.08.2025 11:43:32	0,77	5,87	31,01	26,64	1448,11
574	03.08.2025 11:43:33	0,77	5,89	31,01	26,64	1448,11
575	03.08.2025 11:43:34	0,77	5,89	31,01	26,64	1448,11
576	03.08.2025 11:43:35	0,77	5,89	31,01	26,64	1448,11
577	03.08.2025 11:43:36	0,77	5,89	31,01	26,64	1448,11
578	03.08.2025 11:43:37	0,77	5,89	31,01	26,64	1448,11
579	03.08.2025 11:43:38	0,77	5,87	31,01	26,64	1448,11
580	03.08.2025 11:43:39	0,77	5,89	31,01	26,64	1448,11
581	03.08.2025 11:43:40	0,77	5,87	31,01	26,64	1448,11
582	03.08.2025 11:43:41	0,77	5,84	31,01	26,64	1448,10
583	03.08.2025 11:43:42	0,77	5,84	31,01	26,64	1448,10
584	03.08.2025 11:43:43	0,77	5,86	31,01	26,64	1448,10
585	03.08.2025 11:43:44	0,77	5,86	31,01	26,64	1448,10
586	03.08.2025 11:43:45	0,77	5,82	31,01	26,64	1448,10
587	03.08.2025 11:43:46	0,77	5,82	31,01	26,64	1448,10
588	03.08.2025 11:43:47	0,77	5,84	31,01	26,64	1448,10
589	03.08.2025 11:43:48	0,77	5,84	31,01	26,64	1448,10
590	03.08.2025 11:43:49	0,77	5,84	31,01	26,64	1448,10
591	03.08.2025 11:43:50	0,77	5,82	31,01	26,64	1448,10
592	03.08.2025 11:43:51	0,77	5,84	31,01	26,64	1448,10
593	03.08.2025 11:43:52	0,77	5,82	31,01	26,64	1448,10
594	03.08.2025 11:43:53	0,77	5,84	31,01	26,64	1448,10
595	03.08.2025 11:43:54	0,77	5,82	31,01	26,64	1448,10
596	03.08.2025 11:43:55	0,77	5,82	31,01	26,64	1448,10
597	03.08.2025 11:43:56	0,77	5,80	31,01	26,64	1448,09
598	03.08.2025 11:43:57	0,77	5,82	31,01	26,64	1448,10
599	03.08.2025 11:43:58	0,77	5,84	31,01	26,64	1448,10
600	03.08.2025 11:43:59	0,77	5,82	31,01	26,64	1448,10
601	03.08.2025 11:44:00	0,77	5,82	31,01	26,64	1448,10
602	03.08.2025 11:44:01	0,77	5,84	31,01	26,64	1448,10
603	03.08.2025 11:44:02	0,77	5,86	31,01	26,64	1448,10
604	03.08.2025 11:44:03	0,77	5,84	31,01	26,64	1448,10
605	03.08.2025 11:44:04	0,77	5,84	31,01	26,64	1448,10
606	03.08.2025 11:44:05	0,77	5,86	31,01	26,64	1448,10
607	03.08.2025 11:44:06	0,77	5,86	31,01	26,64	1448,10
608	03.08.2025 11:44:07	0,77	5,86	31,01	26,64	1448,10
609	03.08.2025 11:44:08	0,77	5,87	31,01	26,64	1448,11
610	03.08.2025 11:44:09	0,77	5,87	31,01	26,64	1448,11
611	03.08.2025 11:44:10	0,77	5,86	31,01	26,64	1448,10
612	03.08.2025 11:44:11	0,77	5,86	31,01	26,64	1448,10
613	03.08.2025 11:44:12	0,77	5,86	31,01	26,64	1448,10
614	03.08.2025 11:44:13	0,77	5,86	31,01	26,64	1448,10
615	03.08.2025 11:44:14	0,77	5,87	31,01	26,64	1448,11
616	03.08.2025 11:44:15	0,77	5,87	31,01	26,64	1448,11
617	03.08.2025 11:44:16	0,77	5,87	31,01	26,64	1448,11
618	03.08.2025 11:44:17	0,77	5,87	31,01	26,64	1448,11
619	03.08.2025 11:44:18	0,77	5,87	31,01	26,64	1448,11
620	03.08.2025 11:44:19	0,77	5,87	31,01	26,64	1448,11
621	03.08.2025 11:44:20	0,77	5,86	31,01	26,64	1448,10
622	03.08.2025 11:44:21	0,77	5,87	31,01	26,64	1448,11
623	03.08.2025 11:44:22	0,77	5,89	31,01	26,64	1448,11
624	03.08.2025 11:44:23	0,77	5,89	31,01	26,64	1448,11
625	03.08.2025 11:44:24	0,77	5,87	31,01	26,64	1448,11
626	03.08.2025 11:44:25	0,77	5,87	31,01	26,64	1448,11
627	03.08.2025 11:44:26	0,77	5,87	31,01	26,64	1448,11
628	03.08.2025 11:44:27	0,77	5,87	31,01	26,64	1448,11
629	03.08.2025 11:44:28	0,77	5,87	31,01	26,64	1448,11
630	03.08.2025 11:44:29	0,77	5,87	31,01	26,64	1448,11
631	03.08.2025 11:44:30	0,77	5,87	31,01	26,64	1448,11
632	03.08.2025 11:44:31	0,77	5,87	31,01	26,64	1448,11
633	03.08.2025 11:44:32	0,77	5,87	31,01	26,64	1448,11
634	03.08.2025 11:44:33	0,77	5,89	31,01	26,64	1448,11
635	03.08.2025 11:44:34	0,77	5,87	31,01	26,64	1448,11
636	03.08.2025 11:44:35	0,77	5,87	31,04	26,66	1448,15
637	03.08.2025 11:44:36	0,77	5,87	31,01	26,64	1448,11
638	03.08.2025 11:44:37	0,77	5,87	31,01	26,64	1448,11
639	03.08.2025 11:44:38	0,77	5,87	31,01	26,64	1448,11
640	03.08.2025 11:44:39	0,77	5,86	31,01	26,64	1448,10
641	03.08.2025 11:44:40	0,77	5,86	31,01	26,64	1448,10
642	03.08.2025 11:44:41	0,77	5,87	31,01	26,64	1448,11
643	03.08.2025 11:44:42	0,77	5,87	31,01	26,64	1448,11
644	03.08.2025 11:44:43	0,77	5,87	31,01	26,64	1448,11
645	03.08.2025 11:44:44	0,77	5,87	31,01	26,64	1448,11
646	03.08.2025 11:44:45	0,77	5,84	31,04	26,66	1448,14
647	03.08.2025 11:44:46	0,77	5,84	31,01	26,64	1448,10
648	03.08.2025 11:44:47	0,77	5,84	31,01	26,64	1448,10
649	03.08.2025 11:44:48	0,77	5,84	31,01	26,64	1448,10
650	03.08.2025 11:44:49	0,77	5,84	31,01	26,64	1448,10
651	03.08.2025 11:44:50	0,77	5,84	31,04	26,66	1448,14
652	03.08.2025 11:44:51	0,77	5,84	31,01	26,64	1448,10
653	03.08.2025 11:44:52	0,77	5,84	31,01	26,64	1448,10
654	03.08.2025 11:44:53	0,81	5,86	30,96	26,64	1448,23
655	03.08.2025 11:44:54	0,77	5,84	31,01	26,64	1448,10
656	03.08.2025 11:44:55	0,77	5,82	31,04	26,66	1448,14
657	03.08.2025 11:44:56	0,77	5,82	31,04	26,66	1448,14
658	03.08.2025 11:44:57	0,77	5,84	31,01	26,64	1448,10
659	03.08.2025 11:44:58	0,81	5,84	30,96	26,64	1448,23
660	03.08.2025 11:44:59	0,77	5,82	31,01	26,64	1448,10
661	03.08.2025 11:45:00	0,77	5,82	31,04	26,66	1448,14
662	03.08.2025 11:45:01	0,77	5,82	31,01	26,64	1448,10
663	03.08.2025 11:45:02	0,77	5,82	31,04	26,66	1448,14
664	03.08.2025 11:45:03	0,81	5,82	30,96	26,64	1448,22
665	03.08.2025 11:45:04	0,77	5,82	31,04	26,66	1448,14
666	03.08.2025 11:45:05	0,77	5,84	31,01	26,64	1448,10
667	03.08.2025 11:45:06	0,77	5,84	31,01	26,64	1448,10
668	03.08.2025 11:45:07	0,77	5,84	31,01	26,64	1448,10
669	03.08.2025 11:45:08	0,77	5,84	31,04	26,66	1448,14
670	03.08.2025 11:45:09	0,77	5,84	31,01	26,64	1448,10
671	03.08.2025 11:45:10	0,77	5,86	31,04	26,66	1448,15
672	03.08.2025 11:45:11	0,77	5,84	31,04	26,66	1448,14
673	03.08.2025 11:45:12	0,77	5,84	31,04	26,66	1448,14
674	03.08.2025 11:45:13	0,77	5,84	31,04	26,66	1448,14
675	03.08.2025 11:45:14	0,77	5,86	31,01	26,64	1448,10
676	03.08.2025 11:45:15	0,77	5,86	31,01	26,64	1448,10
677	03.08.2025 11:45:16	0,77	5,86	31,01	26,64	1448,10
678	03.08.2025 11:45:17	0,77	5,84	31,04	26,66	1448,14
679	03.08.2025 11:45:18	0,77	5,84	31,01	26,64	1448,10
680	03.08.2025 11:45:19	0,77	5,84	31,01	26,64	1448,10
681	03.08.2025 11:45:20	0,77	5,86	31,04	26,66	1448,15
682	03.08.2025 11:45:21	0,77	5,86	31,01	26,64	1448,10
683	03.08.2025 11:45:22	0,77	5,86	31,01	26,64	1448,10
684	03.08.2025 11:45:23	0,77	5,87	31,04	26,66	1448,15
685	03.08.2025 11:45:24	0,77	5,87	31,01	26,64	1448,11
686	03.08.2025 11:45:25	0,77	5,87	31,04	26,66	1448,15
687	03.08.2025 11:45:26	0,77	5,87	31,04	26,66	1448,15
688	03.08.2025 11:45:27	0,81	5,89	31,00	26,66	1448,28
689	03.08.2025 11:45:28	0,77	5,89	31,04	26,66	1448,15
690	03.08.2025 11:45:29	0,81	5,89	31,00	26,66	1448,28
691	03.08.2025 11:45:30	0,77	5,89	31,04	26,66	1448,15
692	03.08.2025 11:45:31	0,81	5,91	31,00	26,66	1448,28
693	03.08.2025 11:45:32	0,81	5,91	31,00	26,66	1448,28
694	03.08.2025 11:45:33	0,81	5,89	31,00	26,66	1448,28
695	03.08.2025 11:45:34	0,81	5,89	31,00	26,66	1448,28
696	03.08.2025 11:45:35	0,81	5,91	31,00	26,66	1448,28
697	03.08.2025 11:45:36	0,81	5,89	31,00	26,66	1448,28
698	03.08.2025 11:45:37	0,81	5,88	31,00	26,66	1448,28
699	03.08.2025 11:45:38	0,81	5,89	31,00	26,66	1448,28
700	03.08.2025 11:45:39	0,77	5,89	31,04	26,66	1448,15
701	03.08.2025 11:45:40	0,81	5,89	31,00	26,66	1448,28
702	03.08.2025 11:45:41	0,81	5,91	30,96	26,64	1448,24
703	03.08.2025 11:45:42	0,81	5,91	31,00	26,66	1448,28
704	03.08.2025 11:45:43	0,81	5,91	31,00	26,66	1448,28
705	03.08.2025 11:45:44	0,81	5,91	31,00	26,66	1448,28
706	03.08.2025 11:45:45	0,81	5,91	31,00	26,66	1448,28
707	03.08.2025 11:45:46	0,81	5,91	31,00	26,66	1448,28
708	03.08.2025 11:45:47	0,81	5,93	31,00	26,66	1448,28
709	03.08.2025 11:45:48	0,81	5,91	31,00	26,66	1448,28
710	03.08.2025 11:45:49	0,81	5,91	31,00	26,66	1448,28
711	03.08.2025 11:45:50	0,81	5,91	31,00	26,66	1448,28
712	03.08.2025 11:45:51	0,81	5,91	31,00	26,66	1448,28
713	03.08.2025 11:45:52	0,81	5,89	31,00	26,66	1448,28
714	03.08.2025 11:45:53	0,81	5,91	31,00	26,66	1448,28
715	03.08.2025 11:45:54	0,81	5,91	31,00	26,66	1448,28
716	03.08.2025 11:45:55	0,81	5,91	31,00	26,66	1448,28
717	03.08.2025 11:45:56	0,81	5,91	31,00	26,66	1448,28
718	03.08.2025 11:45:57	0,81	5,91	31,00	26,66	1448,28
719	03.08.2025 11:45:58	0,81	5,93	31,00	26,66	1448,28
720	03.08.2025 11:45:59	0,81	5,93	31,00	26,66	1448,28
721	03.08.2025 11:46:00	0,81	5,93	31,00	26,66	1448,28
722	03.08.2025 11:46:01	0,81	5,93	31,00	26,66	1448,28
723	03.08.2025 11:46:02	0,81	5,93	31,00	26,66	1448,28
724	03.08.2025 11:46:03	0,81	5,93	31,00	26,66	1448,28
725	03.08.2025 11:46:04	0,81	5,95	31,00	26,66	1448,29
726	03.08.2025 11:46:05	0,81	5,91	31,00	26,66	1448,28
727	03.08.2025 11:46:06	0,81	5,91	31,00	26,66	1448,28
728	03.08.2025 11:46:07	0,81	5,91	31,00	26,66	1448,28
729	03.08.2025 11:46:08	0,81	5,89	31,00	26,66	1448,28
730	03.08.2025 11:46:09	0,81	5,88	31,00	26,66	1448,28
731	03.08.2025 11:46:10	0,81	5,86	31,00	26,66	1448,27
732	03.08.2025 11:46:11	0,81	5,82	31,00	26,66	1448,27
733	03.08.2025 11:46:12	0,81	5,81	31,00	26,66	1448,26
734	03.08.2025 11:46:13	0,81	5,79	31,00	26,66	1448,26
735	03.08.2025 11:46:14	0,81	5,75	31,00	26,66	1448,26
736	03.08.2025 11:46:15	0,81	5,70	31,00	26,66	1448,25
737	03.08.2025 11:46:16	0,81	5,68	31,00	26,66	1448,24
738	03.08.2025 11:46:17	0,81	5,64	31,00	26,66	1448,24
739	03.08.2025 11:46:18	0,81	5,59	31,00	26,66	1448,23
740	03.08.2025 11:46:19	0,81	5,55	31,00	26,66	1448,23
741	03.08.2025 11:46:20	0,81	5,50	31,00	26,66	1448,22
742	03.08.2025 11:46:21	0,81	5,46	31,00	26,66	1448,21
743	03.08.2025 11:46:22	0,81	5,41	31,00	26,66	1448,20
744	03.08.2025 11:46:23	0,81	5,37	31,00	26,66	1448,20
745	03.08.2025 11:46:24	0,81	5,32	31,06	26,71	1448,27
746	03.08.2025 11:46:25	0,81	5,29	31,19	26,81	1448,44
747	03.08.2025 11:46:26	0,85	5,22	31,18	26,84	1448,60
748	03.08.2025 11:46:27	0,89	5,15	31,17	26,86	1448,75
749	03.08.2025 11:46:28	0,89	5,11	31,17	26,86	1448,75
750	03.08.2025 11:46:29	0,93	5,04	31,13	26,86	1448,86
751	03.08.2025 11:46:30	0,93	4,99	31,13	26,86	1448,85
752	03.08.2025 11:46:31	0,93	4,92	31,13	26,86	1448,84
753	03.08.2025 11:46:32	0,97	4,90	31,09	26,86	1448,97
754	03.08.2025 11:46:33	0,97	4,85	31,09	26,86	1448,96
755	03.08.2025 11:46:34	0,97	4,79	31,09	26,86	1448,95
756	03.08.2025 11:46:35	0,97	4,76	31,09	26,86	1448,94
757	03.08.2025 11:46:36	0,97	4,69	31,09	26,86	1448,93
758	03.08.2025 11:46:37	0,97	4,67	31,09	26,86	1448,93
759	03.08.2025 11:46:38	0,97	4,62	31,09	26,86	1448,92
760	03.08.2025 11:46:39	1,01	4,60	31,08	26,88	1449,08
761	03.08.2025 11:46:40	1,01	4,55	31,05	26,86	1449,04
762	03.08.2025 11:46:41	1,01	4,51	31,05	26,86	1449,03
763	03.08.2025 11:46:42	1,01	4,49	31,09	26,88	1449,07
764	03.08.2025 11:46:43	1,01	4,46	31,09	26,88	1449,06
765	03.08.2025 11:46:44	1,01	4,42	31,09	26,88	1449,06
766	03.08.2025 11:46:45	1,01	4,40	31,25	27,01	1449,27
767	03.08.2025 11:46:46	1,05	4,39	31,24	27,03	1449,43
768	03.08.2025 11:46:47	1,09	4,34	31,19	27,03	1449,55
769	03.08.2025 11:46:48	1,09	4,34	31,23	27,05	1449,59
770	03.08.2025 11:46:49	1,13	4,32	31,22	27,08	1449,75
771	03.08.2025 11:46:50	1,13	4,30	31,34	27,18	1449,92
772	03.08.2025 11:46:51	1,21	4,29	31,33	27,22	1450,25
773	03.08.2025 11:46:52	1,25	4,28	31,29	27,22	1450,37
774	03.08.2025 11:46:53	1,29	4,26	31,24	27,22	1450,49
775	03.08.2025 11:46:54	1,29	4,26	31,28	27,25	1450,53
776	03.08.2025 11:46:55	1,33	4,23	31,24	27,25	1450,65
777	03.08.2025 11:46:56	1,33	4,21	31,27	27,27	1450,69
778	03.08.2025 11:46:57	1,37	4,22	31,26	27,30	1450,85
779	03.08.2025 11:46:58	1,40	4,22	31,25	27,32	1451,02
780	03.08.2025 11:46:59	1,40	4,20	31,28	27,34	1451,05
781	03.08.2025 11:47:00	1,44	4,20	31,21	27,32	1451,14
782	03.08.2025 11:47:01	1,44	4,19	31,27	27,37	1451,22
783	03.08.2025 11:47:02	1,48	4,19	31,23	27,37	1451,34
784	03.08.2025 11:47:03	1,52	4,19	31,22	27,39	1451,50
785	03.08.2025 11:47:04	1,52	4,17	31,25	27,42	1451,54
786	03.08.2025 11:47:05	1,56	4,16	31,25	27,44	1451,70
787	03.08.2025 11:47:06	1,60	4,16	31,24	27,46	1451,86
788	03.08.2025 11:47:07	1,60	4,16	31,27	27,49	1451,91
789	03.08.2025 11:47:08	1,64	4,16	31,20	27,46	1451,99
790	03.08.2025 11:47:09	1,64	4,16	31,23	27,49	1452,03
791	03.08.2025 11:47:10	1,68	4,15	31,16	27,46	1452,10
792	03.08.2025 11:47:11	1,68	4,15	31,16	27,46	1452,10
793	03.08.2025 11:47:12	1,68	4,15	31,16	27,46	1452,10
794	03.08.2025 11:47:13	1,68	4,15	31,16	27,46	1452,10
795	03.08.2025 11:47:14	1,68	4,13	31,19	27,49	1452,14
796	03.08.2025 11:47:15	1,72	4,15	31,15	27,49	1452,27
797	03.08.2025 11:47:16	1,72	4,15	31,15	27,49	1452,27
798	03.08.2025 11:47:17	1,72	4,13	31,21	27,54	1452,35
799	03.08.2025 11:47:18	1,76	4,14	31,17	27,54	1452,47
800	03.08.2025 11:47:19	1,79	4,14	31,13	27,53	1452,59
801	03.08.2025 11:47:20	1,79	4,14	31,13	27,53	1452,59
802	03.08.2025 11:47:21	1,79	4,14	31,13	27,53	1452,59
803	03.08.2025 11:47:22	1,83	4,13	31,09	27,53	1452,71
804	03.08.2025 11:47:23	1,83	4,13	31,06	27,51	1452,67
805	03.08.2025 11:47:24	1,83	4,13	31,03	27,48	1452,63
806	03.08.2025 11:47:25	1,83	4,11	31,06	27,51	1452,66
807	03.08.2025 11:47:26	1,83	4,13	31,09	27,53	1452,71
808	03.08.2025 11:47:27	1,83	4,11	31,06	27,51	1452,66
809	03.08.2025 11:47:28	1,87	4,11	31,02	27,51	1452,78
810	03.08.2025 11:47:29	1,87	4,11	31,05	27,53	1452,83
811	03.08.2025 11:47:30	1,87	4,09	31,09	27,56	1452,86
812	03.08.2025 11:47:31	1,87	4,07	31,12	27,58	1452,90
813	03.08.2025 11:47:32	1,91	4,08	31,08	27,58	1453,02
814	03.08.2025 11:47:33	1,91	4,08	31,08	27,58	1453,02
815	03.08.2025 11:47:34	1,95	4,06	31,04	27,58	1453,14
816	03.08.2025 11:47:35	1,95	4,06	31,07	27,61	1453,18
817	03.08.2025 11:47:36	1,99	4,05	31,03	27,61	1453,30
818	03.08.2025 11:47:37	1,99	4,03	31,06	27,63	1453,34
819	03.08.2025 11:47:38	1,99	4,01	31,09	27,65	1453,37
820	03.08.2025 11:47:39	2,03	4,01	31,11	27,70	1453,57
821	03.08.2025 11:47:40	2,07	4,00	31,14	27,75	1453,77
822	03.08.2025 11:47:41	2,10	4,00	31,16	27,80	1453,97
823	03.08.2025 11:47:42	2,14	3,97	31,12	27,80	1454,09
824	03.08.2025 11:47:43	2,18	3,95	31,08	27,80	1454,20
825	03.08.2025 11:47:44	2,18	3,94	31,05	27,78	1454,16
826	03.08.2025 11:47:45	2,22	3,94	31,01	27,77	1454,28
827	03.08.2025 11:47:46	2,22	3,90	31,01	27,77	1454,27
828	03.08.2025 11:47:47	2,22	3,90	31,04	27,80	1454,31
829	03.08.2025 11:47:48	2,26	3,89	31,01	27,80	1454,43
830	03.08.2025 11:47:49	2,26	3,89	30,98	27,77	1454,39
831	03.08.2025 11:47:50	2,26	3,87	30,98	27,77	1454,39
832	03.08.2025 11:47:51	2,26	3,85	31,04	27,82	1454,46
833	03.08.2025 11:47:52	2,30	3,85	31,03	27,85	1454,62
834	03.08.2025 11:47:53	2,30	3,84	31,06	27,87	1454,66
835	03.08.2025 11:47:54	2,33	3,80	31,05	27,90	1454,81
836	03.08.2025 11:47:55	2,33	3,79	31,08	27,92	1454,85
837	03.08.2025 11:47:56	2,37	3,77	31,07	27,95	1455,01
838	03.08.2025 11:47:57	2,41	3,79	31,07	27,97	1455,17
839	03.08.2025 11:47:58	2,45	3,74	31,06	27,99	1455,32
840	03.08.2025 11:47:59	2,45	3,70	31,12	28,04	1455,39
841	03.08.2025 11:48:00	2,49	3,71	31,14	28,09	1455,59
842	03.08.2025 11:48:01	2,56	3,68	31,07	28,09	1455,82
843	03.08.2025 11:48:02	2,60	3,66	31,03	28,09	1455,93
844	03.08.2025 11:48:03	2,60	3,63	31,09	28,14	1456,01
845	03.08.2025 11:48:04	2,64	3,63	31,08	28,16	1456,16
846	03.08.2025 11:48:05	2,68	3,60	31,07	28,19	1456,31
847	03.08.2025 11:48:06	2,72	3,60	31,10	28,24	1456,51
848	03.08.2025 11:48:07	2,75	3,57	31,09	28,26	1456,66
849	03.08.2025 11:48:08	2,79	3,53	31,08	28,29	1456,81
850	03.08.2025 11:48:09	2,83	3,54	31,05	28,29	1456,92
851	03.08.2025 11:48:10	2,87	3,50	31,01	28,28	1457,04
852	03.08.2025 11:48:11	2,91	3,49	31,00	28,31	1457,19
853	03.08.2025 11:48:12	2,91	3,45	31,00	28,31	1457,18
854	03.08.2025 11:48:13	2,94	3,44	30,96	28,31	1457,29
855	03.08.2025 11:48:14	2,94	3,42	30,99	28,33	1457,33
856	03.08.2025 11:48:15	2,98	3,40	30,99	28,36	1457,48
857	03.08.2025 11:48:16	3,02	3,39	31,07	28,46	1457,75
858	03.08.2025 11:48:17	3,06	3,37	31,09	28,50	1457,94
859	03.08.2025 11:48:18	3,10	3,36	31,12	28,55	1458,13
860	03.08.2025 11:48:19	3,17	3,33	31,16	28,65	1458,51
861	03.08.2025 11:48:20	3,25	3,30	31,09	28,65	1458,73
862	03.08.2025 11:48:21	3,28	3,26	31,05	28,65	1458,84
863	03.08.2025 11:48:22	3,32	3,25	31,01	28,65	1458,95
864	03.08.2025 11:48:23	3,36	3,22	30,98	28,65	1459,06
865	03.08.2025 11:48:24	3,40	3,20	31,00	28,70	1459,25
866	03.08.2025 11:48:25	3,43	3,19	31,02	28,75	1459,43
867	03.08.2025 11:48:26	3,47	3,15	31,02	28,77	1459,58
868	03.08.2025 11:48:27	3,51	3,14	31,01	28,80	1459,73
869	03.08.2025 11:48:28	3,55	3,10	31,00	28,82	1459,87
870	03.08.2025 11:48:29	3,58	3,09	31,00	28,85	1460,02
871	03.08.2025 11:48:30	3,66	3,08	30,93	28,85	1460,24
872	03.08.2025 11:48:31	3,69	3,04	30,89	28,84	1460,35
873	03.08.2025 11:48:32	3,73	3,03	30,86	28,84	1460,46
874	03.08.2025 11:48:33	3,77	2,99	30,82	28,84	1460,57
875	03.08.2025 11:48:34	3,81	2,96	30,78	28,84	1460,67
876	03.08.2025 11:48:35	3,84	2,93	30,78	28,87	1460,82
877	03.08.2025 11:48:36	3,88	2,93	30,77	28,89	1460,97
878	03.08.2025 11:48:37	3,92	2,88	30,74	28,89	1461,07
879	03.08.2025 11:48:38	3,99	2,89	30,67	28,89	1461,29
880	03.08.2025 11:48:39	4,03	2,87	30,66	28,92	1461,44
881	03.08.2025 11:48:40	4,03	2,83	30,66	28,92	1461,43
882	03.08.2025 11:48:41	4,06	2,82	30,66	28,94	1461,58
883	03.08.2025 11:48:42	4,10	2,79	30,74	29,04	1461,83
884	03.08.2025 11:48:43	4,10	2,75	30,79	29,09	1461,90
885	03.08.2025 11:48:44	4,18	2,74	30,87	29,21	1462,31
886	03.08.2025 11:48:45	4,25	2,69	30,89	29,28	1462,63
887	03.08.2025 11:48:46	4,36	2,66	30,90	29,38	1463,10
888	03.08.2025 11:48:47	4,47	2,63	30,82	29,41	1463,46
889	03.08.2025 11:48:48	4,58	2,59	30,78	29,46	1463,85
890	03.08.2025 11:48:49	4,65	2,56	30,77	29,51	1464,13
891	03.08.2025 11:48:50	4,72	2,53	30,76	29,55	1464,42
892	03.08.2025 11:48:51	4,80	2,49	30,69	29,55	1464,62
893	03.08.2025 11:48:52	4,87	2,45	30,68	29,60	1464,90
894	03.08.2025 11:48:53	4,94	2,43	30,67	29,65	1465,19
895	03.08.2025 11:48:54	5,01	2,42	30,80	29,83	1465,65
896	03.08.2025 11:48:55	5,12	2,36	30,78	29,90	1466,07
897	03.08.2025 11:48:56	5,23	2,31	30,74	29,95	1466,45
898	03.08.2025 11:48:57	5,30	2,28	30,70	29,97	1466,69
899	03.08.2025 11:48:58	5,41	2,23	30,63	30,00	1467,03
900	03.08.2025 11:48:59	5,48	2,22	30,59	30,02	1467,27
901	03.08.2025 11:49:00	5,59	2,19	30,50	30,02	1467,58
902	03.08.2025 11:49:01	5,73	2,15	30,50	30,15	1468,16
903	03.08.2025 11:49:02	5,84	2,12	30,57	30,29	1468,68
904	03.08.2025 11:49:03	6,02	2,06	30,55	30,42	1469,36
905	03.08.2025 11:49:04	6,19	2,04	30,58	30,59	1470,10
906	03.08.2025 11:49:05	6,33	1,99	30,54	30,66	1470,60
907	03.08.2025 11:49:06	6,47	1,93	30,47	30,72	1471,07
908	03.08.2025 11:49:07	6,58	1,90	30,40	30,74	1471,39
909	03.08.2025 11:49:08	6,68	1,88	30,34	30,77	1471,72
910	03.08.2025 11:49:09	6,79	1,87	30,33	30,84	1472,12
911	03.08.2025 11:49:10	6,86	1,83	30,16	30,74	1472,18
912	03.08.2025 11:49:11	6,93	1,79	30,05	30,70	1472,30
913	03.08.2025 11:49:12	7,00	1,77	29,67	30,40	1472,09
914	03.08.2025 11:49:13	7,03	1,74	29,83	30,57	1472,42
915	03.08.2025 11:49:14	7,14	1,73	29,95	30,77	1472,99
916	03.08.2025 11:49:15	7,27	1,70	30,17	31,09	1473,81
917	03.08.2025 11:49:16	7,41	1,64	30,11	31,14	1474,25
918	03.08.2025 11:49:17	7,58	1,64	30,14	31,32	1474,96
919	03.08.2025 11:49:18	7,76	1,58	29,95	31,27	1475,37
920	03.08.2025 11:49:19	7,93	1,52	29,75	31,22	1475,77
921	03.08.2025 11:49:20	8,03	1,49	29,72	31,27	1476,12
922	03.08.2025 11:49:21	8,13	1,48	29,86	31,49	1476,69
923	03.08.2025 11:49:22	8,27	1,45	30,03	31,77	1477,42
924	03.08.2025 11:49:23	8,47	1,43	29,94	31,84	1478,07
925	03.08.2025 11:49:24	8,64	1,39	29,80	31,85	1478,53
926	03.08.2025 11:49:25	8,81	1,36	29,59	31,77	1478,89
927	03.08.2025 11:49:26	8,91	1,35	29,61	31,88	1479,29
928	03.08.2025 11:49:27	9,04	1,34	29,60	31,98	1479,78
929	03.08.2025 11:49:28	9,14	1,37	29,94	32,39	1480,59
930	03.08.2025 11:49:29	9,34	1,35	29,85	32,47	1481,22
931	03.08.2025 11:49:30	9,54	1,34	29,99	32,77	1482,13
932	03.08.2025 11:49:31	9,70	1,34	30,23	33,14	1483,03
933	03.08.2025 11:49:32	9,94	1,30	30,09	33,19	1483,70
934	03.08.2025 11:49:33	10,13	1,26	29,80	33,07	1484,06
935	03.08.2025 11:49:34	10,26	1,25	29,63	33,00	1484,32
936	03.08.2025 11:49:35	10,36	1,26	29,72	33,18	1484,79
937	03.08.2025 11:49:36	10,46	1,27	29,79	33,33	1485,23
938	03.08.2025 11:49:37	10,59	1,26	29,61	33,26	1485,48
939	03.08.2025 11:49:38	10,69	1,26	29,56	33,28	1485,77
940	03.08.2025 11:49:39	10,75	1,27	29,87	33,65	1486,39
941	03.08.2025 11:49:40	10,92	1,24	29,86	33,78	1486,95
942	03.08.2025 11:49:41	11,08	1,26	29,80	33,85	1487,46
943	03.08.2025 11:49:42	11,21	1,23	29,63	33,78	1487,71
944	03.08.2025 11:49:43	11,30	1,22	29,56	33,79	1487,96
945	03.08.2025 11:49:44	11,40	1,21	29,58	33,89	1488,32
946	03.08.2025 11:49:45	11,50	1,20	29,53	33,91	1488,60
947	03.08.2025 11:49:46	11,59	1,20	29,43	33,89	1488,82
948	03.08.2025 11:49:47	11,69	1,21	29,45	33,99	1489,18
949	03.08.2025 11:49:48	11,75	1,20	29,47	34,07	1489,43
950	03.08.2025 11:49:49	11,88	1,19	29,37	34,07	1489,75
951	03.08.2025 11:49:50	11,98	1,18	29,34	34,12	1490,05
952	03.08.2025 11:49:51	12,07	1,18	29,27	34,12	1490,30
953	03.08.2025 11:49:52	12,17	1,17	29,22	34,15	1490,57
954	03.08.2025 11:49:53	12,23	1,18	29,20	34,18	1490,76
955	03.08.2025 11:49:54	12,30	1,18	29,17	34,20	1490,95
956	03.08.2025 11:49:55	12,39	1,19	29,15	34,25	1491,25
957	03.08.2025 11:49:56	12,45	1,18	29,05	34,21	1491,35
958	03.08.2025 11:49:57	12,52	1,18	29,05	34,26	1491,57
959	03.08.2025 11:49:58	12,58	1,17	29,07	34,33	1491,81
960	03.08.2025 11:49:59	12,68	1,16	29,03	34,36	1492,08
961	03.08.2025 11:50:00	12,74	1,18	28,98	34,36	1492,24
962	03.08.2025 11:50:01	12,80	1,18	29,00	34,44	1492,48
963	03.08.2025 11:50:02	12,90	1,17	29,00	34,51	1492,80
964	03.08.2025 11:50:03	12,96	1,18	29,20	34,78	1493,26
965	03.08.2025 11:50:04	13,12	1,21	29,20	34,91	1493,80
966	03.08.2025 11:50:05	13,27	1,15	28,88	34,69	1493,93
967	03.08.2025 11:50:06	13,37	1,12	28,65	34,53	1493,97
968	03.08.2025 11:50:07	13,34	1,13	28,65	34,50	1493,87
969	03.08.2025 11:50:08	13,34	1,15	28,74	34,60	1493,98
970	03.08.2025 11:50:09	13,37	1,15	28,65	34,52	1493,98
971	03.08.2025 11:50:10	13,40	1,15	28,65	34,55	1494,08
972	03.08.2025 11:50:11	13,43	1,21	28,92	34,87	1494,52
973	03.08.2025 11:50:12	13,56	1,22	29,06	35,12	1495,10
974	03.08.2025 11:50:13	13,74	1,20	29,01	35,22	1495,67
975	03.08.2025 11:50:14	13,90	1,15	28,90	35,23	1496,04
976	03.08.2025 11:50:15	14,02	1,16	28,76	35,18	1496,29
977	03.08.2025 11:50:16	14,12	1,15	28,72	35,21	1496,55
978	03.08.2025 11:50:17	14,18	1,16	28,72	35,26	1496,75
979	03.08.2025 11:50:18	14,27	1,15	28,67	35,29	1497,00
980	03.08.2025 11:50:19	14,33	1,13	28,58	35,24	1497,10
981	03.08.2025 11:50:20	14,37	1,15	28,54	35,21	1497,15
982	03.08.2025 11:50:21	14,40	1,15	28,54	35,24	1497,25
983	03.08.2025 11:50:22	14,46	1,16	28,50	35,24	1497,40
984	03.08.2025 11:50:23	14,52	1,16	28,23	35,00	1497,29
985	03.08.2025 11:50:24	14,49	1,14	28,03	34,75	1496,95
986	03.08.2025 11:50:25	14,40	1,19	28,21	34,87	1496,86
987	03.08.2025 11:50:26	14,37	1,21	28,03	34,65	1496,55
988	03.08.2025 11:50:27	14,30	1,18	27,94	34,50	1496,24
989	03.08.2025 11:50:28	14,24	1,22	27,94	34,45	1496,04
990	03.08.2025 11:50:29	14,18	1,25	27,96	34,42	1495,87
991	03.08.2025 11:50:30	14,15	1,24	27,92	34,35	1495,71
992	03.08.2025 11:50:31	14,12	1,26	27,85	34,25	1495,53
993	03.08.2025 11:50:32	14,06	1,26	27,85	34,20	1495,32
994	03.08.2025 11:50:33	13,99	1,29	27,90	34,20	1495,17
995	03.08.2025 11:50:34	13,96	1,29	27,89	34,17	1495,07
996	03.08.2025 11:50:35	13,96	1,30	27,89	34,17	1495,07
997	03.08.2025 11:50:36	13,93	1,30	27,89	34,15	1494,97
998	03.08.2025 11:50:37	13,93	1,32	27,92	34,17	1495,00
999	03.08.2025 11:50:38	13,90	1,32	27,94	34,17	1494,92
1000	03.08.2025 11:50:39	13,90	1,32	27,96	34,20	1494,95
1001	03.08.2025 11:50:40	13,93	1,34	27,92	34,17	1495,00
1002	03.08.2025 11:50:41	13,93	1,34	27,87	34,12	1494,95
1003	03.08.2025 11:50:42	13,93	1,34	27,87	34,12	1494,95
1004	03.08.2025 11:50:43	13,93	1,34	27,92	34,17	1495,00
1005	03.08.2025 11:50:44	13,93	1,35	27,92	34,17	1495,00
1006	03.08.2025 11:50:45	13,93	1,35	27,92	34,17	1495,00
1007	03.08.2025 11:50:46	13,96	1,36	27,92	34,20	1495,11
1008	03.08.2025 11:50:47	13,96	1,36	27,94	34,22	1495,13
1009	03.08.2025 11:50:48	13,96	1,36	27,92	34,20	1495,11
1010	03.08.2025 11:50:49	13,99	1,34	27,94	34,25	1495,24
1011	03.08.2025 11:50:50	13,99	1,36	27,92	34,22	1495,21
1012	03.08.2025 11:50:51	13,99	1,34	27,94	34,25	1495,24
1013	03.08.2025 11:50:52	14,02	1,34	27,90	34,22	1495,29
1014	03.08.2025 11:50:53	14,02	1,34	27,92	34,25	1495,31
1015	03.08.2025 11:50:54	14,02	1,34	27,92	34,25	1495,31
1016	03.08.2025 11:50:55	14,02	1,34	27,92	34,25	1495,31
1017	03.08.2025 11:50:56	14,06	1,35	28,03	34,40	1495,55
1018	03.08.2025 11:50:57	14,09	1,35	28,12	34,52	1495,76
1019	03.08.2025 11:50:58	14,15	1,32	28,16	34,62	1496,01
1020	03.08.2025 11:50:59	14,24	1,31	28,07	34,60	1496,21
1021	03.08.2025 11:51:00	14,30	1,27	28,05	34,62	1496,39
1022	03.08.2025 11:51:01	14,33	1,28	28,12	34,72	1496,57
1023	03.08.2025 11:51:02	14,40	1,28	28,28	34,95	1496,96
1024	03.08.2025 11:51:03	14,52	1,27	28,43	35,22	1497,54
1025	03.08.2025 11:51:04	14,71	1,29	28,89	35,89	1498,70
1026	03.08.2025 11:51:05	15,01	1,22	28,84	36,09	1499,63
1027	03.08.2025 11:51:06	15,35	1,22	29,21	36,79	1501,15
1028	03.08.2025 11:51:07	15,75	1,15	29,04	36,92	1502,19
1029	03.08.2025 11:51:08	16,11	1,05	28,84	37,01	1503,10
1030	03.08.2025 11:51:09	16,39	0,99	28,70	37,06	1503,77
1031	03.08.2025 11:51:10	16,57	0,95	28,59	37,09	1504,20
1032	03.08.2025 11:51:11	16,72	0,91	28,51	37,12	1504,56
1033	03.08.2025 11:51:12	16,84	0,90	28,43	37,13	1504,84
1034	03.08.2025 11:51:13	16,93	0,89	28,39	37,15	1505,07
1035	03.08.2025 11:51:14	17,05	0,86	28,33	37,18	1505,36
1036	03.08.2025 11:51:15	17,14	0,85	28,24	37,16	1505,54
1037	03.08.2025 11:51:16	17,20	0,82	28,20	37,16	1505,67
1038	03.08.2025 11:51:17	17,26	0,82	28,16	37,16	1505,81
1039	03.08.2025 11:51:18	17,32	0,81	28,14	37,19	1505,97
1040	03.08.2025 11:51:19	17,41	0,80	28,08	37,19	1506,17
1041	03.08.2025 11:51:20	17,44	0,77	28,06	37,19	1506,23
1042	03.08.2025 11:51:21	17,50	0,79	28,02	37,20	1506,37
1043	03.08.2025 11:51:22	17,56	0,79	28,01	37,22	1506,53
1044	03.08.2025 11:51:23	17,62	0,78	27,94	37,20	1506,64
1045	03.08.2025 11:51:24	17,68	0,75	27,91	37,20	1506,77
1046	03.08.2025 11:51:25	17,71	0,77	27,89	37,20	1506,84
1047	03.08.2025 11:51:26	17,74	0,75	27,89	37,23	1506,93
1048	03.08.2025 11:51:27	17,80	0,72	27,83	37,20	1507,03
1049	03.08.2025 11:51:28	17,83	0,72	27,83	37,23	1507,13
1050	03.08.2025 11:51:29	17,86	0,71	27,79	37,21	1507,17
1051	03.08.2025 11:51:30	17,92	0,69	27,75	37,21	1507,30
1052	03.08.2025 11:51:31	17,95	0,69	27,73	37,21	1507,37
1053	03.08.2025 11:51:32	17,98	0,68	27,71	37,21	1507,43
1054	03.08.2025 11:51:33	18,01	0,66	27,69	37,21	1507,49
1055	03.08.2025 11:51:34	18,04	0,65	27,67	37,21	1507,56
1056	03.08.2025 11:51:35	18,07	0,65	27,65	37,21	1507,63
1057	03.08.2025 11:51:36	18,10	0,63	27,63	37,21	1507,69
1058	03.08.2025 11:51:37	18,13	0,62	27,63	37,24	1507,78
1059	03.08.2025 11:51:38	18,16	0,62	27,61	37,24	1507,85
1060	03.08.2025 11:51:39	18,22	0,59	27,55	37,22	1507,95
1061	03.08.2025 11:51:40	18,22	0,59	27,53	37,19	1507,93
1062	03.08.2025 11:51:41	18,25	0,59	27,52	37,19	1507,99
1063	03.08.2025 11:51:42	18,28	0,56	27,52	37,22	1508,08
1064	03.08.2025 11:51:43	18,31	0,56	27,48	37,20	1508,12
1065	03.08.2025 11:51:44	18,31	0,54	27,48	37,20	1508,12
1066	03.08.2025 11:51:45	18,34	0,53	27,46	37,20	1508,18
1067	03.08.2025 11:51:46	18,37	0,51	27,46	37,22	1508,27
1068	03.08.2025 11:51:47	18,40	0,51	27,44	37,22	1508,34
1069	03.08.2025 11:51:48	18,43	0,50	27,44	37,25	1508,42
1070	03.08.2025 11:51:49	18,46	0,48	27,40	37,22	1508,46
1071	03.08.2025 11:51:50	18,46	0,48	27,40	37,22	1508,46
1072	03.08.2025 11:51:51	18,49	0,44	27,36	37,20	1508,50
1073	03.08.2025 11:51:52	18,49	0,44	27,38	37,23	1508,52
1074	03.08.2025 11:51:53	18,52	0,43	27,36	37,23	1508,59
1075	03.08.2025 11:51:54	18,55	0,41	27,33	37,20	1508,63
1076	03.08.2025 11:51:55	18,55	0,41	27,35	37,23	1508,65
1077	03.08.2025 11:51:56	18,58	0,41	27,35	37,25	1508,74
1078	03.08.2025 11:51:57	18,58	0,39	27,33	37,23	1508,71
1079	03.08.2025 11:51:58	18,61	0,39	27,31	37,23	1508,78
1080	03.08.2025 11:51:59	18,64	0,39	27,31	37,25	1508,87
1081	03.08.2025 11:52:00	18,64	0,37	27,31	37,25	1508,86
1082	03.08.2025 11:52:01	18,67	0,35	27,27	37,23	1508,90
1083	03.08.2025 11:52:02	18,67	0,32	27,27	37,23	1508,90
1084	03.08.2025 11:52:03	18,67	0,32	27,29	37,26	1508,92
1085	03.08.2025 11:52:04	18,70	0,32	27,27	37,26	1508,99
1086	03.08.2025 11:52:05	18,70	0,28	27,25	37,23	1508,96
1087	03.08.2025 11:52:06	18,73	0,28	27,21	37,21	1509,00
1088	03.08.2025 11:52:07	18,73	0,26	27,23	37,23	1509,02
1089	03.08.2025 11:52:08	18,73	0,26	27,25	37,26	1509,05
1090	03.08.2025 11:52:09	18,76	0,25	27,23	37,26	1509,11
1091	03.08.2025 11:52:10	18,76	0,25	27,23	37,26	1509,11
1092	03.08.2025 11:52:11	18,79	0,21	27,19	37,23	1509,14
1093	03.08.2025 11:52:12	18,79	0,21	27,20	37,23	1509,14
1094	03.08.2025 11:52:13	18,79	0,19	27,22	37,26	1509,16
1095	03.08.2025 11:52:14	18,82	0,19	27,18	37,24	1509,21
1096	03.08.2025 11:52:15	18,82	0,17	27,20	37,26	1509,23
1097	03.08.2025 11:52:16	18,85	0,17	27,18	37,26	1509,29
1098	03.08.2025 11:52:17	18,85	0,16	27,18	37,26	1509,29
1099	03.08.2025 11:52:18	18,85	0,14	27,16	37,24	1509,26
1100	03.08.2025 11:52:19	18,88	0,10	27,16	37,26	1509,35
1101	03.08.2025 11:52:20	18,88	0,10	27,16	37,26	1509,35
1102	03.08.2025 11:52:21	18,88	0,10	27,14	37,24	1509,32
1103	03.08.2025 11:52:22	18,88	0,06	27,16	37,26	1509,34
1104	03.08.2025 11:52:23	18,91	0,05	27,12	37,24	1509,38
1105	03.08.2025 11:52:24	18,91	0,01	27,14	37,26	1509,40
1106	03.08.2025 11:52:25	18,91	0,01	27,14	37,26	1509,40
1107	03.08.2025 11:52:26	18,94	0,03	27,12	37,26	1509,47
1108	03.08.2025 11:52:27	18,94	0,03	27,12	37,26	1509,47
1109	03.08.2025 11:52:28	18,94	0,03	27,12	37,26	1509,47
1110	03.08.2025 11:52:29	18,94	-0,01	27,12	37,26	1509,46
1111	03.08.2025 11:52:30	18,97	-0,01	27,08	37,24	1509,50
1112	03.08.2025 11:52:31	18,97	0,01	27,08	37,24	1509,51
1113	03.08.2025 11:52:32	18,97	-0,01	27,08	37,24	1509,50
1114	03.08.2025 11:52:33	18,97	-0,01	27,08	37,24	1509,50
1115	03.08.2025 11:52:34	18,97	-0,01	27,10	37,26	1509,53
1116	03.08.2025 11:52:35	19,00	-0,01	27,08	37,27	1509,59
1117	03.08.2025 11:52:36	19,00	-0,01	27,06	37,24	1509,57
1118	03.08.2025 11:52:37	19,00	-0,03	27,08	37,27	1509,59
1119	03.08.2025 11:52:38	19,00	-0,01	27,08	37,27	1509,59
1120	03.08.2025 11:52:39	19,00	-0,03	27,08	37,27	1509,59
1121	03.08.2025 11:52:40	19,00	-0,03	27,06	37,24	1509,57
1122	03.08.2025 11:52:41	19,03	-0,01	27,05	37,24	1509,63
1123	03.08.2025 11:52:42	19,03	-0,01	27,05	37,24	1509,63
1124	03.08.2025 11:52:43	19,03	-0,01	27,05	37,24	1509,63
1125	03.08.2025 11:52:44	19,03	0,01	27,07	37,27	1509,66
1126	03.08.2025 11:52:45	19,03	-0,01	27,05	37,24	1509,63
1127	03.08.2025 11:52:46	19,03	-0,01	27,05	37,24	1509,63
1128	03.08.2025 11:52:47	19,03	-0,01	27,05	37,24	1509,63
1129	03.08.2025 11:52:48	19,06	-0,01	27,05	37,27	1509,72
1130	03.08.2025 11:52:49	19,06	-0,01	27,05	37,27	1509,72
1131	03.08.2025 11:52:50	19,06	-0,01	27,03	37,24	1509,70
1132	03.08.2025 11:52:51	19,06	-0,03	27,03	37,24	1509,70
1133	03.08.2025 11:52:52	19,06	-0,01	27,03	37,24	1509,70
1134	03.08.2025 11:52:53	19,06	-0,03	27,03	37,24	1509,70
1135	03.08.2025 11:52:54	19,06	-0,03	27,03	37,24	1509,70
1136	03.08.2025 11:52:55	19,06	-0,03	27,03	37,24	1509,70
1137	03.08.2025 11:52:56	19,06	-0,01	27,01	37,22	1509,68
1138	03.08.2025 11:52:57	19,06	-0,01	27,03	37,24	1509,70
1139	03.08.2025 11:52:58	19,06	-0,01	27,03	37,24	1509,70
1140	03.08.2025 11:52:59	19,06	-0,03	27,03	37,24	1509,70
1141	03.08.2025 11:53:00	19,08	0,01	27,01	37,24	1509,77
1142	03.08.2025 11:53:01	19,08	-0,01	27,01	37,24	1509,76
1143	03.08.2025 11:53:02	19,08	-0,01	27,01	37,24	1509,76
1144	03.08.2025 11:53:03	19,08	0,01	27,01	37,24	1509,77
1145	03.08.2025 11:53:04	19,08	0,01	27,01	37,24	1509,77
1146	03.08.2025 11:53:05	19,08	-0,01	27,01	37,24	1509,76
1147	03.08.2025 11:53:06	19,08	0,01	27,01	37,24	1509,77
1148	03.08.2025 11:53:07	19,08	0,01	27,01	37,24	1509,77
1149	03.08.2025 11:53:08	19,08	0,01	27,01	37,24	1509,77
1150	03.08.2025 11:53:09	19,08	0,01	27,03	37,27	1509,79
1151	03.08.2025 11:53:10	19,08	0,01	27,01	37,24	1509,77
1152	03.08.2025 11:53:11	19,08	0,01	27,01	37,24	1509,77
1153	03.08.2025 11:53:12	19,08	0,01	27,01	37,24	1509,77
1154	03.08.2025 11:53:13	19,08	-0,01	26,99	37,22	1509,74
1155	03.08.2025 11:53:14	19,08	0,01	27,01	37,24	1509,77
1156	03.08.2025 11:53:15	19,08	-0,03	26,99	37,22	1509,74
1157	03.08.2025 11:53:16	19,11	-0,03	7,87	12,06	1487,96
1158	03.08.2025 11:53:17	19,11	-0,03	20,08	28,50	1501,93
1159	03.08.2025 11:53:18	19,11	-0,03	26,99	37,24	1509,83
1160	03.08.2025 11:53:19	19,11	-0,03	26,99	37,24	1509,83
1161	03.08.2025 11:53:20	19,11	-0,01	26,99	37,24	1509,83
1162	03.08.2025 11:53:21	19,11	-0,03	24,90	34,63	1507,44
1163	03.08.2025 11:53:22	19,11	-0,03	20,41	28,92	1502,30
1164	03.08.2025 11:53:23	19,11	-0,03	26,91	37,15	1509,74
1165	03.08.2025 11:53:24	19,11	-0,03	21,46	30,26	1503,49
1166	03.08.2025 11:53:25	19,11	-0,03	19,66	27,95	1501,44
1167	03.08.2025 11:53:26	19,11	-0,04	19,39	27,60	1501,13
1168	03.08.2025 11:53:27	19,11	-0,04	19,70	28,00	1501,48
1169	03.08.2025 11:53:28	19,11	-0,03	20,57	29,12	1502,48
1170	03.08.2025 11:53:29	19,11	-0,04	20,64	29,22	1502,56
1171	03.08.2025 11:53:30	19,11	-0,03	20,62	29,20	1502,54
1172	03.08.2025 11:53:31	19,11	-0,03	20,64	29,22	1502,56
1173	03.08.2025 11:53:32	19,11	-0,04	20,66	29,25	1502,58
1174	03.08.2025 11:53:33	19,11	-0,03	20,66	29,25	1502,59
1175	03.08.2025 11:53:34	19,11	-0,03	23,09	32,34	1505,36
1176	03.08.2025 11:53:35	19,11	-0,03	10,59	15,86	1491,06
1177	03.08.2025 11:53:36	19,11	-0,03	10,18	15,29	1490,59
1178	03.08.2025 11:53:37	19,11	-0,03	10,12	15,21	1490,52
1179	03.08.2025 11:53:38	19,11	-0,01	4,44	7,08	1484,03
1180	03.08.2025 11:53:39	19,11	-0,03	4,58	7,29	1484,19
1181	03.08.2025 11:53:40	19,11	-0,03	4,42	7,05	1484,00
1182	03.08.2025 11:53:41	19,11	-0,03	3,00	4,90	1482,38
1183	03.08.2025 11:53:42	19,11	-0,03	4,42	7,05	1484,00
1184	03.08.2025 11:53:43	19,11	-0,03	4,76	7,56	1484,39
1185	03.08.2025 11:53:44	19,11	-0,01	1,94	3,26	1481,17
1186	03.08.2025 11:53:45	19,11	-0,03	1,29	2,21	1480,42
1187	03.08.2025 11:53:46	19,11	0,01	1,11	1,92	1480,22
1188	03.08.2025 11:53:47	19,08	0,01	1,08	1,87	1480,09
1189	03.08.2025 11:53:48	19,08	0,03	1,19	2,05	1480,23
1190	03.08.2025 11:53:49	19,08	0,03	1,11	1,92	1480,13
1191	03.08.2025 11:53:50	19,08	0,03	0,47	0,85	1479,40
1192	03.08.2025 11:53:51	19,08	0,03	0,04	0,06	1478,90
1193	03.08.2025 11:53:52	19,08	0,03	0,05	0,09	1478,92
1194	03.08.2025 11:53:53	19,08	0,03	0,05	0,09	1478,92
1195	03.08.2025 11:53:54	19,08	0,03	0,04	0,06	1478,90
1196	03.08.2025 11:53:55	19,08	0,03	0,04	0,06	1478,90
1197	03.08.2025 11:53:56	19,08	0,03	0,05	0,09	1478,92
1198	03.08.2025 11:53:57	19,08	0,03	0,04	0,06	1478,90
1199	03.08.2025 11:53:58	19,08	0,03	0,04	0,06	1478,90
1200	03.08.2025 11:53:59	19,06	-0,01	0,04	0,06	1478,80
1201	03.08.2025 11:54:00	19,06	0,01	0,04	0,06	1478,81
1202	03.08.2025 11:54:01	19,06	0,01	0,04	0,06	1478,81
1203	03.08.2025 11:54:02	19,06	0,01	0,05	0,09	1478,82
1204	03.08.2025 11:54:03	19,06	0,01	0,04	0,06	1478,81
1205	03.08.2025 11:54:04	19,06	0,01	0,04	0,06	1478,81
1206	03.08.2025 11:54:05	19,06	0,01	0,04	0,06	1478,81
1207	03.08.2025 11:54:06	19,06	0,01	0,04	0,06	1478,81
1208	03.08.2025 11:54:07	19,06	-0,01	0,05	0,09	1478,82
1209	03.08.2025 11:54:08	19,06	0,01	0,04	0,06	1478,81
1210	03.08.2025 11:54:09	19,06	0,03	0,04	0,06	1478,81
1211	03.08.2025 11:54:10	19,06	0,03	0,05	0,09	1478,82
1212	03.08.2025 11:54:11	19,06	0,01	0,04	0,06	1478,81
1213	03.08.2025 11:54:12	19,06	0,01	0,04	0,06	1478,81
1214	03.08.2025 11:54:13	19,06	0,03	0,04	0,06	1478,81
1215	03.08.2025 11:54:14	19,03	0,03	0,04	0,06	1478,71
1216	03.08.2025 11:54:15	19,03	0,03	0,04	0,06	1478,71
1217	03.08.2025 11:54:16	19,03	0,03	0,04	0,06	1478,71
1218	03.08.2025 11:54:17	19,03	0,01	0,04	0,06	1478,71
1219	03.08.2025 11:54:18	19,03	0,03	0,04	0,06	1478,71
1220	03.08.2025 11:54:19	19,03	0,03	0,04	0,06	1478,71
1221	03.08.2025 11:54:20	19,03	-0,01	0,05	0,09	1478,72
1222	03.08.2025 11:54:21	19,03	0,03	0,04	0,06	1478,71
1223	03.08.2025 11:54:22	19,03	0,03	0,04	0,06	1478,71
1224	03.08.2025 11:54:23	19,03	0,01	0,04	0,06	1478,71
1225	03.08.2025 11:54:24	19,03	0,01	0,04	0,06	1478,71
1226	03.08.2025 11:54:25	19,03	0,01	0,04	0,06	1478,71
1227	03.08.2025 11:54:26	19,03	0,03	0,05	0,09	1478,73
1228	03.08.2025 11:54:27	19,03	0,01	0,05	0,09	1478,73
1229	03.08.2025 11:54:28	19,03	0,01	0,04	0,06	1478,71
1230	03.08.2025 11:54:29	19,03	0,03	0,04	0,06	1478,71
1231	03.08.2025 11:54:30	19,00	0,01	0,05	0,09	1478,63
1232	03.08.2025 11:54:31	19,00	0,03	0,05	0,09	1478,63
1233	03.08.2025 11:54:32	19,00	0,01	0,04	0,06	1478,62
1234	03.08.2025 11:54:33	19,00	0,01	0,04	0,06	1478,62
1235	03.08.2025 11:54:34	19,00	0,01	0,04	0,06	1478,62
1236	03.08.2025 11:54:35	19,00	0,01	0,04	0,06	1478,62
1237	03.08.2025 11:54:36	19,00	0,03	0,04	0,06	1478,62
1238	03.08.2025 11:54:37	19,00	0,03	0,05	0,09	1478,63
1239	03.08.2025 11:54:38	19,00	0,03	0,05	0,09	1478,63
1240	03.08.2025 11:54:39	19,00	0,03	0,04	0,06	1478,62
1241	03.08.2025 11:54:40	19,00	0,01	0,04	0,06	1478,62
1242	03.08.2025 11:54:41	19,00	0,01	0,04	0,06	1478,62
1243	03.08.2025 11:54:42	19,00	0,03	0,04	0,06	1478,62
1244	03.08.2025 11:54:43	19,00	0,01	0,04	0,06	1478,62
1245	03.08.2025 11:54:44	18,97	0,03	0,04	0,06	1478,52
1246	03.08.2025 11:54:45	19,00	0,03	0,04	0,06	1478,62
1247	03.08.2025 11:54:46	18,97	0,01	0,04	0,06	1478,52
1248	03.08.2025 11:54:47	18,97	0,03	0,04	0,06	1478,52
1249	03.08.2025 11:54:48	18,97	0,03	0,04	0,06	1478,52
1250	03.08.2025 11:54:49	18,97	0,03	0,04	0,06	1478,52
1251	03.08.2025 11:54:50	18,97	0,03	0,05	0,09	1478,54
1252	03.08.2025 11:54:51	18,97	0,01	0,04	0,06	1478,52
1253	03.08.2025 11:54:52	18,97	0,03	0,04	0,06	1478,52
1254	03.08.2025 11:54:53	18,97	0,03	0,04	0,06	1478,52
1255	03.08.2025 11:54:54	18,97	0,03	0,04	0,06	1478,52
1256	03.08.2025 11:54:55	18,97	0,01	0,04	0,06	1478,52
1257	03.08.2025 11:54:56	18,97	0,03	0,05	0,09	1478,54
1258	03.08.2025 11:54:57	18,97	0,01	0,04	0,06	1478,52
1259	03.08.2025 11:54:58	18,97	0,05	0,05	0,09	1478,54
1260	03.08.2025 11:54:59	18,97	0,01	0,04	0,06	1478,52
1261	03.08.2025 11:55:00	18,94	0,03	0,04	0,06	1478,43
1262	03.08.2025 11:55:01	18,94	0,03	0,04	0,06	1478,43
1263	03.08.2025 11:55:02	18,94	0,03	0,04	0,06	1478,43
1264	03.08.2025 11:55:03	18,94	0,03	0,04	0,06	1478,43
1265	03.08.2025 11:55:04	18,94	0,05	0,05	0,09	1478,45
1266	03.08.2025 11:55:05	18,94	0,03	0,04	0,06	1478,43
1267	03.08.2025 11:55:06	18,94	0,03	0,05	0,09	1478,44
1268	03.08.2025 11:55:07	18,94	0,03	0,04	0,06	1478,43
1269	03.08.2025 11:55:08	18,94	0,05	0,05	0,09	1478,45
1270	03.08.2025 11:55:09	18,94	0,03	0,05	0,09	1478,44
1271	03.08.2025 11:55:10	18,94	0,03	0,04	0,06	1478,43
1272	03.08.2025 11:55:11	18,94	0,03	0,04	0,06	1478,43
1273	03.08.2025 11:55:12	18,91	0,05	0,04	0,06	1478,34
1274	03.08.2025 11:55:13	18,91	0,05	0,04	0,06	1478,34
1275	03.08.2025 11:55:14	18,91	0,03	0,04	0,06	1478,33
1276	03.08.2025 11:55:15	18,91	0,03	0,04	0,06	1478,33
1277	03.08.2025 11:55:16	18,91	0,03	0,04	0,06	1478,33
1278	03.08.2025 11:55:17	18,91	0,03	0,04	0,06	1478,33
1279	03.08.2025 11:55:18	18,91	0,03	0,04	0,06	1478,33
1280	03.08.2025 11:55:19	18,91	0,03	0,04	0,06	1478,33
1281	03.08.2025 11:55:20	18,91	0,05	0,04	0,06	1478,34
1282	03.08.2025 11:55:21	18,91	0,05	0,05	0,09	1478,35
1283	03.08.2025 11:55:22	18,91	0,03	0,05	0,09	1478,35
1284	03.08.2025 11:55:23	18,91	0,03	0,04	0,06	1478,33
1285	03.08.2025 11:55:24	18,88	0,03	0,04	0,06	1478,24
1286	03.08.2025 11:55:25	18,88	0,03	0,04	0,06	1478,24
1287	03.08.2025 11:55:26	18,88	0,03	0,04	0,06	1478,24
1288	03.08.2025 11:55:27	18,88	0,03	0,04	0,06	1478,24
1289	03.08.2025 11:55:28	18,88	0,05	0,04	0,06	1478,24
1290	03.08.2025 11:55:29	18,88	0,06	0,05	0,09	1478,26
1291	03.08.2025 11:55:30	18,88	0,05	0,04	0,06	1478,24
1292	03.08.2025 11:55:31	18,88	0,03	0,04	0,06	1478,24
1293	03.08.2025 11:55:32	18,88	0,05	0,04	0,06	1478,24
1294	03.08.2025 11:55:33	18,88	0,03	0,05	0,09	1478,25
1295	03.08.2025 11:55:34	18,88	0,05	0,04	0,06	1478,24
1296	03.08.2025 11:55:35	18,88	0,03	0,04	0,06	1478,24
1297	03.08.2025 11:55:36	18,85	0,03	0,04	0,06	1478,14
1298	03.08.2025 11:55:37	18,85	0,05	0,05	0,09	1478,16
1299	03.08.2025 11:55:38	18,85	0,03	0,04	0,06	1478,14
1300	03.08.2025 11:55:39	18,85	0,05	0,04	0,06	1478,15
1301	03.08.2025 11:55:40	18,85	0,05	0,04	0,06	1478,15
1302	03.08.2025 11:55:41	18,85	0,05	0,04	0,06	1478,15
1303	03.08.2025 11:55:42	18,85	0,03	0,05	0,09	1478,16
1304	03.08.2025 11:55:43	18,85	0,05	0,04	0,06	1478,15
1305	03.08.2025 11:55:44	18,85	0,03	0,04	0,06	1478,14
1306	03.08.2025 11:55:45	18,85	0,03	0,04	0,06	1478,14
1307	03.08.2025 11:55:46	18,85	0,03	0,04	0,06	1478,14
1308	03.08.2025 11:55:47	18,85	0,03	0,04	0,06	1478,14
1309	03.08.2025 11:55:48	18,85	0,03	0,04	0,06	1478,14
1310	03.08.2025 11:55:49	18,85	0,03	0,04	0,06	1478,14
1311	03.08.2025 11:55:50	18,85	0,05	0,04	0,06	1478,15
1312	03.08.2025 11:55:51	18,85	0,05	0,04	0,06	1478,15
1313	03.08.2025 11:55:52	18,85	0,03	0,04	0,06	1478,14
1314	03.08.2025 11:55:53	18,85	0,03	0,04	0,06	1478,14
1315	03.08.2025 11:55:54	18,85	0,05	0,04	0,06	1478,15
1316	03.08.2025 11:55:55	18,85	0,03	0,04	0,06	1478,14
1317	03.08.2025 11:55:56	18,85	0,03	0,04	0,06	1478,14
1318	03.08.2025 11:55:57	18,85	0,03	0,04	0,06	1478,14
1319	03.08.2025 11:55:58	18,85	0,03	0,04	0,06	1478,14
1320	03.08.2025 11:55:59	18,85	0,03	0,04	0,06	1478,14
1321	03.08.2025 11:56:00	18,85	0,03	0,04	0,06	1478,14
1322	03.08.2025 11:56:01	18,85	0,03	0,04	0,06	1478,14
1323	03.08.2025 11:56:02	18,85	0,03	0,04	0,06	1478,14
1324	03.08.2025 11:56:03	18,85	0,03	0,04	0,06	1478,14
1325	03.08.2025 11:56:04	18,85	0,03	0,04	0,06	1478,14
1326	03.08.2025 11:56:05	18,85	0,03	0,04	0,06	1478,14
1327	03.08.2025 11:56:06	18,85	0,03	0,04	0,06	1478,14
1328	03.08.2025 11:56:07	18,85	0,05	0,04	0,06	1478,15
1329	03.08.2025 11:56:08	18,85	0,03	0,04	0,06	1478,14
1330	03.08.2025 11:56:09	18,85	0,03	0,04	0,06	1478,14
1331	03.08.2025 11:56:10	18,85	0,03	0,04	0,06	1478,14
1332	03.08.2025 11:56:11	18,85	0,03	0,04	0,06	1478,14
1333	03.08.2025 11:56:12	18,85	0,03	0,04	0,06	1478,14
1334	03.08.2025 11:56:13	18,85	0,03	0,04	0,06	1478,14
1335	03.08.2025 11:56:14	18,85	0,03	0,04	0,06	1478,14
1336	03.08.2025 11:56:15	18,85	0,03	0,04	0,06	1478,14
1337	03.08.2025 11:56:16	18,85	0,01	0,04	0,06	1478,14
1338	03.08.2025 11:56:17	18,85	0,03	0,04	0,06	1478,14
1339	03.08.2025 11:56:18	18,85	0,03	0,04	0,06	1478,14
1340	03.08.2025 11:56:19	18,85	0,03	0,04	0,06	1478,14
1341	03.08.2025 11:56:20	18,85	0,03	0,04	0,06	1478,14
1342	03.08.2025 11:56:21	18,85	0,05	0,04	0,06	1478,15
1343	03.08.2025 11:56:22	18,85	0,03	0,04	0,06	1478,14
1344	03.08.2025 11:56:23	18,85	0,03	0,04	0,06	1478,14
1345	03.08.2025 11:56:24	18,85	0,03	0,04	0,06	1478,14
1346	03.08.2025 11:56:25	18,85	0,05	0,04	0,06	1478,15
1347	03.08.2025 11:56:26	18,85	0,03	0,04	0,06	1478,14
1348	03.08.2025 11:56:27	18,85	0,05	0,04	0,06	1478,15
1349	03.08.2025 11:56:28	18,85	0,03	0,05	0,09	1478,16
1350	03.08.2025 11:56:29	18,85	0,03	0,04	0,06	1478,14
1351	03.08.2025 11:56:30	18,85	0,03	0,04	0,06	1478,14
1352	03.08.2025 11:56:31	18,85	0,05	0,04	0,06	1478,15
1353	03.08.2025 11:56:32	18,85	0,05	0,04	0,06	1478,15
1354	03.08.2025 11:56:33	18,85	0,03	0,04	0,06	1478,14
1355	03.08.2025 11:56:34	18,85	0,03	0,04	0,06	1478,14
1356	03.08.2025 11:56:35	18,85	0,05	0,04	0,06	1478,15
1357	03.08.2025 11:56:36	18,85	0,03	0,05	0,09	1478,16
1358	03.08.2025 11:56:37	18,85	0,03	0,04	0,06	1478,14
1359	03.08.2025 11:56:38	18,85	0,05	0,04	0,06	1478,15
1360	03.08.2025 11:56:39	18,85	0,03	0,04	0,06	1478,14
1361	03.08.2025 11:56:40	18,85	0,03	0,05	0,09	1478,16
1362	03.08.2025 11:56:41	18,85	0,03	0,04	0,06	1478,14
1363	03.08.2025 11:56:42	18,85	0,03	0,04	0,06	1478,14
1364	03.08.2025 11:56:43	18,85	0,03	0,04	0,06	1478,14
1365	03.08.2025 11:56:44	18,85	0,03	0,04	0,06	1478,14
1366	03.08.2025 11:56:45	18,85	0,03	0,04	0,06	1478,14
1367	03.08.2025 11:56:46	18,85	0,03	0,04	0,06	1478,14
1368	03.08.2025 11:56:47	18,85	0,03	0,04	0,06	1478,14
1369	03.08.2025 11:56:48	18,85	0,03	0,04	0,06	1478,14
1370	03.08.2025 11:56:49	18,85	0,03	0,04	0,06	1478,14
1371	03.08.2025 11:56:50	18,85	0,03	0,05	0,09	1478,16
1372	03.08.2025 11:56:51	18,82	0,03	0,04	0,06	1478,05
1373	03.08.2025 11:56:52	18,85	0,03	0,04	0,06	1478,14
1374	03.08.2025 11:56:53	18,85	0,03	0,04	0,06	1478,14
1375	03.08.2025 11:56:54	18,85	0,03	0,04	0,06	1478,14
1376	03.08.2025 11:56:55	18,85	0,01	0,04	0,06	1478,14
1377	03.08.2025 11:56:56	18,82	0,05	0,04	0,06	1478,05
1378	03.08.2025 11:56:57	18,85	0,03	0,04	0,06	1478,14
1379	03.08.2025 11:56:58	18,82	0,05	0,04	0,06	1478,05
1380	03.08.2025 11:56:59	18,82	0,03	0,04	0,06	1478,05
1381	03.08.2025 11:57:00	18,82	0,01	0,04	0,06	1478,05
1382	03.08.2025 11:57:01	18,85	0,03	0,04	0,06	1478,14
1383	03.08.2025 11:57:02	18,85	0,03	0,05	0,09	1478,16
1384	03.08.2025 11:57:03	18,85	0,03	0,04	0,06	1478,14
1385	03.08.2025 11:57:04	18,82	0,03	0,04	0,06	1478,05
1386	03.08.2025 11:57:05	18,82	0,03	0,04	0,06	1478,05
1387	03.08.2025 11:57:06	18,82	0,03	0,04	0,06	1478,05
1388	03.08.2025 11:57:07	18,82	0,01	0,04	0,06	1478,05
1389	03.08.2025 11:57:08	18,85	0,03	0,04	0,06	1478,14
1390	03.08.2025 11:57:09	18,82	0,03	0,04	0,06	1478,05
1391	03.08.2025 11:57:10	18,82	0,05	0,04	0,06	1478,05
1392	03.08.2025 11:57:11	18,82	0,03	0,04	0,06	1478,05
1393	03.08.2025 11:57:12	18,82	0,03	0,04	0,06	1478,05
1394	03.08.2025 11:57:13	18,82	0,01	0,04	0,06	1478,05
1395	03.08.2025 11:57:14	18,82	0,03	0,04	0,06	1478,05
1396	03.08.2025 11:57:15	18,82	0,03	0,04	0,06	1478,05
1397	03.08.2025 11:57:16	18,82	0,03	0,04	0,06	1478,05
1398	03.08.2025 11:57:17	18,82	0,03	0,04	0,06	1478,05
1399	03.08.2025 11:57:18	18,82	0,03	0,04	0,06	1478,05
1400	03.08.2025 11:57:19	18,82	0,05	0,04	0,06	1478,05
1401	03.08.2025 11:57:20	18,82	0,03	0,04	0,06	1478,05
1402	03.08.2025 11:57:21	18,82	0,05	0,05	0,09	1478,07
1403	03.08.2025 11:57:22	18,82	0,03	0,05	0,09	1478,06
1404	03.08.2025 11:57:23	18,82	0,03	0,04	0,06	1478,05
1405	03.08.2025 11:57:24	18,82	0,03	0,04	0,06	1478,05
1406	03.08.2025 11:57:25	18,82	0,03	0,05	0,09	1478,06
1407	03.08.2025 11:57:26	18,82	0,03	0,04	0,06	1478,05
1408	03.08.2025 11:57:27	18,82	0,03	0,04	0,06	1478,05
1409	03.08.2025 11:57:28	18,82	0,03	0,04	0,06	1478,05
1410	03.08.2025 11:57:29	18,82	0,03	0,04	0,06	1478,05
1411	03.08.2025 11:57:30	18,82	0,01	0,04	0,06	1478,05
1412	03.08.2025 11:57:31	18,82	0,03	0,04	0,06	1478,05
1413	03.08.2025 11:57:32	18,82	-0,01	0,04	0,06	1478,04
1414	03.08.2025 11:57:33	18,82	-0,01	0,05	0,09	1478,06
1415	03.08.2025 11:57:34	18,82	0,01	0,04	0,06	1478,05
1416	03.08.2025 11:57:35	18,82	0,01	0,04	0,06	1478,05
1417	03.08.2025 11:57:36	18,82	0,01	0,04	0,06	1478,05
1418	03.08.2025 11:57:37	18,82	-0,01	0,04	0,06	1478,04
1419	03.08.2025 11:57:38	18,82	-0,01	0,04	0,06	1478,04
1420	03.08.2025 11:57:39	18,82	0,01	0,04	0,06	1478,05
1421	03.08.2025 11:57:40	18,82	-0,01	0,04	0,06	1478,04
1422	03.08.2025 11:57:41	18,82	-0,01	0,04	0,06	1478,04
1423	03.08.2025 11:57:42	18,82	-0,01	0,04	0,06	1478,04
1424	03.08.2025 11:57:43	18,82	-0,01	0,04	0,06	1478,04
1425	03.08.2025 11:57:44	18,82	-0,01	0,04	0,06	1478,04
1426	03.08.2025 11:57:45	18,82	-0,03	0,04	0,06	1478,04
1427	03.08.2025 11:57:46	18,85	-0,03	0,04	0,06	1478,14
1428	03.08.2025 11:57:47	18,91	-0,03	0,04	0,06	1478,33
1429	03.08.2025 11:57:48	19,08	0,01	0,04	0,06	1478,90
1430	03.08.2025 11:57:49	19,26	-0,01	0,04	0,06	1479,46
1431	03.08.2025 11:57:50	19,38	0,01	0,04	0,06	1479,84
1432	03.08.2025 11:57:51	19,44	-0,03	0,04	0,06	1480,02
1433	03.08.2025 11:57:52	19,50	-0,01	0,05	0,09	1480,23
1434	03.08.2025 11:57:53	19,65	-0,13	0,04	0,06	1480,66
1435	03.08.2025 11:57:54	19,88	-0,15	0,04	0,06	1481,39
1436	03.08.2025 11:57:55	20,03	-0,15	0,04	0,06	1481,85
