#B	Created:	03.08.2025 11:07:30
##	Version	SeaStar	9.59
#5	Field separation:	0
#2	Date & Time:	1
#6	Decimal point:	,
#7	Date def.:	dd.mm.yyyy	.
#8	Time def.:	:
##	Axis	0	Temperature(°C)	clRed	FALSE
##	Axis	1	Pressure(Bar)	clBlue	FALSE
##	Axis	2	Salinity(psu)	clGreen	FALSE
##	Axis	3	Conductivity(mS/cm)	$00FF80FF	FALSE
##	Axis	4	Sound Velocity(m/sec)	$00404080	FALSE
##	Series	0	Temp(°C)	clRed	0	Temp(°C)	2
##	Series	1	Press(Bar)	clBlue	1	Press(Bar)	2
##	Series	2	Salinity(psu)	clGreen	2	Salinity(psu)	2
##	Series	3	Conduct(mS/cm)	$00FF80FF	3	Conduct(mS/cm)	2
##	Series	4	Sound Velocity(m/sec)	$00404080	4	Velocity(m/sec)	2
##	Recorder	2	DST CTD	13528
##	Chart	2S13528DAT	
#D	Data:	1500	03.08.2025 10:42:00	03.08.2025 11:06:59
1	03.08.2025 10:42:00	22,38	0,03	0,04	0,06	1488,98
2	03.08.2025 10:42:01	22,38	0,01	0,04	0,06	1488,97
3	03.08.2025 10:42:02	22,38	0,01	0,04	0,06	1488,97
4	03.08.2025 10:42:03	22,38	0,01	0,04	0,06	1488,97
5	03.08.2025 10:42:04	22,38	0,01	0,04	0,06	1488,97
6	03.08.2025 10:42:05	22,35	0,01	0,04	0,06	1488,89
7	03.08.2025 10:42:06	22,35	0,03	0,05	0,09	1488,91
8	03.08.2025 10:42:07	22,35	0,03	0,04	0,06	1488,89
9	03.08.2025 10:42:08	22,35	0,03	0,04	0,06	1488,89
10	03.08.2025 10:42:09	22,35	0,03	0,05	0,09	1488,91
11	03.08.2025 10:42:10	22,35	0,01	0,04	0,06	1488,89
12	03.08.2025 10:42:11	22,35	0,03	0,04	0,06	1488,89
13	03.08.2025 10:42:12	22,35	0,01	0,04	0,06	1488,89
14	03.08.2025 10:42:13	22,32	0,01	0,04	0,06	1488,80
15	03.08.2025 10:42:14	22,32	0,03	0,04	0,06	1488,81
16	03.08.2025 10:42:15	22,32	0,03	0,04	0,06	1488,81
17	03.08.2025 10:42:16	22,32	0,03	0,04	0,06	1488,81
18	03.08.2025 10:42:17	22,32	0,03	0,04	0,06	1488,81
19	03.08.2025 10:42:18	22,32	0,03	0,04	0,06	1488,81
20	03.08.2025 10:42:19	22,32	0,03	0,04	0,06	1488,81
21	03.08.2025 10:42:20	22,32	0,03	0,04	0,06	1488,81
22	03.08.2025 10:42:21	22,29	0,01	0,04	0,06	1488,72
23	03.08.2025 10:42:22	22,29	0,03	0,04	0,06	1488,72
24	03.08.2025 10:42:23	22,29	0,03	0,05	0,09	1488,73
25	03.08.2025 10:42:24	22,29	0,03	0,04	0,06	1488,72
26	03.08.2025 10:42:25	22,29	0,03	0,04	0,06	1488,72
27	03.08.2025 10:42:26	22,29	0,03	0,04	0,06	1488,72
28	03.08.2025 10:42:27	22,29	0,03	0,04	0,06	1488,72
29	03.08.2025 10:42:28	22,29	0,03	0,04	0,06	1488,72
30	03.08.2025 10:42:29	22,26	0,03	0,04	0,06	1488,63
31	03.08.2025 10:42:30	22,26	0,03	0,04	0,06	1488,63
32	03.08.2025 10:42:31	22,26	0,03	0,04	0,06	1488,63
33	03.08.2025 10:42:32	22,26	0,03	0,04	0,06	1488,63
34	03.08.2025 10:42:33	22,26	0,03	0,04	0,06	1488,63
35	03.08.2025 10:42:34	22,26	0,03	0,04	0,06	1488,63
36	03.08.2025 10:42:35	22,23	0,05	0,04	0,06	1488,55
37	03.08.2025 10:42:36	22,23	0,05	0,04	0,06	1488,55
38	03.08.2025 10:42:37	22,23	0,03	0,04	0,06	1488,55
39	03.08.2025 10:42:38	22,23	0,03	0,04	0,06	1488,55
40	03.08.2025 10:42:39	22,23	0,03	0,04	0,06	1488,55
41	03.08.2025 10:42:40	22,21	0,01	0,04	0,06	1488,46
42	03.08.2025 10:42:41	22,21	0,03	0,05	0,09	1488,48
43	03.08.2025 10:42:42	22,21	0,01	0,05	0,09	1488,47
44	03.08.2025 10:42:43	22,21	0,03	0,05	0,09	1488,48
45	03.08.2025 10:42:44	22,18	0,03	0,05	0,09	1488,39
46	03.08.2025 10:42:45	22,18	0,03	0,04	0,06	1488,38
47	03.08.2025 10:42:46	22,18	0,03	0,05	0,09	1488,39
48	03.08.2025 10:42:47	22,18	0,01	0,04	0,06	1488,37
49	03.08.2025 10:42:48	22,18	0,01	0,04	0,06	1488,37
50	03.08.2025 10:42:49	22,15	0,03	0,04	0,06	1488,29
51	03.08.2025 10:42:50	22,15	0,03	0,05	0,09	1488,30
52	03.08.2025 10:42:51	22,15	0,01	0,04	0,06	1488,29
53	03.08.2025 10:42:52	22,15	0,03	0,05	0,09	1488,30
54	03.08.2025 10:42:53	22,15	0,03	0,04	0,06	1488,29
55	03.08.2025 10:42:54	22,12	0,01	0,05	0,09	1488,21
56	03.08.2025 10:42:55	22,12	0,03	0,05	0,09	1488,22
57	03.08.2025 10:42:56	22,12	0,03	0,04	0,06	1488,20
58	03.08.2025 10:42:57	22,12	0,03	0,04	0,06	1488,20
59	03.08.2025 10:42:58	22,12	0,03	0,04	0,06	1488,20
60	03.08.2025 10:42:59	22,12	0,03	0,04	0,06	1488,20
61	03.08.2025 10:43:00	22,09	0,01	0,05	0,09	1488,13
62	03.08.2025 10:43:01	22,09	0,01	0,04	0,06	1488,11
63	03.08.2025 10:43:02	22,09	0,03	0,04	0,06	1488,12
64	03.08.2025 10:43:03	22,09	0,03	0,04	0,06	1488,12
65	03.08.2025 10:43:04	22,09	0,03	0,05	0,09	1488,13
66	03.08.2025 10:43:05	22,06	0,03	0,05	0,09	1488,04
67	03.08.2025 10:43:06	22,06	0,03	0,05	0,09	1488,04
68	03.08.2025 10:43:07	22,06	0,03	0,04	0,06	1488,03
69	03.08.2025 10:43:08	22,06	0,03	0,04	0,06	1488,03
70	03.08.2025 10:43:09	22,06	0,03	0,05	0,09	1488,04
71	03.08.2025 10:43:10	22,03	0,03	0,04	0,06	1487,94
72	03.08.2025 10:43:11	22,03	0,03	0,04	0,06	1487,94
73	03.08.2025 10:43:12	22,03	0,03	0,05	0,09	1487,96
74	03.08.2025 10:43:13	22,03	0,03	0,05	0,09	1487,96
75	03.08.2025 10:43:14	22,00	0,03	0,05	0,09	1487,87
76	03.08.2025 10:43:15	22,00	0,03	0,04	0,06	1487,86
77	03.08.2025 10:43:16	22,00	0,03	0,04	0,06	1487,86
78	03.08.2025 10:43:17	22,00	0,01	0,04	0,06	1487,85
79	03.08.2025 10:43:18	22,00	0,03	0,04	0,06	1487,86
80	03.08.2025 10:43:19	22,00	0,03	0,04	0,06	1487,86
81	03.08.2025 10:43:20	22,00	0,03	0,05	0,09	1487,87
82	03.08.2025 10:43:21	22,00	0,03	0,04	0,06	1487,86
83	03.08.2025 10:43:22	22,00	0,03	0,04	0,06	1487,86
84	03.08.2025 10:43:23	21,97	0,01	0,05	0,09	1487,78
85	03.08.2025 10:43:24	21,97	0,03	0,05	0,09	1487,78
86	03.08.2025 10:43:25	21,97	0,01	0,05	0,09	1487,78
87	03.08.2025 10:43:26	21,97	-0,24	25,38	37,43	1515,98
88	03.08.2025 10:43:27	21,65	-0,08	25,52	37,37	1515,29
89	03.08.2025 10:43:28	21,33	0,03	25,59	37,21	1514,51
90	03.08.2025 10:43:29	21,06	0,08	25,73	37,18	1513,94
91	03.08.2025 10:43:30	20,89	0,08	25,85	37,20	1513,58
92	03.08.2025 10:43:31	20,71	0,10	25,95	37,20	1513,21
93	03.08.2025 10:43:32	20,59	0,16	26,02	37,19	1512,97
94	03.08.2025 10:43:33	20,53	0,16	26,05	37,19	1512,84
95	03.08.2025 10:43:34	20,47	0,10	26,07	37,16	1512,68
96	03.08.2025 10:43:35	20,42	0,10	26,12	37,19	1512,58
97	03.08.2025 10:43:36	20,36	0,10	26,14	37,16	1512,43
98	03.08.2025 10:43:37	20,30	0,12	26,17	37,16	1512,31
99	03.08.2025 10:43:38	20,27	0,10	26,21	37,18	1512,26
100	03.08.2025 10:43:39	20,24	0,08	26,23	37,18	1512,20
101	03.08.2025 10:43:40	20,21	0,08	26,25	37,18	1512,13
102	03.08.2025 10:43:41	20,15	0,10	26,28	37,18	1512,01
103	03.08.2025 10:43:42	20,12	0,10	26,30	37,18	1511,95
104	03.08.2025 10:43:43	20,09	0,10	26,34	37,20	1511,90
105	03.08.2025 10:43:44	20,09	0,12	26,32	37,18	1511,89
106	03.08.2025 10:43:45	20,06	0,08	26,33	37,18	1511,82
107	03.08.2025 10:43:46	20,03	0,06	26,35	37,17	1511,75
108	03.08.2025 10:43:47	20,00	0,08	26,39	37,20	1511,71
109	03.08.2025 10:43:48	19,97	0,08	26,41	37,20	1511,65
110	03.08.2025 10:43:49	19,97	0,08	26,39	37,17	1511,62
111	03.08.2025 10:43:50	19,94	0,06	26,40	37,17	1511,56
112	03.08.2025 10:43:51	19,91	0,06	26,44	37,20	1511,52
113	03.08.2025 10:43:52	19,88	0,08	26,46	37,19	1511,45
114	03.08.2025 10:43:53	19,88	0,08	26,46	37,19	1511,45
115	03.08.2025 10:43:54	19,85	0,08	26,48	37,19	1511,39
116	03.08.2025 10:43:55	19,83	0,08	26,50	37,19	1511,33
117	03.08.2025 10:43:56	19,83	0,08	26,50	37,19	1511,33
118	03.08.2025 10:43:57	19,80	0,06	26,51	37,19	1511,26
119	03.08.2025 10:43:58	19,80	0,06	26,51	37,19	1511,26
120	03.08.2025 10:43:59	19,77	0,05	26,53	37,19	1511,19
121	03.08.2025 10:44:00	19,74	0,03	26,55	37,19	1511,13
122	03.08.2025 10:44:01	19,74	0,05	26,55	37,19	1511,13
123	03.08.2025 10:44:02	19,71	0,05	26,57	37,19	1511,06
124	03.08.2025 10:44:03	19,71	0,06	26,57	37,19	1511,07
125	03.08.2025 10:44:04	19,68	0,06	26,59	37,19	1511,00
126	03.08.2025 10:44:05	19,68	0,05	26,60	37,21	1511,02
127	03.08.2025 10:44:06	19,65	0,05	26,60	37,19	1510,94
128	03.08.2025 10:44:07	19,65	0,06	26,62	37,21	1510,96
129	03.08.2025 10:44:08	19,65	0,05	26,60	37,19	1510,94
130	03.08.2025 10:44:09	19,62	0,06	26,64	37,21	1510,90
131	03.08.2025 10:44:10	19,62	0,06	26,62	37,19	1510,87
132	03.08.2025 10:44:11	19,59	0,10	26,66	37,21	1510,84
133	03.08.2025 10:44:12	19,59	0,08	26,66	37,21	1510,83
134	03.08.2025 10:44:13	19,59	0,10	26,64	37,19	1510,82
135	03.08.2025 10:44:14	19,56	0,12	26,68	37,21	1510,78
136	03.08.2025 10:44:15	19,56	0,12	26,68	37,21	1510,78
137	03.08.2025 10:44:16	19,56	0,12	26,68	37,21	1510,78
138	03.08.2025 10:44:17	19,53	0,12	26,69	37,21	1510,71
139	03.08.2025 10:44:18	19,53	0,14	26,69	37,21	1510,71
140	03.08.2025 10:44:19	19,53	0,16	26,69	37,21	1510,72
141	03.08.2025 10:44:20	19,50	0,17	26,71	37,21	1510,66
142	03.08.2025 10:44:21	19,50	0,19	26,71	37,21	1510,66
143	03.08.2025 10:44:22	19,50	0,21	26,71	37,21	1510,66
144	03.08.2025 10:44:23	19,47	0,23	26,73	37,21	1510,60
145	03.08.2025 10:44:24	19,47	0,25	26,73	37,21	1510,60
146	03.08.2025 10:44:25	19,47	0,26	26,73	37,21	1510,61
147	03.08.2025 10:44:26	19,47	0,28	26,73	37,21	1510,61
148	03.08.2025 10:44:27	19,44	0,28	26,75	37,21	1510,54
149	03.08.2025 10:44:28	19,44	0,32	26,75	37,21	1510,55
150	03.08.2025 10:44:29	19,44	0,34	26,75	37,21	1510,55
151	03.08.2025 10:44:30	19,41	0,35	26,77	37,20	1510,49
152	03.08.2025 10:44:31	19,41	0,35	26,77	37,20	1510,49
153	03.08.2025 10:44:32	19,41	0,39	26,77	37,20	1510,50
154	03.08.2025 10:44:33	19,41	0,37	26,77	37,20	1510,49
155	03.08.2025 10:44:34	19,38	0,37	26,78	37,20	1510,43
156	03.08.2025 10:44:35	19,38	0,41	26,78	37,20	1510,43
157	03.08.2025 10:44:36	19,38	0,43	26,80	37,23	1510,46
158	03.08.2025 10:44:37	19,38	0,44	26,80	37,23	1510,46
159	03.08.2025 10:44:38	19,38	0,44	26,78	37,20	1510,44
160	03.08.2025 10:44:39	19,35	0,46	26,80	37,20	1510,38
161	03.08.2025 10:44:40	19,35	0,48	26,80	37,20	1510,38
162	03.08.2025 10:44:41	19,35	0,51	26,80	37,20	1510,39
163	03.08.2025 10:44:42	19,35	0,53	26,80	37,20	1510,39
164	03.08.2025 10:44:43	19,35	0,53	26,82	37,23	1510,41
165	03.08.2025 10:44:44	19,32	0,53	26,84	37,23	1510,35
166	03.08.2025 10:44:45	19,32	0,56	26,84	37,23	1510,35
167	03.08.2025 10:44:46	19,32	0,60	26,84	37,23	1510,36
168	03.08.2025 10:44:47	19,32	0,62	26,84	37,23	1510,36
169	03.08.2025 10:44:48	19,32	0,62	26,84	37,23	1510,36
170	03.08.2025 10:44:49	19,32	0,63	26,84	37,23	1510,36
171	03.08.2025 10:44:50	19,29	0,65	26,86	37,23	1510,30
172	03.08.2025 10:44:51	19,29	0,67	26,84	37,20	1510,28
173	03.08.2025 10:44:52	19,29	0,69	26,82	37,18	1510,26
174	03.08.2025 10:44:53	19,29	0,69	26,84	37,20	1510,28
175	03.08.2025 10:44:54	19,29	0,72	26,84	37,20	1510,29
176	03.08.2025 10:44:55	19,26	0,74	26,86	37,20	1510,23
177	03.08.2025 10:44:56	19,26	0,77	26,86	37,20	1510,23
178	03.08.2025 10:44:57	19,26	0,76	26,86	37,20	1510,23
179	03.08.2025 10:44:58	19,26	0,77	26,84	37,18	1510,21
180	03.08.2025 10:44:59	19,26	0,79	26,86	37,20	1510,24
181	03.08.2025 10:45:00	19,23	0,83	26,88	37,20	1510,18
182	03.08.2025 10:45:01	19,23	0,83	26,86	37,17	1510,15
183	03.08.2025 10:45:02	19,23	0,86	26,88	37,20	1510,18
184	03.08.2025 10:45:03	19,23	0,88	26,86	37,17	1510,16
185	03.08.2025 10:45:04	19,23	0,88	26,86	37,17	1510,16
186	03.08.2025 10:45:05	19,23	0,92	26,86	37,17	1510,17
187	03.08.2025 10:45:06	19,20	0,93	26,87	37,17	1510,11
188	03.08.2025 10:45:07	19,20	0,95	26,85	37,15	1510,09
189	03.08.2025 10:45:08	19,20	0,99	26,85	37,15	1510,09
190	03.08.2025 10:45:09	19,20	0,99	26,85	37,15	1510,09
191	03.08.2025 10:45:10	19,17	1,00	26,85	37,12	1510,01
192	03.08.2025 10:45:11	19,17	1,04	26,85	37,12	1510,01
193	03.08.2025 10:45:12	19,17	1,04	26,85	37,12	1510,01
194	03.08.2025 10:45:13	19,14	1,05	26,87	37,12	1509,95
195	03.08.2025 10:45:14	19,14	1,05	26,85	37,10	1509,93
196	03.08.2025 10:45:15	19,14	1,09	26,83	37,07	1509,91
197	03.08.2025 10:45:16	19,11	1,09	26,75	36,95	1509,73
198	03.08.2025 10:45:17	19,08	1,08	26,59	36,73	1509,46
199	03.08.2025 10:45:18	19,00	1,10	26,61	36,67	1509,22
200	03.08.2025 10:45:19	18,91	1,11	25,97	35,81	1508,23
201	03.08.2025 10:45:20	18,73	1,11	25,72	35,36	1507,42
202	03.08.2025 10:45:21	18,52	1,15	25,44	34,86	1506,50
203	03.08.2025 10:45:22	18,22	1,18	25,46	34,66	1505,63
204	03.08.2025 10:45:23	17,92	1,23	25,58	34,58	1504,88
205	03.08.2025 10:45:24	17,62	1,30	25,72	34,52	1504,15
206	03.08.2025 10:45:25	17,38	1,34	25,89	34,54	1503,61
207	03.08.2025 10:45:26	17,17	1,38	25,98	34,48	1503,08
208	03.08.2025 10:45:27	16,99	1,40	26,09	34,48	1502,66
209	03.08.2025 10:45:28	16,84	1,39	26,16	34,45	1502,27
210	03.08.2025 10:45:29	16,72	1,38	26,22	34,42	1501,96
211	03.08.2025 10:45:30	16,63	1,41	26,25	34,39	1501,73
212	03.08.2025 10:45:31	16,54	1,42	26,35	34,44	1501,56
213	03.08.2025 10:45:32	16,45	1,41	26,41	34,44	1501,34
214	03.08.2025 10:45:33	16,39	1,43	26,45	34,44	1501,20
215	03.08.2025 10:45:34	16,33	1,42	26,49	34,43	1501,05
216	03.08.2025 10:45:35	16,27	1,40	26,53	34,43	1500,91
217	03.08.2025 10:45:36	16,20	1,41	26,54	34,41	1500,74
218	03.08.2025 10:45:37	16,17	1,39	26,54	34,38	1500,64
219	03.08.2025 10:45:38	16,11	1,41	26,62	34,43	1500,54
220	03.08.2025 10:45:39	16,05	1,42	26,66	34,43	1500,40
221	03.08.2025 10:45:40	16,02	1,40	26,68	34,42	1500,32
222	03.08.2025 10:45:41	15,96	1,38	26,66	34,35	1500,10
223	03.08.2025 10:45:42	15,93	1,37	26,68	34,35	1500,03
224	03.08.2025 10:45:43	15,90	1,37	26,72	34,37	1499,98
225	03.08.2025 10:45:44	15,87	1,39	26,74	34,37	1499,91
226	03.08.2025 10:45:45	15,81	1,38	26,80	34,39	1499,78
227	03.08.2025 10:45:46	15,78	1,38	26,84	34,42	1499,74
228	03.08.2025 10:45:47	15,75	1,40	26,73	34,27	1499,51
229	03.08.2025 10:45:48	15,72	1,40	26,69	34,20	1499,37
230	03.08.2025 10:45:49	15,63	1,41	26,71	34,14	1499,10
231	03.08.2025 10:45:50	15,56	1,42	26,66	34,04	1498,85
232	03.08.2025 10:45:51	15,47	1,45	26,59	33,89	1498,48
233	03.08.2025 10:45:52	15,35	1,46	26,63	33,84	1498,13
234	03.08.2025 10:45:53	15,26	1,45	26,60	33,74	1497,80
235	03.08.2025 10:45:54	15,17	1,48	26,56	33,62	1497,45
236	03.08.2025 10:45:55	15,04	1,49	26,62	33,59	1497,13
237	03.08.2025 10:45:56	14,92	1,50	26,70	33,58	1496,83
238	03.08.2025 10:45:57	14,83	1,49	26,82	33,66	1496,67
239	03.08.2025 10:45:58	14,77	1,49	26,91	33,70	1496,57
240	03.08.2025 10:45:59	14,74	1,49	26,88	33,65	1496,44
241	03.08.2025 10:46:00	14,71	1,48	26,97	33,73	1496,45
242	03.08.2025 10:46:01	14,67	1,48	27,03	33,77	1496,42
243	03.08.2025 10:46:02	14,64	1,46	27,03	33,75	1496,32
244	03.08.2025 10:46:03	14,64	1,44	27,03	33,75	1496,31
245	03.08.2025 10:46:04	14,61	1,46	27,01	33,70	1496,19
246	03.08.2025 10:46:05	14,58	1,46	27,01	33,67	1496,08
247	03.08.2025 10:46:06	14,52	1,43	27,01	33,62	1495,87
248	03.08.2025 10:46:07	14,49	1,45	27,00	33,60	1495,77
249	03.08.2025 10:46:08	14,46	1,47	27,00	33,57	1495,67
250	03.08.2025 10:46:09	14,40	1,46	27,07	33,60	1495,55
251	03.08.2025 10:46:10	14,37	1,46	27,09	33,59	1495,47
252	03.08.2025 10:46:11	14,30	1,45	27,15	33,62	1495,34
253	03.08.2025 10:46:12	14,27	1,45	27,19	33,64	1495,29
254	03.08.2025 10:46:13	14,27	1,47	27,15	33,59	1495,24
255	03.08.2025 10:46:14	14,24	1,47	27,17	33,59	1495,16
256	03.08.2025 10:46:15	14,21	1,47	27,19	33,59	1495,08
257	03.08.2025 10:46:16	14,18	1,48	27,17	33,54	1494,96
258	03.08.2025 10:46:17	14,15	1,48	27,17	33,51	1494,85
259	03.08.2025 10:46:18	14,12	1,49	27,15	33,46	1494,72
260	03.08.2025 10:46:19	14,09	1,47	27,12	33,42	1494,59
261	03.08.2025 10:46:20	14,02	1,49	27,14	33,39	1494,41
262	03.08.2025 10:46:21	13,99	1,50	27,12	33,34	1494,28
263	03.08.2025 10:46:22	13,93	1,52	27,16	33,34	1494,13
264	03.08.2025 10:46:23	13,87	1,51	27,20	33,34	1493,97
265	03.08.2025 10:46:24	13,84	1,53	27,20	33,31	1493,87
266	03.08.2025 10:46:25	13,77	1,52	27,22	33,28	1493,68
267	03.08.2025 10:46:26	13,74	1,54	27,27	33,31	1493,63
268	03.08.2025 10:46:27	13,71	1,56	27,27	33,28	1493,53
269	03.08.2025 10:46:28	13,65	1,55	27,22	33,18	1493,26
270	03.08.2025 10:46:29	13,59	1,55	27,15	33,06	1492,97
271	03.08.2025 10:46:30	13,53	1,56	26,99	32,84	1492,57
272	03.08.2025 10:46:31	13,43	1,53	26,77	32,51	1491,98
273	03.08.2025 10:46:32	13,27	1,56	26,60	32,22	1491,26
274	03.08.2025 10:46:33	13,15	1,59	26,40	31,89	1490,58
275	03.08.2025 10:46:34	12,96	1,57	26,27	31,62	1489,79
276	03.08.2025 10:46:35	12,77	1,63	26,31	31,52	1489,20
277	03.08.2025 10:46:36	12,58	1,64	26,28	31,34	1488,50
278	03.08.2025 10:46:37	12,39	1,66	26,20	31,11	1487,75
279	03.08.2025 10:46:38	12,23	1,70	26,20	30,99	1487,20
280	03.08.2025 10:46:39	12,04	1,72	26,33	30,98	1486,69
281	03.08.2025 10:46:40	11,88	1,75	26,62	31,17	1486,49
282	03.08.2025 10:46:41	11,79	1,78	26,76	31,25	1486,33
283	03.08.2025 10:46:42	11,72	1,77	26,78	31,22	1486,13
284	03.08.2025 10:46:43	11,63	1,78	26,75	31,12	1485,76
285	03.08.2025 10:46:44	11,56	1,80	26,70	31,02	1485,47
286	03.08.2025 10:46:45	11,46	1,81	26,77	31,02	1485,21
287	03.08.2025 10:46:46	11,37	1,84	26,84	31,02	1484,96
288	03.08.2025 10:46:47	11,27	1,85	26,91	31,01	1484,70
289	03.08.2025 10:46:48	11,21	1,86	26,98	31,04	1484,55
290	03.08.2025 10:46:49	11,14	1,86	27,00	31,01	1484,35
291	03.08.2025 10:46:50	11,05	1,87	26,92	30,86	1483,91
292	03.08.2025 10:46:51	10,98	1,88	26,85	30,74	1483,60
293	03.08.2025 10:46:52	10,85	1,89	26,83	30,61	1483,10
294	03.08.2025 10:46:53	10,72	1,91	26,87	30,56	1482,69
295	03.08.2025 10:46:54	10,66	1,93	26,87	30,51	1482,45
296	03.08.2025 10:46:55	10,53	1,95	26,94	30,48	1482,07
297	03.08.2025 10:46:56	10,43	1,97	27,01	30,48	1481,80
298	03.08.2025 10:46:57	10,33	1,98	27,06	30,45	1481,50
299	03.08.2025 10:46:58	10,26	1,97	26,91	30,26	1481,08
300	03.08.2025 10:46:59	10,13	1,98	26,88	30,13	1480,57
301	03.08.2025 10:47:00	10,03	2,05	26,95	30,13	1480,31
302	03.08.2025 10:47:01	9,90	2,04	27,10	30,18	1480,00
303	03.08.2025 10:47:02	9,80	2,06	27,15	30,15	1479,70
304	03.08.2025 10:47:03	9,74	2,10	27,22	30,17	1479,55
305	03.08.2025 10:47:04	9,67	2,11	27,42	30,32	1479,55
306	03.08.2025 10:47:05	9,61	2,12	27,46	30,32	1479,36
307	03.08.2025 10:47:06	9,57	2,14	27,64	30,46	1479,46
308	03.08.2025 10:47:07	9,54	2,15	27,74	30,54	1479,46
309	03.08.2025 10:47:08	9,51	2,17	27,88	30,66	1479,52
310	03.08.2025 10:47:09	9,51	2,19	27,88	30,66	1479,53
311	03.08.2025 10:47:10	9,47	2,20	27,93	30,68	1479,47
312	03.08.2025 10:47:11	9,47	2,20	27,88	30,63	1479,41
313	03.08.2025 10:47:12	9,44	2,22	27,81	30,53	1479,19
314	03.08.2025 10:47:13	9,37	2,21	27,79	30,46	1478,92
315	03.08.2025 10:47:14	9,31	2,24	27,76	30,39	1478,64
316	03.08.2025 10:47:15	9,24	2,26	27,81	30,38	1478,46
317	03.08.2025 10:47:16	9,21	2,29	27,79	30,33	1478,31
318	03.08.2025 10:47:17	9,14	2,30	27,72	30,21	1477,97
319	03.08.2025 10:47:18	9,04	2,33	27,69	30,11	1477,57
320	03.08.2025 10:47:19	8,94	2,36	27,69	30,04	1477,19
321	03.08.2025 10:47:20	8,84	2,37	27,67	29,93	1476,79
322	03.08.2025 10:47:21	8,70	2,38	27,72	29,88	1476,34
323	03.08.2025 10:47:22	8,60	2,41	27,82	29,91	1476,09
324	03.08.2025 10:47:23	8,54	2,42	27,93	29,95	1475,97
325	03.08.2025 10:47:24	8,47	2,44	28,00	29,98	1475,81
326	03.08.2025 10:47:25	8,37	2,46	28,06	29,95	1475,49
327	03.08.2025 10:47:26	8,33	2,48	28,03	29,90	1475,33
328	03.08.2025 10:47:27	8,27	2,51	28,01	29,83	1475,05
329	03.08.2025 10:47:28	8,16	2,50	28,11	29,85	1474,79
330	03.08.2025 10:47:29	8,10	2,54	28,17	29,85	1474,60
331	03.08.2025 10:47:30	8,03	2,57	28,20	29,82	1474,38
332	03.08.2025 10:47:31	7,93	2,58	28,25	29,80	1474,06
333	03.08.2025 10:47:32	7,86	2,61	28,28	29,77	1473,83
334	03.08.2025 10:47:33	7,79	2,62	28,36	29,80	1473,67
335	03.08.2025 10:47:34	7,72	2,65	28,39	29,77	1473,45
336	03.08.2025 10:47:35	7,69	2,65	28,39	29,75	1473,32
337	03.08.2025 10:47:36	7,62	2,68	28,37	29,67	1473,02
338	03.08.2025 10:47:37	7,51	2,71	28,45	29,67	1472,73
339	03.08.2025 10:47:38	7,48	2,72	28,48	29,67	1472,64
340	03.08.2025 10:47:39	7,41	2,74	28,51	29,64	1472,41
341	03.08.2025 10:47:40	7,34	2,77	28,54	29,62	1472,18
342	03.08.2025 10:47:41	7,27	2,78	28,59	29,62	1471,98
343	03.08.2025 10:47:42	7,20	2,79	28,62	29,59	1471,75
344	03.08.2025 10:47:43	7,14	2,83	28,63	29,54	1471,49
345	03.08.2025 10:47:44	7,07	2,84	28,66	29,52	1471,26
346	03.08.2025 10:47:45	7,03	2,87	28,66	29,49	1471,13
347	03.08.2025 10:47:46	6,96	2,89	28,66	29,44	1470,86
348	03.08.2025 10:47:47	6,89	2,92	28,69	29,42	1470,63
349	03.08.2025 10:47:48	6,82	2,93	28,67	29,34	1470,33
350	03.08.2025 10:47:49	6,79	2,96	28,59	29,24	1470,10
351	03.08.2025 10:47:50	6,68	2,97	28,57	29,14	1469,65
352	03.08.2025 10:47:51	6,61	3,00	28,55	29,07	1469,35
353	03.08.2025 10:47:52	6,51	3,01	28,56	29,00	1468,94
354	03.08.2025 10:47:53	6,40	3,04	28,56	28,92	1468,54
355	03.08.2025 10:47:54	6,33	3,06	28,57	28,87	1468,26
356	03.08.2025 10:47:55	6,23	3,10	28,60	28,82	1467,89
357	03.08.2025 10:47:56	6,16	3,11	28,63	28,80	1467,65
358	03.08.2025 10:47:57	6,05	3,14	28,67	28,75	1467,27
359	03.08.2025 10:47:58	5,98	3,16	28,70	28,72	1467,02
360	03.08.2025 10:47:59	5,87	3,18	28,76	28,70	1466,68
361	03.08.2025 10:48:00	5,80	3,20	28,85	28,72	1466,50
362	03.08.2025 10:48:01	5,73	3,23	28,88	28,69	1466,26
363	03.08.2025 10:48:02	5,70	3,26	28,91	28,69	1466,16
364	03.08.2025 10:48:03	5,62	3,29	28,95	28,67	1465,92
365	03.08.2025 10:48:04	5,55	3,32	29,03	28,69	1465,74
366	03.08.2025 10:48:05	5,52	3,34	29,15	28,77	1465,75
367	03.08.2025 10:48:06	5,48	3,35	29,21	28,79	1465,68
368	03.08.2025 10:48:07	5,41	3,37	29,30	28,82	1465,50
369	03.08.2025 10:48:08	5,37	3,38	29,33	28,82	1465,40
370	03.08.2025 10:48:09	5,34	3,41	29,33	28,79	1465,26
371	03.08.2025 10:48:10	5,30	3,43	29,36	28,79	1465,15
372	03.08.2025 10:48:11	5,27	3,45	29,37	28,77	1465,01
373	03.08.2025 10:48:12	5,23	3,44	29,37	28,74	1464,87
374	03.08.2025 10:48:13	5,19	3,48	29,29	28,64	1464,62
375	03.08.2025 10:48:14	5,12	3,49	29,13	28,45	1464,12
376	03.08.2025 10:48:15	5,05	3,50	29,19	28,45	1463,91
377	03.08.2025 10:48:16	4,98	3,53	29,26	28,45	1463,70
378	03.08.2025 10:48:17	4,91	3,56	29,26	28,40	1463,41
379	03.08.2025 10:48:18	4,87	3,58	29,29	28,40	1463,30
380	03.08.2025 10:48:19	4,80	3,61	29,33	28,37	1463,05
381	03.08.2025 10:48:20	4,76	3,62	29,33	28,35	1462,91
382	03.08.2025 10:48:21	4,69	3,64	29,37	28,32	1462,66
383	03.08.2025 10:48:22	4,65	3,67	29,35	28,27	1462,48
384	03.08.2025 10:48:23	4,61	3,70	29,35	28,25	1462,34
385	03.08.2025 10:48:24	4,54	3,70	29,36	28,20	1462,04
386	03.08.2025 10:48:25	4,47	3,73	29,40	28,17	1461,79
387	03.08.2025 10:48:26	4,43	3,76	29,43	28,17	1461,68
388	03.08.2025 10:48:27	4,36	3,79	29,46	28,15	1461,43
389	03.08.2025 10:48:28	4,32	3,81	29,47	28,13	1461,28
390	03.08.2025 10:48:29	4,25	3,82	29,45	28,05	1460,95
391	03.08.2025 10:48:30	4,21	3,84	29,37	27,95	1460,69
392	03.08.2025 10:48:31	4,14	3,87	29,41	27,93	1460,43
393	03.08.2025 10:48:32	4,10	3,90	29,41	27,90	1460,29
394	03.08.2025 10:48:33	4,03	3,91	29,48	27,90	1460,07
395	03.08.2025 10:48:34	3,99	3,95	29,51	27,90	1459,96
396	03.08.2025 10:48:35	3,95	3,96	29,54	27,90	1459,85
397	03.08.2025 10:48:36	3,92	3,99	29,49	27,83	1459,63
398	03.08.2025 10:48:37	3,84	4,01	29,47	27,76	1459,29
399	03.08.2025 10:48:38	3,81	4,02	29,47	27,73	1459,14
400	03.08.2025 10:48:39	3,73	4,03	29,48	27,68	1458,84
401	03.08.2025 10:48:40	3,66	4,06	29,49	27,63	1458,54
402	03.08.2025 10:48:41	3,62	4,12	29,47	27,58	1458,36
403	03.08.2025 10:48:42	3,55	4,13	29,48	27,54	1458,05
404	03.08.2025 10:48:43	3,47	4,14	29,49	27,49	1457,75
405	03.08.2025 10:48:44	3,40	4,19	29,53	27,46	1457,48
406	03.08.2025 10:48:45	3,36	4,20	29,50	27,41	1457,29
407	03.08.2025 10:48:46	3,28	4,23	29,42	27,29	1456,87
408	03.08.2025 10:48:47	3,21	4,25	29,41	27,22	1456,53
409	03.08.2025 10:48:48	3,10	4,27	29,48	27,19	1456,14
410	03.08.2025 10:48:49	3,02	4,30	29,52	27,17	1455,87
411	03.08.2025 10:48:50	2,94	4,33	29,59	27,17	1455,64
412	03.08.2025 10:48:51	2,91	4,37	29,63	27,17	1455,53
413	03.08.2025 10:48:52	2,83	4,38	29,70	27,17	1455,29
414	03.08.2025 10:48:53	2,79	4,41	29,70	27,15	1455,14
415	03.08.2025 10:48:54	2,75	4,45	29,74	27,15	1455,03
416	03.08.2025 10:48:55	2,72	4,46	29,74	27,12	1454,87
417	03.08.2025 10:48:56	2,68	4,48	29,72	27,07	1454,68
418	03.08.2025 10:48:57	2,64	4,49	29,72	27,05	1454,52
419	03.08.2025 10:48:58	2,56	4,52	29,74	27,00	1454,21
420	03.08.2025 10:48:59	2,53	4,54	29,71	26,95	1454,01
421	03.08.2025 10:49:00	2,45	4,57	29,66	26,85	1453,62
422	03.08.2025 10:49:01	2,37	4,61	29,68	26,80	1453,30
423	03.08.2025 10:49:02	2,30	4,63	29,75	26,80	1453,06
424	03.08.2025 10:49:03	2,26	4,68	29,78	26,81	1452,95
425	03.08.2025 10:49:04	2,22	4,71	29,79	26,78	1452,79
426	03.08.2025 10:49:05	2,14	4,72	29,90	26,81	1452,59
427	03.08.2025 10:49:06	2,10	4,74	29,93	26,81	1452,47
428	03.08.2025 10:49:07	2,07	4,75	29,97	26,81	1452,35
429	03.08.2025 10:49:08	2,03	4,77	30,01	26,81	1452,23
430	03.08.2025 10:49:09	2,03	4,77	30,01	26,81	1452,23
431	03.08.2025 10:49:10	1,99	4,78	30,04	26,81	1452,11
432	03.08.2025 10:49:11	1,95	4,78	30,08	26,81	1451,99
433	03.08.2025 10:49:12	1,95	4,80	30,05	26,79	1451,95
434	03.08.2025 10:49:13	1,91	4,81	30,12	26,81	1451,88
435	03.08.2025 10:49:14	1,87	4,83	30,16	26,81	1451,76
436	03.08.2025 10:49:15	1,87	4,83	30,16	26,81	1451,76
437	03.08.2025 10:49:16	1,83	4,83	30,19	26,81	1451,63
438	03.08.2025 10:49:17	1,83	4,86	30,19	26,81	1451,64
439	03.08.2025 10:49:18	1,79	4,86	30,23	26,81	1451,52
440	03.08.2025 10:49:19	1,79	4,88	30,23	26,81	1451,52
441	03.08.2025 10:49:20	1,76	4,89	30,27	26,81	1451,40
442	03.08.2025 10:49:21	1,76	4,91	30,27	26,81	1451,40
443	03.08.2025 10:49:22	1,72	4,94	30,31	26,81	1451,28
444	03.08.2025 10:49:23	1,72	4,94	30,31	26,81	1451,28
445	03.08.2025 10:49:24	1,68	4,96	30,35	26,82	1451,16
446	03.08.2025 10:49:25	1,68	4,97	30,35	26,82	1451,17
447	03.08.2025 10:49:26	1,68	4,99	30,35	26,82	1451,17
448	03.08.2025 10:49:27	1,64	5,01	30,39	26,82	1451,05
449	03.08.2025 10:49:28	1,64	5,04	30,38	26,82	1451,05
450	03.08.2025 10:49:29	1,64	5,06	30,38	26,82	1451,06
451	03.08.2025 10:49:30	1,60	5,08	30,42	26,82	1450,94
452	03.08.2025 10:49:31	1,60	5,09	30,42	26,82	1450,94
453	03.08.2025 10:49:32	1,60	5,13	30,42	26,82	1450,94
454	03.08.2025 10:49:33	1,60	5,15	30,42	26,82	1450,95
455	03.08.2025 10:49:34	1,56	5,16	30,46	26,82	1450,83
456	03.08.2025 10:49:35	1,56	5,18	30,46	26,82	1450,83
457	03.08.2025 10:49:36	1,56	5,22	30,46	26,82	1450,83
458	03.08.2025 10:49:37	1,52	5,21	30,50	26,82	1450,71
459	03.08.2025 10:49:38	1,52	5,25	30,50	26,82	1450,72
460	03.08.2025 10:49:39	1,48	5,26	30,54	26,82	1450,60
461	03.08.2025 10:49:40	1,48	5,30	30,54	26,82	1450,60
462	03.08.2025 10:49:41	1,48	5,34	30,51	26,79	1450,56
463	03.08.2025 10:49:42	1,48	5,35	30,51	26,79	1450,57
464	03.08.2025 10:49:43	1,44	5,37	30,52	26,77	1450,40
465	03.08.2025 10:49:44	1,44	5,41	30,51	26,77	1450,41
466	03.08.2025 10:49:45	1,40	5,44	30,52	26,75	1450,25
467	03.08.2025 10:49:46	1,40	5,46	30,49	26,72	1450,21
468	03.08.2025 10:49:47	1,37	5,49	30,50	26,70	1450,05
469	03.08.2025 10:49:48	1,37	5,53	30,44	26,65	1449,97
470	03.08.2025 10:49:49	1,33	5,54	30,44	26,62	1449,81
471	03.08.2025 10:49:50	1,29	5,55	30,51	26,65	1449,73
472	03.08.2025 10:49:51	1,29	5,59	30,45	26,60	1449,65
473	03.08.2025 10:49:52	1,25	5,62	30,49	26,60	1449,53
474	03.08.2025 10:49:53	1,25	5,62	30,49	26,60	1449,53
475	03.08.2025 10:49:54	1,21	5,66	30,53	26,60	1449,41
476	03.08.2025 10:49:55	1,21	5,69	30,53	26,60	1449,42
477	03.08.2025 10:49:56	1,17	5,73	30,57	26,60	1449,30
478	03.08.2025 10:49:57	1,17	5,74	30,57	26,60	1449,30
479	03.08.2025 10:49:58	1,17	5,76	30,57	26,60	1449,30
480	03.08.2025 10:49:59	1,13	5,78	30,61	26,60	1449,18
481	03.08.2025 10:50:00	1,13	5,81	30,61	26,60	1449,19
482	03.08.2025 10:50:01	1,13	5,81	30,61	26,60	1449,19
483	03.08.2025 10:50:02	1,09	5,83	30,65	26,60	1449,06
484	03.08.2025 10:50:03	1,09	5,84	30,65	26,60	1449,07
485	03.08.2025 10:50:04	1,09	5,86	30,65	26,60	1449,07
486	03.08.2025 10:50:05	1,09	5,88	30,65	26,60	1449,07
487	03.08.2025 10:50:06	1,09	5,86	30,65	26,60	1449,07
488	03.08.2025 10:50:07	1,05	5,88	30,69	26,61	1448,95
489	03.08.2025 10:50:08	1,05	5,90	30,69	26,61	1448,95
490	03.08.2025 10:50:09	1,05	5,91	30,69	26,61	1448,95
491	03.08.2025 10:50:10	1,05	5,91	30,69	26,61	1448,95
492	03.08.2025 10:50:11	1,05	5,91	30,69	26,61	1448,95
493	03.08.2025 10:50:12	1,05	5,93	30,69	26,61	1448,95
494	03.08.2025 10:50:13	1,01	5,95	30,73	26,61	1448,83
495	03.08.2025 10:50:14	1,01	5,95	30,73	26,61	1448,83
496	03.08.2025 10:50:15	1,01	5,93	30,73	26,61	1448,83
497	03.08.2025 10:50:16	1,01	5,95	30,73	26,61	1448,83
498	03.08.2025 10:50:17	1,01	5,95	30,73	26,61	1448,83
499	03.08.2025 10:50:18	1,01	5,95	30,73	26,61	1448,83
500	03.08.2025 10:50:19	1,01	5,93	30,73	26,61	1448,83
501	03.08.2025 10:50:20	1,01	5,93	30,73	26,61	1448,83
502	03.08.2025 10:50:21	0,97	5,96	30,77	26,61	1448,71
503	03.08.2025 10:50:22	0,97	5,94	30,77	26,61	1448,70
504	03.08.2025 10:50:23	0,97	5,94	30,77	26,61	1448,70
505	03.08.2025 10:50:24	0,97	5,94	30,77	26,61	1448,70
506	03.08.2025 10:50:25	0,97	5,94	30,77	26,61	1448,70
507	03.08.2025 10:50:26	0,97	5,94	30,77	26,61	1448,70
508	03.08.2025 10:50:27	0,97	5,94	30,77	26,61	1448,70
509	03.08.2025 10:50:28	0,97	5,94	30,77	26,61	1448,70
510	03.08.2025 10:50:29	0,93	5,96	30,81	26,61	1448,58
511	03.08.2025 10:50:30	0,93	5,96	30,81	26,61	1448,58
512	03.08.2025 10:50:31	0,93	5,96	30,81	26,61	1448,58
513	03.08.2025 10:50:32	0,93	5,96	30,81	26,61	1448,58
514	03.08.2025 10:50:33	0,93	5,96	30,81	26,61	1448,58
515	03.08.2025 10:50:34	0,93	5,98	30,81	26,61	1448,58
516	03.08.2025 10:50:35	0,93	5,96	30,81	26,61	1448,58
517	03.08.2025 10:50:36	0,93	5,96	30,81	26,61	1448,58
518	03.08.2025 10:50:37	0,93	5,98	30,81	26,61	1448,58
519	03.08.2025 10:50:38	0,93	5,96	30,81	26,61	1448,58
520	03.08.2025 10:50:39	0,89	5,95	30,85	26,61	1448,45
521	03.08.2025 10:50:40	0,89	5,94	30,85	26,61	1448,45
522	03.08.2025 10:50:41	0,89	5,94	30,85	26,61	1448,45
523	03.08.2025 10:50:42	0,89	5,94	30,85	26,61	1448,45
524	03.08.2025 10:50:43	0,89	5,92	30,85	26,61	1448,45
525	03.08.2025 10:50:44	0,89	5,88	30,85	26,61	1448,44
526	03.08.2025 10:50:45	0,89	5,88	30,85	26,61	1448,44
527	03.08.2025 10:50:46	0,89	5,90	30,85	26,61	1448,45
528	03.08.2025 10:50:47	0,89	5,90	30,85	26,61	1448,45
529	03.08.2025 10:50:48	0,89	5,88	30,85	26,61	1448,44
530	03.08.2025 10:50:49	0,89	5,92	30,85	26,61	1448,45
531	03.08.2025 10:50:50	0,89	5,92	30,85	26,61	1448,45
532	03.08.2025 10:50:51	0,89	5,94	30,85	26,61	1448,45
533	03.08.2025 10:50:52	0,89	5,94	30,85	26,61	1448,45
534	03.08.2025 10:50:53	0,85	5,93	30,89	26,61	1448,33
535	03.08.2025 10:50:54	0,85	5,95	30,89	26,61	1448,33
536	03.08.2025 10:50:55	0,85	5,95	30,89	26,61	1448,33
537	03.08.2025 10:50:56	0,85	5,93	30,89	26,61	1448,32
538	03.08.2025 10:50:57	0,85	5,93	30,89	26,61	1448,32
539	03.08.2025 10:50:58	0,85	5,92	30,89	26,61	1448,32
540	03.08.2025 10:50:59	0,85	5,92	30,89	26,61	1448,32
541	03.08.2025 10:51:00	0,85	5,92	30,89	26,61	1448,32
542	03.08.2025 10:51:01	0,85	5,93	30,89	26,61	1448,32
543	03.08.2025 10:51:02	0,85	5,92	30,89	26,61	1448,32
544	03.08.2025 10:51:03	0,85	5,92	30,89	26,61	1448,32
545	03.08.2025 10:51:04	0,85	5,92	30,89	26,61	1448,32
546	03.08.2025 10:51:05	0,85	5,92	30,89	26,61	1448,32
547	03.08.2025 10:51:06	0,85	5,92	30,89	26,61	1448,32
548	03.08.2025 10:51:07	0,85	5,90	30,89	26,61	1448,32
549	03.08.2025 10:51:08	0,85	5,92	30,89	26,61	1448,32
550	03.08.2025 10:51:09	0,85	5,92	30,89	26,61	1448,32
551	03.08.2025 10:51:10	0,85	5,90	30,89	26,61	1448,32
552	03.08.2025 10:51:11	0,85	5,92	30,89	26,61	1448,32
553	03.08.2025 10:51:12	0,85	5,90	30,89	26,61	1448,32
554	03.08.2025 10:51:13	0,85	5,90	30,89	26,61	1448,32
555	03.08.2025 10:51:14	0,81	5,88	30,93	26,61	1448,19
556	03.08.2025 10:51:15	0,81	5,88	30,96	26,64	1448,23
557	03.08.2025 10:51:16	0,81	5,89	30,93	26,61	1448,19
558	03.08.2025 10:51:17	0,81	5,89	30,93	26,61	1448,19
559	03.08.2025 10:51:18	0,81	5,89	30,93	26,61	1448,19
560	03.08.2025 10:51:19	0,81	5,88	30,93	26,61	1448,19
561	03.08.2025 10:51:20	0,81	5,89	30,93	26,61	1448,19
562	03.08.2025 10:51:21	0,81	5,89	30,93	26,61	1448,19
563	03.08.2025 10:51:22	0,81	5,89	30,93	26,61	1448,19
564	03.08.2025 10:51:23	0,81	5,89	30,96	26,64	1448,24
565	03.08.2025 10:51:24	0,81	5,91	30,93	26,61	1448,20
566	03.08.2025 10:51:25	0,81	5,91	30,93	26,61	1448,20
567	03.08.2025 10:51:26	0,81	5,89	30,93	26,61	1448,19
568	03.08.2025 10:51:27	0,81	5,89	30,93	26,61	1448,19
569	03.08.2025 10:51:28	0,81	5,91	30,93	26,61	1448,20
570	03.08.2025 10:51:29	0,81	5,91	30,93	26,61	1448,20
571	03.08.2025 10:51:30	0,81	5,91	30,93	26,61	1448,20
572	03.08.2025 10:51:31	0,81	5,89	30,93	26,61	1448,19
573	03.08.2025 10:51:32	0,81	5,91	30,93	26,61	1448,20
574	03.08.2025 10:51:33	0,81	5,93	30,93	26,61	1448,20
575	03.08.2025 10:51:34	0,81	5,93	30,93	26,61	1448,20
576	03.08.2025 10:51:35	0,81	5,95	30,93	26,61	1448,20
577	03.08.2025 10:51:36	0,81	5,93	30,93	26,61	1448,20
578	03.08.2025 10:51:37	0,81	5,93	30,93	26,61	1448,20
579	03.08.2025 10:51:38	0,81	5,95	30,93	26,61	1448,20
580	03.08.2025 10:51:39	0,81	5,95	30,93	26,61	1448,20
581	03.08.2025 10:51:40	0,81	5,95	30,93	26,61	1448,20
582	03.08.2025 10:51:41	0,81	5,93	30,93	26,61	1448,20
583	03.08.2025 10:51:42	0,81	5,95	30,93	26,61	1448,20
584	03.08.2025 10:51:43	0,81	5,97	30,93	26,61	1448,20
585	03.08.2025 10:51:44	0,81	5,97	30,93	26,61	1448,20
586	03.08.2025 10:51:45	0,81	5,95	30,93	26,61	1448,20
587	03.08.2025 10:51:46	0,81	5,95	30,93	26,61	1448,20
588	03.08.2025 10:51:47	0,81	5,97	30,93	26,61	1448,20
589	03.08.2025 10:51:48	0,81	5,97	30,93	26,61	1448,20
590	03.08.2025 10:51:49	0,81	5,97	30,93	26,61	1448,20
591	03.08.2025 10:51:50	0,81	5,97	30,93	26,61	1448,20
592	03.08.2025 10:51:51	0,81	5,97	30,93	26,61	1448,20
593	03.08.2025 10:51:52	0,81	5,97	30,93	26,61	1448,20
594	03.08.2025 10:51:53	0,81	5,97	30,93	26,61	1448,20
595	03.08.2025 10:51:54	0,77	5,96	30,97	26,61	1448,08
596	03.08.2025 10:51:55	0,81	5,97	30,93	26,61	1448,20
597	03.08.2025 10:51:56	0,77	5,98	30,97	26,61	1448,08
598	03.08.2025 10:51:57	0,81	5,98	30,93	26,61	1448,21
599	03.08.2025 10:51:58	0,81	5,98	30,93	26,61	1448,21
600	03.08.2025 10:51:59	0,81	5,97	30,93	26,61	1448,20
601	03.08.2025 10:52:00	0,77	5,98	30,97	26,61	1448,08
602	03.08.2025 10:52:01	0,77	5,98	31,01	26,64	1448,12
603	03.08.2025 10:52:02	0,77	5,98	30,97	26,61	1448,08
604	03.08.2025 10:52:03	0,77	5,98	30,97	26,61	1448,08
605	03.08.2025 10:52:04	0,77	5,98	30,97	26,61	1448,08
606	03.08.2025 10:52:05	0,77	5,98	30,97	26,61	1448,08
607	03.08.2025 10:52:06	0,77	6,00	31,00	26,64	1448,13
608	03.08.2025 10:52:07	0,77	6,00	30,97	26,61	1448,08
609	03.08.2025 10:52:08	0,77	6,00	30,97	26,61	1448,08
610	03.08.2025 10:52:09	0,77	5,98	31,01	26,64	1448,12
611	03.08.2025 10:52:10	0,77	6,00	30,97	26,61	1448,08
612	03.08.2025 10:52:11	0,77	5,98	30,97	26,61	1448,08
613	03.08.2025 10:52:12	0,77	6,00	31,00	26,64	1448,13
614	03.08.2025 10:52:13	0,77	6,00	30,97	26,61	1448,08
615	03.08.2025 10:52:14	0,77	5,98	30,97	26,61	1448,08
616	03.08.2025 10:52:15	0,77	6,00	31,00	26,64	1448,13
617	03.08.2025 10:52:16	0,77	6,00	30,97	26,61	1448,08
618	03.08.2025 10:52:17	0,77	5,98	30,97	26,61	1448,08
619	03.08.2025 10:52:18	0,77	5,98	30,97	26,61	1448,08
620	03.08.2025 10:52:19	0,77	6,00	30,97	26,61	1448,08
621	03.08.2025 10:52:20	0,77	5,98	30,97	26,61	1448,08
622	03.08.2025 10:52:21	0,77	6,00	30,97	26,61	1448,08
623	03.08.2025 10:52:22	0,77	5,98	30,97	26,61	1448,08
624	03.08.2025 10:52:23	0,77	6,00	30,97	26,61	1448,08
625	03.08.2025 10:52:24	0,77	6,00	30,97	26,61	1448,08
626	03.08.2025 10:52:25	0,77	6,00	30,97	26,61	1448,08
627	03.08.2025 10:52:26	0,77	6,00	31,00	26,64	1448,13
628	03.08.2025 10:52:27	0,77	6,00	30,97	26,61	1448,08
629	03.08.2025 10:52:28	0,77	6,02	30,97	26,61	1448,09
630	03.08.2025 10:52:29	0,77	6,00	31,00	26,64	1448,13
631	03.08.2025 10:52:30	0,77	5,98	30,97	26,61	1448,08
632	03.08.2025 10:52:31	0,77	6,00	30,97	26,61	1448,08
633	03.08.2025 10:52:32	0,77	6,00	30,97	26,61	1448,08
634	03.08.2025 10:52:33	0,77	6,02	30,97	26,61	1448,09
635	03.08.2025 10:52:34	0,77	6,02	30,97	26,61	1448,09
636	03.08.2025 10:52:35	0,77	6,02	30,97	26,61	1448,09
637	03.08.2025 10:52:36	0,77	6,02	30,97	26,61	1448,09
638	03.08.2025 10:52:37	0,77	6,02	30,97	26,61	1448,09
639	03.08.2025 10:52:38	0,77	6,02	30,97	26,61	1448,09
640	03.08.2025 10:52:39	0,77	6,02	31,00	26,64	1448,13
641	03.08.2025 10:52:40	0,77	6,02	31,00	26,64	1448,13
642	03.08.2025 10:52:41	0,77	6,02	30,97	26,61	1448,09
643	03.08.2025 10:52:42	0,77	6,02	30,97	26,61	1448,09
644	03.08.2025 10:52:43	0,77	6,00	30,97	26,61	1448,08
645	03.08.2025 10:52:44	0,77	6,02	30,97	26,61	1448,09
646	03.08.2025 10:52:45	0,77	6,02	30,97	26,61	1448,09
647	03.08.2025 10:52:46	0,77	6,02	31,00	26,64	1448,13
648	03.08.2025 10:52:47	0,77	6,04	30,97	26,61	1448,09
649	03.08.2025 10:52:48	0,77	6,04	30,97	26,61	1448,09
650	03.08.2025 10:52:49	0,77	6,04	30,97	26,61	1448,09
651	03.08.2025 10:52:50	0,77	6,04	30,97	26,61	1448,09
652	03.08.2025 10:52:51	0,77	6,04	30,97	26,61	1448,09
653	03.08.2025 10:52:52	0,77	6,04	30,97	26,61	1448,09
654	03.08.2025 10:52:53	0,77	6,04	30,97	26,61	1448,09
655	03.08.2025 10:52:54	0,77	6,04	30,97	26,61	1448,09
656	03.08.2025 10:52:55	0,77	6,04	30,97	26,61	1448,09
657	03.08.2025 10:52:56	0,77	6,04	30,97	26,61	1448,09
658	03.08.2025 10:52:57	0,77	6,04	30,97	26,61	1448,09
659	03.08.2025 10:52:58	0,77	6,04	30,97	26,61	1448,09
660	03.08.2025 10:52:59	0,77	6,04	30,97	26,61	1448,09
661	03.08.2025 10:53:00	0,77	6,04	30,97	26,61	1448,09
662	03.08.2025 10:53:01	0,77	6,04	30,97	26,61	1448,09
663	03.08.2025 10:53:02	0,77	6,00	30,97	26,61	1448,08
664	03.08.2025 10:53:03	0,77	6,00	30,97	26,61	1448,08
665	03.08.2025 10:53:04	0,77	6,00	30,97	26,61	1448,08
666	03.08.2025 10:53:05	0,77	5,98	30,97	26,61	1448,08
667	03.08.2025 10:53:06	0,77	5,98	30,97	26,61	1448,08
668	03.08.2025 10:53:07	0,77	5,98	30,97	26,61	1448,08
669	03.08.2025 10:53:08	0,77	5,98	30,97	26,61	1448,08
670	03.08.2025 10:53:09	0,77	5,96	30,97	26,61	1448,08
671	03.08.2025 10:53:10	0,77	5,96	30,97	26,61	1448,08
672	03.08.2025 10:53:11	0,77	5,96	30,97	26,61	1448,08
673	03.08.2025 10:53:12	0,77	5,96	30,97	26,61	1448,08
674	03.08.2025 10:53:13	0,77	5,95	30,97	26,61	1448,07
675	03.08.2025 10:53:14	0,77	5,95	30,97	26,61	1448,07
676	03.08.2025 10:53:15	0,77	5,93	30,97	26,61	1448,07
677	03.08.2025 10:53:16	0,77	5,91	30,97	26,61	1448,07
678	03.08.2025 10:53:17	0,77	5,91	30,97	26,61	1448,07
679	03.08.2025 10:53:18	0,77	5,93	30,97	26,61	1448,07
680	03.08.2025 10:53:19	0,77	5,91	30,97	26,61	1448,07
681	03.08.2025 10:53:20	0,77	5,93	30,97	26,61	1448,07
682	03.08.2025 10:53:21	0,77	5,91	30,97	26,61	1448,07
683	03.08.2025 10:53:22	0,77	5,93	30,97	26,61	1448,07
684	03.08.2025 10:53:23	0,77	5,93	30,97	26,61	1448,07
685	03.08.2025 10:53:24	0,77	5,91	30,97	26,61	1448,07
686	03.08.2025 10:53:25	0,77	5,89	30,97	26,61	1448,07
687	03.08.2025 10:53:26	0,77	5,93	30,97	26,61	1448,07
688	03.08.2025 10:53:27	0,77	5,93	30,97	26,61	1448,07
689	03.08.2025 10:53:28	0,77	5,91	30,97	26,61	1448,07
690	03.08.2025 10:53:29	0,77	5,91	30,97	26,61	1448,07
691	03.08.2025 10:53:30	0,77	5,93	30,97	26,61	1448,07
692	03.08.2025 10:53:31	0,77	5,93	30,97	26,61	1448,07
693	03.08.2025 10:53:32	0,77	5,93	30,97	26,61	1448,07
694	03.08.2025 10:53:33	0,77	5,93	30,97	26,61	1448,07
695	03.08.2025 10:53:34	0,77	5,93	30,97	26,61	1448,07
696	03.08.2025 10:53:35	0,77	5,93	30,97	26,61	1448,07
697	03.08.2025 10:53:36	0,77	5,95	30,97	26,61	1448,07
698	03.08.2025 10:53:37	0,77	5,93	31,01	26,64	1448,11
699	03.08.2025 10:53:38	0,77	5,95	30,97	26,61	1448,07
700	03.08.2025 10:53:39	0,77	5,95	30,97	26,61	1448,07
701	03.08.2025 10:53:40	0,77	5,96	30,97	26,61	1448,08
702	03.08.2025 10:53:41	0,77	5,96	31,01	26,64	1448,12
703	03.08.2025 10:53:42	0,77	5,95	30,97	26,61	1448,07
704	03.08.2025 10:53:43	0,77	5,96	30,97	26,61	1448,08
705	03.08.2025 10:53:44	0,77	5,96	30,97	26,61	1448,08
706	03.08.2025 10:53:45	0,77	5,96	30,97	26,61	1448,08
707	03.08.2025 10:53:46	0,77	5,96	30,97	26,61	1448,08
708	03.08.2025 10:53:47	0,77	5,96	30,97	26,61	1448,08
709	03.08.2025 10:53:48	0,77	5,98	30,97	26,61	1448,08
710	03.08.2025 10:53:49	0,77	5,96	30,97	26,61	1448,08
711	03.08.2025 10:53:50	0,77	5,98	30,97	26,61	1448,08
712	03.08.2025 10:53:51	0,77	5,96	30,97	26,61	1448,08
713	03.08.2025 10:53:52	0,77	5,98	30,97	26,61	1448,08
714	03.08.2025 10:53:53	0,77	5,98	30,97	26,61	1448,08
715	03.08.2025 10:53:54	0,77	5,98	30,97	26,61	1448,08
716	03.08.2025 10:53:55	0,77	5,96	30,97	26,61	1448,08
717	03.08.2025 10:53:56	0,77	5,96	30,97	26,61	1448,08
718	03.08.2025 10:53:57	0,77	5,98	30,97	26,61	1448,08
719	03.08.2025 10:53:58	0,77	5,98	30,97	26,61	1448,08
720	03.08.2025 10:53:59	0,77	5,96	30,97	26,61	1448,08
721	03.08.2025 10:54:00	0,77	5,98	30,97	26,61	1448,08
722	03.08.2025 10:54:01	0,77	6,00	30,97	26,61	1448,08
723	03.08.2025 10:54:02	0,77	5,98	30,97	26,61	1448,08
724	03.08.2025 10:54:03	0,77	5,98	31,01	26,64	1448,12
725	03.08.2025 10:54:04	0,77	5,98	30,97	26,61	1448,08
726	03.08.2025 10:54:05	0,77	6,00	31,00	26,64	1448,13
727	03.08.2025 10:54:06	0,77	5,98	30,97	26,61	1448,08
728	03.08.2025 10:54:07	0,77	5,98	30,97	26,61	1448,08
729	03.08.2025 10:54:08	0,77	6,00	31,00	26,64	1448,13
730	03.08.2025 10:54:09	0,77	6,00	30,97	26,61	1448,08
731	03.08.2025 10:54:10	0,77	5,98	30,97	26,61	1448,08
732	03.08.2025 10:54:11	0,77	6,00	30,97	26,61	1448,08
733	03.08.2025 10:54:12	0,77	5,98	30,97	26,61	1448,08
734	03.08.2025 10:54:13	0,77	6,00	30,97	26,61	1448,08
735	03.08.2025 10:54:14	0,77	6,00	30,97	26,61	1448,08
736	03.08.2025 10:54:15	0,77	5,98	30,97	26,61	1448,08
737	03.08.2025 10:54:16	0,77	5,98	31,01	26,64	1448,12
738	03.08.2025 10:54:17	0,77	5,98	30,97	26,61	1448,08
739	03.08.2025 10:54:18	0,77	6,00	30,97	26,61	1448,08
740	03.08.2025 10:54:19	0,77	5,98	30,97	26,61	1448,08
741	03.08.2025 10:54:20	0,77	5,98	30,97	26,61	1448,08
742	03.08.2025 10:54:21	0,77	5,98	30,97	26,61	1448,08
743	03.08.2025 10:54:22	0,77	6,00	30,97	26,61	1448,08
744	03.08.2025 10:54:23	0,77	5,98	30,97	26,61	1448,08
745	03.08.2025 10:54:24	0,77	5,98	30,97	26,61	1448,08
746	03.08.2025 10:54:25	0,77	5,98	31,01	26,64	1448,12
747	03.08.2025 10:54:26	0,77	5,98	30,97	26,61	1448,08
748	03.08.2025 10:54:27	0,77	5,96	30,97	26,61	1448,08
749	03.08.2025 10:54:28	0,77	5,96	30,97	26,61	1448,08
750	03.08.2025 10:54:29	0,77	5,98	30,97	26,61	1448,08
751	03.08.2025 10:54:30	0,77	5,98	31,01	26,64	1448,12
752	03.08.2025 10:54:31	0,77	5,98	30,97	26,61	1448,08
753	03.08.2025 10:54:32	0,77	5,98	30,97	26,61	1448,08
754	03.08.2025 10:54:33	0,77	5,96	31,01	26,64	1448,12
755	03.08.2025 10:54:34	0,77	5,98	30,97	26,61	1448,08
756	03.08.2025 10:54:35	0,77	5,98	30,97	26,61	1448,08
757	03.08.2025 10:54:36	0,77	5,96	30,97	26,61	1448,08
758	03.08.2025 10:54:37	0,77	5,96	30,97	26,61	1448,08
759	03.08.2025 10:54:38	0,77	5,96	30,97	26,61	1448,08
760	03.08.2025 10:54:39	0,77	5,98	30,97	26,61	1448,08
761	03.08.2025 10:54:40	0,77	5,98	30,97	26,61	1448,08
762	03.08.2025 10:54:41	0,77	5,98	30,97	26,61	1448,08
763	03.08.2025 10:54:42	0,77	5,98	30,97	26,61	1448,08
764	03.08.2025 10:54:43	0,77	5,96	30,97	26,61	1448,08
765	03.08.2025 10:54:44	0,77	6,00	31,00	26,64	1448,13
766	03.08.2025 10:54:45	0,77	5,98	30,97	26,61	1448,08
767	03.08.2025 10:54:46	0,77	5,96	30,97	26,61	1448,08
768	03.08.2025 10:54:47	0,77	5,98	30,97	26,61	1448,08
769	03.08.2025 10:54:48	0,77	5,98	30,97	26,61	1448,08
770	03.08.2025 10:54:49	0,77	5,98	30,97	26,61	1448,08
771	03.08.2025 10:54:50	0,77	5,98	30,97	26,61	1448,08
772	03.08.2025 10:54:51	0,77	5,98	30,97	26,61	1448,08
773	03.08.2025 10:54:52	0,77	5,98	30,97	26,61	1448,08
774	03.08.2025 10:54:53	0,77	5,98	30,97	26,61	1448,08
775	03.08.2025 10:54:54	0,77	5,98	30,97	26,61	1448,08
776	03.08.2025 10:54:55	0,77	5,96	30,97	26,61	1448,08
777	03.08.2025 10:54:56	0,77	6,00	31,00	26,64	1448,13
778	03.08.2025 10:54:57	0,77	5,98	31,01	26,64	1448,12
779	03.08.2025 10:54:58	0,77	5,98	30,97	26,61	1448,08
780	03.08.2025 10:54:59	0,77	5,96	30,97	26,61	1448,08
781	03.08.2025 10:55:00	0,77	5,98	30,97	26,61	1448,08
782	03.08.2025 10:55:01	0,77	5,98	30,97	26,61	1448,08
783	03.08.2025 10:55:02	0,77	5,98	31,01	26,64	1448,12
784	03.08.2025 10:55:03	0,77	5,98	30,97	26,61	1448,08
785	03.08.2025 10:55:04	0,77	5,98	30,97	26,61	1448,08
786	03.08.2025 10:55:05	0,77	5,98	30,97	26,61	1448,08
787	03.08.2025 10:55:06	0,77	6,00	30,97	26,61	1448,08
788	03.08.2025 10:55:07	0,77	5,98	30,97	26,61	1448,08
789	03.08.2025 10:55:08	0,77	5,98	30,97	26,61	1448,08
790	03.08.2025 10:55:09	0,77	5,98	30,97	26,61	1448,08
791	03.08.2025 10:55:10	0,77	5,98	30,97	26,61	1448,08
792	03.08.2025 10:55:11	0,77	5,98	30,97	26,61	1448,08
793	03.08.2025 10:55:12	0,77	5,98	30,97	26,61	1448,08
794	03.08.2025 10:55:13	0,77	5,98	30,97	26,61	1448,08
795	03.08.2025 10:55:14	0,77	5,98	30,97	26,61	1448,08
796	03.08.2025 10:55:15	0,77	5,98	30,97	26,61	1448,08
797	03.08.2025 10:55:16	0,77	5,98	30,97	26,61	1448,08
798	03.08.2025 10:55:17	0,77	5,98	30,97	26,61	1448,08
799	03.08.2025 10:55:18	0,77	5,98	30,97	26,61	1448,08
800	03.08.2025 10:55:19	0,77	6,00	30,97	26,61	1448,08
801	03.08.2025 10:55:20	0,77	5,98	30,97	26,61	1448,08
802	03.08.2025 10:55:21	0,77	5,98	30,97	26,61	1448,08
803	03.08.2025 10:55:22	0,77	6,00	30,97	26,61	1448,08
804	03.08.2025 10:55:23	0,77	5,98	30,97	26,61	1448,08
805	03.08.2025 10:55:24	0,77	5,96	30,97	26,61	1448,08
806	03.08.2025 10:55:25	0,77	5,96	30,97	26,61	1448,08
807	03.08.2025 10:55:26	0,77	5,93	30,97	26,61	1448,07
808	03.08.2025 10:55:27	0,77	5,93	30,97	26,61	1448,07
809	03.08.2025 10:55:28	0,77	5,89	30,97	26,61	1448,07
810	03.08.2025 10:55:29	0,77	5,87	31,01	26,64	1448,11
811	03.08.2025 10:55:30	0,77	5,84	30,97	26,61	1448,06
812	03.08.2025 10:55:31	0,77	5,82	30,97	26,61	1448,05
813	03.08.2025 10:55:32	0,77	5,80	30,97	26,61	1448,05
814	03.08.2025 10:55:33	0,77	5,75	30,97	26,61	1448,04
815	03.08.2025 10:55:34	0,77	5,71	30,97	26,61	1448,04
816	03.08.2025 10:55:35	0,77	5,68	30,97	26,61	1448,03
817	03.08.2025 10:55:36	0,77	5,64	30,97	26,61	1448,03
818	03.08.2025 10:55:37	0,77	5,60	31,01	26,64	1448,06
819	03.08.2025 10:55:38	0,77	5,57	30,98	26,61	1448,02
820	03.08.2025 10:55:39	0,77	5,52	30,98	26,61	1448,01
821	03.08.2025 10:55:40	0,77	5,46	31,01	26,64	1448,04
822	03.08.2025 10:55:41	0,77	5,41	31,01	26,64	1448,03
823	03.08.2025 10:55:42	0,77	5,37	31,07	26,69	1448,11
824	03.08.2025 10:55:43	0,81	5,32	31,16	26,79	1448,40
825	03.08.2025 10:55:44	0,81	5,27	31,16	26,79	1448,39
826	03.08.2025 10:55:45	0,85	5,22	31,12	26,78	1448,51
827	03.08.2025 10:55:46	0,85	5,14	31,15	26,81	1448,54
828	03.08.2025 10:55:47	0,89	5,09	31,11	26,81	1448,66
829	03.08.2025 10:55:48	0,89	5,04	31,14	26,83	1448,69
830	03.08.2025 10:55:49	0,93	4,99	31,13	26,86	1448,85
831	03.08.2025 10:55:50	0,93	4,92	31,13	26,86	1448,84
832	03.08.2025 10:55:51	0,93	4,86	31,13	26,86	1448,83
833	03.08.2025 10:55:52	0,97	4,81	31,09	26,86	1448,95
834	03.08.2025 10:55:53	0,97	4,76	31,09	26,86	1448,94
835	03.08.2025 10:55:54	0,97	4,69	31,13	26,88	1448,97
836	03.08.2025 10:55:55	0,97	4,63	31,09	26,86	1448,92
837	03.08.2025 10:55:56	0,97	4,58	31,09	26,86	1448,92
838	03.08.2025 10:55:57	1,01	4,53	31,05	26,86	1449,03
839	03.08.2025 10:55:58	1,01	4,47	31,12	26,91	1449,11
840	03.08.2025 10:55:59	1,01	4,42	31,28	27,03	1449,31
841	03.08.2025 10:56:00	1,05	4,37	31,33	27,10	1449,55
842	03.08.2025 10:56:01	1,09	4,30	31,35	27,15	1449,75
843	03.08.2025 10:56:02	1,17	4,25	31,34	27,20	1450,08
844	03.08.2025 10:56:03	1,21	4,20	31,33	27,22	1450,23
845	03.08.2025 10:56:04	1,25	4,13	31,29	27,22	1450,35
846	03.08.2025 10:56:05	1,29	4,12	31,31	27,27	1450,55
847	03.08.2025 10:56:06	1,33	4,07	31,30	27,30	1450,71
848	03.08.2025 10:56:07	1,37	4,04	31,32	27,34	1450,91
849	03.08.2025 10:56:08	1,40	3,98	31,38	27,42	1451,15
850	03.08.2025 10:56:09	1,44	3,95	31,46	27,52	1451,43
851	03.08.2025 10:56:10	1,52	3,92	31,44	27,57	1451,75
852	03.08.2025 10:56:11	1,56	3,89	31,47	27,61	1451,95
853	03.08.2025 10:56:12	1,64	3,88	31,45	27,66	1452,27
854	03.08.2025 10:56:13	1,68	3,83	31,44	27,69	1452,42
855	03.08.2025 10:56:14	1,76	3,83	31,42	27,73	1452,75
856	03.08.2025 10:56:15	1,79	3,80	31,41	27,76	1452,90
857	03.08.2025 10:56:16	1,83	3,78	31,50	27,86	1453,19
858	03.08.2025 10:56:17	1,91	3,77	31,51	27,93	1453,54
859	03.08.2025 10:56:18	1,95	3,76	31,53	27,98	1453,74
860	03.08.2025 10:56:19	2,03	3,74	31,45	27,98	1453,98
861	03.08.2025 10:56:20	2,10	3,73	31,38	27,98	1454,21
862	03.08.2025 10:56:21	2,14	3,72	31,37	28,00	1454,37
863	03.08.2025 10:56:22	2,18	3,70	31,36	28,02	1454,53
864	03.08.2025 10:56:23	2,22	3,71	31,35	28,05	1454,68
865	03.08.2025 10:56:24	2,26	3,71	31,34	28,07	1454,84
866	03.08.2025 10:56:25	2,30	3,69	31,30	28,07	1454,96
867	03.08.2025 10:56:26	2,30	3,69	31,33	28,10	1455,00
868	03.08.2025 10:56:27	2,33	3,68	31,30	28,09	1455,11
869	03.08.2025 10:56:28	2,37	3,70	31,26	28,09	1455,24
870	03.08.2025 10:56:29	2,37	3,70	31,26	28,09	1455,24
871	03.08.2025 10:56:30	2,41	3,68	31,22	28,09	1455,35
872	03.08.2025 10:56:31	2,41	3,68	31,19	28,07	1455,31
873	03.08.2025 10:56:32	2,45	3,69	31,09	28,02	1455,35
874	03.08.2025 10:56:33	2,45	3,70	31,06	27,99	1455,31
875	03.08.2025 10:56:34	2,45	3,72	31,00	27,94	1455,23
876	03.08.2025 10:56:35	2,45	3,72	31,00	27,94	1455,23
877	03.08.2025 10:56:36	2,41	3,74	31,04	27,94	1455,12
878	03.08.2025 10:56:37	2,41	3,74	31,04	27,94	1455,12
879	03.08.2025 10:56:38	2,41	3,76	31,01	27,92	1455,08
880	03.08.2025 10:56:39	2,41	3,76	31,01	27,92	1455,08
881	03.08.2025 10:56:40	2,45	3,76	30,97	27,92	1455,20
882	03.08.2025 10:56:41	2,45	3,78	30,94	27,89	1455,16
883	03.08.2025 10:56:42	2,45	3,78	30,91	27,87	1455,12
884	03.08.2025 10:56:43	2,45	3,78	30,88	27,85	1455,08
885	03.08.2025 10:56:44	2,41	3,79	30,92	27,85	1454,97
886	03.08.2025 10:56:45	2,41	3,77	30,89	27,82	1454,93
887	03.08.2025 10:56:46	2,41	3,81	30,88	27,82	1454,93
888	03.08.2025 10:56:47	2,41	3,81	30,88	27,82	1454,93
889	03.08.2025 10:56:48	2,41	3,81	30,85	27,80	1454,89
890	03.08.2025 10:56:49	2,41	3,81	30,85	27,80	1454,89
891	03.08.2025 10:56:50	2,41	3,81	30,88	27,82	1454,93
892	03.08.2025 10:56:51	2,41	3,83	30,85	27,80	1454,89
893	03.08.2025 10:56:52	2,41	3,83	30,85	27,80	1454,89
894	03.08.2025 10:56:53	2,41	3,83	30,88	27,82	1454,93
895	03.08.2025 10:56:54	2,41	3,83	30,88	27,82	1454,93
896	03.08.2025 10:56:55	2,45	3,83	30,82	27,80	1455,01
897	03.08.2025 10:56:56	2,45	3,83	30,85	27,82	1455,05
898	03.08.2025 10:56:57	2,45	3,83	30,88	27,85	1455,09
899	03.08.2025 10:56:58	2,45	3,83	30,88	27,85	1455,09
900	03.08.2025 10:56:59	2,49	3,83	30,87	27,87	1455,25
901	03.08.2025 10:57:00	2,49	3,83	30,87	27,87	1455,25
902	03.08.2025 10:57:01	2,49	3,82	30,87	27,87	1455,25
903	03.08.2025 10:57:02	2,49	3,82	30,87	27,87	1455,25
904	03.08.2025 10:57:03	2,53	3,82	30,83	27,87	1455,36
905	03.08.2025 10:57:04	2,53	3,82	30,83	27,87	1455,37
906	03.08.2025 10:57:05	2,53	3,82	30,83	27,87	1455,37
907	03.08.2025 10:57:06	2,53	3,80	30,83	27,87	1455,36
908	03.08.2025 10:57:07	2,53	3,80	30,83	27,87	1455,36
909	03.08.2025 10:57:08	2,56	3,82	30,79	27,87	1455,48
910	03.08.2025 10:57:09	2,56	3,80	30,79	27,87	1455,48
911	03.08.2025 10:57:10	2,56	3,80	30,79	27,87	1455,48
912	03.08.2025 10:57:11	2,56	3,80	30,79	27,87	1455,48
913	03.08.2025 10:57:12	2,56	3,79	30,80	27,87	1455,48
914	03.08.2025 10:57:13	2,56	3,79	30,83	27,89	1455,52
915	03.08.2025 10:57:14	2,60	3,79	30,82	27,92	1455,67
916	03.08.2025 10:57:15	2,60	3,77	30,85	27,94	1455,71
917	03.08.2025 10:57:16	2,60	3,75	30,85	27,94	1455,71
918	03.08.2025 10:57:17	2,64	3,76	30,84	27,97	1455,87
919	03.08.2025 10:57:18	2,64	3,74	30,93	28,04	1455,98
920	03.08.2025 10:57:19	2,68	3,70	30,92	28,06	1456,13
921	03.08.2025 10:57:20	2,72	3,72	30,89	28,06	1456,25
922	03.08.2025 10:57:21	2,75	3,69	30,85	28,06	1456,36
923	03.08.2025 10:57:22	2,75	3,67	30,85	28,06	1456,36
924	03.08.2025 10:57:23	2,79	3,66	30,84	28,09	1456,51
925	03.08.2025 10:57:24	2,79	3,66	30,84	28,09	1456,51
926	03.08.2025 10:57:25	2,79	3,64	30,87	28,11	1456,55
927	03.08.2025 10:57:26	2,83	3,61	30,84	28,11	1456,66
928	03.08.2025 10:57:27	2,83	3,61	30,87	28,14	1456,70
929	03.08.2025 10:57:28	2,87	3,59	30,86	28,16	1456,85
930	03.08.2025 10:57:29	2,87	3,57	30,89	28,19	1456,89
931	03.08.2025 10:57:30	2,91	3,58	30,85	28,19	1457,01
932	03.08.2025 10:57:31	2,91	3,54	30,88	28,21	1457,04
933	03.08.2025 10:57:32	2,91	3,54	30,88	28,21	1457,04
934	03.08.2025 10:57:33	2,94	3,53	30,87	28,23	1457,19
935	03.08.2025 10:57:34	2,94	3,51	30,90	28,26	1457,23
936	03.08.2025 10:57:35	2,98	3,48	30,90	28,28	1457,38
937	03.08.2025 10:57:36	3,02	3,48	30,86	28,28	1457,49
938	03.08.2025 10:57:37	3,02	3,46	30,86	28,28	1457,49
939	03.08.2025 10:57:38	3,06	3,46	30,82	28,28	1457,61
940	03.08.2025 10:57:39	3,06	3,43	30,82	28,28	1457,60
941	03.08.2025 10:57:40	3,10	3,39	30,79	28,28	1457,71
942	03.08.2025 10:57:41	3,10	3,38	30,82	28,31	1457,75
943	03.08.2025 10:57:42	3,13	3,38	30,84	28,36	1457,94
944	03.08.2025 10:57:43	3,17	3,36	30,98	28,50	1458,28
945	03.08.2025 10:57:44	3,21	3,31	31,01	28,55	1458,47
946	03.08.2025 10:57:45	3,28	3,28	30,96	28,58	1458,73
947	03.08.2025 10:57:46	3,32	3,27	30,99	28,63	1458,92
948	03.08.2025 10:57:47	3,40	3,25	31,00	28,70	1459,25
949	03.08.2025 10:57:48	3,43	3,20	31,02	28,75	1459,44
950	03.08.2025 10:57:49	3,47	3,19	30,99	28,75	1459,55
951	03.08.2025 10:57:50	3,51	3,15	30,92	28,72	1459,62
952	03.08.2025 10:57:51	3,55	3,14	30,83	28,67	1459,65
953	03.08.2025 10:57:52	3,55	3,10	30,89	28,72	1459,72
954	03.08.2025 10:57:53	3,58	3,09	30,94	28,80	1459,95
955	03.08.2025 10:57:54	3,62	3,07	30,93	28,82	1460,09
956	03.08.2025 10:57:55	3,69	3,06	30,86	28,82	1460,31
957	03.08.2025 10:57:56	3,73	3,03	30,83	28,82	1460,42
958	03.08.2025 10:57:57	3,77	3,01	30,82	28,84	1460,57
959	03.08.2025 10:57:58	3,81	3,00	30,81	28,87	1460,72
960	03.08.2025 10:57:59	3,84	2,98	30,78	28,87	1460,82
961	03.08.2025 10:58:00	3,88	2,97	30,74	28,87	1460,93
962	03.08.2025 10:58:01	3,92	2,93	30,71	28,87	1461,04
963	03.08.2025 10:58:02	3,95	2,92	30,64	28,84	1461,11
964	03.08.2025 10:58:03	3,95	2,88	30,70	28,89	1461,18
965	03.08.2025 10:58:04	3,99	2,85	30,70	28,92	1461,32
966	03.08.2025 10:58:05	4,03	2,83	30,72	28,97	1461,51
967	03.08.2025 10:58:06	4,06	2,82	30,80	29,06	1461,77
968	03.08.2025 10:58:07	4,14	2,79	30,82	29,14	1462,09
969	03.08.2025 10:58:08	4,21	2,76	30,86	29,24	1462,46
970	03.08.2025 10:58:09	4,29	2,74	30,91	29,33	1462,82
971	03.08.2025 10:58:10	4,40	2,70	30,92	29,43	1463,29
972	03.08.2025 10:58:11	4,54	2,67	30,84	29,48	1463,79
973	03.08.2025 10:58:12	4,65	2,61	30,82	29,56	1464,21
974	03.08.2025 10:58:13	4,72	2,60	30,95	29,73	1464,68
975	03.08.2025 10:58:14	4,83	2,59	30,99	29,85	1465,18
976	03.08.2025 10:58:15	4,98	2,53	30,89	29,87	1465,63
977	03.08.2025 10:58:16	5,12	2,50	30,81	29,92	1466,13
978	03.08.2025 10:58:17	5,19	2,45	30,77	29,95	1466,36
979	03.08.2025 10:58:18	5,27	2,42	30,70	29,95	1466,57
980	03.08.2025 10:58:19	5,37	2,41	30,69	30,02	1466,99
981	03.08.2025 10:58:20	5,45	2,36	30,60	30,00	1467,16
982	03.08.2025 10:58:21	5,55	2,32	30,44	29,95	1467,39
983	03.08.2025 10:58:22	5,66	2,29	30,43	30,02	1467,80
984	03.08.2025 10:58:23	5,73	2,26	30,34	30,00	1467,97
985	03.08.2025 10:58:24	5,84	2,25	30,35	30,10	1468,42
986	03.08.2025 10:58:25	5,94	2,20	30,40	30,22	1468,89
987	03.08.2025 10:58:26	6,05	2,17	30,47	30,37	1469,41
988	03.08.2025 10:58:27	6,19	2,13	30,45	30,47	1469,94
989	03.08.2025 10:58:28	6,33	2,08	30,43	30,57	1470,48
990	03.08.2025 10:58:29	6,44	2,06	30,42	30,64	1470,88
991	03.08.2025 10:58:30	6,54	2,01	30,41	30,72	1471,28
992	03.08.2025 10:58:31	6,65	1,98	30,40	30,79	1471,67
993	03.08.2025 10:58:32	6,75	1,95	30,41	30,89	1472,10
994	03.08.2025 10:58:33	6,86	1,89	30,05	30,65	1472,05
995	03.08.2025 10:58:34	6,93	1,86	29,91	30,57	1472,14
996	03.08.2025 10:58:35	7,00	1,83	29,72	30,45	1472,17
997	03.08.2025 10:58:36	7,07	1,81	29,77	30,55	1472,50
998	03.08.2025 10:58:37	7,14	1,78	29,87	30,70	1472,89
999	03.08.2025 10:58:38	7,24	1,75	30,02	30,92	1473,48
1000	03.08.2025 10:58:39	7,38	1,73	30,21	31,21	1474,27
1001	03.08.2025 10:58:40	7,55	1,65	30,09	31,24	1474,77
1002	03.08.2025 10:58:41	7,72	1,63	29,87	31,17	1475,15
1003	03.08.2025 10:58:42	7,89	1,60	30,06	31,49	1476,05
1004	03.08.2025 10:58:43	8,06	1,56	30,28	31,84	1476,97
1005	03.08.2025 10:58:44	8,30	1,52	30,08	31,84	1477,62
1006	03.08.2025 10:58:45	8,54	1,49	30,09	32,04	1478,52
1007	03.08.2025 10:58:46	8,74	1,47	30,12	32,24	1479,33
1008	03.08.2025 10:58:47	8,97	1,45	30,28	32,59	1480,40
1009	03.08.2025 10:58:48	9,17	1,46	30,84	33,30	1481,85
1010	03.08.2025 10:58:49	9,51	1,41	30,89	33,62	1483,13
1011	03.08.2025 10:58:50	9,84	1,37	30,71	33,73	1484,12
1012	03.08.2025 10:58:51	10,10	1,33	30,59	33,83	1484,93
1013	03.08.2025 10:58:52	10,33	1,27	30,43	33,86	1485,55
1014	03.08.2025 10:58:53	10,49	1,25	30,32	33,89	1486,00
1015	03.08.2025 10:58:54	10,66	1,24	30,19	33,89	1486,43
1016	03.08.2025 10:58:55	10,79	1,24	30,11	33,92	1486,79
1017	03.08.2025 10:58:56	10,88	1,21	30,06	33,95	1487,07
1018	03.08.2025 10:58:57	11,01	1,22	29,98	33,98	1487,44
1019	03.08.2025 10:58:58	11,11	1,20	29,92	34,00	1487,72
1020	03.08.2025 10:58:59	11,21	1,19	29,87	34,03	1487,99
1021	03.08.2025 10:59:00	11,34	1,20	29,82	34,08	1488,39
1022	03.08.2025 10:59:01	11,43	1,19	29,76	34,11	1488,66
1023	03.08.2025 10:59:02	11,53	1,16	29,69	34,11	1488,90
1024	03.08.2025 10:59:03	11,63	1,17	29,64	34,14	1489,18
1025	03.08.2025 10:59:04	11,72	1,16	29,56	34,14	1489,43
1026	03.08.2025 10:59:05	11,79	1,15	29,51	34,14	1489,59
1027	03.08.2025 10:59:06	11,88	1,13	29,54	34,24	1489,95
1028	03.08.2025 10:59:07	11,98	1,16	29,91	34,71	1490,73
1029	03.08.2025 10:59:08	12,20	1,16	30,11	35,11	1491,75
1030	03.08.2025 10:59:09	12,52	1,07	30,16	35,43	1492,89
1031	03.08.2025 10:59:10	12,83	1,08	30,35	35,91	1494,21
1032	03.08.2025 10:59:11	13,24	1,02	30,36	36,26	1495,58
1033	03.08.2025 10:59:12	13,62	1,01	30,52	36,76	1497,03
1034	03.08.2025 10:59:13	14,02	0,95	30,28	36,85	1498,07
1035	03.08.2025 10:59:14	14,43	0,85	30,04	36,93	1499,10
1036	03.08.2025 10:59:15	14,74	0,80	29,88	37,01	1499,89
1037	03.08.2025 10:59:16	14,95	0,76	29,76	37,07	1500,45
1038	03.08.2025 10:59:17	15,17	0,74	29,63	37,10	1500,97
1039	03.08.2025 10:59:18	15,35	0,74	29,54	37,16	1501,46
1040	03.08.2025 10:59:19	15,50	0,73	29,43	37,16	1501,81
1041	03.08.2025 10:59:20	15,66	0,69	29,28	37,12	1502,11
1042	03.08.2025 10:59:21	15,75	0,68	29,25	37,17	1502,37
1043	03.08.2025 10:59:22	15,87	0,67	29,17	37,17	1502,65
1044	03.08.2025 10:59:23	15,99	0,66	29,08	37,17	1502,93
1045	03.08.2025 10:59:24	16,08	0,65	29,02	37,18	1503,14
1046	03.08.2025 10:59:25	16,20	0,62	28,93	37,18	1503,41
1047	03.08.2025 10:59:26	16,27	0,62	28,87	37,16	1503,53
1048	03.08.2025 10:59:27	16,36	0,65	28,80	37,16	1503,74
1049	03.08.2025 10:59:28	16,45	0,64	28,74	37,16	1503,95
1050	03.08.2025 10:59:29	16,54	0,64	28,68	37,17	1504,16
1051	03.08.2025 10:59:30	16,60	0,61	28,64	37,17	1504,29
1052	03.08.2025 10:59:31	16,69	0,62	28,57	37,17	1504,50
1053	03.08.2025 10:59:32	16,72	0,62	28,55	37,17	1504,57
1054	03.08.2025 10:59:33	16,78	0,59	28,51	37,17	1504,70
1055	03.08.2025 10:59:34	16,87	0,60	28,45	37,18	1504,91
1056	03.08.2025 10:59:35	16,93	0,58	28,43	37,20	1505,07
1057	03.08.2025 10:59:36	16,99	0,57	28,37	37,18	1505,18
1058	03.08.2025 10:59:37	17,05	0,56	28,31	37,16	1505,29
1059	03.08.2025 10:59:38	17,11	0,54	28,27	37,16	1505,42
1060	03.08.2025 10:59:39	17,17	0,55	28,23	37,16	1505,56
1061	03.08.2025 10:59:40	17,23	0,55	28,21	37,19	1505,72
1062	03.08.2025 10:59:41	17,29	0,54	28,17	37,19	1505,86
1063	03.08.2025 10:59:42	17,32	0,50	28,13	37,17	1505,90
1064	03.08.2025 10:59:43	17,38	0,49	28,06	37,14	1506,01
1065	03.08.2025 10:59:44	17,44	0,50	28,04	37,17	1506,17
1066	03.08.2025 10:59:45	17,47	0,50	28,02	37,17	1506,23
1067	03.08.2025 10:59:46	17,53	0,48	27,99	37,17	1506,37
1068	03.08.2025 10:59:47	17,59	0,48	27,97	37,20	1506,53
1069	03.08.2025 10:59:48	17,62	0,48	27,93	37,17	1506,57
1070	03.08.2025 10:59:49	17,65	0,46	27,91	37,18	1506,63
1071	03.08.2025 10:59:50	17,68	0,44	27,89	37,18	1506,70
1072	03.08.2025 10:59:51	17,74	0,44	27,85	37,18	1506,83
1073	03.08.2025 10:59:52	17,77	0,43	27,83	37,18	1506,90
1074	03.08.2025 10:59:53	17,80	0,41	27,81	37,18	1506,96
1075	03.08.2025 10:59:54	17,83	0,39	27,79	37,18	1507,03
1076	03.08.2025 10:59:55	17,89	0,41	27,75	37,18	1507,16
1077	03.08.2025 10:59:56	17,92	0,39	27,73	37,18	1507,23
1078	03.08.2025 10:59:57	17,95	0,39	27,71	37,18	1507,29
1079	03.08.2025 10:59:58	17,98	0,37	27,69	37,19	1507,36
1080	03.08.2025 10:59:59	18,01	0,37	27,67	37,19	1507,43
1081	03.08.2025 11:00:00	18,04	0,35	27,65	37,19	1507,49
1082	03.08.2025 11:00:01	18,07	0,35	27,63	37,19	1507,56
1083	03.08.2025 11:00:02	18,10	0,35	27,61	37,19	1507,62
1084	03.08.2025 11:00:03	18,13	0,34	27,57	37,17	1507,66
1085	03.08.2025 11:00:04	18,16	0,34	27,55	37,17	1507,73
1086	03.08.2025 11:00:05	18,16	0,32	27,55	37,17	1507,73
1087	03.08.2025 11:00:06	18,19	0,28	27,53	37,17	1507,79
1088	03.08.2025 11:00:07	18,22	0,26	27,54	37,19	1507,87
1089	03.08.2025 11:00:08	18,25	0,26	27,52	37,19	1507,94
1090	03.08.2025 11:00:09	18,28	0,23	27,50	37,19	1508,00
1091	03.08.2025 11:00:10	18,31	0,19	27,48	37,20	1508,06
1092	03.08.2025 11:00:11	18,34	0,17	27,44	37,17	1508,10
1093	03.08.2025 11:00:12	18,34	0,16	27,44	37,17	1508,10
1094	03.08.2025 11:00:13	18,37	0,14	27,42	37,17	1508,16
1095	03.08.2025 11:00:14	18,40	0,14	27,42	37,20	1508,25
1096	03.08.2025 11:00:15	18,43	0,14	27,40	37,20	1508,32
1097	03.08.2025 11:00:16	18,43	0,12	27,40	37,20	1508,32
1098	03.08.2025 11:00:17	18,46	0,08	27,38	37,20	1508,38
1099	03.08.2025 11:00:18	18,49	0,05	27,36	37,20	1508,44
1100	03.08.2025 11:00:19	18,49	0,03	27,36	37,20	1508,43
1101	03.08.2025 11:00:20	18,52	0,03	27,35	37,20	1508,50
1102	03.08.2025 11:00:21	18,55	0,01	27,33	37,20	1508,56
1103	03.08.2025 11:00:22	18,55	-0,01	27,33	37,20	1508,56
1104	03.08.2025 11:00:23	18,58	-0,01	27,31	37,20	1508,63
1105	03.08.2025 11:00:24	18,58	-0,03	27,31	37,20	1508,62
1106	03.08.2025 11:00:25	18,61	-0,03	27,29	37,20	1508,69
1107	03.08.2025 11:00:26	18,61	-0,03	27,29	37,20	1508,69
1108	03.08.2025 11:00:27	18,64	-0,03	27,27	37,21	1508,76
1109	03.08.2025 11:00:28	18,64	-0,03	27,27	37,21	1508,76
1110	03.08.2025 11:00:29	18,67	-0,03	27,25	37,21	1508,82
1111	03.08.2025 11:00:30	18,67	-0,03	27,25	37,21	1508,82
1112	03.08.2025 11:00:31	18,67	-0,03	27,25	37,21	1508,82
1113	03.08.2025 11:00:32	18,70	-0,03	27,23	37,21	1508,89
1114	03.08.2025 11:00:33	18,70	-0,03	27,21	37,18	1508,86
1115	03.08.2025 11:00:34	18,73	-0,03	27,21	37,21	1508,95
1116	03.08.2025 11:00:35	18,73	-0,04	27,21	37,21	1508,95
1117	03.08.2025 11:00:36	18,73	-0,03	27,21	37,21	1508,95
1118	03.08.2025 11:00:37	18,76	-0,03	27,19	37,21	1509,02
1119	03.08.2025 11:00:38	18,76	-0,04	27,19	37,21	1509,02
1120	03.08.2025 11:00:39	18,76	-0,03	27,19	37,21	1509,02
1121	03.08.2025 11:00:40	18,79	-0,03	27,18	37,21	1509,08
1122	03.08.2025 11:00:41	18,79	-0,03	27,18	37,21	1509,08
1123	03.08.2025 11:00:42	18,79	-0,04	27,18	37,21	1509,08
1124	03.08.2025 11:00:43	18,82	-0,03	27,16	37,21	1509,15
1125	03.08.2025 11:00:44	18,82	-0,03	27,16	37,21	1509,15
1126	03.08.2025 11:00:45	18,82	-0,01	27,16	37,21	1509,15
1127	03.08.2025 11:00:46	18,85	-0,01	27,14	37,21	1509,22
1128	03.08.2025 11:00:47	18,85	-0,01	27,14	37,21	1509,22
1129	03.08.2025 11:00:48	18,85	-0,01	27,12	37,19	1509,20
1130	03.08.2025 11:00:49	18,85	-0,01	27,14	37,21	1509,22
1131	03.08.2025 11:00:50	18,88	-0,03	27,10	37,19	1509,26
1132	03.08.2025 11:00:51	18,88	-0,03	27,10	37,19	1509,26
1133	03.08.2025 11:00:52	18,88	-0,03	27,12	37,21	1509,28
1134	03.08.2025 11:00:53	18,88	-0,03	27,12	37,21	1509,28
1135	03.08.2025 11:00:54	18,88	-0,01	27,12	37,21	1509,28
1136	03.08.2025 11:00:55	18,91	-0,01	27,10	37,21	1509,35
1137	03.08.2025 11:00:56	18,91	-0,01	27,10	37,21	1509,35
1138	03.08.2025 11:00:57	18,91	-0,01	27,10	37,21	1509,35
1139	03.08.2025 11:00:58	18,91	-0,03	27,10	37,21	1509,35
1140	03.08.2025 11:00:59	18,94	-0,01	27,08	37,21	1509,41
1141	03.08.2025 11:01:00	18,94	-0,03	27,06	37,19	1509,39
1142	03.08.2025 11:01:01	18,94	-0,03	27,08	37,21	1509,41
1143	03.08.2025 11:01:02	18,94	-0,03	27,08	37,21	1509,41
1144	03.08.2025 11:01:03	18,94	-0,03	27,06	37,19	1509,39
1145	03.08.2025 11:01:04	18,94	-0,03	27,08	37,21	1509,41
1146	03.08.2025 11:01:05	18,97	-0,01	27,06	37,22	1509,48
1147	03.08.2025 11:01:06	18,97	-0,03	27,06	37,22	1509,48
1148	03.08.2025 11:01:07	18,97	-0,01	27,04	37,19	1509,46
1149	03.08.2025 11:01:08	18,97	-0,03	27,04	37,19	1509,45
1150	03.08.2025 11:01:09	18,97	-0,03	27,06	37,22	1509,48
1151	03.08.2025 11:01:10	18,97	-0,01	27,04	37,19	1509,46
1152	03.08.2025 11:01:11	19,00	-0,03	27,02	37,19	1509,52
1153	03.08.2025 11:01:12	19,00	-0,01	27,03	37,19	1509,52
1154	03.08.2025 11:01:13	19,00	-0,01	27,03	37,19	1509,52
1155	03.08.2025 11:01:14	19,00	-0,01	27,03	37,19	1509,52
1156	03.08.2025 11:01:15	19,00	-0,01	27,03	37,19	1509,52
1157	03.08.2025 11:01:16	19,00	-0,01	27,03	37,19	1509,52
1158	03.08.2025 11:01:17	19,00	-0,03	27,03	37,19	1509,52
1159	03.08.2025 11:01:18	19,00	-0,03	27,03	37,19	1509,52
1160	03.08.2025 11:01:19	19,00	-0,01	27,03	37,19	1509,52
1161	03.08.2025 11:01:20	19,03	-0,03	27,01	37,19	1509,59
1162	03.08.2025 11:01:21	19,03	-0,03	27,01	37,19	1509,59
1163	03.08.2025 11:01:22	19,03	-0,03	27,01	37,19	1509,59
1164	03.08.2025 11:01:23	19,03	-0,01	27,01	37,19	1509,59
1165	03.08.2025 11:01:24	19,03	-0,03	27,01	37,19	1509,59
1166	03.08.2025 11:01:25	19,03	-0,03	27,01	37,19	1509,59
1167	03.08.2025 11:01:26	19,03	-0,01	27,01	37,19	1509,59
1168	03.08.2025 11:01:27	19,03	-0,01	27,01	37,19	1509,59
1169	03.08.2025 11:01:28	19,03	-0,03	27,01	37,19	1509,59
1170	03.08.2025 11:01:29	19,03	-0,01	27,01	37,19	1509,59
1171	03.08.2025 11:01:30	19,03	-0,01	27,01	37,19	1509,59
1172	03.08.2025 11:01:31	19,06	-0,01	26,99	37,19	1509,65
1173	03.08.2025 11:01:32	19,06	-0,01	27,01	37,22	1509,68
1174	03.08.2025 11:01:33	19,06	-0,03	26,99	37,19	1509,65
1175	03.08.2025 11:01:34	19,06	-0,01	26,99	37,19	1509,65
1176	03.08.2025 11:01:35	19,06	-0,03	26,99	37,19	1509,65
1177	03.08.2025 11:01:36	19,06	-0,01	26,99	37,19	1509,65
1178	03.08.2025 11:01:37	19,06	-0,01	26,99	37,19	1509,65
1179	03.08.2025 11:01:38	19,06	-0,03	26,99	37,19	1509,65
1180	03.08.2025 11:01:39	19,06	-0,03	27,01	37,22	1509,67
1181	03.08.2025 11:01:40	19,06	-0,03	26,99	37,19	1509,65
1182	03.08.2025 11:01:41	19,06	-0,03	26,91	37,10	1509,56
1183	03.08.2025 11:01:42	19,06	-0,04	22,09	31,03	1504,04
1184	03.08.2025 11:01:43	19,06	-0,04	22,46	31,50	1504,46
1185	03.08.2025 11:01:44	19,08	-0,03	22,63	31,75	1504,75
1186	03.08.2025 11:01:45	19,08	-0,01	22,69	31,82	1504,82
1187	03.08.2025 11:01:46	19,08	-0,03	22,65	31,77	1504,78
1188	03.08.2025 11:01:47	19,08	-0,01	22,65	31,77	1504,78
1189	03.08.2025 11:01:48	19,08	-0,04	22,63	31,75	1504,75
1190	03.08.2025 11:01:49	19,08	-0,03	22,65	31,77	1504,78
1191	03.08.2025 11:01:50	19,08	-0,03	22,69	31,82	1504,82
1192	03.08.2025 11:01:51	19,11	-0,03	22,66	31,80	1504,87
1193	03.08.2025 11:01:52	19,11	-0,03	12,10	17,93	1492,79
1194	03.08.2025 11:01:53	19,11	-0,03	11,97	17,75	1492,64
1195	03.08.2025 11:01:54	19,11	-0,03	6,78	10,50	1486,71
1196	03.08.2025 11:01:55	19,11	-0,03	4,81	7,64	1484,46
1197	03.08.2025 11:01:56	19,11	-0,03	4,96	7,85	1484,62
1198	03.08.2025 11:01:57	19,11	-0,03	8,13	12,43	1488,25
1199	03.08.2025 11:01:58	19,11	-0,03	7,93	12,14	1488,02
1200	03.08.2025 11:01:59	19,11	-0,04	8,25	12,59	1488,38
1201	03.08.2025 11:02:00	19,08	-0,03	1,13	1,95	1480,14
1202	03.08.2025 11:02:01	19,08	-0,01	0,94	1,63	1479,93
1203	03.08.2025 11:02:02	19,08	-0,01	0,61	1,08	1479,56
1204	03.08.2025 11:02:03	19,08	0,01	0,38	0,69	1479,30
1205	03.08.2025 11:02:04	19,08	0,01	0,04	0,06	1478,90
1206	03.08.2025 11:02:05	19,08	0,01	0,04	0,06	1478,90
1207	03.08.2025 11:02:06	19,08	0,01	0,61	1,08	1479,56
1208	03.08.2025 11:02:07	19,08	0,03	0,04	0,06	1478,90
1209	03.08.2025 11:02:08	19,08	0,05	0,04	0,06	1478,91
1210	03.08.2025 11:02:09	19,08	0,05	0,04	0,06	1478,91
1211	03.08.2025 11:02:10	19,08	0,03	0,05	0,09	1478,92
1212	03.08.2025 11:02:11	19,06	0,01	0,04	0,06	1478,81
1213	03.08.2025 11:02:12	19,06	0,03	0,04	0,06	1478,81
1214	03.08.2025 11:02:13	19,06	0,01	0,04	0,06	1478,81
1215	03.08.2025 11:02:14	19,06	0,01	0,04	0,06	1478,81
1216	03.08.2025 11:02:15	19,06	0,03	0,04	0,06	1478,81
1217	03.08.2025 11:02:16	19,06	0,01	0,05	0,09	1478,82
1218	03.08.2025 11:02:17	19,06	0,01	0,04	0,06	1478,81
1219	03.08.2025 11:02:18	19,03	0,03	0,04	0,06	1478,71
1220	03.08.2025 11:02:19	19,03	0,03	0,04	0,06	1478,71
1221	03.08.2025 11:02:20	19,03	0,03	0,04	0,06	1478,71
1222	03.08.2025 11:02:21	19,03	0,03	0,04	0,06	1478,71
1223	03.08.2025 11:02:22	19,03	0,03	0,04	0,06	1478,71
1224	03.08.2025 11:02:23	19,03	0,03	0,04	0,06	1478,71
1225	03.08.2025 11:02:24	19,03	0,03	0,04	0,06	1478,71
1226	03.08.2025 11:02:25	19,03	0,03	0,04	0,06	1478,71
1227	03.08.2025 11:02:26	19,03	0,03	0,04	0,06	1478,71
1228	03.08.2025 11:02:27	19,03	0,03	0,04	0,06	1478,71
1229	03.08.2025 11:02:28	19,00	0,03	0,05	0,09	1478,63
1230	03.08.2025 11:02:29	19,00	0,03	0,04	0,06	1478,62
1231	03.08.2025 11:02:30	19,00	0,01	0,04	0,06	1478,62
1232	03.08.2025 11:02:31	19,00	0,03	0,04	0,06	1478,62
1233	03.08.2025 11:02:32	19,00	0,03	0,04	0,06	1478,62
1234	03.08.2025 11:02:33	19,00	0,03	0,04	0,06	1478,62
1235	03.08.2025 11:02:34	19,00	0,03	0,04	0,06	1478,62
1236	03.08.2025 11:02:35	19,00	0,03	0,04	0,06	1478,62
1237	03.08.2025 11:02:36	19,00	0,05	0,04	0,06	1478,62
1238	03.08.2025 11:02:37	19,00	0,01	0,04	0,06	1478,62
1239	03.08.2025 11:02:38	18,97	0,03	0,04	0,06	1478,52
1240	03.08.2025 11:02:39	18,97	0,05	0,04	0,06	1478,53
1241	03.08.2025 11:02:40	18,97	0,03	0,05	0,09	1478,54
1242	03.08.2025 11:02:41	18,97	0,03	0,04	0,06	1478,52
1243	03.08.2025 11:02:42	18,97	0,05	0,04	0,06	1478,53
1244	03.08.2025 11:02:43	18,97	0,03	0,04	0,06	1478,52
1245	03.08.2025 11:02:44	18,97	0,03	0,04	0,06	1478,52
1246	03.08.2025 11:02:45	18,97	0,03	0,04	0,06	1478,52
1247	03.08.2025 11:02:46	18,97	0,03	0,04	0,06	1478,52
1248	03.08.2025 11:02:47	18,97	0,05	0,04	0,06	1478,53
1249	03.08.2025 11:02:48	18,97	0,03	0,04	0,06	1478,52
1250	03.08.2025 11:02:49	18,97	0,03	0,04	0,06	1478,52
1251	03.08.2025 11:02:50	18,94	0,03	0,04	0,06	1478,43
1252	03.08.2025 11:02:51	18,94	0,03	0,05	0,09	1478,44
1253	03.08.2025 11:02:52	18,94	0,05	0,04	0,06	1478,43
1254	03.08.2025 11:02:53	18,94	0,03	0,04	0,06	1478,43
1255	03.08.2025 11:02:54	18,94	0,03	0,05	0,09	1478,44
1256	03.08.2025 11:02:55	18,94	0,03	0,05	0,09	1478,44
1257	03.08.2025 11:02:56	18,94	0,03	0,04	0,06	1478,43
1258	03.08.2025 11:02:57	18,94	0,05	0,04	0,06	1478,43
1259	03.08.2025 11:02:58	18,94	0,03	0,04	0,06	1478,43
1260	03.08.2025 11:02:59	18,94	0,05	0,04	0,06	1478,43
1261	03.08.2025 11:03:00	18,94	0,03	0,04	0,06	1478,43
1262	03.08.2025 11:03:01	18,94	0,03	0,04	0,06	1478,43
1263	03.08.2025 11:03:02	18,94	0,05	0,05	0,09	1478,45
1264	03.08.2025 11:03:03	18,94	0,05	0,04	0,06	1478,43
1265	03.08.2025 11:03:04	18,91	0,05	0,04	0,06	1478,34
1266	03.08.2025 11:03:05	18,91	0,05	0,04	0,06	1478,34
1267	03.08.2025 11:03:06	18,91	0,05	0,04	0,06	1478,34
1268	03.08.2025 11:03:07	18,91	0,05	0,04	0,06	1478,34
1269	03.08.2025 11:03:08	18,91	0,03	0,04	0,06	1478,33
1270	03.08.2025 11:03:09	18,91	0,03	0,05	0,09	1478,35
1271	03.08.2025 11:03:10	18,91	0,03	0,04	0,06	1478,33
1272	03.08.2025 11:03:11	18,91	0,03	0,04	0,06	1478,33
1273	03.08.2025 11:03:12	18,91	0,05	0,05	0,09	1478,35
1274	03.08.2025 11:03:13	18,91	0,05	0,04	0,06	1478,34
1275	03.08.2025 11:03:14	18,91	0,03	0,04	0,06	1478,33
1276	03.08.2025 11:03:15	18,88	0,03	0,04	0,06	1478,24
1277	03.08.2025 11:03:16	18,88	0,05	0,04	0,06	1478,24
1278	03.08.2025 11:03:17	18,88	0,03	0,04	0,06	1478,24
1279	03.08.2025 11:03:18	18,88	0,05	0,05	0,09	1478,26
1280	03.08.2025 11:03:19	18,88	0,05	0,04	0,06	1478,24
1281	03.08.2025 11:03:20	18,88	0,05	0,04	0,06	1478,24
1282	03.08.2025 11:03:21	18,88	0,05	0,04	0,06	1478,24
1283	03.08.2025 11:03:22	18,88	0,05	0,04	0,06	1478,24
1284	03.08.2025 11:03:23	18,88	0,03	0,04	0,06	1478,24
1285	03.08.2025 11:03:24	18,88	0,03	0,04	0,06	1478,24
1286	03.08.2025 11:03:25	18,88	0,05	0,04	0,06	1478,24
1287	03.08.2025 11:03:26	18,88	0,05	0,04	0,06	1478,24
1288	03.08.2025 11:03:27	18,88	0,05	0,04	0,06	1478,24
1289	03.08.2025 11:03:28	18,85	0,05	0,04	0,06	1478,15
1290	03.08.2025 11:03:29	18,85	0,05	0,04	0,06	1478,15
1291	03.08.2025 11:03:30	18,85	0,05	0,04	0,06	1478,15
1292	03.08.2025 11:03:31	18,85	0,05	0,04	0,06	1478,15
1293	03.08.2025 11:03:32	18,85	0,05	0,04	0,06	1478,15
1294	03.08.2025 11:03:33	18,85	0,05	0,04	0,06	1478,15
1295	03.08.2025 11:03:34	18,85	0,05	0,04	0,06	1478,15
1296	03.08.2025 11:03:35	18,85	0,05	0,04	0,06	1478,15
1297	03.08.2025 11:03:36	18,85	0,05	0,04	0,06	1478,15
1298	03.08.2025 11:03:37	18,85	0,03	0,04	0,06	1478,14
1299	03.08.2025 11:03:38	18,85	0,05	0,04	0,06	1478,15
1300	03.08.2025 11:03:39	18,85	0,05	0,04	0,06	1478,15
1301	03.08.2025 11:03:40	18,85	0,05	0,05	0,09	1478,16
1302	03.08.2025 11:03:41	18,82	0,03	0,04	0,06	1478,05
1303	03.08.2025 11:03:42	18,82	0,05	0,04	0,06	1478,05
1304	03.08.2025 11:03:43	18,82	0,05	0,04	0,06	1478,05
1305	03.08.2025 11:03:44	18,82	0,05	0,05	0,09	1478,07
1306	03.08.2025 11:03:45	18,82	0,03	0,05	0,09	1478,06
1307	03.08.2025 11:03:46	18,82	0,05	0,04	0,06	1478,05
1308	03.08.2025 11:03:47	18,82	0,05	0,04	0,06	1478,05
1309	03.08.2025 11:03:48	18,82	0,05	0,04	0,06	1478,05
1310	03.08.2025 11:03:49	18,82	0,05	0,04	0,06	1478,05
1311	03.08.2025 11:03:50	18,82	0,05	0,04	0,06	1478,05
1312	03.08.2025 11:03:51	18,82	0,06	0,04	0,06	1478,05
1313	03.08.2025 11:03:52	18,82	0,06	0,04	0,06	1478,05
1314	03.08.2025 11:03:53	18,82	0,05	0,04	0,06	1478,05
1315	03.08.2025 11:03:54	18,82	0,05	0,04	0,06	1478,05
1316	03.08.2025 11:03:55	18,79	0,03	0,04	0,06	1477,95
1317	03.08.2025 11:03:56	18,79	0,03	0,05	0,09	1477,97
1318	03.08.2025 11:03:57	18,79	0,01	0,04	0,06	1477,95
1319	03.08.2025 11:03:58	18,79	0,03	0,04	0,06	1477,95
1320	03.08.2025 11:03:59	18,79	0,03	0,04	0,06	1477,95
1321	03.08.2025 11:04:00	18,79	0,03	0,04	0,06	1477,95
1322	03.08.2025 11:04:01	18,79	0,03	0,04	0,06	1477,95
1323	03.08.2025 11:04:02	18,79	0,03	0,04	0,06	1477,95
1324	03.08.2025 11:04:03	18,79	0,03	0,04	0,06	1477,95
1325	03.08.2025 11:04:04	18,79	0,03	0,04	0,06	1477,95
1326	03.08.2025 11:04:05	18,79	0,03	0,04	0,06	1477,95
1327	03.08.2025 11:04:06	18,79	0,03	0,05	0,09	1477,97
1328	03.08.2025 11:04:07	18,79	0,03	0,04	0,06	1477,95
1329	03.08.2025 11:04:08	18,79	0,03	0,04	0,06	1477,95
1330	03.08.2025 11:04:09	18,79	0,03	0,04	0,06	1477,95
1331	03.08.2025 11:04:10	18,79	0,03	0,04	0,06	1477,95
1332	03.08.2025 11:04:11	18,79	0,05	0,04	0,06	1477,96
1333	03.08.2025 11:04:12	18,79	0,03	0,04	0,06	1477,95
1334	03.08.2025 11:04:13	18,79	0,03	0,04	0,06	1477,95
1335	03.08.2025 11:04:14	18,79	0,03	0,04	0,06	1477,95
1336	03.08.2025 11:04:15	18,79	0,03	0,04	0,06	1477,95
1337	03.08.2025 11:04:16	18,79	0,03	0,04	0,06	1477,95
1338	03.08.2025 11:04:17	18,79	0,03	0,04	0,06	1477,95
1339	03.08.2025 11:04:18	18,76	0,03	0,04	0,06	1477,86
1340	03.08.2025 11:04:19	18,76	0,03	0,04	0,06	1477,86
1341	03.08.2025 11:04:20	18,76	0,03	0,04	0,06	1477,86
1342	03.08.2025 11:04:21	18,76	0,03	0,04	0,06	1477,86
1343	03.08.2025 11:04:22	18,76	0,03	0,04	0,06	1477,86
1344	03.08.2025 11:04:23	18,76	0,03	0,04	0,06	1477,86
1345	03.08.2025 11:04:24	18,76	0,03	0,04	0,06	1477,86
1346	03.08.2025 11:04:25	18,76	0,03	0,04	0,06	1477,86
1347	03.08.2025 11:04:26	18,76	0,03	0,04	0,06	1477,86
1348	03.08.2025 11:04:27	18,76	0,03	0,04	0,06	1477,86
1349	03.08.2025 11:04:28	18,76	0,03	0,04	0,06	1477,86
1350	03.08.2025 11:04:29	18,76	0,03	0,37	0,66	1478,24
1351	03.08.2025 11:04:30	18,76	0,03	0,04	0,06	1477,86
1352	03.08.2025 11:04:31	18,76	0,03	0,04	0,06	1477,86
1353	03.08.2025 11:04:32	18,76	0,03	0,04	0,06	1477,86
1354	03.08.2025 11:04:33	18,73	0,03	0,04	0,06	1477,76
1355	03.08.2025 11:04:34	18,73	0,03	0,04	0,06	1477,76
1356	03.08.2025 11:04:35	18,73	0,05	0,05	0,09	1477,78
1357	03.08.2025 11:04:36	18,73	0,03	0,04	0,06	1477,76
1358	03.08.2025 11:04:37	18,73	0,05	0,04	0,06	1477,77
1359	03.08.2025 11:04:38	18,73	0,05	0,04	0,06	1477,77
1360	03.08.2025 11:04:39	18,73	0,05	0,04	0,06	1477,77
1361	03.08.2025 11:04:40	18,73	0,05	0,04	0,06	1477,77
1362	03.08.2025 11:04:41	18,73	0,03	0,04	0,06	1477,76
1363	03.08.2025 11:04:42	18,73	0,03	0,04	0,06	1477,76
1364	03.08.2025 11:04:43	18,73	0,05	0,04	0,06	1477,77
1365	03.08.2025 11:04:44	18,73	0,03	0,04	0,06	1477,76
1366	03.08.2025 11:04:45	18,73	0,03	0,04	0,06	1477,76
1367	03.08.2025 11:04:46	18,73	0,05	0,04	0,06	1477,77
1368	03.08.2025 11:04:47	18,73	0,05	0,04	0,06	1477,77
1369	03.08.2025 11:04:48	18,73	0,03	0,04	0,06	1477,76
1370	03.08.2025 11:04:49	18,73	0,03	0,04	0,06	1477,76
1371	03.08.2025 11:04:50	18,73	0,05	0,04	0,06	1477,77
1372	03.08.2025 11:04:51	18,73	0,03	0,04	0,06	1477,76
1373	03.08.2025 11:04:52	18,70	0,05	0,04	0,06	1477,67
1374	03.08.2025 11:04:53	18,73	0,03	0,04	0,06	1477,76
1375	03.08.2025 11:04:54	18,70	0,05	0,04	0,06	1477,67
1376	03.08.2025 11:04:55	18,70	0,03	0,04	0,06	1477,67
1377	03.08.2025 11:04:56	18,70	0,05	0,04	0,06	1477,67
1378	03.08.2025 11:04:57	18,70	0,05	0,04	0,06	1477,67
1379	03.08.2025 11:04:58	18,70	0,05	0,04	0,06	1477,67
1380	03.08.2025 11:04:59	18,70	0,05	0,04	0,06	1477,67
1381	03.08.2025 11:05:00	18,70	0,03	0,04	0,06	1477,67
1382	03.08.2025 11:05:01	18,70	0,05	0,04	0,06	1477,67
1383	03.08.2025 11:05:02	18,70	0,05	0,04	0,06	1477,67
1384	03.08.2025 11:05:03	18,70	0,03	0,04	0,06	1477,67
1385	03.08.2025 11:05:04	18,70	0,05	0,05	0,09	1477,68
1386	03.08.2025 11:05:05	18,70	0,05	0,04	0,06	1477,67
1387	03.08.2025 11:05:06	18,70	0,05	0,04	0,06	1477,67
1388	03.08.2025 11:05:07	18,70	0,03	0,04	0,06	1477,67
1389	03.08.2025 11:05:08	18,70	0,03	0,04	0,06	1477,67
1390	03.08.2025 11:05:09	18,70	0,03	0,04	0,06	1477,67
1391	03.08.2025 11:05:10	18,70	0,05	0,04	0,06	1477,67
1392	03.08.2025 11:05:11	18,70	0,05	0,04	0,06	1477,67
1393	03.08.2025 11:05:12	18,70	0,05	0,04	0,06	1477,67
1394	03.08.2025 11:05:13	18,70	0,03	0,04	0,06	1477,67
1395	03.08.2025 11:05:14	18,70	0,05	0,04	0,06	1477,67
1396	03.08.2025 11:05:15	18,70	0,05	0,04	0,06	1477,67
1397	03.08.2025 11:05:16	18,70	0,03	0,04	0,06	1477,67
1398	03.08.2025 11:05:17	18,70	0,05	0,04	0,06	1477,67
1399	03.08.2025 11:05:18	18,70	0,05	0,04	0,06	1477,67
1400	03.08.2025 11:05:19	18,70	0,03	0,04	0,06	1477,67
1401	03.08.2025 11:05:20	18,70	0,05	0,04	0,06	1477,67
1402	03.08.2025 11:05:21	18,70	0,05	0,04	0,06	1477,67
1403	03.08.2025 11:05:22	18,70	0,05	0,04	0,06	1477,67
1404	03.08.2025 11:05:23	18,70	0,05	0,04	0,06	1477,67
1405	03.08.2025 11:05:24	18,70	0,05	0,04	0,06	1477,67
1406	03.08.2025 11:05:25	18,70	0,05	0,04	0,06	1477,67
1407	03.08.2025 11:05:26	18,70	0,05	0,04	0,06	1477,67
1408	03.08.2025 11:05:27	18,67	0,05	0,05	0,09	1477,59
1409	03.08.2025 11:05:28	18,67	0,05	0,04	0,06	1477,57
1410	03.08.2025 11:05:29	18,67	0,05	0,04	0,06	1477,57
1411	03.08.2025 11:05:30	18,67	0,05	0,04	0,06	1477,57
1412	03.08.2025 11:05:31	18,70	0,03	0,04	0,06	1477,67
1413	03.08.2025 11:05:32	18,67	0,03	0,04	0,06	1477,57
1414	03.08.2025 11:05:33	18,67	0,03	0,04	0,06	1477,57
1415	03.08.2025 11:05:34	18,67	0,05	0,04	0,06	1477,57
1416	03.08.2025 11:05:35	18,70	0,03	0,04	0,06	1477,67
1417	03.08.2025 11:05:36	18,67	0,03	0,04	0,06	1477,57
1418	03.08.2025 11:05:37	18,67	0,03	0,04	0,06	1477,57
1419	03.08.2025 11:05:38	18,70	0,03	0,04	0,06	1477,67
1420	03.08.2025 11:05:39	18,67	0,03	0,05	0,09	1477,59
1421	03.08.2025 11:05:40	18,70	0,03	0,04	0,06	1477,67
1422	03.08.2025 11:05:41	18,70	0,05	0,04	0,06	1477,67
1423	03.08.2025 11:05:42	18,70	0,05	0,04	0,06	1477,67
1424	03.08.2025 11:05:43	18,70	0,03	0,04	0,06	1477,67
1425	03.08.2025 11:05:44	18,70	0,03	0,04	0,06	1477,67
1426	03.08.2025 11:05:45	18,70	0,05	0,04	0,06	1477,67
1427	03.08.2025 11:05:46	18,70	0,03	0,05	0,09	1477,68
1428	03.08.2025 11:05:47	18,67	0,03	0,05	0,09	1477,59
1429	03.08.2025 11:05:48	18,70	0,03	0,04	0,06	1477,67
1430	03.08.2025 11:05:49	18,70	0,03	0,04	0,06	1477,67
1431	03.08.2025 11:05:50	18,67	0,03	0,04	0,06	1477,57
1432	03.08.2025 11:05:51	18,70	0,03	0,04	0,06	1477,67
1433	03.08.2025 11:05:52	18,70	0,03	0,04	0,06	1477,67
1434	03.08.2025 11:05:53	18,67	0,03	0,05	0,09	1477,59
1435	03.08.2025 11:05:54	18,67	0,03	0,04	0,06	1477,57
1436	03.08.2025 11:05:55	18,67	0,03	0,04	0,06	1477,57
1437	03.08.2025 11:05:56	18,67	0,03	0,04	0,06	1477,57
1438	03.08.2025 11:05:57	18,67	0,03	0,04	0,06	1477,57
1439	03.08.2025 11:05:58	18,67	0,03	0,04	0,06	1477,57
1440	03.08.2025 11:05:59	18,67	0,03	0,04	0,06	1477,57
1441	03.08.2025 11:06:00	18,67	0,05	0,04	0,06	1477,57
1442	03.08.2025 11:06:01	18,67	0,03	0,04	0,06	1477,57
1443	03.08.2025 11:06:02	18,67	0,05	0,04	0,06	1477,57
1444	03.08.2025 11:06:03	18,67	0,03	0,04	0,06	1477,57
1445	03.08.2025 11:06:04	18,67	0,03	0,04	0,06	1477,57
1446	03.08.2025 11:06:05	18,67	0,03	0,04	0,06	1477,57
1447	03.08.2025 11:06:06	18,67	0,05	0,04	0,06	1477,57
1448	03.08.2025 11:06:07	18,67	0,03	0,04	0,06	1477,57
1449	03.08.2025 11:06:08	18,67	0,03	0,04	0,06	1477,57
1450	03.08.2025 11:06:09	18,67	0,03	0,04	0,06	1477,57
1451	03.08.2025 11:06:10	18,67	0,03	0,04	0,06	1477,57
1452	03.08.2025 11:06:11	18,67	0,03	0,04	0,06	1477,57
1453	03.08.2025 11:06:12	18,67	0,03	0,04	0,06	1477,57
1454	03.08.2025 11:06:13	18,67	0,03	0,04	0,06	1477,57
1455	03.08.2025 11:06:14	18,67	0,03	0,04	0,06	1477,57
1456	03.08.2025 11:06:15	18,67	0,03	0,04	0,06	1477,57
1457	03.08.2025 11:06:16	18,67	0,03	0,04	0,06	1477,57
1458	03.08.2025 11:06:17	18,67	0,03	0,04	0,06	1477,57
1459	03.08.2025 11:06:18	18,67	0,03	0,04	0,06	1477,57
1460	03.08.2025 11:06:19	18,67	0,03	0,04	0,06	1477,57
1461	03.08.2025 11:06:20	18,67	0,03	0,04	0,06	1477,57
1462	03.08.2025 11:06:21	18,67	0,03	0,04	0,06	1477,57
1463	03.08.2025 11:06:22	18,67	0,03	0,04	0,06	1477,57
1464	03.08.2025 11:06:23	18,67	0,01	0,04	0,06	1477,57
1465	03.08.2025 11:06:24	18,67	0,03	0,04	0,06	1477,57
1466	03.08.2025 11:06:25	18,67	0,03	0,04	0,06	1477,57
1467	03.08.2025 11:06:26	18,67	0,03	0,04	0,06	1477,57
1468	03.08.2025 11:06:27	18,67	0,03	0,04	0,06	1477,57
1469	03.08.2025 11:06:28	18,67	0,01	0,04	0,06	1477,57
1470	03.08.2025 11:06:29	18,67	0,03	0,04	0,06	1477,57
1471	03.08.2025 11:06:30	18,67	0,03	0,04	0,06	1477,57
1472	03.08.2025 11:06:31	18,67	0,03	0,04	0,06	1477,57
1473	03.08.2025 11:06:32	18,67	0,01	0,04	0,06	1477,57
1474	03.08.2025 11:06:33	18,67	0,03	0,04	0,06	1477,57
1475	03.08.2025 11:06:34	18,67	0,03	0,04	0,06	1477,57
1476	03.08.2025 11:06:35	18,67	0,03	0,04	0,06	1477,57
1477	03.08.2025 11:06:36	18,67	0,03	0,04	0,06	1477,57
1478	03.08.2025 11:06:37	18,67	0,03	0,04	0,06	1477,57
1479	03.08.2025 11:06:38	18,67	0,03	0,04	0,06	1477,57
1480	03.08.2025 11:06:39	18,67	0,03	0,04	0,06	1477,57
1481	03.08.2025 11:06:40	18,67	0,03	0,04	0,06	1477,57
1482	03.08.2025 11:06:41	18,67	0,03	0,04	0,06	1477,57
1483	03.08.2025 11:06:42	18,67	0,03	0,04	0,06	1477,57
1484	03.08.2025 11:06:43	18,67	0,05	0,04	0,06	1477,57
1485	03.08.2025 11:06:44	18,67	0,03	0,04	0,06	1477,57
1486	03.08.2025 11:06:45	18,67	0,03	0,04	0,06	1477,57
1487	03.08.2025 11:06:46	18,67	0,03	0,04	0,06	1477,57
1488	03.08.2025 11:06:47	18,67	0,01	0,04	0,06	1477,57
1489	03.08.2025 11:06:48	18,73	0,01	0,04	0,06	1477,76
1490	03.08.2025 11:06:49	18,79	0,01	0,04	0,06	1477,95
1491	03.08.2025 11:06:50	18,82	-0,04	0,04	0,06	1478,04
1492	03.08.2025 11:06:51	18,88	-0,12	0,04	0,06	1478,22
1493	03.08.2025 11:06:52	19,00	-0,10	0,04	0,06	1478,60
1494	03.08.2025 11:06:53	19,08	-0,10	0,04	0,06	1478,88
1495	03.08.2025 11:06:54	19,17	-0,06	0,05	0,09	1479,19
1496	03.08.2025 11:06:55	19,29	-0,06	0,04	0,06	1479,55
1497	03.08.2025 11:06:56	19,35	-0,04	0,04	0,06	1479,74
1498	03.08.2025 11:06:57	19,53	-0,13	0,04	0,06	1480,28
1499	03.08.2025 11:06:58	19,74	-0,12	0,04	0,06	1480,94
1500	03.08.2025 11:06:59	19,94	-0,10	0,04	0,06	1481,59
