#B	Created:	02.08.2025 15:49:43
##	Version	SeaStar	9.59
#5	Field separation:	0
#2	Date & Time:	1
#6	Decimal point:	,
#7	Date def.:	dd.mm.yyyy	.
#8	Time def.:	:
##	Axis	0	Temperature(°C)	clRed	FALSE
##	Axis	1	Pressure(Bar)	clBlue	FALSE
##	Axis	2	Salinity(psu)	clGreen	FALSE
##	Axis	3	Conductivity(mS/cm)	$00FF80FF	FALSE
##	Axis	4	Sound Velocity(m/sec)	$00404080	FALSE
##	Series	0	Temp(°C)	clRed	0	Temp(°C)	2
##	Series	1	Press(Bar)	clBlue	1	Press(Bar)	2
##	Series	2	Salinity(psu)	clGreen	2	Salinity(psu)	2
##	Series	3	Conduct(mS/cm)	$00FF80FF	3	Conduct(mS/cm)	2
##	Series	4	Sound Velocity(m/sec)	$00404080	4	Velocity(m/sec)	2
##	Recorder	136	DST CTD	13526
##	Chart	136S13526DAT	
#D	Data:	1635	02.08.2025 15:22:00	02.08.2025 15:49:14
1	02.08.2025 15:22:00	21,82	-0,03	0,07	0,13	1487,34
2	02.08.2025 15:22:01	21,82	-0,05	0,07	0,13	1487,34
3	02.08.2025 15:22:02	21,82	-0,03	0,07	0,13	1487,34
4	02.08.2025 15:22:03	21,79	-0,05	0,07	0,13	1487,25
5	02.08.2025 15:22:04	21,79	-0,05	0,07	0,13	1487,25
6	02.08.2025 15:22:05	21,79	-0,03	0,07	0,13	1487,25
7	02.08.2025 15:22:06	21,79	-0,05	0,07	0,13	1487,25
8	02.08.2025 15:22:07	21,79	-0,03	0,07	0,13	1487,25
9	02.08.2025 15:22:08	21,79	-0,05	0,07	0,13	1487,25
10	02.08.2025 15:22:09	21,79	-0,05	0,07	0,13	1487,25
11	02.08.2025 15:22:10	21,79	-0,05	0,07	0,13	1487,25
12	02.08.2025 15:22:11	21,79	-0,05	0,07	0,13	1487,25
13	02.08.2025 15:22:12	21,79	-0,03	0,07	0,13	1487,25
14	02.08.2025 15:22:13	21,79	-0,05	0,07	0,13	1487,25
15	02.08.2025 15:22:14	21,79	-0,05	0,07	0,13	1487,25
16	02.08.2025 15:22:15	21,79	-0,05	0,07	0,13	1487,25
17	02.08.2025 15:22:16	21,76	-0,05	0,07	0,13	1487,16
18	02.08.2025 15:22:17	21,76	-0,05	0,07	0,13	1487,16
19	02.08.2025 15:22:18	21,76	-0,05	0,07	0,13	1487,16
20	02.08.2025 15:22:19	21,76	-0,03	0,07	0,13	1487,17
21	02.08.2025 15:22:20	21,79	-0,05	0,07	0,13	1487,25
22	02.08.2025 15:22:21	21,76	-0,05	0,07	0,13	1487,16
23	02.08.2025 15:22:22	21,76	-0,03	0,07	0,13	1487,17
24	02.08.2025 15:22:23	21,76	-0,05	0,07	0,13	1487,16
25	02.08.2025 15:22:24	21,76	-0,05	0,07	0,13	1487,16
26	02.08.2025 15:22:25	21,76	-0,05	0,07	0,13	1487,16
27	02.08.2025 15:22:26	21,76	-0,05	0,07	0,13	1487,16
28	02.08.2025 15:22:27	21,76	-0,03	0,07	0,13	1487,17
29	02.08.2025 15:22:28	21,76	-0,05	0,07	0,13	1487,16
30	02.08.2025 15:22:29	21,76	-0,03	0,07	0,13	1487,17
31	02.08.2025 15:22:30	21,76	-0,03	0,07	0,13	1487,17
32	02.08.2025 15:22:31	21,76	-0,03	0,08	0,16	1487,18
33	02.08.2025 15:22:32	21,76	-0,03	0,08	0,16	1487,18
34	02.08.2025 15:22:33	21,76	-0,03	0,08	0,16	1487,18
35	02.08.2025 15:22:34	21,76	-0,03	0,08	0,16	1487,18
36	02.08.2025 15:22:35	21,76	-0,03	0,08	0,16	1487,18
37	02.08.2025 15:22:36	21,76	-0,03	0,08	0,16	1487,18
38	02.08.2025 15:22:37	21,76	-0,03	0,08	0,16	1487,18
39	02.08.2025 15:22:38	21,76	-0,03	0,08	0,16	1487,18
40	02.08.2025 15:22:39	21,76	-0,05	0,08	0,16	1487,18
41	02.08.2025 15:22:40	21,76	-0,03	0,08	0,16	1487,18
42	02.08.2025 15:22:41	21,76	-0,03	0,08	0,16	1487,18
43	02.08.2025 15:22:42	21,76	-0,03	0,08	0,16	1487,18
44	02.08.2025 15:22:43	21,76	-0,03	0,08	0,16	1487,18
45	02.08.2025 15:22:44	21,76	-0,05	0,08	0,16	1487,18
46	02.08.2025 15:22:45	21,76	-0,03	0,08	0,16	1487,18
47	02.08.2025 15:22:46	21,76	-0,03	0,08	0,16	1487,18
48	02.08.2025 15:22:47	21,76	-0,05	0,08	0,16	1487,18
49	02.08.2025 15:22:48	21,76	-0,05	0,08	0,16	1487,18
50	02.08.2025 15:22:49	21,76	-0,03	0,08	0,16	1487,18
51	02.08.2025 15:22:50	21,76	-0,05	0,08	0,16	1487,18
52	02.08.2025 15:22:51	21,76	-0,05	0,08	0,16	1487,18
53	02.08.2025 15:22:52	21,76	-0,03	0,08	0,16	1487,18
54	02.08.2025 15:22:53	21,76	-0,03	0,08	0,16	1487,18
55	02.08.2025 15:22:54	21,76	-0,03	0,08	0,16	1487,18
56	02.08.2025 15:22:55	21,76	-0,03	0,08	0,16	1487,18
57	02.08.2025 15:22:56	21,76	-0,03	0,08	0,16	1487,18
58	02.08.2025 15:22:57	21,76	-0,05	0,08	0,16	1487,18
59	02.08.2025 15:22:58	21,76	-0,03	0,10	0,18	1487,20
60	02.08.2025 15:22:59	21,76	-0,05	0,08	0,16	1487,18
61	02.08.2025 15:23:00	21,76	-0,03	0,10	0,18	1487,20
62	02.08.2025 15:23:01	21,76	-0,05	0,10	0,18	1487,19
63	02.08.2025 15:23:02	21,76	-0,03	0,10	0,18	1487,20
64	02.08.2025 15:23:03	21,76	-0,03	0,10	0,18	1487,20
65	02.08.2025 15:23:04	21,76	-0,03	0,10	0,18	1487,20
66	02.08.2025 15:23:05	21,76	-0,03	0,10	0,18	1487,20
67	02.08.2025 15:23:06	21,76	-0,03	0,10	0,18	1487,20
68	02.08.2025 15:23:07	21,76	-0,03	0,10	0,18	1487,20
69	02.08.2025 15:23:08	21,76	-0,03	0,10	0,18	1487,20
70	02.08.2025 15:23:09	21,76	-0,03	0,10	0,18	1487,20
71	02.08.2025 15:23:10	21,76	-0,05	0,10	0,18	1487,19
72	02.08.2025 15:23:11	21,76	-0,05	0,10	0,18	1487,19
73	02.08.2025 15:23:12	21,76	-0,03	0,10	0,18	1487,20
74	02.08.2025 15:23:13	21,76	-0,03	0,10	0,18	1487,20
75	02.08.2025 15:23:14	21,76	-0,05	0,10	0,18	1487,19
76	02.08.2025 15:23:15	21,76	-0,05	0,10	0,18	1487,19
77	02.08.2025 15:23:16	21,76	-0,03	0,10	0,18	1487,20
78	02.08.2025 15:23:17	21,76	-0,05	0,10	0,18	1487,19
79	02.08.2025 15:23:18	21,76	-0,03	0,10	0,18	1487,20
80	02.08.2025 15:23:19	21,76	-0,05	0,10	0,18	1487,19
81	02.08.2025 15:23:20	21,76	-0,03	0,10	0,18	1487,20
82	02.08.2025 15:23:21	21,76	-0,03	0,10	0,18	1487,20
83	02.08.2025 15:23:22	21,76	-0,05	0,10	0,18	1487,19
84	02.08.2025 15:23:23	21,76	-0,03	0,10	0,18	1487,20
85	02.08.2025 15:23:24	21,73	-0,03	0,10	0,18	1487,11
86	02.08.2025 15:23:25	21,73	-0,05	0,10	0,18	1487,11
87	02.08.2025 15:23:26	21,73	-0,05	0,10	0,18	1487,11
88	02.08.2025 15:23:27	21,73	-0,03	0,10	0,18	1487,11
89	02.08.2025 15:23:28	21,73	-0,05	0,10	0,18	1487,11
90	02.08.2025 15:23:29	21,73	-0,03	0,10	0,18	1487,11
91	02.08.2025 15:23:30	21,73	-0,05	0,10	0,18	1487,11
92	02.08.2025 15:23:31	21,73	-0,05	0,10	0,18	1487,11
93	02.08.2025 15:23:32	21,73	-0,05	0,10	0,18	1487,11
94	02.08.2025 15:23:33	21,73	-0,03	0,10	0,18	1487,11
95	02.08.2025 15:23:34	21,73	-0,03	0,10	0,18	1487,11
96	02.08.2025 15:23:35	21,73	-0,03	0,10	0,18	1487,11
97	02.08.2025 15:23:36	21,73	-0,03	0,10	0,18	1487,11
98	02.08.2025 15:23:37	21,73	-0,03	0,10	0,18	1487,11
99	02.08.2025 15:23:38	21,73	-0,03	0,10	0,18	1487,11
100	02.08.2025 15:23:39	21,73	-0,03	0,10	0,18	1487,11
101	02.08.2025 15:23:40	21,73	-0,05	0,10	0,18	1487,11
102	02.08.2025 15:23:41	21,73	-0,03	0,10	0,18	1487,11
103	02.08.2025 15:23:42	21,73	-0,03	0,10	0,18	1487,11
104	02.08.2025 15:23:43	21,73	-0,03	0,10	0,18	1487,11
105	02.08.2025 15:23:44	21,73	-0,05	0,10	0,18	1487,11
106	02.08.2025 15:23:45	21,73	-0,03	0,10	0,18	1487,11
107	02.08.2025 15:23:46	21,73	-0,03	0,10	0,18	1487,11
108	02.08.2025 15:23:47	21,73	-0,03	0,10	0,18	1487,11
109	02.08.2025 15:23:48	21,73	-0,03	0,10	0,18	1487,11
110	02.08.2025 15:23:49	21,73	-0,03	0,10	0,18	1487,11
111	02.08.2025 15:23:50	21,73	-0,03	0,10	0,18	1487,11
112	02.08.2025 15:23:51	21,73	-0,03	0,10	0,18	1487,11
113	02.08.2025 15:23:52	21,73	-0,05	0,10	0,18	1487,11
114	02.08.2025 15:23:53	21,73	-0,03	0,10	0,18	1487,11
115	02.08.2025 15:23:54	21,70	-0,05	0,10	0,18	1487,02
116	02.08.2025 15:23:55	21,70	-0,03	0,10	0,18	1487,02
117	02.08.2025 15:23:56	21,70	-0,05	0,10	0,18	1487,02
118	02.08.2025 15:23:57	21,70	-0,03	0,10	0,18	1487,02
119	02.08.2025 15:23:58	21,70	-0,03	0,10	0,18	1487,02
120	02.08.2025 15:23:59	21,70	-0,03	0,10	0,18	1487,02
121	02.08.2025 15:24:00	21,70	-0,03	0,10	0,18	1487,02
122	02.08.2025 15:24:01	21,70	-0,03	0,10	0,18	1487,02
123	02.08.2025 15:24:02	21,70	-0,03	0,10	0,18	1487,02
124	02.08.2025 15:24:03	21,70	-0,03	0,10	0,18	1487,02
125	02.08.2025 15:24:04	21,70	-0,03	0,10	0,18	1487,02
126	02.08.2025 15:24:05	21,70	-0,03	0,10	0,18	1487,02
127	02.08.2025 15:24:06	21,70	-0,05	0,10	0,18	1487,02
128	02.08.2025 15:24:07	21,70	-0,03	0,10	0,18	1487,02
129	02.08.2025 15:24:08	21,70	-0,03	0,10	0,18	1487,02
130	02.08.2025 15:24:09	21,70	-0,03	0,10	0,18	1487,02
131	02.08.2025 15:24:10	21,70	-0,03	0,10	0,18	1487,02
132	02.08.2025 15:24:11	21,70	-0,03	0,10	0,18	1487,02
133	02.08.2025 15:24:12	21,70	-0,03	0,10	0,18	1487,02
134	02.08.2025 15:24:13	21,70	-0,03	0,10	0,18	1487,02
135	02.08.2025 15:24:14	21,70	-0,03	0,10	0,18	1487,02
136	02.08.2025 15:24:15	21,70	-0,03	0,10	0,18	1487,02
137	02.08.2025 15:24:16	21,70	-0,03	0,10	0,18	1487,02
138	02.08.2025 15:24:17	21,70	-0,03	0,10	0,18	1487,02
139	02.08.2025 15:24:18	21,70	-0,05	0,10	0,18	1487,02
140	02.08.2025 15:24:19	21,70	-0,05	0,10	0,18	1487,02
141	02.08.2025 15:24:20	21,70	-0,03	0,08	0,16	1487,01
142	02.08.2025 15:24:21	21,70	-0,03	0,08	0,16	1487,01
143	02.08.2025 15:24:22	21,70	-0,05	0,08	0,16	1487,00
144	02.08.2025 15:24:23	21,70	-0,03	0,08	0,16	1487,01
145	02.08.2025 15:24:24	21,70	-0,03	0,08	0,16	1487,01
146	02.08.2025 15:24:25	21,67	-0,03	0,08	0,16	1486,92
147	02.08.2025 15:24:26	21,70	-0,03	0,08	0,16	1487,01
148	02.08.2025 15:24:27	21,70	-0,03	0,08	0,16	1487,01
149	02.08.2025 15:24:28	21,70	-0,03	0,08	0,16	1487,01
150	02.08.2025 15:24:29	21,67	-0,03	0,10	0,18	1486,94
151	02.08.2025 15:24:30	21,67	-0,03	0,10	0,18	1486,94
152	02.08.2025 15:24:31	21,67	-0,03	0,08	0,16	1486,92
153	02.08.2025 15:24:32	21,67	-0,01	0,10	0,18	1486,94
154	02.08.2025 15:24:33	21,67	-0,03	0,10	0,18	1486,94
155	02.08.2025 15:24:34	21,67	-0,03	0,10	0,18	1486,94
156	02.08.2025 15:24:35	21,67	-0,03	0,10	0,18	1486,94
157	02.08.2025 15:24:36	21,67	-0,03	0,10	0,18	1486,94
158	02.08.2025 15:24:37	21,67	-0,03	0,10	0,18	1486,94
159	02.08.2025 15:24:38	21,67	-0,03	0,10	0,18	1486,94
160	02.08.2025 15:24:39	21,67	-0,03	0,10	0,18	1486,94
161	02.08.2025 15:24:40	21,67	-0,03	0,10	0,18	1486,94
162	02.08.2025 15:24:41	21,67	-0,03	0,10	0,18	1486,94
163	02.08.2025 15:24:42	21,64	-0,03	0,10	0,18	1486,85
164	02.08.2025 15:24:43	21,64	-0,03	0,10	0,18	1486,85
165	02.08.2025 15:24:44	21,64	-0,03	0,10	0,18	1486,85
166	02.08.2025 15:24:45	21,64	-0,03	0,10	0,18	1486,85
167	02.08.2025 15:24:46	21,64	-0,03	0,10	0,18	1486,85
168	02.08.2025 15:24:47	21,64	-0,03	0,10	0,18	1486,85
169	02.08.2025 15:24:48	21,64	-0,03	0,10	0,18	1486,85
170	02.08.2025 15:24:49	21,64	-0,03	0,10	0,18	1486,85
171	02.08.2025 15:24:50	21,64	-0,03	0,10	0,18	1486,85
172	02.08.2025 15:24:51	21,64	-0,03	0,10	0,18	1486,85
173	02.08.2025 15:24:52	21,64	-0,03	0,10	0,18	1486,85
174	02.08.2025 15:24:53	21,64	-0,03	0,10	0,18	1486,85
175	02.08.2025 15:24:54	21,64	-0,03	0,10	0,18	1486,85
176	02.08.2025 15:24:55	21,64	-0,03	0,10	0,18	1486,85
177	02.08.2025 15:24:56	21,64	-0,01	0,10	0,18	1486,85
178	02.08.2025 15:24:57	21,64	-0,01	0,10	0,18	1486,85
179	02.08.2025 15:24:58	21,64	-0,03	0,10	0,18	1486,85
180	02.08.2025 15:24:59	21,64	-0,03	0,10	0,18	1486,85
181	02.08.2025 15:25:00	21,64	-0,03	0,10	0,18	1486,85
182	02.08.2025 15:25:01	21,64	-0,03	0,10	0,18	1486,85
183	02.08.2025 15:25:02	21,64	-0,03	0,10	0,18	1486,85
184	02.08.2025 15:25:03	21,64	-0,03	0,10	0,18	1486,85
185	02.08.2025 15:25:04	21,64	-0,05	0,10	0,18	1486,85
186	02.08.2025 15:25:05	21,61	-0,05	0,10	0,18	1486,76
187	02.08.2025 15:25:06	21,61	-0,05	0,10	0,18	1486,76
188	02.08.2025 15:25:07	21,61	-0,05	0,10	0,18	1486,76
189	02.08.2025 15:25:08	21,61	-0,05	0,10	0,18	1486,76
190	02.08.2025 15:25:09	21,61	-0,05	0,10	0,18	1486,76
191	02.08.2025 15:25:10	21,61	-0,05	0,10	0,18	1486,76
192	02.08.2025 15:25:11	21,61	-0,05	0,10	0,18	1486,76
193	02.08.2025 15:25:12	21,61	-0,05	0,10	0,18	1486,76
194	02.08.2025 15:25:13	21,61	-0,05	0,10	0,18	1486,76
195	02.08.2025 15:25:14	21,61	-0,05	0,10	0,18	1486,76
196	02.08.2025 15:25:15	21,61	-0,05	0,10	0,18	1486,76
197	02.08.2025 15:25:16	21,61	-0,05	0,10	0,18	1486,76
198	02.08.2025 15:25:17	21,61	-0,05	0,10	0,18	1486,76
199	02.08.2025 15:25:18	21,61	-0,05	0,10	0,18	1486,76
200	02.08.2025 15:25:19	21,61	-0,05	0,10	0,18	1486,76
201	02.08.2025 15:25:20	21,61	-0,05	0,10	0,18	1486,76
202	02.08.2025 15:25:21	21,61	-0,05	0,10	0,18	1486,76
203	02.08.2025 15:25:22	21,61	-0,05	0,10	0,18	1486,76
204	02.08.2025 15:25:23	21,61	-0,07	0,10	0,18	1486,76
205	02.08.2025 15:25:24	21,58	-0,05	0,10	0,18	1486,67
206	02.08.2025 15:25:25	21,58	-0,05	0,11	0,21	1486,69
207	02.08.2025 15:25:26	21,58	-0,05	0,10	0,18	1486,67
208	02.08.2025 15:25:27	21,58	-0,05	0,11	0,21	1486,69
209	02.08.2025 15:25:28	21,58	-0,05	0,10	0,18	1486,67
210	02.08.2025 15:25:29	21,58	-0,03	0,10	0,18	1486,67
211	02.08.2025 15:25:30	21,58	-0,05	0,10	0,18	1486,67
212	02.08.2025 15:25:31	21,58	-0,05	0,10	0,18	1486,67
213	02.08.2025 15:25:32	21,58	-0,05	0,10	0,18	1486,67
214	02.08.2025 15:25:33	21,58	-0,03	0,10	0,18	1486,67
215	02.08.2025 15:25:34	21,58	-0,03	0,10	0,18	1486,67
216	02.08.2025 15:25:35	21,58	-0,05	0,10	0,18	1486,67
217	02.08.2025 15:25:36	21,58	-0,05	0,11	0,21	1486,69
218	02.08.2025 15:25:37	21,58	-0,03	0,11	0,21	1486,69
219	02.08.2025 15:25:38	21,58	-0,05	0,10	0,18	1486,67
220	02.08.2025 15:25:39	21,58	-0,05	0,10	0,18	1486,67
221	02.08.2025 15:25:40	21,58	-0,05	0,11	0,21	1486,69
222	02.08.2025 15:25:41	21,58	-0,05	0,11	0,21	1486,69
223	02.08.2025 15:25:42	21,58	-0,05	0,11	0,21	1486,69
224	02.08.2025 15:25:43	21,58	-0,05	0,11	0,21	1486,69
225	02.08.2025 15:25:44	21,58	-0,03	0,11	0,21	1486,69
226	02.08.2025 15:25:45	21,58	-0,05	0,11	0,21	1486,69
227	02.08.2025 15:25:46	21,58	-0,05	0,11	0,21	1486,69
228	02.08.2025 15:25:47	21,58	-0,05	0,11	0,21	1486,69
229	02.08.2025 15:25:48	21,55	-0,05	0,11	0,21	1486,60
230	02.08.2025 15:25:49	21,55	-0,05	0,11	0,21	1486,60
231	02.08.2025 15:25:50	21,55	-0,05	0,11	0,21	1486,60
232	02.08.2025 15:25:51	21,55	-0,05	0,10	0,18	1486,58
233	02.08.2025 15:25:52	21,55	-0,05	0,10	0,18	1486,58
234	02.08.2025 15:25:53	21,55	-0,05	0,10	0,18	1486,58
235	02.08.2025 15:25:54	21,55	-0,05	0,10	0,18	1486,58
236	02.08.2025 15:25:55	21,55	-0,05	0,11	0,21	1486,60
237	02.08.2025 15:25:56	21,55	-0,05	0,14	0,27	1486,63
238	02.08.2025 15:25:57	21,53	-0,12	25,19	36,83	1514,57
239	02.08.2025 15:25:58	21,38	0,00	26,23	38,09	1515,36
240	02.08.2025 15:25:59	21,23	-0,01	26,22	37,95	1514,94
241	02.08.2025 15:26:00	21,09	-0,01	26,26	37,90	1514,59
242	02.08.2025 15:26:01	21,00	0,02	26,27	37,84	1514,36
243	02.08.2025 15:26:02	20,88	-0,01	26,34	37,84	1514,11
244	02.08.2025 15:26:03	20,82	0,00	26,30	37,73	1513,90
245	02.08.2025 15:26:04	20,76	-0,01	21,46	31,36	1508,28
246	02.08.2025 15:26:05	20,73	0,00	22,35	32,52	1509,21
247	02.08.2025 15:26:06	20,71	0,00	26,28	37,62	1513,56
248	02.08.2025 15:26:07	20,65	-0,01	26,36	37,67	1513,48
249	02.08.2025 15:26:08	20,62	0,04	26,42	37,72	1513,47
250	02.08.2025 15:26:09	20,59	0,02	26,46	37,75	1513,43
251	02.08.2025 15:26:10	20,56	0,00	26,37	37,62	1513,24
252	02.08.2025 15:26:11	20,50	0,00	26,43	37,64	1513,14
253	02.08.2025 15:26:12	20,47	-0,01	26,38	37,56	1513,01
254	02.08.2025 15:26:13	20,41	0,04	26,42	37,56	1512,89
255	02.08.2025 15:26:14	20,38	0,06	26,43	37,56	1512,83
256	02.08.2025 15:26:15	20,38	0,06	26,48	37,61	1512,88
257	02.08.2025 15:26:16	20,35	0,06	26,47	37,58	1512,79
258	02.08.2025 15:26:17	20,32	0,04	26,47	37,56	1512,70
259	02.08.2025 15:26:18	20,32	0,06	26,47	37,56	1512,71
260	02.08.2025 15:26:19	20,29	0,04	26,47	37,53	1512,62
261	02.08.2025 15:26:20	20,26	0,04	26,44	37,48	1512,51
262	02.08.2025 15:26:21	20,24	0,04	26,46	37,47	1512,44
263	02.08.2025 15:26:22	20,21	0,04	26,44	37,42	1512,33
264	02.08.2025 15:26:23	20,18	0,02	26,48	37,45	1512,29
265	02.08.2025 15:26:24	20,18	0,02	26,48	37,45	1512,29
266	02.08.2025 15:26:25	20,15	0,00	26,45	37,39	1512,18
267	02.08.2025 15:26:26	20,12	0,00	26,49	37,42	1512,14
268	02.08.2025 15:26:27	20,09	0,02	26,51	37,42	1512,08
269	02.08.2025 15:26:28	20,09	0,00	26,51	37,42	1512,08
270	02.08.2025 15:26:29	20,06	0,00	26,53	37,42	1512,01
271	02.08.2025 15:26:30	20,03	0,02	26,54	37,42	1511,95
272	02.08.2025 15:26:31	20,03	0,02	26,54	37,42	1511,95
273	02.08.2025 15:26:32	20,00	0,02	26,60	37,47	1511,94
274	02.08.2025 15:26:33	20,00	0,02	26,56	37,42	1511,89
275	02.08.2025 15:26:34	20,00	0,02	26,58	37,44	1511,91
276	02.08.2025 15:26:35	19,97	0,00	26,58	37,42	1511,82
277	02.08.2025 15:26:36	19,97	0,04	26,58	37,42	1511,83
278	02.08.2025 15:26:37	19,97	0,02	26,62	37,47	1511,87
279	02.08.2025 15:26:38	19,94	0,02	26,62	37,44	1511,79
280	02.08.2025 15:26:39	19,94	0,00	26,62	37,44	1511,78
281	02.08.2025 15:26:40	19,94	0,02	26,62	37,44	1511,79
282	02.08.2025 15:26:41	19,91	0,04	26,64	37,44	1511,73
283	02.08.2025 15:26:42	19,91	0,04	26,68	37,49	1511,77
284	02.08.2025 15:26:43	19,91	0,02	26,68	37,49	1511,77
285	02.08.2025 15:26:44	19,91	0,04	26,70	37,52	1511,80
286	02.08.2025 15:26:45	19,91	0,02	26,68	37,49	1511,77
287	02.08.2025 15:26:46	19,91	0,02	26,70	37,52	1511,80
288	02.08.2025 15:26:47	19,91	0,02	26,68	37,49	1511,77
289	02.08.2025 15:26:48	19,88	0,04	26,68	37,47	1511,69
290	02.08.2025 15:26:49	19,88	0,04	26,74	37,55	1511,76
291	02.08.2025 15:26:50	19,88	0,06	26,74	37,55	1511,76
292	02.08.2025 15:26:51	19,88	0,04	26,72	37,52	1511,74
293	02.08.2025 15:26:52	19,88	0,06	26,70	37,49	1511,71
294	02.08.2025 15:26:53	19,88	0,08	26,76	37,57	1511,79
295	02.08.2025 15:26:54	19,88	0,08	26,76	37,57	1511,79
296	02.08.2025 15:26:55	19,88	0,11	26,76	37,57	1511,80
297	02.08.2025 15:26:56	19,88	0,09	26,74	37,55	1511,77
298	02.08.2025 15:26:57	19,88	0,09	26,78	37,60	1511,82
299	02.08.2025 15:26:58	19,88	0,13	26,80	37,63	1511,85
300	02.08.2025 15:26:59	19,88	0,13	26,82	37,65	1511,87
301	02.08.2025 15:27:00	19,88	0,15	26,82	37,65	1511,87
302	02.08.2025 15:27:01	19,91	0,16	26,78	37,63	1511,91
303	02.08.2025 15:27:02	19,91	0,18	26,81	37,66	1511,94
304	02.08.2025 15:27:03	19,91	0,22	26,76	37,60	1511,90
305	02.08.2025 15:27:04	19,88	0,20	26,74	37,55	1511,78
306	02.08.2025 15:27:05	19,88	0,22	26,76	37,57	1511,81
307	02.08.2025 15:27:06	19,85	0,25	26,80	37,60	1511,78
308	02.08.2025 15:27:07	19,85	0,25	26,80	37,60	1511,78
309	02.08.2025 15:27:08	19,85	0,30	26,82	37,63	1511,81
310	02.08.2025 15:27:09	19,85	0,30	26,84	37,65	1511,83
311	02.08.2025 15:27:10	19,85	0,34	26,84	37,65	1511,84
312	02.08.2025 15:27:11	19,85	0,34	26,82	37,63	1511,82
313	02.08.2025 15:27:12	19,85	0,36	26,84	37,65	1511,84
314	02.08.2025 15:27:13	19,88	0,37	26,84	37,68	1511,93
315	02.08.2025 15:27:14	19,88	0,37	26,82	37,65	1511,91
316	02.08.2025 15:27:15	19,85	0,41	26,82	37,63	1511,83
317	02.08.2025 15:27:16	19,85	0,43	26,76	37,55	1511,76
318	02.08.2025 15:27:17	19,85	0,43	26,76	37,55	1511,76
319	02.08.2025 15:27:18	19,82	0,44	26,73	37,49	1511,65
320	02.08.2025 15:27:19	19,79	0,48	26,81	37,57	1511,66
321	02.08.2025 15:27:20	19,79	0,50	26,86	37,63	1511,72
322	02.08.2025 15:27:21	19,79	0,52	26,64	37,36	1511,48
323	02.08.2025 15:27:22	19,76	0,48	26,51	37,17	1511,24
324	02.08.2025 15:27:23	19,71	0,53	26,53	37,14	1511,10
325	02.08.2025 15:27:24	19,65	0,57	26,57	37,14	1510,97
326	02.08.2025 15:27:25	19,59	0,58	26,62	37,17	1510,87
327	02.08.2025 15:27:26	19,56	0,62	26,60	37,11	1510,76
328	02.08.2025 15:27:27	19,53	0,61	26,62	37,11	1510,70
329	02.08.2025 15:27:28	19,50	0,67	26,68	37,16	1510,69
330	02.08.2025 15:27:29	19,50	0,68	26,66	37,14	1510,67
331	02.08.2025 15:27:30	19,47	0,70	26,63	37,08	1510,56
332	02.08.2025 15:27:31	19,47	0,73	26,63	37,08	1510,57
333	02.08.2025 15:27:32	19,44	0,75	26,65	37,08	1510,50
334	02.08.2025 15:27:33	19,41	0,77	26,65	37,05	1510,42
335	02.08.2025 15:27:34	19,41	0,78	26,65	37,05	1510,42
336	02.08.2025 15:27:35	19,38	0,80	26,66	37,05	1510,36
337	02.08.2025 15:27:36	19,38	0,82	26,66	37,05	1510,36
338	02.08.2025 15:27:37	19,35	0,85	26,66	37,03	1510,28
339	02.08.2025 15:27:38	19,32	0,87	26,64	36,97	1510,17
340	02.08.2025 15:27:39	19,29	0,88	26,63	36,95	1510,08
341	02.08.2025 15:27:40	19,26	0,90	26,63	36,92	1509,99
342	02.08.2025 15:27:41	19,23	0,93	26,65	36,92	1509,94
343	02.08.2025 15:27:42	19,20	0,95	26,67	36,92	1509,87
344	02.08.2025 15:27:43	19,20	0,97	26,67	36,92	1509,88
345	02.08.2025 15:27:44	19,17	1,00	26,66	36,89	1509,79
346	02.08.2025 15:27:45	19,17	1,02	26,66	36,89	1509,79
347	02.08.2025 15:27:46	19,14	1,02	26,68	36,89	1509,73
348	02.08.2025 15:27:47	19,14	1,03	26,68	36,89	1509,73
349	02.08.2025 15:27:48	19,14	1,05	26,68	36,89	1509,73
350	02.08.2025 15:27:49	19,11	1,09	26,70	36,89	1509,68
351	02.08.2025 15:27:50	19,11	1,10	26,72	36,91	1509,70
352	02.08.2025 15:27:51	19,11	1,12	26,70	36,89	1509,68
353	02.08.2025 15:27:52	19,09	1,14	26,72	36,89	1509,62
354	02.08.2025 15:27:53	19,09	1,15	26,72	36,89	1509,62
355	02.08.2025 15:27:54	19,06	1,17	26,74	36,89	1509,56
356	02.08.2025 15:27:55	19,06	1,19	26,72	36,86	1509,54
357	02.08.2025 15:27:56	19,03	1,20	26,73	36,86	1509,47
358	02.08.2025 15:27:57	19,03	1,22	26,71	36,83	1509,45
359	02.08.2025 15:27:58	19,00	1,26	26,71	36,80	1509,37
360	02.08.2025 15:27:59	18,97	1,27	26,73	36,80	1509,31
361	02.08.2025 15:28:00	18,97	1,29	26,73	36,80	1509,31
362	02.08.2025 15:28:01	18,94	1,32	26,75	36,80	1509,25
363	02.08.2025 15:28:02	18,94	1,36	26,72	36,78	1509,23
364	02.08.2025 15:28:03	18,91	1,37	26,76	36,80	1509,19
365	02.08.2025 15:28:04	18,91	1,39	26,76	36,80	1509,19
366	02.08.2025 15:28:05	18,91	1,39	26,76	36,80	1509,19
367	02.08.2025 15:28:06	18,88	1,41	26,78	36,80	1509,13
368	02.08.2025 15:28:07	18,88	1,41	26,78	36,80	1509,13
369	02.08.2025 15:28:08	18,88	1,41	26,78	36,80	1509,13
370	02.08.2025 15:28:09	18,88	1,41	26,78	36,80	1509,13
371	02.08.2025 15:28:10	18,85	1,41	26,80	36,80	1509,06
372	02.08.2025 15:28:11	18,85	1,41	26,80	36,80	1509,06
373	02.08.2025 15:28:12	18,85	1,41	26,80	36,80	1509,06
374	02.08.2025 15:28:13	18,85	1,41	26,80	36,80	1509,06
375	02.08.2025 15:28:14	18,82	1,41	26,82	36,80	1509,00
376	02.08.2025 15:28:15	18,82	1,41	26,82	36,80	1509,00
377	02.08.2025 15:28:16	18,82	1,39	26,82	36,80	1509,00
378	02.08.2025 15:28:17	18,82	1,39	26,84	36,83	1509,02
379	02.08.2025 15:28:18	18,82	1,42	26,84	36,83	1509,03
380	02.08.2025 15:28:19	18,79	1,42	26,86	36,83	1508,96
381	02.08.2025 15:28:20	18,79	1,44	26,86	36,83	1508,96
382	02.08.2025 15:28:21	18,79	1,46	26,86	36,83	1508,97
383	02.08.2025 15:28:22	18,79	1,47	26,86	36,83	1508,97
384	02.08.2025 15:28:23	18,79	1,49	26,86	36,83	1508,97
385	02.08.2025 15:28:24	18,76	1,51	26,86	36,80	1508,88
386	02.08.2025 15:28:25	18,76	1,51	26,86	36,80	1508,88
387	02.08.2025 15:28:26	18,76	1,51	26,86	36,80	1508,88
388	02.08.2025 15:28:27	18,76	1,49	26,86	36,80	1508,88
389	02.08.2025 15:28:28	18,76	1,47	26,88	36,83	1508,90
390	02.08.2025 15:28:29	18,76	1,45	26,88	36,83	1508,90
391	02.08.2025 15:28:30	18,76	1,45	26,88	36,83	1508,90
392	02.08.2025 15:28:31	18,73	1,44	26,90	36,83	1508,83
393	02.08.2025 15:28:32	18,73	1,44	26,90	36,83	1508,83
394	02.08.2025 15:28:33	18,73	1,45	26,90	36,83	1508,84
395	02.08.2025 15:28:34	18,73	1,45	26,90	36,83	1508,84
396	02.08.2025 15:28:35	18,73	1,45	26,90	36,83	1508,84
397	02.08.2025 15:28:36	18,73	1,44	26,90	36,83	1508,83
398	02.08.2025 15:28:37	18,73	1,42	26,90	36,83	1508,83
399	02.08.2025 15:28:38	18,73	1,44	26,90	36,83	1508,83
400	02.08.2025 15:28:39	18,73	1,42	26,90	36,83	1508,83
401	02.08.2025 15:28:40	18,73	1,42	26,90	36,83	1508,83
402	02.08.2025 15:28:41	18,73	1,42	26,90	36,83	1508,83
403	02.08.2025 15:28:42	18,73	1,40	26,90	36,83	1508,83
404	02.08.2025 15:28:43	18,73	1,40	26,90	36,83	1508,83
405	02.08.2025 15:28:44	18,73	1,40	26,90	36,83	1508,83
406	02.08.2025 15:28:45	18,73	1,40	26,90	36,83	1508,83
407	02.08.2025 15:28:46	18,73	1,38	26,90	36,83	1508,82
408	02.08.2025 15:28:47	18,73	1,38	26,90	36,83	1508,82
409	02.08.2025 15:28:48	18,70	1,38	26,92	36,82	1508,76
410	02.08.2025 15:28:49	18,70	1,40	26,92	36,82	1508,76
411	02.08.2025 15:28:50	18,70	1,38	26,92	36,82	1508,76
412	02.08.2025 15:28:51	18,70	1,38	26,92	36,82	1508,76
413	02.08.2025 15:28:52	18,70	1,38	26,92	36,82	1508,76
414	02.08.2025 15:28:53	18,70	1,40	26,92	36,82	1508,76
415	02.08.2025 15:28:54	18,70	1,38	26,92	36,82	1508,76
416	02.08.2025 15:28:55	18,70	1,40	26,92	36,82	1508,76
417	02.08.2025 15:28:56	18,70	1,40	26,92	36,82	1508,76
418	02.08.2025 15:28:57	18,70	1,42	26,92	36,82	1508,76
419	02.08.2025 15:28:58	18,70	1,40	26,92	36,82	1508,76
420	02.08.2025 15:28:59	18,70	1,42	26,92	36,82	1508,76
421	02.08.2025 15:29:00	18,67	1,42	26,91	36,80	1508,67
422	02.08.2025 15:29:01	18,67	1,43	26,93	36,82	1508,70
423	02.08.2025 15:29:02	18,67	1,43	26,91	36,80	1508,68
424	02.08.2025 15:29:03	18,67	1,45	26,91	36,80	1508,68
425	02.08.2025 15:29:04	18,67	1,47	26,91	36,80	1508,68
426	02.08.2025 15:29:05	18,67	1,47	26,91	36,80	1508,68
427	02.08.2025 15:29:06	18,67	1,47	26,91	36,80	1508,68
428	02.08.2025 15:29:07	18,67	1,47	26,91	36,80	1508,68
429	02.08.2025 15:29:08	18,67	1,47	26,91	36,80	1508,68
430	02.08.2025 15:29:09	18,64	1,48	26,93	36,80	1508,62
431	02.08.2025 15:29:10	18,64	1,48	26,93	36,80	1508,62
432	02.08.2025 15:29:11	18,64	1,50	26,93	36,80	1508,62
433	02.08.2025 15:29:12	18,64	1,50	26,93	36,80	1508,62
434	02.08.2025 15:29:13	18,64	1,50	26,93	36,80	1508,62
435	02.08.2025 15:29:14	18,64	1,52	26,93	36,80	1508,62
436	02.08.2025 15:29:15	18,61	1,52	26,93	36,77	1508,53
437	02.08.2025 15:29:16	18,61	1,54	26,93	36,77	1508,54
438	02.08.2025 15:29:17	18,58	1,55	26,93	36,74	1508,45
439	02.08.2025 15:29:18	18,58	1,55	26,93	36,74	1508,45
440	02.08.2025 15:29:19	18,55	1,57	26,86	36,63	1508,28
441	02.08.2025 15:29:20	18,52	1,58	26,75	36,47	1508,07
442	02.08.2025 15:29:21	18,49	1,58	26,63	36,31	1507,85
443	02.08.2025 15:29:22	18,40	1,61	26,62	36,23	1507,58
444	02.08.2025 15:29:23	18,34	1,61	26,64	36,20	1507,42
445	02.08.2025 15:29:24	18,28	1,63	26,65	36,17	1507,27
446	02.08.2025 15:29:25	18,22	1,66	26,67	36,14	1507,11
447	02.08.2025 15:29:26	18,20	1,67	26,69	36,14	1507,05
448	02.08.2025 15:29:27	18,17	1,69	26,73	36,17	1507,01
449	02.08.2025 15:29:28	18,17	1,71	26,77	36,22	1507,06
450	02.08.2025 15:29:29	18,14	1,72	26,84	36,28	1507,05
451	02.08.2025 15:29:30	18,14	1,74	26,81	36,25	1507,03
452	02.08.2025 15:29:31	18,11	1,74	26,79	36,20	1506,91
453	02.08.2025 15:29:32	18,11	1,74	26,72	36,11	1506,83
454	02.08.2025 15:29:33	18,05	1,75	26,63	35,95	1506,55
455	02.08.2025 15:29:34	17,99	1,73	26,60	35,87	1506,33
456	02.08.2025 15:29:35	17,93	1,80	26,64	35,87	1506,21
457	02.08.2025 15:29:36	17,87	1,80	26,52	35,68	1505,89
458	02.08.2025 15:29:37	17,78	1,79	26,44	35,52	1505,53
459	02.08.2025 15:29:38	17,66	1,84	26,56	35,57	1505,32
460	02.08.2025 15:29:39	17,57	1,85	26,60	35,54	1505,09
461	02.08.2025 15:29:40	17,48	1,90	26,63	35,51	1504,87
462	02.08.2025 15:29:41	17,42	1,90	26,65	35,48	1504,70
463	02.08.2025 15:29:42	17,36	1,91	26,60	35,37	1504,46
464	02.08.2025 15:29:43	17,30	1,93	26,59	35,32	1504,27
465	02.08.2025 15:29:44	17,21	1,96	26,60	35,26	1504,02
466	02.08.2025 15:29:45	17,15	1,97	26,55	35,16	1503,78
467	02.08.2025 15:29:46	17,06	1,99	26,52	35,05	1503,46
468	02.08.2025 15:29:47	16,94	2,00	26,51	34,94	1503,08
469	02.08.2025 15:29:48	16,85	2,01	26,41	34,75	1502,69
470	02.08.2025 15:29:49	16,73	2,02	26,30	34,53	1502,20
471	02.08.2025 15:29:50	16,58	2,03	26,12	34,20	1501,52
472	02.08.2025 15:29:51	16,37	2,02	25,92	33,80	1500,62
473	02.08.2025 15:29:52	16,16	2,00	25,57	33,23	1499,54
474	02.08.2025 15:29:53	15,82	2,05	25,27	32,63	1498,14
475	02.08.2025 15:29:54	15,43	2,10	25,17	32,22	1496,76
476	02.08.2025 15:29:55	15,03	2,14	25,28	32,05	1495,61
477	02.08.2025 15:29:56	14,67	2,21	25,41	31,94	1494,58
478	02.08.2025 15:29:57	14,36	2,31	25,97	32,33	1494,25
479	02.08.2025 15:29:58	14,14	2,36	26,23	32,46	1493,85
480	02.08.2025 15:29:59	13,99	2,37	26,33	32,46	1493,46
481	02.08.2025 15:30:00	13,86	2,36	26,55	32,62	1493,32
482	02.08.2025 15:30:01	13,74	2,37	26,66	32,64	1493,03
483	02.08.2025 15:30:02	13,62	2,37	26,60	32,48	1492,54
484	02.08.2025 15:30:03	13,46	2,38	26,56	32,31	1491,97
485	02.08.2025 15:30:04	13,31	2,37	26,59	32,23	1491,48
486	02.08.2025 15:30:05	13,12	2,41	26,69	32,20	1490,97
487	02.08.2025 15:30:06	12,93	2,44	26,82	32,19	1490,49
488	02.08.2025 15:30:07	12,81	2,47	26,93	32,22	1490,20
489	02.08.2025 15:30:08	12,65	2,50	27,11	32,29	1489,89
490	02.08.2025 15:30:09	12,52	2,51	27,38	32,48	1489,77
491	02.08.2025 15:30:10	12,43	2,54	27,47	32,50	1489,56
492	02.08.2025 15:30:11	12,37	2,54	27,41	32,39	1489,28
493	02.08.2025 15:30:12	12,27	2,55	27,45	32,36	1489,00
494	02.08.2025 15:30:13	12,18	2,58	27,42	32,25	1488,64
495	02.08.2025 15:30:14	12,08	2,57	27,38	32,14	1488,26
496	02.08.2025 15:30:15	11,96	2,59	27,43	32,09	1487,87
497	02.08.2025 15:30:16	11,83	2,62	27,36	31,92	1487,36
498	02.08.2025 15:30:17	11,67	2,61	26,99	31,41	1486,34
499	02.08.2025 15:30:18	11,48	2,60	26,90	31,16	1485,55
500	02.08.2025 15:30:19	11,26	2,66	26,93	31,03	1484,80
501	02.08.2025 15:30:20	11,03	2,66	26,90	30,83	1483,97
502	02.08.2025 15:30:21	10,81	2,72	26,91	30,67	1483,18
503	02.08.2025 15:30:22	10,58	2,73	26,88	30,47	1482,33
504	02.08.2025 15:30:23	10,36	2,77	26,92	30,33	1481,55
505	02.08.2025 15:30:24	10,19	2,80	26,92	30,22	1480,97
506	02.08.2025 15:30:25	10,00	2,84	26,99	30,14	1480,34
507	02.08.2025 15:30:26	9,80	2,83	26,97	29,97	1479,59
508	02.08.2025 15:30:27	9,64	2,91	26,90	29,78	1478,91
509	02.08.2025 15:30:28	9,44	2,90	26,88	29,61	1478,15
510	02.08.2025 15:30:29	9,28	2,91	26,89	29,50	1477,56
511	02.08.2025 15:30:30	9,08	2,98	27,01	29,47	1476,96
512	02.08.2025 15:30:31	8,91	3,00	27,10	29,44	1476,46
513	02.08.2025 15:30:32	8,78	3,03	27,09	29,33	1475,95
514	02.08.2025 15:30:33	8,61	3,06	27,02	29,14	1475,24
515	02.08.2025 15:30:34	8,45	3,08	27,20	29,18	1474,82
516	02.08.2025 15:30:35	8,31	3,10	27,22	29,10	1474,34
517	02.08.2025 15:30:36	8,21	3,14	27,21	29,02	1473,95
518	02.08.2025 15:30:37	8,04	3,14	27,06	28,75	1473,11
519	02.08.2025 15:30:38	7,88	3,16	27,02	28,58	1472,40
520	02.08.2025 15:30:39	7,71	3,19	26,98	28,42	1471,70
521	02.08.2025 15:30:40	7,54	3,23	27,04	28,36	1471,13
522	02.08.2025 15:30:41	7,37	3,26	27,15	28,33	1470,60
523	02.08.2025 15:30:42	7,20	3,30	27,25	28,29	1470,06
524	02.08.2025 15:30:43	7,09	3,33	27,30	28,27	1469,72
525	02.08.2025 15:30:44	6,96	3,36	27,37	28,24	1469,28
526	02.08.2025 15:30:45	6,85	3,39	27,51	28,29	1469,05
527	02.08.2025 15:30:46	6,75	3,44	27,68	28,36	1468,85
528	02.08.2025 15:30:47	6,68	3,46	27,73	28,36	1468,65
529	02.08.2025 15:30:48	6,61	3,49	27,78	28,36	1468,45
530	02.08.2025 15:30:49	6,54	3,50	27,84	28,36	1468,24
531	02.08.2025 15:30:50	6,47	3,51	27,86	28,33	1468,00
532	02.08.2025 15:30:51	6,40	3,55	27,89	28,30	1467,76
533	02.08.2025 15:30:52	6,30	3,56	27,97	28,30	1467,45
534	02.08.2025 15:30:53	6,23	3,61	28,00	28,27	1467,21
535	02.08.2025 15:30:54	6,16	3,62	28,05	28,27	1467,00
536	02.08.2025 15:30:55	6,09	3,64	28,11	28,27	1466,79
537	02.08.2025 15:30:56	6,02	3,67	28,11	28,21	1466,51
538	02.08.2025 15:30:57	5,95	3,68	28,19	28,24	1466,34
539	02.08.2025 15:30:58	5,91	3,72	28,22	28,24	1466,24
540	02.08.2025 15:30:59	5,84	3,73	28,28	28,24	1466,03
541	02.08.2025 15:31:00	5,77	3,74	28,30	28,21	1465,78
542	02.08.2025 15:31:01	5,74	3,74	28,27	28,15	1465,59
543	02.08.2025 15:31:02	5,67	3,76	28,27	28,10	1465,31
544	02.08.2025 15:31:03	5,60	3,75	28,24	28,02	1464,98
545	02.08.2025 15:31:04	5,49	3,76	28,29	27,99	1464,62
546	02.08.2025 15:31:05	5,42	3,80	28,35	27,98	1464,41
547	02.08.2025 15:31:06	5,35	3,79	28,38	27,95	1464,15
548	02.08.2025 15:31:07	5,28	3,81	28,44	27,95	1463,93
549	02.08.2025 15:31:08	5,21	3,80	28,47	27,92	1463,68
550	02.08.2025 15:31:09	5,17	3,82	28,47	27,90	1463,53
551	02.08.2025 15:31:10	5,10	3,83	28,55	27,92	1463,35
552	02.08.2025 15:31:11	5,03	3,83	28,61	27,92	1463,13
553	02.08.2025 15:31:12	4,96	3,84	28,67	27,92	1462,92
554	02.08.2025 15:31:13	4,92	3,84	28,67	27,89	1462,77
555	02.08.2025 15:31:14	4,89	3,84	28,67	27,86	1462,62
556	02.08.2025 15:31:15	4,85	3,85	28,70	27,86	1462,51
557	02.08.2025 15:31:16	4,78	3,83	28,73	27,83	1462,25
558	02.08.2025 15:31:17	4,74	3,85	28,70	27,78	1462,06
559	02.08.2025 15:31:18	4,67	3,86	28,70	27,72	1461,76
560	02.08.2025 15:31:19	4,60	3,88	28,76	27,72	1461,54
561	02.08.2025 15:31:20	4,56	3,86	28,79	27,72	1461,42
562	02.08.2025 15:31:21	4,49	3,87	28,82	27,69	1461,16
563	02.08.2025 15:31:22	4,45	3,87	28,85	27,69	1461,05
564	02.08.2025 15:31:23	4,38	3,87	28,91	27,69	1460,83
565	02.08.2025 15:31:24	4,35	3,88	28,91	27,66	1460,67
566	02.08.2025 15:31:25	4,31	3,88	28,94	27,66	1460,56
567	02.08.2025 15:31:26	4,27	3,88	28,97	27,66	1460,45
568	02.08.2025 15:31:27	4,24	3,89	28,97	27,63	1460,30
569	02.08.2025 15:31:28	4,20	3,89	29,01	27,63	1460,18
570	02.08.2025 15:31:29	4,16	3,89	29,04	27,63	1460,07
571	02.08.2025 15:31:30	4,13	3,89	29,07	27,63	1459,96
572	02.08.2025 15:31:31	4,09	3,89	29,10	27,63	1459,84
573	02.08.2025 15:31:32	4,06	3,88	29,13	27,63	1459,73
574	02.08.2025 15:31:33	4,02	3,88	29,16	27,63	1459,62
575	02.08.2025 15:31:34	3,98	3,90	29,19	27,63	1459,50
576	02.08.2025 15:31:35	3,95	3,90	29,23	27,63	1459,39
577	02.08.2025 15:31:36	3,91	3,89	29,26	27,63	1459,28
578	02.08.2025 15:31:37	3,87	3,89	29,29	27,62	1459,16
579	02.08.2025 15:31:38	3,87	3,89	29,29	27,62	1459,16
580	02.08.2025 15:31:39	3,84	3,91	29,32	27,62	1459,05
581	02.08.2025 15:31:40	3,80	3,91	29,35	27,62	1458,93
582	02.08.2025 15:31:41	3,80	3,89	29,35	27,62	1458,93
583	02.08.2025 15:31:42	3,76	3,89	29,38	27,62	1458,82
584	02.08.2025 15:31:43	3,73	3,88	29,42	27,62	1458,70
585	02.08.2025 15:31:44	3,73	3,88	29,42	27,62	1458,70
586	02.08.2025 15:31:45	3,73	3,90	29,42	27,62	1458,70
587	02.08.2025 15:31:46	3,69	3,88	29,45	27,62	1458,59
588	02.08.2025 15:31:47	3,65	3,90	29,48	27,62	1458,47
589	02.08.2025 15:31:48	3,65	3,88	29,48	27,62	1458,47
590	02.08.2025 15:31:49	3,62	3,90	29,51	27,62	1458,36
591	02.08.2025 15:31:50	3,62	3,90	29,51	27,62	1458,36
592	02.08.2025 15:31:51	3,58	3,89	29,64	27,70	1458,37
593	02.08.2025 15:31:52	3,58	3,89	29,67	27,72	1458,41
594	02.08.2025 15:31:53	3,58	3,89	29,80	27,83	1458,57
595	02.08.2025 15:31:54	3,62	3,90	29,77	27,83	1458,69
596	02.08.2025 15:31:55	3,62	3,88	29,83	27,89	1458,77
597	02.08.2025 15:31:56	3,62	3,88	29,61	27,70	1458,48
598	02.08.2025 15:31:57	3,62	3,86	29,70	27,78	1458,60
599	02.08.2025 15:31:58	3,58	3,88	29,61	27,67	1458,32
600	02.08.2025 15:31:59	3,58	3,84	29,58	27,64	1458,28
601	02.08.2025 15:32:00	3,54	3,86	29,58	27,62	1458,12
602	02.08.2025 15:32:01	3,50	3,87	29,61	27,62	1458,01
603	02.08.2025 15:32:02	3,47	3,87	29,64	27,61	1457,89
604	02.08.2025 15:32:03	3,43	3,87	29,64	27,59	1457,74
605	02.08.2025 15:32:04	3,39	3,89	29,68	27,59	1457,62
606	02.08.2025 15:32:05	3,36	3,88	29,74	27,61	1457,55
607	02.08.2025 15:32:06	3,36	3,90	29,74	27,61	1457,55
608	02.08.2025 15:32:07	3,32	3,88	29,77	27,61	1457,43
609	02.08.2025 15:32:08	3,32	3,90	29,77	27,61	1457,43
610	02.08.2025 15:32:09	3,32	3,90	29,77	27,61	1457,43
611	02.08.2025 15:32:10	3,28	3,91	29,78	27,58	1457,28
612	02.08.2025 15:32:11	3,25	3,91	29,81	27,58	1457,16
613	02.08.2025 15:32:12	3,25	3,88	29,81	27,58	1457,16
614	02.08.2025 15:32:13	3,21	3,86	29,84	27,58	1457,04
615	02.08.2025 15:32:14	3,21	3,86	29,87	27,61	1457,08
616	02.08.2025 15:32:15	3,21	3,86	29,87	27,61	1457,08
617	02.08.2025 15:32:16	3,21	3,84	29,84	27,58	1457,03
618	02.08.2025 15:32:17	3,21	3,82	29,87	27,61	1457,07
619	02.08.2025 15:32:18	3,21	3,82	29,91	27,64	1457,11
620	02.08.2025 15:32:19	3,21	3,84	29,87	27,61	1457,07
621	02.08.2025 15:32:20	3,21	3,82	29,91	27,64	1457,11
622	02.08.2025 15:32:21	3,21	3,84	29,87	27,61	1457,07
623	02.08.2025 15:32:22	3,21	3,82	29,87	27,61	1457,07
624	02.08.2025 15:32:23	3,17	3,82	29,91	27,61	1456,96
625	02.08.2025 15:32:24	3,17	3,84	29,91	27,61	1456,96
626	02.08.2025 15:32:25	3,17	3,84	30,07	27,74	1457,17
627	02.08.2025 15:32:26	3,17	3,84	29,91	27,61	1456,96
628	02.08.2025 15:32:27	3,17	3,84	29,94	27,63	1457,00
629	02.08.2025 15:32:28	3,17	3,84	29,94	27,63	1457,00
630	02.08.2025 15:32:29	3,17	3,86	30,20	27,85	1457,34
631	02.08.2025 15:32:30	3,17	3,84	29,94	27,63	1457,00
632	02.08.2025 15:32:31	3,17	3,84	29,94	27,63	1457,00
633	02.08.2025 15:32:32	3,17	3,84	29,94	27,63	1457,00
634	02.08.2025 15:32:33	3,17	3,82	29,91	27,61	1456,95
635	02.08.2025 15:32:34	3,13	3,84	30,04	27,69	1456,97
636	02.08.2025 15:32:35	3,13	3,80	30,07	27,71	1457,00
637	02.08.2025 15:32:36	3,13	3,78	30,20	27,82	1457,17
638	02.08.2025 15:32:37	3,17	3,80	30,16	27,82	1457,29
639	02.08.2025 15:32:38	3,21	3,75	30,00	27,72	1457,23
640	02.08.2025 15:32:39	3,17	3,75	30,07	27,74	1457,15
641	02.08.2025 15:32:40	3,17	3,77	29,97	27,66	1457,03
642	02.08.2025 15:32:41	3,17	3,77	29,97	27,66	1457,03
643	02.08.2025 15:32:42	3,13	3,78	30,13	27,77	1457,08
644	02.08.2025 15:32:43	3,17	3,79	30,13	27,79	1457,24
645	02.08.2025 15:32:44	3,17	3,77	30,29	27,93	1457,45
646	02.08.2025 15:32:45	3,21	3,79	30,35	28,01	1457,69
647	02.08.2025 15:32:46	3,28	3,76	30,00	27,77	1457,54
648	02.08.2025 15:32:47	3,25	3,77	30,19	27,90	1457,64
649	02.08.2025 15:32:48	3,25	3,81	30,26	27,96	1457,73
650	02.08.2025 15:32:49	3,28	3,76	30,09	27,85	1457,67
651	02.08.2025 15:32:50	3,25	3,75	30,10	27,82	1457,51
652	02.08.2025 15:32:51	3,25	3,81	30,03	27,77	1457,44
653	02.08.2025 15:32:52	3,25	3,77	30,10	27,82	1457,51
654	02.08.2025 15:32:53	3,21	3,77	30,07	27,77	1457,31
655	02.08.2025 15:32:54	3,21	3,79	30,26	27,93	1457,57
656	02.08.2025 15:32:55	3,21	3,79	30,13	27,82	1457,40
657	02.08.2025 15:32:56	3,21	3,79	30,13	27,82	1457,40
658	02.08.2025 15:32:57	3,21	3,79	30,07	27,77	1457,32
659	02.08.2025 15:32:58	3,21	3,79	30,16	27,85	1457,44
660	02.08.2025 15:32:59	3,21	3,77	30,16	27,85	1457,44
661	02.08.2025 15:33:00	3,21	3,79	30,16	27,85	1457,44
662	02.08.2025 15:33:01	3,21	3,77	30,10	27,80	1457,36
663	02.08.2025 15:33:02	3,21	3,77	30,16	27,85	1457,44
664	02.08.2025 15:33:03	3,21	3,79	30,07	27,77	1457,32
665	02.08.2025 15:33:04	3,21	3,79	30,13	27,82	1457,40
666	02.08.2025 15:33:05	3,21	3,79	29,97	27,69	1457,19
667	02.08.2025 15:33:06	3,17	3,77	30,13	27,80	1457,24
668	02.08.2025 15:33:07	3,17	3,79	30,16	27,82	1457,28
669	02.08.2025 15:33:08	3,21	3,79	30,19	27,88	1457,48
670	02.08.2025 15:33:09	3,21	3,79	30,07	27,77	1457,32
671	02.08.2025 15:33:10	3,21	3,77	30,10	27,80	1457,36
672	02.08.2025 15:33:11	3,17	3,80	30,20	27,85	1457,33
673	02.08.2025 15:33:12	3,21	3,82	30,32	27,98	1457,66
674	02.08.2025 15:33:13	3,25	3,79	30,10	27,82	1457,52
675	02.08.2025 15:33:14	3,25	3,77	30,16	27,88	1457,60
676	02.08.2025 15:33:15	3,25	3,79	30,19	27,90	1457,64
677	02.08.2025 15:33:16	3,25	3,79	30,29	27,98	1457,77
678	02.08.2025 15:33:17	3,28	3,81	30,35	28,07	1458,01
679	02.08.2025 15:33:18	3,32	3,79	30,25	28,01	1458,04
680	02.08.2025 15:33:19	3,32	3,78	30,19	27,96	1457,95
681	02.08.2025 15:33:20	3,32	3,79	30,35	28,09	1458,17
682	02.08.2025 15:33:21	3,36	3,80	30,09	27,91	1457,99
683	02.08.2025 15:33:22	3,32	3,78	30,09	27,88	1457,83
684	02.08.2025 15:33:23	3,32	3,78	30,06	27,85	1457,79
685	02.08.2025 15:33:24	3,28	3,79	30,10	27,85	1457,67
686	02.08.2025 15:33:25	3,28	3,79	30,06	27,82	1457,63
687	02.08.2025 15:33:26	3,25	3,79	30,13	27,85	1457,56
688	02.08.2025 15:33:27	3,25	3,79	30,10	27,82	1457,52
689	02.08.2025 15:33:28	3,25	3,79	30,06	27,80	1457,48
690	02.08.2025 15:33:29	3,25	3,79	30,06	27,80	1457,48
691	02.08.2025 15:33:30	3,21	3,79	30,07	27,77	1457,32
692	02.08.2025 15:33:31	3,21	3,81	30,10	27,80	1457,36
693	02.08.2025 15:33:32	3,21	3,81	30,07	27,77	1457,32
694	02.08.2025 15:33:33	3,17	3,79	30,10	27,77	1457,20
695	02.08.2025 15:33:34	3,17	3,80	30,10	27,77	1457,20
696	02.08.2025 15:33:35	3,17	3,80	30,10	27,77	1457,20
697	02.08.2025 15:33:36	3,17	3,79	30,10	27,77	1457,20
698	02.08.2025 15:33:37	3,17	3,79	30,10	27,77	1457,20
699	02.08.2025 15:33:38	3,17	3,79	30,10	27,77	1457,20
700	02.08.2025 15:33:39	3,17	3,79	30,13	27,80	1457,24
701	02.08.2025 15:33:40	3,17	3,79	30,16	27,82	1457,28
702	02.08.2025 15:33:41	3,17	3,79	30,16	27,82	1457,28
703	02.08.2025 15:33:42	3,17	3,79	30,16	27,82	1457,28
704	02.08.2025 15:33:43	3,17	3,79	30,20	27,85	1457,33
705	02.08.2025 15:33:44	3,21	3,79	30,19	27,88	1457,48
706	02.08.2025 15:33:45	3,21	3,79	30,19	27,88	1457,48
707	02.08.2025 15:33:46	3,21	3,79	30,19	27,88	1457,48
708	02.08.2025 15:33:47	3,25	3,79	30,16	27,88	1457,60
709	02.08.2025 15:33:48	3,25	3,79	30,19	27,90	1457,64
710	02.08.2025 15:33:49	3,25	3,79	30,19	27,90	1457,64
711	02.08.2025 15:33:50	3,25	3,77	30,22	27,93	1457,68
712	02.08.2025 15:33:51	3,25	3,77	30,19	27,90	1457,64
713	02.08.2025 15:33:52	3,25	3,77	30,22	27,93	1457,68
714	02.08.2025 15:33:53	3,28	3,77	30,19	27,93	1457,80
715	02.08.2025 15:33:54	3,28	3,76	30,19	27,93	1457,79
716	02.08.2025 15:33:55	3,28	3,77	30,16	27,91	1457,76
717	02.08.2025 15:33:56	3,28	3,77	30,19	27,93	1457,80
718	02.08.2025 15:33:57	3,28	3,77	30,16	27,91	1457,76
719	02.08.2025 15:33:58	3,28	3,76	30,19	27,93	1457,79
720	02.08.2025 15:33:59	3,28	3,77	30,19	27,93	1457,80
721	02.08.2025 15:34:00	3,28	3,79	30,19	27,93	1457,80
722	02.08.2025 15:34:01	3,28	3,77	30,19	27,93	1457,80
723	02.08.2025 15:34:02	3,28	3,77	30,19	27,93	1457,80
724	02.08.2025 15:34:03	3,28	3,77	30,19	27,93	1457,80
725	02.08.2025 15:34:04	3,32	3,78	30,16	27,93	1457,91
726	02.08.2025 15:34:05	3,32	3,78	30,16	27,93	1457,91
727	02.08.2025 15:34:06	3,32	3,78	30,16	27,93	1457,91
728	02.08.2025 15:34:07	3,32	3,76	30,16	27,93	1457,91
729	02.08.2025 15:34:08	3,32	3,76	30,13	27,91	1457,87
730	02.08.2025 15:34:09	3,32	3,78	30,13	27,91	1457,87
731	02.08.2025 15:34:10	3,28	3,77	30,16	27,91	1457,76
732	02.08.2025 15:34:11	3,28	3,76	30,19	27,93	1457,79
733	02.08.2025 15:34:12	3,32	3,78	30,16	27,93	1457,91
734	02.08.2025 15:34:13	3,32	3,76	30,16	27,93	1457,91
735	02.08.2025 15:34:14	3,32	3,76	30,16	27,93	1457,91
736	02.08.2025 15:34:15	3,32	3,76	30,16	27,93	1457,91
737	02.08.2025 15:34:16	3,32	3,76	30,16	27,93	1457,91
738	02.08.2025 15:34:17	3,32	3,76	30,19	27,96	1457,95
739	02.08.2025 15:34:18	3,32	3,78	30,16	27,93	1457,91
740	02.08.2025 15:34:19	3,32	3,76	30,16	27,93	1457,91
741	02.08.2025 15:34:20	3,32	3,78	30,19	27,96	1457,95
742	02.08.2025 15:34:21	3,32	3,78	30,16	27,93	1457,91
743	02.08.2025 15:34:22	3,32	3,78	30,16	27,93	1457,91
744	02.08.2025 15:34:23	3,32	3,78	30,13	27,91	1457,87
745	02.08.2025 15:34:24	3,32	3,78	30,13	27,91	1457,87
746	02.08.2025 15:34:25	3,32	3,78	30,13	27,91	1457,87
747	02.08.2025 15:34:26	3,32	3,78	30,09	27,88	1457,83
748	02.08.2025 15:34:27	3,32	3,78	30,09	27,88	1457,83
749	02.08.2025 15:34:28	3,32	3,78	30,09	27,88	1457,83
750	02.08.2025 15:34:29	3,28	3,77	30,10	27,85	1457,67
751	02.08.2025 15:34:30	3,28	3,77	30,06	27,82	1457,63
752	02.08.2025 15:34:31	3,28	3,77	30,06	27,82	1457,63
753	02.08.2025 15:34:32	3,25	3,77	30,10	27,82	1457,51
754	02.08.2025 15:34:33	3,25	3,79	30,10	27,82	1457,52
755	02.08.2025 15:34:34	3,25	3,79	30,10	27,82	1457,52
756	02.08.2025 15:34:35	3,25	3,79	30,13	27,85	1457,56
757	02.08.2025 15:34:36	3,25	3,79	30,16	27,88	1457,60
758	02.08.2025 15:34:37	3,25	3,79	30,10	27,82	1457,52
759	02.08.2025 15:34:38	3,25	3,79	30,06	27,80	1457,48
760	02.08.2025 15:34:39	3,25	3,79	30,10	27,82	1457,52
761	02.08.2025 15:34:40	3,25	3,81	30,10	27,82	1457,52
762	02.08.2025 15:34:41	3,25	3,81	30,13	27,85	1457,56
763	02.08.2025 15:34:42	3,25	3,79	30,16	27,88	1457,60
764	02.08.2025 15:34:43	3,25	3,79	30,13	27,85	1457,56
765	02.08.2025 15:34:44	3,25	3,81	30,16	27,88	1457,60
766	02.08.2025 15:34:45	3,25	3,81	30,06	27,80	1457,48
767	02.08.2025 15:34:46	3,25	3,79	30,06	27,80	1457,48
768	02.08.2025 15:34:47	3,25	3,81	30,10	27,82	1457,52
769	02.08.2025 15:34:48	3,25	3,81	30,03	27,77	1457,44
770	02.08.2025 15:34:49	3,21	3,79	30,07	27,77	1457,32
771	02.08.2025 15:34:50	3,21	3,82	30,23	27,90	1457,53
772	02.08.2025 15:34:51	3,25	3,81	30,16	27,88	1457,60
773	02.08.2025 15:34:52	3,25	3,79	30,03	27,77	1457,43
774	02.08.2025 15:34:53	3,25	3,79	30,06	27,80	1457,48
775	02.08.2025 15:34:54	3,21	3,81	30,26	27,93	1457,57
776	02.08.2025 15:34:55	3,25	3,81	30,22	27,93	1457,69
777	02.08.2025 15:34:56	3,25	3,81	30,16	27,88	1457,60
778	02.08.2025 15:34:57	3,28	3,79	30,06	27,82	1457,63
779	02.08.2025 15:34:58	3,25	3,79	30,19	27,90	1457,64
780	02.08.2025 15:34:59	3,25	3,81	30,19	27,90	1457,64
781	02.08.2025 15:35:00	3,28	3,79	30,19	27,93	1457,80
782	02.08.2025 15:35:01	3,28	3,81	30,19	27,93	1457,80
783	02.08.2025 15:35:02	3,28	3,81	30,22	27,96	1457,84
784	02.08.2025 15:35:03	3,32	3,81	30,19	27,96	1457,96
785	02.08.2025 15:35:04	3,32	3,79	30,19	27,96	1457,96
786	02.08.2025 15:35:05	3,32	3,79	30,19	27,96	1457,96
787	02.08.2025 15:35:06	3,32	3,79	30,19	27,96	1457,96
788	02.08.2025 15:35:07	3,32	3,79	30,19	27,96	1457,96
789	02.08.2025 15:35:08	3,36	3,80	30,19	27,99	1458,11
790	02.08.2025 15:35:09	3,36	3,80	30,16	27,96	1458,07
791	02.08.2025 15:35:10	3,36	3,80	30,12	27,93	1458,03
792	02.08.2025 15:35:11	3,36	3,81	30,16	27,96	1458,08
793	02.08.2025 15:35:12	3,36	3,80	30,09	27,91	1457,99
794	02.08.2025 15:35:13	3,32	3,79	30,13	27,91	1457,87
795	02.08.2025 15:35:14	3,32	3,81	30,16	27,93	1457,92
796	02.08.2025 15:35:15	3,32	3,79	30,16	27,93	1457,92
797	02.08.2025 15:35:16	3,32	3,81	30,16	27,93	1457,92
798	02.08.2025 15:35:17	3,36	3,80	30,16	27,96	1458,07
799	02.08.2025 15:35:18	3,36	3,80	30,12	27,93	1458,03
800	02.08.2025 15:35:19	3,32	3,79	30,13	27,91	1457,87
801	02.08.2025 15:35:20	3,32	3,79	30,13	27,91	1457,87
802	02.08.2025 15:35:21	3,32	3,79	30,19	27,96	1457,96
803	02.08.2025 15:35:22	3,32	3,79	30,22	27,99	1458,00
804	02.08.2025 15:35:23	3,36	3,80	30,19	27,99	1458,11
805	02.08.2025 15:35:24	3,36	3,78	30,22	28,01	1458,15
806	02.08.2025 15:35:25	3,39	3,78	30,22	28,04	1458,31
807	02.08.2025 15:35:26	3,39	3,78	30,25	28,07	1458,35
808	02.08.2025 15:35:27	3,39	3,78	30,25	28,07	1458,35
809	02.08.2025 15:35:28	3,43	3,76	30,22	28,07	1458,46
810	02.08.2025 15:35:29	3,43	3,76	30,22	28,07	1458,46
811	02.08.2025 15:35:30	3,43	3,76	30,22	28,07	1458,46
812	02.08.2025 15:35:31	3,47	3,77	30,18	28,07	1458,58
813	02.08.2025 15:35:32	3,47	3,77	30,21	28,10	1458,62
814	02.08.2025 15:35:33	3,47	3,77	30,21	28,10	1458,62
815	02.08.2025 15:35:34	3,47	3,75	30,21	28,10	1458,62
816	02.08.2025 15:35:35	3,47	3,77	30,25	28,12	1458,66
817	02.08.2025 15:35:36	3,50	3,77	30,21	28,12	1458,78
818	02.08.2025 15:35:37	3,50	3,77	30,21	28,12	1458,78
819	02.08.2025 15:35:38	3,50	3,77	30,21	28,12	1458,78
820	02.08.2025 15:35:39	3,50	3,75	30,21	28,12	1458,77
821	02.08.2025 15:35:40	3,54	3,77	30,18	28,13	1458,89
822	02.08.2025 15:35:41	3,54	3,77	30,18	28,13	1458,89
823	02.08.2025 15:35:42	3,54	3,75	30,18	28,13	1458,89
824	02.08.2025 15:35:43	3,54	3,77	30,18	28,13	1458,89
825	02.08.2025 15:35:44	3,54	3,77	30,15	28,10	1458,85
826	02.08.2025 15:35:45	3,54	3,77	30,18	28,13	1458,89
827	02.08.2025 15:35:46	3,54	3,77	30,18	28,13	1458,89
828	02.08.2025 15:35:47	3,54	3,77	30,18	28,13	1458,89
829	02.08.2025 15:35:48	3,54	3,77	30,18	28,13	1458,89
830	02.08.2025 15:35:49	3,54	3,77	30,18	28,13	1458,89
831	02.08.2025 15:35:50	3,54	3,77	30,18	28,13	1458,89
832	02.08.2025 15:35:51	3,54	3,77	30,18	28,13	1458,89
833	02.08.2025 15:35:52	3,58	3,75	30,08	28,07	1458,92
834	02.08.2025 15:35:53	3,54	3,75	29,96	27,94	1458,60
835	02.08.2025 15:35:54	3,50	3,77	29,99	27,94	1458,49
836	02.08.2025 15:35:55	3,47	3,80	30,02	27,94	1458,38
837	02.08.2025 15:35:56	3,47	3,80	30,02	27,94	1458,38
838	02.08.2025 15:35:57	3,43	3,80	30,06	27,94	1458,26
839	02.08.2025 15:35:58	3,43	3,80	30,09	27,96	1458,30
840	02.08.2025 15:35:59	3,43	3,78	30,18	28,04	1458,43
841	02.08.2025 15:36:00	3,47	3,78	30,25	28,12	1458,67
842	02.08.2025 15:36:01	3,50	3,77	30,24	28,15	1458,82
843	02.08.2025 15:36:02	3,54	3,75	30,27	28,21	1459,01
844	02.08.2025 15:36:03	3,58	3,74	30,27	28,23	1459,17
845	02.08.2025 15:36:04	3,62	3,72	30,24	28,23	1459,28
846	02.08.2025 15:36:05	3,62	3,70	30,24	28,23	1459,28
847	02.08.2025 15:36:06	3,65	3,69	30,24	28,26	1459,43
848	02.08.2025 15:36:07	3,65	3,67	30,24	28,26	1459,43
849	02.08.2025 15:36:08	3,69	3,62	30,24	28,29	1459,57
850	02.08.2025 15:36:09	3,69	3,62	30,27	28,32	1459,61
851	02.08.2025 15:36:10	3,73	3,59	30,24	28,32	1459,72
852	02.08.2025 15:36:11	3,73	3,57	30,27	28,34	1459,76
853	02.08.2025 15:36:12	3,73	3,52	30,27	28,34	1459,75
854	02.08.2025 15:36:13	3,76	3,50	30,23	28,34	1459,86
855	02.08.2025 15:36:14	3,76	3,45	30,27	28,37	1459,90
856	02.08.2025 15:36:15	3,80	3,42	30,30	28,43	1460,08
857	02.08.2025 15:36:16	3,80	3,38	30,20	28,35	1459,96
858	02.08.2025 15:36:17	3,84	3,35	30,26	28,43	1460,19
859	02.08.2025 15:36:18	3,84	3,33	30,26	28,43	1460,18
860	02.08.2025 15:36:19	3,87	3,28	30,26	28,45	1460,33
861	02.08.2025 15:36:20	3,91	3,25	30,29	28,51	1460,52
862	02.08.2025 15:36:21	3,95	3,19	30,29	28,54	1460,66
863	02.08.2025 15:36:22	3,98	3,18	30,29	28,56	1460,81
864	02.08.2025 15:36:23	4,02	3,13	30,26	28,56	1460,92
865	02.08.2025 15:36:24	4,06	3,10	30,23	28,57	1461,02
866	02.08.2025 15:36:25	4,09	3,06	30,57	28,89	1461,62
867	02.08.2025 15:36:26	4,16	3,03	30,69	29,05	1462,08
868	02.08.2025 15:36:27	4,24	2,96	30,72	29,13	1462,41
869	02.08.2025 15:36:28	4,31	2,99	30,62	29,11	1462,59
870	02.08.2025 15:36:29	4,38	2,97	30,86	29,38	1463,21
871	02.08.2025 15:36:30	4,53	2,91	30,67	29,33	1463,55
872	02.08.2025 15:36:31	4,60	2,90	30,85	29,54	1464,09
873	02.08.2025 15:36:32	4,71	2,88	31,10	29,84	1464,85
874	02.08.2025 15:36:33	4,85	2,86	31,09	29,95	1465,42
875	02.08.2025 15:36:34	4,99	2,84	31,05	30,03	1465,97
876	02.08.2025 15:36:35	5,10	2,80	30,98	30,06	1466,31
877	02.08.2025 15:36:36	5,21	2,79	30,92	30,09	1466,67
878	02.08.2025 15:36:37	5,28	2,77	30,89	30,12	1466,91
879	02.08.2025 15:36:38	5,35	2,76	30,88	30,18	1467,20
880	02.08.2025 15:36:39	5,42	2,76	30,82	30,18	1467,41
881	02.08.2025 15:36:40	5,46	2,75	30,79	30,18	1467,51
882	02.08.2025 15:36:41	5,49	2,73	30,76	30,18	1467,61
883	02.08.2025 15:36:42	5,53	2,73	30,73	30,18	1467,71
884	02.08.2025 15:36:43	5,56	2,72	30,76	30,24	1467,89
885	02.08.2025 15:36:44	5,63	2,72	30,72	30,26	1468,14
886	02.08.2025 15:36:45	5,67	2,70	30,75	30,32	1468,32
887	02.08.2025 15:36:46	5,74	2,69	30,75	30,37	1468,60
888	02.08.2025 15:36:47	5,81	2,68	30,72	30,40	1468,84
889	02.08.2025 15:36:48	5,84	2,66	30,75	30,46	1469,01
890	02.08.2025 15:36:49	5,91	2,66	30,71	30,48	1469,26
891	02.08.2025 15:36:50	5,98	2,63	30,68	30,51	1469,49
892	02.08.2025 15:36:51	6,02	2,62	30,83	30,67	1469,82
893	02.08.2025 15:36:52	6,12	2,62	31,03	30,94	1470,50
894	02.08.2025 15:36:53	6,23	2,59	31,12	31,11	1471,02
895	02.08.2025 15:36:54	6,40	2,58	31,20	31,33	1471,82
896	02.08.2025 15:36:55	6,58	2,57	31,54	31,78	1472,95
897	02.08.2025 15:36:56	6,78	2,55	31,62	32,03	1473,86
898	02.08.2025 15:36:57	7,02	2,51	31,58	32,19	1474,75
899	02.08.2025 15:36:58	7,23	2,48	31,46	32,26	1475,39
900	02.08.2025 15:36:59	7,40	2,46	31,66	32,58	1476,30
901	02.08.2025 15:37:00	7,60	2,41	31,56	32,67	1476,96
902	02.08.2025 15:37:01	7,81	2,35	31,27	32,56	1477,37
903	02.08.2025 15:37:02	7,94	2,31	30,99	32,41	1477,52
904	02.08.2025 15:37:03	8,04	2,29	30,84	32,36	1477,73
905	02.08.2025 15:37:04	8,11	2,26	30,79	32,36	1477,91
906	02.08.2025 15:37:05	8,21	2,28	30,92	32,58	1478,47
907	02.08.2025 15:37:06	8,38	2,26	31,06	32,85	1479,28
908	02.08.2025 15:37:07	8,58	2,23	30,86	32,83	1479,78
909	02.08.2025 15:37:08	8,75	2,17	30,37	32,49	1479,78
910	02.08.2025 15:37:09	8,88	2,12	30,03	32,27	1479,85
911	02.08.2025 15:37:10	8,95	2,09	29,82	32,12	1479,83
912	02.08.2025 15:37:11	8,98	2,06	29,57	31,90	1479,64
913	02.08.2025 15:37:12	9,01	2,08	29,68	32,04	1479,90
914	02.08.2025 15:37:13	9,11	2,05	29,76	32,20	1480,37
915	02.08.2025 15:37:14	9,28	2,05	30,04	32,61	1481,34
916	02.08.2025 15:37:15	9,51	2,12	30,75	33,49	1483,08
917	02.08.2025 15:37:16	9,93	2,14	31,21	34,31	1485,21
918	02.08.2025 15:37:17	10,48	2,08	31,28	34,85	1487,29
919	02.08.2025 15:37:18	11,06	2,00	31,12	35,19	1489,15
920	02.08.2025 15:37:19	11,54	1,88	30,94	35,42	1490,60
921	02.08.2025 15:37:20	11,92	1,79	30,76	35,56	1491,70
922	02.08.2025 15:37:21	12,27	1,76	30,59	35,68	1492,68
923	02.08.2025 15:37:22	12,52	1,70	30,44	35,74	1493,36
924	02.08.2025 15:37:23	12,78	1,66	30,32	35,82	1494,06
925	02.08.2025 15:37:24	12,96	1,63	30,23	35,88	1494,58
926	02.08.2025 15:37:25	13,15	1,61	30,18	35,99	1495,15
927	02.08.2025 15:37:26	13,34	1,58	30,24	36,22	1495,85
928	02.08.2025 15:37:27	13,59	1,58	30,24	36,43	1496,68
929	02.08.2025 15:37:28	13,83	1,52	30,13	36,52	1497,36
930	02.08.2025 15:37:29	14,05	1,49	30,04	36,61	1497,96
931	02.08.2025 15:37:30	14,27	1,43	29,95	36,69	1498,55
932	02.08.2025 15:37:31	14,42	1,42	29,88	36,75	1498,97
933	02.08.2025 15:37:32	14,60	1,40	29,75	36,76	1499,41
934	02.08.2025 15:37:33	14,76	1,39	29,65	36,78	1499,79
935	02.08.2025 15:37:34	14,88	1,36	29,57	36,79	1500,08
936	02.08.2025 15:37:35	15,00	1,34	29,43	36,74	1500,31
937	02.08.2025 15:37:36	15,09	1,30	29,34	36,71	1500,49
938	02.08.2025 15:37:37	15,22	1,30	29,25	36,72	1500,77
939	02.08.2025 15:37:38	15,31	1,29	29,18	36,72	1500,99
940	02.08.2025 15:37:39	15,40	1,29	29,12	36,72	1501,20
941	02.08.2025 15:37:40	15,49	1,26	29,05	36,72	1501,41
942	02.08.2025 15:37:41	15,58	1,27	28,99	36,73	1501,62
943	02.08.2025 15:37:42	15,64	1,25	28,94	36,73	1501,76
944	02.08.2025 15:37:43	15,73	1,26	28,88	36,73	1501,97
945	02.08.2025 15:37:44	15,82	1,24	28,84	36,76	1502,21
946	02.08.2025 15:37:45	15,88	1,25	28,80	36,76	1502,35
947	02.08.2025 15:37:46	15,98	1,22	28,73	36,76	1502,56
948	02.08.2025 15:37:47	16,07	1,22	28,67	36,76	1502,77
949	02.08.2025 15:37:48	16,13	1,21	28,63	36,77	1502,91
950	02.08.2025 15:37:49	16,22	1,21	28,59	36,79	1503,14
951	02.08.2025 15:37:50	16,28	1,19	28,54	36,80	1503,28
952	02.08.2025 15:37:51	16,34	1,18	28,50	36,80	1503,42
953	02.08.2025 15:37:52	16,34	1,18	28,53	36,82	1503,44
954	02.08.2025 15:37:53	16,43	1,18	28,46	36,83	1503,65
955	02.08.2025 15:37:54	16,49	1,17	28,44	36,85	1503,82
956	02.08.2025 15:37:55	16,55	1,17	28,40	36,86	1503,95
957	02.08.2025 15:37:56	16,61	1,16	28,36	36,86	1504,09
958	02.08.2025 15:37:57	16,67	1,14	28,34	36,89	1504,25
959	02.08.2025 15:37:58	16,73	1,15	28,30	36,89	1504,39
960	02.08.2025 15:37:59	16,79	1,15	28,26	36,89	1504,53
961	02.08.2025 15:38:00	16,82	1,15	28,24	36,89	1504,60
962	02.08.2025 15:38:01	16,88	1,15	28,18	36,86	1504,71
963	02.08.2025 15:38:02	16,94	1,14	28,14	36,87	1504,84
964	02.08.2025 15:38:03	16,97	1,14	28,12	36,87	1504,91
965	02.08.2025 15:38:04	17,03	1,14	28,10	36,89	1505,08
966	02.08.2025 15:38:05	17,09	1,15	28,03	36,87	1505,19
967	02.08.2025 15:38:06	17,12	1,09	28,01	36,87	1505,25
968	02.08.2025 15:38:07	17,18	1,08	27,95	36,84	1505,35
969	02.08.2025 15:38:08	17,21	1,06	27,95	36,87	1505,44
970	02.08.2025 15:38:09	17,24	1,07	27,91	36,85	1505,49
971	02.08.2025 15:38:10	17,30	1,03	27,87	36,85	1505,62
972	02.08.2025 15:38:11	17,33	1,02	27,85	36,85	1505,68
973	02.08.2025 15:38:12	17,36	1,02	27,83	36,85	1505,75
974	02.08.2025 15:38:13	17,39	1,00	27,81	36,85	1505,82
975	02.08.2025 15:38:14	17,42	0,99	27,79	36,85	1505,88
976	02.08.2025 15:38:15	17,48	0,99	27,75	36,85	1506,02
977	02.08.2025 15:38:16	17,51	0,97	27,73	36,85	1506,08
978	02.08.2025 15:38:17	17,54	0,96	27,71	36,85	1506,15
979	02.08.2025 15:38:18	17,57	0,96	27,69	36,85	1506,21
980	02.08.2025 15:38:19	17,60	0,96	27,69	36,88	1506,31
981	02.08.2025 15:38:20	17,63	0,94	27,70	36,91	1506,40
982	02.08.2025 15:38:21	17,66	0,93	27,66	36,88	1506,44
983	02.08.2025 15:38:22	17,69	0,95	27,66	36,91	1506,53
984	02.08.2025 15:38:23	17,75	0,95	27,57	36,86	1506,62
985	02.08.2025 15:38:24	17,75	0,97	27,57	36,86	1506,62
986	02.08.2025 15:38:25	17,78	0,97	27,58	36,88	1506,71
987	02.08.2025 15:38:26	17,81	0,97	27,54	36,86	1506,75
988	02.08.2025 15:38:27	17,81	0,95	27,56	36,89	1506,78
989	02.08.2025 15:38:28	17,84	0,95	27,54	36,89	1506,84
990	02.08.2025 15:38:29	17,87	0,94	27,52	36,89	1506,91
991	02.08.2025 15:38:30	17,90	0,94	27,52	36,91	1507,00
992	02.08.2025 15:38:31	17,93	0,92	27,50	36,91	1507,06
993	02.08.2025 15:38:32	17,96	0,92	27,46	36,89	1507,11
994	02.08.2025 15:38:33	17,99	0,93	27,46	36,92	1507,20
995	02.08.2025 15:38:34	18,02	0,93	27,47	36,94	1507,29
996	02.08.2025 15:38:35	18,05	0,91	27,45	36,94	1507,36
997	02.08.2025 15:38:36	18,08	0,91	27,43	36,94	1507,42
998	02.08.2025 15:38:37	18,08	0,90	27,40	36,92	1507,39
999	02.08.2025 15:38:38	18,11	0,90	27,39	36,92	1507,46
1000	02.08.2025 15:38:39	18,14	0,88	27,37	36,92	1507,52
1001	02.08.2025 15:38:40	18,14	0,88	27,37	36,92	1507,52
1002	02.08.2025 15:38:41	18,17	0,85	27,33	36,89	1507,56
1003	02.08.2025 15:38:42	18,17	0,85	27,33	36,89	1507,56
1004	02.08.2025 15:38:43	18,20	0,85	27,31	36,89	1507,63
1005	02.08.2025 15:38:44	18,20	0,85	27,28	36,87	1507,60
1006	02.08.2025 15:38:45	18,22	0,81	27,26	36,87	1507,66
1007	02.08.2025 15:38:46	18,22	0,80	27,26	36,87	1507,66
1008	02.08.2025 15:38:47	18,25	0,80	27,22	36,84	1507,70
1009	02.08.2025 15:38:48	18,25	0,78	27,22	36,84	1507,70
1010	02.08.2025 15:38:49	18,25	0,75	27,22	36,84	1507,69
1011	02.08.2025 15:38:50	18,28	0,75	27,20	36,84	1507,76
1012	02.08.2025 15:38:51	18,28	0,73	27,20	36,84	1507,76
1013	02.08.2025 15:38:52	18,31	0,73	27,19	36,84	1507,82
1014	02.08.2025 15:38:53	18,31	0,71	27,21	36,87	1507,85
1015	02.08.2025 15:38:54	18,34	0,71	27,19	36,87	1507,91
1016	02.08.2025 15:38:55	18,34	0,68	27,23	36,92	1507,96
1017	02.08.2025 15:38:56	18,37	0,72	27,45	37,22	1508,31
1018	02.08.2025 15:38:57	18,46	0,65	27,16	36,93	1508,22
1019	02.08.2025 15:38:58	18,46	0,62	27,11	36,87	1508,16
1020	02.08.2025 15:38:59	18,46	0,63	27,11	36,87	1508,16
1021	02.08.2025 15:39:00	18,43	0,61	27,13	36,87	1508,09
1022	02.08.2025 15:39:01	18,46	0,60	27,18	36,95	1508,23
1023	02.08.2025 15:39:02	18,49	0,65	27,18	36,98	1508,33
1024	02.08.2025 15:39:03	18,52	0,57	27,18	37,01	1508,41
1025	02.08.2025 15:39:04	18,55	0,53	27,12	36,96	1508,42
1026	02.08.2025 15:39:05	18,55	0,53	27,12	36,96	1508,42
1027	02.08.2025 15:39:06	18,55	0,51	27,10	36,93	1508,39
1028	02.08.2025 15:39:07	18,55	0,50	27,12	36,96	1508,41
1029	02.08.2025 15:39:08	18,55	0,48	27,14	36,98	1508,44
1030	02.08.2025 15:39:09	18,58	0,50	27,17	37,04	1508,56
1031	02.08.2025 15:39:10	18,61	0,46	27,19	37,09	1508,67
1032	02.08.2025 15:39:11	18,64	0,44	27,35	37,31	1508,93
1033	02.08.2025 15:39:12	18,73	0,46	27,40	37,44	1509,25
1034	02.08.2025 15:39:13	18,79	0,41	27,17	37,20	1509,15
1035	02.08.2025 15:39:14	18,82	0,37	27,17	37,23	1509,23
1036	02.08.2025 15:39:15	18,82	0,37	27,15	37,20	1509,21
1037	02.08.2025 15:39:16	18,85	0,37	27,19	37,28	1509,35
1038	02.08.2025 15:39:17	18,88	0,34	27,24	37,36	1509,48
1039	02.08.2025 15:39:18	18,91	0,30	27,16	37,28	1509,47
1040	02.08.2025 15:39:19	18,94	0,30	27,07	37,20	1509,46
1041	02.08.2025 15:39:20	18,91	0,34	27,29	37,45	1509,62
1042	02.08.2025 15:39:21	18,97	0,29	27,27	37,47	1509,77
1043	02.08.2025 15:39:22	19,03	0,29	27,28	37,53	1509,95
1044	02.08.2025 15:39:23	19,06	0,18	27,08	37,31	1509,80
1045	02.08.2025 15:39:24	19,03	0,22	27,17	37,39	1509,81
1046	02.08.2025 15:39:25	19,06	0,22	27,30	37,58	1510,05
1047	02.08.2025 15:39:26	19,11	0,23	27,31	37,64	1510,23
1048	02.08.2025 15:39:27	19,17	0,18	27,10	37,42	1510,15
1049	02.08.2025 15:39:28	19,17	0,15	27,18	37,53	1510,25
1050	02.08.2025 15:39:29	19,17	0,15	27,18	37,53	1510,25
1051	02.08.2025 15:39:30	19,20	0,15	27,38	37,80	1510,56
1052	02.08.2025 15:39:31	19,26	0,13	27,32	37,77	1510,66
1053	02.08.2025 15:39:32	19,32	0,11	27,24	37,72	1510,73
1054	02.08.2025 15:39:33	19,38	0,08	27,24	37,78	1510,90
1055	02.08.2025 15:39:34	19,41	0,08	27,23	37,78	1510,97
1056	02.08.2025 15:39:35	19,44	0,08	27,46	38,10	1511,32
1057	02.08.2025 15:39:36	19,50	0,06	27,21	37,83	1511,20
1058	02.08.2025 15:39:37	19,53	0,00	27,05	37,65	1511,09
1059	02.08.2025 15:39:38	19,50	0,02	27,13	37,73	1511,10
1060	02.08.2025 15:39:39	19,50	-0,01	27,11	37,70	1511,07
1061	02.08.2025 15:39:40	19,50	0,00	27,24	37,86	1511,22
1062	02.08.2025 15:39:41	19,53	-0,01	27,26	37,91	1511,33
1063	02.08.2025 15:39:42	19,56	-0,03	27,07	37,70	1511,20
1064	02.08.2025 15:39:43	19,53	-0,01	27,11	37,73	1511,16
1065	02.08.2025 15:39:44	19,53	-0,01	27,13	37,75	1511,18
1066	02.08.2025 15:39:45	19,56	0,00	27,13	37,78	1511,27
1067	02.08.2025 15:39:46	19,56	-0,01	27,07	37,70	1511,20
1068	02.08.2025 15:39:47	19,56	-0,01	27,11	37,75	1511,25
1069	02.08.2025 15:39:48	19,59	0,00	27,16	37,84	1511,39
1070	02.08.2025 15:39:49	19,62	0,00	27,20	37,92	1511,52
1071	02.08.2025 15:39:50	19,65	0,02	27,23	37,97	1511,64
1072	02.08.2025 15:39:51	19,68	0,00	27,14	37,89	1511,63
1073	02.08.2025 15:39:52	19,73	-0,01	27,19	38,00	1511,85
1074	02.08.2025 15:39:53	19,73	-0,01	27,17	37,97	1511,82
1075	02.08.2025 15:39:54	19,76	-0,01	27,05	37,84	1511,76
1076	02.08.2025 15:39:55	19,76	-0,03	27,03	37,81	1511,74
1077	02.08.2025 15:39:56	19,73	-0,01	27,07	37,84	1511,70
1078	02.08.2025 15:39:57	19,73	-0,08	26,92	37,65	1511,52
1079	02.08.2025 15:39:58	19,68	-0,01	26,97	37,68	1511,43
1080	02.08.2025 15:39:59	19,68	0,00	27,02	37,73	1511,48
1081	02.08.2025 15:40:00	19,68	-0,01	27,02	37,73	1511,48
1082	02.08.2025 15:40:01	19,68	-0,01	27,00	37,70	1511,45
1083	02.08.2025 15:40:02	19,68	0,02	27,08	37,81	1511,56
1084	02.08.2025 15:40:03	19,71	0,02	26,91	37,62	1511,45
1085	02.08.2025 15:40:04	19,71	-0,03	26,96	37,68	1511,49
1086	02.08.2025 15:40:05	19,71	-0,01	27,02	37,76	1511,56
1087	02.08.2025 15:40:06	19,71	-0,01	27,00	37,73	1511,54
1088	02.08.2025 15:40:07	19,71	-0,01	26,89	37,60	1511,42
1089	02.08.2025 15:40:08	19,71	-0,05	27,00	37,73	1511,53
1090	02.08.2025 15:40:09	19,71	0,02	27,08	37,84	1511,64
1091	02.08.2025 15:40:10	19,73	-0,01	27,11	37,89	1511,75
1092	02.08.2025 15:40:11	19,76	-0,07	26,92	37,68	1511,61
1093	02.08.2025 15:40:12	19,73	-0,01	26,96	37,70	1511,58
1094	02.08.2025 15:40:13	19,73	-0,03	26,98	37,73	1511,60
1095	02.08.2025 15:40:14	19,73	0,00	27,00	37,76	1511,63
1096	02.08.2025 15:40:15	19,76	-0,03	26,94	37,71	1511,64
1097	02.08.2025 15:40:16	19,76	-0,01	27,03	37,81	1511,74
1098	02.08.2025 15:40:17	19,76	0,00	27,03	37,81	1511,74
1099	02.08.2025 15:40:18	19,79	0,00	26,96	37,76	1511,76
1100	02.08.2025 15:40:19	19,79	-0,03	26,94	37,73	1511,73
1101	02.08.2025 15:40:20	19,79	-0,01	26,96	37,76	1511,75
1102	02.08.2025 15:40:21	19,79	-0,03	26,88	37,65	1511,66
1103	02.08.2025 15:40:22	19,79	-0,03	26,92	37,71	1511,70
1104	02.08.2025 15:40:23	19,76	-0,03	26,96	37,73	1511,66
1105	02.08.2025 15:40:24	19,79	-0,01	26,92	37,71	1511,71
1106	02.08.2025 15:40:25	19,79	-0,01	27,01	37,81	1511,80
1107	02.08.2025 15:40:26	19,79	-0,03	26,86	37,63	1511,63
1108	02.08.2025 15:40:27	19,79	-0,03	26,94	37,73	1511,73
1109	02.08.2025 15:40:28	19,79	-0,03	26,86	37,63	1511,63
1110	02.08.2025 15:40:29	19,79	-0,03	26,90	37,68	1511,68
1111	02.08.2025 15:40:30	19,79	-0,01	26,96	37,76	1511,75
1112	02.08.2025 15:40:31	19,82	-0,01	27,01	37,84	1511,89
1113	02.08.2025 15:40:32	19,85	0,02	27,01	37,87	1511,98
1114	02.08.2025 15:40:33	19,88	0,00	26,99	37,87	1512,04
1115	02.08.2025 15:40:34	19,88	-0,01	26,87	37,71	1511,90
1116	02.08.2025 15:40:35	19,85	0,00	26,95	37,79	1511,91
1117	02.08.2025 15:40:36	19,88	-0,01	26,97	37,84	1512,02
1118	02.08.2025 15:40:37	19,88	0,00	27,02	37,90	1512,07
1119	02.08.2025 15:40:38	19,91	-0,01	26,98	37,87	1512,10
1120	02.08.2025 15:40:39	19,91	-0,01	26,93	37,82	1512,06
1121	02.08.2025 15:40:40	19,94	0,00	26,98	37,90	1512,19
1122	02.08.2025 15:40:41	19,94	-0,01	26,98	37,90	1512,19
1123	02.08.2025 15:40:42	19,94	-0,01	27,00	37,92	1512,21
1124	02.08.2025 15:40:43	19,97	-0,01	26,96	37,90	1512,25
1125	02.08.2025 15:40:44	19,97	-0,01	26,96	37,90	1512,25
1126	02.08.2025 15:40:45	19,97	0,00	27,00	37,95	1512,30
1127	02.08.2025 15:40:46	19,97	0,00	27,00	37,95	1512,30
1128	02.08.2025 15:40:47	20,00	-0,01	27,01	37,98	1512,39
1129	02.08.2025 15:40:48	20,03	-0,03	26,99	37,98	1512,45
1130	02.08.2025 15:40:49	20,03	-0,03	26,90	37,87	1512,35
1131	02.08.2025 15:40:50	20,03	-0,05	20,60	29,75	1505,20
1132	02.08.2025 15:40:51	20,03	-0,05	21,24	30,59	1505,93
1133	02.08.2025 15:40:52	20,03	-0,05	20,77	29,97	1505,39
1134	02.08.2025 15:40:53	20,03	-0,05	3,81	6,26	1486,15
1135	02.08.2025 15:40:54	20,03	-0,03	4,70	7,62	1487,16
1136	02.08.2025 15:40:55	20,03	-0,05	3,62	5,97	1485,93
1137	02.08.2025 15:40:56	20,00	-0,03	4,59	7,45	1486,94
1138	02.08.2025 15:40:57	20,00	-0,03	3,93	6,44	1486,19
1139	02.08.2025 15:40:58	20,00	-0,05	4,55	7,39	1486,90
1140	02.08.2025 15:40:59	20,00	-0,01	3,01	5,02	1485,16
1141	02.08.2025 15:41:00	19,97	-0,03	1,60	2,77	1483,46
1142	02.08.2025 15:41:01	19,97	-0,03	4,48	7,27	1486,73
1143	02.08.2025 15:41:02	19,97	-0,03	4,57	7,42	1486,83
1144	02.08.2025 15:41:03	19,97	-0,03	4,14	6,75	1486,34
1145	02.08.2025 15:41:04	19,97	-0,03	3,00	4,99	1485,04
1146	02.08.2025 15:41:05	19,97	-0,03	3,07	5,11	1485,13
1147	02.08.2025 15:41:06	19,97	-0,03	3,13	5,20	1485,19
1148	02.08.2025 15:41:07	19,97	-0,03	3,20	5,31	1485,27
1149	02.08.2025 15:41:08	19,97	-0,03	3,24	5,37	1485,32
1150	02.08.2025 15:41:09	19,97	-0,03	3,27	5,43	1485,36
1151	02.08.2025 15:41:10	19,97	-0,03	3,29	5,45	1485,38
1152	02.08.2025 15:41:11	19,97	-0,03	3,31	5,48	1485,40
1153	02.08.2025 15:41:12	19,97	-0,05	3,24	5,37	1485,31
1154	02.08.2025 15:41:13	19,97	-0,05	3,16	5,25	1485,23
1155	02.08.2025 15:41:14	19,97	-0,03	3,14	5,22	1485,21
1156	02.08.2025 15:41:15	19,94	-0,03	3,11	5,17	1485,08
1157	02.08.2025 15:41:16	19,94	-0,03	3,07	5,11	1485,04
1158	02.08.2025 15:41:17	19,94	-0,05	3,02	5,02	1484,97
1159	02.08.2025 15:41:18	19,94	-0,05	3,02	5,02	1484,97
1160	02.08.2025 15:41:19	19,94	-0,05	3,02	5,02	1484,97
1161	02.08.2025 15:41:20	19,94	-0,01	3,00	4,99	1484,96
1162	02.08.2025 15:41:21	19,94	-0,03	2,98	4,97	1484,93
1163	02.08.2025 15:41:22	19,94	-0,03	2,96	4,94	1484,91
1164	02.08.2025 15:41:23	19,94	-0,03	2,94	4,91	1484,89
1165	02.08.2025 15:41:24	19,94	-0,03	2,91	4,85	1484,85
1166	02.08.2025 15:41:25	19,94	-0,03	2,93	4,88	1484,87
1167	02.08.2025 15:41:26	19,94	-0,03	2,89	4,82	1484,83
1168	02.08.2025 15:41:27	19,94	-0,03	2,91	4,85	1484,85
1169	02.08.2025 15:41:28	19,91	-0,03	2,91	4,85	1484,76
1170	02.08.2025 15:41:29	19,91	-0,03	2,96	4,94	1484,82
1171	02.08.2025 15:41:30	19,91	-0,03	3,02	5,02	1484,89
1172	02.08.2025 15:41:31	19,91	-0,03	3,06	5,08	1484,93
1173	02.08.2025 15:41:32	19,91	-0,03	3,19	5,28	1485,08
1174	02.08.2025 15:41:33	19,91	-0,05	3,15	5,22	1485,03
1175	02.08.2025 15:41:34	19,91	-0,03	3,22	5,34	1485,12
1176	02.08.2025 15:41:35	19,91	-0,03	3,26	5,40	1485,16
1177	02.08.2025 15:41:36	19,91	-0,03	3,32	5,48	1485,22
1178	02.08.2025 15:41:37	19,91	-0,03	3,39	5,60	1485,31
1179	02.08.2025 15:41:38	19,91	-0,03	3,43	5,66	1485,35
1180	02.08.2025 15:41:39	19,91	-0,03	3,43	5,66	1485,35
1181	02.08.2025 15:41:40	19,91	-0,03	3,46	5,71	1485,39
1182	02.08.2025 15:41:41	19,91	-0,03	3,43	5,66	1485,35
1183	02.08.2025 15:41:42	19,91	-0,03	3,43	5,66	1485,35
1184	02.08.2025 15:41:43	19,91	-0,03	3,43	5,66	1485,35
1185	02.08.2025 15:41:44	19,88	-0,05	3,39	5,60	1485,22
1186	02.08.2025 15:41:45	19,88	-0,05	3,37	5,57	1485,20
1187	02.08.2025 15:41:46	19,88	-0,03	3,41	5,63	1485,24
1188	02.08.2025 15:41:47	19,88	-0,05	3,37	5,57	1485,20
1189	02.08.2025 15:41:48	19,88	-0,03	3,39	5,60	1485,22
1190	02.08.2025 15:41:49	19,88	-0,03	3,37	5,57	1485,20
1191	02.08.2025 15:41:50	19,88	-0,03	3,35	5,54	1485,18
1192	02.08.2025 15:41:51	19,88	-0,03	3,37	5,57	1485,20
1193	02.08.2025 15:41:52	19,88	-0,03	3,37	5,57	1485,20
1194	02.08.2025 15:41:53	19,88	-0,03	3,34	5,51	1485,16
1195	02.08.2025 15:41:54	19,88	-0,03	3,34	5,51	1485,16
1196	02.08.2025 15:41:55	19,88	-0,03	3,32	5,48	1485,14
1197	02.08.2025 15:41:56	19,88	-0,03	3,32	5,48	1485,14
1198	02.08.2025 15:41:57	19,88	-0,03	3,34	5,51	1485,16
1199	02.08.2025 15:41:58	19,88	-0,03	3,34	5,51	1485,16
1200	02.08.2025 15:41:59	19,88	-0,03	3,32	5,48	1485,14
1201	02.08.2025 15:42:00	19,88	-0,03	3,32	5,48	1485,14
1202	02.08.2025 15:42:01	19,88	-0,03	3,30	5,45	1485,11
1203	02.08.2025 15:42:02	19,88	-0,03	3,30	5,45	1485,11
1204	02.08.2025 15:42:03	19,85	-0,03	3,32	5,48	1485,05
1205	02.08.2025 15:42:04	19,85	-0,03	3,30	5,45	1485,03
1206	02.08.2025 15:42:05	19,85	-0,03	3,28	5,43	1485,00
1207	02.08.2025 15:42:06	19,85	-0,03	3,30	5,45	1485,03
1208	02.08.2025 15:42:07	19,85	-0,01	3,28	5,43	1485,01
1209	02.08.2025 15:42:08	19,85	-0,03	3,28	5,43	1485,00
1210	02.08.2025 15:42:09	19,85	-0,03	3,28	5,43	1485,00
1211	02.08.2025 15:42:10	19,85	-0,03	3,32	5,48	1485,05
1212	02.08.2025 15:42:11	19,85	-0,03	3,28	5,43	1485,00
1213	02.08.2025 15:42:12	19,85	-0,03	3,32	5,48	1485,05
1214	02.08.2025 15:42:13	19,85	-0,03	3,26	5,40	1484,98
1215	02.08.2025 15:42:14	19,85	-0,03	3,26	5,40	1484,98
1216	02.08.2025 15:42:15	19,85	-0,03	3,30	5,45	1485,03
1217	02.08.2025 15:42:16	19,85	-0,03	3,25	5,37	1484,96
1218	02.08.2025 15:42:17	19,85	-0,05	3,30	5,45	1485,02
1219	02.08.2025 15:42:18	19,85	-0,03	3,28	5,43	1485,00
1220	02.08.2025 15:42:19	19,85	-0,03	3,23	5,34	1484,94
1221	02.08.2025 15:42:20	19,85	-0,03	3,28	5,43	1485,00
1222	02.08.2025 15:42:21	19,85	-0,03	3,30	5,45	1485,03
1223	02.08.2025 15:42:22	19,85	-0,03	3,25	5,37	1484,96
1224	02.08.2025 15:42:23	19,82	-0,05	3,25	5,37	1484,87
1225	02.08.2025 15:42:24	19,85	-0,03	3,25	5,37	1484,96
1226	02.08.2025 15:42:25	19,82	-0,05	3,25	5,37	1484,87
1227	02.08.2025 15:42:26	19,82	-0,05	3,25	5,37	1484,87
1228	02.08.2025 15:42:27	19,82	-0,05	3,23	5,34	1484,85
1229	02.08.2025 15:42:28	19,82	-0,05	3,27	5,40	1484,89
1230	02.08.2025 15:42:29	19,82	-0,05	3,23	5,34	1484,85
1231	02.08.2025 15:42:30	19,82	-0,05	3,23	5,34	1484,85
1232	02.08.2025 15:42:31	19,82	-0,05	3,25	5,37	1484,87
1233	02.08.2025 15:42:32	19,82	-0,05	3,25	5,37	1484,87
1234	02.08.2025 15:42:33	19,82	-0,05	3,27	5,40	1484,89
1235	02.08.2025 15:42:34	19,82	-0,05	3,21	5,31	1484,83
1236	02.08.2025 15:42:35	19,82	-0,03	3,21	5,31	1484,83
1237	02.08.2025 15:42:36	19,82	-0,03	3,21	5,31	1484,83
1238	02.08.2025 15:42:37	19,82	-0,05	3,25	5,37	1484,87
1239	02.08.2025 15:42:38	19,82	-0,05	3,27	5,40	1484,89
1240	02.08.2025 15:42:39	19,82	-0,05	3,23	5,34	1484,85
1241	02.08.2025 15:42:40	19,82	-0,05	3,21	5,31	1484,83
1242	02.08.2025 15:42:41	19,82	-0,05	3,23	5,34	1484,85
1243	02.08.2025 15:42:42	19,82	-0,03	3,27	5,40	1484,89
1244	02.08.2025 15:42:43	19,82	-0,05	3,25	5,37	1484,87
1245	02.08.2025 15:42:44	19,82	-0,05	3,21	5,31	1484,83
1246	02.08.2025 15:42:45	19,79	-0,03	3,23	5,34	1484,76
1247	02.08.2025 15:42:46	19,79	-0,05	3,25	5,37	1484,78
1248	02.08.2025 15:42:47	19,79	-0,03	3,25	5,37	1484,78
1249	02.08.2025 15:42:48	19,79	-0,05	3,23	5,34	1484,76
1250	02.08.2025 15:42:49	19,79	-0,05	3,21	5,31	1484,74
1251	02.08.2025 15:42:50	19,79	-0,05	3,23	5,34	1484,76
1252	02.08.2025 15:42:51	19,79	-0,07	3,23	5,34	1484,76
1253	02.08.2025 15:42:52	19,79	-0,05	3,25	5,37	1484,78
1254	02.08.2025 15:42:53	19,79	-0,05	3,23	5,34	1484,76
1255	02.08.2025 15:42:54	19,79	-0,03	3,21	5,31	1484,74
1256	02.08.2025 15:42:55	19,79	-0,03	3,23	5,34	1484,76
1257	02.08.2025 15:42:56	19,79	-0,05	3,25	5,37	1484,78
1258	02.08.2025 15:42:57	19,79	-0,03	3,19	5,28	1484,72
1259	02.08.2025 15:42:58	19,79	-0,05	3,21	5,31	1484,74
1260	02.08.2025 15:42:59	19,79	-0,07	3,27	5,40	1484,80
1261	02.08.2025 15:43:00	19,79	-0,05	3,25	5,37	1484,78
1262	02.08.2025 15:43:01	19,79	-0,05	3,25	5,37	1484,78
1263	02.08.2025 15:43:02	19,79	-0,03	3,23	5,34	1484,76
1264	02.08.2025 15:43:03	19,79	-0,05	3,25	5,37	1484,78
1265	02.08.2025 15:43:04	19,79	-0,05	3,23	5,34	1484,76
1266	02.08.2025 15:43:05	19,79	-0,05	3,27	5,40	1484,80
1267	02.08.2025 15:43:06	19,76	-0,03	3,23	5,34	1484,67
1268	02.08.2025 15:43:07	19,76	-0,05	3,21	5,31	1484,65
1269	02.08.2025 15:43:08	19,76	-0,05	3,25	5,37	1484,69
1270	02.08.2025 15:43:09	19,76	-0,05	3,27	5,40	1484,71
1271	02.08.2025 15:43:10	19,76	-0,05	3,23	5,34	1484,67
1272	02.08.2025 15:43:11	19,76	-0,05	3,21	5,31	1484,65
1273	02.08.2025 15:43:12	19,76	-0,03	3,23	5,34	1484,67
1274	02.08.2025 15:43:13	19,76	-0,03	3,25	5,37	1484,70
1275	02.08.2025 15:43:14	19,76	-0,05	3,23	5,34	1484,67
1276	02.08.2025 15:43:15	19,76	-0,05	3,25	5,37	1484,69
1277	02.08.2025 15:43:16	19,76	-0,05	3,25	5,37	1484,69
1278	02.08.2025 15:43:17	19,76	-0,05	3,23	5,34	1484,67
1279	02.08.2025 15:43:18	19,76	-0,03	3,21	5,31	1484,65
1280	02.08.2025 15:43:19	19,76	-0,03	3,27	5,40	1484,72
1281	02.08.2025 15:43:20	19,76	-0,05	3,25	5,37	1484,69
1282	02.08.2025 15:43:21	19,76	-0,03	3,23	5,34	1484,67
1283	02.08.2025 15:43:22	19,76	-0,05	3,21	5,31	1484,65
1284	02.08.2025 15:43:23	19,76	-0,07	3,27	5,40	1484,71
1285	02.08.2025 15:43:24	19,76	-0,05	3,21	5,31	1484,65
1286	02.08.2025 15:43:25	19,76	-0,05	3,21	5,31	1484,65
1287	02.08.2025 15:43:26	19,76	-0,03	3,25	5,37	1484,70
1288	02.08.2025 15:43:27	19,73	-0,05	3,27	5,40	1484,63
1289	02.08.2025 15:43:28	19,76	-0,05	3,23	5,34	1484,67
1290	02.08.2025 15:43:29	19,76	-0,05	3,23	5,34	1484,67
1291	02.08.2025 15:43:30	19,73	-0,05	3,25	5,37	1484,60
1292	02.08.2025 15:43:31	19,73	-0,05	3,23	5,34	1484,58
1293	02.08.2025 15:43:32	19,73	-0,05	3,25	5,37	1484,60
1294	02.08.2025 15:43:33	19,73	-0,05	3,25	5,37	1484,60
1295	02.08.2025 15:43:34	19,73	-0,05	3,25	5,37	1484,60
1296	02.08.2025 15:43:35	19,73	-0,05	3,25	5,37	1484,60
1297	02.08.2025 15:43:36	19,73	-0,05	3,23	5,34	1484,58
1298	02.08.2025 15:43:37	19,73	-0,05	3,23	5,34	1484,58
1299	02.08.2025 15:43:38	19,73	-0,05	3,25	5,37	1484,60
1300	02.08.2025 15:43:39	19,73	-0,05	3,25	5,37	1484,60
1301	02.08.2025 15:43:40	19,73	-0,03	3,22	5,31	1484,56
1302	02.08.2025 15:43:41	19,73	-0,05	3,25	5,37	1484,60
1303	02.08.2025 15:43:42	19,73	-0,05	3,25	5,37	1484,60
1304	02.08.2025 15:43:43	19,73	-0,05	3,25	5,37	1484,60
1305	02.08.2025 15:43:44	19,73	-0,05	3,25	5,37	1484,60
1306	02.08.2025 15:43:45	19,73	-0,05	3,27	5,40	1484,63
1307	02.08.2025 15:43:46	19,73	-0,05	3,25	5,37	1484,60
1308	02.08.2025 15:43:47	19,73	-0,05	3,29	5,42	1484,65
1309	02.08.2025 15:43:48	19,73	-0,05	3,25	5,37	1484,60
1310	02.08.2025 15:43:49	19,73	-0,05	3,25	5,37	1484,60
1311	02.08.2025 15:43:50	19,73	-0,03	3,23	5,34	1484,59
1312	02.08.2025 15:43:51	19,73	-0,03	3,25	5,37	1484,61
1313	02.08.2025 15:43:52	19,73	-0,05	3,27	5,40	1484,63
1314	02.08.2025 15:43:53	19,73	-0,05	3,23	5,34	1484,58
1315	02.08.2025 15:43:54	19,73	-0,05	3,22	5,31	1484,56
1316	02.08.2025 15:43:55	19,73	-0,03	3,22	5,31	1484,56
1317	02.08.2025 15:43:56	19,73	-0,05	3,23	5,34	1484,58
1318	02.08.2025 15:43:57	19,73	-0,03	3,22	5,31	1484,56
1319	02.08.2025 15:43:58	19,73	-0,03	3,23	5,34	1484,59
1320	02.08.2025 15:43:59	19,73	-0,03	3,23	5,34	1484,59
1321	02.08.2025 15:44:00	19,73	-0,03	2,10	3,56	1483,30
1322	02.08.2025 15:44:01	19,71	-0,03	4,33	7,01	1485,74
1323	02.08.2025 15:44:02	19,71	-0,03	4,41	7,13	1485,83
1324	02.08.2025 15:44:03	19,71	-0,03	4,39	7,10	1485,81
1325	02.08.2025 15:44:04	19,71	-0,05	3,59	5,88	1484,90
1326	02.08.2025 15:44:05	19,71	-0,05	3,82	6,23	1485,16
1327	02.08.2025 15:44:06	19,71	-0,03	4,26	6,89	1485,66
1328	02.08.2025 15:44:07	19,71	-0,03	3,97	6,46	1485,33
1329	02.08.2025 15:44:08	19,71	-0,05	4,33	7,01	1485,74
1330	02.08.2025 15:44:09	19,71	-0,03	4,48	7,24	1485,92
1331	02.08.2025 15:44:10	19,71	-0,03	4,52	7,30	1485,96
1332	02.08.2025 15:44:11	19,71	-0,03	4,54	7,33	1485,98
1333	02.08.2025 15:44:12	19,71	-0,03	4,64	7,47	1486,09
1334	02.08.2025 15:44:13	19,68	-0,05	4,64	7,47	1486,00
1335	02.08.2025 15:44:14	19,68	-0,03	4,49	7,24	1485,83
1336	02.08.2025 15:44:15	19,68	-0,05	4,56	7,36	1485,91
1337	02.08.2025 15:44:16	19,68	-0,03	4,41	7,13	1485,74
1338	02.08.2025 15:44:17	19,68	-0,03	4,11	6,66	1485,39
1339	02.08.2025 15:44:18	19,68	-0,03	4,56	7,36	1485,92
1340	02.08.2025 15:44:19	19,68	-0,05	4,56	7,36	1485,91
1341	02.08.2025 15:44:20	19,68	-0,03	4,20	6,81	1485,50
1342	02.08.2025 15:44:21	19,68	-0,03	4,37	7,07	1485,70
1343	02.08.2025 15:44:22	19,68	-0,03	4,70	7,56	1486,07
1344	02.08.2025 15:44:23	19,68	-0,03	4,49	7,24	1485,83
1345	02.08.2025 15:44:24	19,68	-0,03	4,55	7,33	1485,89
1346	02.08.2025 15:44:25	19,68	-0,05	4,58	7,39	1485,94
1347	02.08.2025 15:44:26	19,68	-0,03	4,18	6,78	1485,48
1348	02.08.2025 15:44:27	19,68	-0,05	4,53	7,30	1485,87
1349	02.08.2025 15:44:28	19,65	-0,03	4,55	7,33	1485,81
1350	02.08.2025 15:44:29	19,68	-0,03	4,47	7,21	1485,81
1351	02.08.2025 15:44:30	19,68	-0,03	4,55	7,33	1485,89
1352	02.08.2025 15:44:31	19,65	-0,03	4,59	7,39	1485,85
1353	02.08.2025 15:44:32	19,65	-0,03	4,51	7,27	1485,76
1354	02.08.2025 15:44:33	19,65	-0,03	4,55	7,33	1485,81
1355	02.08.2025 15:44:34	19,65	-0,03	4,53	7,30	1485,78
1356	02.08.2025 15:44:35	19,65	-0,03	4,66	7,50	1485,94
1357	02.08.2025 15:44:36	19,65	-0,05	4,57	7,36	1485,83
1358	02.08.2025 15:44:37	19,65	-0,03	4,59	7,39	1485,85
1359	02.08.2025 15:44:38	19,65	-0,05	4,41	7,13	1485,65
1360	02.08.2025 15:44:39	19,65	-0,05	4,43	7,15	1485,67
1361	02.08.2025 15:44:40	19,65	-0,03	4,53	7,30	1485,78
1362	02.08.2025 15:44:41	19,65	-0,03	4,51	7,27	1485,76
1363	02.08.2025 15:44:42	19,65	-0,05	4,61	7,41	1485,87
1364	02.08.2025 15:44:43	19,65	-0,03	4,80	7,70	1486,09
1365	02.08.2025 15:44:44	19,65	-0,05	4,45	7,18	1485,69
1366	02.08.2025 15:44:45	19,65	-0,03	4,41	7,13	1485,65
1367	02.08.2025 15:44:46	19,65	-0,05	4,41	7,13	1485,65
1368	02.08.2025 15:44:47	19,65	-0,03	4,43	7,15	1485,68
1369	02.08.2025 15:44:48	19,65	-0,05	4,59	7,39	1485,85
1370	02.08.2025 15:44:49	19,65	-0,05	4,68	7,53	1485,96
1371	02.08.2025 15:44:50	19,62	-0,03	4,15	6,72	1485,26
1372	02.08.2025 15:44:51	19,62	-0,03	4,57	7,36	1485,74
1373	02.08.2025 15:44:52	19,62	-0,05	4,32	6,98	1485,45
1374	02.08.2025 15:44:53	19,62	-0,03	4,65	7,47	1485,83
1375	02.08.2025 15:44:54	19,62	-0,03	4,13	6,69	1485,24
1376	02.08.2025 15:44:55	19,62	-0,03	4,57	7,36	1485,74
1377	02.08.2025 15:44:56	19,62	-0,03	4,55	7,33	1485,72
1378	02.08.2025 15:44:57	19,62	-0,03	4,53	7,30	1485,70
1379	02.08.2025 15:44:58	19,62	-0,05	4,47	7,21	1485,63
1380	02.08.2025 15:44:59	19,62	-0,03	4,63	7,44	1485,81
1381	02.08.2025 15:45:00	19,62	-0,03	4,63	7,44	1485,81
1382	02.08.2025 15:45:01	19,62	-0,03	3,71	6,06	1484,76
1383	02.08.2025 15:45:02	19,62	-0,03	4,19	6,78	1485,30
1384	02.08.2025 15:45:03	19,62	-0,03	4,61	7,41	1485,78
1385	02.08.2025 15:45:04	19,62	-0,03	4,69	7,53	1485,87
1386	02.08.2025 15:45:05	19,62	-0,03	4,69	7,53	1485,87
1387	02.08.2025 15:45:06	19,62	-0,03	4,57	7,36	1485,74
1388	02.08.2025 15:45:07	19,59	-0,03	2,82	4,68	1483,65
1389	02.08.2025 15:45:08	19,59	-0,05	1,61	2,76	1482,28
1390	02.08.2025 15:45:09	19,59	-0,05	1,13	1,97	1481,73
1391	02.08.2025 15:45:10	19,59	-0,03	1,10	1,92	1481,69
1392	02.08.2025 15:45:11	19,59	-0,03	1,08	1,89	1481,67
1393	02.08.2025 15:45:12	19,59	-0,03	1,08	1,89	1481,67
1394	02.08.2025 15:45:13	19,59	-0,03	1,10	1,92	1481,69
1395	02.08.2025 15:45:14	19,59	-0,05	1,08	1,89	1481,67
1396	02.08.2025 15:45:15	19,59	-0,05	1,06	1,86	1481,65
1397	02.08.2025 15:45:16	19,59	-0,03	1,06	1,86	1481,65
1398	02.08.2025 15:45:17	19,59	-0,05	1,10	1,92	1481,69
1399	02.08.2025 15:45:18	19,59	-0,05	1,13	1,97	1481,73
1400	02.08.2025 15:45:19	19,59	-0,03	1,08	1,89	1481,67
1401	02.08.2025 15:45:20	19,59	-0,05	1,13	1,97	1481,73
1402	02.08.2025 15:45:21	19,59	-0,05	1,06	1,86	1481,65
1403	02.08.2025 15:45:22	19,59	-0,03	1,06	1,86	1481,65
1404	02.08.2025 15:45:23	19,59	-0,03	1,06	1,86	1481,65
1405	02.08.2025 15:45:24	19,59	-0,05	1,08	1,89	1481,67
1406	02.08.2025 15:45:25	19,59	-0,03	1,08	1,89	1481,67
1407	02.08.2025 15:45:26	19,59	-0,03	1,11	1,94	1481,71
1408	02.08.2025 15:45:27	19,59	-0,03	1,10	1,92	1481,69
1409	02.08.2025 15:45:28	19,59	-0,03	1,05	1,83	1481,63
1410	02.08.2025 15:45:29	19,59	-0,05	1,03	1,80	1481,61
1411	02.08.2025 15:45:30	19,59	-0,03	1,06	1,86	1481,65
1412	02.08.2025 15:45:31	19,59	-0,05	1,08	1,89	1481,67
1413	02.08.2025 15:45:32	19,59	-0,05	1,06	1,86	1481,65
1414	02.08.2025 15:45:33	19,59	-0,03	1,08	1,89	1481,67
1415	02.08.2025 15:45:34	19,59	-0,03	1,10	1,92	1481,69
1416	02.08.2025 15:45:35	19,59	-0,03	1,10	1,92	1481,69
1417	02.08.2025 15:45:36	19,59	-0,03	1,05	1,83	1481,63
1418	02.08.2025 15:45:37	19,59	-0,03	1,10	1,92	1481,69
1419	02.08.2025 15:45:38	19,59	-0,03	1,05	1,83	1481,63
1420	02.08.2025 15:45:39	19,59	-0,03	1,08	1,89	1481,67
1421	02.08.2025 15:45:40	19,59	-0,03	1,08	1,89	1481,67
1422	02.08.2025 15:45:41	19,59	-0,03	1,08	1,89	1481,67
1423	02.08.2025 15:45:42	19,59	-0,05	1,08	1,89	1481,67
1424	02.08.2025 15:45:43	19,59	-0,05	1,10	1,92	1481,69
1425	02.08.2025 15:45:44	19,59	-0,03	1,10	1,92	1481,69
1426	02.08.2025 15:45:45	19,59	-0,03	1,05	1,83	1481,63
1427	02.08.2025 15:45:46	19,59	-0,03	1,05	1,83	1481,63
1428	02.08.2025 15:45:47	19,59	-0,03	1,11	1,94	1481,71
1429	02.08.2025 15:45:48	19,59	-0,05	1,06	1,86	1481,65
1430	02.08.2025 15:45:49	19,59	-0,03	1,03	1,80	1481,62
1431	02.08.2025 15:45:50	19,59	-0,03	1,05	1,83	1481,63
1432	02.08.2025 15:45:51	19,59	-0,03	1,15	2,00	1481,75
1433	02.08.2025 15:45:52	19,59	-0,03	1,08	1,89	1481,67
1434	02.08.2025 15:45:53	19,59	-0,03	1,06	1,86	1481,65
1435	02.08.2025 15:45:54	19,59	-0,05	1,05	1,83	1481,63
1436	02.08.2025 15:45:55	19,59	-0,05	1,05	1,83	1481,63
1437	02.08.2025 15:45:56	19,59	-0,03	1,11	1,94	1481,71
1438	02.08.2025 15:45:57	19,59	-0,03	1,08	1,89	1481,67
1439	02.08.2025 15:45:58	19,59	-0,03	1,03	1,80	1481,62
1440	02.08.2025 15:45:59	19,59	-0,03	1,10	1,92	1481,69
1441	02.08.2025 15:46:00	19,59	-0,03	1,08	1,89	1481,67
1442	02.08.2025 15:46:01	19,59	-0,03	1,11	1,94	1481,71
1443	02.08.2025 15:46:02	19,59	-0,05	1,08	1,89	1481,67
1444	02.08.2025 15:46:03	19,59	-0,03	1,03	1,80	1481,62
1445	02.08.2025 15:46:04	19,59	-0,03	1,06	1,86	1481,65
1446	02.08.2025 15:46:05	19,59	-0,03	1,08	1,89	1481,67
1447	02.08.2025 15:46:06	19,59	-0,03	1,10	1,92	1481,69
1448	02.08.2025 15:46:07	19,59	-0,03	1,10	1,92	1481,69
1449	02.08.2025 15:46:08	19,59	-0,03	1,08	1,89	1481,67
1450	02.08.2025 15:46:09	19,59	-0,03	1,08	1,89	1481,67
1451	02.08.2025 15:46:10	19,59	-0,03	1,08	1,89	1481,67
1452	02.08.2025 15:46:11	19,59	-0,03	1,06	1,86	1481,65
1453	02.08.2025 15:46:12	19,59	-0,03	1,06	1,86	1481,65
1454	02.08.2025 15:46:13	19,59	-0,03	1,05	1,83	1481,63
1455	02.08.2025 15:46:14	19,59	-0,03	1,06	1,86	1481,65
1456	02.08.2025 15:46:15	19,59	-0,03	1,08	1,89	1481,67
1457	02.08.2025 15:46:16	19,59	-0,03	1,10	1,92	1481,69
1458	02.08.2025 15:46:17	19,59	-0,03	1,08	1,89	1481,67
1459	02.08.2025 15:46:18	19,59	-0,03	1,06	1,86	1481,65
1460	02.08.2025 15:46:19	19,59	-0,05	1,08	1,89	1481,67
1461	02.08.2025 15:46:20	19,59	-0,03	1,06	1,86	1481,65
1462	02.08.2025 15:46:21	19,59	-0,03	1,00	1,75	1481,58
1463	02.08.2025 15:46:22	19,59	-0,03	1,03	1,80	1481,62
1464	02.08.2025 15:46:23	19,59	-0,03	1,08	1,89	1481,67
1465	02.08.2025 15:46:24	19,59	-0,03	1,03	1,80	1481,62
1466	02.08.2025 15:46:25	19,59	-0,05	1,10	1,92	1481,69
1467	02.08.2025 15:46:26	19,59	-0,01	1,11	1,94	1481,71
1468	02.08.2025 15:46:27	19,59	-0,05	1,08	1,89	1481,67
1469	02.08.2025 15:46:28	19,59	-0,03	1,01	1,78	1481,60
1470	02.08.2025 15:46:29	19,59	-0,03	1,15	2,00	1481,75
1471	02.08.2025 15:46:30	19,59	-0,03	1,23	2,14	1481,85
1472	02.08.2025 15:46:31	19,59	-0,03	1,35	2,34	1481,98
1473	02.08.2025 15:46:32	19,59	-0,01	1,41	2,42	1482,05
1474	02.08.2025 15:46:33	19,59	-0,05	1,53	2,62	1482,18
1475	02.08.2025 15:46:34	19,59	-0,03	1,51	2,59	1482,16
1476	02.08.2025 15:46:35	19,59	-0,03	1,46	2,51	1482,10
1477	02.08.2025 15:46:36	19,59	-0,05	1,47	2,54	1482,12
1478	02.08.2025 15:46:37	19,59	-0,03	1,53	2,62	1482,18
1479	02.08.2025 15:46:38	19,59	-0,05	1,37	2,37	1482,00
1480	02.08.2025 15:46:39	19,59	-0,05	1,44	2,48	1482,08
1481	02.08.2025 15:46:40	19,59	-0,05	1,54	2,65	1482,20
1482	02.08.2025 15:46:41	19,59	-0,03	1,56	2,68	1482,22
1483	02.08.2025 15:46:42	19,59	-0,03	1,51	2,59	1482,16
1484	02.08.2025 15:46:43	19,59	-0,03	1,49	2,57	1482,14
1485	02.08.2025 15:46:44	19,59	-0,03	1,61	2,76	1482,28
1486	02.08.2025 15:46:45	19,59	-0,03	1,53	2,62	1482,18
1487	02.08.2025 15:46:46	19,59	-0,03	1,63	2,79	1482,30
1488	02.08.2025 15:46:47	19,59	-0,03	1,60	2,74	1482,26
1489	02.08.2025 15:46:48	19,59	-0,03	1,54	2,65	1482,20
1490	02.08.2025 15:46:49	19,59	-0,03	1,53	2,62	1482,18
1491	02.08.2025 15:46:50	19,59	-0,03	1,42	2,45	1482,06
1492	02.08.2025 15:46:51	19,59	-0,05	1,30	2,25	1481,92
1493	02.08.2025 15:46:52	19,59	-0,03	1,30	2,25	1481,93
1494	02.08.2025 15:46:53	19,59	-0,03	1,20	2,09	1481,81
1495	02.08.2025 15:46:54	19,59	-0,03	1,22	2,11	1481,83
1496	02.08.2025 15:46:55	19,59	-0,03	1,13	1,97	1481,73
1497	02.08.2025 15:46:56	19,59	-0,03	1,17	2,03	1481,77
1498	02.08.2025 15:46:57	19,59	-0,03	1,18	2,06	1481,79
1499	02.08.2025 15:46:58	19,59	-0,03	1,15	2,00	1481,75
1500	02.08.2025 15:46:59	19,59	-0,01	1,25	2,17	1481,87
1501	02.08.2025 15:47:00	19,59	-0,03	1,32	2,28	1481,94
1502	02.08.2025 15:47:01	19,59	-0,03	1,41	2,42	1482,04
1503	02.08.2025 15:47:02	19,59	-0,05	1,15	2,00	1481,75
1504	02.08.2025 15:47:03	19,59	-0,03	1,27	2,20	1481,89
1505	02.08.2025 15:47:04	19,59	-0,05	1,15	2,00	1481,75
1506	02.08.2025 15:47:05	19,59	-0,03	1,05	1,83	1481,63
1507	02.08.2025 15:47:06	19,59	-0,03	1,01	1,78	1481,60
1508	02.08.2025 15:47:07	19,59	-0,03	0,93	1,64	1481,50
1509	02.08.2025 15:47:08	19,59	-0,03	0,90	1,58	1481,46
1510	02.08.2025 15:47:09	19,59	-0,03	0,98	1,72	1481,56
1511	02.08.2025 15:47:10	19,59	-0,05	0,93	1,64	1481,50
1512	02.08.2025 15:47:11	19,59	-0,05	1,06	1,86	1481,65
1513	02.08.2025 15:47:12	19,59	-0,03	1,00	1,75	1481,58
1514	02.08.2025 15:47:13	19,59	-0,03	1,05	1,83	1481,63
1515	02.08.2025 15:47:14	19,59	-0,05	1,08	1,89	1481,67
1516	02.08.2025 15:47:15	19,59	-0,03	1,03	1,80	1481,62
1517	02.08.2025 15:47:16	19,59	-0,03	1,11	1,94	1481,71
1518	02.08.2025 15:47:17	19,59	-0,03	1,10	1,92	1481,69
1519	02.08.2025 15:47:18	19,59	-0,03	1,05	1,83	1481,63
1520	02.08.2025 15:47:19	19,59	-0,05	1,13	1,97	1481,73
1521	02.08.2025 15:47:20	19,59	-0,01	1,17	2,03	1481,77
1522	02.08.2025 15:47:21	19,59	-0,03	1,06	1,86	1481,65
1523	02.08.2025 15:47:22	19,59	-0,03	1,18	2,06	1481,79
1524	02.08.2025 15:47:23	19,59	-0,03	1,13	1,97	1481,73
1525	02.08.2025 15:47:24	19,59	-0,05	1,15	2,00	1481,75
1526	02.08.2025 15:47:25	19,59	-0,03	1,22	2,11	1481,83
1527	02.08.2025 15:47:26	19,59	-0,03	1,06	1,86	1481,65
1528	02.08.2025 15:47:27	19,59	-0,03	1,13	1,97	1481,73
1529	02.08.2025 15:47:28	19,59	-0,03	1,18	2,06	1481,79
1530	02.08.2025 15:47:29	19,59	-0,03	1,15	2,00	1481,75
1531	02.08.2025 15:47:30	19,59	-0,03	1,18	2,06	1481,79
1532	02.08.2025 15:47:31	19,59	-0,05	1,18	2,06	1481,79
1533	02.08.2025 15:47:32	19,59	-0,03	1,17	2,03	1481,77
1534	02.08.2025 15:47:33	19,59	-0,05	1,23	2,14	1481,84
1535	02.08.2025 15:47:34	19,59	-0,05	1,10	1,92	1481,69
1536	02.08.2025 15:47:35	19,59	-0,05	1,11	1,94	1481,71
1537	02.08.2025 15:47:36	19,59	-0,03	1,20	2,09	1481,81
1538	02.08.2025 15:47:37	19,59	-0,03	1,06	1,86	1481,65
1539	02.08.2025 15:47:38	19,59	-0,03	1,01	1,78	1481,60
1540	02.08.2025 15:47:39	19,59	-0,05	1,06	1,86	1481,65
1541	02.08.2025 15:47:40	19,59	-0,03	1,00	1,75	1481,58
1542	02.08.2025 15:47:41	19,59	-0,03	1,10	1,92	1481,69
1543	02.08.2025 15:47:42	19,59	-0,03	1,01	1,78	1481,60
1544	02.08.2025 15:47:43	19,59	-0,03	1,10	1,92	1481,69
1545	02.08.2025 15:47:44	19,59	-0,03	1,01	1,78	1481,60
1546	02.08.2025 15:47:45	19,59	-0,03	1,23	2,14	1481,85
1547	02.08.2025 15:47:46	19,59	-0,03	0,91	1,61	1481,48
1548	02.08.2025 15:47:47	19,59	-0,03	1,11	1,94	1481,71
1549	02.08.2025 15:47:48	19,59	-0,05	1,15	2,00	1481,75
1550	02.08.2025 15:47:49	19,59	-0,03	1,10	1,92	1481,69
1551	02.08.2025 15:47:50	19,59	-0,03	1,13	1,97	1481,73
1552	02.08.2025 15:47:51	19,59	-0,03	1,10	1,92	1481,69
1553	02.08.2025 15:47:52	19,59	-0,03	1,10	1,92	1481,69
1554	02.08.2025 15:47:53	19,59	-0,03	1,22	2,11	1481,83
1555	02.08.2025 15:47:54	19,59	-0,03	1,11	1,94	1481,71
1556	02.08.2025 15:47:55	19,59	-0,05	1,11	1,94	1481,71
1557	02.08.2025 15:47:56	19,59	-0,05	1,15	2,00	1481,75
1558	02.08.2025 15:47:57	19,59	-0,03	1,13	1,97	1481,73
1559	02.08.2025 15:47:58	19,59	-0,03	1,08	1,89	1481,67
1560	02.08.2025 15:47:59	19,59	-0,03	1,11	1,94	1481,71
1561	02.08.2025 15:48:00	19,59	-0,05	1,03	1,80	1481,61
1562	02.08.2025 15:48:01	19,59	-0,03	1,22	2,11	1481,83
1563	02.08.2025 15:48:02	19,59	-0,03	1,08	1,89	1481,67
1564	02.08.2025 15:48:03	19,59	-0,05	1,10	1,92	1481,69
1565	02.08.2025 15:48:04	19,59	-0,03	1,08	1,89	1481,67
1566	02.08.2025 15:48:05	19,59	-0,05	1,11	1,94	1481,71
1567	02.08.2025 15:48:06	19,59	-0,03	1,06	1,86	1481,65
1568	02.08.2025 15:48:07	19,59	-0,03	1,13	1,97	1481,73
1569	02.08.2025 15:48:08	19,62	-0,03	1,03	1,80	1481,71
1570	02.08.2025 15:48:09	19,59	-0,05	1,11	1,94	1481,71
1571	02.08.2025 15:48:10	19,59	-0,03	1,11	1,94	1481,71
1572	02.08.2025 15:48:11	19,59	-0,05	1,01	1,78	1481,59
1573	02.08.2025 15:48:12	19,62	-0,05	1,10	1,92	1481,78
1574	02.08.2025 15:48:13	19,59	-0,05	1,23	2,14	1481,84
1575	02.08.2025 15:48:14	19,62	-0,05	1,08	1,89	1481,76
1576	02.08.2025 15:48:15	19,59	-0,03	1,91	3,25	1482,62
1577	02.08.2025 15:48:16	19,59	-0,05	2,75	4,56	1483,57
1578	02.08.2025 15:48:17	19,62	-0,03	3,09	5,11	1484,06
1579	02.08.2025 15:48:18	19,59	-0,05	3,39	5,57	1484,31
1580	02.08.2025 15:48:19	19,59	-0,05	3,11	5,14	1483,99
1581	02.08.2025 15:48:20	19,62	-0,03	1,86	3,16	1482,65
1582	02.08.2025 15:48:21	19,62	-0,05	1,89	3,22	1482,69
1583	02.08.2025 15:48:22	19,62	-0,05	1,20	2,09	1481,90
1584	02.08.2025 15:48:23	19,62	-0,03	0,85	1,50	1481,50
1585	02.08.2025 15:48:24	19,62	-0,05	0,70	1,24	1481,33
1586	02.08.2025 15:48:25	19,62	-0,05	0,44	0,79	1481,03
1587	02.08.2025 15:48:26	19,62	-0,03	1,00	1,75	1481,67
1588	02.08.2025 15:48:27	19,62	-0,03	0,60	1,07	1481,22
1589	02.08.2025 15:48:28	19,62	-0,03	0,90	1,58	1481,55
1590	02.08.2025 15:48:29	19,62	-0,03	2,27	3,82	1483,12
1591	02.08.2025 15:48:30	19,62	-0,05	1,63	2,79	1482,39
1592	02.08.2025 15:48:31	19,62	-0,03	0,81	1,44	1481,46
1593	02.08.2025 15:48:32	19,62	-0,05	0,52	0,93	1481,12
1594	02.08.2025 15:48:33	19,62	-0,03	0,55	0,99	1481,16
1595	02.08.2025 15:48:34	19,62	-0,05	0,57	1,02	1481,18
1596	02.08.2025 15:48:35	19,62	-0,05	0,60	1,07	1481,21
1597	02.08.2025 15:48:36	19,62	-0,05	0,60	1,07	1481,21
1598	02.08.2025 15:48:37	19,62	-0,05	0,58	1,05	1481,19
1599	02.08.2025 15:48:38	19,62	-0,03	0,65	1,16	1481,27
1600	02.08.2025 15:48:39	19,62	-0,03	1,32	2,28	1482,04
1601	02.08.2025 15:48:40	19,62	-0,03	1,65	2,82	1482,41
1602	02.08.2025 15:48:41	19,62	-0,05	4,72	7,59	1485,91
1603	02.08.2025 15:48:42	19,62	-0,03	4,82	7,73	1486,03
1604	02.08.2025 15:48:43	19,62	-0,03	4,72	7,59	1485,92
1605	02.08.2025 15:48:44	19,62	-0,03	4,65	7,47	1485,83
1606	02.08.2025 15:48:45	19,62	-0,03	4,74	7,62	1485,94
1607	02.08.2025 15:48:46	19,62	-0,03	4,78	7,67	1485,98
1608	02.08.2025 15:48:47	19,62	-0,03	4,78	7,67	1485,98
1609	02.08.2025 15:48:48	19,62	-0,03	3,08	5,08	1484,04
1610	02.08.2025 15:48:49	19,62	-0,05	3,13	5,16	1484,10
1611	02.08.2025 15:48:50	19,62	-0,05	1,84	3,13	1482,63
1612	02.08.2025 15:48:51	19,62	-0,03	3,81	6,20	1484,87
1613	02.08.2025 15:48:52	19,62	0,06	3,49	5,71	1484,52
1614	02.08.2025 15:48:53	19,62	0,06	4,17	6,75	1485,30
1615	02.08.2025 15:48:54	19,62	0,00	4,05	6,58	1485,16
1616	02.08.2025 15:48:55	19,62	-0,05	2,65	4,42	1483,55
1617	02.08.2025 15:48:56	19,62	-0,05	4,15	6,72	1485,26
1618	02.08.2025 15:48:57	19,62	-0,07	1,56	2,68	1482,31
1619	02.08.2025 15:48:58	19,76	-0,07	4,48	7,24	1486,09
1620	02.08.2025 15:48:59	20,09	-0,12	3,41	5,65	1485,86
1621	02.08.2025 15:49:00	20,32	-0,15	3,99	6,58	1487,23
1622	02.08.2025 15:49:01	20,56	-0,14	4,46	7,33	1488,47
1623	02.08.2025 15:49:02	20,73	-0,17	4,48	7,39	1489,03
1624	02.08.2025 15:49:03	20,88	-0,17	4,31	7,16	1489,28
1625	02.08.2025 15:49:04	20,97	-0,15	4,46	7,40	1489,71
1626	02.08.2025 15:49:05	21,12	-0,08	4,22	7,05	1489,89
1627	02.08.2025 15:49:06	21,35	-0,17	1,74	3,09	1487,80
1628	02.08.2025 15:49:07	21,64	-0,17	0,92	1,70	1487,75
1629	02.08.2025 15:49:08	21,85	-0,15	1,20	2,18	1488,67
1630	02.08.2025 15:49:09	21,99	-0,17	4,58	7,75	1492,86
1631	02.08.2025 15:49:10	22,11	-0,22	4,57	7,75	1493,18
1632	02.08.2025 15:49:11	22,17	-0,21	4,60	7,81	1493,39
1633	02.08.2025 15:49:12	22,20	-0,21	4,58	7,78	1493,45
1634	02.08.2025 15:49:13	22,23	-0,21	4,55	7,75	1493,51
1635	02.08.2025 15:49:14	22,26	-0,19	57,33	77,42	1552,28
