#B	Created:	03.08.2025 10:01:31
##	Version	SeaStar	9.59
#5	Field separation:	0
#2	Date & Time:	1
#6	Decimal point:	,
#7	Date def.:	dd.mm.yyyy	.
#8	Time def.:	:
##	Axis	0	Temperature(°C)	clRed	FALSE
##	Axis	1	Pressure(Bar)	clBlue	FALSE
##	Axis	2	Salinity(psu)	clGreen	FALSE
##	Axis	3	Conductivity(mS/cm)	$00FF80FF	FALSE
##	Axis	4	Sound Velocity(m/sec)	$00404080	FALSE
##	Series	0	Temp(°C)	clRed	0	Temp(°C)	2
##	Series	1	Press(Bar)	clBlue	1	Press(Bar)	2
##	Series	2	Salinity(psu)	clGreen	2	Salinity(psu)	2
##	Series	3	Conduct(mS/cm)	$00FF80FF	3	Conduct(mS/cm)	2
##	Series	4	Sound Velocity(m/sec)	$00404080	4	Velocity(m/sec)	2
##	Recorder	1	DST CTD	13528
##	Chart	1S13528DAT	
#D	Data:	1430	03.08.2025 09:37:00	03.08.2025 10:00:49
1	03.08.2025 09:37:00	23,26	0,10	0,03	0,06	1491,53
2	03.08.2025 09:37:01	23,26	0,10	0,05	0,09	1491,54
3	03.08.2025 09:37:02	23,23	0,10	0,05	0,09	1491,46
4	03.08.2025 09:37:03	23,23	0,10	0,05	0,09	1491,46
5	03.08.2025 09:37:04	23,20	0,10	21,07	32,45	1514,55
6	03.08.2025 09:37:05	22,91	-0,21	25,59	38,45	1518,72
7	03.08.2025 09:37:06	22,23	0,05	25,81	38,20	1517,21
8	03.08.2025 09:37:07	21,77	0,16	26,02	38,12	1516,20
9	03.08.2025 09:37:08	21,47	0,19	26,09	37,98	1515,49
10	03.08.2025 09:37:09	21,27	0,17	26,16	37,90	1515,00
11	03.08.2025 09:37:10	21,12	0,17	26,20	37,85	1514,65
12	03.08.2025 09:37:11	21,00	0,17	26,25	37,82	1514,38
13	03.08.2025 09:37:12	20,92	0,19	26,27	37,77	1514,15
14	03.08.2025 09:37:13	20,83	0,19	26,28	37,72	1513,93
15	03.08.2025 09:37:14	20,77	0,21	26,30	37,69	1513,78
16	03.08.2025 09:37:15	20,68	0,19	26,33	37,66	1513,57
17	03.08.2025 09:37:16	20,62	0,21	26,35	37,64	1513,43
18	03.08.2025 09:37:17	20,56	0,21	26,36	37,61	1513,28
19	03.08.2025 09:37:18	20,53	0,17	26,36	37,58	1513,19
20	03.08.2025 09:37:19	20,47	0,14	26,40	37,58	1513,06
21	03.08.2025 09:37:20	20,42	0,14	26,41	37,56	1512,91
22	03.08.2025 09:37:21	20,39	0,14	26,43	37,55	1512,85
23	03.08.2025 09:37:22	20,33	0,14	26,45	37,53	1512,70
24	03.08.2025 09:37:23	20,30	0,16	26,46	37,53	1512,64
25	03.08.2025 09:37:24	20,27	0,14	26,48	37,53	1512,57
26	03.08.2025 09:37:25	20,21	0,14	26,50	37,50	1512,43
27	03.08.2025 09:37:26	20,18	0,16	26,51	37,50	1512,37
28	03.08.2025 09:37:27	20,15	0,16	26,51	37,47	1512,28
29	03.08.2025 09:37:28	20,12	0,14	26,53	37,47	1512,21
30	03.08.2025 09:37:29	20,06	0,12	26,57	37,47	1512,09
31	03.08.2025 09:37:30	20,06	0,14	26,55	37,45	1512,07
32	03.08.2025 09:37:31	20,03	0,12	26,56	37,45	1512,00
33	03.08.2025 09:37:32	20,00	0,10	26,58	37,44	1511,93
34	03.08.2025 09:37:33	19,97	0,12	26,58	37,42	1511,85
35	03.08.2025 09:37:34	19,94	0,10	26,60	37,42	1511,78
36	03.08.2025 09:37:35	19,91	0,12	26,62	37,42	1511,72
37	03.08.2025 09:37:36	19,88	0,12	26,62	37,39	1511,64
38	03.08.2025 09:37:37	19,85	0,12	26,63	37,39	1511,57
39	03.08.2025 09:37:38	19,83	0,12	26,65	37,39	1511,51
40	03.08.2025 09:37:39	19,80	0,12	26,67	37,39	1511,45
41	03.08.2025 09:37:40	19,80	0,14	26,67	37,39	1511,45
42	03.08.2025 09:37:41	19,77	0,14	26,67	37,36	1511,36
43	03.08.2025 09:37:42	19,74	0,12	26,69	37,36	1511,30
44	03.08.2025 09:37:43	19,71	0,14	26,68	37,34	1511,21
45	03.08.2025 09:37:44	19,71	0,16	26,68	37,34	1511,21
46	03.08.2025 09:37:45	19,68	0,16	26,70	37,34	1511,15
47	03.08.2025 09:37:46	19,65	0,16	26,70	37,31	1511,06
48	03.08.2025 09:37:47	19,65	0,17	26,70	37,31	1511,07
49	03.08.2025 09:37:48	19,62	0,19	26,72	37,31	1511,01
50	03.08.2025 09:37:49	19,59	0,17	26,72	37,28	1510,92
51	03.08.2025 09:37:50	19,59	0,17	26,72	37,28	1510,92
52	03.08.2025 09:37:51	19,56	0,21	26,74	37,28	1510,86
53	03.08.2025 09:37:52	19,56	0,21	26,72	37,26	1510,83
54	03.08.2025 09:37:53	19,53	0,21	26,71	37,23	1510,75
55	03.08.2025 09:37:54	19,53	0,21	26,71	37,23	1510,75
56	03.08.2025 09:37:55	19,50	0,23	26,73	37,23	1510,69
57	03.08.2025 09:37:56	19,50	0,23	26,71	37,21	1510,66
58	03.08.2025 09:37:57	19,50	0,23	26,71	37,21	1510,66
59	03.08.2025 09:37:58	19,47	0,23	26,71	37,18	1510,58
60	03.08.2025 09:37:59	19,47	0,25	26,71	37,18	1510,58
61	03.08.2025 09:38:00	19,44	0,26	26,73	37,18	1510,52
62	03.08.2025 09:38:01	19,44	0,28	26,73	37,18	1510,52
63	03.08.2025 09:38:02	19,41	0,28	26,73	37,16	1510,43
64	03.08.2025 09:38:03	19,41	0,28	26,73	37,16	1510,43
65	03.08.2025 09:38:04	19,41	0,30	26,73	37,16	1510,44
66	03.08.2025 09:38:05	19,38	0,30	26,73	37,13	1510,35
67	03.08.2025 09:38:06	19,38	0,34	26,73	37,13	1510,36
68	03.08.2025 09:38:07	19,35	0,34	26,74	37,13	1510,29
69	03.08.2025 09:38:08	19,35	0,35	26,74	37,13	1510,29
70	03.08.2025 09:38:09	19,35	0,37	26,74	37,13	1510,30
71	03.08.2025 09:38:10	19,32	0,37	26,74	37,10	1510,21
72	03.08.2025 09:38:11	19,32	0,39	26,74	37,10	1510,21
73	03.08.2025 09:38:12	19,32	0,41	26,76	37,13	1510,24
74	03.08.2025 09:38:13	19,32	0,43	26,74	37,10	1510,22
75	03.08.2025 09:38:14	19,29	0,41	26,76	37,10	1510,15
76	03.08.2025 09:38:15	19,29	0,43	26,76	37,10	1510,15
77	03.08.2025 09:38:16	19,29	0,46	26,76	37,10	1510,16
78	03.08.2025 09:38:17	19,26	0,46	26,78	37,10	1510,09
79	03.08.2025 09:38:18	19,26	0,48	26,76	37,08	1510,07
80	03.08.2025 09:38:19	19,26	0,50	26,76	37,08	1510,08
81	03.08.2025 09:38:20	19,26	0,52	26,76	37,08	1510,08
82	03.08.2025 09:38:21	19,23	0,54	26,78	37,08	1510,02
83	03.08.2025 09:38:22	19,23	0,54	26,78	37,08	1510,02
84	03.08.2025 09:38:23	19,23	0,56	26,78	37,08	1510,02
85	03.08.2025 09:38:24	19,23	0,59	26,78	37,08	1510,03
86	03.08.2025 09:38:25	19,20	0,59	26,80	37,08	1509,96
87	03.08.2025 09:38:26	19,20	0,61	26,80	37,07	1509,96
88	03.08.2025 09:38:27	19,20	0,64	26,78	37,05	1509,95
89	03.08.2025 09:38:28	19,20	0,66	26,78	37,05	1509,95
90	03.08.2025 09:38:29	19,17	0,69	26,81	37,07	1509,91
91	03.08.2025 09:38:30	19,17	0,69	26,79	37,05	1509,89
92	03.08.2025 09:38:31	19,17	0,71	26,81	37,07	1509,92
93	03.08.2025 09:38:32	19,17	0,71	26,81	37,07	1509,92
94	03.08.2025 09:38:33	19,17	0,73	26,79	37,05	1509,90
95	03.08.2025 09:38:34	19,17	0,75	26,81	37,07	1509,92
96	03.08.2025 09:38:35	19,17	0,79	26,81	37,07	1509,93
97	03.08.2025 09:38:36	19,14	0,78	26,83	37,07	1509,86
98	03.08.2025 09:38:37	19,14	0,78	26,81	37,05	1509,84
99	03.08.2025 09:38:38	19,14	0,82	26,81	37,05	1509,84
100	03.08.2025 09:38:39	19,14	0,84	26,83	37,07	1509,87
101	03.08.2025 09:38:40	19,14	0,85	26,81	37,05	1509,85
102	03.08.2025 09:38:41	19,14	0,85	26,81	37,05	1509,85
103	03.08.2025 09:38:42	19,11	0,87	26,83	37,05	1509,79
104	03.08.2025 09:38:43	19,11	0,89	26,83	37,05	1509,79
105	03.08.2025 09:38:44	19,11	0,92	26,85	37,07	1509,82
106	03.08.2025 09:38:45	19,11	0,92	26,83	37,05	1509,80
107	03.08.2025 09:38:46	19,11	0,94	26,83	37,05	1509,80
108	03.08.2025 09:38:47	19,11	0,94	26,83	37,05	1509,80
109	03.08.2025 09:38:48	19,11	0,98	26,79	37,00	1509,76
110	03.08.2025 09:38:49	19,08	0,99	26,79	36,97	1509,67
111	03.08.2025 09:38:50	19,06	1,01	26,79	36,95	1509,59
112	03.08.2025 09:38:51	19,03	1,03	26,79	36,92	1509,50
113	03.08.2025 09:38:52	19,00	1,04	26,82	36,95	1509,46
114	03.08.2025 09:38:53	18,97	1,08	26,74	36,82	1509,29
115	03.08.2025 09:38:54	18,91	1,09	26,58	36,57	1508,93
116	03.08.2025 09:38:55	18,79	1,08	26,36	36,20	1508,32
117	03.08.2025 09:38:56	18,58	1,14	25,99	35,58	1507,29
118	03.08.2025 09:38:57	18,31	1,14	25,89	35,25	1506,38
119	03.08.2025 09:38:58	17,98	1,24	25,93	35,05	1505,46
120	03.08.2025 09:38:59	17,71	1,31	25,99	34,92	1504,73
121	03.08.2025 09:39:00	17,47	1,31	25,97	34,71	1503,98
122	03.08.2025 09:39:01	17,20	1,32	26,10	34,66	1503,31
123	03.08.2025 09:39:02	17,02	1,35	26,23	34,67	1502,91
124	03.08.2025 09:39:03	16,87	1,37	26,35	34,70	1502,58
125	03.08.2025 09:39:04	16,78	1,38	26,43	34,72	1502,39
126	03.08.2025 09:39:05	16,72	1,36	26,47	34,72	1502,25
127	03.08.2025 09:39:06	16,66	1,37	26,69	34,93	1502,33
128	03.08.2025 09:39:07	16,66	1,36	26,65	34,89	1502,27
129	03.08.2025 09:39:08	16,63	1,34	26,56	34,76	1502,08
130	03.08.2025 09:39:09	16,57	1,33	26,67	34,83	1502,01
131	03.08.2025 09:39:10	16,54	1,33	26,64	34,78	1501,89
132	03.08.2025 09:39:11	16,51	1,35	26,66	34,78	1501,82
133	03.08.2025 09:39:12	16,45	1,30	26,33	34,34	1501,23
134	03.08.2025 09:39:13	16,30	1,33	26,28	34,16	1500,70
135	03.08.2025 09:39:14	16,14	1,34	26,14	33,89	1500,06
136	03.08.2025 09:39:15	15,93	1,37	26,13	33,71	1499,38
137	03.08.2025 09:39:16	15,72	1,45	26,20	33,63	1498,80
138	03.08.2025 09:39:17	15,53	1,45	26,21	33,50	1498,23
139	03.08.2025 09:39:18	15,38	1,50	26,29	33,47	1497,83
140	03.08.2025 09:39:19	15,23	1,50	26,34	33,42	1497,41
141	03.08.2025 09:39:20	15,14	1,51	26,40	33,42	1497,18
142	03.08.2025 09:39:21	15,01	1,52	26,48	33,42	1496,88
143	03.08.2025 09:39:22	14,92	1,53	26,54	33,41	1496,65
144	03.08.2025 09:39:23	14,86	1,51	26,61	33,44	1496,52
145	03.08.2025 09:39:24	14,80	1,53	26,67	33,46	1496,40
146	03.08.2025 09:39:25	14,77	1,51	26,67	33,43	1496,29
147	03.08.2025 09:39:26	14,71	1,50	26,71	33,43	1496,14
148	03.08.2025 09:39:27	14,67	1,52	26,75	33,46	1496,09
149	03.08.2025 09:39:28	14,61	1,49	26,81	33,48	1495,96
150	03.08.2025 09:39:29	14,58	1,49	26,86	33,50	1495,91
151	03.08.2025 09:39:30	14,55	1,47	26,90	33,53	1495,85
152	03.08.2025 09:39:31	14,55	1,49	26,90	33,53	1495,86
153	03.08.2025 09:39:32	14,52	1,47	26,92	33,52	1495,78
154	03.08.2025 09:39:33	14,49	1,47	26,94	33,52	1495,70
155	03.08.2025 09:39:34	14,46	1,48	26,96	33,52	1495,62
156	03.08.2025 09:39:35	14,43	1,46	26,98	33,52	1495,54
157	03.08.2025 09:39:36	14,40	1,46	27,00	33,52	1495,47
158	03.08.2025 09:39:37	14,33	1,46	27,04	33,52	1495,31
159	03.08.2025 09:39:38	14,30	1,45	27,06	33,52	1495,23
160	03.08.2025 09:39:39	14,27	1,47	27,08	33,52	1495,16
161	03.08.2025 09:39:40	14,27	1,47	27,08	33,52	1495,16
162	03.08.2025 09:39:41	14,24	1,45	27,11	33,52	1495,08
163	03.08.2025 09:39:42	14,21	1,47	27,10	33,49	1494,98
164	03.08.2025 09:39:43	14,18	1,46	27,13	33,49	1494,90
165	03.08.2025 09:39:44	14,12	1,48	27,19	33,51	1494,77
166	03.08.2025 09:39:45	14,09	1,47	27,21	33,51	1494,70
167	03.08.2025 09:39:46	14,09	1,47	27,23	33,54	1494,72
168	03.08.2025 09:39:47	14,06	1,47	27,25	33,54	1494,64
169	03.08.2025 09:39:48	14,02	1,49	27,28	33,54	1494,57
170	03.08.2025 09:39:49	13,99	1,50	27,34	33,58	1494,55
171	03.08.2025 09:39:50	13,96	1,50	27,34	33,56	1494,44
172	03.08.2025 09:39:51	13,93	1,50	27,38	33,58	1494,39
173	03.08.2025 09:39:52	13,90	1,50	27,38	33,56	1494,28
174	03.08.2025 09:39:53	13,90	1,50	27,36	33,53	1494,26
175	03.08.2025 09:39:54	13,87	1,51	27,40	33,56	1494,21
176	03.08.2025 09:39:55	13,87	1,51	27,43	33,58	1494,23
177	03.08.2025 09:39:56	13,84	1,51	27,40	33,53	1494,10
178	03.08.2025 09:39:57	13,81	1,51	27,38	33,48	1493,97
179	03.08.2025 09:39:58	13,77	1,52	27,40	33,48	1493,90
180	03.08.2025 09:39:59	13,74	1,54	27,40	33,46	1493,79
181	03.08.2025 09:40:00	13,71	1,54	27,31	33,33	1493,58
182	03.08.2025 09:40:01	13,68	1,55	27,20	33,18	1493,34
183	03.08.2025 09:40:02	13,59	1,55	27,08	32,98	1492,89
184	03.08.2025 09:40:03	13,49	1,56	26,97	32,79	1492,44
185	03.08.2025 09:40:04	13,37	1,58	26,83	32,54	1491,85
186	03.08.2025 09:40:05	13,24	1,59	26,78	32,39	1491,37
187	03.08.2025 09:40:06	13,12	1,62	26,66	32,16	1490,81
188	03.08.2025 09:40:07	12,96	1,63	26,57	31,94	1490,15
189	03.08.2025 09:40:08	12,80	1,63	26,47	31,71	1489,50
190	03.08.2025 09:40:09	12,64	1,68	26,53	31,66	1489,04
191	03.08.2025 09:40:10	12,49	1,70	26,69	31,70	1488,68
192	03.08.2025 09:40:11	12,33	1,71	26,71	31,60	1488,15
193	03.08.2025 09:40:12	12,20	1,73	26,58	31,38	1487,57
194	03.08.2025 09:40:13	12,04	1,72	26,58	31,25	1487,00
195	03.08.2025 09:40:14	11,88	1,75	26,60	31,15	1486,46
196	03.08.2025 09:40:15	11,75	1,79	26,59	31,05	1486,02
197	03.08.2025 09:40:16	11,59	1,78	26,66	31,00	1485,53
198	03.08.2025 09:40:17	11,46	1,81	26,79	31,04	1485,24
199	03.08.2025 09:40:18	11,34	1,83	26,91	31,06	1484,93
200	03.08.2025 09:40:19	11,27	1,85	26,93	31,04	1484,73
201	03.08.2025 09:40:20	11,17	1,84	26,90	30,94	1484,35
202	03.08.2025 09:40:21	11,05	1,87	26,78	30,71	1483,74
203	03.08.2025 09:40:22	10,92	1,87	26,78	30,61	1483,27
204	03.08.2025 09:40:23	10,75	1,90	26,75	30,46	1482,66
205	03.08.2025 09:40:24	10,62	1,93	26,82	30,43	1482,27
206	03.08.2025 09:40:25	10,49	1,95	26,96	30,48	1481,98
207	03.08.2025 09:40:26	10,36	1,96	27,01	30,43	1481,56
208	03.08.2025 09:40:27	10,26	1,97	27,10	30,45	1481,32
209	03.08.2025 09:40:28	10,17	2,02	27,32	30,60	1481,24
210	03.08.2025 09:40:29	10,13	2,02	27,44	30,70	1481,26
211	03.08.2025 09:40:30	10,10	2,03	27,66	30,89	1481,42
212	03.08.2025 09:40:31	10,07	2,03	27,68	30,89	1481,33
213	03.08.2025 09:40:32	10,07	2,05	27,73	30,94	1481,39
214	03.08.2025 09:40:33	10,03	2,06	27,66	30,84	1481,18
215	03.08.2025 09:40:34	9,97	2,06	27,63	30,77	1480,91
216	03.08.2025 09:40:35	9,90	2,07	27,64	30,72	1480,67
217	03.08.2025 09:40:36	9,84	2,10	27,61	30,64	1480,40
218	03.08.2025 09:40:37	9,74	2,10	27,64	30,59	1480,06
219	03.08.2025 09:40:38	9,67	2,13	27,61	30,51	1479,79
220	03.08.2025 09:40:39	9,61	2,14	27,61	30,46	1479,55
221	03.08.2025 09:40:40	9,51	2,17	27,69	30,46	1479,28
222	03.08.2025 09:40:41	9,44	2,18	27,69	30,41	1479,03
223	03.08.2025 09:40:42	9,37	2,20	27,66	30,34	1478,76
224	03.08.2025 09:40:43	9,31	2,21	27,61	30,24	1478,45
225	03.08.2025 09:40:44	9,21	2,22	27,61	30,16	1478,08
226	03.08.2025 09:40:45	9,14	2,25	27,59	30,09	1477,80
227	03.08.2025 09:40:46	9,04	2,26	27,62	30,04	1477,46
228	03.08.2025 09:40:47	8,97	2,27	27,64	30,01	1477,24
229	03.08.2025 09:40:48	8,87	2,30	27,69	29,98	1476,93
230	03.08.2025 09:40:49	8,81	2,32	27,69	29,93	1476,68
231	03.08.2025 09:40:50	8,70	2,33	27,72	29,88	1476,33
232	03.08.2025 09:40:51	8,64	2,34	27,72	29,83	1476,08
233	03.08.2025 09:40:52	8,57	2,39	27,77	29,83	1475,90
234	03.08.2025 09:40:53	8,50	2,38	27,78	29,78	1475,64
235	03.08.2025 09:40:54	8,40	2,41	27,85	29,78	1475,36
236	03.08.2025 09:40:55	8,33	2,43	27,88	29,76	1475,14
237	03.08.2025 09:40:56	8,23	2,44	28,01	29,80	1474,91
238	03.08.2025 09:40:57	8,13	2,45	28,09	29,80	1474,62
239	03.08.2025 09:40:58	8,06	2,50	28,14	29,80	1474,43
240	03.08.2025 09:40:59	7,99	2,51	28,20	29,80	1474,24
241	03.08.2025 09:41:00	7,93	2,54	28,25	29,80	1474,05
242	03.08.2025 09:41:01	7,86	2,54	28,31	29,80	1473,85
243	03.08.2025 09:41:02	7,82	2,57	28,33	29,80	1473,76
244	03.08.2025 09:41:03	7,76	2,58	28,39	29,80	1473,57
245	03.08.2025 09:41:04	7,72	2,62	28,39	29,77	1473,44
246	03.08.2025 09:41:05	7,65	2,63	28,42	29,75	1473,21
247	03.08.2025 09:41:06	7,62	2,64	28,42	29,72	1473,08
248	03.08.2025 09:41:07	7,55	2,66	28,27	29,52	1472,63
249	03.08.2025 09:41:08	7,45	2,67	28,19	29,37	1472,13
250	03.08.2025 09:41:09	7,27	2,73	28,28	29,32	1471,58
251	03.08.2025 09:41:10	7,14	2,75	28,34	29,27	1471,11
252	03.08.2025 09:41:11	7,00	2,78	28,42	29,25	1470,68
253	03.08.2025 09:41:12	6,93	2,81	28,43	29,20	1470,41
254	03.08.2025 09:41:13	6,82	2,82	28,43	29,12	1470,01
255	03.08.2025 09:41:14	6,75	2,83	28,44	29,07	1469,74
256	03.08.2025 09:41:15	6,65	2,88	28,47	29,02	1469,37
257	03.08.2025 09:41:16	6,54	2,91	28,53	29,00	1469,03
258	03.08.2025 09:41:17	6,44	2,92	28,56	28,95	1468,65
259	03.08.2025 09:41:18	6,37	2,95	28,59	28,92	1468,42
260	03.08.2025 09:41:19	6,30	2,96	28,62	28,90	1468,18
261	03.08.2025 09:41:20	6,23	2,99	28,66	28,87	1467,94
262	03.08.2025 09:41:21	6,16	3,01	28,69	28,85	1467,70
263	03.08.2025 09:41:22	6,09	3,04	28,75	28,84	1467,49
264	03.08.2025 09:41:23	6,02	3,05	28,78	28,82	1467,25
265	03.08.2025 09:41:24	5,94	3,08	28,81	28,79	1467,01
266	03.08.2025 09:41:25	5,87	3,09	28,82	28,74	1466,73
267	03.08.2025 09:41:26	5,80	3,11	28,88	28,74	1466,52
268	03.08.2025 09:41:27	5,73	3,16	28,94	28,74	1466,32
269	03.08.2025 09:41:28	5,70	3,17	28,94	28,72	1466,18
270	03.08.2025 09:41:29	5,62	3,18	28,97	28,69	1465,94
271	03.08.2025 09:41:30	5,55	3,21	29,06	28,72	1465,76
272	03.08.2025 09:41:31	5,52	3,23	29,09	28,72	1465,66
273	03.08.2025 09:41:32	5,45	3,24	29,21	28,77	1465,52
274	03.08.2025 09:41:33	5,41	3,28	29,24	28,77	1465,42
275	03.08.2025 09:41:34	5,37	3,29	29,30	28,79	1465,35
276	03.08.2025 09:41:35	5,34	3,31	29,33	28,79	1465,24
277	03.08.2025 09:41:36	5,30	3,32	29,33	28,77	1465,10
278	03.08.2025 09:41:37	5,27	3,32	29,37	28,77	1464,99
279	03.08.2025 09:41:38	5,23	3,35	29,37	28,74	1464,86
280	03.08.2025 09:41:39	5,19	3,37	29,40	28,74	1464,75
281	03.08.2025 09:41:40	5,16	3,38	29,40	28,72	1464,61
282	03.08.2025 09:41:41	5,12	3,40	29,07	28,40	1464,04
283	03.08.2025 09:41:42	5,01	3,43	29,03	28,27	1463,54
284	03.08.2025 09:41:43	4,87	3,45	29,21	28,32	1463,18
285	03.08.2025 09:41:44	4,80	3,50	29,33	28,37	1463,04
286	03.08.2025 09:41:45	4,76	3,52	29,39	28,40	1462,97
287	03.08.2025 09:41:46	4,72	3,53	29,40	28,37	1462,82
288	03.08.2025 09:41:47	4,69	3,55	29,40	28,35	1462,68
289	03.08.2025 09:41:48	4,65	3,56	29,43	28,35	1462,57
290	03.08.2025 09:41:49	4,58	3,58	29,47	28,32	1462,32
291	03.08.2025 09:41:50	4,54	3,61	29,44	28,27	1462,14
292	03.08.2025 09:41:51	4,51	3,61	29,39	28,20	1461,92
293	03.08.2025 09:41:52	4,43	3,62	29,43	28,17	1461,66
294	03.08.2025 09:41:53	4,36	3,65	29,41	28,10	1461,33
295	03.08.2025 09:41:54	4,29	3,68	29,39	28,03	1461,00
296	03.08.2025 09:41:55	4,21	3,69	29,48	28,05	1460,82
297	03.08.2025 09:41:56	4,18	3,73	29,52	28,05	1460,71
298	03.08.2025 09:41:57	4,10	3,74	29,58	28,05	1460,49
299	03.08.2025 09:41:58	4,10	3,77	29,55	28,03	1460,46
300	03.08.2025 09:41:59	4,06	3,79	29,62	28,05	1460,38
301	03.08.2025 09:42:00	4,03	3,80	29,68	28,08	1460,31
302	03.08.2025 09:42:01	3,99	3,80	29,62	28,00	1460,09
303	03.08.2025 09:42:02	3,95	3,83	29,54	27,90	1459,83
304	03.08.2025 09:42:03	3,88	3,85	29,58	27,88	1459,57
305	03.08.2025 09:42:04	3,84	3,88	29,56	27,83	1459,38
306	03.08.2025 09:42:05	3,77	3,89	29,57	27,78	1459,08
307	03.08.2025 09:42:06	3,69	3,94	29,63	27,78	1458,86
308	03.08.2025 09:42:07	3,66	3,96	29,58	27,71	1458,63
309	03.08.2025 09:42:08	3,58	3,97	29,59	27,66	1458,33
310	03.08.2025 09:42:09	3,51	3,98	29,57	27,59	1457,99
311	03.08.2025 09:42:10	3,47	4,01	29,58	27,56	1457,84
312	03.08.2025 09:42:11	3,40	4,04	29,53	27,46	1457,46
313	03.08.2025 09:42:12	3,32	4,06	29,54	27,41	1457,15
314	03.08.2025 09:42:13	3,21	4,08	29,55	27,34	1456,69
315	03.08.2025 09:42:14	3,13	4,12	29,59	27,32	1456,43
316	03.08.2025 09:42:15	3,06	4,15	29,60	27,27	1456,12
317	03.08.2025 09:42:16	2,98	4,18	29,56	27,17	1455,73
318	03.08.2025 09:42:17	2,91	4,19	29,51	27,07	1455,34
319	03.08.2025 09:42:18	2,83	4,22	29,58	27,07	1455,11
320	03.08.2025 09:42:19	2,75	4,25	29,62	27,05	1454,84
321	03.08.2025 09:42:20	2,68	4,26	29,66	27,02	1454,56
322	03.08.2025 09:42:21	2,64	4,29	29,70	27,02	1454,45
323	03.08.2025 09:42:22	2,56	4,32	29,71	26,98	1454,14
324	03.08.2025 09:42:23	2,53	4,36	29,68	26,93	1453,94
325	03.08.2025 09:42:24	2,45	4,37	29,66	26,85	1453,58
326	03.08.2025 09:42:25	2,37	4,40	29,71	26,83	1453,31
327	03.08.2025 09:42:26	2,30	4,41	29,72	26,78	1452,99
328	03.08.2025 09:42:27	2,26	4,44	29,69	26,73	1452,79
329	03.08.2025 09:42:28	2,18	4,46	29,77	26,73	1452,55
330	03.08.2025 09:42:29	2,14	4,47	29,80	26,73	1452,43
331	03.08.2025 09:42:30	2,07	4,48	29,85	26,71	1452,15
332	03.08.2025 09:42:31	2,03	4,50	29,89	26,71	1452,03
333	03.08.2025 09:42:32	2,03	4,52	29,88	26,71	1452,03
334	03.08.2025 09:42:33	1,99	4,51	29,92	26,71	1451,91
335	03.08.2025 09:42:34	1,95	4,53	29,96	26,71	1451,79
336	03.08.2025 09:42:35	1,91	4,54	30,00	26,71	1451,67
337	03.08.2025 09:42:36	1,87	4,56	30,03	26,71	1451,55
338	03.08.2025 09:42:37	1,87	4,58	30,03	26,71	1451,55
339	03.08.2025 09:42:38	1,83	4,61	30,07	26,71	1451,44
340	03.08.2025 09:42:39	1,79	4,61	30,14	26,74	1451,35
341	03.08.2025 09:42:40	1,79	4,62	30,14	26,74	1451,36
342	03.08.2025 09:42:41	1,76	4,64	30,18	26,74	1451,24
343	03.08.2025 09:42:42	1,76	4,66	30,18	26,74	1451,24
344	03.08.2025 09:42:43	1,72	4,67	30,22	26,74	1451,12
345	03.08.2025 09:42:44	1,68	4,69	30,26	26,74	1451,00
346	03.08.2025 09:42:45	1,68	4,72	30,25	26,74	1451,00
347	03.08.2025 09:42:46	1,68	4,72	30,25	26,74	1451,00
348	03.08.2025 09:42:47	1,64	4,76	30,29	26,74	1450,89
349	03.08.2025 09:42:48	1,64	4,77	30,29	26,74	1450,89
350	03.08.2025 09:42:49	1,64	4,79	30,29	26,74	1450,89
351	03.08.2025 09:42:50	1,60	4,81	30,33	26,74	1450,77
352	03.08.2025 09:42:51	1,60	4,84	30,33	26,74	1450,78
353	03.08.2025 09:42:52	1,56	4,86	30,37	26,74	1450,65
354	03.08.2025 09:42:53	1,56	4,88	30,37	26,74	1450,66
355	03.08.2025 09:42:54	1,56	4,89	30,37	26,74	1450,66
356	03.08.2025 09:42:55	1,52	4,91	30,44	26,77	1450,58
357	03.08.2025 09:42:56	1,52	4,95	30,41	26,74	1450,54
358	03.08.2025 09:42:57	1,52	4,96	30,41	26,74	1450,55
359	03.08.2025 09:42:58	1,48	4,98	30,48	26,77	1450,47
360	03.08.2025 09:42:59	1,48	5,00	30,45	26,74	1450,43
361	03.08.2025 09:43:00	1,48	5,01	30,45	26,74	1450,43
362	03.08.2025 09:43:01	1,44	5,05	30,49	26,75	1450,31
363	03.08.2025 09:43:02	1,44	5,08	30,49	26,75	1450,32
364	03.08.2025 09:43:03	1,44	5,10	30,49	26,75	1450,32
365	03.08.2025 09:43:04	1,40	5,12	30,52	26,75	1450,20
366	03.08.2025 09:43:05	1,40	5,15	30,52	26,75	1450,21
367	03.08.2025 09:43:06	1,40	5,17	30,52	26,75	1450,21
368	03.08.2025 09:43:07	1,40	5,21	30,52	26,75	1450,21
369	03.08.2025 09:43:08	1,37	5,22	30,56	26,75	1450,09
370	03.08.2025 09:43:09	1,37	5,26	30,50	26,70	1450,01
371	03.08.2025 09:43:10	1,33	5,27	30,51	26,67	1449,85
372	03.08.2025 09:43:11	1,33	5,31	30,51	26,67	1449,86
373	03.08.2025 09:43:12	1,29	5,34	30,52	26,65	1449,70
374	03.08.2025 09:43:13	1,29	5,38	30,48	26,62	1449,66
375	03.08.2025 09:43:14	1,25	5,39	30,49	26,60	1449,49
376	03.08.2025 09:43:15	1,25	5,43	30,49	26,60	1449,50
377	03.08.2025 09:43:16	1,21	5,46	30,47	26,55	1449,30
378	03.08.2025 09:43:17	1,17	5,47	30,51	26,55	1449,17
379	03.08.2025 09:43:18	1,17	5,51	30,48	26,53	1449,14
380	03.08.2025 09:43:19	1,13	5,52	30,52	26,53	1449,02
381	03.08.2025 09:43:20	1,13	5,56	30,52	26,53	1449,02
382	03.08.2025 09:43:21	1,09	5,58	30,56	26,53	1448,90
383	03.08.2025 09:43:22	1,09	5,59	30,56	26,53	1448,90
384	03.08.2025 09:43:23	1,05	5,63	30,60	26,53	1448,78
385	03.08.2025 09:43:24	1,05	5,66	30,60	26,53	1448,79
386	03.08.2025 09:43:25	1,05	5,70	30,59	26,53	1448,79
387	03.08.2025 09:43:26	1,05	5,73	30,59	26,53	1448,80
388	03.08.2025 09:43:27	1,05	5,73	30,59	26,53	1448,80
389	03.08.2025 09:43:28	1,01	5,75	30,63	26,53	1448,67
390	03.08.2025 09:43:29	1,01	5,78	30,63	26,53	1448,68
391	03.08.2025 09:43:30	1,01	5,78	30,63	26,53	1448,68
392	03.08.2025 09:43:31	1,01	5,82	30,63	26,53	1448,68
393	03.08.2025 09:43:32	1,01	5,82	30,63	26,53	1448,68
394	03.08.2025 09:43:33	1,01	5,84	30,63	26,53	1448,69
395	03.08.2025 09:43:34	0,97	5,85	30,67	26,53	1448,56
396	03.08.2025 09:43:35	0,97	5,89	30,67	26,53	1448,57
397	03.08.2025 09:43:36	0,97	5,89	30,67	26,53	1448,57
398	03.08.2025 09:43:37	0,97	5,89	30,67	26,53	1448,57
399	03.08.2025 09:43:38	0,97	5,91	30,67	26,53	1448,57
400	03.08.2025 09:43:39	0,97	5,93	30,67	26,53	1448,57
401	03.08.2025 09:43:40	0,93	5,92	30,71	26,53	1448,45
402	03.08.2025 09:43:41	0,93	5,92	30,71	26,53	1448,45
403	03.08.2025 09:43:42	0,93	5,92	30,71	26,53	1448,45
404	03.08.2025 09:43:43	0,93	5,94	30,71	26,53	1448,45
405	03.08.2025 09:43:44	0,93	5,94	30,71	26,53	1448,45
406	03.08.2025 09:43:45	0,93	5,94	30,71	26,53	1448,45
407	03.08.2025 09:43:46	0,93	5,94	30,71	26,53	1448,45
408	03.08.2025 09:43:47	0,93	5,96	30,71	26,53	1448,45
409	03.08.2025 09:43:48	0,89	5,97	30,75	26,53	1448,33
410	03.08.2025 09:43:49	0,89	5,95	30,75	26,53	1448,33
411	03.08.2025 09:43:50	0,89	5,94	30,79	26,56	1448,37
412	03.08.2025 09:43:51	0,89	5,95	30,75	26,53	1448,33
413	03.08.2025 09:43:52	0,89	5,97	30,75	26,53	1448,33
414	03.08.2025 09:43:53	0,89	5,97	30,75	26,53	1448,33
415	03.08.2025 09:43:54	0,89	5,97	30,75	26,53	1448,33
416	03.08.2025 09:43:55	0,89	5,97	30,75	26,53	1448,33
417	03.08.2025 09:43:56	0,89	5,97	30,75	26,53	1448,33
418	03.08.2025 09:43:57	0,89	5,97	30,75	26,53	1448,33
419	03.08.2025 09:43:58	0,89	5,97	30,75	26,53	1448,33
420	03.08.2025 09:43:59	0,89	5,99	30,75	26,53	1448,33
421	03.08.2025 09:44:00	0,85	5,97	30,83	26,56	1448,25
422	03.08.2025 09:44:01	0,85	5,97	30,80	26,54	1448,20
423	03.08.2025 09:44:02	0,85	5,97	30,80	26,54	1448,20
424	03.08.2025 09:44:03	0,85	5,97	30,83	26,56	1448,25
425	03.08.2025 09:44:04	0,85	5,97	30,83	26,56	1448,25
426	03.08.2025 09:44:05	0,85	5,97	30,83	26,56	1448,25
427	03.08.2025 09:44:06	0,85	5,97	30,83	26,56	1448,25
428	03.08.2025 09:44:07	0,85	5,97	30,83	26,56	1448,25
429	03.08.2025 09:44:08	0,85	5,97	30,83	26,56	1448,25
430	03.08.2025 09:44:09	0,85	5,97	30,80	26,54	1448,20
431	03.08.2025 09:44:10	0,85	5,99	30,80	26,54	1448,21
432	03.08.2025 09:44:11	0,85	5,97	30,83	26,56	1448,25
433	03.08.2025 09:44:12	0,85	5,99	30,80	26,54	1448,21
434	03.08.2025 09:44:13	0,85	5,97	30,83	26,56	1448,25
435	03.08.2025 09:44:14	0,85	5,99	30,80	26,54	1448,21
436	03.08.2025 09:44:15	0,85	5,99	30,83	26,56	1448,25
437	03.08.2025 09:44:16	0,81	5,97	30,87	26,56	1448,12
438	03.08.2025 09:44:17	0,81	5,98	30,87	26,56	1448,12
439	03.08.2025 09:44:18	0,81	5,97	30,87	26,56	1448,12
440	03.08.2025 09:44:19	0,81	5,97	30,87	26,56	1448,12
441	03.08.2025 09:44:20	0,81	5,98	30,87	26,56	1448,12
442	03.08.2025 09:44:21	0,81	5,98	30,87	26,56	1448,12
443	03.08.2025 09:44:22	0,81	5,97	30,87	26,56	1448,12
444	03.08.2025 09:44:23	0,81	5,98	30,87	26,56	1448,12
445	03.08.2025 09:44:24	0,81	5,98	30,87	26,56	1448,12
446	03.08.2025 09:44:25	0,81	5,97	30,87	26,56	1448,12
447	03.08.2025 09:44:26	0,81	5,98	30,87	26,56	1448,12
448	03.08.2025 09:44:27	0,81	5,98	30,87	26,56	1448,12
449	03.08.2025 09:44:28	0,81	5,98	30,87	26,56	1448,12
450	03.08.2025 09:44:29	0,81	5,98	30,87	26,56	1448,12
451	03.08.2025 09:44:30	0,81	5,98	30,87	26,56	1448,12
452	03.08.2025 09:44:31	0,81	5,98	30,87	26,56	1448,12
453	03.08.2025 09:44:32	0,81	5,97	30,84	26,54	1448,08
454	03.08.2025 09:44:33	0,81	5,98	30,87	26,56	1448,12
455	03.08.2025 09:44:34	0,81	5,97	30,84	26,54	1448,08
456	03.08.2025 09:44:35	0,81	5,98	30,87	26,56	1448,12
457	03.08.2025 09:44:36	0,81	5,98	30,87	26,56	1448,12
458	03.08.2025 09:44:37	0,81	5,98	30,87	26,56	1448,12
459	03.08.2025 09:44:38	0,81	5,97	30,87	26,56	1448,12
460	03.08.2025 09:44:39	0,81	5,97	30,87	26,56	1448,12
461	03.08.2025 09:44:40	0,81	5,98	30,87	26,56	1448,12
462	03.08.2025 09:44:41	0,81	5,98	30,87	26,56	1448,12
463	03.08.2025 09:44:42	0,81	5,97	30,87	26,56	1448,12
464	03.08.2025 09:44:43	0,81	5,97	30,87	26,56	1448,12
465	03.08.2025 09:44:44	0,81	5,97	30,87	26,56	1448,12
466	03.08.2025 09:44:45	0,81	5,98	30,87	26,56	1448,12
467	03.08.2025 09:44:46	0,81	5,98	30,87	26,56	1448,12
468	03.08.2025 09:44:47	0,81	5,98	30,87	26,56	1448,12
469	03.08.2025 09:44:48	0,81	5,98	30,87	26,56	1448,12
470	03.08.2025 09:44:49	0,81	5,98	30,87	26,56	1448,12
471	03.08.2025 09:44:50	0,81	5,98	30,87	26,56	1448,12
472	03.08.2025 09:44:51	0,77	5,98	30,91	26,56	1448,00
473	03.08.2025 09:44:52	0,81	5,98	30,87	26,56	1448,12
474	03.08.2025 09:44:53	0,81	5,98	30,87	26,56	1448,12
475	03.08.2025 09:44:54	0,81	5,98	30,87	26,56	1448,12
476	03.08.2025 09:44:55	0,77	5,98	30,91	26,56	1448,00
477	03.08.2025 09:44:56	0,77	5,98	30,91	26,56	1447,99
478	03.08.2025 09:44:57	0,77	5,98	30,91	26,56	1447,99
479	03.08.2025 09:44:58	0,77	5,98	30,91	26,56	1447,99
480	03.08.2025 09:44:59	0,77	6,00	30,91	26,56	1448,00
481	03.08.2025 09:45:00	0,77	5,98	30,91	26,56	1447,99
482	03.08.2025 09:45:01	0,77	5,98	30,91	26,56	1447,99
483	03.08.2025 09:45:02	0,77	5,98	30,91	26,56	1447,99
484	03.08.2025 09:45:03	0,77	5,98	30,91	26,56	1447,99
485	03.08.2025 09:45:04	0,77	5,98	30,91	26,56	1447,99
486	03.08.2025 09:45:05	0,77	5,98	30,91	26,56	1447,99
487	03.08.2025 09:45:06	0,77	5,98	30,91	26,56	1447,99
488	03.08.2025 09:45:07	0,77	5,98	30,91	26,56	1447,99
489	03.08.2025 09:45:08	0,77	5,98	30,91	26,56	1447,99
490	03.08.2025 09:45:09	0,77	5,98	30,91	26,56	1447,99
491	03.08.2025 09:45:10	0,77	5,96	30,91	26,56	1447,99
492	03.08.2025 09:45:11	0,77	5,98	30,91	26,56	1447,99
493	03.08.2025 09:45:12	0,77	5,98	30,91	26,56	1447,99
494	03.08.2025 09:45:13	0,77	5,96	30,91	26,56	1447,99
495	03.08.2025 09:45:14	0,77	5,96	30,91	26,56	1447,99
496	03.08.2025 09:45:15	0,77	5,98	30,91	26,56	1447,99
497	03.08.2025 09:45:16	0,77	5,98	30,91	26,56	1447,99
498	03.08.2025 09:45:17	0,77	5,98	30,91	26,56	1447,99
499	03.08.2025 09:45:18	0,77	5,96	30,91	26,56	1447,99
500	03.08.2025 09:45:19	0,77	5,96	30,91	26,56	1447,99
501	03.08.2025 09:45:20	0,77	5,98	30,91	26,56	1447,99
502	03.08.2025 09:45:21	0,77	5,98	30,91	26,56	1447,99
503	03.08.2025 09:45:22	0,77	5,98	30,91	26,56	1447,99
504	03.08.2025 09:45:23	0,77	5,96	30,91	26,56	1447,99
505	03.08.2025 09:45:24	0,77	5,96	30,91	26,56	1447,99
506	03.08.2025 09:45:25	0,77	5,96	30,91	26,56	1447,99
507	03.08.2025 09:45:26	0,77	5,98	30,91	26,56	1447,99
508	03.08.2025 09:45:27	0,77	5,96	30,91	26,56	1447,99
509	03.08.2025 09:45:28	0,77	5,96	30,91	26,56	1447,99
510	03.08.2025 09:45:29	0,77	5,96	30,91	26,56	1447,99
511	03.08.2025 09:45:30	0,77	5,98	30,91	26,56	1447,99
512	03.08.2025 09:45:31	0,77	5,96	30,91	26,56	1447,99
513	03.08.2025 09:45:32	0,77	5,96	30,91	26,56	1447,99
514	03.08.2025 09:45:33	0,77	5,98	30,91	26,56	1447,99
515	03.08.2025 09:45:34	0,77	5,98	30,91	26,56	1447,99
516	03.08.2025 09:45:35	0,77	5,98	30,91	26,56	1447,99
517	03.08.2025 09:45:36	0,77	5,98	30,91	26,56	1447,99
518	03.08.2025 09:45:37	0,77	5,98	30,91	26,56	1447,99
519	03.08.2025 09:45:38	0,77	5,98	30,91	26,56	1447,99
520	03.08.2025 09:45:39	0,77	5,98	30,91	26,56	1447,99
521	03.08.2025 09:45:40	0,77	5,98	30,91	26,56	1447,99
522	03.08.2025 09:45:41	0,77	5,98	30,91	26,56	1447,99
523	03.08.2025 09:45:42	0,77	5,98	30,91	26,56	1447,99
524	03.08.2025 09:45:43	0,77	5,96	30,91	26,56	1447,99
525	03.08.2025 09:45:44	0,77	5,96	30,91	26,56	1447,99
526	03.08.2025 09:45:45	0,77	5,96	30,91	26,56	1447,99
527	03.08.2025 09:45:46	0,77	5,96	30,91	26,56	1447,99
528	03.08.2025 09:45:47	0,77	5,95	30,91	26,56	1447,99
529	03.08.2025 09:45:48	0,77	5,95	30,91	26,56	1447,99
530	03.08.2025 09:45:49	0,77	5,96	30,91	26,56	1447,99
531	03.08.2025 09:45:50	0,77	5,96	30,91	26,56	1447,99
532	03.08.2025 09:45:51	0,77	5,95	30,91	26,56	1447,99
533	03.08.2025 09:45:52	0,77	5,95	30,91	26,56	1447,99
534	03.08.2025 09:45:53	0,77	5,93	30,91	26,56	1447,99
535	03.08.2025 09:45:54	0,77	5,96	30,91	26,56	1447,99
536	03.08.2025 09:45:55	0,77	5,96	30,91	26,56	1447,99
537	03.08.2025 09:45:56	0,77	5,95	30,91	26,56	1447,99
538	03.08.2025 09:45:57	0,77	5,93	30,91	26,56	1447,99
539	03.08.2025 09:45:58	0,77	5,95	30,91	26,56	1447,99
540	03.08.2025 09:45:59	0,77	5,95	30,91	26,56	1447,99
541	03.08.2025 09:46:00	0,77	5,95	30,91	26,56	1447,99
542	03.08.2025 09:46:01	0,77	5,95	30,91	26,56	1447,99
543	03.08.2025 09:46:02	0,77	5,95	30,91	26,56	1447,99
544	03.08.2025 09:46:03	0,77	5,95	30,91	26,56	1447,99
545	03.08.2025 09:46:04	0,77	5,95	30,91	26,56	1447,99
546	03.08.2025 09:46:05	0,77	5,95	30,91	26,56	1447,99
547	03.08.2025 09:46:06	0,77	5,96	30,94	26,59	1448,03
548	03.08.2025 09:46:07	0,77	5,95	30,91	26,56	1447,99
549	03.08.2025 09:46:08	0,77	5,93	30,91	26,56	1447,99
550	03.08.2025 09:46:09	0,77	5,91	30,91	26,56	1447,98
551	03.08.2025 09:46:10	0,77	5,95	30,91	26,56	1447,99
552	03.08.2025 09:46:11	0,77	5,95	30,91	26,56	1447,99
553	03.08.2025 09:46:12	0,77	5,93	30,91	26,56	1447,99
554	03.08.2025 09:46:13	0,77	5,95	30,91	26,56	1447,99
555	03.08.2025 09:46:14	0,77	5,95	30,91	26,56	1447,99
556	03.08.2025 09:46:15	0,77	5,95	30,91	26,56	1447,99
557	03.08.2025 09:46:16	0,77	5,95	30,91	26,56	1447,99
558	03.08.2025 09:46:17	0,77	5,95	30,91	26,56	1447,99
559	03.08.2025 09:46:18	0,77	5,96	30,91	26,56	1447,99
560	03.08.2025 09:46:19	0,77	5,95	30,91	26,56	1447,99
561	03.08.2025 09:46:20	0,77	5,93	30,94	26,59	1448,03
562	03.08.2025 09:46:21	0,77	5,95	30,91	26,56	1447,99
563	03.08.2025 09:46:22	0,77	5,93	30,94	26,59	1448,03
564	03.08.2025 09:46:23	0,77	5,93	30,91	26,56	1447,99
565	03.08.2025 09:46:24	0,77	5,95	30,91	26,56	1447,99
566	03.08.2025 09:46:25	0,77	5,93	30,91	26,56	1447,99
567	03.08.2025 09:46:26	0,77	5,93	30,91	26,56	1447,99
568	03.08.2025 09:46:27	0,77	5,93	30,91	26,56	1447,99
569	03.08.2025 09:46:28	0,77	5,93	30,91	26,56	1447,99
570	03.08.2025 09:46:29	0,77	5,95	30,91	26,56	1447,99
571	03.08.2025 09:46:30	0,77	5,93	30,91	26,56	1447,99
572	03.08.2025 09:46:31	0,77	5,93	30,91	26,56	1447,99
573	03.08.2025 09:46:32	0,77	5,93	30,91	26,56	1447,99
574	03.08.2025 09:46:33	0,77	5,95	30,91	26,56	1447,99
575	03.08.2025 09:46:34	0,77	5,93	30,91	26,56	1447,99
576	03.08.2025 09:46:35	0,77	5,91	30,91	26,56	1447,98
577	03.08.2025 09:46:36	0,77	5,93	30,91	26,56	1447,99
578	03.08.2025 09:46:37	0,77	5,93	30,91	26,56	1447,99
579	03.08.2025 09:46:38	0,77	5,93	30,91	26,56	1447,99
580	03.08.2025 09:46:39	0,77	5,91	30,91	26,56	1447,98
581	03.08.2025 09:46:40	0,77	5,91	30,91	26,56	1447,98
582	03.08.2025 09:46:41	0,77	5,91	30,91	26,56	1447,98
583	03.08.2025 09:46:42	0,77	5,91	30,94	26,59	1448,03
584	03.08.2025 09:46:43	0,77	5,91	30,91	26,56	1447,98
585	03.08.2025 09:46:44	0,77	5,91	30,91	26,56	1447,98
586	03.08.2025 09:46:45	0,77	5,91	30,94	26,59	1448,03
587	03.08.2025 09:46:46	0,77	5,91	30,94	26,59	1448,03
588	03.08.2025 09:46:47	0,77	5,91	30,94	26,59	1448,03
589	03.08.2025 09:46:48	0,77	5,91	30,94	26,59	1448,03
590	03.08.2025 09:46:49	0,77	5,89	30,91	26,56	1447,98
591	03.08.2025 09:46:50	0,77	5,91	30,91	26,56	1447,98
592	03.08.2025 09:46:51	0,77	5,91	30,94	26,59	1448,03
593	03.08.2025 09:46:52	0,77	5,91	30,91	26,56	1447,98
594	03.08.2025 09:46:53	0,77	5,91	30,91	26,56	1447,98
595	03.08.2025 09:46:54	0,77	5,91	30,91	26,56	1447,98
596	03.08.2025 09:46:55	0,77	5,89	30,91	26,56	1447,98
597	03.08.2025 09:46:56	0,77	5,91	30,91	26,56	1447,98
598	03.08.2025 09:46:57	0,77	5,89	30,91	26,56	1447,98
599	03.08.2025 09:46:58	0,77	5,91	30,94	26,59	1448,03
600	03.08.2025 09:46:59	0,77	5,91	30,91	26,56	1447,98
601	03.08.2025 09:47:00	0,77	5,89	30,91	26,56	1447,98
602	03.08.2025 09:47:01	0,77	5,89	30,91	26,56	1447,98
603	03.08.2025 09:47:02	0,77	5,89	30,94	26,59	1448,02
604	03.08.2025 09:47:03	0,77	5,93	30,94	26,59	1448,03
605	03.08.2025 09:47:04	0,77	5,91	30,94	26,59	1448,03
606	03.08.2025 09:47:05	0,77	5,91	30,94	26,59	1448,03
607	03.08.2025 09:47:06	0,77	5,91	30,94	26,59	1448,03
608	03.08.2025 09:47:07	0,77	5,91	30,91	26,56	1447,98
609	03.08.2025 09:47:08	0,77	5,91	30,91	26,56	1447,98
610	03.08.2025 09:47:09	0,77	5,91	30,94	26,59	1448,03
611	03.08.2025 09:47:10	0,77	5,93	30,91	26,56	1447,99
612	03.08.2025 09:47:11	0,77	5,93	30,94	26,59	1448,03
613	03.08.2025 09:47:12	0,77	5,91	30,94	26,59	1448,03
614	03.08.2025 09:47:13	0,77	5,93	30,94	26,59	1448,03
615	03.08.2025 09:47:14	0,77	5,93	30,94	26,59	1448,03
616	03.08.2025 09:47:15	0,77	5,93	30,94	26,59	1448,03
617	03.08.2025 09:47:16	0,77	5,91	30,91	26,56	1447,98
618	03.08.2025 09:47:17	0,77	5,91	30,94	26,59	1448,03
619	03.08.2025 09:47:18	0,77	5,93	30,94	26,59	1448,03
620	03.08.2025 09:47:19	0,77	5,93	30,94	26,59	1448,03
621	03.08.2025 09:47:20	0,77	5,91	30,91	26,56	1447,98
622	03.08.2025 09:47:21	0,77	5,89	30,94	26,59	1448,02
623	03.08.2025 09:47:22	0,77	5,91	30,91	26,56	1447,98
624	03.08.2025 09:47:23	0,77	5,91	30,91	26,56	1447,98
625	03.08.2025 09:47:24	0,77	5,91	30,94	26,59	1448,03
626	03.08.2025 09:47:25	0,77	5,87	30,94	26,59	1448,02
627	03.08.2025 09:47:26	0,77	5,89	30,94	26,59	1448,02
628	03.08.2025 09:47:27	0,77	5,89	30,91	26,56	1447,98
629	03.08.2025 09:47:28	0,77	5,89	30,91	26,56	1447,98
630	03.08.2025 09:47:29	0,77	5,89	30,94	26,59	1448,02
631	03.08.2025 09:47:30	0,77	5,87	30,91	26,56	1447,98
632	03.08.2025 09:47:31	0,77	5,87	30,91	26,56	1447,98
633	03.08.2025 09:47:32	0,77	5,89	30,94	26,59	1448,02
634	03.08.2025 09:47:33	0,77	5,89	30,94	26,59	1448,02
635	03.08.2025 09:47:34	0,77	5,87	30,94	26,59	1448,02
636	03.08.2025 09:47:35	0,77	5,87	30,91	26,56	1447,98
637	03.08.2025 09:47:36	0,77	5,87	30,94	26,59	1448,02
638	03.08.2025 09:47:37	0,77	5,87	30,91	26,56	1447,98
639	03.08.2025 09:47:38	0,77	5,87	30,94	26,59	1448,02
640	03.08.2025 09:47:39	0,81	5,88	30,87	26,56	1448,10
641	03.08.2025 09:47:40	0,77	5,86	30,91	26,56	1447,98
642	03.08.2025 09:47:41	0,77	5,86	30,94	26,59	1448,02
643	03.08.2025 09:47:42	0,77	5,87	30,94	26,59	1448,02
644	03.08.2025 09:47:43	0,77	5,89	30,94	26,59	1448,02
645	03.08.2025 09:47:44	0,81	5,84	30,90	26,59	1448,14
646	03.08.2025 09:47:45	0,81	5,82	30,90	26,59	1448,14
647	03.08.2025 09:47:46	0,77	5,86	30,94	26,59	1448,02
648	03.08.2025 09:47:47	0,81	5,86	30,90	26,59	1448,14
649	03.08.2025 09:47:48	0,77	5,84	30,94	26,59	1448,02
650	03.08.2025 09:47:49	0,77	5,84	30,94	26,59	1448,02
651	03.08.2025 09:47:50	0,77	5,86	30,94	26,59	1448,02
652	03.08.2025 09:47:51	0,81	5,86	30,90	26,59	1448,14
653	03.08.2025 09:47:52	0,77	5,86	30,94	26,59	1448,02
654	03.08.2025 09:47:53	0,81	5,84	30,90	26,59	1448,14
655	03.08.2025 09:47:54	0,81	5,84	30,90	26,59	1448,14
656	03.08.2025 09:47:55	0,81	5,86	30,90	26,59	1448,14
657	03.08.2025 09:47:56	0,81	5,86	30,90	26,59	1448,14
658	03.08.2025 09:47:57	0,81	5,86	30,90	26,59	1448,14
659	03.08.2025 09:47:58	0,81	5,84	30,90	26,59	1448,14
660	03.08.2025 09:47:59	0,81	5,84	30,90	26,59	1448,14
661	03.08.2025 09:48:00	0,81	5,84	30,90	26,59	1448,14
662	03.08.2025 09:48:01	0,81	5,82	30,90	26,59	1448,14
663	03.08.2025 09:48:02	0,81	5,82	30,90	26,59	1448,14
664	03.08.2025 09:48:03	0,81	5,82	30,90	26,59	1448,14
665	03.08.2025 09:48:04	0,81	5,84	30,90	26,59	1448,14
666	03.08.2025 09:48:05	0,81	5,84	30,90	26,59	1448,14
667	03.08.2025 09:48:06	0,77	5,82	30,94	26,59	1448,01
668	03.08.2025 09:48:07	0,81	5,82	30,90	26,59	1448,14
669	03.08.2025 09:48:08	0,77	5,82	30,94	26,59	1448,01
670	03.08.2025 09:48:09	0,81	5,84	30,90	26,59	1448,14
671	03.08.2025 09:48:10	0,81	5,84	30,90	26,59	1448,14
672	03.08.2025 09:48:11	0,81	5,82	30,87	26,56	1448,10
673	03.08.2025 09:48:12	0,81	5,82	30,90	26,59	1448,14
674	03.08.2025 09:48:13	0,81	5,84	30,90	26,59	1448,14
675	03.08.2025 09:48:14	0,81	5,82	30,87	26,56	1448,10
676	03.08.2025 09:48:15	0,81	5,82	30,90	26,59	1448,14
677	03.08.2025 09:48:16	0,81	5,84	30,87	26,56	1448,10
678	03.08.2025 09:48:17	0,81	5,84	30,90	26,59	1448,14
679	03.08.2025 09:48:18	0,81	5,84	30,90	26,59	1448,14
680	03.08.2025 09:48:19	0,81	5,84	30,90	26,59	1448,14
681	03.08.2025 09:48:20	0,81	5,84	30,87	26,56	1448,10
682	03.08.2025 09:48:21	0,81	5,84	30,90	26,59	1448,14
683	03.08.2025 09:48:22	0,81	5,84	30,90	26,59	1448,14
684	03.08.2025 09:48:23	0,81	5,86	30,90	26,59	1448,14
685	03.08.2025 09:48:24	0,81	5,84	30,90	26,59	1448,14
686	03.08.2025 09:48:25	0,81	5,84	30,90	26,59	1448,14
687	03.08.2025 09:48:26	0,81	5,84	30,90	26,59	1448,14
688	03.08.2025 09:48:27	0,81	5,86	30,90	26,59	1448,14
689	03.08.2025 09:48:28	0,81	5,84	30,90	26,59	1448,14
690	03.08.2025 09:48:29	0,81	5,86	30,90	26,59	1448,14
691	03.08.2025 09:48:30	0,81	5,84	30,90	26,59	1448,14
692	03.08.2025 09:48:31	0,81	5,86	30,90	26,59	1448,14
693	03.08.2025 09:48:32	0,81	5,84	30,90	26,59	1448,14
694	03.08.2025 09:48:33	0,81	5,84	30,90	26,59	1448,14
695	03.08.2025 09:48:34	0,81	5,84	30,90	26,59	1448,14
696	03.08.2025 09:48:35	0,81	5,84	30,90	26,59	1448,14
697	03.08.2025 09:48:36	0,81	5,84	30,90	26,59	1448,14
698	03.08.2025 09:48:37	0,81	5,84	30,90	26,59	1448,14
699	03.08.2025 09:48:38	0,81	5,84	30,90	26,59	1448,14
700	03.08.2025 09:48:39	0,81	5,84	30,90	26,59	1448,14
701	03.08.2025 09:48:40	0,81	5,82	30,90	26,59	1448,14
702	03.08.2025 09:48:41	0,81	5,84	30,90	26,59	1448,14
703	03.08.2025 09:48:42	0,81	5,84	30,90	26,59	1448,14
704	03.08.2025 09:48:43	0,81	5,84	30,90	26,59	1448,14
705	03.08.2025 09:48:44	0,81	5,84	30,90	26,59	1448,14
706	03.08.2025 09:48:45	0,81	5,84	30,90	26,59	1448,14
707	03.08.2025 09:48:46	0,81	5,84	30,90	26,59	1448,14
708	03.08.2025 09:48:47	0,81	5,81	30,90	26,59	1448,14
709	03.08.2025 09:48:48	0,81	5,82	30,90	26,59	1448,14
710	03.08.2025 09:48:49	0,81	5,82	30,90	26,59	1448,14
711	03.08.2025 09:48:50	0,81	5,81	30,90	26,59	1448,14
712	03.08.2025 09:48:51	0,81	5,79	30,90	26,59	1448,13
713	03.08.2025 09:48:52	0,81	5,77	30,90	26,59	1448,13
714	03.08.2025 09:48:53	0,81	5,77	30,90	26,59	1448,13
715	03.08.2025 09:48:54	0,81	5,73	30,90	26,59	1448,13
716	03.08.2025 09:48:55	0,81	5,73	30,90	26,59	1448,13
717	03.08.2025 09:48:56	0,81	5,70	30,90	26,59	1448,12
718	03.08.2025 09:48:57	0,81	5,68	30,90	26,59	1448,12
719	03.08.2025 09:48:58	0,81	5,64	30,90	26,59	1448,11
720	03.08.2025 09:48:59	0,81	5,61	30,90	26,59	1448,11
721	03.08.2025 09:49:00	0,81	5,57	30,90	26,59	1448,10
722	03.08.2025 09:49:01	0,81	5,54	30,90	26,59	1448,09
723	03.08.2025 09:49:02	0,81	5,50	30,90	26,59	1448,09
724	03.08.2025 09:49:03	0,81	5,45	30,90	26,59	1448,08
725	03.08.2025 09:49:04	0,81	5,39	30,90	26,59	1448,07
726	03.08.2025 09:49:05	0,81	5,36	30,90	26,59	1448,07
727	03.08.2025 09:49:06	0,81	5,32	30,90	26,59	1448,06
728	03.08.2025 09:49:07	0,81	5,29	30,97	26,64	1448,14
729	03.08.2025 09:49:08	0,81	5,21	30,97	26,64	1448,13
730	03.08.2025 09:49:09	0,81	5,18	31,03	26,69	1448,21
731	03.08.2025 09:49:10	0,85	5,13	31,06	26,74	1448,41
732	03.08.2025 09:49:11	0,85	5,05	31,09	26,76	1448,44
733	03.08.2025 09:49:12	0,89	5,02	31,08	26,78	1448,61
734	03.08.2025 09:49:13	0,93	4,95	31,04	26,78	1448,72
735	03.08.2025 09:49:14	0,93	4,90	31,07	26,81	1448,76
736	03.08.2025 09:49:15	0,93	4,85	31,04	26,78	1448,70
737	03.08.2025 09:49:16	0,97	4,81	31,00	26,78	1448,82
738	03.08.2025 09:49:17	0,97	4,76	31,03	26,81	1448,86
739	03.08.2025 09:49:18	0,97	4,72	31,03	26,81	1448,85
740	03.08.2025 09:49:19	0,97	4,67	31,03	26,81	1448,84
741	03.08.2025 09:49:20	0,97	4,63	31,03	26,81	1448,84
742	03.08.2025 09:49:21	1,01	4,58	30,99	26,81	1448,96
743	03.08.2025 09:49:22	1,01	4,56	30,99	26,81	1448,95
744	03.08.2025 09:49:23	1,01	4,53	30,96	26,78	1448,91
745	03.08.2025 09:49:24	1,01	4,49	30,96	26,78	1448,90
746	03.08.2025 09:49:25	1,01	4,47	30,96	26,78	1448,90
747	03.08.2025 09:49:26	1,01	4,44	30,96	26,78	1448,89
748	03.08.2025 09:49:27	1,01	4,42	30,99	26,81	1448,93
749	03.08.2025 09:49:28	1,01	4,40	30,96	26,78	1448,89
750	03.08.2025 09:49:29	1,01	4,39	30,99	26,81	1448,93
751	03.08.2025 09:49:30	1,01	4,37	30,96	26,78	1448,88
752	03.08.2025 09:49:31	1,01	4,37	30,96	26,78	1448,88
753	03.08.2025 09:49:32	1,01	4,35	30,99	26,81	1448,92
754	03.08.2025 09:49:33	1,01	4,37	30,96	26,78	1448,88
755	03.08.2025 09:49:34	1,01	4,37	30,96	26,78	1448,88
756	03.08.2025 09:49:35	1,01	4,37	30,96	26,78	1448,88
757	03.08.2025 09:49:36	1,01	4,37	30,96	26,78	1448,88
758	03.08.2025 09:49:37	1,01	4,37	30,99	26,81	1448,92
759	03.08.2025 09:49:38	1,01	4,39	30,96	26,78	1448,88
760	03.08.2025 09:49:39	1,05	4,39	30,92	26,78	1449,01
761	03.08.2025 09:49:40	1,01	4,37	30,96	26,78	1448,88
762	03.08.2025 09:49:41	1,05	4,37	30,95	26,80	1449,05
763	03.08.2025 09:49:42	1,05	4,37	30,95	26,80	1449,05
764	03.08.2025 09:49:43	1,05	4,39	30,92	26,78	1449,01
765	03.08.2025 09:49:44	1,05	4,39	30,92	26,78	1449,01
766	03.08.2025 09:49:45	1,05	4,39	30,92	26,78	1449,01
767	03.08.2025 09:49:46	1,05	4,39	30,92	26,78	1449,01
768	03.08.2025 09:49:47	1,05	4,41	30,92	26,78	1449,01
769	03.08.2025 09:49:48	1,05	4,41	30,92	26,78	1449,01
770	03.08.2025 09:49:49	1,05	4,41	30,92	26,78	1449,01
771	03.08.2025 09:49:50	1,05	4,41	30,92	26,78	1449,01
772	03.08.2025 09:49:51	1,05	4,42	30,92	26,78	1449,01
773	03.08.2025 09:49:52	1,05	4,42	30,92	26,78	1449,01
774	03.08.2025 09:49:53	1,05	4,41	30,92	26,78	1449,01
775	03.08.2025 09:49:54	1,05	4,41	30,92	26,78	1449,01
776	03.08.2025 09:49:55	1,05	4,42	30,92	26,78	1449,01
777	03.08.2025 09:49:56	1,05	4,42	30,92	26,78	1449,01
778	03.08.2025 09:49:57	1,05	4,42	30,92	26,78	1449,01
779	03.08.2025 09:49:58	1,05	4,44	30,92	26,78	1449,02
780	03.08.2025 09:49:59	1,05	4,44	30,92	26,78	1449,02
781	03.08.2025 09:50:00	1,05	4,44	30,92	26,78	1449,02
782	03.08.2025 09:50:01	1,05	4,42	30,92	26,78	1449,01
783	03.08.2025 09:50:02	1,05	4,44	30,92	26,78	1449,02
784	03.08.2025 09:50:03	1,05	4,44	30,92	26,78	1449,02
785	03.08.2025 09:50:04	1,05	4,44	30,92	26,78	1449,02
786	03.08.2025 09:50:05	1,05	4,46	30,92	26,78	1449,02
787	03.08.2025 09:50:06	1,05	4,46	30,92	26,78	1449,02
788	03.08.2025 09:50:07	1,05	4,46	30,92	26,78	1449,02
789	03.08.2025 09:50:08	1,05	4,46	30,92	26,78	1449,02
790	03.08.2025 09:50:09	1,05	4,46	30,92	26,78	1449,02
791	03.08.2025 09:50:10	1,05	4,46	30,92	26,78	1449,02
792	03.08.2025 09:50:11	1,05	4,46	30,92	26,78	1449,02
793	03.08.2025 09:50:12	1,05	4,46	30,92	26,78	1449,02
794	03.08.2025 09:50:13	1,05	4,46	30,92	26,78	1449,02
795	03.08.2025 09:50:14	1,05	4,46	30,92	26,78	1449,02
796	03.08.2025 09:50:15	1,05	4,46	30,92	26,78	1449,02
797	03.08.2025 09:50:16	1,05	4,48	30,92	26,78	1449,02
798	03.08.2025 09:50:17	1,05	4,46	30,92	26,78	1449,02
799	03.08.2025 09:50:18	1,05	4,46	30,92	26,78	1449,02
800	03.08.2025 09:50:19	1,05	4,46	30,92	26,78	1449,02
801	03.08.2025 09:50:20	1,05	4,46	30,92	26,78	1449,02
802	03.08.2025 09:50:21	1,05	4,46	30,92	26,78	1449,02
803	03.08.2025 09:50:22	1,05	4,46	30,92	26,78	1449,02
804	03.08.2025 09:50:23	1,05	4,46	30,92	26,78	1449,02
805	03.08.2025 09:50:24	1,05	4,46	30,92	26,78	1449,02
806	03.08.2025 09:50:25	1,05	4,44	30,92	26,78	1449,02
807	03.08.2025 09:50:26	1,05	4,46	30,92	26,78	1449,02
808	03.08.2025 09:50:27	1,05	4,46	30,92	26,78	1449,02
809	03.08.2025 09:50:28	1,05	4,46	30,92	26,78	1449,02
810	03.08.2025 09:50:29	1,05	4,48	30,92	26,78	1449,02
811	03.08.2025 09:50:30	1,05	4,48	30,92	26,78	1449,02
812	03.08.2025 09:50:31	1,05	4,48	30,92	26,78	1449,02
813	03.08.2025 09:50:32	1,05	4,48	30,95	26,80	1449,06
814	03.08.2025 09:50:33	1,05	4,50	30,98	26,83	1449,11
815	03.08.2025 09:50:34	1,09	4,50	30,91	26,80	1449,19
816	03.08.2025 09:50:35	1,09	4,50	30,91	26,80	1449,19
817	03.08.2025 09:50:36	1,09	4,50	30,91	26,80	1449,19
818	03.08.2025 09:50:37	1,09	4,50	30,91	26,80	1449,19
819	03.08.2025 09:50:38	1,09	4,52	30,91	26,80	1449,20
820	03.08.2025 09:50:39	1,09	4,52	30,91	26,80	1449,20
821	03.08.2025 09:50:40	1,09	4,52	30,91	26,80	1449,20
822	03.08.2025 09:50:41	1,09	4,50	30,88	26,78	1449,15
823	03.08.2025 09:50:42	1,09	4,50	30,88	26,78	1449,15
824	03.08.2025 09:50:43	1,09	4,52	30,88	26,78	1449,15
825	03.08.2025 09:50:44	1,09	4,50	30,91	26,80	1449,19
826	03.08.2025 09:50:45	1,09	4,48	30,91	26,80	1449,19
827	03.08.2025 09:50:46	1,09	4,48	30,88	26,78	1449,15
828	03.08.2025 09:50:47	1,09	4,48	30,88	26,78	1449,15
829	03.08.2025 09:50:48	1,09	4,50	30,88	26,78	1449,15
830	03.08.2025 09:50:49	1,09	4,46	30,88	26,78	1449,15
831	03.08.2025 09:50:50	1,09	4,46	30,88	26,78	1449,15
832	03.08.2025 09:50:51	1,09	4,46	30,88	26,78	1449,15
833	03.08.2025 09:50:52	1,09	4,46	30,88	26,78	1449,15
834	03.08.2025 09:50:53	1,09	4,46	30,88	26,78	1449,15
835	03.08.2025 09:50:54	1,05	4,44	30,92	26,78	1449,02
836	03.08.2025 09:50:55	1,05	4,44	30,92	26,78	1449,02
837	03.08.2025 09:50:56	1,05	4,44	30,92	26,78	1449,02
838	03.08.2025 09:50:57	1,05	4,44	30,92	26,78	1449,02
839	03.08.2025 09:50:58	1,05	4,42	30,92	26,78	1449,01
840	03.08.2025 09:50:59	1,05	4,44	30,92	26,78	1449,02
841	03.08.2025 09:51:00	1,05	4,42	30,92	26,78	1449,01
842	03.08.2025 09:51:01	1,05	4,41	30,92	26,78	1449,01
843	03.08.2025 09:51:02	1,05	4,42	30,92	26,78	1449,01
844	03.08.2025 09:51:03	1,05	4,41	30,92	26,78	1449,01
845	03.08.2025 09:51:04	1,05	4,41	30,92	26,78	1449,01
846	03.08.2025 09:51:05	1,05	4,41	30,92	26,78	1449,01
847	03.08.2025 09:51:06	1,09	4,41	30,88	26,78	1449,14
848	03.08.2025 09:51:07	1,09	4,39	30,88	26,78	1449,13
849	03.08.2025 09:51:08	1,05	4,39	30,92	26,78	1449,01
850	03.08.2025 09:51:09	1,09	4,39	30,88	26,78	1449,13
851	03.08.2025 09:51:10	1,05	4,39	30,95	26,80	1449,05
852	03.08.2025 09:51:11	1,09	4,37	30,88	26,78	1449,13
853	03.08.2025 09:51:12	1,09	4,37	30,88	26,78	1449,13
854	03.08.2025 09:51:13	1,09	4,37	30,88	26,78	1449,13
855	03.08.2025 09:51:14	1,09	4,37	30,88	26,78	1449,13
856	03.08.2025 09:51:15	1,09	4,34	30,91	26,80	1449,17
857	03.08.2025 09:51:16	1,09	4,34	30,88	26,78	1449,13
858	03.08.2025 09:51:17	1,09	4,34	30,91	26,80	1449,17
859	03.08.2025 09:51:18	1,09	4,32	31,01	26,88	1449,29
860	03.08.2025 09:51:19	1,09	4,30	31,07	26,93	1449,37
861	03.08.2025 09:51:20	1,13	4,29	31,03	26,93	1449,49
862	03.08.2025 09:51:21	1,17	4,27	30,99	26,93	1449,62
863	03.08.2025 09:51:22	1,17	4,25	31,02	26,95	1449,66
864	03.08.2025 09:51:23	1,21	4,24	31,01	26,98	1449,82
865	03.08.2025 09:51:24	1,21	4,22	31,01	26,98	1449,82
866	03.08.2025 09:51:25	1,21	4,22	31,01	26,98	1449,82
867	03.08.2025 09:51:26	1,25	4,21	30,97	26,97	1449,94
868	03.08.2025 09:51:27	1,25	4,19	31,00	27,00	1449,98
869	03.08.2025 09:51:28	1,25	4,17	31,00	27,00	1449,97
870	03.08.2025 09:51:29	1,25	4,15	31,00	27,00	1449,97
871	03.08.2025 09:51:30	1,25	4,15	31,03	27,02	1450,01
872	03.08.2025 09:51:31	1,29	4,12	31,03	27,05	1450,17
873	03.08.2025 09:51:32	1,29	4,10	31,03	27,05	1450,17
874	03.08.2025 09:51:33	1,33	4,07	31,02	27,07	1450,33
875	03.08.2025 09:51:34	1,33	4,03	31,05	27,10	1450,37
876	03.08.2025 09:51:35	1,37	4,02	31,07	27,15	1450,57
877	03.08.2025 09:51:36	1,37	4,00	31,13	27,20	1450,65
878	03.08.2025 09:51:37	1,40	3,97	31,16	27,24	1450,85
879	03.08.2025 09:51:38	1,44	3,93	31,18	27,29	1451,05
880	03.08.2025 09:51:39	1,52	3,92	31,16	27,34	1451,38
881	03.08.2025 09:51:40	1,56	3,89	31,34	27,51	1451,78
882	03.08.2025 09:51:41	1,64	3,86	31,38	27,61	1452,18
883	03.08.2025 09:51:42	1,72	3,85	31,49	27,76	1452,67
884	03.08.2025 09:51:43	1,83	3,80	31,46	27,83	1453,15
885	03.08.2025 09:51:44	1,91	3,77	31,63	28,03	1453,71
886	03.08.2025 09:51:45	2,07	3,73	31,47	28,02	1454,17
887	03.08.2025 09:51:46	2,14	3,70	31,46	28,07	1454,49
888	03.08.2025 09:51:47	2,22	3,69	31,41	28,10	1454,76
889	03.08.2025 09:51:48	2,30	3,64	31,43	28,17	1455,11
890	03.08.2025 09:51:49	2,33	3,61	31,42	28,19	1455,26
891	03.08.2025 09:51:50	2,41	3,58	31,34	28,19	1455,49
892	03.08.2025 09:51:51	2,45	3,54	31,30	28,19	1455,60
893	03.08.2025 09:51:52	2,49	3,51	31,30	28,22	1455,76
894	03.08.2025 09:51:53	2,53	3,50	31,29	28,24	1455,91
895	03.08.2025 09:51:54	2,56	3,46	31,28	28,26	1456,06
896	03.08.2025 09:51:55	2,60	3,43	31,24	28,26	1456,17
897	03.08.2025 09:51:56	2,68	3,42	31,20	28,29	1456,44
898	03.08.2025 09:51:57	2,68	3,38	31,23	28,31	1456,48
899	03.08.2025 09:51:58	2,75	3,35	31,24	28,39	1456,82
900	03.08.2025 09:51:59	2,79	3,32	31,29	28,46	1457,05
901	03.08.2025 09:52:00	2,87	3,29	31,31	28,53	1457,39
902	03.08.2025 09:52:01	2,91	3,27	31,30	28,56	1457,55
903	03.08.2025 09:52:02	2,98	3,22	31,29	28,60	1457,85
904	03.08.2025 09:52:03	3,06	3,18	31,24	28,63	1458,10
905	03.08.2025 09:52:04	3,13	3,15	31,20	28,65	1458,37
906	03.08.2025 09:52:05	3,17	3,15	31,19	28,68	1458,52
907	03.08.2025 09:52:06	3,25	3,10	31,18	28,73	1458,82
908	03.08.2025 09:52:07	3,28	3,05	31,20	28,77	1459,00
909	03.08.2025 09:52:08	3,36	3,00	31,13	28,77	1459,22
910	03.08.2025 09:52:09	3,43	2,99	31,02	28,75	1459,40
911	03.08.2025 09:52:10	3,47	2,95	30,99	28,75	1459,51
912	03.08.2025 09:52:11	3,51	2,96	30,92	28,72	1459,59
913	03.08.2025 09:52:12	3,55	2,92	30,89	28,72	1459,69
914	03.08.2025 09:52:13	3,55	2,91	30,92	28,75	1459,73
915	03.08.2025 09:52:14	3,58	2,93	30,85	28,72	1459,81
916	03.08.2025 09:52:15	3,62	2,97	30,85	28,75	1459,96
917	03.08.2025 09:52:16	3,66	2,97	30,78	28,72	1460,04
918	03.08.2025 09:52:17	3,66	2,93	30,78	28,72	1460,03
919	03.08.2025 09:52:18	3,69	2,95	30,75	28,72	1460,15
920	03.08.2025 09:52:19	3,69	2,97	30,75	28,72	1460,15
921	03.08.2025 09:52:20	3,73	2,96	30,71	28,72	1460,26
922	03.08.2025 09:52:21	3,73	2,97	30,71	28,72	1460,26
923	03.08.2025 09:52:22	3,77	2,99	30,70	28,75	1460,42
924	03.08.2025 09:52:23	3,77	3,03	30,70	28,75	1460,42
925	03.08.2025 09:52:24	3,81	3,05	30,67	28,75	1460,54
926	03.08.2025 09:52:25	3,81	3,09	30,67	28,75	1460,54
927	03.08.2025 09:52:26	3,81	3,09	30,67	28,75	1460,54
928	03.08.2025 09:52:27	3,81	3,12	30,64	28,72	1460,51
929	03.08.2025 09:52:28	3,81	3,16	30,61	28,70	1460,48
930	03.08.2025 09:52:29	3,81	3,16	30,58	28,67	1460,44
931	03.08.2025 09:52:30	3,81	3,18	30,55	28,65	1460,40
932	03.08.2025 09:52:31	3,81	3,19	30,55	28,65	1460,41
933	03.08.2025 09:52:32	3,81	3,21	30,52	28,62	1460,37
934	03.08.2025 09:52:33	3,81	3,21	30,49	28,60	1460,33
935	03.08.2025 09:52:34	3,77	3,25	30,56	28,62	1460,27
936	03.08.2025 09:52:35	3,77	3,25	30,53	28,60	1460,23
937	03.08.2025 09:52:36	3,77	3,25	30,53	28,60	1460,23
938	03.08.2025 09:52:37	3,77	3,23	30,53	28,60	1460,22
939	03.08.2025 09:52:38	3,81	3,21	30,55	28,65	1460,41
940	03.08.2025 09:52:39	3,81	3,18	30,55	28,65	1460,40
941	03.08.2025 09:52:40	3,81	3,16	30,58	28,67	1460,44
942	03.08.2025 09:52:41	3,84	3,14	30,55	28,67	1460,55
943	03.08.2025 09:52:42	3,88	3,15	30,54	28,70	1460,70
944	03.08.2025 09:52:43	3,88	3,09	30,57	28,72	1460,73
945	03.08.2025 09:52:44	3,92	3,08	30,53	28,72	1460,84
946	03.08.2025 09:52:45	3,95	3,06	30,53	28,74	1460,98
947	03.08.2025 09:52:46	3,95	3,06	30,53	28,74	1460,98
948	03.08.2025 09:52:47	3,99	3,05	30,49	28,74	1461,09
949	03.08.2025 09:52:48	3,99	3,01	30,46	28,72	1461,05
950	03.08.2025 09:52:49	4,03	3,00	30,40	28,69	1461,12
951	03.08.2025 09:52:50	4,03	3,01	30,40	28,69	1461,12
952	03.08.2025 09:52:51	4,06	3,00	30,37	28,69	1461,23
953	03.08.2025 09:52:52	4,06	2,98	30,37	28,69	1461,23
954	03.08.2025 09:52:53	4,06	2,96	30,37	28,69	1461,23
955	03.08.2025 09:52:54	4,10	2,98	30,33	28,69	1461,34
956	03.08.2025 09:52:55	4,10	2,97	30,33	28,69	1461,34
957	03.08.2025 09:52:56	4,10	2,97	30,36	28,72	1461,37
958	03.08.2025 09:52:57	4,10	2,93	30,36	28,72	1461,37
959	03.08.2025 09:52:58	4,10	2,95	30,36	28,72	1461,37
960	03.08.2025 09:52:59	4,14	2,93	30,33	28,72	1461,48
961	03.08.2025 09:53:00	4,14	2,95	30,33	28,72	1461,48
962	03.08.2025 09:53:01	4,14	2,97	30,30	28,69	1461,45
963	03.08.2025 09:53:02	4,14	2,99	30,30	28,69	1461,45
964	03.08.2025 09:53:03	4,18	3,02	30,26	28,69	1461,57
965	03.08.2025 09:53:04	4,18	3,06	30,26	28,69	1461,57
966	03.08.2025 09:53:05	4,18	3,06	30,29	28,72	1461,61
967	03.08.2025 09:53:06	4,18	3,10	30,29	28,72	1461,62
968	03.08.2025 09:53:07	4,18	3,11	30,32	28,74	1461,66
969	03.08.2025 09:53:08	4,18	3,13	30,32	28,74	1461,66
970	03.08.2025 09:53:09	4,18	3,17	30,32	28,74	1461,67
971	03.08.2025 09:53:10	4,14	3,18	30,30	28,69	1461,48
972	03.08.2025 09:53:11	4,14	3,20	30,21	28,62	1461,37
973	03.08.2025 09:53:12	4,10	3,23	30,22	28,60	1461,23
974	03.08.2025 09:53:13	4,10	3,27	30,19	28,57	1461,20
975	03.08.2025 09:53:14	4,06	3,29	30,22	28,57	1461,09
976	03.08.2025 09:53:15	4,06	3,30	30,19	28,55	1461,05
977	03.08.2025 09:53:16	4,03	3,37	30,20	28,52	1460,92
978	03.08.2025 09:53:17	4,03	3,39	30,20	28,52	1460,92
979	03.08.2025 09:53:18	3,99	3,37	30,23	28,52	1460,80
980	03.08.2025 09:53:19	3,99	3,39	30,23	28,52	1460,81
981	03.08.2025 09:53:20	3,95	3,40	30,24	28,50	1460,66
982	03.08.2025 09:53:21	3,95	3,40	30,27	28,52	1460,70
983	03.08.2025 09:53:22	3,95	3,40	30,27	28,52	1460,70
984	03.08.2025 09:53:23	3,95	3,40	30,27	28,52	1460,70
985	03.08.2025 09:53:24	3,95	3,40	30,27	28,52	1460,70
986	03.08.2025 09:53:25	3,95	3,39	30,27	28,52	1460,70
987	03.08.2025 09:53:26	3,95	3,39	30,27	28,52	1460,70
988	03.08.2025 09:53:27	3,95	3,40	30,27	28,52	1460,70
989	03.08.2025 09:53:28	3,95	3,40	30,18	28,45	1460,59
990	03.08.2025 09:53:29	3,92	3,40	30,30	28,52	1460,59
991	03.08.2025 09:53:30	3,92	3,40	30,30	28,52	1460,59
992	03.08.2025 09:53:31	3,92	3,42	30,21	28,45	1460,48
993	03.08.2025 09:53:32	3,92	3,44	30,16	28,40	1460,40
994	03.08.2025 09:53:33	3,88	3,42	30,25	28,45	1460,36
995	03.08.2025 09:53:34	3,88	3,42	30,28	28,47	1460,40
996	03.08.2025 09:53:35	3,88	3,45	30,22	28,42	1460,33
997	03.08.2025 09:53:36	3,88	3,45	30,10	28,32	1460,18
998	03.08.2025 09:53:37	3,84	3,45	30,25	28,42	1460,22
999	03.08.2025 09:53:38	3,81	3,45	30,26	28,40	1460,07
1000	03.08.2025 09:53:39	3,81	3,45	30,32	28,45	1460,14
1001	03.08.2025 09:53:40	3,84	3,47	30,17	28,35	1460,11
1002	03.08.2025 09:53:41	3,81	3,46	30,23	28,38	1460,03
1003	03.08.2025 09:53:42	3,81	3,46	30,29	28,42	1460,11
1004	03.08.2025 09:53:43	3,81	3,45	30,29	28,42	1460,11
1005	03.08.2025 09:53:44	3,81	3,45	30,29	28,42	1460,11
1006	03.08.2025 09:53:45	3,81	3,45	30,29	28,42	1460,11
1007	03.08.2025 09:53:46	3,81	3,45	30,32	28,45	1460,14
1008	03.08.2025 09:53:47	3,81	3,45	30,35	28,47	1460,18
1009	03.08.2025 09:53:48	3,81	3,43	30,40	28,52	1460,25
1010	03.08.2025 09:53:49	3,84	3,40	30,37	28,52	1460,36
1011	03.08.2025 09:53:50	3,84	3,40	30,40	28,55	1460,40
1012	03.08.2025 09:53:51	3,84	3,38	30,40	28,55	1460,40
1013	03.08.2025 09:53:52	3,88	3,34	30,36	28,55	1460,50
1014	03.08.2025 09:53:53	3,88	3,31	30,36	28,55	1460,50
1015	03.08.2025 09:53:54	3,88	3,31	30,39	28,57	1460,54
1016	03.08.2025 09:53:55	3,92	3,28	30,36	28,57	1460,64
1017	03.08.2025 09:53:56	3,92	3,24	30,42	28,62	1460,71
1018	03.08.2025 09:53:57	3,92	3,20	30,48	28,67	1460,78
1019	03.08.2025 09:53:58	3,95	3,17	30,50	28,72	1460,96
1020	03.08.2025 09:53:59	3,99	3,14	30,46	28,72	1461,07
1021	03.08.2025 09:54:00	4,03	3,10	30,43	28,72	1461,17
1022	03.08.2025 09:54:01	4,06	3,07	30,37	28,69	1461,24
1023	03.08.2025 09:54:02	4,10	3,02	30,33	28,69	1461,35
1024	03.08.2025 09:54:03	4,10	2,98	30,33	28,69	1461,34
1025	03.08.2025 09:54:04	4,14	2,95	30,33	28,72	1461,48
1026	03.08.2025 09:54:05	4,14	2,91	30,33	28,72	1461,48
1027	03.08.2025 09:54:06	4,18	2,90	30,35	28,77	1461,66
1028	03.08.2025 09:54:07	4,21	2,85	30,46	28,89	1461,95
1029	03.08.2025 09:54:08	4,25	2,80	30,51	28,96	1462,16
1030	03.08.2025 09:54:09	4,32	2,77	30,53	29,04	1462,49
1031	03.08.2025 09:54:10	4,43	2,76	30,54	29,14	1462,96
1032	03.08.2025 09:54:11	4,51	2,73	30,65	29,28	1463,40
1033	03.08.2025 09:54:12	4,58	2,68	30,78	29,46	1463,86
1034	03.08.2025 09:54:13	4,72	2,63	30,75	29,55	1464,43
1035	03.08.2025 09:54:14	4,83	2,61	30,63	29,53	1464,71
1036	03.08.2025 09:54:15	4,94	2,60	30,69	29,68	1465,25
1037	03.08.2025 09:54:16	5,09	2,59	30,67	29,78	1465,82
1038	03.08.2025 09:54:17	5,19	2,52	30,63	29,82	1466,20
1039	03.08.2025 09:54:18	5,30	2,50	30,59	29,87	1466,58
1040	03.08.2025 09:54:19	5,41	2,49	30,49	29,87	1466,89
1041	03.08.2025 09:54:20	5,48	2,47	30,45	29,90	1467,13
1042	03.08.2025 09:54:21	5,55	2,46	30,39	29,90	1467,34
1043	03.08.2025 09:54:22	5,62	2,43	30,35	29,92	1467,58
1044	03.08.2025 09:54:23	5,70	2,40	30,29	29,92	1467,78
1045	03.08.2025 09:54:24	5,77	2,39	30,23	29,93	1467,99
1046	03.08.2025 09:54:25	5,84	2,39	30,16	29,93	1468,20
1047	03.08.2025 09:54:26	5,87	2,36	30,16	29,95	1468,33
1048	03.08.2025 09:54:27	5,94	2,36	30,12	29,98	1468,57
1049	03.08.2025 09:54:28	6,02	2,35	30,06	29,98	1468,77
1050	03.08.2025 09:54:29	6,09	2,32	30,00	29,98	1468,97
1051	03.08.2025 09:54:30	6,12	2,32	29,99	30,00	1469,11
1052	03.08.2025 09:54:31	6,19	2,31	29,93	30,00	1469,32
1053	03.08.2025 09:54:32	6,26	2,31	29,95	30,08	1469,62
1054	03.08.2025 09:54:33	6,30	2,28	29,92	30,08	1469,72
1055	03.08.2025 09:54:34	6,37	2,27	29,86	30,08	1469,92
1056	03.08.2025 09:54:35	6,40	2,29	29,83	30,08	1470,03
1057	03.08.2025 09:54:36	6,44	2,27	29,83	30,10	1470,16
1058	03.08.2025 09:54:37	6,51	2,22	29,90	30,22	1470,53
1059	03.08.2025 09:54:38	6,58	2,19	29,87	30,25	1470,76
1060	03.08.2025 09:54:39	6,65	2,20	29,73	30,18	1470,86
1061	03.08.2025 09:54:40	6,68	2,22	29,75	30,23	1471,03
1062	03.08.2025 09:54:41	6,72	2,18	29,85	30,35	1471,29
1063	03.08.2025 09:54:42	6,82	2,12	29,90	30,47	1471,75
1064	03.08.2025 09:54:43	6,89	2,13	29,78	30,42	1471,88
1065	03.08.2025 09:54:44	6,96	2,13	29,75	30,45	1472,12
1066	03.08.2025 09:54:45	7,00	2,11	29,88	30,60	1472,42
1067	03.08.2025 09:54:46	7,07	2,07	29,82	30,60	1472,61
1068	03.08.2025 09:54:47	7,14	2,05	29,74	30,57	1472,77
1069	03.08.2025 09:54:48	7,17	2,06	29,71	30,58	1472,87
1070	03.08.2025 09:54:49	7,24	2,02	29,59	30,53	1472,99
1071	03.08.2025 09:54:50	7,27	2,01	29,62	30,58	1473,16
1072	03.08.2025 09:54:51	7,34	2,00	29,59	30,60	1473,38
1073	03.08.2025 09:54:52	7,41	1,98	29,56	30,63	1473,61
1074	03.08.2025 09:54:53	7,48	1,93	29,39	30,53	1473,66
1075	03.08.2025 09:54:54	7,55	1,90	29,36	30,56	1473,89
1076	03.08.2025 09:54:55	7,58	1,91	29,26	30,48	1473,89
1077	03.08.2025 09:54:56	7,65	1,86	29,41	30,68	1474,34
1078	03.08.2025 09:54:57	7,72	1,84	29,48	30,80	1474,69
1079	03.08.2025 09:54:58	7,82	1,81	29,34	30,75	1474,91
1080	03.08.2025 09:54:59	7,89	1,82	29,34	30,80	1475,17
1081	03.08.2025 09:55:00	7,96	1,79	29,57	31,08	1475,72
1082	03.08.2025 09:55:01	8,06	1,72	29,61	31,20	1476,15
1083	03.08.2025 09:55:02	8,20	1,68	29,50	31,20	1476,53
1084	03.08.2025 09:55:03	8,33	1,69	29,39	31,20	1476,90
1085	03.08.2025 09:55:04	8,40	1,68	29,46	31,33	1477,25
1086	03.08.2025 09:55:05	8,50	1,61	29,45	31,40	1477,62
1087	03.08.2025 09:55:06	8,67	1,55	29,32	31,41	1478,08
1088	03.08.2025 09:55:07	8,81	1,56	29,36	31,55	1478,64
1089	03.08.2025 09:55:08	8,94	1,55	29,53	31,83	1479,35
1090	03.08.2025 09:55:09	9,14	1,53	30,04	32,49	1480,74
1091	03.08.2025 09:55:10	9,44	1,50	30,39	33,09	1482,29
1092	03.08.2025 09:55:11	9,80	1,45	30,59	33,58	1483,86
1093	03.08.2025 09:55:12	10,17	1,37	30,59	33,88	1485,17
1094	03.08.2025 09:55:13	10,49	1,32	30,61	34,18	1486,37
1095	03.08.2025 09:55:14	10,82	1,29	30,66	34,51	1487,60
1096	03.08.2025 09:55:15	11,14	1,21	30,49	34,61	1488,53
1097	03.08.2025 09:55:16	11,40	1,15	30,34	34,67	1489,24
1098	03.08.2025 09:55:17	11,59	1,11	30,21	34,70	1489,75
1099	03.08.2025 09:55:18	11,79	1,13	30,24	34,90	1490,47
1100	03.08.2025 09:55:19	12,01	1,07	30,14	34,98	1491,11
1101	03.08.2025 09:55:20	12,20	1,03	29,97	34,96	1491,56
1102	03.08.2025 09:55:21	12,36	1,02	29,82	34,94	1491,93
1103	03.08.2025 09:55:22	12,49	1,00	29,72	34,94	1492,24
1104	03.08.2025 09:55:23	12,61	0,97	29,86	35,19	1492,84
1105	03.08.2025 09:55:24	12,80	0,93	29,97	35,47	1493,61
1106	03.08.2025 09:55:25	13,02	0,93	29,98	35,67	1494,37
1107	03.08.2025 09:55:26	13,27	0,89	29,81	35,70	1495,01
1108	03.08.2025 09:55:27	13,49	0,86	29,76	35,83	1495,68
1109	03.08.2025 09:55:28	13,71	0,83	30,05	36,32	1496,75
1110	03.08.2025 09:55:29	13,99	0,80	30,15	36,67	1497,79
1111	03.08.2025 09:55:30	14,30	0,77	29,85	36,61	1498,45
1112	03.08.2025 09:55:31	14,58	0,72	29,84	36,84	1499,33
1113	03.08.2025 09:55:32	14,80	0,68	29,79	36,97	1499,97
1114	03.08.2025 09:55:33	15,07	0,63	29,63	37,02	1500,66
1115	03.08.2025 09:55:34	15,29	0,61	29,50	37,06	1501,19
1116	03.08.2025 09:55:35	15,50	0,57	29,34	37,06	1501,68
1117	03.08.2025 09:55:36	15,66	0,53	29,25	37,09	1502,06
1118	03.08.2025 09:55:37	15,78	0,52	29,15	37,07	1502,31
1119	03.08.2025 09:55:38	15,90	0,51	29,08	37,10	1502,62
1120	03.08.2025 09:55:39	16,02	0,48	28,97	37,08	1502,87
1121	03.08.2025 09:55:40	16,14	0,46	28,91	37,11	1503,17
1122	03.08.2025 09:55:41	16,23	0,46	28,83	37,08	1503,36
1123	03.08.2025 09:55:42	16,33	0,44	28,76	37,09	1503,56
1124	03.08.2025 09:55:43	16,42	0,46	28,72	37,11	1503,80
1125	03.08.2025 09:55:44	16,51	0,37	28,64	37,09	1503,97
1126	03.08.2025 09:55:45	16,60	0,35	28,55	37,07	1504,15
1127	03.08.2025 09:55:46	16,66	0,41	28,53	37,10	1504,32
1128	03.08.2025 09:55:47	16,72	0,41	28,49	37,10	1504,46
1129	03.08.2025 09:55:48	16,78	0,32	28,45	37,10	1504,59
1130	03.08.2025 09:55:49	16,84	0,26	28,39	37,08	1504,69
1131	03.08.2025 09:55:50	16,90	0,30	28,37	37,10	1504,86
1132	03.08.2025 09:55:51	16,99	0,32	28,31	37,11	1505,07
1133	03.08.2025 09:55:52	17,05	0,25	28,27	37,11	1505,19
1134	03.08.2025 09:55:53	17,11	0,21	28,23	37,11	1505,32
1135	03.08.2025 09:55:54	17,17	0,25	28,19	37,11	1505,47
1136	03.08.2025 09:55:55	17,23	0,25	28,14	37,11	1505,60
1137	03.08.2025 09:55:56	17,29	0,19	28,10	37,12	1505,73
1138	03.08.2025 09:55:57	17,35	0,16	28,06	37,12	1505,86
1139	03.08.2025 09:55:58	17,38	0,19	28,04	37,12	1505,93
1140	03.08.2025 09:55:59	17,44	0,17	28,00	37,12	1506,07
1141	03.08.2025 09:56:00	17,50	0,16	27,97	37,12	1506,20
1142	03.08.2025 09:56:01	17,53	0,08	27,92	37,10	1506,23
1143	03.08.2025 09:56:02	17,59	0,08	27,91	37,12	1506,39
1144	03.08.2025 09:56:03	17,62	0,14	27,89	37,13	1506,47
1145	03.08.2025 09:56:04	17,68	0,08	27,85	37,13	1506,59
1146	03.08.2025 09:56:05	17,71	-0,01	27,83	37,13	1506,65
1147	03.08.2025 09:56:06	17,74	-0,01	27,81	37,13	1506,71
1148	03.08.2025 09:56:07	17,77	0,05	27,79	37,13	1506,79
1149	03.08.2025 09:56:08	17,83	0,01	27,77	37,16	1506,94
1150	03.08.2025 09:56:09	17,86	-0,06	27,75	37,16	1507,00
1151	03.08.2025 09:56:10	17,89	-0,06	27,73	37,16	1507,06
1152	03.08.2025 09:56:11	17,92	-0,03	27,73	37,18	1507,16
1153	03.08.2025 09:56:12	17,98	-0,04	27,69	37,19	1507,29
1154	03.08.2025 09:56:13	18,01	-0,10	27,67	37,19	1507,35
1155	03.08.2025 09:56:14	18,04	-0,08	27,65	37,19	1507,42
1156	03.08.2025 09:56:15	18,07	-0,10	27,63	37,19	1507,48
1157	03.08.2025 09:56:16	18,10	-0,08	27,61	37,19	1507,55
1158	03.08.2025 09:56:17	18,10	-0,06	27,61	37,19	1507,56
1159	03.08.2025 09:56:18	18,13	-0,08	27,59	37,19	1507,62
1160	03.08.2025 09:56:19	18,16	-0,10	27,53	37,14	1507,64
1161	03.08.2025 09:56:20	18,19	-0,10	20,32	28,23	1499,41
1162	03.08.2025 09:56:21	18,19	-0,08	20,26	28,16	1499,34
1163	03.08.2025 09:56:22	18,19	-0,10	20,30	28,21	1499,38
1164	03.08.2025 09:56:23	18,22	-0,08	20,27	28,18	1499,44
1165	03.08.2025 09:56:24	18,22	-0,08	20,25	28,16	1499,42
1166	03.08.2025 09:56:25	18,22	-0,08	20,21	28,11	1499,37
1167	03.08.2025 09:56:26	18,22	-0,08	20,23	28,13	1499,39
1168	03.08.2025 09:56:27	18,22	-0,08	13,67	19,67	1491,83
1169	03.08.2025 09:56:28	18,19	-0,06	13,72	19,72	1491,80
1170	03.08.2025 09:56:29	18,19	-0,06	12,92	18,67	1490,88
1171	03.08.2025 09:56:30	18,19	-0,06	10,55	15,48	1488,14
1172	03.08.2025 09:56:31	18,19	-0,06	10,53	15,46	1488,12
1173	03.08.2025 09:56:32	18,19	-0,06	10,57	15,51	1488,16
1174	03.08.2025 09:56:33	18,19	-0,06	10,22	15,04	1487,76
1175	03.08.2025 09:56:34	18,16	-0,04	10,58	15,51	1488,08
1176	03.08.2025 09:56:35	18,16	-0,04	8,62	12,84	1485,82
1177	03.08.2025 09:56:36	18,16	-0,03	5,66	8,69	1482,41
1178	03.08.2025 09:56:37	18,16	-0,04	4,70	7,31	1481,30
1179	03.08.2025 09:56:38	18,13	-0,03	1,12	1,89	1477,08
1180	03.08.2025 09:56:39	18,13	-0,04	0,75	1,29	1476,65
1181	03.08.2025 09:56:40	18,13	-0,03	1,09	1,84	1477,04
1182	03.08.2025 09:56:41	18,10	-0,01	1,37	2,29	1477,27
1183	03.08.2025 09:56:42	18,10	-0,01	0,25	0,45	1475,98
1184	03.08.2025 09:56:43	18,10	-0,01	0,06	0,11	1475,76
1185	03.08.2025 09:56:44	18,07	-0,03	0,06	0,11	1475,66
1186	03.08.2025 09:56:45	18,07	-0,03	0,05	0,09	1475,64
1187	03.08.2025 09:56:46	18,07	-0,01	0,05	0,09	1475,65
1188	03.08.2025 09:56:47	18,07	-0,03	0,05	0,09	1475,64
1189	03.08.2025 09:56:48	18,04	-0,01	0,05	0,09	1475,55
1190	03.08.2025 09:56:49	18,04	-0,01	0,05	0,09	1475,55
1191	03.08.2025 09:56:50	18,01	-0,03	0,05	0,09	1475,45
1192	03.08.2025 09:56:51	18,01	-0,03	0,05	0,09	1475,45
1193	03.08.2025 09:56:52	18,01	-0,01	0,06	0,11	1475,47
1194	03.08.2025 09:56:53	17,98	-0,01	0,05	0,09	1475,35
1195	03.08.2025 09:56:54	17,98	-0,01	0,05	0,09	1475,35
1196	03.08.2025 09:56:55	17,95	-0,01	0,05	0,09	1475,26
1197	03.08.2025 09:56:56	17,95	0,01	0,05	0,09	1475,26
1198	03.08.2025 09:56:57	17,95	0,01	0,05	0,09	1475,26
1199	03.08.2025 09:56:58	17,92	-0,01	0,05	0,09	1475,16
1200	03.08.2025 09:56:59	17,92	0,01	0,06	0,11	1475,18
1201	03.08.2025 09:57:00	17,89	0,01	0,05	0,09	1475,06
1202	03.08.2025 09:57:01	17,89	0,01	0,05	0,09	1475,06
1203	03.08.2025 09:57:02	17,86	0,01	0,06	0,11	1474,98
1204	03.08.2025 09:57:03	17,86	0,01	0,05	0,09	1474,96
1205	03.08.2025 09:57:04	17,83	-0,03	0,05	0,09	1474,86
1206	03.08.2025 09:57:05	17,83	-0,03	0,05	0,09	1474,86
1207	03.08.2025 09:57:06	17,83	-0,01	0,05	0,09	1474,86
1208	03.08.2025 09:57:07	17,80	-0,01	0,06	0,11	1474,78
1209	03.08.2025 09:57:08	17,80	-0,01	0,05	0,09	1474,77
1210	03.08.2025 09:57:09	17,77	-0,01	0,05	0,09	1474,67
1211	03.08.2025 09:57:10	17,77	-0,01	0,05	0,09	1474,67
1212	03.08.2025 09:57:11	17,74	-0,01	0,05	0,09	1474,57
1213	03.08.2025 09:57:12	17,74	0,01	0,05	0,09	1474,57
1214	03.08.2025 09:57:13	17,74	-0,01	0,05	0,09	1474,57
1215	03.08.2025 09:57:14	17,71	-0,01	0,05	0,09	1474,47
1216	03.08.2025 09:57:15	17,71	-0,01	0,06	0,11	1474,49
1217	03.08.2025 09:57:16	17,71	-0,01	0,05	0,09	1474,47
1218	03.08.2025 09:57:17	17,68	0,01	0,05	0,09	1474,37
1219	03.08.2025 09:57:18	17,68	0,01	0,06	0,11	1474,39
1220	03.08.2025 09:57:19	17,68	-0,01	0,05	0,09	1474,37
1221	03.08.2025 09:57:20	17,68	-0,01	0,05	0,09	1474,37
1222	03.08.2025 09:57:21	17,65	0,01	0,05	0,09	1474,27
1223	03.08.2025 09:57:22	17,65	0,01	0,06	0,11	1474,29
1224	03.08.2025 09:57:23	17,65	0,01	0,05	0,09	1474,27
1225	03.08.2025 09:57:24	17,62	0,01	0,05	0,09	1474,18
1226	03.08.2025 09:57:25	17,62	0,01	0,05	0,09	1474,18
1227	03.08.2025 09:57:26	17,62	0,01	0,05	0,09	1474,18
1228	03.08.2025 09:57:27	17,59	-0,01	0,05	0,09	1474,07
1229	03.08.2025 09:57:28	17,59	-0,01	0,05	0,09	1474,07
1230	03.08.2025 09:57:29	17,59	0,01	0,05	0,09	1474,08
1231	03.08.2025 09:57:30	17,56	-0,01	0,06	0,11	1473,99
1232	03.08.2025 09:57:31	17,56	-0,01	0,05	0,09	1473,97
1233	03.08.2025 09:57:32	17,56	-0,01	0,06	0,11	1473,99
1234	03.08.2025 09:57:33	17,53	0,01	0,05	0,09	1473,88
1235	03.08.2025 09:57:34	17,53	-0,01	0,05	0,09	1473,88
1236	03.08.2025 09:57:35	17,53	-0,01	0,05	0,09	1473,88
1237	03.08.2025 09:57:36	17,50	-0,01	0,06	0,11	1473,79
1238	03.08.2025 09:57:37	17,50	-0,01	0,05	0,09	1473,78
1239	03.08.2025 09:57:38	17,50	-0,01	0,05	0,09	1473,78
1240	03.08.2025 09:57:39	17,50	-0,01	0,05	0,09	1473,78
1241	03.08.2025 09:57:40	17,47	-0,01	0,05	0,09	1473,68
1242	03.08.2025 09:57:41	17,47	-0,01	0,05	0,09	1473,68
1243	03.08.2025 09:57:42	17,47	0,01	0,05	0,09	1473,68
1244	03.08.2025 09:57:43	17,47	0,01	0,05	0,09	1473,68
1245	03.08.2025 09:57:44	17,44	-0,01	0,05	0,09	1473,58
1246	03.08.2025 09:57:45	17,44	-0,01	0,05	0,09	1473,58
1247	03.08.2025 09:57:46	17,44	0,01	0,05	0,09	1473,58
1248	03.08.2025 09:57:47	17,44	0,01	0,05	0,09	1473,58
1249	03.08.2025 09:57:48	17,41	0,01	0,07	0,11	1473,50
1250	03.08.2025 09:57:49	17,41	0,01	0,05	0,09	1473,48
1251	03.08.2025 09:57:50	17,41	0,01	0,05	0,09	1473,48
1252	03.08.2025 09:57:51	17,41	0,01	0,05	0,09	1473,48
1253	03.08.2025 09:57:52	17,38	0,03	0,05	0,09	1473,38
1254	03.08.2025 09:57:53	17,38	0,01	0,05	0,09	1473,38
1255	03.08.2025 09:57:54	17,38	0,01	0,05	0,09	1473,38
1256	03.08.2025 09:57:55	17,38	0,01	0,05	0,09	1473,38
1257	03.08.2025 09:57:56	17,35	0,01	0,05	0,09	1473,28
1258	03.08.2025 09:57:57	17,35	0,01	0,05	0,09	1473,28
1259	03.08.2025 09:57:58	17,35	0,03	0,05	0,09	1473,28
1260	03.08.2025 09:57:59	17,35	0,01	0,05	0,09	1473,28
1261	03.08.2025 09:58:00	17,35	0,01	0,05	0,09	1473,28
1262	03.08.2025 09:58:01	17,32	-0,01	0,05	0,09	1473,18
1263	03.08.2025 09:58:02	17,32	-0,03	0,05	0,09	1473,18
1264	03.08.2025 09:58:03	17,32	-0,01	0,05	0,09	1473,18
1265	03.08.2025 09:58:04	17,32	-0,01	0,05	0,09	1473,18
1266	03.08.2025 09:58:05	17,29	-0,01	0,05	0,09	1473,08
1267	03.08.2025 09:58:06	17,29	-0,01	0,05	0,09	1473,08
1268	03.08.2025 09:58:07	17,29	-0,01	0,07	0,11	1473,09
1269	03.08.2025 09:58:08	17,29	-0,01	0,05	0,09	1473,08
1270	03.08.2025 09:58:09	17,29	-0,01	0,05	0,09	1473,08
1271	03.08.2025 09:58:10	17,26	-0,01	0,05	0,09	1472,98
1272	03.08.2025 09:58:11	17,26	-0,01	0,05	0,09	1472,98
1273	03.08.2025 09:58:12	17,26	-0,01	0,05	0,09	1472,98
1274	03.08.2025 09:58:13	17,26	-0,01	0,05	0,09	1472,98
1275	03.08.2025 09:58:14	17,26	-0,01	0,05	0,09	1472,98
1276	03.08.2025 09:58:15	17,26	0,01	0,07	0,11	1473,00
1277	03.08.2025 09:58:16	17,26	-0,01	0,05	0,09	1472,98
1278	03.08.2025 09:58:17	17,23	-0,01	0,05	0,09	1472,88
1279	03.08.2025 09:58:18	17,23	-0,01	0,05	0,09	1472,88
1280	03.08.2025 09:58:19	17,23	0,01	0,05	0,09	1472,88
1281	03.08.2025 09:58:20	17,23	0,01	0,05	0,09	1472,88
1282	03.08.2025 09:58:21	17,23	0,01	0,05	0,09	1472,88
1283	03.08.2025 09:58:22	17,23	0,01	0,05	0,09	1472,88
1284	03.08.2025 09:58:23	17,20	-0,01	0,05	0,09	1472,78
1285	03.08.2025 09:58:24	17,20	-0,01	0,05	0,09	1472,78
1286	03.08.2025 09:58:25	17,20	0,01	0,05	0,09	1472,78
1287	03.08.2025 09:58:26	17,20	-0,01	0,05	0,09	1472,78
1288	03.08.2025 09:58:27	17,20	0,01	0,05	0,09	1472,78
1289	03.08.2025 09:58:28	17,20	0,01	0,05	0,09	1472,78
1290	03.08.2025 09:58:29	17,17	0,01	0,05	0,09	1472,68
1291	03.08.2025 09:58:30	17,17	-0,01	0,05	0,09	1472,68
1292	03.08.2025 09:58:31	17,17	-0,01	0,05	0,09	1472,68
1293	03.08.2025 09:58:32	17,17	0,01	0,05	0,09	1472,68
1294	03.08.2025 09:58:33	17,17	-0,01	0,07	0,11	1472,69
1295	03.08.2025 09:58:34	17,17	-0,01	0,05	0,09	1472,68
1296	03.08.2025 09:58:35	17,17	0,01	0,05	0,09	1472,68
1297	03.08.2025 09:58:36	17,14	0,01	0,05	0,09	1472,58
1298	03.08.2025 09:58:37	17,14	0,01	0,05	0,09	1472,58
1299	03.08.2025 09:58:38	17,14	0,01	0,05	0,09	1472,58
1300	03.08.2025 09:58:39	17,14	0,01	0,05	0,09	1472,58
1301	03.08.2025 09:58:40	17,14	0,01	0,05	0,09	1472,58
1302	03.08.2025 09:58:41	17,11	0,01	0,05	0,09	1472,48
1303	03.08.2025 09:58:42	17,11	0,01	0,05	0,09	1472,48
1304	03.08.2025 09:58:43	17,11	0,03	0,05	0,09	1472,48
1305	03.08.2025 09:58:44	17,11	0,01	0,05	0,09	1472,48
1306	03.08.2025 09:58:45	17,11	0,01	0,05	0,09	1472,48
1307	03.08.2025 09:58:46	17,11	0,01	0,05	0,09	1472,48
1308	03.08.2025 09:58:47	17,11	0,01	0,05	0,09	1472,48
1309	03.08.2025 09:58:48	17,11	0,01	0,05	0,09	1472,48
1310	03.08.2025 09:58:49	17,11	0,01	0,05	0,09	1472,48
1311	03.08.2025 09:58:50	17,08	-0,01	0,07	0,11	1472,39
1312	03.08.2025 09:58:51	17,08	-0,01	0,05	0,09	1472,38
1313	03.08.2025 09:58:52	17,08	-0,01	0,05	0,09	1472,38
1314	03.08.2025 09:58:53	17,08	-0,01	0,05	0,09	1472,38
1315	03.08.2025 09:58:54	17,08	-0,01	0,05	0,09	1472,38
1316	03.08.2025 09:58:55	17,08	-0,01	0,05	0,09	1472,38
1317	03.08.2025 09:58:56	17,08	-0,03	0,05	0,09	1472,37
1318	03.08.2025 09:58:57	17,08	-0,01	0,07	0,11	1472,39
1319	03.08.2025 09:58:58	17,05	-0,01	0,05	0,09	1472,27
1320	03.08.2025 09:58:59	17,05	-0,01	0,05	0,09	1472,27
1321	03.08.2025 09:59:00	17,05	-0,01	0,05	0,09	1472,27
1322	03.08.2025 09:59:01	17,05	0,01	0,05	0,09	1472,28
1323	03.08.2025 09:59:02	17,05	-0,01	0,05	0,09	1472,27
1324	03.08.2025 09:59:03	17,05	-0,01	0,05	0,09	1472,27
1325	03.08.2025 09:59:04	17,05	-0,01	0,05	0,09	1472,27
1326	03.08.2025 09:59:05	17,05	-0,01	0,05	0,09	1472,27
1327	03.08.2025 09:59:06	17,05	-0,01	0,05	0,09	1472,27
1328	03.08.2025 09:59:07	17,05	-0,01	0,05	0,09	1472,27
1329	03.08.2025 09:59:08	17,02	-0,01	0,07	0,11	1472,19
1330	03.08.2025 09:59:09	17,02	-0,01	0,05	0,09	1472,17
1331	03.08.2025 09:59:10	17,02	-0,01	0,05	0,09	1472,17
1332	03.08.2025 09:59:11	17,02	-0,01	0,05	0,09	1472,17
1333	03.08.2025 09:59:12	17,02	0,01	0,05	0,09	1472,18
1334	03.08.2025 09:59:13	17,02	-0,01	0,05	0,09	1472,17
1335	03.08.2025 09:59:14	17,02	-0,01	0,05	0,09	1472,17
1336	03.08.2025 09:59:15	17,02	-0,01	0,05	0,09	1472,17
1337	03.08.2025 09:59:16	17,02	-0,01	0,05	0,09	1472,17
1338	03.08.2025 09:59:17	17,02	-0,01	0,05	0,09	1472,17
1339	03.08.2025 09:59:18	17,02	0,01	0,05	0,09	1472,18
1340	03.08.2025 09:59:19	17,02	-0,01	0,05	0,09	1472,17
1341	03.08.2025 09:59:20	16,99	-0,01	0,05	0,09	1472,07
1342	03.08.2025 09:59:21	16,99	-0,01	0,05	0,09	1472,07
1343	03.08.2025 09:59:22	16,99	-0,01	0,05	0,09	1472,07
1344	03.08.2025 09:59:23	16,99	-0,01	0,05	0,09	1472,07
1345	03.08.2025 09:59:24	16,99	-0,01	0,05	0,09	1472,07
1346	03.08.2025 09:59:25	16,99	-0,01	0,05	0,09	1472,07
1347	03.08.2025 09:59:26	16,99	-0,01	0,05	0,09	1472,07
1348	03.08.2025 09:59:27	16,99	-0,01	0,05	0,09	1472,07
1349	03.08.2025 09:59:28	16,99	-0,01	0,05	0,09	1472,07
1350	03.08.2025 09:59:29	16,99	0,01	0,05	0,09	1472,08
1351	03.08.2025 09:59:30	16,99	-0,01	0,05	0,09	1472,07
1352	03.08.2025 09:59:31	16,96	-0,01	0,05	0,09	1471,97
1353	03.08.2025 09:59:32	16,96	-0,01	0,05	0,09	1471,97
1354	03.08.2025 09:59:33	16,96	-0,01	0,07	0,11	1471,99
1355	03.08.2025 09:59:34	16,96	-0,01	0,05	0,09	1471,97
1356	03.08.2025 09:59:35	16,96	0,01	0,05	0,09	1471,97
1357	03.08.2025 09:59:36	16,96	-0,01	0,05	0,09	1471,97
1358	03.08.2025 09:59:37	16,96	-0,01	0,05	0,09	1471,97
1359	03.08.2025 09:59:38	16,96	-0,01	0,07	0,11	1471,99
1360	03.08.2025 09:59:39	16,96	-0,01	0,05	0,09	1471,97
1361	03.08.2025 09:59:40	16,96	-0,01	0,05	0,09	1471,97
1362	03.08.2025 09:59:41	16,96	0,01	0,05	0,09	1471,97
1363	03.08.2025 09:59:42	16,96	-0,01	0,05	0,09	1471,97
1364	03.08.2025 09:59:43	16,96	-0,01	0,05	0,09	1471,97
1365	03.08.2025 09:59:44	16,96	-0,01	0,05	0,09	1471,97
1366	03.08.2025 09:59:45	16,96	0,01	0,05	0,09	1471,97
1367	03.08.2025 09:59:46	16,93	-0,01	0,05	0,09	1471,87
1368	03.08.2025 09:59:47	16,96	0,01	0,05	0,09	1471,97
1369	03.08.2025 09:59:48	16,93	0,01	0,05	0,09	1471,87
1370	03.08.2025 09:59:49	16,93	0,01	0,05	0,09	1471,87
1371	03.08.2025 09:59:50	16,93	-0,01	0,05	0,09	1471,87
1372	03.08.2025 09:59:51	16,93	0,01	0,05	0,09	1471,87
1373	03.08.2025 09:59:52	16,93	-0,01	0,05	0,09	1471,87
1374	03.08.2025 09:59:53	16,93	-0,01	0,05	0,09	1471,87
1375	03.08.2025 09:59:54	16,93	-0,01	0,05	0,09	1471,87
1376	03.08.2025 09:59:55	16,93	-0,01	0,05	0,09	1471,87
1377	03.08.2025 09:59:56	16,93	-0,01	0,07	0,11	1471,89
1378	03.08.2025 09:59:57	16,93	-0,01	0,05	0,09	1471,87
1379	03.08.2025 09:59:58	16,93	-0,01	0,05	0,09	1471,87
1380	03.08.2025 09:59:59	16,93	-0,01	0,05	0,09	1471,87
1381	03.08.2025 10:00:00	16,93	-0,01	0,05	0,09	1471,87
1382	03.08.2025 10:00:01	16,93	-0,01	0,05	0,09	1471,87
1383	03.08.2025 10:00:02	16,93	0,01	0,05	0,09	1471,87
1384	03.08.2025 10:00:03	16,93	-0,01	0,05	0,09	1471,87
1385	03.08.2025 10:00:04	16,93	-0,01	1,65	2,65	1473,73
1386	03.08.2025 10:00:05	16,93	-0,01	1,65	2,65	1473,73
1387	03.08.2025 10:00:06	16,93	0,01	1,66	2,68	1473,75
1388	03.08.2025 10:00:07	16,93	-0,01	1,68	2,71	1473,77
1389	03.08.2025 10:00:08	16,93	-0,01	1,68	2,71	1473,77
1390	03.08.2025 10:00:09	16,93	-0,01	1,70	2,73	1473,79
1391	03.08.2025 10:00:10	16,93	-0,01	1,68	2,71	1473,77
1392	03.08.2025 10:00:11	16,93	-0,01	1,68	2,71	1473,77
1393	03.08.2025 10:00:12	16,93	-0,01	1,61	2,60	1473,69
1394	03.08.2025 10:00:13	16,93	-0,01	1,49	2,42	1473,55
1395	03.08.2025 10:00:14	16,93	-0,01	1,54	2,50	1473,61
1396	03.08.2025 10:00:15	16,93	-0,01	1,32	2,15	1473,35
1397	03.08.2025 10:00:16	16,93	0,01	1,34	2,18	1473,38
1398	03.08.2025 10:00:17	16,93	-0,01	1,49	2,42	1473,55
1399	03.08.2025 10:00:18	16,93	-0,01	1,37	2,23	1473,41
1400	03.08.2025 10:00:19	16,93	-0,01	1,37	2,23	1473,41
1401	03.08.2025 10:00:20	16,93	-0,01	1,25	2,05	1473,27
1402	03.08.2025 10:00:21	16,93	0,01	1,15	1,89	1473,16
1403	03.08.2025 10:00:22	16,93	-0,01	1,17	1,92	1473,18
1404	03.08.2025 10:00:23	16,93	-0,01	1,42	2,31	1473,47
1405	03.08.2025 10:00:24	16,93	-0,01	1,05	1,74	1473,04
1406	03.08.2025 10:00:25	16,93	0,01	1,24	2,02	1473,26
1407	03.08.2025 10:00:26	16,93	-0,01	1,66	2,68	1473,75
1408	03.08.2025 10:00:27	16,93	-0,01	1,73	2,78	1473,83
1409	03.08.2025 10:00:28	16,93	-0,01	1,24	2,02	1473,25
1410	03.08.2025 10:00:29	16,93	-0,01	1,36	2,21	1473,39
1411	03.08.2025 10:00:30	16,93	-0,01	1,66	2,68	1473,75
1412	03.08.2025 10:00:31	16,93	-0,01	1,34	2,18	1473,37
1413	03.08.2025 10:00:32	16,93	-0,01	1,54	2,50	1473,61
1414	03.08.2025 10:00:33	16,93	-0,01	1,29	2,10	1473,31
1415	03.08.2025 10:00:34	16,93	-0,01	1,14	1,87	1473,14
1416	03.08.2025 10:00:35	16,93	-0,01	1,60	2,57	1473,67
1417	03.08.2025 10:00:36	16,93	-0,04	0,56	0,95	1472,46
1418	03.08.2025 10:00:37	16,96	-0,01	0,29	0,51	1472,25
1419	03.08.2025 10:00:38	16,99	-0,03	0,55	0,93	1472,65
1420	03.08.2025 10:00:39	17,08	-0,03	0,05	0,09	1472,37
1421	03.08.2025 10:00:40	17,23	-0,01	0,05	0,09	1472,88
1422	03.08.2025 10:00:41	17,35	-0,01	0,04	0,06	1473,26
1423	03.08.2025 10:00:42	17,47	-0,03	0,06	0,11	1473,69
1424	03.08.2025 10:00:43	17,56	-0,04	0,05	0,09	1473,97
1425	03.08.2025 10:00:44	17,68	-0,08	0,05	0,09	1474,36
1426	03.08.2025 10:00:45	17,74	-0,08	0,05	0,09	1474,56
1427	03.08.2025 10:00:46	17,83	-0,08	0,05	0,09	1474,85
1428	03.08.2025 10:00:47	17,92	-0,13	0,04	0,06	1475,12
1429	03.08.2025 10:00:48	18,07	-0,13	0,05	0,09	1475,63
1430	03.08.2025 10:00:49	18,22	-0,10	0,04	0,06	1476,10
