#B	Created:	01.09.2025 06:37:44
##	Version	SeaStar	9.59
#5	Field separation:	0
#2	Date & Time:	1
#6	Decimal point:	,
#7	Date def.:	dd.mm.yyyy	.
#8	Time def.:	:
##	Axis	0	Temperature(°C)	clRed	FALSE
##	Axis	1	Pressure(Bar)	clBlue	FALSE
##	Axis	2	Salinity(psu)	clGreen	FALSE
##	Axis	3	Conductivity(mS/cm)	$00FF80FF	FALSE
##	Axis	4	Sound Velocity(m/sec)	$00404080	FALSE
##	Series	0	Temp(°C)	clRed	0	Temp(°C)	2
##	Series	1	Press(Bar)	clBlue	1	Press(Bar)	2
##	Series	2	Salinity(psu)	clGreen	2	Salinity(psu)	2
##	Series	3	Conduct(mS/cm)	$00FF80FF	3	Conduct(mS/cm)	2
##	Series	4	Sound Velocity(m/sec)	$00404080	4	Velocity(m/sec)	2
##	Recorder	149	DST CTD	13528
##	Chart	149S13528DAT	
#D	Data:	1460	01.09.2025 06:13:00	01.09.2025 06:37:19
1	01.09.2025 06:13:00	23,78	-0,10	0,05	0,09	1493,00
2	01.09.2025 06:13:01	23,78	-0,12	0,05	0,09	1493,00
3	01.09.2025 06:13:02	23,75	-0,12	0,05	0,09	1492,92
4	01.09.2025 06:13:03	23,75	-0,10	24,92	38,18	1520,19
5	01.09.2025 06:13:04	23,43	-0,39	25,76	39,08	1520,24
6	01.09.2025 06:13:05	22,88	-0,15	15,71	24,68	1507,73
7	01.09.2025 06:13:06	22,56	-0,08	15,91	24,79	1507,07
8	01.09.2025 06:13:07	22,38	-0,10	16,04	24,89	1506,73
9	01.09.2025 06:13:08	22,29	-0,08	8,83	14,35	1498,47
10	01.09.2025 06:13:09	22,21	-0,08	8,74	14,20	1498,13
11	01.09.2025 06:13:10	22,18	-0,06	25,64	37,93	1516,85
12	01.09.2025 06:13:11	21,97	-0,21	25,64	37,78	1516,28
13	01.09.2025 06:13:12	21,68	-0,08	25,71	37,64	1515,58
14	01.09.2025 06:13:13	21,47	-0,08	25,77	37,56	1515,09
15	01.09.2025 06:13:14	21,27	0,01	25,82	37,46	1514,59
16	01.09.2025 06:13:15	21,12	-0,01	25,85	37,38	1514,22
17	01.09.2025 06:13:16	20,97	-0,01	25,93	37,38	1513,91
18	01.09.2025 06:13:17	20,86	0,03	26,00	37,37	1513,66
19	01.09.2025 06:13:18	20,74	-0,01	26,07	37,37	1513,41
20	01.09.2025 06:13:19	20,65	0,03	26,12	37,37	1513,22
21	01.09.2025 06:13:20	20,56	0,01	26,15	37,34	1513,01
22	01.09.2025 06:13:21	20,50	-0,01	26,21	37,36	1512,90
23	01.09.2025 06:13:22	20,45	0,01	26,24	37,36	1512,78
24	01.09.2025 06:13:23	20,39	0,01	26,28	37,36	1512,66
25	01.09.2025 06:13:24	20,33	0,01	26,31	37,36	1512,53
26	01.09.2025 06:13:25	20,27	-0,03	26,35	37,35	1512,40
27	01.09.2025 06:13:26	20,21	-0,01	26,38	37,35	1512,27
28	01.09.2025 06:13:27	20,15	-0,01	26,42	37,35	1512,15
29	01.09.2025 06:13:28	20,09	-0,03	26,45	37,35	1512,02
30	01.09.2025 06:13:29	20,06	-0,01	26,47	37,35	1511,96
31	01.09.2025 06:13:30	20,03	-0,03	26,49	37,35	1511,89
32	01.09.2025 06:13:31	19,97	-0,03	26,52	37,35	1511,76
33	01.09.2025 06:13:32	19,94	-0,03	26,56	37,37	1511,72
34	01.09.2025 06:13:33	19,91	-0,04	26,56	37,34	1511,63
35	01.09.2025 06:13:34	19,85	-0,03	26,61	37,37	1511,53
36	01.09.2025 06:13:35	19,83	-0,03	26,63	37,36	1511,46
37	01.09.2025 06:13:36	19,80	-0,03	26,65	37,36	1511,40
38	01.09.2025 06:13:37	19,77	-0,03	26,67	37,36	1511,34
39	01.09.2025 06:13:38	19,74	-0,04	26,69	37,36	1511,27
40	01.09.2025 06:13:39	19,71	-0,06	26,70	37,36	1511,20
41	01.09.2025 06:13:40	19,68	-0,04	26,72	37,36	1511,14
42	01.09.2025 06:13:41	19,65	-0,04	26,76	37,38	1511,10
43	01.09.2025 06:13:42	19,62	-0,03	26,76	37,36	1511,02
44	01.09.2025 06:13:43	19,59	-0,04	26,80	37,38	1510,97
45	01.09.2025 06:13:44	19,59	-0,04	26,78	37,36	1510,95
46	01.09.2025 06:13:45	19,56	-0,04	26,79	37,36	1510,88
47	01.09.2025 06:13:46	19,53	-0,06	26,81	37,36	1510,82
48	01.09.2025 06:13:47	19,50	-0,06	26,85	37,38	1510,77
49	01.09.2025 06:13:48	19,47	-0,06	26,85	37,35	1510,69
50	01.09.2025 06:13:49	19,47	-0,06	26,87	37,38	1510,71
51	01.09.2025 06:13:50	19,44	-0,06	26,89	37,38	1510,65
52	01.09.2025 06:13:51	19,41	-0,06	26,91	37,38	1510,58
53	01.09.2025 06:13:52	19,38	-0,06	26,92	37,38	1510,52
54	01.09.2025 06:13:53	19,38	-0,06	26,92	37,38	1510,52
55	01.09.2025 06:13:54	19,35	-0,08	26,94	37,37	1510,45
56	01.09.2025 06:13:55	19,32	-0,06	26,96	37,37	1510,39
57	01.09.2025 06:13:56	19,32	-0,08	26,96	37,37	1510,38
58	01.09.2025 06:13:57	19,29	-0,08	26,98	37,37	1510,32
59	01.09.2025 06:13:58	19,26	-0,06	27,00	37,37	1510,26
60	01.09.2025 06:13:59	19,26	-0,08	27,00	37,37	1510,26
61	01.09.2025 06:14:00	19,23	-0,06	27,02	37,37	1510,19
62	01.09.2025 06:14:01	19,23	-0,06	27,04	37,40	1510,22
63	01.09.2025 06:14:02	19,20	-0,03	27,05	37,40	1510,16
64	01.09.2025 06:14:03	19,20	-0,03	27,05	37,40	1510,16
65	01.09.2025 06:14:04	19,17	-0,03	27,07	37,39	1510,09
66	01.09.2025 06:14:05	19,17	-0,03	27,07	37,39	1510,09
67	01.09.2025 06:14:06	19,14	0,01	27,09	37,39	1510,03
68	01.09.2025 06:14:07	19,14	0,03	27,09	37,39	1510,04
69	01.09.2025 06:14:08	19,11	0,01	27,11	37,39	1509,97
70	01.09.2025 06:14:09	19,11	0,03	27,11	37,39	1509,97
71	01.09.2025 06:14:10	19,11	0,05	27,11	37,39	1509,97
72	01.09.2025 06:14:11	19,08	0,06	27,13	37,39	1509,91
73	01.09.2025 06:14:12	19,08	0,05	27,13	37,39	1509,91
74	01.09.2025 06:14:13	19,08	0,06	27,13	37,39	1509,91
75	01.09.2025 06:14:14	19,06	0,06	27,15	37,39	1509,85
76	01.09.2025 06:14:15	19,06	0,08	27,15	37,39	1509,85
77	01.09.2025 06:14:16	19,06	0,10	27,15	37,39	1509,85
78	01.09.2025 06:14:17	19,03	0,08	27,19	37,41	1509,81
79	01.09.2025 06:14:18	19,03	0,08	27,17	37,39	1509,78
80	01.09.2025 06:14:19	19,03	0,10	27,17	37,39	1509,79
81	01.09.2025 06:14:20	19,00	0,12	27,18	37,39	1509,73
82	01.09.2025 06:14:21	19,00	0,12	27,20	37,41	1509,75
83	01.09.2025 06:14:22	19,00	0,12	27,18	37,39	1509,73
84	01.09.2025 06:14:23	18,97	0,14	27,22	37,41	1509,69
85	01.09.2025 06:14:24	18,97	0,16	27,22	37,41	1509,69
86	01.09.2025 06:14:25	18,97	0,17	27,22	37,41	1509,69
87	01.09.2025 06:14:26	18,94	0,17	27,24	37,41	1509,63
88	01.09.2025 06:14:27	18,94	0,19	27,24	37,41	1509,63
89	01.09.2025 06:14:28	18,94	0,21	27,24	37,41	1509,63
90	01.09.2025 06:14:29	18,94	0,23	27,24	37,41	1509,63
91	01.09.2025 06:14:30	18,94	0,25	27,24	37,41	1509,64
92	01.09.2025 06:14:31	18,91	0,26	27,26	37,41	1509,58
93	01.09.2025 06:14:32	18,91	0,26	27,26	37,41	1509,58
94	01.09.2025 06:14:33	18,91	0,28	27,26	37,41	1509,58
95	01.09.2025 06:14:34	18,88	0,30	27,28	37,41	1509,52
96	01.09.2025 06:14:35	18,88	0,30	27,28	37,41	1509,52
97	01.09.2025 06:14:36	18,88	0,35	27,28	37,41	1509,52
98	01.09.2025 06:14:37	18,88	0,37	27,28	37,41	1509,53
99	01.09.2025 06:14:38	18,88	0,39	27,28	37,41	1509,53
100	01.09.2025 06:14:39	18,85	0,39	27,30	37,41	1509,46
101	01.09.2025 06:14:40	18,85	0,39	27,30	37,41	1509,46
102	01.09.2025 06:14:41	18,85	0,41	27,30	37,41	1509,47
103	01.09.2025 06:14:42	18,85	0,44	27,30	37,41	1509,47
104	01.09.2025 06:14:43	18,85	0,44	27,28	37,38	1509,45
105	01.09.2025 06:14:44	18,82	0,44	27,32	37,41	1509,41
106	01.09.2025 06:14:45	18,82	0,46	27,28	37,36	1509,36
107	01.09.2025 06:14:46	18,79	0,48	27,33	37,41	1509,35
108	01.09.2025 06:14:47	18,79	0,50	27,33	37,41	1509,35
109	01.09.2025 06:14:48	18,79	0,52	27,27	37,33	1509,29
110	01.09.2025 06:14:49	18,79	0,52	27,21	37,26	1509,22
111	01.09.2025 06:14:50	18,76	0,56	27,23	37,26	1509,16
112	01.09.2025 06:14:51	18,70	0,57	27,31	37,31	1509,07
113	01.09.2025 06:14:52	18,67	0,59	27,31	37,28	1508,99
114	01.09.2025 06:14:53	18,67	0,62	27,33	37,30	1509,02
115	01.09.2025 06:14:54	18,64	0,62	27,39	37,35	1509,00
116	01.09.2025 06:14:55	18,67	0,64	27,41	37,40	1509,11
117	01.09.2025 06:14:56	18,67	0,64	27,37	37,35	1509,07
118	01.09.2025 06:14:57	18,70	0,61	27,33	37,33	1509,10
119	01.09.2025 06:14:58	18,67	0,62	27,31	37,28	1508,99
120	01.09.2025 06:14:59	18,64	0,62	27,33	37,28	1508,93
121	01.09.2025 06:15:00	18,64	0,62	27,29	37,23	1508,88
122	01.09.2025 06:15:01	18,61	0,64	27,39	37,33	1508,91
123	01.09.2025 06:15:02	18,61	0,62	27,41	37,35	1508,93
124	01.09.2025 06:15:03	18,61	0,60	27,37	37,30	1508,88
125	01.09.2025 06:15:04	18,61	0,60	27,39	37,33	1508,90
126	01.09.2025 06:15:05	18,61	0,64	27,39	37,33	1508,91
127	01.09.2025 06:15:06	18,61	0,64	27,31	37,23	1508,82
128	01.09.2025 06:15:07	18,61	0,65	27,31	37,23	1508,82
129	01.09.2025 06:15:08	18,58	0,67	27,23	37,11	1508,64
130	01.09.2025 06:15:09	18,52	0,70	27,36	37,23	1508,63
131	01.09.2025 06:15:10	18,52	0,72	27,22	37,05	1508,47
132	01.09.2025 06:15:11	18,49	0,73	27,16	36,96	1508,32
133	01.09.2025 06:15:12	18,43	0,75	27,14	36,88	1508,12
134	01.09.2025 06:15:13	18,37	0,74	27,14	36,83	1507,94
135	01.09.2025 06:15:14	18,28	0,77	27,19	36,83	1507,74
136	01.09.2025 06:15:15	18,22	0,79	27,21	36,80	1507,59
137	01.09.2025 06:15:16	18,19	0,80	27,25	36,82	1507,54
138	01.09.2025 06:15:17	18,16	0,80	27,27	36,82	1507,48
139	01.09.2025 06:15:18	18,13	0,83	27,29	36,82	1507,42
140	01.09.2025 06:15:19	18,10	0,81	27,31	36,82	1507,35
141	01.09.2025 06:15:20	18,10	0,81	27,29	36,80	1507,32
142	01.09.2025 06:15:21	18,07	0,81	27,31	36,80	1507,25
143	01.09.2025 06:15:22	18,07	0,83	27,33	36,82	1507,28
144	01.09.2025 06:15:23	18,04	0,83	27,39	36,87	1507,26
145	01.09.2025 06:15:24	18,04	0,85	27,43	36,92	1507,31
146	01.09.2025 06:15:25	18,04	0,83	27,43	36,92	1507,31
147	01.09.2025 06:15:26	18,04	0,83	27,35	36,82	1507,21
148	01.09.2025 06:15:27	18,04	0,83	27,35	36,82	1507,21
149	01.09.2025 06:15:28	18,01	0,84	27,43	36,89	1507,22
150	01.09.2025 06:15:29	18,01	0,84	27,37	36,82	1507,15
151	01.09.2025 06:15:30	17,98	0,84	27,38	36,82	1507,08
152	01.09.2025 06:15:31	17,98	0,86	27,38	36,82	1507,08
153	01.09.2025 06:15:32	17,95	0,86	27,38	36,79	1506,99
154	01.09.2025 06:15:33	17,95	0,86	27,40	36,82	1507,02
155	01.09.2025 06:15:34	17,92	0,85	27,38	36,77	1506,90
156	01.09.2025 06:15:35	17,92	0,89	27,36	36,74	1506,88
157	01.09.2025 06:15:36	17,89	0,87	27,36	36,72	1506,79
158	01.09.2025 06:15:37	17,86	0,89	27,36	36,69	1506,70
159	01.09.2025 06:15:38	17,83	0,90	27,38	36,69	1506,64
160	01.09.2025 06:15:39	17,80	0,90	27,42	36,71	1506,59
161	01.09.2025 06:15:40	17,80	0,92	27,40	36,69	1506,57
162	01.09.2025 06:15:41	17,80	0,92	27,40	36,69	1506,57
163	01.09.2025 06:15:42	17,77	0,92	27,40	36,66	1506,48
164	01.09.2025 06:15:43	17,77	0,93	27,38	36,64	1506,46
165	01.09.2025 06:15:44	17,74	0,95	27,42	36,66	1506,42
166	01.09.2025 06:15:45	17,74	0,95	27,42	36,66	1506,42
167	01.09.2025 06:15:46	17,74	0,95	27,40	36,64	1506,39
168	01.09.2025 06:15:47	17,71	0,97	27,40	36,61	1506,30
169	01.09.2025 06:15:48	17,68	0,96	27,41	36,61	1506,24
170	01.09.2025 06:15:49	17,68	0,98	27,39	36,59	1506,21
171	01.09.2025 06:15:50	17,68	1,00	27,39	36,59	1506,22
172	01.09.2025 06:15:51	17,65	1,00	27,41	36,59	1506,15
173	01.09.2025 06:15:52	17,65	1,03	27,41	36,59	1506,16
174	01.09.2025 06:15:53	17,62	1,03	27,41	36,56	1506,06
175	01.09.2025 06:15:54	17,62	1,03	27,43	36,58	1506,09
176	01.09.2025 06:15:55	17,59	1,06	27,49	36,63	1506,07
177	01.09.2025 06:15:56	17,59	1,06	27,47	36,61	1506,05
178	01.09.2025 06:15:57	17,59	1,10	27,45	36,58	1506,03
179	01.09.2025 06:15:58	17,56	1,10	27,47	36,58	1505,96
180	01.09.2025 06:15:59	17,56	1,13	27,47	36,58	1505,97
181	01.09.2025 06:16:00	17,56	1,15	27,51	36,63	1506,02
182	01.09.2025 06:16:01	17,56	1,15	27,47	36,58	1505,97
183	01.09.2025 06:16:02	17,53	1,17	27,39	36,46	1505,79
184	01.09.2025 06:16:03	17,53	1,19	27,35	36,41	1505,74
185	01.09.2025 06:16:04	17,47	1,22	27,39	36,41	1505,61
186	01.09.2025 06:16:05	17,44	1,23	27,38	36,38	1505,52
187	01.09.2025 06:16:06	17,44	1,23	27,38	36,38	1505,52
188	01.09.2025 06:16:07	17,41	1,27	27,40	36,38	1505,46
189	01.09.2025 06:16:08	17,38	1,27	27,42	36,38	1505,39
190	01.09.2025 06:16:09	17,38	1,28	27,42	36,38	1505,39
191	01.09.2025 06:16:10	17,35	1,32	27,42	36,36	1505,30
192	01.09.2025 06:16:11	17,35	1,34	27,42	36,36	1505,31
193	01.09.2025 06:16:12	17,32	1,35	27,44	36,35	1505,24
194	01.09.2025 06:16:13	17,32	1,39	27,42	36,33	1505,22
195	01.09.2025 06:16:14	17,32	1,39	27,42	36,33	1505,22
196	01.09.2025 06:16:15	17,29	1,40	27,44	36,33	1505,15
197	01.09.2025 06:16:16	17,29	1,42	27,44	36,33	1505,16
198	01.09.2025 06:16:17	17,26	1,45	27,46	36,33	1505,09
199	01.09.2025 06:16:18	17,26	1,47	27,46	36,33	1505,10
200	01.09.2025 06:16:19	17,26	1,49	27,42	36,28	1505,05
201	01.09.2025 06:16:20	17,23	1,51	27,42	36,25	1504,96
202	01.09.2025 06:16:21	17,20	1,52	27,42	36,23	1504,87
203	01.09.2025 06:16:22	17,20	1,54	27,40	36,20	1504,85
204	01.09.2025 06:16:23	17,17	1,57	27,40	36,18	1504,76
205	01.09.2025 06:16:24	17,14	1,59	27,37	36,13	1504,65
206	01.09.2025 06:16:25	17,11	1,61	27,37	36,10	1504,56
207	01.09.2025 06:16:26	17,08	1,64	27,37	36,08	1504,47
208	01.09.2025 06:16:27	17,05	1,67	27,35	36,03	1504,36
209	01.09.2025 06:16:28	17,02	1,69	27,33	35,98	1504,24
210	01.09.2025 06:16:29	16,96	1,70	27,33	35,93	1504,05
211	01.09.2025 06:16:30	16,93	1,75	27,32	35,90	1503,97
212	01.09.2025 06:16:31	16,87	1,77	26,91	35,36	1503,30
213	01.09.2025 06:16:32	16,75	1,72	26,55	34,84	1502,50
214	01.09.2025 06:16:33	16,57	1,75	26,29	34,39	1501,64
215	01.09.2025 06:16:34	16,27	1,78	26,04	33,87	1500,40
216	01.09.2025 06:16:35	15,93	1,86	26,02	33,59	1499,34
217	01.09.2025 06:16:36	15,63	1,91	26,13	33,48	1498,50
218	01.09.2025 06:16:37	15,38	1,96	26,20	33,38	1497,81
219	01.09.2025 06:16:38	15,17	1,98	26,34	33,37	1497,28
220	01.09.2025 06:16:39	14,98	2,01	26,44	33,34	1496,80
221	01.09.2025 06:16:40	14,83	2,01	26,49	33,29	1496,37
222	01.09.2025 06:16:41	14,74	2,04	26,56	33,28	1496,15
223	01.09.2025 06:16:42	14,61	2,05	26,59	33,23	1495,79
224	01.09.2025 06:16:43	14,49	2,06	26,63	33,18	1495,43
225	01.09.2025 06:16:44	14,40	2,09	26,65	33,13	1495,15
226	01.09.2025 06:16:45	14,27	2,10	26,71	33,10	1494,81
227	01.09.2025 06:16:46	14,18	2,11	26,73	33,05	1494,53
228	01.09.2025 06:16:47	14,09	2,12	26,72	32,97	1494,22
229	01.09.2025 06:16:48	13,96	2,15	26,74	32,90	1493,83
230	01.09.2025 06:16:49	13,87	2,18	26,78	32,87	1493,57
231	01.09.2025 06:16:50	13,77	2,19	26,80	32,82	1493,28
232	01.09.2025 06:16:51	13,65	2,20	26,84	32,77	1492,91
233	01.09.2025 06:16:52	13,59	2,21	26,86	32,74	1492,73
234	01.09.2025 06:16:53	13,49	2,22	26,92	32,74	1492,49
235	01.09.2025 06:16:54	13,40	2,25	26,96	32,71	1492,23
236	01.09.2025 06:16:55	13,34	2,27	26,99	32,68	1492,04
237	01.09.2025 06:16:56	13,27	2,28	27,03	32,68	1491,88
238	01.09.2025 06:16:57	13,21	2,31	27,07	32,68	1491,73
239	01.09.2025 06:16:58	13,15	2,31	27,09	32,65	1491,54
240	01.09.2025 06:16:59	13,09	2,34	27,16	32,68	1491,41
241	01.09.2025 06:17:00	13,02	2,35	27,20	32,68	1491,25
242	01.09.2025 06:17:01	12,99	2,35	27,22	32,68	1491,17
243	01.09.2025 06:17:02	12,93	2,38	27,27	32,67	1491,01
244	01.09.2025 06:17:03	12,87	2,38	27,31	32,67	1490,85
245	01.09.2025 06:17:04	12,83	2,41	27,29	32,62	1490,72
246	01.09.2025 06:17:05	12,77	2,42	27,31	32,60	1490,53
247	01.09.2025 06:17:06	12,71	2,44	27,33	32,57	1490,34
248	01.09.2025 06:17:07	12,64	2,47	27,37	32,57	1490,18
249	01.09.2025 06:17:08	12,58	2,48	27,35	32,49	1489,94
250	01.09.2025 06:17:09	12,52	2,49	27,28	32,37	1489,63
251	01.09.2025 06:17:10	12,42	2,50	27,32	32,34	1489,36
252	01.09.2025 06:17:11	12,33	2,53	27,35	32,29	1489,06
253	01.09.2025 06:17:12	12,26	2,53	27,30	32,19	1488,78
254	01.09.2025 06:17:13	12,20	2,54	27,30	32,14	1488,56
255	01.09.2025 06:17:14	12,11	2,57	27,32	32,09	1488,26
256	01.09.2025 06:17:15	12,01	2,58	27,36	32,06	1487,98
257	01.09.2025 06:17:16	11,95	2,60	27,34	31,99	1487,73
258	01.09.2025 06:17:17	11,85	2,61	27,24	31,81	1487,28
259	01.09.2025 06:17:18	11,72	2,63	27,03	31,49	1486,57
260	01.09.2025 06:17:19	11,59	2,64	27,03	31,39	1486,12
261	01.09.2025 06:17:20	11,40	2,68	27,05	31,26	1485,47
262	01.09.2025 06:17:21	11,21	2,69	26,97	31,04	1484,69
263	01.09.2025 06:17:22	11,01	2,74	27,02	30,93	1484,05
264	01.09.2025 06:17:23	10,82	2,78	27,13	30,91	1483,50
265	01.09.2025 06:17:24	10,69	2,79	27,10	30,78	1483,00
266	01.09.2025 06:17:25	10,53	2,82	27,13	30,68	1482,44
267	01.09.2025 06:17:26	10,40	2,84	27,17	30,63	1482,03
268	01.09.2025 06:17:27	10,26	2,83	27,15	30,50	1481,52
269	01.09.2025 06:17:28	10,17	2,88	27,07	30,35	1481,07
270	01.09.2025 06:17:29	10,00	2,89	27,10	30,25	1480,50
271	01.09.2025 06:17:30	9,84	2,91	27,12	30,15	1479,92
272	01.09.2025 06:17:31	9,70	2,96	27,17	30,10	1479,50
273	01.09.2025 06:17:32	9,57	2,98	27,22	30,05	1479,07
274	01.09.2025 06:17:33	9,44	2,99	27,29	30,02	1478,67
275	01.09.2025 06:17:34	9,31	3,02	27,31	29,94	1478,21
276	01.09.2025 06:17:35	9,21	3,03	27,34	29,89	1477,87
277	01.09.2025 06:17:36	9,11	3,06	27,34	29,82	1477,49
278	01.09.2025 06:17:37	9,01	3,07	27,39	29,79	1477,18
279	01.09.2025 06:17:38	8,87	3,11	27,54	29,84	1476,87
280	01.09.2025 06:17:39	8,77	3,12	27,64	29,86	1476,62
281	01.09.2025 06:17:40	8,70	3,14	27,69	29,86	1476,43
282	01.09.2025 06:17:41	8,64	3,17	27,92	30,03	1476,47
283	01.09.2025 06:17:42	8,60	3,17	28,10	30,18	1476,56
284	01.09.2025 06:17:43	8,57	3,18	28,10	30,15	1476,43
285	01.09.2025 06:17:44	8,57	3,20	28,15	30,20	1476,50
286	01.09.2025 06:17:45	8,54	3,21	28,30	30,32	1476,57
287	01.09.2025 06:17:46	8,50	3,23	28,66	30,64	1476,89
288	01.09.2025 06:17:47	8,50	3,27	28,91	30,89	1477,21
289	01.09.2025 06:17:48	8,54	3,27	28,96	30,96	1477,40
290	01.09.2025 06:17:49	8,57	3,27	28,91	30,94	1477,46
291	01.09.2025 06:17:50	8,57	3,27	28,76	30,79	1477,27
292	01.09.2025 06:17:51	8,54	3,30	28,73	30,74	1477,12
293	01.09.2025 06:17:52	8,44	3,30	28,69	30,62	1476,67
294	01.09.2025 06:17:53	8,37	3,33	28,54	30,42	1476,23
295	01.09.2025 06:17:54	8,23	3,35	28,57	30,34	1475,76
296	01.09.2025 06:17:55	8,13	3,40	28,65	30,34	1475,48
297	01.09.2025 06:17:56	8,03	3,41	28,63	30,24	1475,06
298	01.09.2025 06:17:57	7,96	3,44	28,61	30,17	1474,78
299	01.09.2025 06:17:58	7,86	3,45	28,56	30,04	1474,32
300	01.09.2025 06:17:59	7,76	3,48	28,56	29,97	1473,94
301	01.09.2025 06:18:00	7,65	3,51	28,62	29,94	1473,61
302	01.09.2025 06:18:01	7,55	3,54	28,47	29,72	1473,03
303	01.09.2025 06:18:02	7,45	3,55	28,34	29,52	1472,47
304	01.09.2025 06:18:03	7,31	3,58	28,48	29,55	1472,11
305	01.09.2025 06:18:04	7,20	3,60	28,62	29,59	1471,88
306	01.09.2025 06:18:05	7,10	3,65	28,65	29,54	1471,52
307	01.09.2025 06:18:06	7,03	3,66	28,52	29,37	1471,08
308	01.09.2025 06:18:07	6,93	3,66	28,53	29,30	1470,68
309	01.09.2025 06:18:08	6,82	3,70	28,51	29,19	1470,25
310	01.09.2025 06:18:09	6,72	3,73	28,41	29,02	1469,71
311	01.09.2025 06:18:10	6,58	3,74	28,42	28,92	1469,16
312	01.09.2025 06:18:11	6,47	3,77	28,37	28,80	1468,69
313	01.09.2025 06:18:12	6,37	3,79	28,32	28,67	1468,21
314	01.09.2025 06:18:13	6,23	3,84	28,38	28,62	1467,73
315	01.09.2025 06:18:14	6,12	3,87	28,44	28,60	1467,38
316	01.09.2025 06:18:15	6,02	3,89	28,51	28,57	1467,04
317	01.09.2025 06:18:16	5,91	3,91	28,59	28,57	1466,72
318	01.09.2025 06:18:17	5,84	3,92	28,65	28,57	1466,51
319	01.09.2025 06:18:18	5,77	3,95	28,66	28,52	1466,23
320	01.09.2025 06:18:19	5,70	3,96	28,69	28,50	1465,99
321	01.09.2025 06:18:20	5,62	3,96	28,72	28,47	1465,74
322	01.09.2025 06:18:21	5,55	3,99	28,59	28,30	1465,28
323	01.09.2025 06:18:22	5,45	3,98	28,54	28,18	1464,78
324	01.09.2025 06:18:23	5,34	4,04	28,61	28,15	1464,43
325	01.09.2025 06:18:24	5,23	4,04	28,64	28,10	1464,03
326	01.09.2025 06:18:25	5,16	4,07	28,68	28,08	1463,79
327	01.09.2025 06:18:26	5,05	4,09	28,69	28,00	1463,35
328	01.09.2025 06:18:27	4,98	4,11	28,61	27,88	1462,96
329	01.09.2025 06:18:28	4,87	4,14	28,62	27,80	1462,52
330	01.09.2025 06:18:29	4,76	4,18	28,71	27,80	1462,20
331	01.09.2025 06:18:30	4,65	4,19	28,78	27,78	1461,83
332	01.09.2025 06:18:31	4,58	4,22	28,81	27,75	1461,58
333	01.09.2025 06:18:32	4,51	4,23	28,85	27,73	1461,32
334	01.09.2025 06:18:33	4,43	4,26	28,89	27,71	1461,06
335	01.09.2025 06:18:34	4,40	4,28	28,86	27,66	1460,88
336	01.09.2025 06:18:35	4,32	4,31	28,90	27,63	1460,62
337	01.09.2025 06:18:36	4,25	4,32	28,93	27,61	1460,36
338	01.09.2025 06:18:37	4,18	4,35	28,94	27,56	1460,07
339	01.09.2025 06:18:38	4,10	4,38	28,98	27,53	1459,81
340	01.09.2025 06:18:39	4,06	4,42	28,98	27,51	1459,66
341	01.09.2025 06:18:40	3,99	4,43	29,02	27,48	1459,40
342	01.09.2025 06:18:41	3,95	4,48	28,99	27,43	1459,22
343	01.09.2025 06:18:42	3,88	4,49	28,94	27,34	1458,84
344	01.09.2025 06:18:43	3,81	4,54	28,92	27,26	1458,51
345	01.09.2025 06:18:44	3,69	4,55	28,93	27,19	1458,05
346	01.09.2025 06:18:45	3,62	4,56	28,91	27,11	1457,70
347	01.09.2025 06:18:46	3,51	4,59	28,93	27,04	1457,25
348	01.09.2025 06:18:47	3,43	4,64	28,91	26,97	1456,91
349	01.09.2025 06:18:48	3,32	4,67	28,98	26,94	1456,52
350	01.09.2025 06:18:49	3,25	4,70	29,02	26,92	1456,25
351	01.09.2025 06:18:50	3,13	4,73	29,06	26,87	1455,83
352	01.09.2025 06:18:51	3,06	4,76	29,10	26,85	1455,56
353	01.09.2025 06:18:52	2,98	4,79	29,17	26,85	1455,32
354	01.09.2025 06:18:53	2,94	4,82	29,14	26,80	1455,13
355	01.09.2025 06:18:54	2,87	4,85	29,21	26,80	1454,90
356	01.09.2025 06:18:55	2,83	4,86	29,22	26,77	1454,74
357	01.09.2025 06:18:56	2,75	4,91	29,26	26,75	1454,47
358	01.09.2025 06:18:57	2,72	4,95	29,23	26,70	1454,28
359	01.09.2025 06:18:58	2,64	4,98	29,27	26,68	1454,00
360	01.09.2025 06:18:59	2,60	5,01	29,28	26,65	1453,85
361	01.09.2025 06:19:00	2,53	5,04	29,35	26,65	1453,61
362	01.09.2025 06:19:01	2,45	5,07	29,42	26,65	1453,38
363	01.09.2025 06:19:02	2,41	5,10	29,46	26,65	1453,26
364	01.09.2025 06:19:03	2,37	5,14	29,46	26,63	1453,10
365	01.09.2025 06:19:04	2,33	5,17	29,53	26,66	1453,03
366	01.09.2025 06:19:05	2,30	5,18	29,56	26,66	1452,91
367	01.09.2025 06:19:06	2,26	5,22	29,60	26,66	1452,79
368	01.09.2025 06:19:07	2,22	5,25	29,61	26,63	1452,64
369	01.09.2025 06:19:08	2,18	5,30	29,64	26,63	1452,52
370	01.09.2025 06:19:09	2,14	5,33	29,68	26,63	1452,41
371	01.09.2025 06:19:10	2,10	5,35	29,68	26,61	1452,25
372	01.09.2025 06:19:11	2,07	5,38	29,75	26,63	1452,17
373	01.09.2025 06:19:12	2,03	5,41	29,82	26,66	1452,09
374	01.09.2025 06:19:13	1,99	5,45	29,86	26,66	1451,98
375	01.09.2025 06:19:14	1,95	5,46	29,89	26,66	1451,86
376	01.09.2025 06:19:15	1,91	5,48	29,96	26,69	1451,78
377	01.09.2025 06:19:16	1,87	5,53	30,00	26,69	1451,66
378	01.09.2025 06:19:17	1,83	5,54	30,01	26,66	1451,50
379	01.09.2025 06:19:18	1,83	5,56	30,04	26,69	1451,54
380	01.09.2025 06:19:19	1,79	5,59	30,07	26,69	1451,43
381	01.09.2025 06:19:20	1,76	5,61	30,11	26,69	1451,30
382	01.09.2025 06:19:21	1,72	5,62	30,15	26,69	1451,18
383	01.09.2025 06:19:22	1,72	5,64	30,15	26,69	1451,19
384	01.09.2025 06:19:23	1,68	5,67	30,22	26,72	1451,11
385	01.09.2025 06:19:24	1,64	5,69	30,26	26,72	1450,99
386	01.09.2025 06:19:25	1,64	5,69	30,26	26,72	1450,99
387	01.09.2025 06:19:26	1,64	5,73	30,26	26,72	1450,99
388	01.09.2025 06:19:27	1,60	5,72	30,30	26,72	1450,87
389	01.09.2025 06:19:28	1,60	5,74	30,30	26,72	1450,87
390	01.09.2025 06:19:29	1,56	5,76	30,33	26,72	1450,75
391	01.09.2025 06:19:30	1,56	5,77	30,33	26,72	1450,76
392	01.09.2025 06:19:31	1,52	5,77	30,37	26,72	1450,63
393	01.09.2025 06:19:32	1,52	5,77	30,37	26,72	1450,63
394	01.09.2025 06:19:33	1,48	5,79	30,41	26,72	1450,51
395	01.09.2025 06:19:34	1,48	5,79	30,41	26,72	1450,51
396	01.09.2025 06:19:35	1,44	5,78	30,48	26,75	1450,43
397	01.09.2025 06:19:36	1,44	5,78	30,45	26,72	1450,39
398	01.09.2025 06:19:37	1,40	5,80	30,49	26,72	1450,26
399	01.09.2025 06:19:38	1,40	5,80	30,52	26,75	1450,31
400	01.09.2025 06:19:39	1,40	5,80	30,52	26,75	1450,31
401	01.09.2025 06:19:40	1,37	5,79	30,53	26,72	1450,14
402	01.09.2025 06:19:41	1,37	5,81	30,56	26,75	1450,18
403	01.09.2025 06:19:42	1,33	5,81	30,60	26,75	1450,06
404	01.09.2025 06:19:43	1,33	5,81	30,60	26,75	1450,06
405	01.09.2025 06:19:44	1,33	5,83	30,57	26,72	1450,02
406	01.09.2025 06:19:45	1,33	5,84	30,60	26,75	1450,06
407	01.09.2025 06:19:46	1,29	5,82	30,64	26,75	1449,94
408	01.09.2025 06:19:47	1,29	5,84	30,64	26,75	1449,94
409	01.09.2025 06:19:48	1,29	5,82	30,64	26,75	1449,94
410	01.09.2025 06:19:49	1,25	5,82	30,68	26,75	1449,81
411	01.09.2025 06:19:50	1,25	5,82	30,68	26,75	1449,81
412	01.09.2025 06:19:51	1,25	5,80	30,68	26,75	1449,81
413	01.09.2025 06:19:52	1,25	5,80	30,68	26,75	1449,81
414	01.09.2025 06:19:53	1,25	5,82	30,68	26,75	1449,81
415	01.09.2025 06:19:54	1,21	5,80	30,72	26,75	1449,68
416	01.09.2025 06:19:55	1,21	5,78	30,72	26,75	1449,68
417	01.09.2025 06:19:56	1,21	5,80	30,72	26,75	1449,68
418	01.09.2025 06:19:57	1,21	5,80	30,72	26,75	1449,68
419	01.09.2025 06:19:58	1,17	5,80	30,76	26,75	1449,56
420	01.09.2025 06:19:59	1,17	5,78	30,76	26,75	1449,56
421	01.09.2025 06:20:00	1,17	5,80	30,76	26,75	1449,56
422	01.09.2025 06:20:01	1,17	5,80	30,76	26,75	1449,56
423	01.09.2025 06:20:02	1,13	5,79	30,80	26,75	1449,43
424	01.09.2025 06:20:03	1,13	5,79	30,80	26,75	1449,43
425	01.09.2025 06:20:04	1,13	5,79	30,80	26,75	1449,43
426	01.09.2025 06:20:05	1,13	5,79	30,80	26,75	1449,43
427	01.09.2025 06:20:06	1,13	5,79	30,80	26,75	1449,43
428	01.09.2025 06:20:07	1,09	5,79	30,84	26,75	1449,31
429	01.09.2025 06:20:08	1,09	5,81	30,84	26,75	1449,31
430	01.09.2025 06:20:09	1,09	5,81	30,84	26,75	1449,31
431	01.09.2025 06:20:10	1,09	5,81	30,84	26,75	1449,31
432	01.09.2025 06:20:11	1,09	5,81	30,84	26,75	1449,31
433	01.09.2025 06:20:12	1,09	5,79	30,84	26,75	1449,31
434	01.09.2025 06:20:13	1,09	5,81	30,84	26,75	1449,31
435	01.09.2025 06:20:14	1,05	5,82	30,88	26,76	1449,19
436	01.09.2025 06:20:15	1,05	5,81	30,88	26,76	1449,19
437	01.09.2025 06:20:16	1,05	5,81	30,88	26,76	1449,19
438	01.09.2025 06:20:17	1,05	5,81	30,88	26,76	1449,19
439	01.09.2025 06:20:18	1,05	5,81	30,88	26,76	1449,19
440	01.09.2025 06:20:19	1,05	5,81	30,88	26,76	1449,19
441	01.09.2025 06:20:20	1,05	5,81	30,88	26,76	1449,19
442	01.09.2025 06:20:21	1,05	5,81	30,88	26,76	1449,19
443	01.09.2025 06:20:22	1,05	5,81	30,88	26,76	1449,19
444	01.09.2025 06:20:23	1,01	5,78	30,92	26,76	1449,06
445	01.09.2025 06:20:24	1,01	5,80	30,92	26,76	1449,06
446	01.09.2025 06:20:25	1,01	5,78	30,92	26,76	1449,06
447	01.09.2025 06:20:26	1,01	5,78	30,92	26,76	1449,06
448	01.09.2025 06:20:27	1,01	5,78	30,92	26,76	1449,06
449	01.09.2025 06:20:28	1,01	5,78	30,92	26,76	1449,06
450	01.09.2025 06:20:29	1,01	5,78	30,92	26,76	1449,06
451	01.09.2025 06:20:30	1,01	5,77	30,92	26,76	1449,06
452	01.09.2025 06:20:31	1,01	5,77	30,92	26,76	1449,06
453	01.09.2025 06:20:32	1,01	5,77	30,92	26,76	1449,06
454	01.09.2025 06:20:33	1,01	5,77	30,92	26,76	1449,06
455	01.09.2025 06:20:34	1,01	5,77	30,92	26,76	1449,06
456	01.09.2025 06:20:35	1,01	5,77	30,92	26,76	1449,06
457	01.09.2025 06:20:36	1,01	5,77	30,92	26,76	1449,06
458	01.09.2025 06:20:37	1,01	5,77	30,92	26,76	1449,06
459	01.09.2025 06:20:38	1,01	5,78	30,92	26,76	1449,06
460	01.09.2025 06:20:39	1,01	5,78	30,92	26,76	1449,06
461	01.09.2025 06:20:40	1,01	5,77	30,92	26,76	1449,06
462	01.09.2025 06:20:41	1,01	5,77	30,92	26,76	1449,06
463	01.09.2025 06:20:42	1,01	5,78	30,92	26,76	1449,06
464	01.09.2025 06:20:43	1,01	5,78	30,92	26,76	1449,06
465	01.09.2025 06:20:44	1,01	5,77	30,92	26,76	1449,06
466	01.09.2025 06:20:45	0,97	5,76	30,96	26,76	1448,93
467	01.09.2025 06:20:46	1,01	5,77	30,92	26,76	1449,06
468	01.09.2025 06:20:47	0,97	5,78	30,96	26,76	1448,93
469	01.09.2025 06:20:48	0,97	5,78	30,96	26,76	1448,93
470	01.09.2025 06:20:49	0,97	5,78	30,96	26,76	1448,93
471	01.09.2025 06:20:50	0,97	5,80	30,96	26,76	1448,94
472	01.09.2025 06:20:51	0,97	5,78	30,96	26,76	1448,93
473	01.09.2025 06:20:52	0,97	5,78	30,96	26,76	1448,93
474	01.09.2025 06:20:53	0,97	5,76	30,96	26,76	1448,93
475	01.09.2025 06:20:54	0,97	5,78	30,96	26,76	1448,93
476	01.09.2025 06:20:55	0,97	5,78	30,96	26,76	1448,93
477	01.09.2025 06:20:56	0,97	5,78	30,96	26,76	1448,93
478	01.09.2025 06:20:57	0,97	5,78	30,96	26,76	1448,93
479	01.09.2025 06:20:58	0,97	5,78	30,96	26,76	1448,93
480	01.09.2025 06:20:59	0,97	5,78	30,96	26,76	1448,93
481	01.09.2025 06:21:00	0,97	5,78	30,96	26,76	1448,93
482	01.09.2025 06:21:01	0,97	5,76	30,96	26,76	1448,93
483	01.09.2025 06:21:02	0,97	5,76	30,96	26,76	1448,93
484	01.09.2025 06:21:03	0,97	5,78	30,96	26,76	1448,93
485	01.09.2025 06:21:04	0,97	5,78	30,96	26,76	1448,93
486	01.09.2025 06:21:05	0,97	5,78	30,96	26,76	1448,93
487	01.09.2025 06:21:06	0,97	5,76	30,96	26,76	1448,93
488	01.09.2025 06:21:07	0,97	5,76	30,96	26,76	1448,93
489	01.09.2025 06:21:08	0,97	5,78	30,96	26,76	1448,93
490	01.09.2025 06:21:09	0,97	5,78	30,96	26,76	1448,93
491	01.09.2025 06:21:10	0,97	5,76	30,96	26,76	1448,93
492	01.09.2025 06:21:11	0,97	5,76	30,96	26,76	1448,93
493	01.09.2025 06:21:12	0,97	5,76	30,93	26,73	1448,89
494	01.09.2025 06:21:13	0,97	5,76	30,96	26,76	1448,93
495	01.09.2025 06:21:14	0,97	5,75	30,96	26,76	1448,93
496	01.09.2025 06:21:15	0,97	5,76	30,96	26,76	1448,93
497	01.09.2025 06:21:16	0,93	5,78	31,00	26,76	1448,81
498	01.09.2025 06:21:17	0,97	5,76	30,96	26,76	1448,93
499	01.09.2025 06:21:18	0,97	5,76	30,96	26,76	1448,93
500	01.09.2025 06:21:19	0,97	5,76	30,96	26,76	1448,93
501	01.09.2025 06:21:20	0,97	5,76	30,96	26,76	1448,93
502	01.09.2025 06:21:21	0,93	5,76	31,00	26,76	1448,80
503	01.09.2025 06:21:22	0,97	5,75	30,96	26,76	1448,93
504	01.09.2025 06:21:23	0,93	5,78	31,00	26,76	1448,81
505	01.09.2025 06:21:24	0,93	5,76	31,00	26,76	1448,80
506	01.09.2025 06:21:25	0,93	5,78	31,00	26,76	1448,81
507	01.09.2025 06:21:26	0,93	5,76	31,00	26,76	1448,80
508	01.09.2025 06:21:27	0,93	5,76	31,00	26,76	1448,80
509	01.09.2025 06:21:28	0,93	5,78	31,00	26,76	1448,81
510	01.09.2025 06:21:29	0,93	5,76	31,00	26,76	1448,80
511	01.09.2025 06:21:30	0,93	5,76	31,00	26,76	1448,80
512	01.09.2025 06:21:31	0,93	5,78	31,00	26,76	1448,81
513	01.09.2025 06:21:32	0,93	5,78	31,00	26,76	1448,81
514	01.09.2025 06:21:33	0,93	5,76	31,00	26,76	1448,80
515	01.09.2025 06:21:34	0,93	5,78	31,00	26,76	1448,81
516	01.09.2025 06:21:35	0,93	5,78	31,00	26,76	1448,81
517	01.09.2025 06:21:36	0,93	5,76	31,00	26,76	1448,80
518	01.09.2025 06:21:37	0,93	5,76	31,00	26,76	1448,80
519	01.09.2025 06:21:38	0,93	5,78	31,00	26,76	1448,81
520	01.09.2025 06:21:39	0,93	5,78	31,00	26,76	1448,81
521	01.09.2025 06:21:40	0,93	5,78	31,00	26,76	1448,81
522	01.09.2025 06:21:41	0,93	5,78	31,00	26,76	1448,81
523	01.09.2025 06:21:42	0,93	5,76	30,97	26,73	1448,76
524	01.09.2025 06:21:43	0,93	5,76	31,00	26,76	1448,80
525	01.09.2025 06:21:44	0,93	5,76	31,00	26,76	1448,80
526	01.09.2025 06:21:45	0,93	5,76	30,97	26,73	1448,76
527	01.09.2025 06:21:46	0,93	5,78	31,00	26,76	1448,81
528	01.09.2025 06:21:47	0,93	5,78	31,00	26,76	1448,81
529	01.09.2025 06:21:48	0,93	5,78	31,00	26,76	1448,81
530	01.09.2025 06:21:49	0,93	5,78	31,00	26,76	1448,81
531	01.09.2025 06:21:50	0,93	5,78	31,00	26,76	1448,81
532	01.09.2025 06:21:51	0,93	5,78	31,00	26,76	1448,81
533	01.09.2025 06:21:52	0,93	5,80	31,00	26,76	1448,81
534	01.09.2025 06:21:53	0,93	5,80	31,00	26,76	1448,81
535	01.09.2025 06:21:54	0,93	5,80	31,00	26,76	1448,81
536	01.09.2025 06:21:55	0,93	5,80	30,97	26,73	1448,77
537	01.09.2025 06:21:56	0,93	5,80	31,00	26,76	1448,81
538	01.09.2025 06:21:57	0,93	5,81	31,00	26,76	1448,81
539	01.09.2025 06:21:58	0,93	5,80	31,00	26,76	1448,81
540	01.09.2025 06:21:59	0,93	5,80	31,00	26,76	1448,81
541	01.09.2025 06:22:00	0,93	5,80	31,00	26,76	1448,81
542	01.09.2025 06:22:01	0,93	5,81	31,00	26,76	1448,81
543	01.09.2025 06:22:02	0,93	5,81	30,97	26,73	1448,77
544	01.09.2025 06:22:03	0,93	5,81	31,00	26,76	1448,81
545	01.09.2025 06:22:04	0,93	5,81	31,00	26,76	1448,81
546	01.09.2025 06:22:05	0,93	5,83	31,00	26,76	1448,81
547	01.09.2025 06:22:06	0,93	5,81	31,00	26,76	1448,81
548	01.09.2025 06:22:07	0,93	5,81	31,00	26,76	1448,81
549	01.09.2025 06:22:08	0,93	5,81	31,00	26,76	1448,81
550	01.09.2025 06:22:09	0,93	5,81	31,00	26,76	1448,81
551	01.09.2025 06:22:10	0,93	5,83	31,00	26,76	1448,81
552	01.09.2025 06:22:11	0,93	5,81	30,97	26,73	1448,77
553	01.09.2025 06:22:12	0,93	5,81	31,00	26,76	1448,81
554	01.09.2025 06:22:13	0,93	5,81	31,00	26,76	1448,81
555	01.09.2025 06:22:14	0,93	5,83	31,00	26,76	1448,81
556	01.09.2025 06:22:15	0,93	5,81	31,00	26,76	1448,81
557	01.09.2025 06:22:16	0,93	5,83	31,00	26,76	1448,81
558	01.09.2025 06:22:17	0,93	5,83	31,00	26,76	1448,81
559	01.09.2025 06:22:18	0,93	5,83	31,00	26,76	1448,81
560	01.09.2025 06:22:19	0,93	5,83	31,00	26,76	1448,81
561	01.09.2025 06:22:20	0,93	5,85	31,00	26,76	1448,82
562	01.09.2025 06:22:21	0,93	5,83	31,00	26,76	1448,81
563	01.09.2025 06:22:22	0,93	5,85	31,00	26,76	1448,82
564	01.09.2025 06:22:23	0,93	5,85	31,00	26,76	1448,82
565	01.09.2025 06:22:24	0,93	5,85	31,00	26,76	1448,82
566	01.09.2025 06:22:25	0,93	5,85	31,00	26,76	1448,82
567	01.09.2025 06:22:26	0,93	5,85	31,00	26,76	1448,82
568	01.09.2025 06:22:27	0,93	5,83	31,00	26,76	1448,81
569	01.09.2025 06:22:28	0,93	5,83	31,00	26,76	1448,81
570	01.09.2025 06:22:29	0,93	5,85	31,00	26,76	1448,82
571	01.09.2025 06:22:30	0,93	5,83	31,00	26,76	1448,81
572	01.09.2025 06:22:31	0,93	5,81	31,00	26,76	1448,81
573	01.09.2025 06:22:32	0,93	5,81	31,00	26,76	1448,81
574	01.09.2025 06:22:33	0,93	5,83	31,00	26,76	1448,81
575	01.09.2025 06:22:34	0,93	5,83	31,00	26,76	1448,81
576	01.09.2025 06:22:35	0,93	5,81	31,00	26,76	1448,81
577	01.09.2025 06:22:36	0,93	5,81	31,00	26,76	1448,81
578	01.09.2025 06:22:37	0,93	5,83	31,00	26,76	1448,81
579	01.09.2025 06:22:38	0,93	5,81	31,00	26,76	1448,81
580	01.09.2025 06:22:39	0,93	5,81	31,00	26,76	1448,81
581	01.09.2025 06:22:40	0,93	5,80	30,97	26,73	1448,77
582	01.09.2025 06:22:41	0,93	5,81	31,00	26,76	1448,81
583	01.09.2025 06:22:42	0,93	5,80	31,00	26,76	1448,81
584	01.09.2025 06:22:43	0,93	5,80	31,00	26,76	1448,81
585	01.09.2025 06:22:44	0,93	5,80	31,00	26,76	1448,81
586	01.09.2025 06:22:45	0,93	5,80	31,00	26,76	1448,81
587	01.09.2025 06:22:46	0,93	5,80	31,00	26,76	1448,81
588	01.09.2025 06:22:47	0,93	5,80	31,00	26,76	1448,81
589	01.09.2025 06:22:48	0,93	5,81	30,97	26,73	1448,77
590	01.09.2025 06:22:49	0,93	5,80	30,97	26,73	1448,77
591	01.09.2025 06:22:50	0,93	5,78	31,00	26,76	1448,81
592	01.09.2025 06:22:51	0,93	5,80	30,97	26,73	1448,77
593	01.09.2025 06:22:52	0,93	5,80	31,00	26,76	1448,81
594	01.09.2025 06:22:53	0,93	5,78	30,97	26,73	1448,76
595	01.09.2025 06:22:54	0,93	5,80	30,97	26,73	1448,77
596	01.09.2025 06:22:55	0,93	5,81	31,00	26,76	1448,81
597	01.09.2025 06:22:56	0,93	5,80	31,00	26,76	1448,81
598	01.09.2025 06:22:57	0,93	5,80	31,00	26,76	1448,81
599	01.09.2025 06:22:58	0,93	5,80	31,00	26,76	1448,81
600	01.09.2025 06:22:59	0,93	5,80	31,00	26,76	1448,81
601	01.09.2025 06:23:00	0,93	5,80	31,00	26,76	1448,81
602	01.09.2025 06:23:01	0,93	5,80	31,00	26,76	1448,81
603	01.09.2025 06:23:02	0,93	5,81	31,00	26,76	1448,81
604	01.09.2025 06:23:03	0,93	5,83	31,00	26,76	1448,81
605	01.09.2025 06:23:04	0,93	5,83	31,00	26,76	1448,81
606	01.09.2025 06:23:05	0,93	5,81	31,00	26,76	1448,81
607	01.09.2025 06:23:06	0,93	5,81	31,00	26,76	1448,81
608	01.09.2025 06:23:07	0,93	5,83	31,00	26,76	1448,81
609	01.09.2025 06:23:08	0,93	5,81	31,00	26,76	1448,81
610	01.09.2025 06:23:09	0,93	5,81	31,00	26,76	1448,81
611	01.09.2025 06:23:10	0,93	5,80	30,97	26,73	1448,77
612	01.09.2025 06:23:11	0,93	5,80	30,97	26,73	1448,77
613	01.09.2025 06:23:12	0,93	5,81	30,97	26,73	1448,77
614	01.09.2025 06:23:13	0,93	5,81	30,97	26,73	1448,77
615	01.09.2025 06:23:14	0,93	5,80	30,97	26,73	1448,77
616	01.09.2025 06:23:15	0,93	5,78	30,97	26,73	1448,76
617	01.09.2025 06:23:16	0,93	5,81	30,97	26,73	1448,77
618	01.09.2025 06:23:17	0,93	5,80	30,97	26,73	1448,77
619	01.09.2025 06:23:18	0,93	5,80	31,00	26,76	1448,81
620	01.09.2025 06:23:19	0,93	5,80	31,00	26,76	1448,81
621	01.09.2025 06:23:20	0,93	5,80	31,00	26,76	1448,81
622	01.09.2025 06:23:21	0,93	5,78	31,00	26,76	1448,81
623	01.09.2025 06:23:22	0,93	5,78	31,00	26,76	1448,81
624	01.09.2025 06:23:23	0,93	5,78	30,97	26,73	1448,76
625	01.09.2025 06:23:24	0,93	5,80	31,00	26,76	1448,81
626	01.09.2025 06:23:25	0,93	5,80	30,97	26,73	1448,77
627	01.09.2025 06:23:26	0,93	5,80	30,97	26,73	1448,77
628	01.09.2025 06:23:27	0,93	5,81	30,97	26,73	1448,77
629	01.09.2025 06:23:28	0,93	5,80	30,97	26,73	1448,77
630	01.09.2025 06:23:29	0,93	5,80	30,97	26,73	1448,77
631	01.09.2025 06:23:30	0,93	5,80	30,97	26,73	1448,77
632	01.09.2025 06:23:31	0,93	5,80	30,97	26,73	1448,77
633	01.09.2025 06:23:32	0,93	5,78	30,97	26,73	1448,76
634	01.09.2025 06:23:33	0,93	5,76	30,97	26,73	1448,76
635	01.09.2025 06:23:34	0,93	5,78	30,97	26,73	1448,76
636	01.09.2025 06:23:35	0,93	5,78	30,97	26,73	1448,76
637	01.09.2025 06:23:36	0,93	5,76	30,97	26,73	1448,76
638	01.09.2025 06:23:37	0,93	5,76	30,97	26,73	1448,76
639	01.09.2025 06:23:38	0,93	5,74	30,97	26,73	1448,76
640	01.09.2025 06:23:39	0,93	5,76	30,97	26,73	1448,76
641	01.09.2025 06:23:40	0,93	5,76	30,97	26,73	1448,76
642	01.09.2025 06:23:41	0,93	5,74	30,97	26,73	1448,76
643	01.09.2025 06:23:42	0,93	5,74	30,97	26,73	1448,76
644	01.09.2025 06:23:43	0,93	5,74	30,97	26,73	1448,76
645	01.09.2025 06:23:44	0,93	5,74	30,97	26,73	1448,76
646	01.09.2025 06:23:45	0,93	5,74	30,97	26,73	1448,76
647	01.09.2025 06:23:46	0,93	5,74	30,97	26,73	1448,76
648	01.09.2025 06:23:47	0,93	5,74	30,97	26,73	1448,76
649	01.09.2025 06:23:48	0,93	5,74	30,97	26,73	1448,76
650	01.09.2025 06:23:49	0,93	5,74	30,97	26,73	1448,76
651	01.09.2025 06:23:50	0,93	5,76	30,97	26,73	1448,76
652	01.09.2025 06:23:51	0,93	5,74	30,97	26,73	1448,76
653	01.09.2025 06:23:52	0,93	5,72	30,97	26,73	1448,76
654	01.09.2025 06:23:53	0,93	5,74	30,97	26,73	1448,76
655	01.09.2025 06:23:54	0,93	5,74	30,97	26,73	1448,76
656	01.09.2025 06:23:55	0,93	5,72	30,97	26,73	1448,76
657	01.09.2025 06:23:56	0,93	5,72	30,97	26,73	1448,76
658	01.09.2025 06:23:57	0,93	5,74	30,97	26,73	1448,76
659	01.09.2025 06:23:58	0,93	5,74	30,97	26,73	1448,76
660	01.09.2025 06:23:59	0,93	5,74	30,97	26,73	1448,76
661	01.09.2025 06:24:00	0,93	5,72	31,00	26,76	1448,80
662	01.09.2025 06:24:01	0,93	5,72	30,97	26,73	1448,76
663	01.09.2025 06:24:02	0,93	5,76	30,97	26,73	1448,76
664	01.09.2025 06:24:03	0,93	5,72	30,97	26,73	1448,76
665	01.09.2025 06:24:04	0,93	5,72	30,97	26,73	1448,76
666	01.09.2025 06:24:05	0,93	5,74	30,97	26,73	1448,76
667	01.09.2025 06:24:06	0,93	5,74	30,97	26,73	1448,76
668	01.09.2025 06:24:07	0,93	5,72	30,97	26,73	1448,76
669	01.09.2025 06:24:08	0,93	5,74	30,97	26,73	1448,76
670	01.09.2025 06:24:09	0,93	5,72	30,97	26,73	1448,76
671	01.09.2025 06:24:10	0,93	5,74	30,97	26,73	1448,76
672	01.09.2025 06:24:11	0,93	5,74	30,97	26,73	1448,76
673	01.09.2025 06:24:12	0,93	5,72	30,97	26,73	1448,76
674	01.09.2025 06:24:13	0,93	5,72	30,97	26,73	1448,76
675	01.09.2025 06:24:14	0,93	5,74	30,97	26,73	1448,76
676	01.09.2025 06:24:15	0,93	5,74	30,97	26,73	1448,76
677	01.09.2025 06:24:16	0,93	5,74	30,97	26,73	1448,76
678	01.09.2025 06:24:17	0,97	5,73	30,93	26,73	1448,88
679	01.09.2025 06:24:18	0,97	5,73	30,93	26,73	1448,88
680	01.09.2025 06:24:19	0,97	5,75	30,93	26,73	1448,88
681	01.09.2025 06:24:20	0,97	5,75	30,93	26,73	1448,88
682	01.09.2025 06:24:21	0,97	5,73	30,93	26,73	1448,88
683	01.09.2025 06:24:22	0,97	5,75	30,93	26,73	1448,88
684	01.09.2025 06:24:23	0,97	5,73	30,93	26,73	1448,88
685	01.09.2025 06:24:24	0,97	5,75	30,93	26,73	1448,88
686	01.09.2025 06:24:25	0,97	5,75	30,93	26,73	1448,88
687	01.09.2025 06:24:26	0,97	5,73	30,93	26,73	1448,88
688	01.09.2025 06:24:27	0,97	5,75	30,93	26,73	1448,88
689	01.09.2025 06:24:28	0,97	5,73	30,93	26,73	1448,88
690	01.09.2025 06:24:29	0,97	5,71	30,93	26,73	1448,88
691	01.09.2025 06:24:30	0,97	5,73	30,93	26,73	1448,88
692	01.09.2025 06:24:31	0,97	5,75	30,93	26,73	1448,88
693	01.09.2025 06:24:32	0,97	5,75	30,93	26,73	1448,88
694	01.09.2025 06:24:33	0,97	5,71	30,93	26,73	1448,88
695	01.09.2025 06:24:34	0,97	5,71	30,93	26,73	1448,88
696	01.09.2025 06:24:35	0,97	5,73	30,90	26,71	1448,84
697	01.09.2025 06:24:36	0,97	5,75	30,93	26,73	1448,88
698	01.09.2025 06:24:37	0,97	5,76	30,93	26,73	1448,89
699	01.09.2025 06:24:38	0,97	5,75	30,93	26,73	1448,88
700	01.09.2025 06:24:39	0,97	5,75	30,93	26,73	1448,88
701	01.09.2025 06:24:40	0,97	5,75	30,93	26,73	1448,88
702	01.09.2025 06:24:41	0,97	5,75	30,93	26,73	1448,88
703	01.09.2025 06:24:42	0,97	5,75	30,93	26,73	1448,88
704	01.09.2025 06:24:43	0,97	5,73	30,93	26,73	1448,88
705	01.09.2025 06:24:44	0,97	5,73	30,93	26,73	1448,88
706	01.09.2025 06:24:45	0,97	5,71	30,90	26,71	1448,84
707	01.09.2025 06:24:46	0,97	5,71	30,90	26,71	1448,84
708	01.09.2025 06:24:47	0,97	5,69	30,90	26,71	1448,83
709	01.09.2025 06:24:48	0,97	5,67	30,90	26,71	1448,83
710	01.09.2025 06:24:49	0,97	5,66	30,90	26,71	1448,83
711	01.09.2025 06:24:50	0,97	5,64	30,93	26,73	1448,87
712	01.09.2025 06:24:51	0,97	5,62	30,90	26,71	1448,82
713	01.09.2025 06:24:52	0,97	5,60	30,90	26,71	1448,82
714	01.09.2025 06:24:53	0,97	5,58	30,90	26,71	1448,82
715	01.09.2025 06:24:54	0,97	5,53	30,90	26,71	1448,81
716	01.09.2025 06:24:55	0,97	5,51	30,90	26,71	1448,81
717	01.09.2025 06:24:56	1,01	5,52	30,86	26,71	1448,93
718	01.09.2025 06:24:57	1,01	5,46	30,83	26,68	1448,88
719	01.09.2025 06:24:58	1,01	5,43	30,86	26,71	1448,92
720	01.09.2025 06:24:59	1,01	5,39	30,83	26,68	1448,87
721	01.09.2025 06:25:00	1,01	5,39	30,80	26,66	1448,83
722	01.09.2025 06:25:01	1,01	5,34	30,80	26,66	1448,82
723	01.09.2025 06:25:02	1,01	5,32	30,80	26,66	1448,82
724	01.09.2025 06:25:03	1,01	5,26	30,80	26,66	1448,81
725	01.09.2025 06:25:04	1,01	5,23	30,80	26,66	1448,80
726	01.09.2025 06:25:05	1,05	5,23	30,76	26,65	1448,93
727	01.09.2025 06:25:06	1,05	5,20	30,76	26,66	1448,92
728	01.09.2025 06:25:07	1,05	5,18	30,76	26,66	1448,92
729	01.09.2025 06:25:08	1,05	5,14	30,79	26,68	1448,96
730	01.09.2025 06:25:09	1,05	5,12	30,76	26,66	1448,91
731	01.09.2025 06:25:10	1,05	5,07	30,76	26,66	1448,90
732	01.09.2025 06:25:11	1,05	5,07	30,76	26,66	1448,90
733	01.09.2025 06:25:12	1,05	5,05	30,79	26,68	1448,94
734	01.09.2025 06:25:13	1,05	5,03	30,79	26,68	1448,94
735	01.09.2025 06:25:14	1,05	5,02	30,79	26,68	1448,94
736	01.09.2025 06:25:15	1,09	5,00	30,75	26,68	1449,06
737	01.09.2025 06:25:16	1,09	4,98	30,75	26,68	1449,06
738	01.09.2025 06:25:17	1,09	4,98	30,75	26,68	1449,06
739	01.09.2025 06:25:18	1,09	4,97	30,75	26,68	1449,05
740	01.09.2025 06:25:19	1,09	4,97	30,75	26,68	1449,05
741	01.09.2025 06:25:20	1,09	4,95	30,75	26,68	1449,05
742	01.09.2025 06:25:21	1,09	4,95	30,75	26,68	1449,05
743	01.09.2025 06:25:22	1,09	4,93	30,75	26,68	1449,05
744	01.09.2025 06:25:23	1,09	4,93	30,75	26,68	1449,05
745	01.09.2025 06:25:24	1,09	4,91	30,75	26,68	1449,05
746	01.09.2025 06:25:25	1,09	4,91	30,75	26,68	1449,05
747	01.09.2025 06:25:26	1,09	4,91	30,75	26,68	1449,05
748	01.09.2025 06:25:27	1,09	4,91	30,75	26,68	1449,05
749	01.09.2025 06:25:28	1,09	4,91	30,75	26,68	1449,05
750	01.09.2025 06:25:29	1,09	4,89	30,75	26,68	1449,04
751	01.09.2025 06:25:30	1,09	4,89	30,75	26,68	1449,04
752	01.09.2025 06:25:31	1,13	4,91	30,71	26,68	1449,17
753	01.09.2025 06:25:32	1,13	4,91	30,71	26,68	1449,17
754	01.09.2025 06:25:33	1,13	4,91	30,71	26,68	1449,17
755	01.09.2025 06:25:34	1,13	4,91	30,71	26,68	1449,17
756	01.09.2025 06:25:35	1,13	4,91	30,71	26,68	1449,17
757	01.09.2025 06:25:36	1,13	4,90	30,71	26,68	1449,17
758	01.09.2025 06:25:37	1,13	4,91	30,71	26,68	1449,17
759	01.09.2025 06:25:38	1,13	4,90	30,71	26,68	1449,17
760	01.09.2025 06:25:39	1,13	4,88	30,71	26,68	1449,17
761	01.09.2025 06:25:40	1,13	4,88	30,71	26,68	1449,17
762	01.09.2025 06:25:41	1,13	4,88	30,71	26,68	1449,17
763	01.09.2025 06:25:42	1,13	4,88	30,71	26,68	1449,17
764	01.09.2025 06:25:43	1,13	4,88	30,71	26,68	1449,17
765	01.09.2025 06:25:44	1,13	4,86	30,71	26,68	1449,16
766	01.09.2025 06:25:45	1,13	4,86	30,71	26,68	1449,16
767	01.09.2025 06:25:46	1,13	4,86	30,71	26,68	1449,16
768	01.09.2025 06:25:47	1,13	4,86	30,71	26,68	1449,16
769	01.09.2025 06:25:48	1,13	4,84	30,71	26,68	1449,16
770	01.09.2025 06:25:49	1,13	4,84	30,71	26,68	1449,16
771	01.09.2025 06:25:50	1,13	4,84	30,71	26,68	1449,16
772	01.09.2025 06:25:51	1,13	4,81	30,71	26,68	1449,16
773	01.09.2025 06:25:52	1,13	4,81	30,71	26,68	1449,16
774	01.09.2025 06:25:53	1,13	4,81	30,71	26,68	1449,16
775	01.09.2025 06:25:54	1,13	4,81	30,71	26,68	1449,16
776	01.09.2025 06:25:55	1,13	4,81	30,74	26,70	1449,20
777	01.09.2025 06:25:56	1,13	4,77	30,74	26,70	1449,19
778	01.09.2025 06:25:57	1,13	4,77	30,74	26,70	1449,19
779	01.09.2025 06:25:58	1,13	4,77	30,74	26,70	1449,19
780	01.09.2025 06:25:59	1,17	4,76	30,70	26,70	1449,31
781	01.09.2025 06:26:00	1,17	4,76	30,70	26,70	1449,31
782	01.09.2025 06:26:01	1,17	4,76	30,70	26,70	1449,31
783	01.09.2025 06:26:02	1,17	4,74	30,70	26,70	1449,31
784	01.09.2025 06:26:03	1,17	4,70	30,70	26,70	1449,31
785	01.09.2025 06:26:04	1,17	4,70	30,70	26,70	1449,31
786	01.09.2025 06:26:05	1,17	4,70	30,70	26,70	1449,31
787	01.09.2025 06:26:06	1,17	4,70	30,70	26,70	1449,31
788	01.09.2025 06:26:07	1,17	4,68	30,70	26,70	1449,30
789	01.09.2025 06:26:08	1,21	4,67	30,69	26,73	1449,47
790	01.09.2025 06:26:09	1,21	4,67	30,69	26,73	1449,47
791	01.09.2025 06:26:10	1,21	4,63	30,69	26,73	1449,46
792	01.09.2025 06:26:11	1,21	4,63	30,72	26,75	1449,50
793	01.09.2025 06:26:12	1,21	4,62	30,79	26,80	1449,58
794	01.09.2025 06:26:13	1,25	4,60	30,81	26,85	1449,79
795	01.09.2025 06:26:14	1,29	4,59	30,80	26,87	1449,95
796	01.09.2025 06:26:15	1,29	4,57	30,77	26,85	1449,91
797	01.09.2025 06:26:16	1,33	4,55	30,76	26,87	1450,07
798	01.09.2025 06:26:17	1,33	4,55	30,79	26,90	1450,11
799	01.09.2025 06:26:18	1,37	4,52	30,79	26,92	1450,27
800	01.09.2025 06:26:19	1,37	4,50	30,79	26,92	1450,27
801	01.09.2025 06:26:20	1,40	4,49	30,78	26,95	1450,43
802	01.09.2025 06:26:21	1,40	4,47	30,78	26,95	1450,43
803	01.09.2025 06:26:22	1,44	4,44	30,77	26,97	1450,59
804	01.09.2025 06:26:23	1,44	4,44	30,86	27,04	1450,72
805	01.09.2025 06:26:24	1,48	4,42	31,01	27,19	1451,08
806	01.09.2025 06:26:25	1,56	4,41	31,06	27,29	1451,49
807	01.09.2025 06:26:26	1,64	4,38	31,04	27,34	1451,81
808	01.09.2025 06:26:27	1,68	4,35	31,09	27,41	1452,05
809	01.09.2025 06:26:28	1,76	4,33	31,11	27,49	1452,42
810	01.09.2025 06:26:29	1,83	4,32	31,06	27,51	1452,70
811	01.09.2025 06:26:30	1,91	4,27	30,98	27,51	1452,93
812	01.09.2025 06:26:31	1,95	4,28	30,94	27,51	1453,05
813	01.09.2025 06:26:32	1,99	4,28	30,91	27,51	1453,17
814	01.09.2025 06:26:33	2,03	4,27	30,87	27,50	1453,29
815	01.09.2025 06:26:34	2,07	4,23	30,83	27,50	1453,40
816	01.09.2025 06:26:35	2,07	4,21	30,83	27,50	1453,40
817	01.09.2025 06:26:36	2,07	4,20	30,83	27,50	1453,40
818	01.09.2025 06:26:37	2,10	4,20	30,79	27,50	1453,52
819	01.09.2025 06:26:38	2,10	4,16	30,85	27,55	1453,59
820	01.09.2025 06:26:39	2,14	4,13	30,84	27,58	1453,75
821	01.09.2025 06:26:40	2,18	4,12	30,84	27,60	1453,91
822	01.09.2025 06:26:41	2,22	4,12	30,80	27,60	1454,03
823	01.09.2025 06:26:42	2,26	4,07	30,88	27,70	1454,30
824	01.09.2025 06:26:43	2,30	4,03	30,81	27,67	1454,37
825	01.09.2025 06:26:44	2,30	4,02	30,78	27,65	1454,33
826	01.09.2025 06:26:45	2,33	4,00	30,63	27,55	1454,28
827	01.09.2025 06:26:46	2,33	3,97	30,66	27,57	1454,32
828	01.09.2025 06:26:47	2,37	3,93	30,65	27,60	1454,47
829	01.09.2025 06:26:48	2,37	3,91	30,65	27,60	1454,47
830	01.09.2025 06:26:49	2,41	3,90	30,61	27,60	1454,59
831	01.09.2025 06:26:50	2,41	3,86	30,64	27,62	1454,62
832	01.09.2025 06:26:51	2,45	3,85	30,63	27,65	1454,78
833	01.09.2025 06:26:52	2,49	3,82	30,63	27,67	1454,93
834	01.09.2025 06:26:53	2,53	3,78	30,56	27,65	1455,00
835	01.09.2025 06:26:54	2,56	3,77	30,55	27,67	1455,16
836	01.09.2025 06:26:55	2,60	3,73	30,52	27,67	1455,27
837	01.09.2025 06:26:56	2,64	3,72	30,54	27,72	1455,46
838	01.09.2025 06:26:57	2,68	3,70	30,50	27,72	1455,58
839	01.09.2025 06:26:58	2,72	3,69	30,53	27,77	1455,77
840	01.09.2025 06:26:59	2,75	3,66	30,52	27,79	1455,92
841	01.09.2025 06:27:00	2,79	3,62	30,48	27,79	1456,04
842	01.09.2025 06:27:01	2,83	3,61	30,45	27,79	1456,15
843	01.09.2025 06:27:02	2,87	3,57	30,44	27,81	1456,30
844	01.09.2025 06:27:03	2,87	3,54	30,44	27,81	1456,30
845	01.09.2025 06:27:04	2,91	3,54	30,40	27,81	1456,41
846	01.09.2025 06:27:05	2,91	3,51	30,46	27,86	1456,49
847	01.09.2025 06:27:06	2,94	3,47	30,49	27,91	1456,68
848	01.09.2025 06:27:07	2,98	3,46	30,48	27,94	1456,83
849	01.09.2025 06:27:08	3,02	3,46	31,07	28,46	1457,76
850	01.09.2025 06:27:09	3,13	3,43	31,05	28,53	1458,22
851	01.09.2025 06:27:10	3,28	3,39	30,99	28,60	1458,78
852	01.09.2025 06:27:11	3,40	3,36	31,15	28,82	1459,46
853	01.09.2025 06:27:12	3,51	3,32	31,16	28,92	1459,95
854	01.09.2025 06:27:13	3,66	3,33	31,24	29,12	1460,70
855	01.09.2025 06:27:14	3,81	3,25	31,07	29,09	1461,10
856	01.09.2025 06:27:15	3,92	3,20	30,88	29,02	1461,31
857	01.09.2025 06:27:16	4,03	3,21	31,04	29,24	1461,98
858	01.09.2025 06:27:17	4,10	3,18	30,91	29,19	1462,12
859	01.09.2025 06:27:18	4,18	3,11	30,75	29,11	1462,22
860	01.09.2025 06:27:19	4,25	3,10	30,77	29,19	1462,54
861	01.09.2025 06:27:20	4,32	3,11	31,39	29,78	1463,65
862	01.09.2025 06:27:21	4,51	3,07	31,07	29,65	1464,00
863	01.09.2025 06:27:22	4,65	3,02	31,10	29,80	1464,65
864	01.09.2025 06:27:23	4,80	2,98	31,16	29,97	1465,32
865	01.09.2025 06:27:24	4,98	2,98	31,19	30,15	1466,10
866	01.09.2025 06:27:25	5,12	2,95	31,28	30,34	1466,81
867	01.09.2025 06:27:26	5,27	2,91	31,18	30,37	1467,25
868	01.09.2025 06:27:27	5,41	2,86	31,21	30,51	1467,88
869	01.09.2025 06:27:28	5,55	2,82	31,22	30,64	1468,46
870	01.09.2025 06:27:29	5,70	2,79	31,22	30,76	1469,04
871	01.09.2025 06:27:30	5,84	2,77	31,42	31,06	1469,87
872	01.09.2025 06:27:31	6,02	2,75	31,56	31,33	1470,75
873	01.09.2025 06:27:32	6,23	2,69	31,42	31,38	1471,42
874	01.09.2025 06:27:33	6,40	2,63	31,01	31,16	1471,59
875	01.09.2025 06:27:34	6,54	2,59	30,78	31,06	1471,85
876	01.09.2025 06:27:35	6,65	2,56	30,74	31,11	1472,21
877	01.09.2025 06:27:36	6,72	2,53	30,60	31,04	1472,30
878	01.09.2025 06:27:37	6,79	2,50	30,40	30,91	1472,32
879	01.09.2025 06:27:38	6,82	2,52	30,80	31,31	1472,97
880	01.09.2025 06:27:39	6,96	2,45	30,97	31,58	1473,72
881	01.09.2025 06:27:40	7,10	2,41	30,98	31,70	1474,27
882	01.09.2025 06:27:41	7,27	2,37	31,09	31,95	1475,08
883	01.09.2025 06:27:42	7,48	2,35	30,99	32,03	1475,75
884	01.09.2025 06:27:43	7,69	2,27	31,02	32,22	1476,57
885	01.09.2025 06:27:44	7,89	2,22	30,58	31,98	1476,80
886	01.09.2025 06:27:45	8,03	2,19	30,46	31,98	1477,17
887	01.09.2025 06:27:46	8,16	2,18	30,60	32,23	1477,87
888	01.09.2025 06:27:47	8,37	2,14	30,58	32,38	1478,61
889	01.09.2025 06:27:48	8,57	2,08	30,67	32,63	1479,47
890	01.09.2025 06:27:49	8,77	2,04	30,57	32,71	1480,11
891	01.09.2025 06:27:50	8,97	1,99	30,38	32,69	1480,61
892	01.09.2025 06:27:51	9,17	1,95	30,31	32,79	1481,27
893	01.09.2025 06:27:52	9,34	1,92	30,33	32,94	1481,90
894	01.09.2025 06:27:53	9,51	1,88	30,26	33,01	1482,43
895	01.09.2025 06:27:54	9,64	1,85	30,23	33,09	1482,88
896	01.09.2025 06:27:55	9,84	1,82	30,14	33,17	1483,49
897	01.09.2025 06:27:56	10,03	1,79	30,45	33,64	1484,59
898	01.09.2025 06:27:57	10,26	1,77	30,43	33,81	1485,40
899	01.09.2025 06:27:58	10,53	1,76	31,02	34,63	1487,07
900	01.09.2025 06:27:59	10,88	1,71	31,38	35,29	1488,78
901	01.09.2025 06:28:00	11,37	1,69	31,50	35,85	1490,64
902	01.09.2025 06:28:01	11,85	1,55	31,18	35,93	1491,90
903	01.09.2025 06:28:02	12,26	1,50	30,96	36,06	1493,07
904	01.09.2025 06:28:03	12,61	1,44	30,73	36,12	1493,97
905	01.09.2025 06:28:04	12,87	1,40	30,56	36,15	1494,61
906	01.09.2025 06:28:05	13,09	1,38	30,43	36,21	1495,20
907	01.09.2025 06:28:06	13,24	1,36	30,33	36,24	1495,61
908	01.09.2025 06:28:07	13,43	1,32	30,21	36,27	1496,09
909	01.09.2025 06:28:08	13,59	1,29	30,12	36,30	1496,49
910	01.09.2025 06:28:09	13,71	1,27	30,00	36,27	1496,76
911	01.09.2025 06:28:10	13,84	1,24	29,93	36,30	1497,08
912	01.09.2025 06:28:11	13,96	1,23	29,83	36,31	1497,38
913	01.09.2025 06:28:12	14,06	1,22	29,76	36,31	1497,60
914	01.09.2025 06:28:13	14,18	1,21	29,65	36,29	1497,87
915	01.09.2025 06:28:14	14,27	1,18	29,58	36,29	1498,09
916	01.09.2025 06:28:15	14,33	1,19	29,53	36,29	1498,24
917	01.09.2025 06:28:16	14,43	1,17	29,47	36,30	1498,46
918	01.09.2025 06:28:17	14,52	1,18	29,40	36,30	1498,68
919	01.09.2025 06:28:18	14,61	1,19	29,33	36,30	1498,91
920	01.09.2025 06:28:19	14,67	1,21	29,29	36,30	1499,06
921	01.09.2025 06:28:20	14,74	1,20	29,24	36,30	1499,20
922	01.09.2025 06:28:21	14,83	1,22	29,17	36,31	1499,42
923	01.09.2025 06:28:22	14,89	1,23	29,13	36,31	1499,57
924	01.09.2025 06:28:23	14,95	1,23	29,09	36,31	1499,72
925	01.09.2025 06:28:24	15,04	1,24	29,02	36,31	1499,94
926	01.09.2025 06:28:25	15,11	1,24	28,95	36,29	1500,06
927	01.09.2025 06:28:26	15,17	1,23	28,93	36,32	1500,23
928	01.09.2025 06:28:27	15,23	1,23	28,87	36,29	1500,35
929	01.09.2025 06:28:28	15,26	1,24	28,87	36,32	1500,45
930	01.09.2025 06:28:29	15,32	1,22	28,82	36,32	1500,59
931	01.09.2025 06:28:30	15,38	1,23	28,78	36,32	1500,73
932	01.09.2025 06:28:31	15,44	1,21	28,74	36,32	1500,88
933	01.09.2025 06:28:32	15,50	1,20	28,72	36,35	1501,04
934	01.09.2025 06:28:33	15,53	1,18	28,69	36,35	1501,11
935	01.09.2025 06:28:34	15,60	1,15	28,65	36,35	1501,25
936	01.09.2025 06:28:35	15,66	1,14	28,61	36,35	1501,39
937	01.09.2025 06:28:36	15,72	1,11	28,59	36,38	1501,56
938	01.09.2025 06:28:37	15,75	1,09	28,57	36,38	1501,63
939	01.09.2025 06:28:38	15,78	1,08	28,55	36,38	1501,69
940	01.09.2025 06:28:39	15,84	1,04	28,55	36,43	1501,88
941	01.09.2025 06:28:40	15,90	1,01	28,50	36,44	1502,02
942	01.09.2025 06:28:41	15,93	0,98	28,50	36,46	1502,11
943	01.09.2025 06:28:42	15,99	0,98	28,50	36,51	1502,30
944	01.09.2025 06:28:43	16,05	0,95	28,46	36,51	1502,44
945	01.09.2025 06:28:44	16,08	0,92	28,42	36,49	1502,48
946	01.09.2025 06:28:45	16,14	0,90	28,40	36,52	1502,64
947	01.09.2025 06:28:46	16,17	0,91	28,40	36,54	1502,74
948	01.09.2025 06:28:47	16,20	0,87	28,38	36,54	1502,81
949	01.09.2025 06:28:48	16,27	0,86	28,36	36,57	1502,97
950	01.09.2025 06:28:49	16,30	0,84	28,42	36,67	1503,14
951	01.09.2025 06:28:50	16,36	0,81	28,47	36,77	1503,37
952	01.09.2025 06:28:51	16,42	0,80	28,47	36,82	1503,56
953	01.09.2025 06:28:52	16,51	0,79	28,42	36,85	1503,79
954	01.09.2025 06:28:53	16,57	0,79	28,40	36,87	1503,95
955	01.09.2025 06:28:54	16,63	0,78	28,36	36,87	1504,09
956	01.09.2025 06:28:55	16,69	0,73	28,32	36,88	1504,22
957	01.09.2025 06:28:56	16,72	0,73	28,28	36,85	1504,27
958	01.09.2025 06:28:57	16,72	0,71	28,32	36,90	1504,31
959	01.09.2025 06:28:58	16,78	0,68	28,28	36,90	1504,45
960	01.09.2025 06:28:59	16,81	0,66	28,26	36,90	1504,51
961	01.09.2025 06:29:00	16,87	0,65	28,22	36,91	1504,65
962	01.09.2025 06:29:01	16,90	0,65	28,24	36,96	1504,77
963	01.09.2025 06:29:02	16,96	0,62	28,22	36,98	1504,92
964	01.09.2025 06:29:03	16,99	0,61	28,22	37,01	1505,02
965	01.09.2025 06:29:04	17,05	0,61	28,20	37,03	1505,18
966	01.09.2025 06:29:05	17,08	0,56	28,18	37,04	1505,24
967	01.09.2025 06:29:06	17,14	0,55	28,18	37,09	1505,42
968	01.09.2025 06:29:07	17,17	0,55	28,20	37,14	1505,54
969	01.09.2025 06:29:08	17,23	0,53	28,21	37,19	1505,72
970	01.09.2025 06:29:09	17,29	0,52	28,21	37,24	1505,90
971	01.09.2025 06:29:10	17,38	0,49	28,15	37,24	1506,10
972	01.09.2025 06:29:11	17,44	0,48	28,13	37,27	1506,26
973	01.09.2025 06:29:12	17,47	0,48	28,19	37,37	1506,42
974	01.09.2025 06:29:13	17,56	0,44	28,11	37,34	1506,59
975	01.09.2025 06:29:14	17,62	0,44	28,09	37,37	1506,75
976	01.09.2025 06:29:15	17,65	0,41	28,05	37,35	1506,79
977	01.09.2025 06:29:16	17,68	0,41	28,05	37,37	1506,88
978	01.09.2025 06:29:17	17,71	0,39	28,01	37,35	1506,92
979	01.09.2025 06:29:18	17,74	0,37	27,93	37,28	1506,92
980	01.09.2025 06:29:19	17,74	0,35	27,97	37,33	1506,96
981	01.09.2025 06:29:20	17,77	0,35	27,97	37,35	1507,05
982	01.09.2025 06:29:21	17,80	0,34	27,95	37,35	1507,12
983	01.09.2025 06:29:22	17,83	0,32	27,93	37,35	1507,18
984	01.09.2025 06:29:23	17,83	0,30	27,93	37,35	1507,18
985	01.09.2025 06:29:24	17,86	0,32	27,93	37,38	1507,27
986	01.09.2025 06:29:25	17,89	0,32	27,91	37,38	1507,34
987	01.09.2025 06:29:26	17,92	0,32	27,91	37,41	1507,43
988	01.09.2025 06:29:27	17,95	0,30	27,87	37,38	1507,47
989	01.09.2025 06:29:28	17,98	0,26	27,85	37,38	1507,53
990	01.09.2025 06:29:29	18,01	0,26	27,83	37,38	1507,60
991	01.09.2025 06:29:30	18,04	0,26	27,83	37,41	1507,69
992	01.09.2025 06:29:31	18,04	0,26	27,83	37,41	1507,69
993	01.09.2025 06:29:32	18,07	0,25	27,82	37,41	1507,75
994	01.09.2025 06:29:33	18,10	0,26	27,80	37,41	1507,82
995	01.09.2025 06:29:34	18,13	0,25	27,78	37,41	1507,88
996	01.09.2025 06:29:35	18,13	0,25	27,78	37,41	1507,88
997	01.09.2025 06:29:36	18,16	0,23	27,76	37,41	1507,95
998	01.09.2025 06:29:37	18,16	0,23	27,76	37,41	1507,95
999	01.09.2025 06:29:38	18,16	0,23	27,74	37,39	1507,92
1000	01.09.2025 06:29:39	18,19	0,21	27,74	37,41	1508,01
1001	01.09.2025 06:29:40	18,19	0,19	27,72	37,39	1507,98
1002	01.09.2025 06:29:41	18,22	0,17	27,70	37,39	1508,05
1003	01.09.2025 06:29:42	18,22	0,19	27,70	37,39	1508,05
1004	01.09.2025 06:29:43	18,22	0,17	27,70	37,39	1508,05
1005	01.09.2025 06:29:44	18,22	0,16	27,70	37,39	1508,04
1006	01.09.2025 06:29:45	18,25	0,14	27,68	37,39	1508,11
1007	01.09.2025 06:29:46	18,28	0,14	27,68	37,42	1508,20
1008	01.09.2025 06:29:47	18,28	0,12	27,68	37,42	1508,19
1009	01.09.2025 06:29:48	18,31	0,08	27,66	37,42	1508,26
1010	01.09.2025 06:29:49	18,31	0,05	27,66	37,42	1508,25
1011	01.09.2025 06:29:50	18,34	0,06	27,64	37,42	1508,32
1012	01.09.2025 06:29:51	18,34	0,05	27,64	37,42	1508,32
1013	01.09.2025 06:29:52	18,34	0,03	27,64	37,42	1508,31
1014	01.09.2025 06:29:53	18,37	0,01	27,62	37,42	1508,38
1015	01.09.2025 06:29:54	18,37	0,01	27,62	37,42	1508,38
1016	01.09.2025 06:29:55	18,37	-0,01	27,62	37,42	1508,37
1017	01.09.2025 06:29:56	18,40	-0,01	27,60	37,42	1508,44
1018	01.09.2025 06:29:57	18,40	-0,04	27,60	37,42	1508,43
1019	01.09.2025 06:29:58	18,40	-0,04	27,60	37,42	1508,43
1020	01.09.2025 06:29:59	18,40	-0,04	27,60	37,42	1508,43
1021	01.09.2025 06:30:00	18,43	-0,06	27,58	37,42	1508,50
1022	01.09.2025 06:30:01	18,43	-0,10	27,58	37,42	1508,49
1023	01.09.2025 06:30:02	18,43	-0,12	27,56	37,40	1508,46
1024	01.09.2025 06:30:03	18,43	-0,13	27,58	37,42	1508,48
1025	01.09.2025 06:30:04	18,43	-0,12	27,58	37,42	1508,49
1026	01.09.2025 06:30:05	18,46	-0,13	27,56	37,42	1508,55
1027	01.09.2025 06:30:06	18,46	-0,15	27,56	37,42	1508,55
1028	01.09.2025 06:30:07	18,46	-0,17	27,56	37,42	1508,54
1029	01.09.2025 06:30:08	18,46	-0,15	27,56	37,42	1508,55
1030	01.09.2025 06:30:09	18,49	-0,13	27,54	37,42	1508,62
1031	01.09.2025 06:30:10	18,49	-0,17	27,54	37,42	1508,61
1032	01.09.2025 06:30:11	18,49	-0,17	27,54	37,42	1508,61
1033	01.09.2025 06:30:12	18,49	-0,15	27,54	37,42	1508,61
1034	01.09.2025 06:30:13	18,49	-0,13	27,52	37,40	1508,59
1035	01.09.2025 06:30:14	18,49	-0,17	27,54	37,42	1508,61
1036	01.09.2025 06:30:15	18,52	-0,19	27,53	37,42	1508,67
1037	01.09.2025 06:30:16	18,52	-0,17	27,53	37,42	1508,68
1038	01.09.2025 06:30:17	18,52	-0,17	27,51	37,40	1508,65
1039	01.09.2025 06:30:18	18,52	-0,17	27,51	37,40	1508,65
1040	01.09.2025 06:30:19	18,52	-0,19	27,53	37,42	1508,67
1041	01.09.2025 06:30:20	18,52	-0,17	27,53	37,42	1508,68
1042	01.09.2025 06:30:21	18,52	-0,17	27,51	37,40	1508,65
1043	01.09.2025 06:30:22	18,55	-0,19	27,49	37,40	1508,72
1044	01.09.2025 06:30:23	18,55	-0,19	27,49	37,40	1508,72
1045	01.09.2025 06:30:24	18,55	-0,21	27,49	37,40	1508,71
1046	01.09.2025 06:30:25	18,55	-0,19	27,51	37,42	1508,74
1047	01.09.2025 06:30:26	18,55	-0,19	27,51	37,42	1508,74
1048	01.09.2025 06:30:27	18,55	-0,17	27,49	37,40	1508,72
1049	01.09.2025 06:30:28	18,55	-0,15	27,49	37,40	1508,72
1050	01.09.2025 06:30:29	18,55	-0,17	27,49	37,40	1508,72
1051	01.09.2025 06:30:30	18,58	-0,17	27,47	37,40	1508,78
1052	01.09.2025 06:30:31	18,58	-0,15	27,47	37,40	1508,79
1053	01.09.2025 06:30:32	18,58	-0,15	27,49	37,43	1508,81
1054	01.09.2025 06:30:33	18,58	-0,15	27,49	37,43	1508,81
1055	01.09.2025 06:30:34	18,58	-0,17	27,49	37,43	1508,81
1056	01.09.2025 06:30:35	18,58	-0,17	27,49	37,43	1508,81
1057	01.09.2025 06:30:36	18,58	-0,17	27,49	37,43	1508,81
1058	01.09.2025 06:30:37	18,58	-0,17	27,47	37,40	1508,78
1059	01.09.2025 06:30:38	18,58	-0,19	27,49	37,43	1508,80
1060	01.09.2025 06:30:39	18,58	-0,17	27,47	37,40	1508,78
1061	01.09.2025 06:30:40	18,58	-0,15	27,47	37,40	1508,79
1062	01.09.2025 06:30:41	18,61	-0,17	27,47	37,43	1508,87
1063	01.09.2025 06:30:42	18,61	-0,15	27,45	37,40	1508,85
1064	01.09.2025 06:30:43	18,61	-0,15	27,41	37,35	1508,81
1065	01.09.2025 06:30:44	18,61	-0,17	27,47	37,43	1508,87
1066	01.09.2025 06:30:45	18,61	-0,17	27,47	37,43	1508,87
1067	01.09.2025 06:30:46	18,61	-0,15	27,47	37,43	1508,88
1068	01.09.2025 06:30:47	18,61	-0,17	27,47	37,43	1508,87
1069	01.09.2025 06:30:48	18,61	-0,15	27,47	37,43	1508,88
1070	01.09.2025 06:30:49	18,61	-0,15	27,47	37,43	1508,88
1071	01.09.2025 06:30:50	18,61	-0,15	27,47	37,43	1508,88
1072	01.09.2025 06:30:51	18,61	-0,15	27,47	37,43	1508,88
1073	01.09.2025 06:30:52	18,61	-0,17	27,47	37,43	1508,87
1074	01.09.2025 06:30:53	18,61	-0,17	27,47	37,43	1508,87
1075	01.09.2025 06:30:54	18,61	-0,15	27,45	37,40	1508,85
1076	01.09.2025 06:30:55	18,61	-0,15	27,47	37,43	1508,88
1077	01.09.2025 06:30:56	18,61	-0,13	27,47	37,43	1508,88
1078	01.09.2025 06:30:57	18,61	-0,17	27,45	37,40	1508,85
1079	01.09.2025 06:30:58	18,61	-0,17	27,47	37,43	1508,87
1080	01.09.2025 06:30:59	18,61	-0,15	27,47	37,43	1508,88
1081	01.09.2025 06:31:00	18,61	-0,15	27,47	37,43	1508,88
1082	01.09.2025 06:31:01	18,61	-0,15	27,45	37,40	1508,85
1083	01.09.2025 06:31:02	18,61	-0,17	27,45	37,40	1508,85
1084	01.09.2025 06:31:03	18,61	-0,15	27,47	37,43	1508,88
1085	01.09.2025 06:31:04	18,61	-0,17	27,47	37,43	1508,87
1086	01.09.2025 06:31:05	18,64	-0,17	27,45	37,43	1508,94
1087	01.09.2025 06:31:06	18,64	-0,17	27,45	37,43	1508,94
1088	01.09.2025 06:31:07	18,64	-0,17	27,43	37,40	1508,92
1089	01.09.2025 06:31:08	18,64	-0,19	26,87	36,71	1508,27
1090	01.09.2025 06:31:09	18,64	-0,17	27,45	37,43	1508,94
1091	01.09.2025 06:31:10	18,64	-0,17	27,45	37,43	1508,94
1092	01.09.2025 06:31:11	18,64	-0,19	22,48	31,24	1503,22
1093	01.09.2025 06:31:12	18,64	-0,19	22,91	31,78	1503,72
1094	01.09.2025 06:31:13	18,64	-0,19	20,21	28,36	1500,62
1095	01.09.2025 06:31:14	18,61	-0,19	19,87	27,92	1500,14
1096	01.09.2025 06:31:15	18,61	-0,19	19,97	28,04	1500,25
1097	01.09.2025 06:31:16	18,61	-0,17	20,05	28,14	1500,34
1098	01.09.2025 06:31:17	18,61	-0,17	20,07	28,17	1500,37
1099	01.09.2025 06:31:18	18,61	-0,17	20,07	28,17	1500,37
1100	01.09.2025 06:31:19	18,61	-0,17	20,05	28,14	1500,34
1101	01.09.2025 06:31:20	18,61	-0,19	20,05	28,14	1500,34
1102	01.09.2025 06:31:21	18,58	-0,17	20,02	28,09	1500,23
1103	01.09.2025 06:31:22	18,58	-0,17	20,04	28,11	1500,25
1104	01.09.2025 06:31:23	18,58	-0,17	20,00	28,06	1500,20
1105	01.09.2025 06:31:24	18,58	-0,17	5,15	8,03	1483,13
1106	01.09.2025 06:31:25	18,55	-0,19	5,65	8,75	1483,60
1107	01.09.2025 06:31:26	18,55	-0,19	5,74	8,88	1483,71
1108	01.09.2025 06:31:27	18,52	-0,19	0,68	1,19	1477,80
1109	01.09.2025 06:31:28	18,49	-0,17	0,39	0,69	1477,37
1110	01.09.2025 06:31:29	18,49	-0,17	0,36	0,64	1477,33
1111	01.09.2025 06:31:30	18,46	-0,17	0,24	0,43	1477,10
1112	01.09.2025 06:31:31	18,46	-0,17	0,45	0,79	1477,34
1113	01.09.2025 06:31:32	18,46	-0,17	0,39	0,69	1477,27
1114	01.09.2025 06:31:33	18,46	-0,17	0,34	0,61	1477,22
1115	01.09.2025 06:31:34	18,46	-0,17	0,21	0,37	1477,06
1116	01.09.2025 06:31:35	18,46	-0,17	0,18	0,32	1477,03
1117	01.09.2025 06:31:36	18,43	-0,17	0,16	0,30	1476,92
1118	01.09.2025 06:31:37	18,43	-0,17	0,15	0,27	1476,90
1119	01.09.2025 06:31:38	18,43	-0,17	0,15	0,27	1476,90
1120	01.09.2025 06:31:39	18,43	-0,17	0,15	0,27	1476,90
1121	01.09.2025 06:31:40	18,43	-0,17	0,15	0,27	1476,90
1122	01.09.2025 06:31:41	18,43	-0,17	0,13	0,24	1476,88
1123	01.09.2025 06:31:42	18,43	-0,15	0,13	0,24	1476,89
1124	01.09.2025 06:31:43	18,43	-0,17	0,15	0,27	1476,90
1125	01.09.2025 06:31:44	18,43	-0,15	0,13	0,24	1476,89
1126	01.09.2025 06:31:45	18,40	-0,17	0,13	0,24	1476,79
1127	01.09.2025 06:31:46	18,40	-0,17	0,13	0,24	1476,79
1128	01.09.2025 06:31:47	18,40	-0,15	0,13	0,24	1476,79
1129	01.09.2025 06:31:48	18,40	-0,17	0,13	0,24	1476,79
1130	01.09.2025 06:31:49	18,40	-0,15	0,13	0,24	1476,79
1131	01.09.2025 06:31:50	18,40	-0,17	0,13	0,24	1476,79
1132	01.09.2025 06:31:51	18,40	-0,15	0,13	0,24	1476,79
1133	01.09.2025 06:31:52	18,40	-0,17	0,12	0,22	1476,77
1134	01.09.2025 06:31:53	18,40	-0,17	0,13	0,24	1476,79
1135	01.09.2025 06:31:54	18,40	-0,15	0,13	0,24	1476,79
1136	01.09.2025 06:31:55	18,40	-0,17	0,12	0,22	1476,77
1137	01.09.2025 06:31:56	18,37	-0,15	0,12	0,22	1476,68
1138	01.09.2025 06:31:57	18,37	-0,17	0,13	0,24	1476,69
1139	01.09.2025 06:31:58	18,37	-0,17	0,12	0,22	1476,67
1140	01.09.2025 06:31:59	18,37	-0,17	0,12	0,22	1476,67
1141	01.09.2025 06:32:00	18,37	-0,17	0,13	0,24	1476,69
1142	01.09.2025 06:32:01	18,37	-0,15	0,13	0,24	1476,69
1143	01.09.2025 06:32:02	18,37	-0,17	0,13	0,24	1476,69
1144	01.09.2025 06:32:03	18,37	-0,17	0,12	0,22	1476,67
1145	01.09.2025 06:32:04	18,37	-0,17	0,12	0,22	1476,67
1146	01.09.2025 06:32:05	18,37	-0,17	0,13	0,24	1476,69
1147	01.09.2025 06:32:06	18,37	-0,15	0,13	0,24	1476,69
1148	01.09.2025 06:32:07	18,37	-0,17	0,12	0,22	1476,67
1149	01.09.2025 06:32:08	18,37	-0,17	0,12	0,22	1476,67
1150	01.09.2025 06:32:09	18,37	-0,17	0,12	0,22	1476,67
1151	01.09.2025 06:32:10	18,37	-0,17	0,13	0,24	1476,69
1152	01.09.2025 06:32:11	18,34	-0,17	0,12	0,22	1476,58
1153	01.09.2025 06:32:12	18,37	-0,17	0,12	0,22	1476,67
1154	01.09.2025 06:32:13	18,34	-0,17	0,13	0,24	1476,59
1155	01.09.2025 06:32:14	18,34	-0,17	0,37	0,66	1476,87
1156	01.09.2025 06:32:15	18,34	-0,17	0,34	0,61	1476,83
1157	01.09.2025 06:32:16	18,34	-0,17	0,43	0,77	1476,94
1158	01.09.2025 06:32:17	18,34	-0,17	0,45	0,79	1476,96
1159	01.09.2025 06:32:18	18,34	-0,17	0,45	0,79	1476,96
1160	01.09.2025 06:32:19	18,34	-0,17	0,45	0,79	1476,96
1161	01.09.2025 06:32:20	18,34	-0,17	0,45	0,79	1476,96
1162	01.09.2025 06:32:21	18,34	-0,17	0,24	0,43	1476,71
1163	01.09.2025 06:32:22	18,34	-0,17	0,18	0,32	1476,64
1164	01.09.2025 06:32:23	18,31	-0,19	0,16	0,30	1476,53
1165	01.09.2025 06:32:24	18,31	-0,19	0,16	0,30	1476,53
1166	01.09.2025 06:32:25	18,31	-0,19	0,15	0,27	1476,51
1167	01.09.2025 06:32:26	18,31	-0,17	0,15	0,27	1476,51
1168	01.09.2025 06:32:27	18,31	-0,17	0,15	0,27	1476,51
1169	01.09.2025 06:32:28	18,31	-0,19	0,15	0,27	1476,51
1170	01.09.2025 06:32:29	18,31	-0,17	0,15	0,27	1476,51
1171	01.09.2025 06:32:30	18,31	-0,19	0,13	0,24	1476,49
1172	01.09.2025 06:32:31	18,31	-0,19	0,13	0,24	1476,49
1173	01.09.2025 06:32:32	18,31	-0,19	0,13	0,24	1476,49
1174	01.09.2025 06:32:33	18,31	-0,19	0,13	0,24	1476,49
1175	01.09.2025 06:32:34	18,31	-0,17	0,13	0,24	1476,50
1176	01.09.2025 06:32:35	18,31	-0,19	0,13	0,24	1476,49
1177	01.09.2025 06:32:36	18,31	-0,17	0,13	0,24	1476,50
1178	01.09.2025 06:32:37	18,31	-0,17	0,13	0,24	1476,50
1179	01.09.2025 06:32:38	18,31	-0,17	0,13	0,24	1476,50
1180	01.09.2025 06:32:39	18,31	-0,19	0,13	0,24	1476,49
1181	01.09.2025 06:32:40	18,31	-0,17	0,13	0,24	1476,50
1182	01.09.2025 06:32:41	18,31	-0,19	0,13	0,24	1476,49
1183	01.09.2025 06:32:42	18,28	-0,19	0,14	0,24	1476,40
1184	01.09.2025 06:32:43	18,28	-0,17	0,14	0,24	1476,40
1185	01.09.2025 06:32:44	18,28	-0,17	0,14	0,24	1476,40
1186	01.09.2025 06:32:45	18,28	-0,19	0,14	0,24	1476,40
1187	01.09.2025 06:32:46	18,28	-0,19	0,14	0,24	1476,40
1188	01.09.2025 06:32:47	18,28	-0,17	0,14	0,24	1476,40
1189	01.09.2025 06:32:48	18,28	-0,19	0,14	0,24	1476,40
1190	01.09.2025 06:32:49	18,28	-0,19	0,14	0,24	1476,40
1191	01.09.2025 06:32:50	18,28	-0,17	0,14	0,24	1476,40
1192	01.09.2025 06:32:51	18,28	-0,17	0,12	0,22	1476,38
1193	01.09.2025 06:32:52	18,28	-0,17	0,14	0,24	1476,40
1194	01.09.2025 06:32:53	18,28	-0,17	0,14	0,24	1476,40
1195	01.09.2025 06:32:54	18,28	-0,17	0,14	0,24	1476,40
1196	01.09.2025 06:32:55	18,28	-0,17	0,12	0,22	1476,38
1197	01.09.2025 06:32:56	18,28	-0,17	0,12	0,22	1476,38
1198	01.09.2025 06:32:57	18,28	-0,19	0,14	0,24	1476,40
1199	01.09.2025 06:32:58	18,28	-0,17	0,12	0,22	1476,38
1200	01.09.2025 06:32:59	18,28	-0,17	0,14	0,24	1476,40
1201	01.09.2025 06:33:00	18,28	-0,17	0,12	0,22	1476,38
1202	01.09.2025 06:33:01	18,28	-0,17	0,12	0,22	1476,38
1203	01.09.2025 06:33:02	18,28	-0,17	0,12	0,22	1476,38
1204	01.09.2025 06:33:03	18,28	-0,17	0,12	0,22	1476,38
1205	01.09.2025 06:33:04	18,28	-0,19	0,12	0,22	1476,38
1206	01.09.2025 06:33:05	18,28	-0,19	0,14	0,24	1476,40
1207	01.09.2025 06:33:06	18,28	-0,19	0,12	0,22	1476,38
1208	01.09.2025 06:33:07	18,28	-0,17	0,12	0,22	1476,38
1209	01.09.2025 06:33:08	18,28	-0,17	0,14	0,24	1476,40
1210	01.09.2025 06:33:09	18,28	-0,17	0,14	0,24	1476,40
1211	01.09.2025 06:33:10	18,28	-0,17	0,12	0,22	1476,38
1212	01.09.2025 06:33:11	18,25	-0,17	0,14	0,24	1476,30
1213	01.09.2025 06:33:12	18,25	-0,17	0,14	0,24	1476,30
1214	01.09.2025 06:33:13	18,25	-0,19	0,12	0,22	1476,28
1215	01.09.2025 06:33:14	18,25	-0,17	0,14	0,24	1476,30
1216	01.09.2025 06:33:15	18,25	-0,17	0,12	0,22	1476,29
1217	01.09.2025 06:33:16	18,25	-0,17	0,12	0,22	1476,29
1218	01.09.2025 06:33:17	18,25	-0,19	0,12	0,22	1476,28
1219	01.09.2025 06:33:18	18,25	-0,17	0,14	0,24	1476,30
1220	01.09.2025 06:33:19	18,25	-0,17	0,12	0,22	1476,29
1221	01.09.2025 06:33:20	18,25	-0,17	0,12	0,22	1476,29
1222	01.09.2025 06:33:21	18,25	-0,19	0,14	0,24	1476,30
1223	01.09.2025 06:33:22	18,25	-0,17	0,12	0,22	1476,29
1224	01.09.2025 06:33:23	18,25	-0,17	0,12	0,22	1476,29
1225	01.09.2025 06:33:24	18,25	-0,19	0,12	0,22	1476,28
1226	01.09.2025 06:33:25	18,25	-0,17	0,14	0,24	1476,30
1227	01.09.2025 06:33:26	18,25	-0,19	0,12	0,22	1476,28
1228	01.09.2025 06:33:27	18,25	-0,17	0,12	0,22	1476,29
1229	01.09.2025 06:33:28	18,25	-0,17	0,12	0,22	1476,29
1230	01.09.2025 06:33:29	18,25	-0,17	0,12	0,22	1476,29
1231	01.09.2025 06:33:30	18,25	-0,17	0,12	0,22	1476,29
1232	01.09.2025 06:33:31	18,25	-0,17	0,12	0,22	1476,29
1233	01.09.2025 06:33:32	18,25	-0,19	0,12	0,22	1476,28
1234	01.09.2025 06:33:33	18,25	-0,17	0,14	0,24	1476,30
1235	01.09.2025 06:33:34	18,25	-0,17	0,12	0,22	1476,29
1236	01.09.2025 06:33:35	18,25	-0,19	0,12	0,22	1476,28
1237	01.09.2025 06:33:36	18,22	-0,19	0,12	0,22	1476,19
1238	01.09.2025 06:33:37	18,22	-0,19	0,12	0,22	1476,19
1239	01.09.2025 06:33:38	18,22	-0,17	0,12	0,22	1476,19
1240	01.09.2025 06:33:39	18,22	-0,19	0,12	0,22	1476,19
1241	01.09.2025 06:33:40	18,22	-0,19	0,12	0,22	1476,19
1242	01.09.2025 06:33:41	18,22	-0,19	0,12	0,22	1476,19
1243	01.09.2025 06:33:42	18,22	-0,17	0,12	0,22	1476,19
1244	01.09.2025 06:33:43	18,22	-0,15	0,14	0,24	1476,21
1245	01.09.2025 06:33:44	18,22	-0,17	0,12	0,22	1476,19
1246	01.09.2025 06:33:45	18,22	-0,15	0,45	0,79	1476,57
1247	01.09.2025 06:33:46	18,22	-0,19	0,44	0,77	1476,55
1248	01.09.2025 06:33:47	18,22	-0,21	0,44	0,77	1476,55
1249	01.09.2025 06:33:48	18,22	-0,19	0,44	0,77	1476,55
1250	01.09.2025 06:33:49	18,22	-0,17	0,33	0,58	1476,43
1251	01.09.2025 06:33:50	18,22	-0,17	0,42	0,74	1476,53
1252	01.09.2025 06:33:51	18,22	-0,19	0,47	0,82	1476,59
1253	01.09.2025 06:33:52	18,22	-0,19	0,45	0,79	1476,57
1254	01.09.2025 06:33:53	18,22	-0,17	0,45	0,79	1476,57
1255	01.09.2025 06:33:54	18,22	-0,19	0,36	0,64	1476,46
1256	01.09.2025 06:33:55	18,22	-0,19	0,44	0,77	1476,55
1257	01.09.2025 06:33:56	18,22	-0,19	0,42	0,74	1476,53
1258	01.09.2025 06:33:57	18,19	-0,17	0,47	0,82	1476,49
1259	01.09.2025 06:33:58	18,19	-0,19	0,44	0,77	1476,45
1260	01.09.2025 06:33:59	18,19	-0,17	0,39	0,69	1476,40
1261	01.09.2025 06:34:00	18,19	-0,19	0,39	0,69	1476,40
1262	01.09.2025 06:34:01	18,19	-0,17	0,42	0,74	1476,44
1263	01.09.2025 06:34:02	18,19	-0,19	0,39	0,69	1476,40
1264	01.09.2025 06:34:03	18,19	-0,17	0,33	0,58	1476,33
1265	01.09.2025 06:34:04	18,19	-0,19	0,37	0,66	1476,38
1266	01.09.2025 06:34:05	18,19	-0,19	0,37	0,66	1476,38
1267	01.09.2025 06:34:06	18,19	-0,17	0,34	0,61	1476,35
1268	01.09.2025 06:34:07	18,19	-0,19	0,37	0,66	1476,38
1269	01.09.2025 06:34:08	18,19	-0,19	0,36	0,64	1476,36
1270	01.09.2025 06:34:09	18,19	-0,19	0,39	0,69	1476,40
1271	01.09.2025 06:34:10	18,19	-0,19	0,33	0,58	1476,33
1272	01.09.2025 06:34:11	18,19	-0,19	0,37	0,66	1476,38
1273	01.09.2025 06:34:12	18,19	-0,19	0,36	0,64	1476,36
1274	01.09.2025 06:34:13	18,19	-0,17	0,30	0,53	1476,30
1275	01.09.2025 06:34:14	18,19	-0,17	0,30	0,53	1476,30
1276	01.09.2025 06:34:15	18,19	-0,19	0,33	0,58	1476,33
1277	01.09.2025 06:34:16	18,19	-0,19	0,34	0,61	1476,35
1278	01.09.2025 06:34:17	18,19	-0,17	0,33	0,58	1476,33
1279	01.09.2025 06:34:18	18,19	-0,19	0,28	0,51	1476,28
1280	01.09.2025 06:34:19	18,19	-0,17	0,30	0,53	1476,30
1281	01.09.2025 06:34:20	18,19	-0,19	0,31	0,56	1476,31
1282	01.09.2025 06:34:21	18,19	-0,19	0,39	0,69	1476,40
1283	01.09.2025 06:34:22	18,19	-0,17	0,37	0,66	1476,38
1284	01.09.2025 06:34:23	18,16	-0,17	0,34	0,61	1476,25
1285	01.09.2025 06:34:24	18,16	-0,17	0,30	0,53	1476,20
1286	01.09.2025 06:34:25	18,16	-0,15	0,31	0,56	1476,22
1287	01.09.2025 06:34:26	18,16	-0,15	0,30	0,53	1476,20
1288	01.09.2025 06:34:27	18,16	-0,15	0,30	0,53	1476,20
1289	01.09.2025 06:34:28	18,16	-0,17	0,28	0,51	1476,18
1290	01.09.2025 06:34:29	18,16	-0,15	0,34	0,61	1476,26
1291	01.09.2025 06:34:30	18,16	-0,17	0,30	0,53	1476,20
1292	01.09.2025 06:34:31	18,16	-0,17	0,27	0,48	1476,17
1293	01.09.2025 06:34:32	18,16	-0,17	0,28	0,51	1476,18
1294	01.09.2025 06:34:33	18,16	-0,15	0,31	0,56	1476,22
1295	01.09.2025 06:34:34	18,16	-0,17	0,30	0,53	1476,20
1296	01.09.2025 06:34:35	18,16	-0,15	0,22	0,40	1476,12
1297	01.09.2025 06:34:36	18,16	-0,17	0,30	0,53	1476,20
1298	01.09.2025 06:34:37	18,16	-0,15	0,31	0,56	1476,22
1299	01.09.2025 06:34:38	18,16	-0,17	0,27	0,48	1476,17
1300	01.09.2025 06:34:39	18,16	-0,17	0,28	0,51	1476,18
1301	01.09.2025 06:34:40	18,16	-0,15	0,28	0,51	1476,19
1302	01.09.2025 06:34:41	18,16	-0,17	0,30	0,53	1476,20
1303	01.09.2025 06:34:42	18,16	-0,15	0,28	0,51	1476,19
1304	01.09.2025 06:34:43	18,16	-0,15	0,27	0,48	1476,17
1305	01.09.2025 06:34:44	18,16	-0,17	0,30	0,53	1476,20
1306	01.09.2025 06:34:45	18,16	-0,17	0,27	0,48	1476,17
1307	01.09.2025 06:34:46	18,16	-0,15	0,27	0,48	1476,17
1308	01.09.2025 06:34:47	18,16	-0,17	0,30	0,53	1476,20
1309	01.09.2025 06:34:48	18,16	-0,17	0,25	0,45	1476,15
1310	01.09.2025 06:34:49	18,16	-0,15	0,31	0,56	1476,22
1311	01.09.2025 06:34:50	18,16	-0,15	0,31	0,56	1476,22
1312	01.09.2025 06:34:51	18,16	-0,17	0,24	0,43	1476,13
1313	01.09.2025 06:34:52	18,16	-0,17	0,28	0,51	1476,18
1314	01.09.2025 06:34:53	18,13	-0,15	0,33	0,58	1476,14
1315	01.09.2025 06:34:54	18,16	-0,15	0,25	0,45	1476,15
1316	01.09.2025 06:34:55	18,13	-0,15	0,27	0,48	1476,07
1317	01.09.2025 06:34:56	18,13	-0,17	0,31	0,56	1476,12
1318	01.09.2025 06:34:57	18,13	-0,17	0,28	0,51	1476,09
1319	01.09.2025 06:34:58	18,13	-0,17	0,27	0,48	1476,07
1320	01.09.2025 06:34:59	18,13	-0,15	0,30	0,53	1476,11
1321	01.09.2025 06:35:00	18,13	-0,17	0,25	0,45	1476,05
1322	01.09.2025 06:35:01	18,13	-0,15	0,31	0,56	1476,12
1323	01.09.2025 06:35:02	18,13	-0,15	0,31	0,56	1476,12
1324	01.09.2025 06:35:03	18,13	-0,17	0,22	0,40	1476,02
1325	01.09.2025 06:35:04	18,13	-0,15	0,33	0,58	1476,14
1326	01.09.2025 06:35:05	18,13	-0,17	0,31	0,56	1476,12
1327	01.09.2025 06:35:06	18,13	-0,17	0,24	0,43	1476,03
1328	01.09.2025 06:35:07	18,13	-0,17	0,28	0,51	1476,09
1329	01.09.2025 06:35:08	18,13	-0,15	0,31	0,56	1476,12
1330	01.09.2025 06:35:09	18,13	-0,17	0,27	0,48	1476,07
1331	01.09.2025 06:35:10	18,13	-0,15	0,25	0,45	1476,05
1332	01.09.2025 06:35:11	18,13	-0,17	0,30	0,53	1476,10
1333	01.09.2025 06:35:12	18,13	-0,17	0,28	0,51	1476,09
1334	01.09.2025 06:35:13	18,13	-0,17	0,27	0,48	1476,07
1335	01.09.2025 06:35:14	18,13	-0,15	0,31	0,56	1476,12
1336	01.09.2025 06:35:15	18,13	-0,17	0,31	0,56	1476,12
1337	01.09.2025 06:35:16	18,13	-0,17	0,30	0,53	1476,10
1338	01.09.2025 06:35:17	18,13	-0,15	0,36	0,64	1476,18
1339	01.09.2025 06:35:18	18,13	-0,17	0,34	0,61	1476,16
1340	01.09.2025 06:35:19	18,13	-0,17	0,34	0,61	1476,16
1341	01.09.2025 06:35:20	18,13	-0,17	0,33	0,58	1476,14
1342	01.09.2025 06:35:21	18,13	-0,15	0,34	0,61	1476,16
1343	01.09.2025 06:35:22	18,13	-0,17	0,31	0,56	1476,12
1344	01.09.2025 06:35:23	18,13	-0,15	0,27	0,48	1476,07
1345	01.09.2025 06:35:24	18,13	-0,15	0,31	0,56	1476,12
1346	01.09.2025 06:35:25	18,13	-0,15	0,30	0,53	1476,11
1347	01.09.2025 06:35:26	18,13	-0,17	0,31	0,56	1476,12
1348	01.09.2025 06:35:27	18,13	-0,17	0,28	0,51	1476,09
1349	01.09.2025 06:35:28	18,13	-0,17	0,38	0,66	1476,19
1350	01.09.2025 06:35:29	18,13	-0,15	0,31	0,56	1476,12
1351	01.09.2025 06:35:30	18,13	-0,15	0,31	0,56	1476,12
1352	01.09.2025 06:35:31	18,13	-0,17	0,33	0,58	1476,14
1353	01.09.2025 06:35:32	18,13	-0,17	0,33	0,58	1476,14
1354	01.09.2025 06:35:33	18,13	-0,15	0,31	0,56	1476,12
1355	01.09.2025 06:35:34	18,13	-0,17	0,28	0,51	1476,09
1356	01.09.2025 06:35:35	18,13	-0,15	0,31	0,56	1476,12
1357	01.09.2025 06:35:36	18,13	-0,15	0,28	0,51	1476,09
1358	01.09.2025 06:35:37	18,13	-0,17	0,25	0,45	1476,05
1359	01.09.2025 06:35:38	18,13	-0,17	0,28	0,51	1476,09
1360	01.09.2025 06:35:39	18,13	-0,17	0,28	0,51	1476,09
1361	01.09.2025 06:35:40	18,13	-0,17	0,25	0,45	1476,05
1362	01.09.2025 06:35:41	18,13	-0,17	0,25	0,45	1476,05
1363	01.09.2025 06:35:42	18,13	-0,15	0,25	0,45	1476,05
1364	01.09.2025 06:35:43	18,13	-0,15	0,27	0,48	1476,07
1365	01.09.2025 06:35:44	18,13	-0,17	0,24	0,43	1476,03
1366	01.09.2025 06:35:45	18,13	-0,17	0,25	0,45	1476,05
1367	01.09.2025 06:35:46	18,13	-0,17	0,22	0,40	1476,02
1368	01.09.2025 06:35:47	18,13	-0,17	0,24	0,43	1476,03
1369	01.09.2025 06:35:48	18,13	-0,17	0,25	0,45	1476,05
1370	01.09.2025 06:35:49	18,13	-0,17	0,24	0,43	1476,03
1371	01.09.2025 06:35:50	18,13	-0,15	0,24	0,43	1476,04
1372	01.09.2025 06:35:51	18,13	-0,15	0,24	0,43	1476,04
1373	01.09.2025 06:35:52	18,13	-0,17	0,25	0,45	1476,05
1374	01.09.2025 06:35:53	18,13	-0,17	0,22	0,40	1476,02
1375	01.09.2025 06:35:54	18,13	-0,17	0,27	0,48	1476,07
1376	01.09.2025 06:35:55	18,13	-0,15	0,24	0,43	1476,04
1377	01.09.2025 06:35:56	18,13	-0,15	0,22	0,40	1476,02
1378	01.09.2025 06:35:57	18,13	-0,15	0,25	0,45	1476,05
1379	01.09.2025 06:35:58	18,13	-0,15	0,24	0,43	1476,04
1380	01.09.2025 06:35:59	18,13	-0,15	0,24	0,43	1476,04
1381	01.09.2025 06:36:00	18,13	-0,15	0,22	0,40	1476,02
1382	01.09.2025 06:36:01	18,13	-0,17	0,24	0,43	1476,03
1383	01.09.2025 06:36:02	18,13	-0,17	0,24	0,43	1476,03
1384	01.09.2025 06:36:03	18,13	-0,17	0,24	0,43	1476,03
1385	01.09.2025 06:36:04	18,13	-0,17	0,24	0,43	1476,03
1386	01.09.2025 06:36:05	18,13	-0,17	0,25	0,45	1476,05
1387	01.09.2025 06:36:06	18,13	-0,17	0,24	0,43	1476,03
1388	01.09.2025 06:36:07	18,13	-0,15	0,24	0,43	1476,04
1389	01.09.2025 06:36:08	18,13	-0,15	0,24	0,43	1476,04
1390	01.09.2025 06:36:09	18,13	-0,15	0,25	0,45	1476,05
1391	01.09.2025 06:36:10	18,13	-0,17	0,24	0,43	1476,03
1392	01.09.2025 06:36:11	18,13	-0,15	0,24	0,43	1476,04
1393	01.09.2025 06:36:12	18,13	-0,17	0,25	0,45	1476,05
1394	01.09.2025 06:36:13	18,13	-0,17	0,25	0,45	1476,05
1395	01.09.2025 06:36:14	18,13	-0,15	0,22	0,40	1476,02
1396	01.09.2025 06:36:15	18,13	-0,15	0,25	0,45	1476,05
1397	01.09.2025 06:36:16	18,13	-0,15	0,25	0,45	1476,05
1398	01.09.2025 06:36:17	18,13	-0,15	0,22	0,40	1476,02
1399	01.09.2025 06:36:18	18,13	-0,17	0,22	0,40	1476,02
1400	01.09.2025 06:36:19	18,13	-0,17	0,25	0,45	1476,05
1401	01.09.2025 06:36:20	18,13	-0,15	0,22	0,40	1476,02
1402	01.09.2025 06:36:21	18,13	-0,15	0,22	0,40	1476,02
1403	01.09.2025 06:36:22	18,13	-0,17	0,24	0,43	1476,03
1404	01.09.2025 06:36:23	18,13	-0,15	0,24	0,43	1476,04
1405	01.09.2025 06:36:24	18,13	-0,15	0,25	0,45	1476,05
1406	01.09.2025 06:36:25	18,13	-0,15	0,22	0,40	1476,02
1407	01.09.2025 06:36:26	18,13	-0,15	0,25	0,45	1476,05
1408	01.09.2025 06:36:27	18,13	-0,17	0,25	0,45	1476,05
1409	01.09.2025 06:36:28	18,13	-0,15	0,22	0,40	1476,02
1410	01.09.2025 06:36:29	18,13	-0,15	0,25	0,45	1476,05
1411	01.09.2025 06:36:30	18,13	-0,15	0,24	0,43	1476,04
1412	01.09.2025 06:36:31	18,13	-0,17	0,22	0,40	1476,02
1413	01.09.2025 06:36:32	18,13	-0,15	0,25	0,45	1476,05
1414	01.09.2025 06:36:33	18,13	-0,15	0,25	0,45	1476,05
1415	01.09.2025 06:36:34	18,13	-0,17	0,22	0,40	1476,02
1416	01.09.2025 06:36:35	18,13	-0,15	0,25	0,45	1476,05
1417	01.09.2025 06:36:36	18,13	-0,17	0,21	0,37	1476,00
1418	01.09.2025 06:36:37	18,13	-0,17	0,22	0,40	1476,02
1419	01.09.2025 06:36:38	18,13	-0,17	0,18	0,32	1475,96
1420	01.09.2025 06:36:39	18,13	-0,17	0,18	0,32	1475,96
1421	01.09.2025 06:36:40	18,13	-0,17	0,19	0,35	1475,98
1422	01.09.2025 06:36:41	18,13	-0,17	0,41	0,72	1476,23
1423	01.09.2025 06:36:42	18,13	-0,17	0,42	0,74	1476,24
1424	01.09.2025 06:36:43	18,13	-0,17	0,31	0,56	1476,12
1425	01.09.2025 06:36:44	18,13	-0,19	0,31	0,56	1476,12
1426	01.09.2025 06:36:45	18,13	-0,17	0,24	0,43	1476,03
1427	01.09.2025 06:36:46	18,16	-0,17	0,25	0,45	1476,15
1428	01.09.2025 06:36:47	18,16	-0,19	0,21	0,37	1476,09
1429	01.09.2025 06:36:48	18,16	-0,17	0,21	0,37	1476,10
1430	01.09.2025 06:36:49	18,16	-0,17	0,28	0,51	1476,18
1431	01.09.2025 06:36:50	18,16	-0,17	0,21	0,37	1476,10
1432	01.09.2025 06:36:51	18,16	-0,17	0,16	0,30	1476,05
1433	01.09.2025 06:36:52	18,16	-0,17	0,16	0,30	1476,05
1434	01.09.2025 06:36:53	18,16	-0,17	0,22	0,40	1476,11
1435	01.09.2025 06:36:54	18,16	-0,19	0,19	0,35	1476,08
1436	01.09.2025 06:36:55	18,16	-0,06	0,21	0,37	1476,11
1437	01.09.2025 06:36:56	18,31	-0,22	0,25	0,45	1476,62
1438	01.09.2025 06:36:57	18,52	-0,22	0,42	0,74	1477,49
1439	01.09.2025 06:36:58	18,70	-0,26	0,40	0,72	1478,04
1440	01.09.2025 06:36:59	18,85	-0,24	0,22	0,40	1478,31
1441	01.09.2025 06:37:00	18,97	-0,26	0,28	0,51	1478,75
1442	01.09.2025 06:37:01	19,08	-0,28	0,20	0,37	1479,05
1443	01.09.2025 06:37:02	19,20	-0,26	0,23	0,43	1479,46
1444	01.09.2025 06:37:03	19,26	-0,26	0,20	0,37	1479,61
1445	01.09.2025 06:37:04	19,29	-0,28	0,19	0,35	1479,69
1446	01.09.2025 06:37:05	19,32	-0,26	0,17	0,32	1479,77
1447	01.09.2025 06:37:06	19,35	-0,24	0,20	0,37	1479,90
1448	01.09.2025 06:37:07	19,38	-0,24	0,19	0,35	1479,97
1449	01.09.2025 06:37:08	19,41	-0,24	0,39	0,72	1480,30
1450	01.09.2025 06:37:09	19,47	-0,24	0,39	0,72	1480,49
1451	01.09.2025 06:37:10	19,53	-0,26	0,28	0,51	1480,54
1452	01.09.2025 06:37:11	19,56	-0,26	0,47	0,85	1480,85
1453	01.09.2025 06:37:12	19,71	0,46	0,47	0,85	1481,43
1454	01.09.2025 06:37:13	19,77	0,48	0,48	0,87	1481,63
1455	01.09.2025 06:37:14	19,80	0,49	0,48	0,87	1481,73
1456	01.09.2025 06:37:15	19,85	0,48	0,46	0,85	1481,89
1457	01.09.2025 06:37:16	19,91	0,48	0,48	0,87	1482,09
1458	01.09.2025 06:37:17	19,97	0,48	0,48	0,87	1482,28
1459	01.09.2025 06:37:18	20,00	0,48	0,48	0,87	1482,37
1460	01.09.2025 06:37:19	20,03	0,48	0,48	0,87	1482,46
