#B	Created:	31.07.2025 12:36:35
##	Version	SeaStar	9.59
#5	Field separation:	0
#2	Date & Time:	1
#6	Decimal point:	,
#7	Date def.:	dd.mm.yyyy	.
#8	Time def.:	:
##	Axis	0	Temperature(°C)	clRed	FALSE
##	Axis	1	Pressure(Bar)	clBlue	FALSE
##	Axis	2	Salinity(psu)	clGreen	FALSE
##	Axis	3	Conductivity(mS/cm)	$00FF80FF	FALSE
##	Axis	4	Sound Velocity(m/sec)	$00404080	FALSE
##	Series	0	Temp(°C)	clRed	0	Temp(°C)	2
##	Series	1	Press(Bar)	clBlue	1	Press(Bar)	2
##	Series	2	Salinity(psu)	clGreen	2	Salinity(psu)	2
##	Series	3	Conduct(mS/cm)	$00FF80FF	3	Conduct(mS/cm)	2
##	Series	4	Sound Velocity(m/sec)	$00404080	4	Velocity(m/sec)	2
##	Recorder	107	DST CTD	13526
##	Chart	107S13526DAT	
#D	Data:	1627	31.07.2025 12:09:00	31.07.2025 12:36:06
1	31.07.2025 12:09:00	20,97	-0,05	0,50	0,93	1485,28
2	31.07.2025 12:09:01	20,97	-0,03	0,47	0,88	1485,24
3	31.07.2025 12:09:02	20,97	-0,03	0,50	0,93	1485,28
4	31.07.2025 12:09:03	20,97	-0,03	0,47	0,88	1485,24
5	31.07.2025 12:09:04	20,97	-0,05	0,52	0,96	1485,29
6	31.07.2025 12:09:05	20,97	-0,03	0,50	0,93	1485,28
7	31.07.2025 12:09:06	20,97	-0,03	0,52	0,96	1485,30
8	31.07.2025 12:09:07	20,97	-0,05	0,52	0,96	1485,29
9	31.07.2025 12:09:08	20,97	-0,03	0,50	0,93	1485,28
10	31.07.2025 12:09:09	20,97	-0,03	0,49	0,91	1485,26
11	31.07.2025 12:09:10	20,97	-0,05	0,49	0,91	1485,26
12	31.07.2025 12:09:11	20,97	-0,03	0,49	0,91	1485,26
13	31.07.2025 12:09:12	20,97	-0,03	0,52	0,96	1485,30
14	31.07.2025 12:09:13	20,97	-0,03	0,45	0,85	1485,23
15	31.07.2025 12:09:14	20,97	-0,03	0,50	0,93	1485,28
16	31.07.2025 12:09:15	20,97	-0,03	0,50	0,93	1485,28
17	31.07.2025 12:09:16	20,97	-0,03	0,47	0,88	1485,24
18	31.07.2025 12:09:17	20,97	-0,03	0,49	0,91	1485,26
19	31.07.2025 12:09:18	20,97	-0,05	0,49	0,91	1485,26
20	31.07.2025 12:09:19	20,94	-0,03	0,49	0,91	1485,17
21	31.07.2025 12:09:20	20,94	-0,03	0,50	0,93	1485,19
22	31.07.2025 12:09:21	20,94	-0,03	0,50	0,93	1485,19
23	31.07.2025 12:09:22	20,94	-0,03	0,50	0,93	1485,19
24	31.07.2025 12:09:23	20,94	-0,03	0,50	0,93	1485,19
25	31.07.2025 12:09:24	20,94	-0,03	0,50	0,93	1485,19
26	31.07.2025 12:09:25	20,94	-0,03	0,49	0,91	1485,17
27	31.07.2025 12:09:26	20,94	-0,05	0,49	0,91	1485,17
28	31.07.2025 12:09:27	20,94	-0,03	0,50	0,93	1485,19
29	31.07.2025 12:09:28	20,94	-0,05	0,49	0,91	1485,17
30	31.07.2025 12:09:29	20,94	-0,05	0,49	0,91	1485,17
31	31.07.2025 12:09:30	20,94	-0,03	0,46	0,85	1485,14
32	31.07.2025 12:09:31	20,94	-0,03	0,50	0,93	1485,19
33	31.07.2025 12:09:32	20,94	-0,03	0,49	0,91	1485,17
34	31.07.2025 12:09:33	20,94	-0,03	0,47	0,88	1485,15
35	31.07.2025 12:09:34	20,94	-0,03	0,49	0,91	1485,17
36	31.07.2025 12:09:35	20,94	-0,03	0,46	0,85	1485,14
37	31.07.2025 12:09:36	20,94	-0,05	0,49	0,91	1485,17
38	31.07.2025 12:09:37	20,94	-0,05	0,50	0,93	1485,19
39	31.07.2025 12:09:38	20,94	-0,05	0,49	0,91	1485,17
40	31.07.2025 12:09:39	20,94	-0,03	0,52	0,96	1485,21
41	31.07.2025 12:09:40	20,94	-0,03	0,50	0,93	1485,19
42	31.07.2025 12:09:41	20,91	-0,05	0,46	0,85	1485,05
43	31.07.2025 12:09:42	20,91	-0,05	0,49	0,91	1485,08
44	31.07.2025 12:09:43	20,91	-0,05	0,46	0,85	1485,05
45	31.07.2025 12:09:44	20,91	-0,05	0,49	0,91	1485,08
46	31.07.2025 12:09:45	20,91	-0,05	0,49	0,91	1485,08
47	31.07.2025 12:09:46	20,91	-0,05	0,44	0,82	1485,03
48	31.07.2025 12:09:47	20,91	-0,07	0,47	0,88	1485,06
49	31.07.2025 12:09:48	20,91	-0,05	0,46	0,85	1485,05
50	31.07.2025 12:09:49	20,91	-0,05	0,47	0,88	1485,06
51	31.07.2025 12:09:50	20,91	-0,07	0,49	0,91	1485,08
52	31.07.2025 12:09:51	20,91	-0,05	0,42	0,79	1485,01
53	31.07.2025 12:09:52	20,91	-0,05	0,49	0,91	1485,08
54	31.07.2025 12:09:53	20,91	-0,07	0,47	0,88	1485,06
55	31.07.2025 12:09:54	20,91	-0,07	0,49	0,91	1485,08
56	31.07.2025 12:09:55	20,91	-0,05	0,50	0,93	1485,10
57	31.07.2025 12:09:56	20,91	-0,05	0,49	0,91	1485,08
58	31.07.2025 12:09:57	20,91	-0,05	0,49	0,91	1485,08
59	31.07.2025 12:09:58	20,91	-0,07	0,44	0,82	1485,03
60	31.07.2025 12:09:59	20,91	-0,05	0,49	0,91	1485,08
61	31.07.2025 12:10:00	20,91	-0,05	0,47	0,88	1485,06
62	31.07.2025 12:10:01	20,91	-0,07	0,49	0,91	1485,08
63	31.07.2025 12:10:02	20,91	-0,05	0,49	0,91	1485,08
64	31.07.2025 12:10:03	20,91	-0,05	0,49	0,91	1485,08
65	31.07.2025 12:10:04	20,91	-0,05	0,49	0,91	1485,08
66	31.07.2025 12:10:05	20,91	-0,05	0,49	0,91	1485,08
67	31.07.2025 12:10:06	20,91	-0,05	0,49	0,91	1485,08
68	31.07.2025 12:10:07	20,91	-0,05	0,46	0,85	1485,05
69	31.07.2025 12:10:08	20,91	-0,05	0,49	0,91	1485,08
70	31.07.2025 12:10:09	20,91	-0,05	0,47	0,88	1485,06
71	31.07.2025 12:10:10	20,88	-0,05	0,47	0,88	1484,97
72	31.07.2025 12:10:11	20,88	-0,07	0,47	0,88	1484,97
73	31.07.2025 12:10:12	20,91	-0,05	0,49	0,91	1485,08
74	31.07.2025 12:10:13	20,88	-0,05	0,46	0,85	1484,96
75	31.07.2025 12:10:14	20,88	-0,05	0,50	0,93	1485,01
76	31.07.2025 12:10:15	20,88	-0,05	0,50	0,93	1485,01
77	31.07.2025 12:10:16	20,88	-0,05	0,41	0,77	1484,90
78	31.07.2025 12:10:17	20,88	-0,05	0,49	0,91	1484,99
79	31.07.2025 12:10:18	20,88	-0,05	0,49	0,91	1484,99
80	31.07.2025 12:10:19	20,88	-0,05	0,47	0,88	1484,97
81	31.07.2025 12:10:20	20,88	-0,05	0,47	0,88	1484,97
82	31.07.2025 12:10:21	20,88	-0,05	0,49	0,91	1484,99
83	31.07.2025 12:10:22	20,88	-0,05	0,47	0,88	1484,97
84	31.07.2025 12:10:23	20,88	-0,05	0,47	0,88	1484,97
85	31.07.2025 12:10:24	20,88	-0,05	0,50	0,93	1485,01
86	31.07.2025 12:10:25	20,88	-0,05	0,49	0,91	1484,99
87	31.07.2025 12:10:26	20,88	-0,05	0,52	0,96	1485,03
88	31.07.2025 12:10:27	20,88	-0,05	0,46	0,85	1484,96
89	31.07.2025 12:10:28	20,88	-0,07	0,41	0,77	1484,90
90	31.07.2025 12:10:29	20,88	-0,05	0,49	0,91	1484,99
91	31.07.2025 12:10:30	20,88	-0,05	0,42	0,79	1484,92
92	31.07.2025 12:10:31	20,88	-0,05	0,49	0,91	1484,99
93	31.07.2025 12:10:32	20,88	-0,05	0,47	0,88	1484,97
94	31.07.2025 12:10:33	20,88	-0,05	0,49	0,91	1484,99
95	31.07.2025 12:10:34	20,88	-0,05	0,47	0,88	1484,97
96	31.07.2025 12:10:35	20,88	-0,05	0,44	0,82	1484,94
97	31.07.2025 12:10:36	20,88	-0,05	0,46	0,85	1484,96
98	31.07.2025 12:10:37	20,88	-0,05	0,46	0,85	1484,96
99	31.07.2025 12:10:38	20,88	-0,05	0,46	0,85	1484,96
100	31.07.2025 12:10:39	20,88	-0,05	0,46	0,85	1484,96
101	31.07.2025 12:10:40	20,85	-0,05	0,47	0,88	1484,89
102	31.07.2025 12:10:41	20,85	-0,05	0,49	0,91	1484,90
103	31.07.2025 12:10:42	20,85	-0,05	0,46	0,85	1484,87
104	31.07.2025 12:10:43	20,85	-0,05	0,44	0,82	1484,85
105	31.07.2025 12:10:44	20,85	-0,07	0,46	0,85	1484,87
106	31.07.2025 12:10:45	20,85	-0,03	0,39	0,74	1484,80
107	31.07.2025 12:10:46	20,85	-0,05	0,49	0,91	1484,90
108	31.07.2025 12:10:47	20,85	-0,05	0,47	0,88	1484,89
109	31.07.2025 12:10:48	20,85	-0,05	0,50	0,93	1484,92
110	31.07.2025 12:10:49	20,85	-0,05	0,50	0,93	1484,92
111	31.07.2025 12:10:50	20,85	-0,05	0,42	0,79	1484,83
112	31.07.2025 12:10:51	20,85	-0,05	0,46	0,85	1484,87
113	31.07.2025 12:10:52	20,85	-0,05	0,39	0,74	1484,80
114	31.07.2025 12:10:53	20,85	-0,05	0,49	0,91	1484,90
115	31.07.2025 12:10:54	20,85	-0,05	0,47	0,88	1484,89
116	31.07.2025 12:10:55	20,85	-0,05	0,46	0,85	1484,87
117	31.07.2025 12:10:56	20,85	-0,05	0,47	0,88	1484,89
118	31.07.2025 12:10:57	20,85	-0,05	0,39	0,74	1484,80
119	31.07.2025 12:10:58	20,85	-0,05	0,49	0,91	1484,90
120	31.07.2025 12:10:59	20,85	-0,05	0,44	0,82	1484,85
121	31.07.2025 12:11:00	20,85	-0,05	0,50	0,93	1484,92
122	31.07.2025 12:11:01	20,82	-0,05	0,49	0,91	1484,81
123	31.07.2025 12:11:02	20,85	-0,05	0,47	0,88	1484,89
124	31.07.2025 12:11:03	20,85	-0,05	0,50	0,93	1484,92
125	31.07.2025 12:11:04	20,82	-0,05	0,47	0,88	1484,80
126	31.07.2025 12:11:05	20,82	-0,07	0,49	0,91	1484,81
127	31.07.2025 12:11:06	20,82	-0,05	0,47	0,88	1484,80
128	31.07.2025 12:11:07	20,82	-0,05	0,47	0,88	1484,80
129	31.07.2025 12:11:08	20,82	-0,05	0,46	0,85	1484,78
130	31.07.2025 12:11:09	20,82	-0,07	0,46	0,85	1484,78
131	31.07.2025 12:11:10	20,82	-0,05	0,44	0,82	1484,76
132	31.07.2025 12:11:11	20,82	-0,05	0,41	0,77	1484,73
133	31.07.2025 12:11:12	20,82	-0,05	0,44	0,82	1484,76
134	31.07.2025 12:11:13	20,82	-0,05	0,46	0,85	1484,78
135	31.07.2025 12:11:14	20,82	-0,05	0,43	0,79	1484,74
136	31.07.2025 12:11:15	20,82	-0,05	0,44	0,82	1484,76
137	31.07.2025 12:11:16	20,82	-0,05	0,46	0,85	1484,78
138	31.07.2025 12:11:17	20,82	-0,05	0,47	0,88	1484,80
139	31.07.2025 12:11:18	20,82	-0,05	0,46	0,85	1484,78
140	31.07.2025 12:11:19	20,82	-0,05	0,49	0,91	1484,81
141	31.07.2025 12:11:20	20,82	-0,05	0,44	0,82	1484,76
142	31.07.2025 12:11:21	20,82	-0,05	0,47	0,88	1484,80
143	31.07.2025 12:11:22	20,82	-0,05	0,46	0,85	1484,78
144	31.07.2025 12:11:23	20,82	-0,05	0,49	0,91	1484,81
145	31.07.2025 12:11:24	20,82	-0,05	0,47	0,88	1484,80
146	31.07.2025 12:11:25	20,79	-0,05	0,46	0,85	1484,69
147	31.07.2025 12:11:26	20,79	-0,05	0,49	0,91	1484,73
148	31.07.2025 12:11:27	20,79	-0,05	0,46	0,85	1484,69
149	31.07.2025 12:11:28	20,79	-0,05	0,47	0,88	1484,71
150	31.07.2025 12:11:29	20,79	-0,05	0,46	0,85	1484,69
151	31.07.2025 12:11:30	20,79	-0,05	0,49	0,91	1484,73
152	31.07.2025 12:11:31	20,79	-0,05	0,47	0,88	1484,71
153	31.07.2025 12:11:32	20,79	-0,05	0,46	0,85	1484,69
154	31.07.2025 12:11:33	20,79	-0,05	0,49	0,91	1484,73
155	31.07.2025 12:11:34	20,79	-0,05	0,44	0,82	1484,67
156	31.07.2025 12:11:35	20,79	-0,05	0,47	0,88	1484,71
157	31.07.2025 12:11:36	20,79	-0,05	0,46	0,85	1484,69
158	31.07.2025 12:11:37	20,79	-0,05	0,47	0,88	1484,71
159	31.07.2025 12:11:38	20,79	-0,05	0,46	0,85	1484,69
160	31.07.2025 12:11:39	20,79	-0,05	0,47	0,88	1484,71
161	31.07.2025 12:11:40	20,79	-0,05	0,47	0,88	1484,71
162	31.07.2025 12:11:41	20,79	-0,05	0,47	0,88	1484,71
163	31.07.2025 12:11:42	20,79	-0,05	0,47	0,88	1484,71
164	31.07.2025 12:11:43	20,76	-0,05	0,49	0,91	1484,64
165	31.07.2025 12:11:44	20,79	-0,05	0,41	0,77	1484,64
166	31.07.2025 12:11:45	20,76	-0,05	0,49	0,91	1484,64
167	31.07.2025 12:11:46	20,76	-0,05	0,46	0,85	1484,60
168	31.07.2025 12:11:47	20,76	-0,05	0,46	0,85	1484,60
169	31.07.2025 12:11:48	20,76	-0,05	0,43	0,79	1484,57
170	31.07.2025 12:11:49	20,76	-0,05	0,49	0,91	1484,64
171	31.07.2025 12:11:50	20,76	-0,05	0,46	0,85	1484,60
172	31.07.2025 12:11:51	20,76	-0,03	0,49	0,91	1484,64
173	31.07.2025 12:11:52	20,76	-0,05	0,47	0,88	1484,62
174	31.07.2025 12:11:53	20,76	-0,05	0,47	0,88	1484,62
175	31.07.2025 12:11:54	20,76	-0,05	0,49	0,91	1484,64
176	31.07.2025 12:11:55	20,76	-0,05	0,44	0,82	1484,58
177	31.07.2025 12:11:56	20,76	-0,05	0,47	0,88	1484,62
178	31.07.2025 12:11:57	20,76	-0,05	0,46	0,85	1484,60
179	31.07.2025 12:11:58	20,76	-0,05	0,44	0,82	1484,58
180	31.07.2025 12:11:59	20,76	-0,05	0,46	0,85	1484,60
181	31.07.2025 12:12:00	20,76	-0,05	0,44	0,82	1484,58
182	31.07.2025 12:12:01	20,76	-0,05	0,47	0,88	1484,62
183	31.07.2025 12:12:02	20,76	-0,05	0,46	0,85	1484,60
184	31.07.2025 12:12:03	20,73	-0,05	0,46	0,85	1484,51
185	31.07.2025 12:12:04	20,73	-0,05	0,44	0,82	1484,49
186	31.07.2025 12:12:05	20,73	-0,05	0,44	0,82	1484,49
187	31.07.2025 12:12:06	20,73	-0,05	0,46	0,85	1484,51
188	31.07.2025 12:12:07	20,73	-0,05	0,46	0,85	1484,51
189	31.07.2025 12:12:08	20,73	-0,03	0,47	0,88	1484,53
190	31.07.2025 12:12:09	20,73	-0,03	0,46	0,85	1484,51
191	31.07.2025 12:12:10	20,73	-0,05	0,46	0,85	1484,51
192	31.07.2025 12:12:11	20,73	-0,05	0,46	0,85	1484,51
193	31.07.2025 12:12:12	20,73	-0,05	0,47	0,88	1484,53
194	31.07.2025 12:12:13	20,73	-0,03	0,44	0,82	1484,50
195	31.07.2025 12:12:14	20,73	-0,03	0,47	0,88	1484,53
196	31.07.2025 12:12:15	20,73	-0,05	0,44	0,82	1484,49
197	31.07.2025 12:12:16	20,73	-0,05	0,46	0,85	1484,51
198	31.07.2025 12:12:17	20,73	-0,05	0,46	0,85	1484,51
199	31.07.2025 12:12:18	20,73	-0,03	0,44	0,82	1484,50
200	31.07.2025 12:12:19	20,73	-0,05	0,44	0,82	1484,49
201	31.07.2025 12:12:20	20,73	-0,05	0,44	0,82	1484,49
202	31.07.2025 12:12:21	20,73	-0,03	0,44	0,82	1484,50
203	31.07.2025 12:12:22	20,73	-0,03	0,46	0,85	1484,51
204	31.07.2025 12:12:23	20,73	-0,05	0,46	0,85	1484,51
205	31.07.2025 12:12:24	20,73	-0,05	0,46	0,85	1484,51
206	31.07.2025 12:12:25	20,71	-0,05	0,49	0,91	1484,46
207	31.07.2025 12:12:26	20,71	-0,05	0,43	0,79	1484,39
208	31.07.2025 12:12:27	20,71	-0,05	0,44	0,82	1484,41
209	31.07.2025 12:12:28	20,71	-0,03	0,47	0,88	1484,44
210	31.07.2025 12:12:29	20,71	-0,03	0,49	0,91	1484,46
211	31.07.2025 12:12:30	20,71	-0,05	0,46	0,85	1484,42
212	31.07.2025 12:12:31	20,71	-0,03	0,47	0,88	1484,44
213	31.07.2025 12:12:32	20,71	-0,05	0,47	0,88	1484,44
214	31.07.2025 12:12:33	20,71	-0,03	0,46	0,85	1484,43
215	31.07.2025 12:12:34	20,71	-0,05	0,47	0,88	1484,44
216	31.07.2025 12:12:35	20,71	-0,03	0,46	0,85	1484,43
217	31.07.2025 12:12:36	20,71	-0,03	0,46	0,85	1484,43
218	31.07.2025 12:12:37	20,71	-0,05	0,47	0,88	1484,44
219	31.07.2025 12:12:38	20,71	-0,03	0,46	0,85	1484,43
220	31.07.2025 12:12:39	20,71	-0,05	0,43	0,79	1484,39
221	31.07.2025 12:12:40	20,71	-0,05	0,47	0,88	1484,44
222	31.07.2025 12:12:41	20,68	-0,05	0,47	0,88	1484,35
223	31.07.2025 12:12:42	20,68	-0,05	0,47	0,88	1484,35
224	31.07.2025 12:12:43	20,68	-0,05	0,40	0,74	1484,26
225	31.07.2025 12:12:44	20,68	-0,05	0,47	0,88	1484,35
226	31.07.2025 12:12:45	20,68	-0,05	0,44	0,82	1484,32
227	31.07.2025 12:12:46	20,68	-0,05	0,44	0,82	1484,32
228	31.07.2025 12:12:47	20,68	-0,05	0,46	0,85	1484,33
229	31.07.2025 12:12:48	20,68	-0,05	0,43	0,79	1484,30
230	31.07.2025 12:12:49	20,68	-0,03	0,46	0,85	1484,34
231	31.07.2025 12:12:50	20,68	-0,03	0,43	0,79	1484,30
232	31.07.2025 12:12:51	20,68	-0,03	0,43	0,79	1484,30
233	31.07.2025 12:12:52	20,68	-0,05	0,46	0,85	1484,33
234	31.07.2025 12:12:53	20,68	-0,05	0,41	0,77	1484,28
235	31.07.2025 12:12:54	20,68	-0,05	0,44	0,82	1484,32
236	31.07.2025 12:12:55	20,68	-0,05	0,43	0,79	1484,30
237	31.07.2025 12:12:56	20,68	-0,05	0,44	0,82	1484,32
238	31.07.2025 12:12:57	20,68	-0,03	0,44	0,82	1484,32
239	31.07.2025 12:12:58	20,68	-0,03	0,46	0,85	1484,34
240	31.07.2025 12:12:59	20,68	-0,05	0,43	0,79	1484,30
241	31.07.2025 12:13:00	20,68	-0,03	0,47	0,88	1484,35
242	31.07.2025 12:13:01	20,68	-0,03	0,41	0,77	1484,28
243	31.07.2025 12:13:02	20,68	-0,03	0,47	0,88	1484,35
244	31.07.2025 12:13:03	20,65	-0,05	0,44	0,82	1484,23
245	31.07.2025 12:13:04	20,65	-0,05	0,46	0,85	1484,24
246	31.07.2025 12:13:05	20,65	-0,05	0,43	0,79	1484,21
247	31.07.2025 12:13:06	20,65	-0,03	0,46	0,85	1484,25
248	31.07.2025 12:13:07	20,65	-0,05	0,47	0,88	1484,26
249	31.07.2025 12:13:08	20,65	-0,05	0,32	0,60	1484,09
250	31.07.2025 12:13:09	20,65	-0,05	0,49	0,91	1484,28
251	31.07.2025 12:13:10	20,65	-0,05	0,47	0,88	1484,26
252	31.07.2025 12:13:11	20,65	-0,05	0,46	0,85	1484,24
253	31.07.2025 12:13:12	20,65	-0,05	0,47	0,88	1484,26
254	31.07.2025 12:13:13	20,65	-0,05	0,44	0,82	1484,23
255	31.07.2025 12:13:14	20,65	-0,03	0,49	0,91	1484,28
256	31.07.2025 12:13:15	20,65	-0,05	0,47	0,88	1484,26
257	31.07.2025 12:13:16	20,65	-0,05	0,46	0,85	1484,24
258	31.07.2025 12:13:17	20,65	-0,05	0,49	0,91	1484,28
259	31.07.2025 12:13:18	20,65	-0,03	0,46	0,85	1484,25
260	31.07.2025 12:13:19	20,62	-0,05	0,49	0,91	1484,19
261	31.07.2025 12:13:20	20,62	-0,05	0,46	0,85	1484,15
262	31.07.2025 12:13:21	20,62	-0,05	0,46	0,85	1484,15
263	31.07.2025 12:13:22	20,62	-0,05	0,49	0,91	1484,19
264	31.07.2025 12:13:23	20,62	-0,03	0,44	0,82	1484,14
265	31.07.2025 12:13:24	20,62	-0,03	0,46	0,85	1484,16
266	31.07.2025 12:13:25	20,62	-0,05	0,46	0,85	1484,15
267	31.07.2025 12:13:26	20,62	-0,05	0,44	0,82	1484,14
268	31.07.2025 12:13:27	20,62	-0,05	0,47	0,88	1484,17
269	31.07.2025 12:13:28	20,62	-0,05	0,46	0,85	1484,15
270	31.07.2025 12:13:29	20,62	-0,03	0,47	0,88	1484,18
271	31.07.2025 12:13:30	20,62	-0,05	0,43	0,79	1484,12
272	31.07.2025 12:13:31	20,62	-0,03	0,47	0,88	1484,18
273	31.07.2025 12:13:32	20,62	-0,05	0,43	0,79	1484,12
274	31.07.2025 12:13:33	20,62	-0,03	0,44	0,82	1484,14
275	31.07.2025 12:13:34	20,62	-0,05	0,44	0,82	1484,14
276	31.07.2025 12:13:35	20,62	-0,05	0,47	0,88	1484,17
277	31.07.2025 12:13:36	20,59	-0,05	0,47	0,88	1484,08
278	31.07.2025 12:13:37	20,59	-0,03	0,44	0,82	1484,05
279	31.07.2025 12:13:38	20,59	-0,05	0,46	0,85	1484,06
280	31.07.2025 12:13:39	20,59	-0,03	0,44	0,82	1484,05
281	31.07.2025 12:13:40	20,59	-0,05	0,46	0,85	1484,06
282	31.07.2025 12:13:41	20,59	-0,05	0,46	0,85	1484,06
283	31.07.2025 12:13:42	20,59	-0,05	0,46	0,85	1484,06
284	31.07.2025 12:13:43	20,59	-0,03	0,47	0,88	1484,09
285	31.07.2025 12:13:44	20,59	-0,03	0,43	0,79	1484,03
286	31.07.2025 12:13:45	20,59	-0,05	0,46	0,85	1484,06
287	31.07.2025 12:13:46	20,59	-0,05	0,41	0,77	1484,01
288	31.07.2025 12:13:47	20,59	-0,05	0,46	0,85	1484,06
289	31.07.2025 12:13:48	20,59	-0,05	0,46	0,85	1484,06
290	31.07.2025 12:13:49	20,59	-0,05	0,43	0,79	1484,03
291	31.07.2025 12:13:50	20,59	-0,05	0,46	0,85	1484,06
292	31.07.2025 12:13:51	20,59	-0,03	0,47	0,88	1484,09
293	31.07.2025 12:13:52	20,59	-0,03	0,44	0,82	1484,05
294	31.07.2025 12:13:53	20,59	-0,05	0,47	0,88	1484,08
295	31.07.2025 12:13:54	20,59	-0,05	0,44	0,82	1484,05
296	31.07.2025 12:13:55	20,59	-0,05	0,47	0,88	1484,08
297	31.07.2025 12:13:56	20,59	-0,05	0,41	0,77	1484,01
298	31.07.2025 12:13:57	20,59	-0,05	0,46	0,85	1484,06
299	31.07.2025 12:13:58	20,59	-0,03	0,44	0,82	1484,05
300	31.07.2025 12:13:59	20,59	-0,03	0,44	0,82	1484,05
301	31.07.2025 12:14:00	20,59	-0,05	0,46	0,85	1484,06
302	31.07.2025 12:14:01	20,59	-0,03	0,44	0,82	1484,05
303	31.07.2025 12:14:02	20,59	-0,03	0,46	0,85	1484,07
304	31.07.2025 12:14:03	20,59	-0,05	0,44	0,82	1484,05
305	31.07.2025 12:14:04	20,59	-0,05	0,46	0,85	1484,06
306	31.07.2025 12:14:05	20,59	-0,03	0,46	0,85	1484,07
307	31.07.2025 12:14:06	20,59	-0,05	0,46	0,85	1484,06
308	31.07.2025 12:14:07	20,59	-0,03	0,47	0,88	1484,09
309	31.07.2025 12:14:08	20,59	-0,03	0,40	0,74	1484,00
310	31.07.2025 12:14:09	20,59	-0,03	0,47	0,88	1484,09
311	31.07.2025 12:14:10	20,59	-0,03	0,43	0,79	1484,03
312	31.07.2025 12:14:11	20,59	-0,05	0,46	0,85	1484,06
313	31.07.2025 12:14:12	20,56	-0,03	0,44	0,82	1483,96
314	31.07.2025 12:14:13	20,59	-0,03	0,44	0,82	1484,05
315	31.07.2025 12:14:14	20,59	-0,05	0,43	0,79	1484,03
316	31.07.2025 12:14:15	20,56	-0,05	0,46	0,85	1483,98
317	31.07.2025 12:14:16	20,59	-0,05	0,44	0,82	1484,05
318	31.07.2025 12:14:17	20,59	-0,03	0,44	0,82	1484,05
319	31.07.2025 12:14:18	20,56	-0,05	0,47	0,88	1483,99
320	31.07.2025 12:14:19	20,56	-0,03	0,44	0,82	1483,96
321	31.07.2025 12:14:20	20,56	-0,03	0,44	0,82	1483,96
322	31.07.2025 12:14:21	20,56	-0,05	0,46	0,85	1483,98
323	31.07.2025 12:14:22	20,56	-0,03	0,40	0,74	1483,91
324	31.07.2025 12:14:23	20,56	-0,05	0,44	0,82	1483,96
325	31.07.2025 12:14:24	20,56	-0,03	0,38	0,71	1483,89
326	31.07.2025 12:14:25	20,56	-0,05	0,44	0,82	1483,96
327	31.07.2025 12:14:26	20,56	-0,03	0,43	0,79	1483,94
328	31.07.2025 12:14:27	20,56	-0,03	0,44	0,82	1483,96
329	31.07.2025 12:14:28	20,56	-0,03	0,44	0,82	1483,96
330	31.07.2025 12:14:29	20,56	-0,05	0,44	0,82	1483,96
331	31.07.2025 12:14:30	20,56	-0,05	0,44	0,82	1483,96
332	31.07.2025 12:14:31	20,56	-0,03	0,43	0,79	1483,94
333	31.07.2025 12:14:32	20,56	-0,05	0,46	0,85	1483,98
334	31.07.2025 12:14:33	20,56	-0,03	0,44	0,82	1483,96
335	31.07.2025 12:14:34	20,56	-0,03	0,46	0,85	1483,98
336	31.07.2025 12:14:35	20,56	-0,03	0,43	0,79	1483,94
337	31.07.2025 12:14:36	20,56	-0,05	0,46	0,85	1483,98
338	31.07.2025 12:14:37	20,56	-0,03	0,38	0,71	1483,89
339	31.07.2025 12:14:38	20,56	-0,03	0,47	0,88	1484,00
340	31.07.2025 12:14:39	20,56	-0,03	0,43	0,79	1483,94
341	31.07.2025 12:14:40	20,56	-0,05	0,47	0,88	1483,99
342	31.07.2025 12:14:41	20,56	-0,05	0,46	0,85	1483,98
343	31.07.2025 12:14:42	20,56	-0,03	0,38	0,71	1483,89
344	31.07.2025 12:14:43	20,56	-0,05	0,46	0,85	1483,98
345	31.07.2025 12:14:44	20,56	-0,03	0,43	0,79	1483,94
346	31.07.2025 12:14:45	20,56	-0,03	0,47	0,88	1484,00
347	31.07.2025 12:14:46	20,56	-0,03	0,46	0,85	1483,98
348	31.07.2025 12:14:47	20,56	-0,05	0,44	0,82	1483,96
349	31.07.2025 12:14:48	20,53	-0,05	0,46	0,85	1483,89
350	31.07.2025 12:14:49	20,56	-0,03	0,44	0,82	1483,96
351	31.07.2025 12:14:50	20,56	-0,03	0,44	0,82	1483,96
352	31.07.2025 12:14:51	20,53	-0,05	0,46	0,85	1483,89
353	31.07.2025 12:14:52	20,53	-0,07	0,44	0,82	1483,87
354	31.07.2025 12:14:53	20,53	-0,05	0,46	0,85	1483,89
355	31.07.2025 12:14:54	20,53	-0,05	0,46	0,85	1483,89
356	31.07.2025 12:14:55	20,53	-0,07	0,41	0,77	1483,83
357	31.07.2025 12:14:56	20,53	-0,05	0,44	0,82	1483,87
358	31.07.2025 12:14:57	20,53	-0,07	0,44	0,82	1483,87
359	31.07.2025 12:14:58	20,53	-0,05	0,43	0,79	1483,85
360	31.07.2025 12:14:59	20,53	-0,05	0,47	0,88	1483,90
361	31.07.2025 12:15:00	20,53	-0,05	0,44	0,82	1483,87
362	31.07.2025 12:15:01	20,53	-0,05	0,46	0,85	1483,89
363	31.07.2025 12:15:02	20,53	-0,05	0,46	0,85	1483,89
364	31.07.2025 12:15:03	20,53	-0,05	0,47	0,88	1483,90
365	31.07.2025 12:15:04	20,53	-0,07	0,37	0,68	1483,78
366	31.07.2025 12:15:05	20,53	-0,05	0,43	0,79	1483,85
367	31.07.2025 12:15:06	20,53	-0,03	0,47	0,88	1483,91
368	31.07.2025 12:15:07	20,53	-0,05	0,44	0,82	1483,87
369	31.07.2025 12:15:08	20,53	-0,05	0,49	0,91	1483,92
370	31.07.2025 12:15:09	20,53	-0,05	0,49	0,91	1483,92
371	31.07.2025 12:15:10	20,53	-0,07	0,47	0,88	1483,90
372	31.07.2025 12:15:11	20,53	-0,05	0,49	0,91	1483,92
373	31.07.2025 12:15:12	20,53	-0,05	0,49	0,91	1483,92
374	31.07.2025 12:15:13	20,53	-0,05	0,49	0,91	1483,92
375	31.07.2025 12:15:14	20,53	-0,05	0,49	0,91	1483,92
376	31.07.2025 12:15:15	20,53	-0,05	0,47	0,88	1483,90
377	31.07.2025 12:15:16	20,53	-0,05	0,49	0,91	1483,92
378	31.07.2025 12:15:17	20,53	-0,05	0,46	0,85	1483,89
379	31.07.2025 12:15:18	20,53	-0,05	0,44	0,82	1483,87
380	31.07.2025 12:15:19	20,53	-0,05	0,49	0,91	1483,92
381	31.07.2025 12:15:20	20,53	-0,05	0,46	0,85	1483,89
382	31.07.2025 12:15:21	20,53	-0,05	0,49	0,91	1483,92
383	31.07.2025 12:15:22	20,53	-0,07	0,47	0,88	1483,90
384	31.07.2025 12:15:23	20,53	-0,05	0,49	0,91	1483,92
385	31.07.2025 12:15:24	20,53	-0,07	0,47	0,88	1483,90
386	31.07.2025 12:15:25	20,53	-0,05	0,47	0,88	1483,90
387	31.07.2025 12:15:26	20,53	-0,05	0,47	0,88	1483,90
388	31.07.2025 12:15:27	20,53	-0,05	0,47	0,88	1483,90
389	31.07.2025 12:15:28	20,53	-0,05	0,47	0,88	1483,90
390	31.07.2025 12:15:29	20,53	-0,05	0,46	0,85	1483,89
391	31.07.2025 12:15:30	20,53	-0,05	0,47	0,88	1483,90
392	31.07.2025 12:15:31	20,53	-0,05	0,47	0,88	1483,90
393	31.07.2025 12:15:32	20,53	-0,05	0,47	0,88	1483,90
394	31.07.2025 12:15:33	20,53	-0,05	0,47	0,88	1483,90
395	31.07.2025 12:15:34	20,53	-0,05	0,47	0,88	1483,90
396	31.07.2025 12:15:35	20,53	-0,05	0,47	0,88	1483,90
397	31.07.2025 12:15:36	20,50	-0,05	0,48	0,88	1483,81
398	31.07.2025 12:15:37	20,50	-0,05	0,48	0,88	1483,81
399	31.07.2025 12:15:38	20,53	-0,05	0,46	0,85	1483,89
400	31.07.2025 12:15:39	20,50	-0,07	0,49	0,91	1483,83
401	31.07.2025 12:15:40	20,50	-0,05	0,48	0,88	1483,81
402	31.07.2025 12:15:41	20,50	-0,05	0,49	0,91	1483,83
403	31.07.2025 12:15:42	20,50	-0,05	0,48	0,88	1483,81
404	31.07.2025 12:15:43	20,50	-0,05	0,49	0,91	1483,83
405	31.07.2025 12:15:44	20,50	-0,05	0,48	0,88	1483,81
406	31.07.2025 12:15:45	20,50	-0,05	0,46	0,85	1483,80
407	31.07.2025 12:15:46	20,50	-0,05	0,48	0,88	1483,81
408	31.07.2025 12:15:47	20,50	-0,05	0,49	0,91	1483,83
409	31.07.2025 12:15:48	20,50	-0,05	0,48	0,88	1483,81
410	31.07.2025 12:15:49	20,50	-0,05	0,49	0,91	1483,83
411	31.07.2025 12:15:50	20,50	-0,05	0,48	0,88	1483,81
412	31.07.2025 12:15:51	20,50	-0,05	0,49	0,91	1483,83
413	31.07.2025 12:15:52	20,50	-0,05	0,48	0,88	1483,81
414	31.07.2025 12:15:53	20,50	-0,07	0,48	0,88	1483,81
415	31.07.2025 12:15:54	20,50	-0,05	0,49	0,91	1483,83
416	31.07.2025 12:15:55	20,50	-0,05	0,46	0,85	1483,80
417	31.07.2025 12:15:56	20,50	-0,05	0,49	0,91	1483,83
418	31.07.2025 12:15:57	20,50	-0,05	0,44	0,82	1483,78
419	31.07.2025 12:15:58	20,50	-0,05	0,48	0,88	1483,81
420	31.07.2025 12:15:59	20,50	-0,05	0,46	0,85	1483,80
421	31.07.2025 12:16:00	20,50	-0,05	0,49	0,91	1483,83
422	31.07.2025 12:16:01	20,50	-0,05	0,48	0,88	1483,81
423	31.07.2025 12:16:02	20,50	-0,05	0,49	0,91	1483,83
424	31.07.2025 12:16:03	20,50	-0,03	0,49	0,91	1483,83
425	31.07.2025 12:16:04	20,50	-0,05	0,49	0,91	1483,83
426	31.07.2025 12:16:05	20,50	-0,05	0,48	0,88	1483,81
427	31.07.2025 12:16:06	20,50	-0,05	0,49	0,91	1483,83
428	31.07.2025 12:16:07	20,50	-0,05	0,48	0,88	1483,81
429	31.07.2025 12:16:08	20,50	-0,05	0,49	0,91	1483,83
430	31.07.2025 12:16:09	20,50	-0,05	0,48	0,88	1483,81
431	31.07.2025 12:16:10	20,50	-0,05	0,48	0,88	1483,81
432	31.07.2025 12:16:11	20,50	-0,03	0,49	0,91	1483,83
433	31.07.2025 12:16:12	20,50	-0,05	0,48	0,88	1483,81
434	31.07.2025 12:16:13	20,50	-0,05	0,49	0,91	1483,83
435	31.07.2025 12:16:14	20,50	-0,05	0,48	0,88	1483,81
436	31.07.2025 12:16:15	20,50	-0,05	0,46	0,85	1483,80
437	31.07.2025 12:16:16	20,50	-0,05	0,49	0,91	1483,83
438	31.07.2025 12:16:17	20,47	-0,05	0,48	0,88	1483,72
439	31.07.2025 12:16:18	20,47	-0,05	0,49	0,91	1483,74
440	31.07.2025 12:16:19	20,47	-0,05	0,49	0,91	1483,74
441	31.07.2025 12:16:20	20,47	-0,05	0,48	0,88	1483,72
442	31.07.2025 12:16:21	20,47	-0,05	0,49	0,91	1483,74
443	31.07.2025 12:16:22	20,47	-0,03	0,49	0,91	1483,74
444	31.07.2025 12:16:23	20,47	-0,05	0,49	0,91	1483,74
445	31.07.2025 12:16:24	20,47	-0,05	0,44	0,82	1483,69
446	31.07.2025 12:16:25	20,47	-0,05	0,48	0,88	1483,72
447	31.07.2025 12:16:26	20,47	-0,05	0,49	0,91	1483,74
448	31.07.2025 12:16:27	20,47	-0,05	0,48	0,88	1483,72
449	31.07.2025 12:16:28	20,47	-0,05	0,48	0,88	1483,72
450	31.07.2025 12:16:29	20,47	-0,05	0,49	0,91	1483,74
451	31.07.2025 12:16:30	20,47	-0,05	0,49	0,91	1483,74
452	31.07.2025 12:16:31	20,47	-0,07	0,49	0,91	1483,74
453	31.07.2025 12:16:32	20,47	-0,07	0,49	0,91	1483,74
454	31.07.2025 12:16:33	20,47	-0,05	0,46	0,85	1483,71
455	31.07.2025 12:16:34	20,47	-0,05	0,49	0,91	1483,74
456	31.07.2025 12:16:35	20,47	-0,05	0,48	0,88	1483,72
457	31.07.2025 12:16:36	20,44	-0,05	0,48	0,88	1483,63
458	31.07.2025 12:16:37	20,44	-0,05	0,48	0,88	1483,63
459	31.07.2025 12:16:38	20,44	-0,05	0,48	0,88	1483,63
460	31.07.2025 12:16:39	20,44	-0,05	0,49	0,91	1483,65
461	31.07.2025 12:16:40	20,44	-0,05	0,48	0,88	1483,63
462	31.07.2025 12:16:41	20,44	-0,05	0,48	0,88	1483,63
463	31.07.2025 12:16:42	20,44	-0,05	0,49	0,91	1483,65
464	31.07.2025 12:16:43	20,44	-0,05	0,49	0,91	1483,65
465	31.07.2025 12:16:44	20,44	-0,05	0,49	0,91	1483,65
466	31.07.2025 12:16:45	20,44	-0,05	0,49	0,91	1483,65
467	31.07.2025 12:16:46	20,44	-0,03	0,49	0,91	1483,65
468	31.07.2025 12:16:47	20,44	-0,05	0,48	0,88	1483,63
469	31.07.2025 12:16:48	20,44	-0,03	0,49	0,91	1483,65
470	31.07.2025 12:16:49	20,44	-0,03	0,48	0,88	1483,64
471	31.07.2025 12:16:50	20,44	-0,03	0,49	0,91	1483,65
472	31.07.2025 12:16:51	20,44	-0,05	0,48	0,88	1483,63
473	31.07.2025 12:16:52	20,44	-0,03	0,48	0,88	1483,64
474	31.07.2025 12:16:53	20,44	-0,05	0,49	0,91	1483,65
475	31.07.2025 12:16:54	20,44	-0,05	0,49	0,91	1483,65
476	31.07.2025 12:16:55	20,44	-0,05	0,48	0,88	1483,63
477	31.07.2025 12:16:56	20,44	-0,07	0,49	0,91	1483,65
478	31.07.2025 12:16:57	20,44	-0,03	0,48	0,88	1483,64
479	31.07.2025 12:16:58	20,44	-0,05	0,48	0,88	1483,63
480	31.07.2025 12:16:59	20,44	-0,05	0,48	0,88	1483,63
481	31.07.2025 12:17:00	20,44	-0,05	0,49	0,91	1483,65
482	31.07.2025 12:17:01	20,44	-0,05	0,49	0,91	1483,65
483	31.07.2025 12:17:02	20,44	-0,05	0,46	0,85	1483,62
484	31.07.2025 12:17:03	20,44	-0,05	0,48	0,88	1483,63
485	31.07.2025 12:17:04	20,44	-0,03	0,48	0,88	1483,64
486	31.07.2025 12:17:05	20,44	-0,05	0,48	0,88	1483,63
487	31.07.2025 12:17:06	20,44	-0,05	0,48	0,88	1483,63
488	31.07.2025 12:17:07	20,41	-0,05	0,46	0,85	1483,53
489	31.07.2025 12:17:08	20,44	-0,05	0,48	0,88	1483,63
490	31.07.2025 12:17:09	20,41	-0,05	0,48	0,88	1483,54
491	31.07.2025 12:17:10	20,41	-0,05	0,48	0,88	1483,54
492	31.07.2025 12:17:11	20,41	-0,05	0,46	0,85	1483,53
493	31.07.2025 12:17:12	20,41	-0,05	0,46	0,85	1483,53
494	31.07.2025 12:17:13	20,41	-0,03	0,48	0,88	1483,55
495	31.07.2025 12:17:14	20,41	-0,05	0,44	0,82	1483,51
496	31.07.2025 12:17:15	20,41	-0,05	0,46	0,85	1483,53
497	31.07.2025 12:17:16	20,41	-0,05	0,48	0,88	1483,54
498	31.07.2025 12:17:17	20,41	-0,05	0,48	0,88	1483,54
499	31.07.2025 12:17:18	20,41	-0,05	0,43	0,79	1483,49
500	31.07.2025 12:17:19	20,41	-0,05	0,48	0,88	1483,54
501	31.07.2025 12:17:20	20,41	-0,05	0,46	0,85	1483,53
502	31.07.2025 12:17:21	20,41	-0,05	0,48	0,88	1483,54
503	31.07.2025 12:17:22	20,41	-0,03	0,49	0,91	1483,56
504	31.07.2025 12:17:23	20,41	-0,05	0,38	0,71	1483,44
505	31.07.2025 12:17:24	20,41	-0,05	0,46	0,85	1483,53
506	31.07.2025 12:17:25	20,41	-0,05	0,48	0,88	1483,54
507	31.07.2025 12:17:26	20,41	-0,05	0,43	0,79	1483,49
508	31.07.2025 12:17:27	20,41	-0,03	0,49	0,91	1483,56
509	31.07.2025 12:17:28	20,41	-0,03	0,46	0,85	1483,53
510	31.07.2025 12:17:29	20,41	-0,05	0,49	0,91	1483,56
511	31.07.2025 12:17:30	20,41	-0,05	0,48	0,88	1483,54
512	31.07.2025 12:17:31	20,41	-0,05	0,48	0,88	1483,54
513	31.07.2025 12:17:32	20,41	-0,05	0,48	0,88	1483,54
514	31.07.2025 12:17:33	20,41	-0,05	0,48	0,88	1483,54
515	31.07.2025 12:17:34	20,41	-0,05	0,48	0,88	1483,54
516	31.07.2025 12:17:35	20,41	-0,03	0,49	0,91	1483,56
517	31.07.2025 12:17:36	20,41	-0,05	0,48	0,88	1483,54
518	31.07.2025 12:17:37	20,41	-0,07	0,48	0,88	1483,54
519	31.07.2025 12:17:38	20,41	-0,05	0,49	0,91	1483,56
520	31.07.2025 12:17:39	20,41	-0,05	0,48	0,88	1483,54
521	31.07.2025 12:17:40	20,38	-0,05	0,48	0,88	1483,45
522	31.07.2025 12:17:41	20,41	-0,05	0,49	0,91	1483,56
523	31.07.2025 12:17:42	20,38	-0,05	0,48	0,88	1483,45
524	31.07.2025 12:17:43	20,38	-0,05	0,48	0,88	1483,45
525	31.07.2025 12:17:44	20,38	-0,03	0,49	0,91	1483,47
526	31.07.2025 12:17:45	20,38	-0,05	0,46	0,85	1483,44
527	31.07.2025 12:17:46	20,38	-0,05	0,48	0,88	1483,45
528	31.07.2025 12:17:47	20,38	-0,05	0,49	0,91	1483,47
529	31.07.2025 12:17:48	20,38	-0,05	0,46	0,85	1483,44
530	31.07.2025 12:17:49	20,38	-0,05	0,46	0,85	1483,44
531	31.07.2025 12:17:50	20,38	-0,05	0,48	0,88	1483,45
532	31.07.2025 12:17:51	20,38	-0,05	0,48	0,88	1483,45
533	31.07.2025 12:17:52	20,38	-0,05	0,45	0,82	1483,42
534	31.07.2025 12:17:53	20,38	-0,05	0,46	0,85	1483,44
535	31.07.2025 12:17:54	20,38	-0,03	0,46	0,85	1483,44
536	31.07.2025 12:17:55	20,38	-0,05	0,46	0,85	1483,44
537	31.07.2025 12:17:56	20,38	-0,03	0,46	0,85	1483,44
538	31.07.2025 12:17:57	20,38	-0,05	0,48	0,88	1483,45
539	31.07.2025 12:17:58	20,38	-0,05	0,46	0,85	1483,44
540	31.07.2025 12:17:59	20,41	-0,05	0,46	0,85	1483,53
541	31.07.2025 12:18:00	20,41	-0,05	0,48	0,88	1483,54
542	31.07.2025 12:18:01	20,41	-0,05	0,48	0,88	1483,54
543	31.07.2025 12:18:02	20,41	-0,05	0,46	0,85	1483,53
544	31.07.2025 12:18:03	20,41	-0,05	0,48	0,88	1483,54
545	31.07.2025 12:18:04	20,44	-0,05	0,48	0,88	1483,63
546	31.07.2025 12:18:05	20,44	-0,05	0,48	0,88	1483,63
547	31.07.2025 12:18:06	20,44	-0,05	0,48	0,88	1483,63
548	31.07.2025 12:18:07	20,44	-0,05	0,48	0,88	1483,63
549	31.07.2025 12:18:08	20,44	-0,05	0,48	0,88	1483,63
550	31.07.2025 12:18:09	20,47	-0,05	0,49	0,91	1483,74
551	31.07.2025 12:18:10	20,47	-0,05	0,49	0,91	1483,74
552	31.07.2025 12:18:11	20,47	-0,05	0,48	0,88	1483,72
553	31.07.2025 12:18:12	20,47	-0,05	0,49	0,91	1483,74
554	31.07.2025 12:18:13	20,47	-0,07	0,48	0,88	1483,72
555	31.07.2025 12:18:14	20,50	-0,05	0,49	0,91	1483,83
556	31.07.2025 12:18:15	20,50	-0,05	0,48	0,88	1483,81
557	31.07.2025 12:18:16	20,50	-0,03	0,49	0,91	1483,83
558	31.07.2025 12:18:17	20,50	-0,05	0,49	0,91	1483,83
559	31.07.2025 12:18:18	20,53	-0,05	0,47	0,88	1483,90
560	31.07.2025 12:18:19	20,53	-0,05	0,49	0,91	1483,92
561	31.07.2025 12:18:20	20,53	-0,05	0,49	0,91	1483,92
562	31.07.2025 12:18:21	20,53	-0,05	0,49	0,91	1483,92
563	31.07.2025 12:18:22	20,53	-0,05	0,47	0,88	1483,90
564	31.07.2025 12:18:23	20,56	-0,03	0,44	0,82	1483,96
565	31.07.2025 12:18:24	20,56	-0,01	0,44	0,82	1483,96
566	31.07.2025 12:18:25	20,56	-0,03	0,44	0,82	1483,96
567	31.07.2025 12:18:26	20,56	-0,03	0,41	0,77	1483,93
568	31.07.2025 12:18:27	20,56	-0,03	0,38	0,71	1483,89
569	31.07.2025 12:18:28	20,59	-0,03	0,41	0,77	1484,02
570	31.07.2025 12:18:29	20,59	-0,03	0,41	0,77	1484,02
571	31.07.2025 12:18:30	20,59	-0,03	0,41	0,77	1484,02
572	31.07.2025 12:18:31	20,59	-0,03	0,38	0,71	1483,98
573	31.07.2025 12:18:32	20,59	-0,05	0,37	0,68	1483,96
574	31.07.2025 12:18:33	20,59	-0,03	0,40	0,74	1484,00
575	31.07.2025 12:18:34	20,59	-0,05	0,40	0,74	1483,99
576	31.07.2025 12:18:35	20,62	-0,03	0,40	0,74	1484,09
577	31.07.2025 12:18:36	20,62	-0,03	0,41	0,77	1484,10
578	31.07.2025 12:18:37	20,62	-0,03	0,40	0,74	1484,09
579	31.07.2025 12:18:38	20,62	-0,03	0,41	0,77	1484,10
580	31.07.2025 12:18:39	20,62	-0,03	0,41	0,77	1484,10
581	31.07.2025 12:18:40	20,62	-0,03	0,41	0,77	1484,10
582	31.07.2025 12:18:41	20,65	-0,03	0,40	0,74	1484,18
583	31.07.2025 12:18:42	20,65	-0,03	0,38	0,71	1484,16
584	31.07.2025 12:18:43	20,65	-0,03	0,41	0,77	1484,19
585	31.07.2025 12:18:44	20,65	-0,03	0,38	0,71	1484,16
586	31.07.2025 12:18:45	20,65	-0,03	0,40	0,74	1484,18
587	31.07.2025 12:18:46	20,65	-0,03	0,41	0,77	1484,19
588	31.07.2025 12:18:47	20,68	-0,03	0,43	0,79	1484,30
589	31.07.2025 12:18:48	20,68	-0,05	0,38	0,71	1484,25
590	31.07.2025 12:18:49	20,68	-0,05	0,41	0,77	1484,28
591	31.07.2025 12:18:50	20,68	-0,05	0,38	0,71	1484,25
592	31.07.2025 12:18:51	20,68	-0,03	0,41	0,77	1484,28
593	31.07.2025 12:18:52	20,68	-0,03	0,40	0,74	1484,27
594	31.07.2025 12:18:53	20,71	-0,05	0,41	0,77	1484,37
595	31.07.2025 12:18:54	20,71	-0,05	0,40	0,74	1484,35
596	31.07.2025 12:18:55	20,71	-0,03	0,41	0,77	1484,37
597	31.07.2025 12:18:56	20,71	-0,05	0,38	0,71	1484,34
598	31.07.2025 12:18:57	20,71	-0,03	0,41	0,77	1484,37
599	31.07.2025 12:18:58	20,71	-0,03	0,38	0,71	1484,34
600	31.07.2025 12:18:59	20,71	-0,05	0,40	0,74	1484,35
601	31.07.2025 12:19:00	20,73	-0,03	0,41	0,77	1484,46
602	31.07.2025 12:19:01	20,73	-0,03	0,43	0,79	1484,48
603	31.07.2025 12:19:02	20,73	-0,05	0,40	0,74	1484,44
604	31.07.2025 12:19:03	20,73	-0,03	0,41	0,77	1484,46
605	31.07.2025 12:19:04	20,73	-0,05	0,40	0,74	1484,44
606	31.07.2025 12:19:05	20,76	-0,05	0,41	0,77	1484,55
607	31.07.2025 12:19:06	20,76	-0,05	0,39	0,74	1484,53
608	31.07.2025 12:19:07	20,76	-0,05	0,41	0,77	1484,55
609	31.07.2025 12:19:08	20,76	-0,03	0,38	0,71	1484,52
610	31.07.2025 12:19:09	20,76	-0,05	0,41	0,77	1484,55
611	31.07.2025 12:19:10	20,76	-0,05	0,47	0,88	1484,62
612	31.07.2025 12:19:11	20,79	-0,05	0,50	0,93	1484,74
613	31.07.2025 12:19:12	20,79	-0,03	0,49	0,91	1484,73
614	31.07.2025 12:19:13	20,79	-0,05	0,41	0,77	1484,64
615	31.07.2025 12:19:14	20,79	-0,05	0,35	0,65	1484,57
616	31.07.2025 12:19:15	20,79	-0,05	0,35	0,65	1484,57
617	31.07.2025 12:19:16	20,79	-0,05	0,26	0,49	1484,47
618	31.07.2025 12:19:17	20,79	-0,05	0,17	0,32	1484,37
619	31.07.2025 12:19:18	20,79	-0,05	0,15	0,29	1484,35
620	31.07.2025 12:19:19	20,79	-0,05	0,27	0,52	1484,48
621	31.07.2025 12:19:20	20,79	-0,05	1,29	2,29	1485,63
622	31.07.2025 12:19:21	20,68	-0,21	25,82	37,00	1512,92
623	31.07.2025 12:19:22	20,35	-0,12	25,93	36,89	1512,15
624	31.07.2025 12:19:23	20,09	-0,01	26,09	36,88	1511,60
625	31.07.2025 12:19:24	19,91	0,02	26,17	36,85	1511,20
626	31.07.2025 12:19:25	19,79	0,02	26,22	36,82	1510,92
627	31.07.2025 12:19:26	19,71	0,00	26,28	36,82	1510,72
628	31.07.2025 12:19:27	19,65	0,02	26,31	36,82	1510,60
629	31.07.2025 12:19:28	19,59	0,04	26,35	36,82	1510,47
630	31.07.2025 12:19:29	19,56	0,04	26,37	36,82	1510,41
631	31.07.2025 12:19:30	19,50	0,06	26,40	36,82	1510,28
632	31.07.2025 12:19:31	19,47	0,08	26,42	36,81	1510,22
633	31.07.2025 12:19:32	19,44	0,04	26,44	36,81	1510,15
634	31.07.2025 12:19:33	19,41	0,04	26,46	36,81	1510,08
635	31.07.2025 12:19:34	19,38	0,08	26,47	36,81	1510,02
636	31.07.2025 12:19:35	19,35	0,04	26,49	36,81	1509,95
637	31.07.2025 12:19:36	19,32	0,04	26,51	36,81	1509,89
638	31.07.2025 12:19:37	19,32	0,04	26,51	36,81	1509,89
639	31.07.2025 12:19:38	19,29	0,04	26,53	36,81	1509,82
640	31.07.2025 12:19:39	19,26	0,02	26,55	36,81	1509,76
641	31.07.2025 12:19:40	19,23	0,04	26,57	36,81	1509,69
642	31.07.2025 12:19:41	19,23	0,04	26,57	36,81	1509,69
643	31.07.2025 12:19:42	19,20	0,04	26,58	36,81	1509,63
644	31.07.2025 12:19:43	19,20	0,04	26,58	36,81	1509,63
645	31.07.2025 12:19:44	19,17	0,04	26,60	36,81	1509,57
646	31.07.2025 12:19:45	19,17	0,04	26,58	36,78	1509,54
647	31.07.2025 12:19:46	19,14	0,02	26,62	36,81	1509,50
648	31.07.2025 12:19:47	19,11	0,04	26,64	36,81	1509,44
649	31.07.2025 12:19:48	19,11	0,02	26,64	36,81	1509,43
650	31.07.2025 12:19:49	19,09	0,02	26,64	36,78	1509,34
651	31.07.2025 12:19:50	19,09	0,02	26,66	36,81	1509,37
652	31.07.2025 12:19:51	19,06	0,00	26,68	36,81	1509,30
653	31.07.2025 12:19:52	19,06	0,00	26,68	36,81	1509,30
654	31.07.2025 12:19:53	19,03	0,02	26,69	36,81	1509,24
655	31.07.2025 12:19:54	19,03	0,04	26,69	36,81	1509,24
656	31.07.2025 12:19:55	19,03	0,02	26,72	36,83	1509,26
657	31.07.2025 12:19:56	19,00	0,00	26,73	36,83	1509,19
658	31.07.2025 12:19:57	19,00	0,04	26,71	36,80	1509,17
659	31.07.2025 12:19:58	19,00	0,00	26,71	36,80	1509,17
660	31.07.2025 12:19:59	18,97	0,02	26,73	36,80	1509,11
661	31.07.2025 12:20:00	18,97	0,02	26,73	36,80	1509,11
662	31.07.2025 12:20:01	18,94	0,02	26,75	36,80	1509,04
663	31.07.2025 12:20:02	18,94	0,00	26,75	36,80	1509,04
664	31.07.2025 12:20:03	18,91	0,00	26,75	36,78	1508,95
665	31.07.2025 12:20:04	18,91	0,00	26,75	36,78	1508,95
666	31.07.2025 12:20:05	18,91	0,00	26,75	36,78	1508,95
667	31.07.2025 12:20:06	18,88	0,02	26,79	36,80	1508,91
668	31.07.2025 12:20:07	18,88	0,00	26,79	36,80	1508,91
669	31.07.2025 12:20:08	18,88	0,00	26,79	36,80	1508,91
670	31.07.2025 12:20:09	18,85	0,02	26,81	36,80	1508,85
671	31.07.2025 12:20:10	18,85	0,02	26,81	36,80	1508,85
672	31.07.2025 12:20:11	18,85	0,02	26,78	36,77	1508,82
673	31.07.2025 12:20:12	18,82	0,00	26,80	36,77	1508,75
674	31.07.2025 12:20:13	18,82	0,02	26,80	36,77	1508,75
675	31.07.2025 12:20:14	18,82	0,02	26,80	36,77	1508,75
676	31.07.2025 12:20:15	18,79	0,04	26,82	36,77	1508,69
677	31.07.2025 12:20:16	18,79	0,02	26,82	36,77	1508,69
678	31.07.2025 12:20:17	18,79	0,02	26,84	36,80	1508,71
679	31.07.2025 12:20:18	18,79	0,04	26,82	36,77	1508,69
680	31.07.2025 12:20:19	18,76	0,04	26,84	36,77	1508,63
681	31.07.2025 12:20:20	18,76	0,04	26,84	36,77	1508,63
682	31.07.2025 12:20:21	18,76	0,04	26,84	36,77	1508,63
683	31.07.2025 12:20:22	18,76	0,04	26,86	36,80	1508,65
684	31.07.2025 12:20:23	18,76	0,04	26,82	36,75	1508,60
685	31.07.2025 12:20:24	18,73	0,02	26,86	36,77	1508,56
686	31.07.2025 12:20:25	18,73	0,02	26,86	36,77	1508,56
687	31.07.2025 12:20:26	18,73	0,02	26,84	36,75	1508,53
688	31.07.2025 12:20:27	18,73	0,04	26,86	36,77	1508,56
689	31.07.2025 12:20:28	18,70	0,02	26,88	36,77	1508,49
690	31.07.2025 12:20:29	18,70	0,02	26,88	36,77	1508,49
691	31.07.2025 12:20:30	18,70	0,04	26,90	36,80	1508,52
692	31.07.2025 12:20:31	18,70	0,06	26,88	36,77	1508,50
693	31.07.2025 12:20:32	18,70	0,06	26,88	36,77	1508,50
694	31.07.2025 12:20:33	18,70	0,04	26,86	36,74	1508,47
695	31.07.2025 12:20:34	18,70	0,06	26,88	36,77	1508,50
696	31.07.2025 12:20:35	18,67	0,08	26,90	36,77	1508,44
697	31.07.2025 12:20:36	18,67	0,08	26,92	36,80	1508,46
698	31.07.2025 12:20:37	18,67	0,08	26,90	36,77	1508,44
699	31.07.2025 12:20:38	18,67	0,09	26,92	36,80	1508,46
700	31.07.2025 12:20:39	18,67	0,11	26,92	36,80	1508,47
701	31.07.2025 12:20:40	18,67	0,11	26,90	36,77	1508,44
702	31.07.2025 12:20:41	18,67	0,11	26,90	36,77	1508,44
703	31.07.2025 12:20:42	18,67	0,13	26,90	36,77	1508,44
704	31.07.2025 12:20:43	18,64	0,15	26,94	36,80	1508,41
705	31.07.2025 12:20:44	18,64	0,16	26,94	36,80	1508,41
706	31.07.2025 12:20:45	18,64	0,20	26,91	36,77	1508,39
707	31.07.2025 12:20:46	18,64	0,22	26,91	36,77	1508,39
708	31.07.2025 12:20:47	18,64	0,22	26,94	36,80	1508,42
709	31.07.2025 12:20:48	18,64	0,23	26,91	36,77	1508,39
710	31.07.2025 12:20:49	18,64	0,27	26,91	36,77	1508,40
711	31.07.2025 12:20:50	18,61	0,29	26,93	36,77	1508,34
712	31.07.2025 12:20:51	18,61	0,29	26,93	36,77	1508,34
713	31.07.2025 12:20:52	18,61	0,32	26,91	36,74	1508,32
714	31.07.2025 12:20:53	18,61	0,34	26,89	36,72	1508,30
715	31.07.2025 12:20:54	18,61	0,36	26,89	36,72	1508,30
716	31.07.2025 12:20:55	18,58	0,37	26,91	36,72	1508,24
717	31.07.2025 12:20:56	18,58	0,37	26,89	36,69	1508,21
718	31.07.2025 12:20:57	18,58	0,41	26,89	36,69	1508,22
719	31.07.2025 12:20:58	18,55	0,43	26,90	36,69	1508,15
720	31.07.2025 12:20:59	18,55	0,44	26,93	36,71	1508,18
721	31.07.2025 12:21:00	18,55	0,44	26,88	36,66	1508,13
722	31.07.2025 12:21:01	18,55	0,48	26,93	36,71	1508,19
723	31.07.2025 12:21:02	18,55	0,50	26,93	36,71	1508,19
724	31.07.2025 12:21:03	18,55	0,53	26,88	36,66	1508,14
725	31.07.2025 12:21:04	18,52	0,55	26,88	36,63	1508,06
726	31.07.2025 12:21:05	18,52	0,57	26,86	36,61	1508,03
727	31.07.2025 12:21:06	18,49	0,58	26,88	36,61	1507,97
728	31.07.2025 12:21:07	18,49	0,62	26,85	36,58	1507,95
729	31.07.2025 12:21:08	18,46	0,63	26,87	36,58	1507,89
730	31.07.2025 12:21:09	18,46	0,65	26,85	36,55	1507,86
731	31.07.2025 12:21:10	18,43	0,67	26,87	36,55	1507,80
732	31.07.2025 12:21:11	18,43	0,68	26,85	36,52	1507,78
733	31.07.2025 12:21:12	18,43	0,70	26,85	36,52	1507,78
734	31.07.2025 12:21:13	18,40	0,74	26,87	36,52	1507,72
735	31.07.2025 12:21:14	18,40	0,75	26,87	36,52	1507,72
736	31.07.2025 12:21:15	18,37	0,77	26,86	36,50	1507,63
737	31.07.2025 12:21:16	18,37	0,80	26,82	36,44	1507,59
738	31.07.2025 12:21:17	18,34	0,82	26,79	36,39	1507,47
739	31.07.2025 12:21:18	18,31	0,84	26,79	36,36	1507,38
740	31.07.2025 12:21:19	18,31	0,87	26,75	36,31	1507,34
741	31.07.2025 12:21:20	18,25	0,87	26,54	36,01	1506,93
742	31.07.2025 12:21:21	18,20	0,88	26,41	35,80	1506,59
743	31.07.2025 12:21:22	18,08	0,88	26,37	35,66	1506,20
744	31.07.2025 12:21:23	17,93	0,94	26,44	35,63	1505,84
745	31.07.2025 12:21:24	17,84	0,97	26,48	35,60	1505,62
746	31.07.2025 12:21:25	17,78	0,99	26,51	35,60	1505,48
747	31.07.2025 12:21:26	17,72	1,02	26,53	35,57	1505,33
748	31.07.2025 12:21:27	17,69	1,02	26,55	35,57	1505,26
749	31.07.2025 12:21:28	17,63	1,01	26,58	35,57	1505,12
750	31.07.2025 12:21:29	17,60	1,01	26,60	35,57	1505,05
751	31.07.2025 12:21:30	17,57	1,03	26,62	35,57	1504,98
752	31.07.2025 12:21:31	17,54	1,04	26,64	35,57	1504,92
753	31.07.2025 12:21:32	17,54	1,01	26,66	35,59	1504,94
754	31.07.2025 12:21:33	17,51	1,01	26,68	35,59	1504,87
755	31.07.2025 12:21:34	17,51	0,99	26,71	35,62	1504,89
756	31.07.2025 12:21:35	17,48	1,01	26,68	35,57	1504,78
757	31.07.2025 12:21:36	17,48	1,01	26,68	35,57	1504,78
758	31.07.2025 12:21:37	17,45	1,02	26,68	35,54	1504,68
759	31.07.2025 12:21:38	17,42	1,04	26,65	35,48	1504,56
760	31.07.2025 12:21:39	17,39	1,04	26,54	35,32	1504,34
761	31.07.2025 12:21:40	17,30	1,07	26,55	35,27	1504,09
762	31.07.2025 12:21:41	17,24	1,10	26,54	35,21	1503,90
763	31.07.2025 12:21:42	17,18	1,12	26,58	35,21	1503,76
764	31.07.2025 12:21:43	17,12	1,13	26,55	35,13	1503,55
765	31.07.2025 12:21:44	17,06	1,16	26,54	35,07	1503,36
766	31.07.2025 12:21:45	16,97	1,16	26,56	35,02	1503,10
767	31.07.2025 12:21:46	16,91	1,17	26,50	34,91	1502,85
768	31.07.2025 12:21:47	16,82	1,19	26,50	34,83	1502,57
769	31.07.2025 12:21:48	16,73	1,18	26,48	34,74	1502,27
770	31.07.2025 12:21:49	16,61	1,21	26,54	34,72	1501,97
771	31.07.2025 12:21:50	16,52	1,22	26,55	34,66	1501,70
772	31.07.2025 12:21:51	16,46	1,24	26,57	34,63	1501,54
773	31.07.2025 12:21:52	16,40	1,27	26,58	34,60	1501,37
774	31.07.2025 12:21:53	16,34	1,29	26,60	34,58	1501,20
775	31.07.2025 12:21:54	16,31	1,30	26,57	34,52	1501,08
776	31.07.2025 12:21:55	16,28	1,32	26,59	34,52	1501,01
777	31.07.2025 12:21:56	16,22	1,31	26,61	34,49	1500,84
778	31.07.2025 12:21:57	16,19	1,31	26,58	34,44	1500,71
779	31.07.2025 12:21:58	16,13	1,31	26,58	34,38	1500,51
780	31.07.2025 12:21:59	16,07	1,33	26,57	34,33	1500,32
781	31.07.2025 12:22:00	16,01	1,30	26,54	34,25	1500,09
782	31.07.2025 12:22:01	15,91	1,32	26,55	34,19	1499,82
783	31.07.2025 12:22:02	15,85	1,33	26,50	34,08	1499,57
784	31.07.2025 12:22:03	15,76	1,31	26,44	33,95	1499,21
785	31.07.2025 12:22:04	15,67	1,32	26,43	33,86	1498,91
786	31.07.2025 12:22:05	15,52	1,33	26,46	33,78	1498,46
787	31.07.2025 12:22:06	15,37	1,34	26,47	33,67	1497,98
788	31.07.2025 12:22:07	15,22	1,34	26,54	33,64	1497,58
789	31.07.2025 12:22:08	15,03	1,36	26,80	33,79	1497,30
790	31.07.2025 12:22:09	14,88	1,37	26,81	33,69	1496,81
791	31.07.2025 12:22:10	14,73	1,37	26,84	33,60	1496,35
792	31.07.2025 12:22:11	14,48	1,37	26,79	33,36	1495,49
793	31.07.2025 12:22:12	14,27	1,41	26,82	33,21	1494,81
794	31.07.2025 12:22:13	14,05	1,42	26,72	32,94	1493,98
795	31.07.2025 12:22:14	13,80	1,43	26,67	32,69	1493,10
796	31.07.2025 12:22:15	13,55	1,47	26,77	32,61	1492,39
797	31.07.2025 12:22:16	13,37	1,51	26,84	32,55	1491,86
798	31.07.2025 12:22:17	13,18	1,50	26,75	32,31	1491,11
799	31.07.2025 12:22:18	12,99	1,49	26,29	31,66	1489,91
800	31.07.2025 12:22:19	12,65	1,44	25,55	30,60	1487,83
801	31.07.2025 12:22:20	12,15	1,51	25,66	30,35	1486,21
802	31.07.2025 12:22:21	11,70	1,57	25,93	30,31	1485,00
803	31.07.2025 12:22:22	11,38	1,63	26,12	30,28	1484,10
804	31.07.2025 12:22:23	11,16	1,65	26,20	30,19	1483,40
805	31.07.2025 12:22:24	10,94	1,68	26,30	30,13	1482,72
806	31.07.2025 12:22:25	10,78	1,67	26,34	30,05	1482,19
807	31.07.2025 12:22:26	10,58	1,68	26,18	29,75	1481,30
808	31.07.2025 12:22:27	10,36	1,68	26,24	29,64	1480,54
809	31.07.2025 12:22:28	10,16	1,73	26,37	29,63	1480,00
810	31.07.2025 12:22:29	9,97	1,75	26,51	29,63	1479,45
811	31.07.2025 12:22:30	9,83	1,77	26,55	29,57	1479,02
812	31.07.2025 12:22:31	9,70	1,78	26,62	29,54	1478,62
813	31.07.2025 12:22:32	9,57	1,79	26,66	29,48	1478,18
814	31.07.2025 12:22:33	9,41	1,80	26,75	29,45	1477,69
815	31.07.2025 12:22:34	9,31	1,81	26,74	29,37	1477,31
816	31.07.2025 12:22:35	9,18	1,82	26,78	29,31	1476,87
817	31.07.2025 12:22:36	9,05	1,85	26,82	29,25	1476,42
818	31.07.2025 12:22:37	8,91	1,86	26,89	29,22	1476,01
819	31.07.2025 12:22:38	8,78	1,87	26,93	29,17	1475,56
820	31.07.2025 12:22:39	8,65	1,88	27,00	29,14	1475,15
821	31.07.2025 12:22:40	8,55	1,91	27,05	29,11	1474,83
822	31.07.2025 12:22:41	8,41	1,94	27,15	29,10	1474,45
823	31.07.2025 12:22:42	8,31	1,96	27,20	29,07	1474,12
824	31.07.2025 12:22:43	8,25	1,97	27,25	29,07	1473,93
825	31.07.2025 12:22:44	8,15	2,00	27,29	29,04	1473,60
826	31.07.2025 12:22:45	8,08	2,00	27,34	29,04	1473,41
827	31.07.2025 12:22:46	7,98	2,01	27,42	29,04	1473,12
828	31.07.2025 12:22:47	7,91	2,02	27,47	29,04	1472,92
829	31.07.2025 12:22:48	7,84	2,04	27,52	29,04	1472,73
830	31.07.2025 12:22:49	7,77	2,05	27,57	29,03	1472,53
831	31.07.2025 12:22:50	7,71	2,07	27,63	29,03	1472,34
832	31.07.2025 12:22:51	7,64	2,10	27,68	29,03	1472,14
833	31.07.2025 12:22:52	7,57	2,10	27,73	29,03	1471,94
834	31.07.2025 12:22:53	7,50	2,13	27,75	29,00	1471,71
835	31.07.2025 12:22:54	7,43	2,12	27,78	28,97	1471,48
836	31.07.2025 12:22:55	7,37	2,16	27,75	28,89	1471,17
837	31.07.2025 12:22:56	7,30	2,17	27,77	28,86	1470,94
838	31.07.2025 12:22:57	7,20	2,16	27,76	28,78	1470,53
839	31.07.2025 12:22:58	7,09	2,19	27,82	28,75	1470,19
840	31.07.2025 12:22:59	7,02	2,23	27,84	28,72	1469,96
841	31.07.2025 12:23:00	6,92	2,24	27,86	28,66	1469,58
842	31.07.2025 12:23:01	6,82	2,25	27,86	28,58	1469,17
843	31.07.2025 12:23:02	6,72	2,30	27,91	28,55	1468,83
844	31.07.2025 12:23:03	6,61	2,31	27,96	28,52	1468,49
845	31.07.2025 12:23:04	6,54	2,33	27,99	28,49	1468,24
846	31.07.2025 12:23:05	6,44	2,34	28,07	28,49	1467,93
847	31.07.2025 12:23:06	6,37	2,35	28,10	28,46	1467,69
848	31.07.2025 12:23:07	6,30	2,38	28,09	28,41	1467,41
849	31.07.2025 12:23:08	6,23	2,40	28,06	28,33	1467,09
850	31.07.2025 12:23:09	6,12	2,41	28,09	28,27	1466,70
851	31.07.2025 12:23:10	6,02	2,42	28,05	28,16	1466,24
852	31.07.2025 12:23:11	5,91	2,43	28,05	28,08	1465,81
853	31.07.2025 12:23:12	5,81	2,48	28,10	28,05	1465,46
854	31.07.2025 12:23:13	5,70	2,51	28,13	27,99	1465,07
855	31.07.2025 12:23:14	5,63	2,53	28,13	27,93	1464,78
856	31.07.2025 12:23:15	5,53	2,56	28,15	27,88	1464,38
857	31.07.2025 12:23:16	5,42	2,57	28,21	27,85	1464,02
858	31.07.2025 12:23:17	5,35	2,60	28,21	27,79	1463,73
859	31.07.2025 12:23:18	5,24	2,63	28,26	27,76	1463,37
860	31.07.2025 12:23:19	5,17	2,66	28,26	27,71	1463,08
861	31.07.2025 12:23:20	5,07	2,67	28,35	27,71	1462,75
862	31.07.2025 12:23:21	4,99	2,67	28,41	27,71	1462,53
863	31.07.2025 12:23:22	4,92	2,70	28,44	27,68	1462,28
864	31.07.2025 12:23:23	4,89	2,70	28,47	27,68	1462,16
865	31.07.2025 12:23:24	4,82	2,73	28,49	27,65	1461,91
866	31.07.2025 12:23:25	4,78	2,75	28,52	27,65	1461,80
867	31.07.2025 12:23:26	4,71	2,78	28,55	27,62	1461,54
868	31.07.2025 12:23:27	4,64	2,77	28,61	27,62	1461,32
869	31.07.2025 12:23:28	4,60	2,81	28,61	27,59	1461,17
870	31.07.2025 12:23:29	4,53	2,84	28,64	27,56	1460,92
871	31.07.2025 12:23:30	4,49	2,85	28,64	27,53	1460,76
872	31.07.2025 12:23:31	4,42	2,89	28,67	27,50	1460,51
873	31.07.2025 12:23:32	4,35	2,90	28,70	27,47	1460,24
874	31.07.2025 12:23:33	4,31	2,92	28,73	27,47	1460,13
875	31.07.2025 12:23:34	4,24	2,96	28,79	27,47	1459,91
876	31.07.2025 12:23:35	4,16	2,98	28,82	27,44	1459,65
877	31.07.2025 12:23:36	4,13	2,99	28,85	27,44	1459,54
878	31.07.2025 12:23:37	4,09	3,01	28,89	27,44	1459,43
879	31.07.2025 12:23:38	4,02	3,02	28,95	27,44	1459,20
880	31.07.2025 12:23:39	3,98	3,06	28,95	27,41	1459,05
881	31.07.2025 12:23:40	3,91	3,09	29,01	27,41	1458,83
882	31.07.2025 12:23:41	3,87	3,10	29,04	27,41	1458,71
883	31.07.2025 12:23:42	3,84	3,14	29,01	27,36	1458,52
884	31.07.2025 12:23:43	3,80	3,15	28,98	27,30	1458,33
885	31.07.2025 12:23:44	3,73	3,17	29,01	27,27	1458,06
886	31.07.2025 12:23:45	3,69	3,20	29,07	27,30	1457,99
887	31.07.2025 12:23:46	3,65	3,23	29,11	27,30	1457,88
888	31.07.2025 12:23:47	3,58	3,25	29,11	27,24	1457,57
889	31.07.2025 12:23:48	3,54	3,26	29,04	27,16	1457,33
890	31.07.2025 12:23:49	3,47	3,29	29,08	27,13	1457,06
891	31.07.2025 12:23:50	3,43	3,31	29,01	27,05	1456,82
892	31.07.2025 12:23:51	3,36	3,34	29,01	27,00	1456,51
893	31.07.2025 12:23:52	3,28	3,37	29,01	26,94	1456,19
894	31.07.2025 12:23:53	3,21	3,38	29,02	26,89	1455,88
895	31.07.2025 12:23:54	3,13	3,42	29,08	26,88	1455,64
896	31.07.2025 12:23:55	3,10	3,43	29,11	26,88	1455,53
897	31.07.2025 12:23:56	3,02	3,48	29,18	26,88	1455,30
898	31.07.2025 12:23:57	2,98	3,50	29,21	26,88	1455,18
899	31.07.2025 12:23:58	2,95	3,53	29,21	26,85	1455,03
900	31.07.2025 12:23:59	2,91	3,56	29,24	26,85	1454,91
901	31.07.2025 12:24:00	2,87	3,58	29,28	26,85	1454,79
902	31.07.2025 12:24:01	2,84	3,61	29,34	26,88	1454,72
903	31.07.2025 12:24:02	2,80	3,64	29,37	26,87	1454,61
904	31.07.2025 12:24:03	2,76	3,66	29,41	26,87	1454,49
905	31.07.2025 12:24:04	2,72	3,67	29,41	26,85	1454,33
906	31.07.2025 12:24:05	2,68	3,67	29,48	26,87	1454,25
907	31.07.2025 12:24:06	2,68	3,69	29,47	26,87	1454,25
908	31.07.2025 12:24:07	2,65	3,71	29,48	26,85	1454,09
909	31.07.2025 12:24:08	2,61	3,72	29,51	26,84	1453,98
910	31.07.2025 12:24:09	2,57	3,74	29,54	26,84	1453,86
911	31.07.2025 12:24:10	2,57	3,75	29,54	26,84	1453,86
912	31.07.2025 12:24:11	2,53	3,77	29,58	26,84	1453,74
913	31.07.2025 12:24:12	2,53	3,79	29,58	26,84	1453,74
914	31.07.2025 12:24:13	2,50	3,80	29,61	26,84	1453,63
915	31.07.2025 12:24:14	2,50	3,82	29,61	26,84	1453,63
916	31.07.2025 12:24:15	2,46	3,85	29,61	26,81	1453,47
917	31.07.2025 12:24:16	2,46	3,85	29,64	26,84	1453,51
918	31.07.2025 12:24:17	2,42	3,89	29,65	26,81	1453,35
919	31.07.2025 12:24:18	2,38	3,90	29,68	26,81	1453,23
920	31.07.2025 12:24:19	2,38	3,92	29,71	26,84	1453,28
921	31.07.2025 12:24:20	2,34	3,93	29,75	26,84	1453,16
922	31.07.2025 12:24:21	2,34	3,97	29,71	26,81	1453,12
923	31.07.2025 12:24:22	2,31	3,97	29,75	26,81	1453,00
924	31.07.2025 12:24:23	2,31	4,00	29,75	26,81	1453,01
925	31.07.2025 12:24:24	2,27	4,02	29,78	26,81	1452,89
926	31.07.2025 12:24:25	2,23	4,05	29,82	26,81	1452,77
927	31.07.2025 12:24:26	2,19	4,07	29,88	26,83	1452,69
928	31.07.2025 12:24:27	2,19	4,08	29,92	26,86	1452,74
929	31.07.2025 12:24:28	2,15	4,10	29,95	26,86	1452,62
930	31.07.2025 12:24:29	2,12	4,11	29,99	26,86	1452,50
931	31.07.2025 12:24:30	2,08	4,15	29,99	26,83	1452,34
932	31.07.2025 12:24:31	2,04	4,16	30,02	26,83	1452,22
933	31.07.2025 12:24:32	2,00	4,18	30,03	26,80	1452,06
934	31.07.2025 12:24:33	1,96	4,21	30,06	26,80	1451,94
935	31.07.2025 12:24:34	1,96	4,25	30,06	26,80	1451,94
936	31.07.2025 12:24:35	1,93	4,28	30,10	26,80	1451,83
937	31.07.2025 12:24:36	1,89	4,30	30,13	26,80	1451,70
938	31.07.2025 12:24:37	1,89	4,33	30,13	26,80	1451,71
939	31.07.2025 12:24:38	1,85	4,35	30,17	26,80	1451,59
940	31.07.2025 12:24:39	1,85	4,38	30,17	26,80	1451,59
941	31.07.2025 12:24:40	1,81	4,40	30,20	26,80	1451,47
942	31.07.2025 12:24:41	1,81	4,41	30,24	26,83	1451,52
943	31.07.2025 12:24:42	1,77	4,43	30,27	26,83	1451,40
944	31.07.2025 12:24:43	1,77	4,46	30,24	26,80	1451,36
945	31.07.2025 12:24:44	1,73	4,50	30,31	26,82	1451,28
946	31.07.2025 12:24:45	1,73	4,50	30,27	26,80	1451,24
947	31.07.2025 12:24:46	1,73	4,53	30,31	26,82	1451,29
948	31.07.2025 12:24:47	1,70	4,55	30,34	26,82	1451,17
949	31.07.2025 12:24:48	1,70	4,58	30,31	26,80	1451,13
950	31.07.2025 12:24:49	1,70	4,58	30,34	26,82	1451,17
951	31.07.2025 12:24:50	1,66	4,62	30,34	26,80	1451,01
952	31.07.2025 12:24:51	1,66	4,60	30,38	26,82	1451,05
953	31.07.2025 12:24:52	1,66	4,62	30,38	26,82	1451,05
954	31.07.2025 12:24:53	1,62	4,65	30,41	26,82	1450,94
955	31.07.2025 12:24:54	1,62	4,63	30,41	26,82	1450,93
956	31.07.2025 12:24:55	1,62	4,65	30,41	26,82	1450,94
957	31.07.2025 12:24:56	1,62	4,67	30,41	26,82	1450,94
958	31.07.2025 12:24:57	1,58	4,66	30,45	26,82	1450,81
959	31.07.2025 12:24:58	1,58	4,66	30,45	26,82	1450,81
960	31.07.2025 12:24:59	1,58	4,68	30,45	26,82	1450,82
961	31.07.2025 12:25:00	1,58	4,68	30,45	26,82	1450,82
962	31.07.2025 12:25:01	1,54	4,70	30,49	26,82	1450,69
963	31.07.2025 12:25:02	1,54	4,68	30,49	26,82	1450,69
964	31.07.2025 12:25:03	1,54	4,68	30,49	26,82	1450,69
965	31.07.2025 12:25:04	1,54	4,70	30,49	26,82	1450,69
966	31.07.2025 12:25:05	1,54	4,71	30,49	26,82	1450,70
967	31.07.2025 12:25:06	1,50	4,73	30,52	26,82	1450,57
968	31.07.2025 12:25:07	1,50	4,71	30,52	26,82	1450,57
969	31.07.2025 12:25:08	1,50	4,73	30,52	26,82	1450,57
970	31.07.2025 12:25:09	1,50	4,75	30,52	26,82	1450,58
971	31.07.2025 12:25:10	1,50	4,75	30,52	26,82	1450,58
972	31.07.2025 12:25:11	1,46	4,75	30,56	26,82	1450,45
973	31.07.2025 12:25:12	1,46	4,75	30,56	26,82	1450,45
974	31.07.2025 12:25:13	1,46	4,76	30,56	26,82	1450,45
975	31.07.2025 12:25:14	1,46	4,76	30,56	26,82	1450,45
976	31.07.2025 12:25:15	1,46	4,76	30,56	26,82	1450,45
977	31.07.2025 12:25:16	1,46	4,75	30,56	26,82	1450,45
978	31.07.2025 12:25:17	1,42	4,76	30,60	26,82	1450,33
979	31.07.2025 12:25:18	1,42	4,76	30,60	26,82	1450,33
980	31.07.2025 12:25:19	1,42	4,78	30,60	26,82	1450,33
981	31.07.2025 12:25:20	1,42	4,76	30,60	26,82	1450,33
982	31.07.2025 12:25:21	1,42	4,76	30,60	26,82	1450,33
983	31.07.2025 12:25:22	1,42	4,78	30,60	26,82	1450,33
984	31.07.2025 12:25:23	1,42	4,78	30,60	26,82	1450,33
985	31.07.2025 12:25:24	1,42	4,78	30,60	26,82	1450,33
986	31.07.2025 12:25:25	1,39	4,78	30,63	26,82	1450,21
987	31.07.2025 12:25:26	1,39	4,78	30,63	26,82	1450,21
988	31.07.2025 12:25:27	1,39	4,79	30,63	26,82	1450,21
989	31.07.2025 12:25:28	1,39	4,78	30,67	26,84	1450,25
990	31.07.2025 12:25:29	1,39	4,78	30,63	26,82	1450,21
991	31.07.2025 12:25:30	1,39	4,79	30,63	26,82	1450,21
992	31.07.2025 12:25:31	1,39	4,79	30,67	26,84	1450,25
993	31.07.2025 12:25:32	1,39	4,76	30,63	26,82	1450,20
994	31.07.2025 12:25:33	1,39	4,78	30,63	26,82	1450,21
995	31.07.2025 12:25:34	1,39	4,78	30,67	26,84	1450,25
996	31.07.2025 12:25:35	1,35	4,79	30,70	26,84	1450,13
997	31.07.2025 12:25:36	1,35	4,77	30,67	26,82	1450,08
998	31.07.2025 12:25:37	1,35	4,76	30,67	26,82	1450,08
999	31.07.2025 12:25:38	1,35	4,77	30,70	26,84	1450,12
1000	31.07.2025 12:25:39	1,35	4,79	30,70	26,84	1450,13
1001	31.07.2025 12:25:40	1,35	4,77	30,70	26,84	1450,12
1002	31.07.2025 12:25:41	1,35	4,77	30,67	26,82	1450,08
1003	31.07.2025 12:25:42	1,35	4,77	30,70	26,84	1450,12
1004	31.07.2025 12:25:43	1,35	4,77	30,67	26,82	1450,08
1005	31.07.2025 12:25:44	1,35	4,77	30,70	26,84	1450,12
1006	31.07.2025 12:25:45	1,35	4,77	30,70	26,84	1450,12
1007	31.07.2025 12:25:46	1,35	4,76	30,70	26,84	1450,12
1008	31.07.2025 12:25:47	1,35	4,77	30,67	26,82	1450,08
1009	31.07.2025 12:25:48	1,35	4,76	30,70	26,84	1450,12
1010	31.07.2025 12:25:49	1,35	4,76	30,70	26,84	1450,12
1011	31.07.2025 12:25:50	1,35	4,77	30,67	26,82	1450,08
1012	31.07.2025 12:25:51	1,35	4,77	30,67	26,82	1450,08
1013	31.07.2025 12:25:52	1,31	4,77	30,74	26,84	1450,00
1014	31.07.2025 12:25:53	1,31	4,77	30,71	26,82	1449,95
1015	31.07.2025 12:25:54	1,31	4,77	30,74	26,84	1450,00
1016	31.07.2025 12:25:55	1,31	4,77	30,71	26,82	1449,95
1017	31.07.2025 12:25:56	1,31	4,77	30,74	26,84	1450,00
1018	31.07.2025 12:25:57	1,31	4,79	30,71	26,82	1449,96
1019	31.07.2025 12:25:58	1,31	4,79	30,71	26,82	1449,96
1020	31.07.2025 12:25:59	1,31	4,77	30,71	26,82	1449,95
1021	31.07.2025 12:26:00	1,31	4,77	30,74	26,84	1450,00
1022	31.07.2025 12:26:01	1,31	4,77	30,74	26,84	1450,00
1023	31.07.2025 12:26:02	1,31	4,77	30,74	26,84	1450,00
1024	31.07.2025 12:26:03	1,31	4,77	30,74	26,84	1450,00
1025	31.07.2025 12:26:04	1,31	4,77	30,71	26,82	1449,95
1026	31.07.2025 12:26:05	1,31	4,77	30,74	26,84	1450,00
1027	31.07.2025 12:26:06	1,31	4,77	30,71	26,82	1449,95
1028	31.07.2025 12:26:07	1,31	4,77	30,71	26,82	1449,95
1029	31.07.2025 12:26:08	1,31	4,77	30,71	26,82	1449,95
1030	31.07.2025 12:26:09	1,31	4,77	30,71	26,82	1449,95
1031	31.07.2025 12:26:10	1,31	4,79	30,71	26,82	1449,96
1032	31.07.2025 12:26:11	1,31	4,79	30,71	26,82	1449,96
1033	31.07.2025 12:26:12	1,31	4,77	30,71	26,82	1449,95
1034	31.07.2025 12:26:13	1,31	4,77	30,71	26,82	1449,95
1035	31.07.2025 12:26:14	1,31	4,75	30,71	26,82	1449,95
1036	31.07.2025 12:26:15	1,31	4,72	30,74	26,84	1449,99
1037	31.07.2025 12:26:16	1,31	4,67	30,74	26,84	1449,98
1038	31.07.2025 12:26:17	1,31	4,67	30,71	26,82	1449,94
1039	31.07.2025 12:26:18	1,31	4,65	30,74	26,84	1449,98
1040	31.07.2025 12:26:19	1,31	4,61	30,74	26,84	1449,97
1041	31.07.2025 12:26:20	1,31	4,60	30,74	26,84	1449,97
1042	31.07.2025 12:26:21	1,31	4,60	30,74	26,84	1449,97
1043	31.07.2025 12:26:22	1,31	4,60	30,74	26,84	1449,97
1044	31.07.2025 12:26:23	1,31	4,58	30,71	26,82	1449,92
1045	31.07.2025 12:26:24	1,31	4,58	30,74	26,84	1449,97
1046	31.07.2025 12:26:25	1,31	4,60	30,74	26,84	1449,97
1047	31.07.2025 12:26:26	1,31	4,58	30,74	26,84	1449,97
1048	31.07.2025 12:26:27	1,31	4,58	30,74	26,84	1449,97
1049	31.07.2025 12:26:28	1,31	4,58	30,74	26,84	1449,97
1050	31.07.2025 12:26:29	1,31	4,58	30,74	26,84	1449,97
1051	31.07.2025 12:26:30	1,31	4,58	30,74	26,84	1449,97
1052	31.07.2025 12:26:31	1,31	4,58	30,74	26,84	1449,97
1053	31.07.2025 12:26:32	1,31	4,58	30,74	26,84	1449,97
1054	31.07.2025 12:26:33	1,31	4,58	30,74	26,84	1449,97
1055	31.07.2025 12:26:34	1,31	4,58	30,74	26,84	1449,97
1056	31.07.2025 12:26:35	1,31	4,58	30,74	26,84	1449,97
1057	31.07.2025 12:26:36	1,31	4,58	30,74	26,84	1449,97
1058	31.07.2025 12:26:37	1,31	4,58	30,74	26,84	1449,97
1059	31.07.2025 12:26:38	1,31	4,60	30,74	26,84	1449,97
1060	31.07.2025 12:26:39	1,31	4,60	30,74	26,84	1449,97
1061	31.07.2025 12:26:40	1,31	4,58	30,74	26,84	1449,97
1062	31.07.2025 12:26:41	1,31	4,58	30,74	26,84	1449,97
1063	31.07.2025 12:26:42	1,31	4,58	30,74	26,84	1449,97
1064	31.07.2025 12:26:43	1,31	4,58	30,74	26,84	1449,97
1065	31.07.2025 12:26:44	1,31	4,58	30,74	26,84	1449,97
1066	31.07.2025 12:26:45	1,31	4,58	30,74	26,84	1449,97
1067	31.07.2025 12:26:46	1,31	4,60	30,74	26,84	1449,97
1068	31.07.2025 12:26:47	1,31	4,58	30,74	26,84	1449,97
1069	31.07.2025 12:26:48	1,31	4,58	30,74	26,84	1449,97
1070	31.07.2025 12:26:49	1,31	4,58	30,74	26,84	1449,97
1071	31.07.2025 12:26:50	1,31	4,58	30,74	26,84	1449,97
1072	31.07.2025 12:26:51	1,31	4,58	30,74	26,84	1449,97
1073	31.07.2025 12:26:52	1,31	4,58	30,74	26,84	1449,97
1074	31.07.2025 12:26:53	1,31	4,58	30,74	26,84	1449,97
1075	31.07.2025 12:26:54	1,31	4,58	30,74	26,84	1449,97
1076	31.07.2025 12:26:55	1,31	4,58	30,74	26,84	1449,97
1077	31.07.2025 12:26:56	1,31	4,58	30,74	26,84	1449,97
1078	31.07.2025 12:26:57	1,31	4,58	30,74	26,84	1449,97
1079	31.07.2025 12:26:58	1,31	4,58	30,74	26,84	1449,97
1080	31.07.2025 12:26:59	1,31	4,58	30,74	26,84	1449,97
1081	31.07.2025 12:27:00	1,31	4,58	30,74	26,84	1449,97
1082	31.07.2025 12:27:01	1,31	4,58	30,74	26,84	1449,97
1083	31.07.2025 12:27:02	1,31	4,58	30,74	26,84	1449,97
1084	31.07.2025 12:27:03	1,31	4,58	30,74	26,84	1449,97
1085	31.07.2025 12:27:04	1,31	4,58	30,74	26,84	1449,97
1086	31.07.2025 12:27:05	1,31	4,58	30,74	26,84	1449,97
1087	31.07.2025 12:27:06	1,31	4,58	30,74	26,84	1449,97
1088	31.07.2025 12:27:07	1,31	4,58	30,74	26,84	1449,97
1089	31.07.2025 12:27:08	1,31	4,58	30,74	26,84	1449,97
1090	31.07.2025 12:27:09	1,31	4,58	30,74	26,84	1449,97
1091	31.07.2025 12:27:10	1,31	4,58	30,74	26,84	1449,97
1092	31.07.2025 12:27:11	1,31	4,56	30,74	26,84	1449,97
1093	31.07.2025 12:27:12	1,31	4,58	30,74	26,84	1449,97
1094	31.07.2025 12:27:13	1,31	4,56	30,74	26,84	1449,97
1095	31.07.2025 12:27:14	1,31	4,56	30,74	26,84	1449,97
1096	31.07.2025 12:27:15	1,31	4,56	30,74	26,84	1449,97
1097	31.07.2025 12:27:16	1,31	4,58	30,74	26,84	1449,97
1098	31.07.2025 12:27:17	1,31	4,56	30,74	26,84	1449,97
1099	31.07.2025 12:27:18	1,31	4,56	30,74	26,84	1449,97
1100	31.07.2025 12:27:19	1,31	4,58	30,74	26,84	1449,97
1101	31.07.2025 12:27:20	1,31	4,56	30,74	26,84	1449,97
1102	31.07.2025 12:27:21	1,31	4,56	30,74	26,84	1449,97
1103	31.07.2025 12:27:22	1,31	4,56	30,74	26,84	1449,97
1104	31.07.2025 12:27:23	1,31	4,56	30,74	26,84	1449,97
1105	31.07.2025 12:27:24	1,31	4,56	30,74	26,84	1449,97
1106	31.07.2025 12:27:25	1,31	4,56	30,74	26,84	1449,97
1107	31.07.2025 12:27:26	1,31	4,56	30,74	26,84	1449,97
1108	31.07.2025 12:27:27	1,31	4,56	30,74	26,84	1449,97
1109	31.07.2025 12:27:28	1,31	4,56	30,74	26,84	1449,97
1110	31.07.2025 12:27:29	1,31	4,56	30,74	26,84	1449,97
1111	31.07.2025 12:27:30	1,31	4,56	30,74	26,84	1449,97
1112	31.07.2025 12:27:31	1,31	4,56	30,74	26,84	1449,97
1113	31.07.2025 12:27:32	1,31	4,56	30,74	26,84	1449,97
1114	31.07.2025 12:27:33	1,31	4,56	30,74	26,84	1449,97
1115	31.07.2025 12:27:34	1,31	4,56	30,74	26,84	1449,97
1116	31.07.2025 12:27:35	1,31	4,56	30,74	26,84	1449,97
1117	31.07.2025 12:27:36	1,31	4,56	30,74	26,84	1449,97
1118	31.07.2025 12:27:37	1,31	4,54	30,74	26,84	1449,96
1119	31.07.2025 12:27:38	1,31	4,56	30,71	26,82	1449,92
1120	31.07.2025 12:27:39	1,31	4,56	30,74	26,84	1449,97
1121	31.07.2025 12:27:40	1,31	4,58	30,74	26,84	1449,97
1122	31.07.2025 12:27:41	1,31	4,54	30,74	26,84	1449,96
1123	31.07.2025 12:27:42	1,31	4,56	30,74	26,84	1449,97
1124	31.07.2025 12:27:43	1,31	4,54	30,74	26,84	1449,96
1125	31.07.2025 12:27:44	1,31	4,56	30,71	26,82	1449,92
1126	31.07.2025 12:27:45	1,31	4,54	30,74	26,84	1449,96
1127	31.07.2025 12:27:46	1,31	4,54	30,74	26,84	1449,96
1128	31.07.2025 12:27:47	1,31	4,54	30,74	26,84	1449,96
1129	31.07.2025 12:27:48	1,31	4,56	30,74	26,84	1449,97
1130	31.07.2025 12:27:49	1,31	4,56	30,74	26,84	1449,97
1131	31.07.2025 12:27:50	1,31	4,56	30,74	26,84	1449,97
1132	31.07.2025 12:27:51	1,31	4,54	30,74	26,84	1449,96
1133	31.07.2025 12:27:52	1,31	4,54	30,74	26,84	1449,96
1134	31.07.2025 12:27:53	1,31	4,56	30,74	26,84	1449,97
1135	31.07.2025 12:27:54	1,31	4,56	30,74	26,84	1449,97
1136	31.07.2025 12:27:55	1,31	4,56	30,74	26,84	1449,97
1137	31.07.2025 12:27:56	1,31	4,56	30,74	26,84	1449,97
1138	31.07.2025 12:27:57	1,31	4,58	30,74	26,84	1449,97
1139	31.07.2025 12:27:58	1,31	4,58	30,74	26,84	1449,97
1140	31.07.2025 12:27:59	1,31	4,58	30,74	26,84	1449,97
1141	31.07.2025 12:28:00	1,31	4,58	30,74	26,84	1449,97
1142	31.07.2025 12:28:01	1,31	4,60	30,71	26,82	1449,93
1143	31.07.2025 12:28:02	1,31	4,60	30,71	26,82	1449,93
1144	31.07.2025 12:28:03	1,31	4,60	30,74	26,84	1449,97
1145	31.07.2025 12:28:04	1,27	4,58	30,78	26,84	1449,84
1146	31.07.2025 12:28:05	1,27	4,58	30,78	26,84	1449,84
1147	31.07.2025 12:28:06	1,27	4,58	30,78	26,84	1449,84
1148	31.07.2025 12:28:07	1,31	4,56	30,74	26,84	1449,97
1149	31.07.2025 12:28:08	1,27	4,56	30,78	26,84	1449,84
1150	31.07.2025 12:28:09	1,27	4,54	30,78	26,84	1449,84
1151	31.07.2025 12:28:10	1,27	4,52	30,78	26,84	1449,84
1152	31.07.2025 12:28:11	1,27	4,54	30,75	26,81	1449,79
1153	31.07.2025 12:28:12	1,27	4,51	30,78	26,84	1449,83
1154	31.07.2025 12:28:13	1,27	4,51	30,78	26,84	1449,83
1155	31.07.2025 12:28:14	1,27	4,49	30,78	26,84	1449,83
1156	31.07.2025 12:28:15	1,27	4,49	30,75	26,81	1449,78
1157	31.07.2025 12:28:16	1,27	4,47	30,78	26,84	1449,83
1158	31.07.2025 12:28:17	1,27	4,45	30,78	26,84	1449,82
1159	31.07.2025 12:28:18	1,27	4,47	30,78	26,84	1449,83
1160	31.07.2025 12:28:19	1,27	4,45	30,75	26,81	1449,78
1161	31.07.2025 12:28:20	1,27	4,44	30,75	26,81	1449,78
1162	31.07.2025 12:28:21	1,27	4,42	30,75	26,81	1449,77
1163	31.07.2025 12:28:22	1,27	4,42	30,78	26,84	1449,82
1164	31.07.2025 12:28:23	1,27	4,40	30,78	26,84	1449,82
1165	31.07.2025 12:28:24	1,27	4,40	30,75	26,81	1449,77
1166	31.07.2025 12:28:25	1,27	4,40	30,75	26,81	1449,77
1167	31.07.2025 12:28:26	1,27	4,38	30,75	26,81	1449,77
1168	31.07.2025 12:28:27	1,27	4,37	30,78	26,84	1449,81
1169	31.07.2025 12:28:28	1,27	4,35	30,78	26,84	1449,81
1170	31.07.2025 12:28:29	1,27	4,31	30,75	26,81	1449,76
1171	31.07.2025 12:28:30	1,27	4,28	30,75	26,81	1449,75
1172	31.07.2025 12:28:31	1,27	4,26	30,78	26,84	1449,79
1173	31.07.2025 12:28:32	1,31	4,21	30,74	26,84	1449,91
1174	31.07.2025 12:28:33	1,31	4,18	30,78	26,87	1449,95
1175	31.07.2025 12:28:34	1,31	4,12	30,78	26,87	1449,94
1176	31.07.2025 12:28:35	1,35	4,07	30,71	26,84	1450,02
1177	31.07.2025 12:28:36	1,39	4,02	30,67	26,84	1450,13
1178	31.07.2025 12:28:37	1,39	3,97	30,67	26,84	1450,13
1179	31.07.2025 12:28:38	1,42	3,90	30,63	26,84	1450,24
1180	31.07.2025 12:28:39	1,46	3,85	30,63	26,87	1450,40
1181	31.07.2025 12:28:40	1,50	3,80	30,59	26,87	1450,52
1182	31.07.2025 12:28:41	1,50	3,75	30,60	26,87	1450,51
1183	31.07.2025 12:28:42	1,54	3,70	30,56	26,87	1450,63
1184	31.07.2025 12:28:43	1,54	3,64	30,59	26,90	1450,66
1185	31.07.2025 12:28:44	1,54	3,59	30,59	26,90	1450,66
1186	31.07.2025 12:28:45	1,58	3,54	30,56	26,90	1450,77
1187	31.07.2025 12:28:46	1,58	3,49	30,56	26,90	1450,76
1188	31.07.2025 12:28:47	1,58	3,44	30,59	26,93	1450,80
1189	31.07.2025 12:28:48	1,62	3,39	30,59	26,96	1450,96
1190	31.07.2025 12:28:49	1,66	3,34	30,62	27,01	1451,16
1191	31.07.2025 12:28:50	1,66	3,28	30,62	27,01	1451,16
1192	31.07.2025 12:28:51	1,70	3,25	30,62	27,04	1451,32
1193	31.07.2025 12:28:52	1,73	3,18	30,61	27,07	1451,48
1194	31.07.2025 12:28:53	1,77	3,15	30,78	27,23	1451,86
1195	31.07.2025 12:28:54	1,81	3,10	30,91	27,36	1452,20
1196	31.07.2025 12:28:55	1,93	3,09	30,96	27,50	1452,78
1197	31.07.2025 12:28:56	2,00	3,00	30,93	27,53	1453,05
1198	31.07.2025 12:28:57	2,08	2,97	30,85	27,53	1453,29
1199	31.07.2025 12:28:58	2,12	2,94	30,85	27,56	1453,45
1200	31.07.2025 12:28:59	2,15	2,94	30,85	27,58	1453,61
1201	31.07.2025 12:29:00	2,23	2,89	30,78	27,59	1453,85
1202	31.07.2025 12:29:01	2,27	2,88	30,77	27,61	1454,01
1203	31.07.2025 12:29:02	2,31	2,86	30,74	27,61	1454,13
1204	31.07.2025 12:29:03	2,34	2,85	30,77	27,67	1454,33
1205	31.07.2025 12:29:04	2,38	2,81	30,77	27,70	1454,49
1206	31.07.2025 12:29:05	2,42	2,78	30,73	27,70	1454,60
1207	31.07.2025 12:29:06	2,46	2,77	30,73	27,73	1454,76
1208	31.07.2025 12:29:07	2,50	2,73	30,63	27,67	1454,79
1209	31.07.2025 12:29:08	2,50	2,71	30,59	27,65	1454,74
1210	31.07.2025 12:29:09	2,50	2,68	30,56	27,62	1454,70
1211	31.07.2025 12:29:10	2,50	2,68	30,76	27,78	1454,95
1212	31.07.2025 12:29:11	2,53	2,66	30,62	27,70	1454,94
1213	31.07.2025 12:29:12	2,57	2,65	30,62	27,73	1455,10
1214	31.07.2025 12:29:13	2,57	2,65	30,69	27,78	1455,19
1215	31.07.2025 12:29:14	2,61	2,63	30,69	27,81	1455,34
1216	31.07.2025 12:29:15	2,65	2,62	30,65	27,81	1455,46
1217	31.07.2025 12:29:16	2,68	2,62	30,62	27,81	1455,58
1218	31.07.2025 12:29:17	2,68	2,60	30,62	27,81	1455,58
1219	31.07.2025 12:29:18	2,72	2,59	30,61	27,84	1455,73
1220	31.07.2025 12:29:19	2,76	2,57	30,61	27,87	1455,89
1221	31.07.2025 12:29:20	2,80	2,57	30,61	27,89	1456,05
1222	31.07.2025 12:29:21	2,80	2,54	30,67	27,95	1456,13
1223	31.07.2025 12:29:22	2,84	2,52	30,70	28,00	1456,33
1224	31.07.2025 12:29:23	2,91	2,49	30,73	28,08	1456,69
1225	31.07.2025 12:29:24	2,95	2,46	30,79	28,16	1456,93
1226	31.07.2025 12:29:25	3,02	2,41	30,79	28,22	1457,23
1227	31.07.2025 12:29:26	3,10	2,38	30,75	28,25	1457,50
1228	31.07.2025 12:29:27	3,13	2,33	30,75	28,28	1457,65
1229	31.07.2025 12:29:28	3,21	2,28	30,71	28,30	1457,92
1230	31.07.2025 12:29:29	3,25	2,26	30,68	28,31	1458,03
1231	31.07.2025 12:29:30	3,28	2,21	30,68	28,33	1458,18
1232	31.07.2025 12:29:31	3,36	2,18	30,74	28,44	1458,57
1233	31.07.2025 12:29:32	3,39	2,13	30,77	28,50	1458,76
1234	31.07.2025 12:29:33	3,47	2,13	30,73	28,52	1459,03
1235	31.07.2025 12:29:34	3,50	2,12	30,70	28,53	1459,14
1236	31.07.2025 12:29:35	3,58	2,09	30,66	28,55	1459,40
1237	31.07.2025 12:29:36	3,62	2,05	30,66	28,58	1459,55
1238	31.07.2025 12:29:37	3,69	2,04	30,75	28,72	1459,98
1239	31.07.2025 12:29:38	3,73	2,03	30,84	28,83	1460,26
1240	31.07.2025 12:29:39	3,80	1,99	30,84	28,88	1460,56
1241	31.07.2025 12:29:40	3,91	1,95	30,83	28,96	1461,01
1242	31.07.2025 12:29:41	4,02	1,90	30,79	29,02	1461,42
1243	31.07.2025 12:29:42	4,09	1,87	30,79	29,08	1461,72
1244	31.07.2025 12:29:43	4,20	1,84	30,94	29,29	1462,36
1245	31.07.2025 12:29:44	4,31	1,85	31,12	29,54	1463,06
1246	31.07.2025 12:29:45	4,49	1,80	31,02	29,59	1463,67
1247	31.07.2025 12:29:46	4,64	1,76	30,95	29,65	1464,18
1248	31.07.2025 12:29:47	4,74	1,74	31,01	29,79	1464,69
1249	31.07.2025 12:29:48	4,85	1,73	30,94	29,82	1465,05
1250	31.07.2025 12:29:49	4,96	1,70	30,93	29,90	1465,48
1251	31.07.2025 12:29:50	5,07	1,66	31,14	30,17	1466,19
1252	31.07.2025 12:29:51	5,21	1,66	31,11	30,25	1466,72
1253	31.07.2025 12:29:52	5,39	1,64	31,13	30,42	1467,48
1254	31.07.2025 12:29:53	5,53	1,61	31,18	30,58	1468,12
1255	31.07.2025 12:29:54	5,70	1,63	32,38	31,79	1470,37
1256	31.07.2025 12:29:55	6,05	1,69	32,82	32,49	1472,36
1257	31.07.2025 12:29:56	6,58	1,59	32,49	32,64	1473,99
1258	31.07.2025 12:29:57	7,02	1,52	32,46	32,99	1475,70
1259	31.07.2025 12:29:58	7,37	1,51	32,44	33,27	1477,00
1260	31.07.2025 12:29:59	7,74	1,40	32,36	33,52	1478,32
1261	31.07.2025 12:30:00	8,08	1,38	32,17	33,64	1479,38
1262	31.07.2025 12:30:01	8,38	1,34	31,99	33,73	1480,29
1263	31.07.2025 12:30:02	8,68	1,31	31,62	33,63	1480,95
1264	31.07.2025 12:30:03	8,98	1,29	31,44	33,72	1481,85
1265	31.07.2025 12:30:04	9,31	1,20	31,19	33,76	1482,75
1266	31.07.2025 12:30:05	9,57	1,17	31,02	33,81	1483,51
1267	31.07.2025 12:30:06	9,80	1,22	31,32	34,30	1484,73
1268	31.07.2025 12:30:07	10,16	1,18	31,21	34,50	1485,88
1269	31.07.2025 12:30:08	10,45	1,15	31,05	34,59	1486,74
1270	31.07.2025 12:30:09	10,74	1,09	30,89	34,67	1487,57
1271	31.07.2025 12:30:10	10,97	1,10	30,92	34,90	1488,41
1272	31.07.2025 12:30:11	11,22	1,06	30,89	35,09	1489,28
1273	31.07.2025 12:30:12	11,48	1,04	30,79	35,20	1490,05
1274	31.07.2025 12:30:13	11,73	1,01	30,61	35,24	1490,72
1275	31.07.2025 12:30:14	11,92	0,97	30,49	35,27	1491,23
1276	31.07.2025 12:30:15	12,11	0,96	30,39	35,33	1491,76
1277	31.07.2025 12:30:16	12,27	0,93	30,29	35,36	1492,18
1278	31.07.2025 12:30:17	12,43	0,92	30,16	35,36	1492,57
1279	31.07.2025 12:30:18	12,59	0,91	30,07	35,39	1492,99
1280	31.07.2025 12:30:19	12,71	0,88	29,97	35,40	1493,30
1281	31.07.2025 12:30:20	12,84	0,86	29,90	35,43	1493,64
1282	31.07.2025 12:30:21	12,96	0,84	29,80	35,43	1493,94
1283	31.07.2025 12:30:22	13,06	0,83	29,71	35,41	1494,14
1284	31.07.2025 12:30:23	13,18	0,82	29,61	35,41	1494,45
1285	31.07.2025 12:30:24	13,28	0,79	29,54	35,41	1494,67
1286	31.07.2025 12:30:25	13,37	0,79	29,50	35,44	1494,93
1287	31.07.2025 12:30:26	13,46	0,80	29,58	35,60	1495,34
1288	31.07.2025 12:30:27	13,62	0,87	30,05	36,25	1496,44
1289	31.07.2025 12:30:28	13,90	0,85	29,99	36,42	1497,28
1290	31.07.2025 12:30:29	14,20	0,78	29,80	36,48	1498,07
1291	31.07.2025 12:30:30	14,42	0,74	29,72	36,56	1498,66
1292	31.07.2025 12:30:31	14,60	0,68	29,58	36,57	1499,09
1293	31.07.2025 12:30:32	14,76	0,65	29,47	36,57	1499,45
1294	31.07.2025 12:30:33	14,88	0,62	29,38	36,57	1499,73
1295	31.07.2025 12:30:34	15,00	0,61	29,31	36,60	1500,05
1296	31.07.2025 12:30:35	15,12	0,56	29,22	36,61	1500,33
1297	31.07.2025 12:30:36	15,22	0,55	29,16	36,61	1500,54
1298	31.07.2025 12:30:37	15,31	0,53	29,19	36,72	1500,87
1299	31.07.2025 12:30:38	15,40	0,50	29,07	36,67	1501,02
1300	31.07.2025 12:30:39	15,49	0,51	29,13	36,80	1501,37
1301	31.07.2025 12:30:40	15,61	0,46	29,02	36,78	1501,62
1302	31.07.2025 12:30:41	15,70	0,41	28,90	36,73	1501,77
1303	31.07.2025 12:30:42	15,79	0,37	28,82	36,70	1501,95
1304	31.07.2025 12:30:43	15,85	0,37	28,77	36,71	1502,09
1305	31.07.2025 12:30:44	15,91	0,36	28,73	36,71	1502,23
1306	31.07.2025 12:30:45	15,98	0,32	28,69	36,71	1502,36
1307	31.07.2025 12:30:46	16,04	0,30	28,83	36,92	1502,72
1308	31.07.2025 12:30:47	16,13	0,27	28,70	36,85	1502,84
1309	31.07.2025 12:30:48	16,22	0,27	28,64	36,85	1503,05
1310	31.07.2025 12:30:49	16,31	0,20	28,53	36,80	1503,19
1311	31.07.2025 12:30:50	16,34	0,15	28,44	36,72	1503,17
1312	31.07.2025 12:30:51	16,34	0,15	28,41	36,69	1503,15
1313	31.07.2025 12:30:52	16,37	0,15	28,48	36,80	1503,32
1314	31.07.2025 12:30:53	16,46	0,13	28,44	36,83	1503,55
1315	31.07.2025 12:30:54	16,52	0,09	28,47	36,91	1503,77
1316	31.07.2025 12:30:55	16,61	0,08	28,43	36,94	1504,00
1317	31.07.2025 12:30:56	16,70	0,04	28,39	36,97	1504,23
1318	31.07.2025 12:30:57	16,76	0,02	28,38	36,99	1504,39
1319	31.07.2025 12:30:58	16,82	0,00	28,31	36,97	1504,50
1320	31.07.2025 12:30:59	16,88	-0,01	28,27	36,97	1504,63
1321	31.07.2025 12:31:00	16,94	-0,03	28,21	36,95	1504,74
1322	31.07.2025 12:31:01	16,97	-0,05	28,19	36,95	1504,80
1323	31.07.2025 12:31:02	17,03	-0,07	28,15	36,95	1504,94
1324	31.07.2025 12:31:03	17,06	-0,05	28,13	36,95	1505,01
1325	31.07.2025 12:31:04	17,12	-0,07	28,06	36,92	1505,11
1326	31.07.2025 12:31:05	17,15	-0,08	28,04	36,92	1505,18
1327	31.07.2025 12:31:06	17,18	-0,07	28,00	36,90	1505,22
1328	31.07.2025 12:31:07	17,24	-0,07	27,98	36,93	1505,39
1329	31.07.2025 12:31:08	17,27	-0,07	27,94	36,90	1505,43
1330	31.07.2025 12:31:09	17,30	-0,05	27,96	36,95	1505,55
1331	31.07.2025 12:31:10	17,33	-0,07	27,94	36,95	1505,62
1332	31.07.2025 12:31:11	17,39	-0,05	27,88	36,93	1505,73
1333	31.07.2025 12:31:12	17,42	-0,05	27,86	36,93	1505,79
1334	31.07.2025 12:31:13	17,45	-0,07	27,86	36,96	1505,89
1335	31.07.2025 12:31:14	17,51	-0,07	27,82	36,96	1506,02
1336	31.07.2025 12:31:15	17,54	-0,05	27,80	36,96	1506,09
1337	31.07.2025 12:31:16	17,57	-0,08	27,74	36,91	1506,10
1338	31.07.2025 12:31:17	17,60	-0,07	27,72	36,91	1506,17
1339	31.07.2025 12:31:18	17,63	-0,05	27,72	36,93	1506,27
1340	31.07.2025 12:31:19	17,66	-0,03	27,68	36,91	1506,31
1341	31.07.2025 12:31:20	17,69	-0,05	27,64	36,88	1506,35
1342	31.07.2025 12:31:21	17,72	-0,05	27,64	36,91	1506,44
1343	31.07.2025 12:31:22	17,72	-0,05	27,64	36,91	1506,44
1344	31.07.2025 12:31:23	17,75	-0,05	27,64	36,94	1506,53
1345	31.07.2025 12:31:24	17,78	-0,05	27,60	36,91	1506,58
1346	31.07.2025 12:31:25	17,81	-0,05	27,60	36,94	1506,67
1347	31.07.2025 12:31:26	17,84	-0,05	27,56	36,91	1506,71
1348	31.07.2025 12:31:27	17,87	-0,05	27,54	36,91	1506,78
1349	31.07.2025 12:31:28	17,90	-0,05	27,55	36,94	1506,87
1350	31.07.2025 12:31:29	17,90	-0,05	27,52	36,91	1506,84
1351	31.07.2025 12:31:30	17,93	-0,07	27,50	36,91	1506,91
1352	31.07.2025 12:31:31	17,96	-0,05	27,48	36,92	1506,98
1353	31.07.2025 12:31:32	17,99	-0,05	27,49	36,94	1507,07
1354	31.07.2025 12:31:33	17,99	-0,07	27,49	36,94	1507,07
1355	31.07.2025 12:31:34	18,02	-0,03	27,47	36,94	1507,14
1356	31.07.2025 12:31:35	18,05	-0,03	27,45	36,94	1507,21
1357	31.07.2025 12:31:36	18,08	-0,03	27,43	36,94	1507,27
1358	31.07.2025 12:31:37	18,08	-0,03	27,43	36,94	1507,27
1359	31.07.2025 12:31:38	18,11	-0,03	27,41	36,95	1507,34
1360	31.07.2025 12:31:39	18,14	-0,03	27,39	36,95	1507,41
1361	31.07.2025 12:31:40	18,14	-0,01	27,39	36,95	1507,41
1362	31.07.2025 12:31:41	18,17	-0,05	27,35	36,92	1507,44
1363	31.07.2025 12:31:42	18,17	-0,03	27,35	36,92	1507,45
1364	31.07.2025 12:31:43	18,20	-0,03	27,33	36,92	1507,51
1365	31.07.2025 12:31:44	18,20	-0,03	27,33	36,92	1507,51
1366	31.07.2025 12:31:45	18,22	-0,03	27,31	36,92	1507,58
1367	31.07.2025 12:31:46	18,22	-0,03	27,31	36,92	1507,58
1368	31.07.2025 12:31:47	18,22	-0,07	24,90	33,97	1504,80
1369	31.07.2025 12:31:48	18,25	-0,08	22,98	31,61	1502,66
1370	31.07.2025 12:31:49	18,25	-0,05	27,31	36,95	1507,67
1371	31.07.2025 12:31:50	18,28	-0,05	27,29	36,95	1507,73
1372	31.07.2025 12:31:51	18,28	-0,07	10,55	15,52	1488,43
1373	31.07.2025 12:31:52	18,31	-0,07	27,25	36,92	1507,77
1374	31.07.2025 12:31:53	18,31	-0,05	27,25	36,92	1507,77
1375	31.07.2025 12:31:54	18,31	-0,05	27,28	36,95	1507,80
1376	31.07.2025 12:31:55	18,34	-0,07	21,79	30,18	1501,57
1377	31.07.2025 12:31:56	18,34	-0,07	22,63	31,23	1502,53
1378	31.07.2025 12:31:57	18,37	-0,07	27,22	36,92	1507,90
1379	31.07.2025 12:31:58	18,37	-0,05	27,22	36,92	1507,91
1380	31.07.2025 12:31:59	18,37	-0,07	27,22	36,92	1507,90
1381	31.07.2025 12:32:00	18,40	-0,03	19,03	26,71	1498,57
1382	31.07.2025 12:32:01	18,40	-0,03	27,20	36,93	1507,98
1383	31.07.2025 12:32:02	18,40	-0,03	27,20	36,93	1507,98
1384	31.07.2025 12:32:03	18,43	-0,03	27,18	36,93	1508,04
1385	31.07.2025 12:32:04	18,43	-0,03	27,11	36,85	1507,97
1386	31.07.2025 12:32:05	18,43	-0,03	26,41	35,99	1507,16
1387	31.07.2025 12:32:06	18,46	-0,05	20,70	28,88	1500,68
1388	31.07.2025 12:32:07	18,46	-0,05	20,90	29,13	1500,90
1389	31.07.2025 12:32:08	18,46	-0,05	14,63	21,04	1493,69
1390	31.07.2025 12:32:09	18,46	-0,05	14,59	20,98	1493,64
1391	31.07.2025 12:32:10	18,46	-0,03	14,46	20,82	1493,50
1392	31.07.2025 12:32:11	18,46	-0,05	14,54	20,93	1493,59
1393	31.07.2025 12:32:12	18,46	-0,03	14,65	21,06	1493,71
1394	31.07.2025 12:32:13	18,46	-0,03	14,65	21,06	1493,71
1395	31.07.2025 12:32:14	18,46	-0,03	14,63	21,04	1493,69
1396	31.07.2025 12:32:15	18,46	-0,05	14,63	21,04	1493,69
1397	31.07.2025 12:32:16	18,49	-0,03	14,56	20,95	1493,70
1398	31.07.2025 12:32:17	18,49	-0,03	14,58	20,98	1493,72
1399	31.07.2025 12:32:18	18,49	-0,03	14,39	20,73	1493,50
1400	31.07.2025 12:32:19	18,49	-0,05	14,56	20,95	1493,69
1401	31.07.2025 12:32:20	18,49	-0,03	14,49	20,87	1493,62
1402	31.07.2025 12:32:21	18,49	-0,03	14,56	20,95	1493,70
1403	31.07.2025 12:32:22	18,46	-0,03	0,50	0,88	1477,43
1404	31.07.2025 12:32:23	18,46	-0,03	0,26	0,46	1477,15
1405	31.07.2025 12:32:24	18,46	-0,05	0,22	0,40	1477,11
1406	31.07.2025 12:32:25	18,46	-0,03	0,15	0,27	1477,02
1407	31.07.2025 12:32:26	18,46	-0,03	0,47	0,82	1477,39
1408	31.07.2025 12:32:27	18,46	-0,03	0,66	1,16	1477,62
1409	31.07.2025 12:32:28	18,46	-0,05	0,58	1,02	1477,52
1410	31.07.2025 12:32:29	18,46	-0,05	0,56	0,99	1477,50
1411	31.07.2025 12:32:30	18,43	-0,05	0,53	0,93	1477,37
1412	31.07.2025 12:32:31	18,43	-0,03	0,51	0,91	1477,35
1413	31.07.2025 12:32:32	18,43	-0,05	0,51	0,91	1477,35
1414	31.07.2025 12:32:33	18,43	-0,03	0,53	0,93	1477,37
1415	31.07.2025 12:32:34	18,43	-0,05	0,50	0,88	1477,33
1416	31.07.2025 12:32:35	18,40	-0,03	0,48	0,85	1477,22
1417	31.07.2025 12:32:36	18,40	-0,03	0,50	0,88	1477,24
1418	31.07.2025 12:32:37	18,40	-0,03	0,52	0,91	1477,26
1419	31.07.2025 12:32:38	18,40	-0,05	0,50	0,88	1477,23
1420	31.07.2025 12:32:39	18,40	-0,03	0,48	0,85	1477,22
1421	31.07.2025 12:32:40	18,37	-0,05	0,47	0,82	1477,10
1422	31.07.2025 12:32:41	18,37	-0,05	0,50	0,88	1477,14
1423	31.07.2025 12:32:42	18,37	-0,05	0,52	0,91	1477,16
1424	31.07.2025 12:32:43	18,37	-0,07	0,53	0,93	1477,17
1425	31.07.2025 12:32:44	18,34	-0,03	0,57	0,99	1477,12
1426	31.07.2025 12:32:45	18,34	-0,05	0,60	1,05	1477,16
1427	31.07.2025 12:32:46	18,34	-0,05	0,60	1,05	1477,16
1428	31.07.2025 12:32:47	18,34	-0,05	0,60	1,05	1477,16
1429	31.07.2025 12:32:48	18,34	-0,07	0,62	1,07	1477,17
1430	31.07.2025 12:32:49	18,31	-0,05	0,57	0,99	1477,02
1431	31.07.2025 12:32:50	18,31	-0,03	0,58	1,02	1477,05
1432	31.07.2025 12:32:51	18,31	-0,05	0,57	0,99	1477,02
1433	31.07.2025 12:32:52	18,31	-0,05	0,55	0,96	1477,00
1434	31.07.2025 12:32:53	18,31	-0,05	0,52	0,91	1476,97
1435	31.07.2025 12:32:54	18,28	-0,05	0,48	0,85	1476,83
1436	31.07.2025 12:32:55	18,28	-0,05	0,47	0,82	1476,81
1437	31.07.2025 12:32:56	18,28	-0,05	0,42	0,74	1476,76
1438	31.07.2025 12:32:57	18,28	-0,05	0,48	0,85	1476,83
1439	31.07.2025 12:32:58	18,28	-0,03	0,43	0,77	1476,78
1440	31.07.2025 12:32:59	18,25	-0,03	0,42	0,74	1476,66
1441	31.07.2025 12:33:00	18,25	-0,05	0,42	0,74	1476,66
1442	31.07.2025 12:33:01	18,25	-0,03	0,43	0,77	1476,68
1443	31.07.2025 12:33:02	18,25	-0,05	0,42	0,74	1476,66
1444	31.07.2025 12:33:03	18,25	-0,05	0,39	0,68	1476,62
1445	31.07.2025 12:33:04	18,25	-0,05	0,37	0,65	1476,60
1446	31.07.2025 12:33:05	18,25	-0,05	0,37	0,65	1476,60
1447	31.07.2025 12:33:06	18,22	-0,05	0,39	0,68	1476,53
1448	31.07.2025 12:33:07	18,22	-0,03	0,42	0,74	1476,57
1449	31.07.2025 12:33:08	18,22	-0,05	0,35	0,63	1476,49
1450	31.07.2025 12:33:09	18,22	-0,03	0,35	0,63	1476,49
1451	31.07.2025 12:33:10	18,22	-0,03	0,35	0,63	1476,49
1452	31.07.2025 12:33:11	18,22	-0,03	0,39	0,68	1476,53
1453	31.07.2025 12:33:12	18,22	-0,03	0,35	0,63	1476,49
1454	31.07.2025 12:33:13	18,22	-0,05	0,34	0,60	1476,47
1455	31.07.2025 12:33:14	18,20	-0,05	0,35	0,63	1476,39
1456	31.07.2025 12:33:15	18,20	-0,05	0,37	0,65	1476,41
1457	31.07.2025 12:33:16	18,20	-0,03	0,39	0,68	1476,43
1458	31.07.2025 12:33:17	18,20	-0,05	0,37	0,65	1476,41
1459	31.07.2025 12:33:18	18,20	-0,05	0,35	0,63	1476,39
1460	31.07.2025 12:33:19	18,20	-0,03	0,35	0,63	1476,40
1461	31.07.2025 12:33:20	18,20	-0,03	0,37	0,65	1476,41
1462	31.07.2025 12:33:21	18,17	-0,05	0,39	0,68	1476,33
1463	31.07.2025 12:33:22	18,17	-0,03	0,37	0,65	1476,32
1464	31.07.2025 12:33:23	18,17	-0,03	0,37	0,65	1476,32
1465	31.07.2025 12:33:24	18,17	-0,05	0,35	0,63	1476,30
1466	31.07.2025 12:33:25	18,17	-0,05	0,37	0,65	1476,31
1467	31.07.2025 12:33:26	18,17	-0,05	0,40	0,71	1476,35
1468	31.07.2025 12:33:27	18,17	-0,03	0,39	0,68	1476,34
1469	31.07.2025 12:33:28	18,14	-0,03	0,39	0,68	1476,24
1470	31.07.2025 12:33:29	18,14	-0,05	0,40	0,71	1476,26
1471	31.07.2025 12:33:30	18,14	-0,05	0,39	0,68	1476,24
1472	31.07.2025 12:33:31	18,14	-0,05	0,35	0,63	1476,20
1473	31.07.2025 12:33:32	18,14	-0,03	0,35	0,63	1476,20
1474	31.07.2025 12:33:33	18,14	-0,05	0,39	0,68	1476,24
1475	31.07.2025 12:33:34	18,14	-0,03	0,39	0,68	1476,24
1476	31.07.2025 12:33:35	18,14	-0,05	0,34	0,60	1476,18
1477	31.07.2025 12:33:36	18,14	-0,03	0,37	0,65	1476,22
1478	31.07.2025 12:33:37	18,11	-0,05	0,40	0,71	1476,16
1479	31.07.2025 12:33:38	18,11	-0,03	0,37	0,65	1476,12
1480	31.07.2025 12:33:39	18,11	-0,05	0,34	0,60	1476,08
1481	31.07.2025 12:33:40	18,11	-0,05	0,37	0,65	1476,12
1482	31.07.2025 12:33:41	18,11	-0,03	0,40	0,71	1476,16
1483	31.07.2025 12:33:42	18,11	-0,03	0,35	0,63	1476,11
1484	31.07.2025 12:33:43	18,11	-0,03	0,32	0,57	1476,07
1485	31.07.2025 12:33:44	18,11	-0,03	0,37	0,65	1476,12
1486	31.07.2025 12:33:45	18,08	-0,05	0,39	0,68	1476,04
1487	31.07.2025 12:33:46	18,08	-0,03	0,35	0,63	1476,01
1488	31.07.2025 12:33:47	18,08	-0,05	0,37	0,65	1476,02
1489	31.07.2025 12:33:48	18,08	-0,03	0,37	0,65	1476,03
1490	31.07.2025 12:33:49	18,08	-0,03	0,37	0,65	1476,03
1491	31.07.2025 12:33:50	18,08	-0,03	0,40	0,71	1476,06
1492	31.07.2025 12:33:51	18,08	-0,03	0,35	0,63	1476,01
1493	31.07.2025 12:33:52	18,08	-0,03	0,35	0,63	1476,01
1494	31.07.2025 12:33:53	18,08	-0,05	0,40	0,71	1476,06
1495	31.07.2025 12:33:54	18,08	-0,03	0,37	0,65	1476,03
1496	31.07.2025 12:33:55	18,05	-0,03	0,34	0,60	1475,89
1497	31.07.2025 12:33:56	18,08	-0,03	0,40	0,71	1476,06
1498	31.07.2025 12:33:57	18,05	-0,03	0,37	0,65	1475,93
1499	31.07.2025 12:33:58	18,05	-0,03	0,34	0,60	1475,89
1500	31.07.2025 12:33:59	18,05	-0,03	0,39	0,68	1475,95
1501	31.07.2025 12:34:00	18,05	-0,03	0,39	0,68	1475,95
1502	31.07.2025 12:34:01	18,05	-0,03	0,35	0,63	1475,91
1503	31.07.2025 12:34:02	18,05	-0,05	0,35	0,63	1475,91
1504	31.07.2025 12:34:03	18,05	-0,03	0,40	0,71	1475,97
1505	31.07.2025 12:34:04	18,05	-0,05	0,37	0,65	1475,93
1506	31.07.2025 12:34:05	18,05	-0,03	0,34	0,60	1475,89
1507	31.07.2025 12:34:06	18,05	-0,03	0,39	0,68	1475,95
1508	31.07.2025 12:34:07	18,05	-0,05	0,40	0,71	1475,97
1509	31.07.2025 12:34:08	18,05	-0,05	0,35	0,63	1475,91
1510	31.07.2025 12:34:09	18,02	-0,03	0,37	0,65	1475,83
1511	31.07.2025 12:34:10	18,02	-0,03	0,39	0,68	1475,85
1512	31.07.2025 12:34:11	18,02	-0,05	0,39	0,68	1475,85
1513	31.07.2025 12:34:12	18,02	-0,05	0,37	0,65	1475,83
1514	31.07.2025 12:34:13	18,02	-0,05	0,39	0,68	1475,85
1515	31.07.2025 12:34:14	18,02	-0,05	0,39	0,68	1475,85
1516	31.07.2025 12:34:15	18,02	-0,03	0,39	0,68	1475,85
1517	31.07.2025 12:34:16	18,02	-0,05	0,36	0,63	1475,81
1518	31.07.2025 12:34:17	18,02	-0,03	0,40	0,71	1475,87
1519	31.07.2025 12:34:18	18,02	-0,03	0,39	0,68	1475,85
1520	31.07.2025 12:34:19	18,02	-0,05	0,36	0,63	1475,81
1521	31.07.2025 12:34:20	18,02	-0,03	0,37	0,65	1475,83
1522	31.07.2025 12:34:21	18,02	-0,03	0,39	0,68	1475,85
1523	31.07.2025 12:34:22	18,02	-0,03	0,37	0,65	1475,83
1524	31.07.2025 12:34:23	18,02	-0,03	0,37	0,65	1475,83
1525	31.07.2025 12:34:24	17,99	-0,05	0,39	0,68	1475,75
1526	31.07.2025 12:34:25	17,99	-0,05	0,37	0,65	1475,73
1527	31.07.2025 12:34:26	17,99	-0,05	0,39	0,68	1475,75
1528	31.07.2025 12:34:27	17,99	-0,05	0,39	0,68	1475,75
1529	31.07.2025 12:34:28	17,99	-0,07	0,37	0,65	1475,73
1530	31.07.2025 12:34:29	17,99	-0,07	0,40	0,71	1475,77
1531	31.07.2025 12:34:30	17,99	-0,05	0,39	0,68	1475,75
1532	31.07.2025 12:34:31	17,99	-0,05	0,37	0,65	1475,73
1533	31.07.2025 12:34:32	17,99	-0,05	0,39	0,68	1475,75
1534	31.07.2025 12:34:33	17,99	-0,05	0,40	0,71	1475,77
1535	31.07.2025 12:34:34	17,99	-0,05	0,36	0,63	1475,71
1536	31.07.2025 12:34:35	17,99	-0,05	0,39	0,68	1475,75
1537	31.07.2025 12:34:36	17,99	-0,05	0,40	0,71	1475,77
1538	31.07.2025 12:34:37	17,99	-0,07	0,29	0,52	1475,64
1539	31.07.2025 12:34:38	17,99	-0,05	0,15	0,27	1475,48
1540	31.07.2025 12:34:39	17,99	-0,05	0,24	0,43	1475,58
1541	31.07.2025 12:34:40	17,99	-0,05	0,15	0,27	1475,48
1542	31.07.2025 12:34:41	17,99	-0,05	0,12	0,21	1475,44
1543	31.07.2025 12:34:42	17,99	-0,05	0,16	0,29	1475,49
1544	31.07.2025 12:34:43	17,96	-0,05	0,26	0,46	1475,51
1545	31.07.2025 12:34:44	17,96	-0,05	0,18	0,32	1475,41
1546	31.07.2025 12:34:45	17,96	-0,05	0,15	0,27	1475,38
1547	31.07.2025 12:34:46	17,96	-0,05	0,13	0,24	1475,36
1548	31.07.2025 12:34:47	17,96	-0,03	0,13	0,24	1475,36
1549	31.07.2025 12:34:48	17,96	-0,05	0,23	0,40	1475,47
1550	31.07.2025 12:34:49	17,96	-0,05	0,15	0,27	1475,38
1551	31.07.2025 12:34:50	17,96	-0,05	0,15	0,27	1475,38
1552	31.07.2025 12:34:51	17,96	-0,05	0,40	0,71	1475,67
1553	31.07.2025 12:34:52	17,96	-0,05	0,24	0,43	1475,49
1554	31.07.2025 12:34:53	17,96	-0,05	0,29	0,52	1475,54
1555	31.07.2025 12:34:54	17,96	-0,05	0,15	0,27	1475,38
1556	31.07.2025 12:34:55	17,96	-0,05	0,16	0,29	1475,40
1557	31.07.2025 12:34:56	17,96	-0,05	0,16	0,29	1475,40
1558	31.07.2025 12:34:57	17,96	-0,07	0,15	0,27	1475,38
1559	31.07.2025 12:34:58	17,96	-0,05	0,21	0,38	1475,45
1560	31.07.2025 12:34:59	17,96	-0,05	0,45	0,79	1475,73
1561	31.07.2025 12:35:00	17,96	-0,05	0,12	0,21	1475,34
1562	31.07.2025 12:35:01	17,96	-0,05	0,09	0,16	1475,31
1563	31.07.2025 12:35:02	17,96	-0,05	0,09	0,16	1475,31
1564	31.07.2025 12:35:03	17,96	-0,05	0,09	0,16	1475,31
1565	31.07.2025 12:35:04	17,96	-0,03	0,09	0,16	1475,31
1566	31.07.2025 12:35:05	17,96	-0,05	0,09	0,16	1475,31
1567	31.07.2025 12:35:06	17,93	-0,05	0,09	0,16	1475,21
1568	31.07.2025 12:35:07	17,96	-0,05	0,07	0,13	1475,29
1569	31.07.2025 12:35:08	17,93	-0,05	0,07	0,13	1475,19
1570	31.07.2025 12:35:09	17,93	-0,05	0,07	0,13	1475,19
1571	31.07.2025 12:35:10	17,93	-0,05	0,07	0,13	1475,19
1572	31.07.2025 12:35:11	17,93	-0,05	0,07	0,13	1475,19
1573	31.07.2025 12:35:12	17,93	-0,05	0,07	0,13	1475,19
1574	31.07.2025 12:35:13	17,93	-0,05	0,07	0,13	1475,19
1575	31.07.2025 12:35:14	17,93	-0,05	0,07	0,13	1475,19
1576	31.07.2025 12:35:15	17,93	-0,05	0,07	0,13	1475,19
1577	31.07.2025 12:35:16	17,93	-0,05	0,07	0,13	1475,19
1578	31.07.2025 12:35:17	17,93	-0,05	0,07	0,13	1475,19
1579	31.07.2025 12:35:18	17,93	-0,05	0,07	0,13	1475,19
1580	31.07.2025 12:35:19	17,93	-0,05	0,07	0,13	1475,19
1581	31.07.2025 12:35:20	17,93	-0,05	0,07	0,13	1475,19
1582	31.07.2025 12:35:21	17,93	-0,05	0,07	0,13	1475,19
1583	31.07.2025 12:35:22	17,93	-0,05	0,07	0,13	1475,19
1584	31.07.2025 12:35:23	17,93	-0,05	0,07	0,13	1475,19
1585	31.07.2025 12:35:24	17,93	-0,05	0,07	0,13	1475,19
1586	31.07.2025 12:35:25	17,93	-0,05	0,07	0,13	1475,19
1587	31.07.2025 12:35:26	17,93	-0,05	0,07	0,13	1475,19
1588	31.07.2025 12:35:27	17,93	-0,05	0,07	0,13	1475,19
1589	31.07.2025 12:35:28	17,90	-0,05	0,07	0,13	1475,10
1590	31.07.2025 12:35:29	17,90	-0,05	0,07	0,13	1475,10
1591	31.07.2025 12:35:30	17,90	-0,05	0,07	0,13	1475,10
1592	31.07.2025 12:35:31	17,90	-0,05	0,07	0,13	1475,10
1593	31.07.2025 12:35:32	17,90	-0,05	0,07	0,13	1475,10
1594	31.07.2025 12:35:33	17,90	-0,05	0,07	0,13	1475,10
1595	31.07.2025 12:35:34	17,90	-0,05	0,07	0,13	1475,10
1596	31.07.2025 12:35:35	17,90	-0,05	0,07	0,13	1475,10
1597	31.07.2025 12:35:36	17,90	-0,05	0,07	0,13	1475,10
1598	31.07.2025 12:35:37	17,90	-0,05	0,07	0,13	1475,10
1599	31.07.2025 12:35:38	17,90	-0,05	0,52	0,91	1475,61
1600	31.07.2025 12:35:39	17,90	-0,05	0,18	0,32	1475,22
1601	31.07.2025 12:35:40	17,90	-0,05	0,26	0,46	1475,31
1602	31.07.2025 12:35:41	17,90	-0,07	0,61	1,05	1475,71
1603	31.07.2025 12:35:42	17,90	-0,05	0,31	0,54	1475,37
1604	31.07.2025 12:35:43	17,90	-0,05	0,34	0,60	1475,40
1605	31.07.2025 12:35:44	17,90	-0,05	0,13	0,24	1475,17
1606	31.07.2025 12:35:45	17,90	-0,05	0,44	0,77	1475,52
1607	31.07.2025 12:35:46	17,90	-0,05	0,13	0,24	1475,17
1608	31.07.2025 12:35:47	17,90	-0,05	0,09	0,16	1475,11
1609	31.07.2025 12:35:48	17,90	-0,05	0,09	0,16	1475,11
1610	31.07.2025 12:35:49	17,90	-0,08	0,10	0,18	1475,12
1611	31.07.2025 12:35:50	17,93	-0,07	0,12	0,21	1475,24
1612	31.07.2025 12:35:51	18,08	-0,07	0,37	0,65	1476,02
1613	31.07.2025 12:35:52	18,14	-0,10	0,32	0,57	1476,15
1614	31.07.2025 12:35:53	18,20	-0,21	0,40	0,71	1476,42
1615	31.07.2025 12:35:54	18,31	-0,19	0,58	1,02	1477,02
1616	31.07.2025 12:35:55	18,43	-0,15	0,73	1,26	1477,58
1617	31.07.2025 12:35:56	18,55	-0,12	0,18	0,32	1477,33
1618	31.07.2025 12:35:57	18,70	-0,19	0,21	0,38	1477,83
1619	31.07.2025 12:35:58	18,94	-0,15	0,38	0,68	1478,80
1620	31.07.2025 12:35:59	19,17	-0,19	0,25	0,46	1479,40
1621	31.07.2025 12:36:00	19,38	-0,19	0,46	0,82	1480,28
1622	31.07.2025 12:36:01	19,56	-0,12	0,80	1,41	1481,24
1623	31.07.2025 12:36:02	19,76	-0,22	0,79	1,41	1481,87
1624	31.07.2025 12:36:03	19,82	-0,21	0,79	1,41	1482,05
1625	31.07.2025 12:36:04	19,85	-0,19	0,79	1,41	1482,15
1626	31.07.2025 12:36:05	19,88	-0,19	0,79	1,41	1482,24
1627	31.07.2025 12:36:06	19,88	-0,19	43,66	58,13	1530,94
