#B	Created:	01.08.2025 16:23:53
##	Version	SeaStar	9.59
#5	Field separation:	0
#2	Date & Time:	1
#6	Decimal point:	,
#7	Date def.:	dd.mm.yyyy	.
#8	Time def.:	:
##	Axis	0	Temperature(°C)	clRed	FALSE
##	Axis	1	Pressure(Bar)	clBlue	FALSE
##	Axis	2	Salinity(psu)	clGreen	FALSE
##	Axis	3	Conductivity(mS/cm)	$00FF80FF	FALSE
##	Axis	4	Sound Velocity(m/sec)	$00404080	FALSE
##	Series	0	Temp(°C)	clRed	0	Temp(°C)	2
##	Series	1	Press(Bar)	clBlue	1	Press(Bar)	2
##	Series	2	Salinity(psu)	clGreen	2	Salinity(psu)	2
##	Series	3	Conduct(mS/cm)	$00FF80FF	3	Conduct(mS/cm)	2
##	Series	4	Sound Velocity(m/sec)	$00404080	4	Velocity(m/sec)	2
##	Recorder	123	DST CTD	13526
##	Chart	123S13526DAT	
#D	Data:	1578	01.08.2025 15:57:00	01.08.2025 16:23:17
1	01.08.2025 15:57:00	21,23	-0,05	0,18	0,35	1485,71
2	01.08.2025 15:57:01	21,23	-0,05	0,18	0,35	1485,71
3	01.08.2025 15:57:02	21,23	-0,05	0,18	0,35	1485,71
4	01.08.2025 15:57:03	21,23	-0,05	0,18	0,35	1485,71
5	01.08.2025 15:57:04	21,23	-0,07	0,18	0,35	1485,71
6	01.08.2025 15:57:05	21,23	-0,05	0,17	0,32	1485,70
7	01.08.2025 15:57:06	21,23	-0,05	0,18	0,35	1485,71
8	01.08.2025 15:57:07	21,20	-0,03	0,18	0,35	1485,63
9	01.08.2025 15:57:08	21,20	-0,05	0,18	0,35	1485,63
10	01.08.2025 15:57:09	21,20	-0,05	0,18	0,35	1485,63
11	01.08.2025 15:57:10	21,20	-0,05	0,18	0,35	1485,63
12	01.08.2025 15:57:11	21,20	-0,05	0,18	0,35	1485,63
13	01.08.2025 15:57:12	21,20	-0,07	0,18	0,35	1485,62
14	01.08.2025 15:57:13	21,20	-0,05	0,18	0,35	1485,63
15	01.08.2025 15:57:14	21,20	-0,03	0,18	0,35	1485,63
16	01.08.2025 15:57:15	21,20	-0,05	0,18	0,35	1485,63
17	01.08.2025 15:57:16	21,20	-0,03	0,23	0,43	1485,68
18	01.08.2025 15:57:17	21,20	-0,03	0,15	0,29	1485,60
19	01.08.2025 15:57:18	21,20	-0,05	0,12	0,24	1485,56
20	01.08.2025 15:57:19	21,20	-0,05	0,12	0,24	1485,56
21	01.08.2025 15:57:20	21,20	-0,05	0,11	0,21	1485,54
22	01.08.2025 15:57:21	21,20	-0,05	0,11	0,21	1485,54
23	01.08.2025 15:57:22	21,20	-0,05	0,12	0,24	1485,56
24	01.08.2025 15:57:23	21,17	-0,05	26,23	37,92	1514,79
25	01.08.2025 15:57:24	21,00	-0,15	26,13	37,65	1514,17
26	01.08.2025 15:57:25	20,65	-0,07	26,22	37,49	1513,30
27	01.08.2025 15:57:26	20,44	-0,01	26,34	37,48	1512,87
28	01.08.2025 15:57:27	20,26	0,04	26,28	37,26	1512,32
29	01.08.2025 15:57:28	20,15	0,02	26,39	37,31	1512,11
30	01.08.2025 15:57:29	20,09	0,04	26,28	37,12	1511,82
31	01.08.2025 15:57:30	20,00	0,02	26,37	37,17	1511,67
32	01.08.2025 15:57:31	19,91	0,04	26,47	37,23	1511,54
33	01.08.2025 15:57:32	19,85	0,04	26,53	37,25	1511,43
34	01.08.2025 15:57:33	19,82	0,00	26,37	37,04	1511,17
35	01.08.2025 15:57:34	19,73	-0,01	26,34	36,93	1510,88
36	01.08.2025 15:57:35	19,68	0,02	26,40	36,95	1510,78
37	01.08.2025 15:57:36	19,59	-0,01	26,41	36,90	1510,53
38	01.08.2025 15:57:37	19,53	0,04	26,53	37,00	1510,51
39	01.08.2025 15:57:38	19,50	0,04	26,55	37,00	1510,45
40	01.08.2025 15:57:39	19,47	0,04	26,44	36,84	1510,24
41	01.08.2025 15:57:40	19,41	0,00	26,50	36,87	1510,13
42	01.08.2025 15:57:41	19,35	0,00	26,56	36,89	1510,02
43	01.08.2025 15:57:42	19,32	-0,03	26,55	36,87	1509,93
44	01.08.2025 15:57:43	19,23	0,02	26,63	36,89	1509,77
45	01.08.2025 15:57:44	19,20	0,04	26,67	36,92	1509,73
46	01.08.2025 15:57:45	19,20	0,04	26,78	37,05	1509,85
47	01.08.2025 15:57:46	19,20	0,02	26,76	37,02	1509,82
48	01.08.2025 15:57:47	19,23	0,00	26,59	36,84	1509,71
49	01.08.2025 15:57:48	19,17	-0,01	26,58	36,78	1509,53
50	01.08.2025 15:57:49	19,14	0,02	26,64	36,83	1509,52
51	01.08.2025 15:57:50	19,11	0,02	26,68	36,86	1509,48
52	01.08.2025 15:57:51	19,09	0,00	26,70	36,86	1509,41
53	01.08.2025 15:57:52	19,03	-0,01	26,69	36,81	1509,23
54	01.08.2025 15:57:53	19,00	0,00	26,71	36,80	1509,17
55	01.08.2025 15:57:54	18,94	0,00	26,73	36,78	1509,01
56	01.08.2025 15:57:55	18,91	0,02	26,85	36,91	1509,08
57	01.08.2025 15:57:56	18,91	0,02	26,83	36,88	1509,05
58	01.08.2025 15:57:57	18,91	0,00	26,81	36,86	1509,02
59	01.08.2025 15:57:58	18,88	0,02	26,81	36,83	1508,94
60	01.08.2025 15:57:59	18,85	0,04	26,87	36,88	1508,92
61	01.08.2025 15:58:00	18,85	0,00	26,87	36,88	1508,92
62	01.08.2025 15:58:01	18,82	0,02	26,91	36,91	1508,88
63	01.08.2025 15:58:02	18,79	0,02	26,95	36,93	1508,84
64	01.08.2025 15:58:03	18,79	0,02	26,97	36,96	1508,86
65	01.08.2025 15:58:04	18,79	0,02	26,97	36,96	1508,86
66	01.08.2025 15:58:05	18,79	0,02	26,99	36,99	1508,89
67	01.08.2025 15:58:06	18,79	0,00	27,02	37,01	1508,91
68	01.08.2025 15:58:07	18,79	0,02	27,08	37,09	1508,99
69	01.08.2025 15:58:08	18,79	0,02	27,10	37,12	1509,01
70	01.08.2025 15:58:09	18,82	0,00	27,02	37,04	1509,00
71	01.08.2025 15:58:10	18,79	0,00	27,02	37,01	1508,91
72	01.08.2025 15:58:11	18,76	0,00	27,04	37,01	1508,85
73	01.08.2025 15:58:12	18,73	0,00	27,05	37,01	1508,78
74	01.08.2025 15:58:13	18,73	0,00	27,05	37,01	1508,78
75	01.08.2025 15:58:14	18,73	0,02	27,05	37,01	1508,78
76	01.08.2025 15:58:15	18,70	-0,01	27,07	37,01	1508,71
77	01.08.2025 15:58:16	18,70	-0,01	27,05	36,99	1508,69
78	01.08.2025 15:58:17	18,67	-0,01	27,07	36,99	1508,62
79	01.08.2025 15:58:18	18,64	0,00	27,09	36,98	1508,56
80	01.08.2025 15:58:19	18,64	0,02	27,09	36,98	1508,56
81	01.08.2025 15:58:20	18,61	0,00	27,06	36,93	1508,44
82	01.08.2025 15:58:21	18,58	0,00	27,08	36,93	1508,38
83	01.08.2025 15:58:22	18,55	0,00	27,10	36,93	1508,31
84	01.08.2025 15:58:23	18,55	0,02	27,10	36,93	1508,31
85	01.08.2025 15:58:24	18,55	0,02	27,10	36,93	1508,31
86	01.08.2025 15:58:25	18,52	0,04	27,08	36,87	1508,20
87	01.08.2025 15:58:26	18,52	0,04	27,08	36,87	1508,20
88	01.08.2025 15:58:27	18,52	0,06	27,10	36,90	1508,23
89	01.08.2025 15:58:28	18,49	0,08	27,12	36,90	1508,17
90	01.08.2025 15:58:29	18,49	0,09	27,10	36,87	1508,14
91	01.08.2025 15:58:30	18,49	0,09	27,07	36,85	1508,12
92	01.08.2025 15:58:31	18,46	0,09	27,11	36,87	1508,08
93	01.08.2025 15:58:32	18,46	0,13	27,18	36,95	1508,16
94	01.08.2025 15:58:33	18,46	0,13	27,22	37,01	1508,21
95	01.08.2025 15:58:34	18,49	0,13	27,18	36,98	1508,25
96	01.08.2025 15:58:35	18,49	0,13	27,23	37,03	1508,30
97	01.08.2025 15:58:36	18,49	0,13	27,10	36,87	1508,15
98	01.08.2025 15:58:37	18,46	0,13	26,98	36,71	1507,93
99	01.08.2025 15:58:38	18,43	0,16	26,94	36,63	1507,80
100	01.08.2025 15:58:39	18,40	0,18	27,17	36,90	1507,98
101	01.08.2025 15:58:40	18,37	0,18	27,22	36,92	1507,94
102	01.08.2025 15:58:41	18,37	0,20	27,15	36,84	1507,87
103	01.08.2025 15:58:42	18,37	0,20	27,22	36,92	1507,95
104	01.08.2025 15:58:43	18,40	0,25	27,28	37,03	1508,12
105	01.08.2025 15:58:44	18,43	0,22	27,20	36,95	1508,11
106	01.08.2025 15:58:45	18,40	0,20	27,17	36,90	1507,99
107	01.08.2025 15:58:46	18,34	0,23	27,23	36,92	1507,89
108	01.08.2025 15:58:47	18,34	0,22	27,19	36,87	1507,83
109	01.08.2025 15:58:48	18,31	0,23	27,21	36,87	1507,77
110	01.08.2025 15:58:49	18,28	0,23	27,23	36,87	1507,70
111	01.08.2025 15:58:50	18,25	0,23	27,31	36,95	1507,71
112	01.08.2025 15:58:51	18,28	0,29	27,23	36,87	1507,71
113	01.08.2025 15:58:52	18,28	0,25	27,23	36,87	1507,71
114	01.08.2025 15:58:53	18,28	0,27	27,21	36,84	1507,68
115	01.08.2025 15:58:54	18,25	0,29	27,23	36,84	1507,62
116	01.08.2025 15:58:55	18,22	0,32	27,29	36,89	1507,61
117	01.08.2025 15:58:56	18,22	0,34	27,27	36,87	1507,59
118	01.08.2025 15:58:57	18,25	0,34	27,23	36,84	1507,63
119	01.08.2025 15:58:58	18,22	0,34	27,27	36,87	1507,59
120	01.08.2025 15:58:59	18,17	0,34	27,31	36,87	1507,45
121	01.08.2025 15:59:00	18,17	0,39	27,28	36,84	1507,44
122	01.08.2025 15:59:01	18,14	0,39	27,30	36,84	1507,37
123	01.08.2025 15:59:02	18,14	0,41	27,32	36,87	1507,40
124	01.08.2025 15:59:03	18,11	0,41	27,34	36,87	1507,33
125	01.08.2025 15:59:04	18,11	0,43	27,37	36,89	1507,36
126	01.08.2025 15:59:05	18,08	0,44	27,36	36,86	1507,27
127	01.08.2025 15:59:06	18,08	0,48	27,38	36,89	1507,30
128	01.08.2025 15:59:07	18,05	0,49	27,43	36,92	1507,26
129	01.08.2025 15:59:08	18,05	0,51	27,36	36,84	1507,19
130	01.08.2025 15:59:09	18,05	0,54	27,38	36,86	1507,22
131	01.08.2025 15:59:10	18,05	0,56	27,36	36,84	1507,20
132	01.08.2025 15:59:11	18,05	0,54	27,38	36,86	1507,22
133	01.08.2025 15:59:12	18,02	0,58	27,40	36,86	1507,16
134	01.08.2025 15:59:13	17,99	0,57	27,42	36,86	1507,09
135	01.08.2025 15:59:14	17,96	0,57	27,42	36,84	1507,00
136	01.08.2025 15:59:15	17,96	0,56	27,44	36,86	1507,02
137	01.08.2025 15:59:16	17,93	0,57	27,46	36,86	1506,96
138	01.08.2025 15:59:17	17,93	0,59	27,48	36,89	1506,99
139	01.08.2025 15:59:18	17,93	0,59	27,48	36,89	1506,99
140	01.08.2025 15:59:19	17,90	0,59	27,50	36,89	1506,92
141	01.08.2025 15:59:20	17,90	0,61	27,50	36,89	1506,92
142	01.08.2025 15:59:21	17,90	0,61	27,52	36,91	1506,95
143	01.08.2025 15:59:22	17,90	0,62	27,52	36,91	1506,95
144	01.08.2025 15:59:23	17,87	0,64	27,54	36,91	1506,89
145	01.08.2025 15:59:24	17,87	0,64	27,54	36,91	1506,89
146	01.08.2025 15:59:25	17,87	0,67	27,54	36,91	1506,89
147	01.08.2025 15:59:26	17,87	0,67	27,56	36,94	1506,92
148	01.08.2025 15:59:27	17,84	0,71	27,61	36,97	1506,88
149	01.08.2025 15:59:28	17,84	0,73	27,61	36,97	1506,88
150	01.08.2025 15:59:29	17,84	0,74	27,61	36,97	1506,89
151	01.08.2025 15:59:30	17,84	0,76	27,63	36,99	1506,92
152	01.08.2025 15:59:31	17,84	0,76	27,63	36,99	1506,92
153	01.08.2025 15:59:32	17,84	0,78	27,63	36,99	1506,92
154	01.08.2025 15:59:33	17,84	0,78	27,63	36,99	1506,92
155	01.08.2025 15:59:34	17,81	0,78	27,65	36,99	1506,85
156	01.08.2025 15:59:35	17,81	0,79	27,65	36,99	1506,85
157	01.08.2025 15:59:36	17,81	0,79	27,65	36,99	1506,85
158	01.08.2025 15:59:37	17,81	0,79	27,65	36,99	1506,85
159	01.08.2025 15:59:38	17,81	0,79	27,65	36,99	1506,85
160	01.08.2025 15:59:39	17,81	0,81	27,65	36,99	1506,86
161	01.08.2025 15:59:40	17,78	0,81	27,67	36,99	1506,79
162	01.08.2025 15:59:41	17,78	0,83	27,67	36,99	1506,79
163	01.08.2025 15:59:42	17,78	0,81	27,67	36,99	1506,79
164	01.08.2025 15:59:43	17,78	0,79	27,67	36,99	1506,79
165	01.08.2025 15:59:44	17,78	0,79	27,67	36,99	1506,79
166	01.08.2025 15:59:45	17,78	0,81	27,67	36,99	1506,79
167	01.08.2025 15:59:46	17,78	0,81	27,69	37,02	1506,82
168	01.08.2025 15:59:47	17,78	0,83	27,67	36,99	1506,79
169	01.08.2025 15:59:48	17,78	0,85	27,67	36,99	1506,80
170	01.08.2025 15:59:49	17,75	0,84	27,66	36,96	1506,70
171	01.08.2025 15:59:50	17,75	0,86	27,69	36,99	1506,73
172	01.08.2025 15:59:51	17,75	0,88	27,69	36,99	1506,73
173	01.08.2025 15:59:52	17,75	0,90	27,66	36,96	1506,71
174	01.08.2025 15:59:53	17,75	0,91	27,64	36,94	1506,69
175	01.08.2025 15:59:54	17,72	0,91	27,64	36,91	1506,59
176	01.08.2025 15:59:55	17,72	0,93	27,62	36,88	1506,57
177	01.08.2025 15:59:56	17,69	0,95	27,61	36,86	1506,48
178	01.08.2025 15:59:57	17,69	0,96	27,64	36,88	1506,51
179	01.08.2025 15:59:58	17,66	0,98	27,68	36,91	1506,47
180	01.08.2025 15:59:59	17,66	1,02	27,70	36,94	1506,50
181	01.08.2025 16:00:00	17,66	1,00	27,70	36,94	1506,50
182	01.08.2025 16:00:01	17,66	1,00	27,70	36,94	1506,50
183	01.08.2025 16:00:02	17,66	1,00	27,70	36,94	1506,50
184	01.08.2025 16:00:03	17,66	1,02	27,72	36,96	1506,53
185	01.08.2025 16:00:04	17,63	1,03	27,72	36,93	1506,44
186	01.08.2025 16:00:05	17,63	1,03	27,68	36,88	1506,39
187	01.08.2025 16:00:06	17,63	1,07	27,70	36,91	1506,42
188	01.08.2025 16:00:07	17,60	1,07	27,69	36,88	1506,32
189	01.08.2025 16:00:08	17,60	1,05	27,69	36,88	1506,32
190	01.08.2025 16:00:09	17,57	1,05	27,71	36,88	1506,25
191	01.08.2025 16:00:10	17,57	1,06	27,71	36,88	1506,26
192	01.08.2025 16:00:11	17,57	1,06	27,69	36,85	1506,23
193	01.08.2025 16:00:12	17,57	1,08	27,69	36,85	1506,23
194	01.08.2025 16:00:13	17,54	1,08	27,71	36,85	1506,17
195	01.08.2025 16:00:14	17,54	1,10	27,71	36,85	1506,17
196	01.08.2025 16:00:15	17,54	1,12	27,73	36,88	1506,20
197	01.08.2025 16:00:16	17,54	1,12	27,78	36,93	1506,25
198	01.08.2025 16:00:17	17,54	1,13	27,80	36,96	1506,28
199	01.08.2025 16:00:18	17,54	1,15	27,80	36,96	1506,28
200	01.08.2025 16:00:19	17,54	1,15	27,85	37,01	1506,33
201	01.08.2025 16:00:20	17,54	1,15	27,87	37,04	1506,36
202	01.08.2025 16:00:21	17,54	1,19	27,87	37,04	1506,36
203	01.08.2025 16:00:22	17,54	1,19	27,87	37,04	1506,36
204	01.08.2025 16:00:23	17,54	1,19	27,87	37,04	1506,36
205	01.08.2025 16:00:24	17,51	1,20	27,91	37,07	1506,33
206	01.08.2025 16:00:25	17,51	1,20	27,91	37,07	1506,33
207	01.08.2025 16:00:26	17,51	1,22	27,89	37,04	1506,30
208	01.08.2025 16:00:27	17,51	1,24	27,89	37,04	1506,31
209	01.08.2025 16:00:28	17,51	1,24	27,87	37,01	1506,28
210	01.08.2025 16:00:29	17,48	1,25	27,89	37,01	1506,21
211	01.08.2025 16:00:30	17,48	1,27	27,89	37,01	1506,22
212	01.08.2025 16:00:31	17,45	1,29	27,88	36,98	1506,13
213	01.08.2025 16:00:32	17,45	1,30	27,86	36,96	1506,10
214	01.08.2025 16:00:33	17,42	1,32	27,88	36,96	1506,04
215	01.08.2025 16:00:34	17,39	1,34	27,90	36,96	1505,97
216	01.08.2025 16:00:35	17,36	1,35	27,83	36,85	1505,80
217	01.08.2025 16:00:36	17,33	1,35	27,78	36,77	1505,66
218	01.08.2025 16:00:37	17,27	1,37	27,80	36,74	1505,50
219	01.08.2025 16:00:38	17,21	1,40	27,86	36,76	1505,39
220	01.08.2025 16:00:39	17,18	1,41	27,91	36,79	1505,35
221	01.08.2025 16:00:40	17,12	1,43	27,95	36,79	1505,22
222	01.08.2025 16:00:41	17,09	1,44	27,97	36,79	1505,15
223	01.08.2025 16:00:42	17,06	1,46	27,96	36,76	1505,06
224	01.08.2025 16:00:43	17,06	1,46	27,87	36,65	1504,96
225	01.08.2025 16:00:44	17,00	1,46	27,71	36,41	1504,58
226	01.08.2025 16:00:45	16,88	1,45	27,65	36,25	1504,15
227	01.08.2025 16:00:46	16,76	1,50	27,69	36,19	1503,82
228	01.08.2025 16:00:47	16,67	1,51	27,52	35,92	1503,35
229	01.08.2025 16:00:48	16,52	1,52	27,46	35,73	1502,82
230	01.08.2025 16:00:49	16,37	1,53	27,20	35,30	1502,04
231	01.08.2025 16:00:50	16,25	1,54	27,23	35,24	1501,70
232	01.08.2025 16:00:51	16,04	1,60	27,30	35,16	1501,13
233	01.08.2025 16:00:52	15,88	1,63	27,22	34,94	1500,56
234	01.08.2025 16:00:53	15,73	1,61	26,58	34,08	1499,32
235	01.08.2025 16:00:54	15,43	1,52	25,98	33,16	1497,63
236	01.08.2025 16:00:55	15,00	1,56	25,51	32,30	1495,70
237	01.08.2025 16:00:56	14,54	1,62	25,35	31,77	1494,01
238	01.08.2025 16:00:57	14,08	1,70	25,53	31,63	1492,70
239	01.08.2025 16:00:58	13,68	1,77	25,64	31,46	1491,50
240	01.08.2025 16:00:59	13,31	1,83	25,59	31,13	1490,19
241	01.08.2025 16:01:00	12,96	1,83	25,57	30,85	1488,99
242	01.08.2025 16:01:01	12,62	1,88	25,65	30,68	1487,91
243	01.08.2025 16:01:02	12,34	1,94	25,73	30,57	1487,03
244	01.08.2025 16:01:03	12,08	1,96	25,88	30,54	1486,33
245	01.08.2025 16:01:04	11,83	2,00	26,02	30,50	1485,62
246	01.08.2025 16:01:05	11,64	2,03	26,13	30,47	1485,08
247	01.08.2025 16:01:06	11,45	2,05	26,20	30,41	1484,50
248	01.08.2025 16:01:07	11,26	2,06	26,34	30,41	1483,98
249	01.08.2025 16:01:08	11,06	2,10	26,65	30,59	1483,68
250	01.08.2025 16:01:09	10,90	2,11	26,79	30,61	1483,28
251	01.08.2025 16:01:10	10,81	2,13	26,88	30,64	1483,05
252	01.08.2025 16:01:11	10,68	2,14	27,05	30,72	1482,79
253	01.08.2025 16:01:12	10,61	2,15	27,10	30,71	1482,62
254	01.08.2025 16:01:13	10,48	2,17	27,19	30,71	1482,27
255	01.08.2025 16:01:14	10,39	2,18	27,23	30,68	1481,97
256	01.08.2025 16:01:15	10,29	2,23	27,57	30,95	1482,03
257	01.08.2025 16:01:16	10,26	2,28	28,33	31,70	1482,87
258	01.08.2025 16:01:17	10,29	2,30	28,47	31,86	1483,15
259	01.08.2025 16:01:18	10,36	2,26	28,47	31,91	1483,39
260	01.08.2025 16:01:19	10,36	2,25	28,34	31,78	1483,22
261	01.08.2025 16:01:20	10,32	2,25	28,26	31,67	1483,00
262	01.08.2025 16:01:21	10,26	2,26	28,25	31,62	1482,76
263	01.08.2025 16:01:22	10,16	2,29	28,14	31,43	1482,27
264	01.08.2025 16:01:23	10,03	2,30	28,11	31,29	1481,76
265	01.08.2025 16:01:24	9,90	2,33	28,12	31,21	1481,30
266	01.08.2025 16:01:25	9,77	2,32	28,06	31,04	1480,75
267	01.08.2025 16:01:26	9,61	2,33	28,05	30,90	1480,13
268	01.08.2025 16:01:27	9,44	2,36	28,20	30,93	1479,71
269	01.08.2025 16:01:28	9,34	2,37	28,20	30,84	1479,34
270	01.08.2025 16:01:29	9,24	2,37	28,03	30,60	1478,76
271	01.08.2025 16:01:30	9,08	2,40	27,94	30,38	1478,03
272	01.08.2025 16:01:31	8,91	2,39	27,93	30,24	1477,39
273	01.08.2025 16:01:32	8,75	2,42	27,94	30,13	1476,78
274	01.08.2025 16:01:33	8,58	2,44	28,04	30,10	1476,28
275	01.08.2025 16:01:34	8,45	2,45	28,14	30,10	1475,90
276	01.08.2025 16:01:35	8,31	2,48	28,22	30,07	1475,49
277	01.08.2025 16:01:36	8,21	2,51	28,24	30,01	1475,14
278	01.08.2025 16:01:37	8,11	2,52	28,27	29,95	1474,78
279	01.08.2025 16:01:38	8,01	2,52	28,26	29,87	1474,38
280	01.08.2025 16:01:39	7,88	2,55	28,31	29,82	1473,93
281	01.08.2025 16:01:40	7,77	2,56	28,33	29,76	1473,57
282	01.08.2025 16:01:41	7,67	2,57	28,38	29,73	1473,24
283	01.08.2025 16:01:42	7,60	2,61	28,41	29,70	1473,01
284	01.08.2025 16:01:43	7,50	2,62	28,46	29,67	1472,69
285	01.08.2025 16:01:44	7,40	2,63	28,63	29,75	1472,50
286	01.08.2025 16:01:45	7,33	2,66	28,71	29,77	1472,34
287	01.08.2025 16:01:46	7,26	2,68	28,74	29,74	1472,11
288	01.08.2025 16:01:47	7,20	2,67	28,71	29,66	1471,80
289	01.08.2025 16:01:48	7,13	2,69	28,73	29,63	1471,57
290	01.08.2025 16:01:49	7,06	2,72	28,76	29,61	1471,34
291	01.08.2025 16:01:50	6,99	2,72	28,70	29,50	1470,99
292	01.08.2025 16:01:51	6,89	2,73	28,67	29,39	1470,54
293	01.08.2025 16:01:52	6,78	2,78	28,89	29,52	1470,43
294	01.08.2025 16:01:53	6,72	2,79	29,04	29,60	1470,34
295	01.08.2025 16:01:54	6,65	2,80	29,09	29,60	1470,14
296	01.08.2025 16:01:55	6,61	2,80	29,06	29,54	1469,97
297	01.08.2025 16:01:56	6,54	2,82	29,12	29,54	1469,76
298	01.08.2025 16:01:57	6,47	2,83	29,12	29,48	1469,49
299	01.08.2025 16:01:58	6,40	2,85	28,94	29,27	1468,99
300	01.08.2025 16:01:59	6,30	2,88	29,06	29,29	1468,72
301	01.08.2025 16:02:00	6,19	2,90	29,11	29,26	1468,38
302	01.08.2025 16:02:01	6,12	2,94	29,14	29,23	1468,14
303	01.08.2025 16:02:02	6,05	2,93	29,17	29,21	1467,89
304	01.08.2025 16:02:03	5,98	2,96	29,23	29,20	1467,69
305	01.08.2025 16:02:04	5,95	2,96	29,26	29,20	1467,59
306	01.08.2025 16:02:05	5,88	2,98	29,29	29,17	1467,34
307	01.08.2025 16:02:06	5,81	3,01	29,32	29,15	1467,10
308	01.08.2025 16:02:07	5,74	3,02	29,38	29,14	1466,89
309	01.08.2025 16:02:08	5,70	3,04	29,41	29,14	1466,79
310	01.08.2025 16:02:09	5,63	3,05	29,47	29,14	1466,58
311	01.08.2025 16:02:10	5,60	3,07	29,49	29,14	1466,48
312	01.08.2025 16:02:11	5,56	3,08	29,50	29,11	1466,34
313	01.08.2025 16:02:12	5,49	3,10	29,55	29,11	1466,13
314	01.08.2025 16:02:13	5,46	3,13	29,56	29,08	1465,99
315	01.08.2025 16:02:14	5,42	3,13	29,55	29,06	1465,84
316	01.08.2025 16:02:15	5,35	3,14	29,59	29,03	1465,59
317	01.08.2025 16:02:16	5,31	3,16	29,62	29,03	1465,49
318	01.08.2025 16:02:17	5,28	3,19	29,65	29,03	1465,39
319	01.08.2025 16:02:18	5,24	3,21	29,68	29,02	1465,28
320	01.08.2025 16:02:19	5,17	3,22	29,71	29,00	1465,03
321	01.08.2025 16:02:20	5,14	3,24	29,68	28,94	1464,85
322	01.08.2025 16:02:21	5,10	3,24	29,71	28,94	1464,74
323	01.08.2025 16:02:22	5,03	3,29	29,77	28,94	1464,53
324	01.08.2025 16:02:23	4,99	3,30	29,80	28,94	1464,43
325	01.08.2025 16:02:24	4,96	3,32	29,83	28,94	1464,32
326	01.08.2025 16:02:25	4,92	3,33	29,86	28,94	1464,22
327	01.08.2025 16:02:26	4,92	3,35	29,86	28,94	1464,22
328	01.08.2025 16:02:27	4,89	3,35	29,89	28,94	1464,11
329	01.08.2025 16:02:28	4,85	3,36	29,89	28,91	1463,97
330	01.08.2025 16:02:29	4,82	3,40	29,86	28,85	1463,79
331	01.08.2025 16:02:30	4,78	3,41	29,62	28,61	1463,32
332	01.08.2025 16:02:31	4,71	3,41	29,53	28,48	1462,91
333	01.08.2025 16:02:32	4,60	3,44	29,65	28,50	1462,62
334	01.08.2025 16:02:33	4,49	3,47	29,72	28,47	1462,26
335	01.08.2025 16:02:34	4,45	3,50	29,93	28,63	1462,39
336	01.08.2025 16:02:35	4,42	3,53	30,03	28,68	1462,36
337	01.08.2025 16:02:36	4,42	3,53	30,03	28,68	1462,36
338	01.08.2025 16:02:37	4,38	3,53	30,00	28,63	1462,17
339	01.08.2025 16:02:38	4,35	3,57	30,00	28,60	1462,03
340	01.08.2025 16:02:39	4,35	3,60	29,97	28,57	1461,99
341	01.08.2025 16:02:40	4,31	3,60	30,00	28,57	1461,88
342	01.08.2025 16:02:41	4,24	3,61	30,06	28,57	1461,66
343	01.08.2025 16:02:42	4,24	3,63	29,94	28,46	1461,50
344	01.08.2025 16:02:43	4,16	3,64	29,78	28,28	1461,00
345	01.08.2025 16:02:44	4,09	3,66	29,75	28,19	1460,66
346	01.08.2025 16:02:45	3,98	3,69	29,79	28,14	1460,24
347	01.08.2025 16:02:46	3,91	3,70	29,76	28,05	1459,90
348	01.08.2025 16:02:47	3,84	3,73	29,73	27,97	1459,55
349	01.08.2025 16:02:48	3,76	3,75	29,70	27,89	1459,20
350	01.08.2025 16:02:49	3,69	3,80	29,73	27,86	1458,94
351	01.08.2025 16:02:50	3,62	3,81	29,77	27,83	1458,67
352	01.08.2025 16:02:51	3,58	3,84	29,80	27,83	1458,57
353	01.08.2025 16:02:52	3,50	3,86	29,86	27,83	1458,34
354	01.08.2025 16:02:53	3,47	3,87	29,90	27,83	1458,22
355	01.08.2025 16:02:54	3,43	3,90	29,93	27,83	1458,11
356	01.08.2025 16:02:55	3,39	3,92	29,93	27,80	1457,96
357	01.08.2025 16:02:56	3,36	3,94	29,90	27,75	1457,76
358	01.08.2025 16:02:57	3,32	3,95	29,87	27,69	1457,57
359	01.08.2025 16:02:58	3,25	3,96	30,03	27,77	1457,46
360	01.08.2025 16:02:59	3,25	4,04	30,29	27,98	1457,81
361	01.08.2025 16:03:00	3,25	4,04	30,32	28,01	1457,85
362	01.08.2025 16:03:01	3,25	4,05	30,25	27,96	1457,77
363	01.08.2025 16:03:02	3,25	4,05	30,16	27,88	1457,64
364	01.08.2025 16:03:03	3,21	4,07	30,16	27,85	1457,49
365	01.08.2025 16:03:04	3,17	4,10	30,13	27,80	1457,29
366	01.08.2025 16:03:05	3,13	4,12	30,10	27,74	1457,09
367	01.08.2025 16:03:06	3,10	4,15	30,04	27,66	1456,86
368	01.08.2025 16:03:07	3,02	4,16	30,04	27,61	1456,54
369	01.08.2025 16:03:08	2,95	4,18	30,08	27,58	1456,26
370	01.08.2025 16:03:09	2,91	4,21	30,05	27,52	1456,07
371	01.08.2025 16:03:10	2,84	4,22	29,98	27,41	1455,66
372	01.08.2025 16:03:11	2,80	4,24	29,89	27,30	1455,38
373	01.08.2025 16:03:12	2,68	4,27	29,86	27,19	1454,86
374	01.08.2025 16:03:13	2,61	4,30	29,64	26,95	1454,24
375	01.08.2025 16:03:14	2,53	4,31	29,77	27,00	1454,08
376	01.08.2025 16:03:15	2,46	4,33	29,81	26,98	1453,80
377	01.08.2025 16:03:16	2,38	4,36	29,84	26,95	1453,52
378	01.08.2025 16:03:17	2,31	4,37	29,91	26,95	1453,28
379	01.08.2025 16:03:18	2,23	4,38	29,91	26,89	1452,95
380	01.08.2025 16:03:19	2,19	4,40	29,88	26,84	1452,75
381	01.08.2025 16:03:20	2,12	4,41	29,89	26,78	1452,42
382	01.08.2025 16:03:21	2,04	4,43	29,96	26,78	1452,17
383	01.08.2025 16:03:22	2,00	4,44	29,99	26,78	1452,05
384	01.08.2025 16:03:23	1,96	4,46	30,03	26,78	1451,93
385	01.08.2025 16:03:24	1,93	4,49	30,03	26,75	1451,77
386	01.08.2025 16:03:25	1,89	4,51	30,06	26,75	1451,65
387	01.08.2025 16:03:26	1,85	4,52	30,10	26,75	1451,53
388	01.08.2025 16:03:27	1,81	4,54	30,10	26,72	1451,36
389	01.08.2025 16:03:28	1,77	4,55	30,14	26,72	1451,24
390	01.08.2025 16:03:29	1,77	4,57	30,14	26,72	1451,24
391	01.08.2025 16:03:30	1,73	4,58	30,17	26,72	1451,12
392	01.08.2025 16:03:31	1,70	4,62	30,21	26,72	1451,00
393	01.08.2025 16:03:32	1,66	4,63	30,21	26,69	1450,84
394	01.08.2025 16:03:33	1,62	4,65	30,28	26,72	1450,76
395	01.08.2025 16:03:34	1,62	4,68	30,28	26,71	1450,76
396	01.08.2025 16:03:35	1,58	4,70	30,28	26,69	1450,60
397	01.08.2025 16:03:36	1,54	4,73	30,32	26,69	1450,48
398	01.08.2025 16:03:37	1,54	4,75	30,35	26,71	1450,52
399	01.08.2025 16:03:38	1,50	4,78	30,35	26,69	1450,36
400	01.08.2025 16:03:39	1,50	4,82	30,35	26,69	1450,36
401	01.08.2025 16:03:40	1,46	4,83	30,39	26,68	1450,24
402	01.08.2025 16:03:41	1,46	4,85	30,39	26,68	1450,24
403	01.08.2025 16:03:42	1,42	4,88	30,43	26,68	1450,12
404	01.08.2025 16:03:43	1,42	4,90	30,43	26,68	1450,13
405	01.08.2025 16:03:44	1,39	4,93	30,46	26,68	1450,01
406	01.08.2025 16:03:45	1,39	4,95	30,50	26,71	1450,05
407	01.08.2025 16:03:46	1,35	5,00	30,53	26,71	1449,94
408	01.08.2025 16:03:47	1,35	5,04	30,53	26,71	1449,94
409	01.08.2025 16:03:48	1,35	5,07	30,57	26,74	1449,99
410	01.08.2025 16:03:49	1,35	5,09	30,57	26,74	1449,99
411	01.08.2025 16:03:50	1,31	5,12	30,60	26,74	1449,87
412	01.08.2025 16:03:51	1,31	5,16	30,60	26,74	1449,88
413	01.08.2025 16:03:52	1,31	5,19	30,60	26,74	1449,88
414	01.08.2025 16:03:53	1,31	5,21	30,60	26,74	1449,89
415	01.08.2025 16:03:54	1,27	5,24	30,67	26,76	1449,81
416	01.08.2025 16:03:55	1,27	5,26	30,64	26,73	1449,77
417	01.08.2025 16:03:56	1,27	5,31	30,67	26,76	1449,82
418	01.08.2025 16:03:57	1,27	5,33	30,67	26,76	1449,83
419	01.08.2025 16:03:58	1,23	5,36	30,71	26,76	1449,70
420	01.08.2025 16:03:59	1,23	5,40	30,71	26,76	1449,71
421	01.08.2025 16:04:00	1,23	5,43	30,74	26,79	1449,76
422	01.08.2025 16:04:01	1,23	5,45	30,71	26,76	1449,72
423	01.08.2025 16:04:02	1,19	5,48	30,78	26,79	1449,64
424	01.08.2025 16:04:03	1,19	5,52	30,78	26,79	1449,65
425	01.08.2025 16:04:04	1,19	5,55	30,78	26,79	1449,65
426	01.08.2025 16:04:05	1,19	5,57	30,78	26,79	1449,66
427	01.08.2025 16:04:06	1,19	5,61	30,78	26,79	1449,66
428	01.08.2025 16:04:07	1,15	5,62	30,82	26,79	1449,54
429	01.08.2025 16:04:08	1,15	5,64	30,82	26,79	1449,54
430	01.08.2025 16:04:09	1,15	5,67	30,85	26,81	1449,59
431	01.08.2025 16:04:10	1,15	5,69	30,85	26,81	1449,59
432	01.08.2025 16:04:11	1,15	5,73	30,82	26,79	1449,55
433	01.08.2025 16:04:12	1,15	5,74	30,85	26,81	1449,60
434	01.08.2025 16:04:13	1,15	5,74	30,85	26,81	1449,60
435	01.08.2025 16:04:14	1,11	5,76	30,89	26,81	1449,48
436	01.08.2025 16:04:15	1,11	5,79	30,89	26,81	1449,48
437	01.08.2025 16:04:16	1,11	5,81	30,89	26,81	1449,49
438	01.08.2025 16:04:17	1,11	5,81	30,89	26,81	1449,49
439	01.08.2025 16:04:18	1,11	5,81	30,89	26,81	1449,49
440	01.08.2025 16:04:19	1,11	5,83	30,89	26,81	1449,49
441	01.08.2025 16:04:20	1,07	5,84	30,93	26,81	1449,36
442	01.08.2025 16:04:21	1,07	5,84	30,93	26,81	1449,36
443	01.08.2025 16:04:22	1,07	5,84	30,93	26,81	1449,36
444	01.08.2025 16:04:23	1,07	5,86	30,93	26,81	1449,37
445	01.08.2025 16:04:24	1,07	5,88	30,93	26,81	1449,37
446	01.08.2025 16:04:25	1,07	5,86	30,93	26,81	1449,37
447	01.08.2025 16:04:26	1,07	5,86	30,93	26,81	1449,37
448	01.08.2025 16:04:27	1,07	5,86	30,93	26,81	1449,37
449	01.08.2025 16:04:28	1,04	5,88	30,96	26,81	1449,24
450	01.08.2025 16:04:29	1,04	5,89	30,96	26,81	1449,25
451	01.08.2025 16:04:30	1,04	5,88	30,96	26,81	1449,24
452	01.08.2025 16:04:31	1,04	5,89	30,96	26,81	1449,25
453	01.08.2025 16:04:32	1,04	5,89	30,96	26,81	1449,25
454	01.08.2025 16:04:33	1,04	5,89	30,96	26,81	1449,25
455	01.08.2025 16:04:34	1,04	5,89	30,96	26,81	1449,25
456	01.08.2025 16:04:35	1,04	5,89	30,96	26,81	1449,25
457	01.08.2025 16:04:36	1,04	5,89	30,96	26,81	1449,25
458	01.08.2025 16:04:37	1,04	5,89	30,96	26,81	1449,25
459	01.08.2025 16:04:38	1,00	5,89	31,00	26,81	1449,12
460	01.08.2025 16:04:39	1,00	5,89	31,00	26,81	1449,12
461	01.08.2025 16:04:40	1,00	5,89	31,00	26,81	1449,12
462	01.08.2025 16:04:41	1,00	5,89	31,00	26,81	1449,12
463	01.08.2025 16:04:42	1,00	5,93	31,00	26,81	1449,12
464	01.08.2025 16:04:43	1,00	5,89	31,00	26,81	1449,12
465	01.08.2025 16:04:44	1,00	5,91	31,00	26,81	1449,12
466	01.08.2025 16:04:45	1,00	5,91	31,00	26,81	1449,12
467	01.08.2025 16:04:46	1,00	5,89	31,00	26,81	1449,12
468	01.08.2025 16:04:47	1,00	5,91	31,00	26,81	1449,12
469	01.08.2025 16:04:48	1,00	5,91	31,00	26,81	1449,12
470	01.08.2025 16:04:49	1,00	5,93	31,00	26,81	1449,12
471	01.08.2025 16:04:50	1,00	5,91	31,00	26,81	1449,12
472	01.08.2025 16:04:51	0,96	5,93	31,04	26,81	1449,00
473	01.08.2025 16:04:52	0,96	5,93	31,04	26,81	1449,00
474	01.08.2025 16:04:53	0,96	5,91	31,04	26,81	1448,99
475	01.08.2025 16:04:54	0,96	5,91	31,04	26,81	1448,99
476	01.08.2025 16:04:55	0,96	5,91	31,04	26,81	1448,99
477	01.08.2025 16:04:56	0,96	5,91	31,04	26,81	1448,99
478	01.08.2025 16:04:57	0,96	5,91	31,04	26,81	1448,99
479	01.08.2025 16:04:58	0,96	5,91	31,04	26,81	1448,99
480	01.08.2025 16:04:59	0,96	5,91	31,04	26,81	1448,99
481	01.08.2025 16:05:00	0,96	5,91	31,04	26,81	1448,99
482	01.08.2025 16:05:01	0,96	5,91	31,04	26,81	1448,99
483	01.08.2025 16:05:02	0,96	5,91	31,04	26,81	1448,99
484	01.08.2025 16:05:03	0,96	5,91	31,04	26,81	1448,99
485	01.08.2025 16:05:04	0,96	5,91	31,04	26,81	1448,99
486	01.08.2025 16:05:05	0,96	5,91	31,04	26,81	1448,99
487	01.08.2025 16:05:06	0,96	5,89	31,04	26,81	1448,99
488	01.08.2025 16:05:07	0,96	5,91	31,04	26,81	1448,99
489	01.08.2025 16:05:08	0,96	5,91	31,04	26,81	1448,99
490	01.08.2025 16:05:09	0,92	5,91	31,08	26,81	1448,87
491	01.08.2025 16:05:10	0,96	5,89	31,04	26,81	1448,99
492	01.08.2025 16:05:11	0,92	5,89	31,08	26,81	1448,86
493	01.08.2025 16:05:12	0,92	5,91	31,08	26,81	1448,87
494	01.08.2025 16:05:13	0,92	5,91	31,08	26,81	1448,87
495	01.08.2025 16:05:14	0,92	5,91	31,08	26,81	1448,87
496	01.08.2025 16:05:15	0,92	5,91	31,08	26,81	1448,87
497	01.08.2025 16:05:16	0,92	5,91	31,08	26,81	1448,87
498	01.08.2025 16:05:17	0,92	5,89	31,08	26,81	1448,86
499	01.08.2025 16:05:18	0,92	5,91	31,08	26,81	1448,87
500	01.08.2025 16:05:19	0,92	5,91	31,08	26,81	1448,87
501	01.08.2025 16:05:20	0,92	5,91	31,08	26,81	1448,87
502	01.08.2025 16:05:21	0,92	5,91	31,08	26,81	1448,87
503	01.08.2025 16:05:22	0,92	5,92	31,08	26,81	1448,87
504	01.08.2025 16:05:23	0,92	5,91	31,08	26,81	1448,87
505	01.08.2025 16:05:24	0,92	5,92	31,08	26,81	1448,87
506	01.08.2025 16:05:25	0,92	5,92	31,08	26,81	1448,87
507	01.08.2025 16:05:26	0,92	5,92	31,08	26,81	1448,87
508	01.08.2025 16:05:27	0,92	5,92	31,08	26,81	1448,87
509	01.08.2025 16:05:28	0,92	5,92	31,08	26,81	1448,87
510	01.08.2025 16:05:29	0,92	5,94	31,08	26,81	1448,87
511	01.08.2025 16:05:30	0,92	5,94	31,08	26,81	1448,87
512	01.08.2025 16:05:31	0,92	5,92	31,08	26,81	1448,87
513	01.08.2025 16:05:32	0,92	5,94	31,08	26,81	1448,87
514	01.08.2025 16:05:33	0,92	5,94	31,08	26,81	1448,87
515	01.08.2025 16:05:34	0,92	5,94	31,08	26,81	1448,87
516	01.08.2025 16:05:35	0,92	5,94	31,08	26,81	1448,87
517	01.08.2025 16:05:36	0,92	5,94	31,08	26,81	1448,87
518	01.08.2025 16:05:37	0,92	5,94	31,08	26,81	1448,87
519	01.08.2025 16:05:38	0,92	5,96	31,08	26,81	1448,87
520	01.08.2025 16:05:39	0,92	5,96	31,08	26,81	1448,87
521	01.08.2025 16:05:40	0,92	5,94	31,08	26,81	1448,87
522	01.08.2025 16:05:41	0,92	5,94	31,08	26,81	1448,87
523	01.08.2025 16:05:42	0,92	5,92	31,08	26,81	1448,87
524	01.08.2025 16:05:43	0,92	5,94	31,08	26,81	1448,87
525	01.08.2025 16:05:44	0,92	5,94	31,08	26,81	1448,87
526	01.08.2025 16:05:45	0,92	5,94	31,08	26,81	1448,87
527	01.08.2025 16:05:46	0,92	5,94	31,08	26,81	1448,87
528	01.08.2025 16:05:47	0,92	5,94	31,08	26,81	1448,87
529	01.08.2025 16:05:48	0,92	5,94	31,08	26,81	1448,87
530	01.08.2025 16:05:49	0,92	5,94	31,08	26,81	1448,87
531	01.08.2025 16:05:50	0,92	5,92	31,08	26,81	1448,87
532	01.08.2025 16:05:51	0,92	5,94	31,08	26,81	1448,87
533	01.08.2025 16:05:52	0,92	5,94	31,08	26,81	1448,87
534	01.08.2025 16:05:53	0,92	5,94	31,08	26,81	1448,87
535	01.08.2025 16:05:54	0,92	5,94	31,08	26,81	1448,87
536	01.08.2025 16:05:55	0,92	5,92	31,08	26,81	1448,87
537	01.08.2025 16:05:56	0,92	5,94	31,08	26,81	1448,87
538	01.08.2025 16:05:57	0,92	5,92	31,08	26,81	1448,87
539	01.08.2025 16:05:58	0,88	5,92	31,12	26,81	1448,74
540	01.08.2025 16:05:59	0,92	5,92	31,08	26,81	1448,87
541	01.08.2025 16:06:00	0,88	5,92	31,12	26,81	1448,74
542	01.08.2025 16:06:01	0,88	5,92	31,12	26,81	1448,74
543	01.08.2025 16:06:02	0,88	5,94	31,12	26,81	1448,74
544	01.08.2025 16:06:03	0,92	5,94	31,08	26,81	1448,87
545	01.08.2025 16:06:04	0,88	5,92	31,12	26,81	1448,74
546	01.08.2025 16:06:05	0,88	5,94	31,12	26,81	1448,74
547	01.08.2025 16:06:06	0,88	5,92	31,12	26,81	1448,74
548	01.08.2025 16:06:07	0,88	5,92	31,12	26,81	1448,74
549	01.08.2025 16:06:08	0,88	5,92	31,12	26,81	1448,74
550	01.08.2025 16:06:09	0,88	5,92	31,12	26,81	1448,74
551	01.08.2025 16:06:10	0,88	5,92	31,12	26,81	1448,74
552	01.08.2025 16:06:11	0,88	5,92	31,12	26,81	1448,74
553	01.08.2025 16:06:12	0,88	5,90	31,12	26,81	1448,74
554	01.08.2025 16:06:13	0,88	5,90	31,12	26,81	1448,74
555	01.08.2025 16:06:14	0,88	5,90	31,12	26,81	1448,74
556	01.08.2025 16:06:15	0,88	5,90	31,12	26,81	1448,74
557	01.08.2025 16:06:16	0,88	5,90	31,12	26,81	1448,74
558	01.08.2025 16:06:17	0,88	5,90	31,12	26,81	1448,74
559	01.08.2025 16:06:18	0,88	5,90	31,12	26,81	1448,74
560	01.08.2025 16:06:19	0,88	5,90	31,12	26,81	1448,74
561	01.08.2025 16:06:20	0,88	5,90	31,12	26,81	1448,74
562	01.08.2025 16:06:21	0,88	5,90	31,12	26,81	1448,74
563	01.08.2025 16:06:22	0,88	5,90	31,12	26,81	1448,74
564	01.08.2025 16:06:23	0,88	5,90	31,12	26,81	1448,74
565	01.08.2025 16:06:24	0,88	5,90	31,12	26,81	1448,74
566	01.08.2025 16:06:25	0,88	5,89	31,12	26,81	1448,74
567	01.08.2025 16:06:26	0,88	5,90	31,12	26,81	1448,74
568	01.08.2025 16:06:27	0,88	5,90	31,12	26,81	1448,74
569	01.08.2025 16:06:28	0,88	5,90	31,12	26,81	1448,74
570	01.08.2025 16:06:29	0,88	5,89	31,12	26,81	1448,74
571	01.08.2025 16:06:30	0,88	5,90	31,12	26,81	1448,74
572	01.08.2025 16:06:31	0,88	5,89	31,12	26,81	1448,74
573	01.08.2025 16:06:32	0,88	5,92	31,12	26,81	1448,74
574	01.08.2025 16:06:33	0,88	5,90	31,12	26,81	1448,74
575	01.08.2025 16:06:34	0,88	5,90	31,12	26,81	1448,74
576	01.08.2025 16:06:35	0,88	5,90	31,12	26,81	1448,74
577	01.08.2025 16:06:36	0,88	5,90	31,12	26,81	1448,74
578	01.08.2025 16:06:37	0,88	5,90	31,12	26,81	1448,74
579	01.08.2025 16:06:38	0,88	5,90	31,12	26,81	1448,74
580	01.08.2025 16:06:39	0,88	5,90	31,12	26,81	1448,74
581	01.08.2025 16:06:40	0,88	5,89	31,12	26,81	1448,74
582	01.08.2025 16:06:41	0,88	5,90	31,12	26,81	1448,74
583	01.08.2025 16:06:42	0,88	5,92	31,12	26,81	1448,74
584	01.08.2025 16:06:43	0,88	5,90	31,12	26,81	1448,74
585	01.08.2025 16:06:44	0,88	5,90	31,12	26,81	1448,74
586	01.08.2025 16:06:45	0,88	5,92	31,12	26,81	1448,74
587	01.08.2025 16:06:46	0,88	5,90	31,12	26,81	1448,74
588	01.08.2025 16:06:47	0,88	5,90	31,12	26,81	1448,74
589	01.08.2025 16:06:48	0,88	5,90	31,12	26,81	1448,74
590	01.08.2025 16:06:49	0,88	5,90	31,12	26,81	1448,74
591	01.08.2025 16:06:50	0,88	5,90	31,12	26,81	1448,74
592	01.08.2025 16:06:51	0,88	5,90	31,12	26,81	1448,74
593	01.08.2025 16:06:52	0,88	5,92	31,12	26,81	1448,74
594	01.08.2025 16:06:53	0,88	5,90	31,12	26,81	1448,74
595	01.08.2025 16:06:54	0,88	5,90	31,12	26,81	1448,74
596	01.08.2025 16:06:55	0,88	5,90	31,12	26,81	1448,74
597	01.08.2025 16:06:56	0,88	5,90	31,12	26,81	1448,74
598	01.08.2025 16:06:57	0,88	5,90	31,12	26,81	1448,74
599	01.08.2025 16:06:58	0,88	5,90	31,12	26,81	1448,74
600	01.08.2025 16:06:59	0,88	5,92	31,12	26,81	1448,74
601	01.08.2025 16:07:00	0,88	5,90	31,12	26,81	1448,74
602	01.08.2025 16:07:01	0,88	5,92	31,12	26,81	1448,74
603	01.08.2025 16:07:02	0,88	5,90	31,12	26,81	1448,74
604	01.08.2025 16:07:03	0,88	5,90	31,12	26,81	1448,74
605	01.08.2025 16:07:04	0,88	5,90	31,12	26,81	1448,74
606	01.08.2025 16:07:05	0,88	5,90	31,12	26,81	1448,74
607	01.08.2025 16:07:06	0,88	5,90	31,12	26,81	1448,74
608	01.08.2025 16:07:07	0,88	5,92	31,12	26,81	1448,74
609	01.08.2025 16:07:08	0,88	5,90	31,12	26,81	1448,74
610	01.08.2025 16:07:09	0,88	5,90	31,12	26,81	1448,74
611	01.08.2025 16:07:10	0,88	5,92	31,12	26,81	1448,74
612	01.08.2025 16:07:11	0,88	5,89	31,12	26,81	1448,74
613	01.08.2025 16:07:12	0,88	5,90	31,12	26,81	1448,74
614	01.08.2025 16:07:13	0,88	5,90	31,12	26,81	1448,74
615	01.08.2025 16:07:14	0,88	5,90	31,12	26,81	1448,74
616	01.08.2025 16:07:15	0,88	5,89	31,12	26,81	1448,74
617	01.08.2025 16:07:16	0,88	5,89	31,12	26,81	1448,74
618	01.08.2025 16:07:17	0,88	5,90	31,12	26,81	1448,74
619	01.08.2025 16:07:18	0,88	5,89	31,12	26,81	1448,74
620	01.08.2025 16:07:19	0,88	5,89	31,12	26,81	1448,74
621	01.08.2025 16:07:20	0,88	5,89	31,12	26,81	1448,74
622	01.08.2025 16:07:21	0,88	5,89	31,12	26,81	1448,74
623	01.08.2025 16:07:22	0,88	5,90	31,12	26,81	1448,74
624	01.08.2025 16:07:23	0,88	5,90	31,12	26,81	1448,74
625	01.08.2025 16:07:24	0,88	5,90	31,12	26,81	1448,74
626	01.08.2025 16:07:25	0,88	5,90	31,12	26,81	1448,74
627	01.08.2025 16:07:26	0,88	5,92	31,12	26,81	1448,74
628	01.08.2025 16:07:27	0,88	5,90	31,12	26,81	1448,74
629	01.08.2025 16:07:28	0,88	5,92	31,12	26,81	1448,74
630	01.08.2025 16:07:29	0,88	5,90	31,12	26,81	1448,74
631	01.08.2025 16:07:30	0,88	5,90	31,12	26,81	1448,74
632	01.08.2025 16:07:31	0,88	5,90	31,15	26,83	1448,78
633	01.08.2025 16:07:32	0,88	5,90	31,12	26,81	1448,74
634	01.08.2025 16:07:33	0,88	5,90	31,15	26,83	1448,78
635	01.08.2025 16:07:34	0,88	5,92	31,12	26,81	1448,74
636	01.08.2025 16:07:35	0,88	5,92	31,12	26,81	1448,74
637	01.08.2025 16:07:36	0,88	5,90	31,12	26,81	1448,74
638	01.08.2025 16:07:37	0,88	5,92	31,12	26,81	1448,74
639	01.08.2025 16:07:38	0,88	5,92	31,12	26,81	1448,74
640	01.08.2025 16:07:39	0,88	5,92	31,12	26,81	1448,74
641	01.08.2025 16:07:40	0,88	5,90	31,12	26,81	1448,74
642	01.08.2025 16:07:41	0,88	5,94	31,12	26,81	1448,74
643	01.08.2025 16:07:42	0,88	5,92	31,12	26,81	1448,74
644	01.08.2025 16:07:43	0,88	5,92	31,12	26,81	1448,74
645	01.08.2025 16:07:44	0,88	5,94	31,12	26,81	1448,74
646	01.08.2025 16:07:45	0,88	5,92	31,12	26,81	1448,74
647	01.08.2025 16:07:46	0,88	5,92	31,12	26,81	1448,74
648	01.08.2025 16:07:47	0,88	5,94	31,12	26,81	1448,74
649	01.08.2025 16:07:48	0,88	5,92	31,12	26,81	1448,74
650	01.08.2025 16:07:49	0,88	5,96	31,12	26,81	1448,75
651	01.08.2025 16:07:50	0,88	5,94	31,12	26,81	1448,74
652	01.08.2025 16:07:51	0,88	5,94	31,12	26,81	1448,74
653	01.08.2025 16:07:52	0,88	5,94	31,15	26,83	1448,79
654	01.08.2025 16:07:53	0,88	5,94	31,12	26,81	1448,74
655	01.08.2025 16:07:54	0,88	5,96	31,12	26,81	1448,75
656	01.08.2025 16:07:55	0,88	5,94	31,12	26,81	1448,74
657	01.08.2025 16:07:56	0,88	5,94	31,12	26,81	1448,74
658	01.08.2025 16:07:57	0,88	5,94	31,12	26,81	1448,74
659	01.08.2025 16:07:58	0,88	5,94	31,12	26,81	1448,74
660	01.08.2025 16:07:59	0,88	5,94	31,12	26,81	1448,74
661	01.08.2025 16:08:00	0,88	5,92	31,12	26,81	1448,74
662	01.08.2025 16:08:01	0,88	5,92	31,12	26,81	1448,74
663	01.08.2025 16:08:02	0,88	5,92	31,12	26,81	1448,74
664	01.08.2025 16:08:03	0,88	5,92	31,12	26,81	1448,74
665	01.08.2025 16:08:04	0,88	5,92	31,12	26,81	1448,74
666	01.08.2025 16:08:05	0,88	5,94	31,12	26,81	1448,74
667	01.08.2025 16:08:06	0,88	5,92	31,12	26,81	1448,74
668	01.08.2025 16:08:07	0,88	5,92	31,12	26,81	1448,74
669	01.08.2025 16:08:08	0,88	5,92	31,12	26,81	1448,74
670	01.08.2025 16:08:09	0,88	5,94	31,12	26,81	1448,74
671	01.08.2025 16:08:10	0,88	5,92	31,12	26,81	1448,74
672	01.08.2025 16:08:11	0,88	5,92	31,12	26,81	1448,74
673	01.08.2025 16:08:12	0,88	5,92	31,12	26,81	1448,74
674	01.08.2025 16:08:13	0,88	5,92	31,12	26,81	1448,74
675	01.08.2025 16:08:14	0,88	5,92	31,12	26,81	1448,74
676	01.08.2025 16:08:15	0,88	5,92	31,12	26,81	1448,74
677	01.08.2025 16:08:16	0,88	5,94	31,12	26,81	1448,74
678	01.08.2025 16:08:17	0,88	5,96	31,15	26,83	1448,79
679	01.08.2025 16:08:18	0,88	5,94	31,12	26,81	1448,74
680	01.08.2025 16:08:19	0,88	5,94	31,12	26,81	1448,74
681	01.08.2025 16:08:20	0,88	5,94	31,12	26,81	1448,74
682	01.08.2025 16:08:21	0,88	5,96	31,12	26,81	1448,75
683	01.08.2025 16:08:22	0,88	5,94	31,12	26,81	1448,74
684	01.08.2025 16:08:23	0,88	5,96	31,12	26,81	1448,75
685	01.08.2025 16:08:24	0,88	5,96	31,12	26,81	1448,75
686	01.08.2025 16:08:25	0,88	5,96	31,12	26,81	1448,75
687	01.08.2025 16:08:26	0,88	5,96	31,15	26,83	1448,79
688	01.08.2025 16:08:27	0,88	5,96	31,12	26,81	1448,75
689	01.08.2025 16:08:28	0,88	5,97	31,12	26,81	1448,75
690	01.08.2025 16:08:29	0,88	5,97	31,12	26,81	1448,75
691	01.08.2025 16:08:30	0,88	5,97	31,12	26,81	1448,75
692	01.08.2025 16:08:31	0,88	5,97	31,12	26,81	1448,75
693	01.08.2025 16:08:32	0,88	5,97	31,12	26,81	1448,75
694	01.08.2025 16:08:33	0,88	5,97	31,12	26,81	1448,75
695	01.08.2025 16:08:34	0,88	5,96	31,12	26,81	1448,75
696	01.08.2025 16:08:35	0,88	5,96	31,12	26,81	1448,75
697	01.08.2025 16:08:36	0,88	5,96	31,12	26,81	1448,75
698	01.08.2025 16:08:37	0,88	5,96	31,12	26,81	1448,75
699	01.08.2025 16:08:38	0,88	5,96	31,12	26,81	1448,75
700	01.08.2025 16:08:39	0,88	5,96	31,12	26,81	1448,75
701	01.08.2025 16:08:40	0,88	5,96	31,12	26,81	1448,75
702	01.08.2025 16:08:41	0,88	5,96	31,15	26,83	1448,79
703	01.08.2025 16:08:42	0,88	5,96	31,12	26,81	1448,75
704	01.08.2025 16:08:43	0,88	5,96	31,12	26,81	1448,75
705	01.08.2025 16:08:44	0,88	5,94	31,12	26,81	1448,74
706	01.08.2025 16:08:45	0,88	5,94	31,12	26,81	1448,74
707	01.08.2025 16:08:46	0,88	5,94	31,12	26,81	1448,74
708	01.08.2025 16:08:47	0,88	5,96	31,12	26,81	1448,75
709	01.08.2025 16:08:48	0,88	5,96	31,12	26,81	1448,75
710	01.08.2025 16:08:49	0,88	5,96	31,12	26,81	1448,75
711	01.08.2025 16:08:50	0,88	5,94	31,12	26,81	1448,74
712	01.08.2025 16:08:51	0,88	5,94	31,12	26,81	1448,74
713	01.08.2025 16:08:52	0,88	5,94	31,12	26,81	1448,74
714	01.08.2025 16:08:53	0,88	5,94	31,12	26,81	1448,74
715	01.08.2025 16:08:54	0,88	5,94	31,12	26,81	1448,74
716	01.08.2025 16:08:55	0,88	5,94	31,12	26,81	1448,74
717	01.08.2025 16:08:56	0,88	5,94	31,15	26,83	1448,79
718	01.08.2025 16:08:57	0,88	5,94	31,12	26,81	1448,74
719	01.08.2025 16:08:58	0,88	5,94	31,12	26,81	1448,74
720	01.08.2025 16:08:59	0,88	5,94	31,12	26,81	1448,74
721	01.08.2025 16:09:00	0,88	5,94	31,12	26,81	1448,74
722	01.08.2025 16:09:01	0,88	5,94	31,12	26,81	1448,74
723	01.08.2025 16:09:02	0,88	5,96	31,12	26,81	1448,75
724	01.08.2025 16:09:03	0,88	5,92	31,12	26,81	1448,74
725	01.08.2025 16:09:04	0,88	5,92	31,12	26,81	1448,74
726	01.08.2025 16:09:05	0,88	5,94	31,12	26,81	1448,74
727	01.08.2025 16:09:06	0,88	5,94	31,12	26,81	1448,74
728	01.08.2025 16:09:07	0,88	5,94	31,12	26,81	1448,74
729	01.08.2025 16:09:08	0,88	5,92	31,15	26,83	1448,79
730	01.08.2025 16:09:09	0,88	5,94	31,12	26,81	1448,74
731	01.08.2025 16:09:10	0,88	5,92	31,15	26,83	1448,79
732	01.08.2025 16:09:11	0,88	5,94	31,12	26,81	1448,74
733	01.08.2025 16:09:12	0,88	5,94	31,12	26,81	1448,74
734	01.08.2025 16:09:13	0,88	5,94	31,12	26,81	1448,74
735	01.08.2025 16:09:14	0,88	5,92	31,12	26,81	1448,74
736	01.08.2025 16:09:15	0,88	5,94	31,12	26,81	1448,74
737	01.08.2025 16:09:16	0,88	5,94	31,12	26,81	1448,74
738	01.08.2025 16:09:17	0,88	5,96	31,12	26,81	1448,75
739	01.08.2025 16:09:18	0,88	5,94	31,15	26,83	1448,79
740	01.08.2025 16:09:19	0,88	5,94	31,12	26,81	1448,74
741	01.08.2025 16:09:20	0,88	5,94	31,15	26,83	1448,79
742	01.08.2025 16:09:21	0,88	5,94	31,12	26,81	1448,74
743	01.08.2025 16:09:22	0,88	5,92	31,12	26,81	1448,74
744	01.08.2025 16:09:23	0,88	5,94	31,12	26,81	1448,74
745	01.08.2025 16:09:24	0,88	5,94	31,12	26,81	1448,74
746	01.08.2025 16:09:25	0,88	5,96	31,12	26,81	1448,75
747	01.08.2025 16:09:26	0,88	5,96	31,12	26,81	1448,75
748	01.08.2025 16:09:27	0,88	5,97	31,12	26,81	1448,75
749	01.08.2025 16:09:28	0,88	5,97	31,12	26,81	1448,75
750	01.08.2025 16:09:29	0,88	5,97	31,12	26,81	1448,75
751	01.08.2025 16:09:30	0,88	5,96	31,12	26,81	1448,75
752	01.08.2025 16:09:31	0,88	5,96	31,12	26,81	1448,75
753	01.08.2025 16:09:32	0,88	5,94	31,12	26,81	1448,74
754	01.08.2025 16:09:33	0,88	5,94	31,12	26,81	1448,74
755	01.08.2025 16:09:34	0,88	5,92	31,12	26,81	1448,74
756	01.08.2025 16:09:35	0,88	5,92	31,12	26,81	1448,74
757	01.08.2025 16:09:36	0,88	5,89	31,12	26,81	1448,74
758	01.08.2025 16:09:37	0,88	5,89	31,12	26,81	1448,74
759	01.08.2025 16:09:38	0,88	5,87	31,12	26,81	1448,73
760	01.08.2025 16:09:39	0,88	5,83	31,12	26,81	1448,73
761	01.08.2025 16:09:40	0,88	5,82	31,12	26,81	1448,73
762	01.08.2025 16:09:41	0,88	5,80	31,12	26,81	1448,72
763	01.08.2025 16:09:42	0,88	5,78	31,12	26,81	1448,72
764	01.08.2025 16:09:43	0,88	5,76	31,12	26,81	1448,72
765	01.08.2025 16:09:44	0,88	5,73	31,12	26,81	1448,71
766	01.08.2025 16:09:45	0,88	5,69	31,12	26,81	1448,71
767	01.08.2025 16:09:46	0,88	5,66	31,12	26,81	1448,70
768	01.08.2025 16:09:47	0,88	5,62	31,12	26,81	1448,70
769	01.08.2025 16:09:48	0,88	5,59	31,08	26,78	1448,64
770	01.08.2025 16:09:49	0,88	5,55	31,12	26,81	1448,68
771	01.08.2025 16:09:50	0,88	5,52	31,12	26,81	1448,68
772	01.08.2025 16:09:51	0,88	5,48	31,12	26,81	1448,67
773	01.08.2025 16:09:52	0,88	5,43	31,12	26,81	1448,67
774	01.08.2025 16:09:53	0,88	5,40	31,08	26,78	1448,61
775	01.08.2025 16:09:54	0,88	5,36	31,08	26,78	1448,61
776	01.08.2025 16:09:55	0,88	5,31	31,05	26,75	1448,56
777	01.08.2025 16:09:56	0,88	5,29	31,08	26,78	1448,60
778	01.08.2025 16:09:57	0,88	5,24	31,08	26,78	1448,59
779	01.08.2025 16:09:58	0,88	5,19	31,09	26,78	1448,58
780	01.08.2025 16:09:59	0,88	5,15	31,09	26,78	1448,58
781	01.08.2025 16:10:00	0,88	5,12	31,09	26,78	1448,57
782	01.08.2025 16:10:01	0,88	5,08	31,05	26,75	1448,52
783	01.08.2025 16:10:02	0,88	5,03	31,05	26,75	1448,51
784	01.08.2025 16:10:03	0,88	5,01	31,05	26,75	1448,51
785	01.08.2025 16:10:04	0,84	4,97	31,09	26,75	1448,38
786	01.08.2025 16:10:05	0,84	4,94	31,09	26,75	1448,37
787	01.08.2025 16:10:06	0,88	4,90	31,05	26,75	1448,49
788	01.08.2025 16:10:07	0,88	4,89	31,05	26,75	1448,49
789	01.08.2025 16:10:08	0,88	4,85	31,05	26,75	1448,48
790	01.08.2025 16:10:09	0,84	4,83	31,09	26,75	1448,36
791	01.08.2025 16:10:10	0,84	4,82	31,09	26,75	1448,35
792	01.08.2025 16:10:11	0,84	4,80	31,09	26,75	1448,35
793	01.08.2025 16:10:12	0,84	4,76	31,09	26,75	1448,34
794	01.08.2025 16:10:13	0,84	4,76	31,09	26,75	1448,34
795	01.08.2025 16:10:14	0,84	4,73	31,06	26,73	1448,29
796	01.08.2025 16:10:15	0,84	4,73	31,06	26,73	1448,29
797	01.08.2025 16:10:16	0,84	4,71	31,06	26,73	1448,29
798	01.08.2025 16:10:17	0,84	4,71	31,06	26,73	1448,29
799	01.08.2025 16:10:18	0,84	4,69	31,06	26,73	1448,29
800	01.08.2025 16:10:19	0,84	4,69	31,09	26,75	1448,33
801	01.08.2025 16:10:20	0,84	4,67	31,09	26,75	1448,33
802	01.08.2025 16:10:21	0,84	4,67	31,09	26,75	1448,33
803	01.08.2025 16:10:22	0,84	4,67	31,13	26,78	1448,38
804	01.08.2025 16:10:23	0,88	4,68	31,09	26,78	1448,50
805	01.08.2025 16:10:24	0,88	4,68	31,09	26,78	1448,50
806	01.08.2025 16:10:25	0,88	4,66	31,09	26,78	1448,50
807	01.08.2025 16:10:26	0,88	4,66	31,05	26,75	1448,46
808	01.08.2025 16:10:27	0,88	4,66	31,09	26,78	1448,50
809	01.08.2025 16:10:28	0,88	4,68	31,12	26,81	1448,55
810	01.08.2025 16:10:29	0,88	4,66	31,12	26,81	1448,55
811	01.08.2025 16:10:30	0,88	4,64	31,09	26,78	1448,50
812	01.08.2025 16:10:31	0,88	4,66	31,09	26,78	1448,50
813	01.08.2025 16:10:32	0,88	4,64	31,05	26,75	1448,45
814	01.08.2025 16:10:33	0,88	4,64	31,05	26,75	1448,45
815	01.08.2025 16:10:34	0,88	4,64	31,09	26,78	1448,50
816	01.08.2025 16:10:35	0,88	4,66	31,12	26,81	1448,55
817	01.08.2025 16:10:36	0,88	4,64	31,12	26,81	1448,54
818	01.08.2025 16:10:37	0,88	4,64	31,12	26,81	1448,54
819	01.08.2025 16:10:38	0,88	4,64	31,09	26,78	1448,50
820	01.08.2025 16:10:39	0,88	4,64	31,09	26,78	1448,50
821	01.08.2025 16:10:40	0,88	4,64	31,09	26,78	1448,50
822	01.08.2025 16:10:41	0,88	4,64	31,09	26,78	1448,50
823	01.08.2025 16:10:42	0,88	4,62	31,12	26,81	1448,54
824	01.08.2025 16:10:43	0,88	4,62	31,12	26,81	1448,54
825	01.08.2025 16:10:44	0,88	4,62	31,12	26,81	1448,54
826	01.08.2025 16:10:45	0,92	4,61	31,08	26,81	1448,66
827	01.08.2025 16:10:46	0,92	4,61	31,08	26,81	1448,67
828	01.08.2025 16:10:47	0,92	4,61	31,08	26,81	1448,67
829	01.08.2025 16:10:48	0,92	4,61	31,08	26,81	1448,67
830	01.08.2025 16:10:49	0,92	4,61	31,08	26,81	1448,67
831	01.08.2025 16:10:50	0,92	4,61	31,08	26,81	1448,67
832	01.08.2025 16:10:51	0,92	4,59	31,08	26,81	1448,66
833	01.08.2025 16:10:52	0,92	4,59	31,12	26,83	1448,71
834	01.08.2025 16:10:53	0,92	4,59	31,08	26,81	1448,66
835	01.08.2025 16:10:54	0,92	4,57	31,12	26,83	1448,71
836	01.08.2025 16:10:55	0,92	4,56	31,08	26,81	1448,66
837	01.08.2025 16:10:56	0,92	4,56	31,08	26,81	1448,66
838	01.08.2025 16:10:57	0,92	4,56	31,12	26,83	1448,70
839	01.08.2025 16:10:58	0,92	4,56	31,12	26,83	1448,70
840	01.08.2025 16:10:59	0,96	4,54	31,11	26,86	1448,87
841	01.08.2025 16:11:00	0,96	4,52	31,11	26,86	1448,87
842	01.08.2025 16:11:01	0,96	4,52	31,11	26,86	1448,87
843	01.08.2025 16:11:02	0,96	4,52	31,15	26,89	1448,92
844	01.08.2025 16:11:03	0,96	4,51	31,18	26,92	1448,96
845	01.08.2025 16:11:04	1,00	4,51	31,18	26,94	1449,13
846	01.08.2025 16:11:05	1,00	4,49	31,18	26,94	1449,13
847	01.08.2025 16:11:06	1,00	4,47	31,21	26,97	1449,17
848	01.08.2025 16:11:07	1,04	4,48	31,21	27,00	1449,34
849	01.08.2025 16:11:08	1,04	4,48	31,35	27,10	1449,52
850	01.08.2025 16:11:09	1,07	4,48	31,41	27,19	1449,79
851	01.08.2025 16:11:10	1,15	4,45	31,37	27,21	1450,08
852	01.08.2025 16:11:11	1,19	4,43	31,33	27,21	1450,20
853	01.08.2025 16:11:12	1,23	4,42	31,29	27,22	1450,32
854	01.08.2025 16:11:13	1,23	4,40	31,33	27,24	1450,37
855	01.08.2025 16:11:14	1,27	4,40	31,42	27,35	1450,67
856	01.08.2025 16:11:15	1,31	4,39	31,49	27,43	1450,93
857	01.08.2025 16:11:16	1,35	4,37	31,52	27,49	1451,14
858	01.08.2025 16:11:17	1,39	4,36	31,55	27,54	1451,35
859	01.08.2025 16:11:18	1,42	4,32	31,58	27,60	1451,56
860	01.08.2025 16:11:19	1,50	4,31	31,53	27,62	1451,84
861	01.08.2025 16:11:20	1,54	4,29	31,53	27,65	1452,01
862	01.08.2025 16:11:21	1,58	4,26	31,49	27,65	1452,13
863	01.08.2025 16:11:22	1,62	4,26	31,49	27,68	1452,29
864	01.08.2025 16:11:23	1,66	4,23	31,55	27,76	1452,54
865	01.08.2025 16:11:24	1,70	4,21	31,58	27,82	1452,75
866	01.08.2025 16:11:25	1,73	4,20	31,61	27,87	1452,96
867	01.08.2025 16:11:26	1,77	4,18	31,61	27,90	1453,12
868	01.08.2025 16:11:27	1,81	4,17	31,64	27,95	1453,33
869	01.08.2025 16:11:28	1,85	4,15	31,67	28,01	1453,54
870	01.08.2025 16:11:29	1,93	4,12	31,59	28,01	1453,77
871	01.08.2025 16:11:30	1,96	4,11	31,49	27,95	1453,80
872	01.08.2025 16:11:31	1,96	4,09	31,42	27,90	1453,71
873	01.08.2025 16:11:32	1,96	4,07	31,36	27,85	1453,62
874	01.08.2025 16:11:33	1,96	4,04	31,29	27,79	1453,53
875	01.08.2025 16:11:34	1,96	4,02	31,26	27,77	1453,48
876	01.08.2025 16:11:35	1,96	4,00	31,29	27,79	1453,52
877	01.08.2025 16:11:36	1,96	3,98	31,36	27,85	1453,61
878	01.08.2025 16:11:37	2,00	3,97	31,38	27,90	1453,81
879	01.08.2025 16:11:38	2,04	3,95	31,38	27,93	1453,98
880	01.08.2025 16:11:39	2,08	3,92	31,34	27,93	1454,09
881	01.08.2025 16:11:40	2,08	3,88	31,38	27,96	1454,13
882	01.08.2025 16:11:41	2,12	3,85	31,37	27,98	1454,29
883	01.08.2025 16:11:42	2,15	3,84	31,34	27,99	1454,41
884	01.08.2025 16:11:43	2,15	3,82	31,34	27,99	1454,40
885	01.08.2025 16:11:44	2,19	3,79	31,30	27,99	1454,52
886	01.08.2025 16:11:45	2,23	3,77	31,27	27,99	1454,63
887	01.08.2025 16:11:46	2,23	3,75	31,27	27,99	1454,63
888	01.08.2025 16:11:47	2,27	3,74	31,26	28,01	1454,79
889	01.08.2025 16:11:48	2,27	3,70	31,33	28,07	1454,87
890	01.08.2025 16:11:49	2,31	3,67	31,36	28,12	1455,07
891	01.08.2025 16:11:50	2,34	3,65	31,49	28,26	1455,41
892	01.08.2025 16:11:51	2,38	3,66	31,84	28,58	1456,04
893	01.08.2025 16:11:52	2,50	3,63	31,77	28,61	1456,43
894	01.08.2025 16:11:53	2,57	3,58	31,76	28,66	1456,74
895	01.08.2025 16:11:54	2,68	3,53	31,52	28,56	1456,92
896	01.08.2025 16:11:55	2,72	3,52	31,48	28,56	1457,03
897	01.08.2025 16:11:56	2,76	3,48	31,51	28,62	1457,23
898	01.08.2025 16:11:57	2,80	3,49	31,67	28,78	1457,60
899	01.08.2025 16:11:58	2,84	3,47	31,74	28,86	1457,84
900	01.08.2025 16:11:59	2,91	3,46	31,76	28,94	1458,19
901	01.08.2025 16:12:00	2,98	3,39	31,75	28,99	1458,50
902	01.08.2025 16:12:01	3,06	3,38	31,75	29,05	1458,81
903	01.08.2025 16:12:02	3,13	3,35	31,74	29,11	1459,11
904	01.08.2025 16:12:03	3,17	3,33	31,80	29,19	1459,35
905	01.08.2025 16:12:04	3,25	3,30	31,76	29,21	1459,61
906	01.08.2025 16:12:05	3,32	3,27	31,63	29,16	1459,75
907	01.08.2025 16:12:06	3,36	3,25	30,83	28,52	1458,86
908	01.08.2025 16:12:07	3,43	3,20	30,66	28,44	1458,96
909	01.08.2025 16:12:08	3,50	3,19	30,56	28,42	1459,14
910	01.08.2025 16:12:09	3,54	3,17	30,56	28,45	1459,29
911	01.08.2025 16:12:10	3,62	3,14	30,50	28,45	1459,52
912	01.08.2025 16:12:11	3,65	3,09	30,62	28,58	1459,83
913	01.08.2025 16:12:12	3,73	3,08	30,36	28,42	1459,81
914	01.08.2025 16:12:13	3,76	3,06	30,52	28,59	1460,16
915	01.08.2025 16:12:14	3,80	3,03	30,52	28,61	1460,31
916	01.08.2025 16:12:15	3,84	3,01	30,77	28,85	1460,79
917	01.08.2025 16:12:16	3,91	3,00	30,92	29,04	1461,30
918	01.08.2025 16:12:17	3,95	2,98	30,98	29,12	1461,53
919	01.08.2025 16:12:18	4,02	2,92	31,01	29,21	1461,86
920	01.08.2025 16:12:19	4,02	2,90	31,14	29,31	1462,02
921	01.08.2025 16:12:20	4,02	2,87	31,14	29,31	1462,02
922	01.08.2025 16:12:21	4,02	2,85	31,26	29,42	1462,18
923	01.08.2025 16:12:22	4,06	2,81	31,20	29,40	1462,24
924	01.08.2025 16:12:23	4,06	2,78	31,13	29,34	1462,15
925	01.08.2025 16:12:24	4,06	2,71	30,98	29,21	1461,94
926	01.08.2025 16:12:25	4,02	2,69	31,07	29,26	1461,91
927	01.08.2025 16:12:26	4,06	2,67	31,17	29,37	1462,18
928	01.08.2025 16:12:27	4,06	2,64	31,23	29,42	1462,25
929	01.08.2025 16:12:28	4,09	2,62	31,23	29,45	1462,40
930	01.08.2025 16:12:29	4,16	2,59	31,31	29,58	1462,82
931	01.08.2025 16:12:30	4,24	2,58	31,40	29,72	1463,24
932	01.08.2025 16:12:31	4,31	2,53	31,49	29,86	1463,65
933	01.08.2025 16:12:32	4,38	2,50	31,58	29,99	1464,06
934	01.08.2025 16:12:33	4,49	2,47	31,57	30,07	1464,50
935	01.08.2025 16:12:34	4,60	2,46	31,88	30,42	1465,34
936	01.08.2025 16:12:35	4,74	2,43	31,99	30,64	1466,07
937	01.08.2025 16:12:36	4,89	2,37	31,79	30,59	1466,40
938	01.08.2025 16:12:37	4,96	2,32	31,54	30,43	1466,37
939	01.08.2025 16:12:38	5,03	2,29	31,42	30,38	1466,50
940	01.08.2025 16:12:39	5,07	2,25	31,57	30,54	1466,83
941	01.08.2025 16:12:40	5,14	2,26	31,87	30,87	1467,51
942	01.08.2025 16:12:41	5,28	2,25	32,01	31,11	1468,27
943	01.08.2025 16:12:42	5,42	2,22	32,27	31,46	1469,19
944	01.08.2025 16:12:43	5,63	2,19	32,35	31,70	1470,13
945	01.08.2025 16:12:44	5,84	2,13	32,51	32,03	1471,19
946	01.08.2025 16:12:45	6,05	2,13	32,40	32,11	1471,89
947	01.08.2025 16:12:46	6,23	2,03	32,25	32,12	1472,37
948	01.08.2025 16:12:47	6,40	1,97	31,26	31,38	1471,80
949	01.08.2025 16:12:48	6,44	1,90	30,85	31,03	1471,40
950	01.08.2025 16:12:49	6,44	1,86	30,62	30,82	1471,10
951	01.08.2025 16:12:50	6,40	1,86	30,56	30,74	1470,89
952	01.08.2025 16:12:51	6,40	1,84	30,47	30,66	1470,77
953	01.08.2025 16:12:52	6,44	1,83	30,47	30,69	1470,91
954	01.08.2025 16:12:53	6,47	1,81	30,47	30,71	1471,04
955	01.08.2025 16:12:54	6,58	1,80	30,38	30,72	1471,34
956	01.08.2025 16:12:55	6,65	1,77	30,41	30,80	1471,64
957	01.08.2025 16:12:56	6,78	1,74	30,46	30,96	1472,26
958	01.08.2025 16:12:57	6,92	1,73	30,69	31,29	1473,09
959	01.08.2025 16:12:58	7,13	1,70	31,15	31,88	1474,47
960	01.08.2025 16:12:59	7,40	1,81	32,15	33,03	1476,81
961	01.08.2025 16:13:00	7,91	1,85	32,92	34,19	1479,75
962	01.08.2025 16:13:01	8,55	1,81	33,38	35,19	1482,73
963	01.08.2025 16:13:02	9,28	1,69	33,36	35,83	1485,41
964	01.08.2025 16:13:03	9,90	1,56	32,72	35,77	1486,87
965	01.08.2025 16:13:04	10,36	1,46	32,44	35,89	1488,15
966	01.08.2025 16:13:05	10,74	1,41	32,18	35,98	1489,21
967	01.08.2025 16:13:06	11,00	1,36	31,99	36,02	1489,89
968	01.08.2025 16:13:07	11,22	1,36	31,85	36,08	1490,51
969	01.08.2025 16:13:08	11,42	1,35	31,75	36,14	1491,05
970	01.08.2025 16:13:09	11,64	1,32	31,59	36,17	1491,63
971	01.08.2025 16:13:10	11,83	1,32	31,46	36,20	1492,14
972	01.08.2025 16:13:11	11,96	1,30	31,38	36,23	1492,48
973	01.08.2025 16:13:12	12,11	1,29	31,18	36,16	1492,78
974	01.08.2025 16:13:13	12,27	1,32	31,25	36,37	1493,42
975	01.08.2025 16:13:14	12,43	1,31	31,18	36,43	1493,86
976	01.08.2025 16:13:15	12,62	1,28	31,03	36,43	1494,32
977	01.08.2025 16:13:16	12,78	1,29	30,90	36,44	1494,70
978	01.08.2025 16:13:17	12,90	1,30	30,78	36,42	1494,98
979	01.08.2025 16:13:18	12,99	1,30	30,68	36,39	1495,18
980	01.08.2025 16:13:19	13,12	1,31	30,56	36,37	1495,45
981	01.08.2025 16:13:20	13,21	1,29	30,41	36,29	1495,59
982	01.08.2025 16:13:21	13,28	1,28	30,21	36,13	1495,56
983	01.08.2025 16:13:22	13,31	1,28	30,16	36,11	1495,60
984	01.08.2025 16:13:23	13,31	1,33	30,14	36,08	1495,58
985	01.08.2025 16:13:24	13,37	1,34	30,07	36,06	1495,70
986	01.08.2025 16:13:25	13,40	1,37	30,02	36,03	1495,76
987	01.08.2025 16:13:26	13,43	1,38	29,92	35,95	1495,74
988	01.08.2025 16:13:27	13,46	1,39	29,85	35,90	1495,76
989	01.08.2025 16:13:28	13,46	1,39	29,75	35,79	1495,64
990	01.08.2025 16:13:29	13,46	1,41	29,55	35,58	1495,41
991	01.08.2025 16:13:30	13,43	1,41	29,18	35,15	1494,86
992	01.08.2025 16:13:31	13,31	1,40	28,80	34,64	1493,99
993	01.08.2025 16:13:32	13,12	1,43	28,57	34,23	1493,08
994	01.08.2025 16:13:33	12,90	1,47	28,26	33,72	1491,96
995	01.08.2025 16:13:34	12,65	1,50	27,74	32,96	1490,48
996	01.08.2025 16:13:35	12,30	1,43	26,78	31,67	1488,12
997	01.08.2025 16:13:36	11,80	1,54	27,62	32,16	1487,38
998	01.08.2025 16:13:37	11,42	1,63	27,02	31,25	1485,32
999	01.08.2025 16:13:38	11,06	1,75	27,09	31,05	1484,17
1000	01.08.2025 16:13:39	10,84	1,87	27,41	31,20	1483,77
1001	01.08.2025 16:13:40	10,68	1,86	27,29	30,96	1483,04
1002	01.08.2025 16:13:41	10,52	1,92	27,20	30,74	1482,35
1003	01.08.2025 16:13:42	10,32	1,95	27,31	30,71	1481,78
1004	01.08.2025 16:13:43	10,16	1,96	27,45	30,73	1481,37
1005	01.08.2025 16:13:44	10,00	1,98	27,52	30,67	1480,86
1006	01.08.2025 16:13:45	9,87	2,01	27,56	30,62	1480,44
1007	01.08.2025 16:13:46	9,74	2,02	27,63	30,58	1480,04
1008	01.08.2025 16:13:47	9,61	2,05	27,73	30,58	1479,68
1009	01.08.2025 16:13:48	9,51	2,08	27,83	30,61	1479,45
1010	01.08.2025 16:13:49	9,41	2,08	28,01	30,71	1479,31
1011	01.08.2025 16:13:50	9,34	2,09	28,03	30,68	1479,09
1012	01.08.2025 16:13:51	9,31	2,11	28,11	30,74	1479,07
1013	01.08.2025 16:13:52	9,24	2,12	28,54	31,11	1479,36
1014	01.08.2025 16:13:53	9,24	2,14	28,46	31,03	1479,26
1015	01.08.2025 16:13:54	9,24	2,18	28,63	31,19	1479,47
1016	01.08.2025 16:13:55	9,21	2,19	29,28	31,80	1480,16
1017	01.08.2025 16:13:56	9,28	2,20	29,03	31,62	1480,10
1018	01.08.2025 16:13:57	9,28	2,20	29,17	31,75	1480,27
1019	01.08.2025 16:13:58	9,28	2,21	29,17	31,75	1480,28
1020	01.08.2025 16:13:59	9,28	2,21	29,22	31,80	1480,34
1021	01.08.2025 16:14:00	9,24	2,23	29,25	31,80	1480,26
1022	01.08.2025 16:14:01	9,21	2,26	29,17	31,70	1480,03
1023	01.08.2025 16:14:02	9,18	2,24	28,92	31,43	1479,60
1024	01.08.2025 16:14:03	9,08	2,26	28,89	31,32	1479,19
1025	01.08.2025 16:14:04	8,95	2,30	29,05	31,37	1478,90
1026	01.08.2025 16:14:05	8,88	2,33	28,96	31,23	1478,55
1027	01.08.2025 16:14:06	8,81	2,38	28,85	31,07	1478,17
1028	01.08.2025 16:14:07	8,75	2,38	28,57	30,75	1477,57
1029	01.08.2025 16:14:08	8,55	2,44	28,73	30,74	1477,02
1030	01.08.2025 16:14:09	8,41	2,49	28,72	30,63	1476,51
1031	01.08.2025 16:14:10	8,25	2,51	28,38	30,17	1475,44
1032	01.08.2025 16:14:11	8,08	2,54	28,40	30,06	1474,83
1033	01.08.2025 16:14:12	7,88	2,57	28,56	30,06	1474,25
1034	01.08.2025 16:14:13	7,71	2,59	28,58	29,95	1473,63
1035	01.08.2025 16:14:14	7,57	2,59	28,58	29,83	1473,09
1036	01.08.2025 16:14:15	7,47	2,63	28,74	29,91	1472,91
1037	01.08.2025 16:14:16	7,33	2,61	28,85	29,91	1472,51
1038	01.08.2025 16:14:17	7,26	2,61	28,85	29,85	1472,24
1039	01.08.2025 16:14:18	7,20	2,60	28,79	29,74	1471,90
1040	01.08.2025 16:14:19	7,13	2,58	28,88	29,77	1471,73
1041	01.08.2025 16:14:20	7,06	2,58	29,02	29,85	1471,64
1042	01.08.2025 16:14:21	7,02	2,58	29,04	29,85	1471,54
1043	01.08.2025 16:14:22	6,99	2,56	29,13	29,90	1471,51
1044	01.08.2025 16:14:23	6,96	2,56	29,22	29,95	1471,49
1045	01.08.2025 16:14:24	6,92	2,54	29,39	30,08	1471,57
1046	01.08.2025 16:14:25	6,92	2,52	29,56	30,24	1471,78
1047	01.08.2025 16:14:26	6,96	2,49	29,62	30,33	1471,99
1048	01.08.2025 16:14:27	6,99	2,45	29,76	30,49	1472,30
1049	01.08.2025 16:14:28	7,02	2,45	29,97	30,70	1472,69
1050	01.08.2025 16:14:29	7,09	2,41	30,05	30,84	1473,06
1051	01.08.2025 16:14:30	7,16	2,37	30,02	30,87	1473,29
1052	01.08.2025 16:14:31	7,26	2,33	30,00	30,92	1473,65
1053	01.08.2025 16:14:32	7,33	2,29	30,08	31,06	1474,02
1054	01.08.2025 16:14:33	7,40	2,28	30,37	31,38	1474,64
1055	01.08.2025 16:14:34	7,54	2,23	30,51	31,62	1475,34
1056	01.08.2025 16:14:35	7,67	2,22	30,79	32,00	1476,22
1057	01.08.2025 16:14:36	7,88	2,11	30,39	31,79	1476,49
1058	01.08.2025 16:14:37	7,98	2,03	29,72	31,23	1476,01
1059	01.08.2025 16:14:38	8,01	1,98	29,55	31,10	1475,92
1060	01.08.2025 16:14:39	7,98	1,94	29,21	30,75	1475,36
1061	01.08.2025 16:14:40	7,94	1,90	29,21	30,73	1475,22
1062	01.08.2025 16:14:41	7,91	1,88	29,24	30,73	1475,13
1063	01.08.2025 16:14:42	7,94	1,87	29,21	30,73	1475,22
1064	01.08.2025 16:14:43	7,98	1,83	29,19	30,73	1475,31
1065	01.08.2025 16:14:44	8,01	1,82	29,33	30,89	1475,61
1066	01.08.2025 16:14:45	8,11	1,75	29,50	31,13	1476,20
1067	01.08.2025 16:14:46	8,25	1,78	31,54	33,19	1479,29
1068	01.08.2025 16:14:47	8,71	1,92	31,83	33,87	1481,45
1069	01.08.2025 16:14:48	9,34	1,83	32,01	34,58	1483,99
1070	01.08.2025 16:14:49	9,97	1,74	32,31	35,42	1486,63
1071	01.08.2025 16:14:50	10,61	1,68	32,35	36,03	1489,00
1072	01.08.2025 16:14:51	11,22	1,52	32,01	36,23	1490,73
1073	01.08.2025 16:14:52	11,70	1,43	31,90	36,54	1492,25
1074	01.08.2025 16:14:53	12,08	1,38	31,87	36,85	1493,52
1075	01.08.2025 16:14:54	12,43	1,33	31,79	37,07	1494,61
1076	01.08.2025 16:14:55	12,81	1,24	31,43	37,03	1495,44
1077	01.08.2025 16:14:56	13,06	1,16	31,26	37,06	1496,06
1078	01.08.2025 16:14:57	13,31	1,12	31,13	37,15	1496,74
1079	01.08.2025 16:14:58	13,49	1,08	30,99	37,15	1497,18
1080	01.08.2025 16:14:59	13,65	1,07	30,86	37,16	1497,55
1081	01.08.2025 16:15:00	13,80	1,01	30,69	37,11	1497,85
1082	01.08.2025 16:15:01	13,93	0,99	30,55	37,06	1498,08
1083	01.08.2025 16:15:02	14,05	0,97	30,46	37,06	1498,37
1084	01.08.2025 16:15:03	14,17	0,94	30,34	37,04	1498,63
1085	01.08.2025 16:15:04	14,27	0,89	30,27	37,04	1498,84
1086	01.08.2025 16:15:05	14,39	0,88	30,20	37,07	1499,16
1087	01.08.2025 16:15:06	14,48	0,85	30,13	37,07	1499,37
1088	01.08.2025 16:15:07	14,57	0,81	30,08	37,10	1499,61
1089	01.08.2025 16:15:08	14,70	0,79	29,99	37,11	1499,90
1090	01.08.2025 16:15:09	14,79	0,75	29,92	37,11	1500,11
1091	01.08.2025 16:15:10	14,88	0,72	29,85	37,11	1500,32
1092	01.08.2025 16:15:11	14,94	0,71	29,81	37,11	1500,46
1093	01.08.2025 16:15:12	15,03	0,66	29,72	37,09	1500,64
1094	01.08.2025 16:15:13	15,12	0,65	29,63	37,06	1500,82
1095	01.08.2025 16:15:14	15,22	0,62	29,56	37,06	1501,03
1096	01.08.2025 16:15:15	15,28	0,60	29,49	37,04	1501,14
1097	01.08.2025 16:15:16	15,34	0,57	29,45	37,04	1501,28
1098	01.08.2025 16:15:17	15,43	0,54	29,36	37,02	1501,46
1099	01.08.2025 16:15:18	15,49	0,52	29,27	36,96	1501,54
1100	01.08.2025 16:15:19	15,55	0,49	29,22	36,97	1501,68
1101	01.08.2025 16:15:20	15,64	0,46	29,13	36,94	1501,86
1102	01.08.2025 16:15:21	15,70	0,43	29,02	36,86	1501,91
1103	01.08.2025 16:15:22	15,73	0,39	28,98	36,84	1501,95
1104	01.08.2025 16:15:23	15,79	0,37	28,96	36,86	1502,11
1105	01.08.2025 16:15:24	15,85	0,37	28,87	36,81	1502,20
1106	01.08.2025 16:15:25	15,88	0,34	28,82	36,79	1502,24
1107	01.08.2025 16:15:26	15,94	0,30	28,62	36,60	1502,18
1108	01.08.2025 16:15:27	15,98	0,27	28,48	36,47	1502,11
1109	01.08.2025 16:15:28	16,01	0,30	28,60	36,63	1502,35
1110	01.08.2025 16:15:29	16,10	0,25	28,42	36,50	1502,41
1111	01.08.2025 16:15:30	16,16	0,16	28,24	36,34	1502,38
1112	01.08.2025 16:15:31	16,19	0,22	28,29	36,42	1502,54
1113	01.08.2025 16:15:32	16,22	0,20	28,29	36,45	1502,63
1114	01.08.2025 16:15:33	16,28	0,15	28,20	36,39	1502,71
1115	01.08.2025 16:15:34	16,31	0,13	28,14	36,34	1502,72
1116	01.08.2025 16:15:35	16,34	0,16	28,32	36,58	1503,04
1117	01.08.2025 16:15:36	16,40	0,16	28,60	36,96	1503,56
1118	01.08.2025 16:15:37	16,58	0,11	28,16	36,59	1503,59
1119	01.08.2025 16:15:38	16,64	0,04	28,44	36,97	1504,09
1120	01.08.2025 16:15:39	16,73	0,11	28,26	36,83	1504,17
1121	01.08.2025 16:15:40	16,82	-0,01	28,36	37,02	1504,55
1122	01.08.2025 16:15:41	16,88	0,02	28,27	36,97	1504,63
1123	01.08.2025 16:15:42	16,94	0,02	28,34	37,11	1504,90
1124	01.08.2025 16:15:43	17,03	0,02	28,17	36,97	1504,98
1125	01.08.2025 16:15:44	17,09	-0,14	27,72	36,49	1504,61
1126	01.08.2025 16:15:45	17,00	0,02	28,08	36,84	1504,78
1127	01.08.2025 16:15:46	17,03	-0,05	28,08	36,87	1504,86
1128	01.08.2025 16:15:47	17,09	0,04	28,22	37,08	1505,22
1129	01.08.2025 16:15:48	17,21	-0,03	28,11	37,06	1505,45
1130	01.08.2025 16:15:49	17,27	-0,05	28,07	37,06	1505,59
1131	01.08.2025 16:15:50	17,33	-0,05	28,10	37,14	1505,80
1132	01.08.2025 16:15:51	17,39	-0,07	27,95	37,01	1505,80
1133	01.08.2025 16:15:52	17,42	-0,07	27,95	37,04	1505,90
1134	01.08.2025 16:15:53	17,45	-0,05	28,04	37,17	1506,10
1135	01.08.2025 16:15:54	17,51	-0,05	28,03	37,20	1506,26
1136	01.08.2025 16:15:55	17,57	-0,08	27,99	37,20	1506,39
1137	01.08.2025 16:15:56	17,63	-0,07	27,99	37,26	1506,57
1138	01.08.2025 16:15:57	17,69	-0,03	27,77	37,04	1506,51
1139	01.08.2025 16:15:58	17,72	-0,07	27,89	37,20	1506,72
1140	01.08.2025 16:15:59	17,75	-0,07	27,84	37,18	1506,76
1141	01.08.2025 16:16:00	17,75	-0,08	27,67	36,96	1506,56
1142	01.08.2025 16:16:01	17,75	-0,10	27,64	36,94	1506,53
1143	01.08.2025 16:16:02	17,72	0,00	27,86	37,18	1506,71
1144	01.08.2025 16:16:03	17,78	-0,05	27,87	37,23	1506,88
1145	01.08.2025 16:16:04	17,84	-0,07	27,83	37,23	1507,02
1146	01.08.2025 16:16:05	17,90	-0,08	27,68	37,10	1507,02
1147	01.08.2025 16:16:06	17,90	-0,05	27,61	37,02	1506,95
1148	01.08.2025 16:16:07	17,93	-0,07	27,57	36,99	1506,98
1149	01.08.2025 16:16:08	17,90	-0,08	27,48	36,86	1506,79
1150	01.08.2025 16:16:09	17,87	-0,05	27,65	37,05	1506,91
1151	01.08.2025 16:16:10	17,90	-0,03	27,72	37,16	1507,08
1152	01.08.2025 16:16:11	17,96	-0,05	27,64	37,10	1507,16
1153	01.08.2025 16:16:12	17,99	-0,07	27,66	37,16	1507,27
1154	01.08.2025 16:16:13	18,02	-0,05	10,36	15,17	1487,38
1155	01.08.2025 16:16:14	18,05	-0,05	17,33	24,33	1495,51
1156	01.08.2025 16:16:15	18,08	-0,07	18,17	25,43	1496,57
1157	01.08.2025 16:16:16	18,05	-0,07	18,31	25,59	1496,64
1158	01.08.2025 16:16:17	18,05	-0,07	26,55	35,85	1506,16
1159	01.08.2025 16:16:18	18,08	-0,05	17,08	24,03	1495,32
1160	01.08.2025 16:16:19	18,11	-0,07	17,03	23,98	1495,34
1161	01.08.2025 16:16:20	18,11	-0,05	17,00	23,95	1495,32
1162	01.08.2025 16:16:21	18,11	-0,05	27,56	37,13	1507,51
1163	01.08.2025 16:16:22	18,14	-0,03	20,50	28,42	1499,45
1164	01.08.2025 16:16:23	18,20	-0,05	20,47	28,42	1499,60
1165	01.08.2025 16:16:24	18,20	-0,05	20,45	28,39	1499,57
1166	01.08.2025 16:16:25	18,20	-0,05	20,45	28,39	1499,57
1167	01.08.2025 16:16:26	18,22	-0,05	20,46	28,42	1499,67
1168	01.08.2025 16:16:27	18,22	-0,05	20,43	28,39	1499,65
1169	01.08.2025 16:16:28	18,22	-0,05	20,39	28,34	1499,60
1170	01.08.2025 16:16:29	18,22	-0,05	20,41	28,37	1499,62
1171	01.08.2025 16:16:30	18,22	-0,05	20,39	28,34	1499,60
1172	01.08.2025 16:16:31	18,22	-0,05	20,26	28,18	1499,45
1173	01.08.2025 16:16:32	18,22	-0,05	20,33	28,26	1499,52
1174	01.08.2025 16:16:33	18,22	-0,05	18,89	26,44	1497,87
1175	01.08.2025 16:16:34	18,22	-0,05	12,64	18,31	1490,66
1176	01.08.2025 16:16:35	18,22	-0,05	12,69	18,36	1490,71
1177	01.08.2025 16:16:36	18,20	-0,03	12,76	18,44	1490,70
1178	01.08.2025 16:16:37	18,20	-0,05	12,46	18,05	1490,36
1179	01.08.2025 16:16:38	18,20	-0,05	10,13	14,92	1487,67
1180	01.08.2025 16:16:39	18,20	-0,05	6,07	9,28	1482,98
1181	01.08.2025 16:16:40	18,17	-0,05	8,93	13,27	1486,19
1182	01.08.2025 16:16:41	18,17	-0,05	9,81	14,47	1487,20
1183	01.08.2025 16:16:42	18,17	-0,03	10,18	14,98	1487,64
1184	01.08.2025 16:16:43	18,14	-0,05	10,29	15,12	1487,67
1185	01.08.2025 16:16:44	18,14	-0,03	10,36	15,21	1487,75
1186	01.08.2025 16:16:45	18,14	-0,05	10,27	15,09	1487,65
1187	01.08.2025 16:16:46	18,14	-0,03	0,68	1,18	1476,58
1188	01.08.2025 16:16:47	18,14	-0,05	0,52	0,91	1476,39
1189	01.08.2025 16:16:48	18,14	-0,03	0,50	0,88	1476,37
1190	01.08.2025 16:16:49	18,14	-0,03	0,45	0,79	1476,32
1191	01.08.2025 16:16:50	18,11	-0,05	0,45	0,79	1476,22
1192	01.08.2025 16:16:51	18,11	-0,05	0,44	0,77	1476,20
1193	01.08.2025 16:16:52	18,11	-0,03	0,40	0,71	1476,16
1194	01.08.2025 16:16:53	18,11	-0,03	0,39	0,68	1476,14
1195	01.08.2025 16:16:54	18,08	-0,03	0,39	0,68	1476,05
1196	01.08.2025 16:16:55	18,08	-0,03	0,40	0,71	1476,06
1197	01.08.2025 16:16:56	18,08	-0,03	0,39	0,68	1476,05
1198	01.08.2025 16:16:57	18,08	-0,03	0,39	0,68	1476,05
1199	01.08.2025 16:16:58	18,08	-0,03	0,39	0,68	1476,05
1200	01.08.2025 16:16:59	18,05	-0,03	0,40	0,71	1475,97
1201	01.08.2025 16:17:00	18,05	-0,03	0,40	0,71	1475,97
1202	01.08.2025 16:17:01	18,05	-0,01	0,40	0,71	1475,97
1203	01.08.2025 16:17:02	18,05	-0,03	0,40	0,71	1475,97
1204	01.08.2025 16:17:03	18,02	-0,03	0,39	0,68	1475,85
1205	01.08.2025 16:17:04	18,02	-0,03	0,39	0,68	1475,85
1206	01.08.2025 16:17:05	18,02	-0,03	0,34	0,60	1475,80
1207	01.08.2025 16:17:06	18,02	-0,03	0,32	0,57	1475,78
1208	01.08.2025 16:17:07	17,99	-0,05	0,32	0,57	1475,68
1209	01.08.2025 16:17:08	17,99	-0,05	0,34	0,60	1475,70
1210	01.08.2025 16:17:09	17,99	-0,05	0,36	0,63	1475,71
1211	01.08.2025 16:17:10	17,99	-0,05	0,32	0,57	1475,68
1212	01.08.2025 16:17:11	17,96	-0,03	0,36	0,63	1475,62
1213	01.08.2025 16:17:12	17,96	-0,03	0,36	0,63	1475,62
1214	01.08.2025 16:17:13	17,96	-0,05	0,34	0,60	1475,60
1215	01.08.2025 16:17:14	17,96	-0,03	0,24	0,43	1475,49
1216	01.08.2025 16:17:15	17,96	-0,05	0,21	0,38	1475,45
1217	01.08.2025 16:17:16	17,93	-0,05	0,21	0,38	1475,35
1218	01.08.2025 16:17:17	17,93	-0,03	0,21	0,38	1475,36
1219	01.08.2025 16:17:18	17,93	-0,05	0,21	0,38	1475,35
1220	01.08.2025 16:17:19	17,93	-0,05	0,20	0,35	1475,33
1221	01.08.2025 16:17:20	17,93	-0,03	0,20	0,35	1475,34
1222	01.08.2025 16:17:21	17,90	-0,03	0,20	0,35	1475,24
1223	01.08.2025 16:17:22	17,90	-0,03	0,21	0,38	1475,26
1224	01.08.2025 16:17:23	17,90	-0,05	0,20	0,35	1475,24
1225	01.08.2025 16:17:24	17,90	-0,03	0,49	0,85	1475,58
1226	01.08.2025 16:17:25	17,90	-0,03	0,24	0,43	1475,30
1227	01.08.2025 16:17:26	17,87	-0,05	0,23	0,40	1475,18
1228	01.08.2025 16:17:27	17,87	-0,03	0,21	0,38	1475,16
1229	01.08.2025 16:17:28	17,87	-0,03	0,21	0,38	1475,16
1230	01.08.2025 16:17:29	17,87	-0,03	0,21	0,38	1475,16
1231	01.08.2025 16:17:30	17,87	-0,05	0,20	0,35	1475,14
1232	01.08.2025 16:17:31	17,84	-0,03	0,20	0,35	1475,04
1233	01.08.2025 16:17:32	17,84	-0,03	0,20	0,35	1475,04
1234	01.08.2025 16:17:33	17,84	-0,03	0,20	0,35	1475,04
1235	01.08.2025 16:17:34	17,84	-0,03	0,20	0,35	1475,04
1236	01.08.2025 16:17:35	17,84	-0,05	0,20	0,35	1475,04
1237	01.08.2025 16:17:36	17,81	-0,03	0,20	0,35	1474,95
1238	01.08.2025 16:17:37	17,81	-0,03	0,20	0,35	1474,95
1239	01.08.2025 16:17:38	17,81	-0,03	0,20	0,35	1474,95
1240	01.08.2025 16:17:39	17,81	-0,03	0,20	0,35	1474,95
1241	01.08.2025 16:17:40	17,81	-0,03	0,20	0,35	1474,95
1242	01.08.2025 16:17:41	17,78	-0,03	0,20	0,35	1474,85
1243	01.08.2025 16:17:42	17,78	-0,03	0,20	0,35	1474,85
1244	01.08.2025 16:17:43	17,78	-0,03	0,20	0,35	1474,85
1245	01.08.2025 16:17:44	17,78	-0,03	0,20	0,35	1474,85
1246	01.08.2025 16:17:45	17,78	-0,03	0,20	0,35	1474,85
1247	01.08.2025 16:17:46	17,78	-0,03	0,20	0,35	1474,85
1248	01.08.2025 16:17:47	17,78	-0,03	0,20	0,35	1474,85
1249	01.08.2025 16:17:48	17,75	-0,01	0,20	0,35	1474,75
1250	01.08.2025 16:17:49	17,75	-0,03	0,18	0,32	1474,73
1251	01.08.2025 16:17:50	17,75	-0,03	0,18	0,32	1474,73
1252	01.08.2025 16:17:51	17,75	-0,03	0,18	0,32	1474,73
1253	01.08.2025 16:17:52	17,75	-0,03	0,20	0,35	1474,75
1254	01.08.2025 16:17:53	17,75	-0,05	0,20	0,35	1474,75
1255	01.08.2025 16:17:54	17,75	-0,03	0,20	0,35	1474,75
1256	01.08.2025 16:17:55	17,75	-0,03	0,18	0,32	1474,73
1257	01.08.2025 16:17:56	17,72	-0,03	0,18	0,32	1474,63
1258	01.08.2025 16:17:57	17,72	-0,03	0,18	0,32	1474,63
1259	01.08.2025 16:17:58	17,72	-0,01	0,20	0,35	1474,66
1260	01.08.2025 16:17:59	17,72	-0,03	0,18	0,32	1474,63
1261	01.08.2025 16:18:00	17,72	-0,03	0,18	0,32	1474,63
1262	01.08.2025 16:18:01	17,72	-0,05	0,18	0,32	1474,63
1263	01.08.2025 16:18:02	17,69	-0,03	0,18	0,32	1474,54
1264	01.08.2025 16:18:03	17,69	-0,03	0,18	0,32	1474,54
1265	01.08.2025 16:18:04	17,69	-0,03	0,18	0,32	1474,54
1266	01.08.2025 16:18:05	17,69	-0,01	0,18	0,32	1474,54
1267	01.08.2025 16:18:06	17,69	-0,03	0,18	0,32	1474,54
1268	01.08.2025 16:18:07	17,69	-0,01	0,20	0,35	1474,56
1269	01.08.2025 16:18:08	17,69	-0,01	0,18	0,32	1474,54
1270	01.08.2025 16:18:09	17,66	-0,03	0,18	0,32	1474,44
1271	01.08.2025 16:18:10	17,66	-0,03	0,18	0,32	1474,44
1272	01.08.2025 16:18:11	17,66	-0,03	0,20	0,35	1474,46
1273	01.08.2025 16:18:12	17,66	-0,03	0,18	0,32	1474,44
1274	01.08.2025 16:18:13	17,66	-0,01	0,18	0,32	1474,44
1275	01.08.2025 16:18:14	17,66	-0,03	0,18	0,32	1474,44
1276	01.08.2025 16:18:15	17,63	-0,05	0,18	0,32	1474,34
1277	01.08.2025 16:18:16	17,63	-0,05	0,20	0,35	1474,36
1278	01.08.2025 16:18:17	17,63	-0,05	0,18	0,32	1474,34
1279	01.08.2025 16:18:18	17,63	-0,05	0,18	0,32	1474,34
1280	01.08.2025 16:18:19	17,63	-0,05	0,18	0,32	1474,34
1281	01.08.2025 16:18:20	17,63	-0,05	0,20	0,35	1474,36
1282	01.08.2025 16:18:21	17,63	-0,03	0,20	0,35	1474,36
1283	01.08.2025 16:18:22	17,63	-0,03	0,18	0,32	1474,34
1284	01.08.2025 16:18:23	17,60	-0,03	0,18	0,32	1474,24
1285	01.08.2025 16:18:24	17,60	-0,05	0,20	0,35	1474,26
1286	01.08.2025 16:18:25	17,60	-0,03	0,18	0,32	1474,24
1287	01.08.2025 16:18:26	17,60	-0,03	0,18	0,32	1474,24
1288	01.08.2025 16:18:27	17,60	-0,03	0,18	0,32	1474,24
1289	01.08.2025 16:18:28	17,60	-0,05	0,20	0,35	1474,26
1290	01.08.2025 16:18:29	17,60	-0,05	0,18	0,32	1474,24
1291	01.08.2025 16:18:30	17,60	-0,05	0,18	0,32	1474,24
1292	01.08.2025 16:18:31	17,60	-0,03	0,20	0,35	1474,26
1293	01.08.2025 16:18:32	17,57	-0,03	0,18	0,32	1474,14
1294	01.08.2025 16:18:33	17,57	-0,05	0,18	0,32	1474,14
1295	01.08.2025 16:18:34	17,57	-0,05	0,18	0,32	1474,14
1296	01.08.2025 16:18:35	17,57	-0,05	0,18	0,32	1474,14
1297	01.08.2025 16:18:36	17,57	-0,03	0,18	0,32	1474,14
1298	01.08.2025 16:18:37	17,57	-0,03	0,20	0,35	1474,16
1299	01.08.2025 16:18:38	17,57	-0,05	0,20	0,35	1474,16
1300	01.08.2025 16:18:39	17,57	-0,03	0,18	0,32	1474,14
1301	01.08.2025 16:18:40	17,54	-0,03	0,18	0,32	1474,04
1302	01.08.2025 16:18:41	17,54	-0,05	0,18	0,32	1474,04
1303	01.08.2025 16:18:42	17,54	-0,05	0,20	0,35	1474,06
1304	01.08.2025 16:18:43	17,54	-0,03	0,18	0,32	1474,04
1305	01.08.2025 16:18:44	17,54	-0,05	0,18	0,32	1474,04
1306	01.08.2025 16:18:45	17,54	-0,03	0,18	0,32	1474,04
1307	01.08.2025 16:18:46	17,54	-0,05	0,18	0,32	1474,04
1308	01.08.2025 16:18:47	17,54	-0,03	0,18	0,32	1474,04
1309	01.08.2025 16:18:48	17,54	-0,03	0,18	0,32	1474,04
1310	01.08.2025 16:18:49	17,54	-0,03	0,18	0,32	1474,04
1311	01.08.2025 16:18:50	17,51	-0,03	0,18	0,32	1473,95
1312	01.08.2025 16:18:51	17,51	-0,03	0,20	0,35	1473,96
1313	01.08.2025 16:18:52	17,51	-0,05	0,18	0,32	1473,94
1314	01.08.2025 16:18:53	17,51	-0,03	0,18	0,32	1473,95
1315	01.08.2025 16:18:54	17,51	-0,03	0,18	0,32	1473,95
1316	01.08.2025 16:18:55	17,51	-0,05	0,20	0,35	1473,96
1317	01.08.2025 16:18:56	17,51	-0,03	0,18	0,32	1473,95
1318	01.08.2025 16:18:57	17,51	-0,05	0,18	0,32	1473,94
1319	01.08.2025 16:18:58	17,51	-0,03	0,18	0,32	1473,95
1320	01.08.2025 16:18:59	17,48	-0,05	0,20	0,35	1473,86
1321	01.08.2025 16:19:00	17,48	-0,05	0,18	0,32	1473,84
1322	01.08.2025 16:19:01	17,48	-0,03	0,18	0,32	1473,85
1323	01.08.2025 16:19:02	17,48	-0,05	0,18	0,32	1473,84
1324	01.08.2025 16:19:03	17,48	-0,03	0,18	0,32	1473,85
1325	01.08.2025 16:19:04	17,48	-0,05	0,18	0,32	1473,84
1326	01.08.2025 16:19:05	17,48	-0,05	0,18	0,32	1473,84
1327	01.08.2025 16:19:06	17,48	-0,03	0,18	0,32	1473,85
1328	01.08.2025 16:19:07	17,48	-0,03	0,18	0,32	1473,85
1329	01.08.2025 16:19:08	17,48	-0,05	0,20	0,35	1473,86
1330	01.08.2025 16:19:09	17,48	-0,03	0,20	0,35	1473,87
1331	01.08.2025 16:19:10	17,48	-0,03	0,18	0,32	1473,85
1332	01.08.2025 16:19:11	17,48	-0,05	0,18	0,32	1473,84
1333	01.08.2025 16:19:12	17,45	-0,03	0,20	0,35	1473,77
1334	01.08.2025 16:19:13	17,45	-0,05	0,18	0,32	1473,75
1335	01.08.2025 16:19:14	17,45	-0,03	0,18	0,32	1473,75
1336	01.08.2025 16:19:15	17,45	-0,03	0,18	0,32	1473,75
1337	01.08.2025 16:19:16	17,45	-0,05	0,18	0,32	1473,75
1338	01.08.2025 16:19:17	17,45	-0,03	0,18	0,32	1473,75
1339	01.08.2025 16:19:18	17,45	-0,03	0,20	0,35	1473,77
1340	01.08.2025 16:19:19	17,45	-0,03	0,18	0,32	1473,75
1341	01.08.2025 16:19:20	17,45	-0,05	0,18	0,32	1473,75
1342	01.08.2025 16:19:21	17,45	-0,03	0,18	0,32	1473,75
1343	01.08.2025 16:19:22	17,45	-0,03	0,18	0,32	1473,75
1344	01.08.2025 16:19:23	17,45	-0,03	0,18	0,32	1473,75
1345	01.08.2025 16:19:24	17,45	-0,05	0,18	0,32	1473,75
1346	01.08.2025 16:19:25	17,45	-0,05	0,18	0,32	1473,75
1347	01.08.2025 16:19:26	17,42	-0,05	0,18	0,32	1473,65
1348	01.08.2025 16:19:27	17,42	-0,03	0,18	0,32	1473,65
1349	01.08.2025 16:19:28	17,42	-0,03	0,20	0,35	1473,67
1350	01.08.2025 16:19:29	17,42	-0,03	0,18	0,32	1473,65
1351	01.08.2025 16:19:30	17,42	-0,03	0,18	0,32	1473,65
1352	01.08.2025 16:19:31	17,42	-0,03	0,18	0,32	1473,65
1353	01.08.2025 16:19:32	17,42	-0,03	0,18	0,32	1473,65
1354	01.08.2025 16:19:33	17,42	-0,05	0,18	0,32	1473,65
1355	01.08.2025 16:19:34	17,42	-0,03	0,18	0,32	1473,65
1356	01.08.2025 16:19:35	17,42	-0,03	0,18	0,32	1473,65
1357	01.08.2025 16:19:36	17,42	-0,03	0,18	0,32	1473,65
1358	01.08.2025 16:19:37	17,42	-0,05	0,18	0,32	1473,65
1359	01.08.2025 16:19:38	17,42	-0,05	0,18	0,32	1473,65
1360	01.08.2025 16:19:39	17,39	-0,05	0,18	0,32	1473,55
1361	01.08.2025 16:19:40	17,39	-0,05	0,18	0,32	1473,55
1362	01.08.2025 16:19:41	17,39	-0,03	0,18	0,32	1473,55
1363	01.08.2025 16:19:42	17,39	-0,03	0,18	0,32	1473,55
1364	01.08.2025 16:19:43	17,39	-0,05	0,18	0,32	1473,55
1365	01.08.2025 16:19:44	17,39	-0,03	0,18	0,32	1473,55
1366	01.08.2025 16:19:45	17,39	-0,03	0,18	0,32	1473,55
1367	01.08.2025 16:19:46	17,39	-0,03	0,18	0,32	1473,55
1368	01.08.2025 16:19:47	17,39	-0,03	0,18	0,32	1473,55
1369	01.08.2025 16:19:48	17,39	-0,03	0,18	0,32	1473,55
1370	01.08.2025 16:19:49	17,39	-0,03	0,18	0,32	1473,55
1371	01.08.2025 16:19:50	17,39	-0,03	0,18	0,32	1473,55
1372	01.08.2025 16:19:51	17,39	-0,03	0,18	0,32	1473,55
1373	01.08.2025 16:19:52	17,39	-0,03	0,18	0,32	1473,55
1374	01.08.2025 16:19:53	17,36	-0,03	0,18	0,32	1473,45
1375	01.08.2025 16:19:54	17,36	-0,05	0,18	0,32	1473,45
1376	01.08.2025 16:19:55	17,36	-0,03	0,18	0,32	1473,45
1377	01.08.2025 16:19:56	17,36	-0,03	0,18	0,32	1473,45
1378	01.08.2025 16:19:57	17,36	-0,03	0,18	0,32	1473,45
1379	01.08.2025 16:19:58	17,36	-0,03	0,18	0,32	1473,45
1380	01.08.2025 16:19:59	17,36	-0,03	0,18	0,32	1473,45
1381	01.08.2025 16:20:00	17,36	-0,03	0,18	0,32	1473,45
1382	01.08.2025 16:20:01	17,36	-0,05	0,18	0,32	1473,45
1383	01.08.2025 16:20:02	17,36	-0,03	0,18	0,32	1473,45
1384	01.08.2025 16:20:03	17,36	-0,03	0,18	0,32	1473,45
1385	01.08.2025 16:20:04	17,36	-0,03	0,18	0,32	1473,45
1386	01.08.2025 16:20:05	17,36	-0,03	0,18	0,32	1473,45
1387	01.08.2025 16:20:06	17,36	-0,05	0,18	0,32	1473,45
1388	01.08.2025 16:20:07	17,36	-0,03	0,17	0,29	1473,43
1389	01.08.2025 16:20:08	17,36	-0,03	0,18	0,32	1473,45
1390	01.08.2025 16:20:09	17,33	-0,03	0,18	0,32	1473,35
1391	01.08.2025 16:20:10	17,33	-0,03	0,18	0,32	1473,35
1392	01.08.2025 16:20:11	17,33	-0,03	0,18	0,32	1473,35
1393	01.08.2025 16:20:12	17,33	-0,03	0,18	0,32	1473,35
1394	01.08.2025 16:20:13	17,33	-0,03	0,18	0,32	1473,35
1395	01.08.2025 16:20:14	17,33	-0,03	0,18	0,32	1473,35
1396	01.08.2025 16:20:15	17,33	-0,05	0,18	0,32	1473,35
1397	01.08.2025 16:20:16	17,33	-0,03	0,18	0,32	1473,35
1398	01.08.2025 16:20:17	17,33	-0,03	0,18	0,32	1473,35
1399	01.08.2025 16:20:18	17,33	-0,03	0,17	0,29	1473,33
1400	01.08.2025 16:20:19	17,33	-0,03	0,18	0,32	1473,35
1401	01.08.2025 16:20:20	17,33	-0,03	0,18	0,32	1473,35
1402	01.08.2025 16:20:21	17,33	-0,03	0,18	0,32	1473,35
1403	01.08.2025 16:20:22	17,33	-0,03	0,18	0,32	1473,35
1404	01.08.2025 16:20:23	17,33	-0,03	0,18	0,32	1473,35
1405	01.08.2025 16:20:24	17,33	-0,03	0,18	0,32	1473,35
1406	01.08.2025 16:20:25	17,33	-0,05	0,18	0,32	1473,35
1407	01.08.2025 16:20:26	17,33	-0,03	0,18	0,32	1473,35
1408	01.08.2025 16:20:27	17,33	-0,03	0,18	0,32	1473,35
1409	01.08.2025 16:20:28	17,33	-0,03	0,18	0,32	1473,35
1410	01.08.2025 16:20:29	17,33	-0,05	0,18	0,32	1473,35
1411	01.08.2025 16:20:30	17,33	-0,03	0,18	0,32	1473,35
1412	01.08.2025 16:20:31	17,33	-0,03	0,18	0,32	1473,35
1413	01.08.2025 16:20:32	17,33	-0,03	0,18	0,32	1473,35
1414	01.08.2025 16:20:33	17,33	-0,03	0,18	0,32	1473,35
1415	01.08.2025 16:20:34	17,30	-0,01	0,97	1,62	1474,17
1416	01.08.2025 16:20:35	17,30	-0,03	1,38	2,27	1474,65
1417	01.08.2025 16:20:36	17,30	-0,03	2,50	3,97	1475,95
1418	01.08.2025 16:20:37	17,30	-0,03	3,16	4,95	1476,72
1419	01.08.2025 16:20:38	17,30	-0,03	1,22	2,02	1474,46
1420	01.08.2025 16:20:39	17,30	-0,03	2,05	3,29	1475,42
1421	01.08.2025 16:20:40	17,30	-0,03	2,24	3,57	1475,64
1422	01.08.2025 16:20:41	17,30	-0,03	2,28	3,63	1475,69
1423	01.08.2025 16:20:42	17,30	-0,03	2,16	3,46	1475,55
1424	01.08.2025 16:20:43	17,30	-0,03	2,12	3,40	1475,51
1425	01.08.2025 16:20:44	17,30	-0,03	2,20	3,52	1475,60
1426	01.08.2025 16:20:45	17,30	-0,03	2,24	3,57	1475,64
1427	01.08.2025 16:20:46	17,30	-0,03	2,28	3,63	1475,69
1428	01.08.2025 16:20:47	17,30	-0,05	2,22	3,55	1475,62
1429	01.08.2025 16:20:48	17,30	-0,03	2,22	3,55	1475,62
1430	01.08.2025 16:20:49	17,30	-0,03	2,31	3,69	1475,73
1431	01.08.2025 16:20:50	17,30	-0,01	2,22	3,55	1475,62
1432	01.08.2025 16:20:51	17,30	-0,03	2,24	3,57	1475,64
1433	01.08.2025 16:20:52	17,30	-0,03	2,28	3,63	1475,69
1434	01.08.2025 16:20:53	17,30	-0,05	2,28	3,63	1475,68
1435	01.08.2025 16:20:54	17,30	-0,03	2,24	3,57	1475,64
1436	01.08.2025 16:20:55	17,30	-0,03	2,28	3,63	1475,69
1437	01.08.2025 16:20:56	17,27	-0,05	2,33	3,72	1475,65
1438	01.08.2025 16:20:57	17,27	-0,05	2,28	3,63	1475,59
1439	01.08.2025 16:20:58	17,27	-0,05	2,22	3,55	1475,52
1440	01.08.2025 16:20:59	17,27	-0,05	2,28	3,63	1475,59
1441	01.08.2025 16:21:00	17,27	-0,05	2,37	3,77	1475,70
1442	01.08.2025 16:21:01	17,27	-0,05	2,30	3,66	1475,61
1443	01.08.2025 16:21:02	17,27	-0,07	2,24	3,57	1475,54
1444	01.08.2025 16:21:03	17,27	-0,05	2,37	3,77	1475,70
1445	01.08.2025 16:21:04	17,27	-0,05	2,35	3,74	1475,67
1446	01.08.2025 16:21:05	17,27	-0,05	2,26	3,60	1475,56
1447	01.08.2025 16:21:06	17,27	-0,05	2,28	3,63	1475,59
1448	01.08.2025 16:21:07	17,27	-0,05	2,32	3,69	1475,63
1449	01.08.2025 16:21:08	17,27	-0,05	2,33	3,72	1475,65
1450	01.08.2025 16:21:09	17,27	-0,05	2,33	3,72	1475,65
1451	01.08.2025 16:21:10	17,27	-0,05	2,41	3,83	1475,74
1452	01.08.2025 16:21:11	17,27	-0,05	2,45	3,89	1475,78
1453	01.08.2025 16:21:12	17,27	-0,05	2,45	3,89	1475,78
1454	01.08.2025 16:21:13	17,27	-0,05	2,49	3,94	1475,83
1455	01.08.2025 16:21:14	17,27	-0,05	2,45	3,89	1475,78
1456	01.08.2025 16:21:15	17,27	-0,05	2,43	3,86	1475,76
1457	01.08.2025 16:21:16	17,27	-0,05	2,35	3,74	1475,67
1458	01.08.2025 16:21:17	17,27	-0,05	2,33	3,72	1475,65
1459	01.08.2025 16:21:18	17,27	-0,03	2,37	3,77	1475,70
1460	01.08.2025 16:21:19	17,27	-0,05	2,33	3,72	1475,65
1461	01.08.2025 16:21:20	17,24	-0,05	2,35	3,74	1475,58
1462	01.08.2025 16:21:21	17,24	-0,03	2,32	3,69	1475,54
1463	01.08.2025 16:21:22	17,24	-0,03	2,35	3,74	1475,58
1464	01.08.2025 16:21:23	17,24	-0,05	2,35	3,74	1475,58
1465	01.08.2025 16:21:24	17,24	-0,05	2,32	3,69	1475,53
1466	01.08.2025 16:21:25	17,24	-0,05	2,30	3,66	1475,51
1467	01.08.2025 16:21:26	17,24	-0,05	2,34	3,72	1475,55
1468	01.08.2025 16:21:27	17,24	-0,05	2,32	3,69	1475,53
1469	01.08.2025 16:21:28	17,24	-0,05	2,28	3,63	1475,49
1470	01.08.2025 16:21:29	17,24	-0,05	2,34	3,72	1475,55
1471	01.08.2025 16:21:30	17,24	-0,05	2,39	3,80	1475,62
1472	01.08.2025 16:21:31	17,24	-0,03	2,35	3,74	1475,58
1473	01.08.2025 16:21:32	17,24	-0,05	2,45	3,89	1475,69
1474	01.08.2025 16:21:33	17,24	-0,07	2,39	3,80	1475,62
1475	01.08.2025 16:21:34	17,24	-0,05	2,49	3,94	1475,73
1476	01.08.2025 16:21:35	17,24	-0,05	2,55	4,03	1475,80
1477	01.08.2025 16:21:36	17,24	-0,05	2,62	4,14	1475,89
1478	01.08.2025 16:21:37	17,24	-0,05	2,64	4,17	1475,91
1479	01.08.2025 16:21:38	17,24	-0,05	2,56	4,06	1475,82
1480	01.08.2025 16:21:39	17,24	-0,05	2,43	3,86	1475,67
1481	01.08.2025 16:21:40	17,24	-0,05	2,35	3,74	1475,58
1482	01.08.2025 16:21:41	17,24	-0,03	2,22	3,55	1475,42
1483	01.08.2025 16:21:42	17,24	-0,05	2,20	3,52	1475,40
1484	01.08.2025 16:21:43	17,24	-0,05	2,09	3,35	1475,27
1485	01.08.2025 16:21:44	17,24	-0,05	2,15	3,43	1475,33
1486	01.08.2025 16:21:45	17,24	-0,05	2,03	3,26	1475,20
1487	01.08.2025 16:21:46	17,21	-0,05	2,15	3,43	1475,24
1488	01.08.2025 16:21:47	17,24	-0,05	2,13	3,40	1475,31
1489	01.08.2025 16:21:48	17,21	-0,05	2,17	3,46	1475,26
1490	01.08.2025 16:21:49	17,24	-0,07	2,18	3,49	1475,37
1491	01.08.2025 16:21:50	17,24	-0,05	2,11	3,37	1475,29
1492	01.08.2025 16:21:51	17,21	-0,05	2,20	3,52	1475,30
1493	01.08.2025 16:21:52	17,21	-0,05	2,19	3,49	1475,28
1494	01.08.2025 16:21:53	17,21	-0,03	2,13	3,40	1475,22
1495	01.08.2025 16:21:54	17,21	-0,05	2,30	3,66	1475,41
1496	01.08.2025 16:21:55	17,21	-0,05	2,13	3,40	1475,21
1497	01.08.2025 16:21:56	17,21	-0,05	2,22	3,55	1475,32
1498	01.08.2025 16:21:57	17,21	-0,05	1,26	2,07	1474,20
1499	01.08.2025 16:21:58	17,21	-0,05	1,68	2,72	1474,69
1500	01.08.2025 16:21:59	17,21	-0,05	3,05	4,77	1476,29
1501	01.08.2025 16:22:00	17,21	-0,05	2,99	4,69	1476,22
1502	01.08.2025 16:22:01	17,21	-0,03	2,68	4,23	1475,86
1503	01.08.2025 16:22:02	17,21	-0,05	3,07	4,80	1476,31
1504	01.08.2025 16:22:03	17,21	-0,05	3,03	4,75	1476,26
1505	01.08.2025 16:22:04	17,21	-0,05	2,43	3,86	1475,57
1506	01.08.2025 16:22:05	17,21	-0,05	2,07	3,32	1475,15
1507	01.08.2025 16:22:06	17,21	-0,05	2,78	4,37	1475,97
1508	01.08.2025 16:22:07	17,21	-0,05	1,19	1,96	1474,12
1509	01.08.2025 16:22:08	17,21	-0,05	2,90	4,55	1476,11
1510	01.08.2025 16:22:09	17,21	-0,05	2,05	3,29	1475,13
1511	01.08.2025 16:22:10	17,21	-0,05	2,66	4,20	1475,84
1512	01.08.2025 16:22:11	17,21	-0,05	1,41	2,30	1474,37
1513	01.08.2025 16:22:12	17,21	-0,05	1,90	3,06	1474,95
1514	01.08.2025 16:22:13	17,21	-0,05	2,02	3,23	1475,08
1515	01.08.2025 16:22:14	17,21	-0,05	2,80	4,40	1475,99
1516	01.08.2025 16:22:15	17,21	-0,07	2,05	3,29	1475,12
1517	01.08.2025 16:22:16	17,21	-0,05	2,97	4,66	1476,20
1518	01.08.2025 16:22:17	17,18	-0,05	2,74	4,32	1475,83
1519	01.08.2025 16:22:18	17,18	-0,05	2,61	4,12	1475,67
1520	01.08.2025 16:22:19	17,18	-0,05	2,86	4,49	1475,96
1521	01.08.2025 16:22:20	17,18	-0,05	2,82	4,43	1475,92
1522	01.08.2025 16:22:21	17,18	-0,03	2,53	4,00	1475,59
1523	01.08.2025 16:22:22	17,18	-0,05	2,88	4,52	1475,99
1524	01.08.2025 16:22:23	17,18	-0,05	2,66	4,20	1475,74
1525	01.08.2025 16:22:24	17,18	-0,05	2,66	4,20	1475,74
1526	01.08.2025 16:22:25	17,18	-0,03	2,76	4,34	1475,85
1527	01.08.2025 16:22:26	17,18	-0,05	0,23	0,40	1472,91
1528	01.08.2025 16:22:27	17,18	-0,05	0,21	0,38	1472,89
1529	01.08.2025 16:22:28	17,18	-0,05	0,21	0,38	1472,89
1530	01.08.2025 16:22:29	17,18	-0,05	0,20	0,35	1472,87
1531	01.08.2025 16:22:30	17,18	-0,05	0,18	0,32	1472,85
1532	01.08.2025 16:22:31	17,18	-0,05	0,18	0,32	1472,85
1533	01.08.2025 16:22:32	17,18	-0,05	0,18	0,32	1472,85
1534	01.08.2025 16:22:33	17,18	-0,05	0,18	0,32	1472,85
1535	01.08.2025 16:22:34	17,18	-0,05	0,17	0,29	1472,83
1536	01.08.2025 16:22:35	17,18	-0,05	0,17	0,29	1472,83
1537	01.08.2025 16:22:36	17,18	-0,05	3,11	4,86	1476,26
1538	01.08.2025 16:22:37	17,18	-0,05	0,89	1,48	1473,67
1539	01.08.2025 16:22:38	17,18	-0,05	2,94	4,60	1476,05
1540	01.08.2025 16:22:39	17,18	-0,03	2,90	4,54	1476,01
1541	01.08.2025 16:22:40	17,18	-0,05	3,15	4,92	1476,30
1542	01.08.2025 16:22:41	17,18	-0,03	3,17	4,95	1476,33
1543	01.08.2025 16:22:42	17,18	-0,05	3,01	4,72	1476,15
1544	01.08.2025 16:22:43	17,18	-0,05	2,65	4,17	1475,72
1545	01.08.2025 16:22:44	17,18	-0,05	2,15	3,43	1475,14
1546	01.08.2025 16:22:45	17,18	-0,05	3,23	5,03	1476,40
1547	01.08.2025 16:22:46	17,18	-0,05	2,72	4,29	1475,81
1548	01.08.2025 16:22:47	17,18	-0,05	2,94	4,60	1476,05
1549	01.08.2025 16:22:48	17,18	-0,05	3,09	4,83	1476,24
1550	01.08.2025 16:22:49	17,18	-0,05	2,86	4,49	1475,96
1551	01.08.2025 16:22:50	17,18	-0,05	2,15	3,43	1475,14
1552	01.08.2025 16:22:51	17,18	-0,05	3,17	4,95	1476,33
1553	01.08.2025 16:22:52	17,18	-0,05	3,37	5,23	1476,56
1554	01.08.2025 16:22:53	17,18	-0,05	3,37	5,23	1476,56
1555	01.08.2025 16:22:54	17,18	-0,05	3,37	5,23	1476,56
1556	01.08.2025 16:22:55	17,18	-0,05	1,46	2,38	1474,34
1557	01.08.2025 16:22:56	17,18	-0,05	2,99	4,69	1476,12
1558	01.08.2025 16:22:57	17,18	-0,05	2,65	4,17	1475,72
1559	01.08.2025 16:22:58	17,24	-0,17	3,17	4,95	1476,50
1560	01.08.2025 16:22:59	17,30	-0,14	2,01	3,23	1475,36
1561	01.08.2025 16:23:00	17,36	-0,14	2,05	3,29	1475,60
1562	01.08.2025 16:23:01	17,42	-0,12	3,04	4,77	1476,95
1563	01.08.2025 16:23:02	17,51	-0,14	1,29	2,13	1475,21
1564	01.08.2025 16:23:03	17,63	-0,10	1,77	2,89	1476,18
1565	01.08.2025 16:23:04	17,72	-0,07	2,82	4,49	1477,69
1566	01.08.2025 16:23:05	17,84	-0,12	3,30	5,21	1478,62
1567	01.08.2025 16:23:06	17,96	-0,10	3,19	5,07	1478,89
1568	01.08.2025 16:23:07	18,11	-0,10	3,31	5,27	1479,51
1569	01.08.2025 16:23:08	18,22	-0,10	3,19	5,10	1479,75
1570	01.08.2025 16:23:09	18,37	-0,12	1,91	3,15	1478,75
1571	01.08.2025 16:23:10	18,46	-0,10	2,91	4,70	1480,19
1572	01.08.2025 16:23:11	18,64	-0,19	3,22	5,18	1481,10
1573	01.08.2025 16:23:12	18,70	-0,21	3,20	5,16	1481,26
1574	01.08.2025 16:23:13	18,73	-0,19	3,21	5,19	1481,38
1575	01.08.2025 16:23:14	18,79	-0,19	3,21	5,19	1481,56
1576	01.08.2025 16:23:15	18,82	-0,17	3,21	5,19	1481,66
1577	01.08.2025 16:23:16	18,88	-0,19	3,20	5,19	1481,84
1578	01.08.2025 16:23:17	18,94	-0,17	3,20	5,19	1482,02
