#B	Created:	29.08.2025 19:51:22
##	Version	SeaStar	9.59
#5	Field separation:	0
#2	Date & Time:	1
#6	Decimal point:	,
#7	Date def.:	dd.mm.yyyy	.
#8	Time def.:	:
##	Axis	0	Temperature(°C)	clRed	FALSE
##	Axis	1	Pressure(Bar)	clBlue	FALSE
##	Axis	2	Salinity(psu)	clGreen	FALSE
##	Axis	3	Conductivity(mS/cm)	$00FF80FF	FALSE
##	Axis	4	Sound Velocity(m/sec)	$00404080	FALSE
##	Series	0	Temp(°C)	clRed	0	Temp(°C)	2
##	Series	1	Press(Bar)	clBlue	1	Press(Bar)	2
##	Series	2	Salinity(psu)	clGreen	2	Salinity(psu)	2
##	Series	3	Conduct(mS/cm)	$00FF80FF	3	Conduct(mS/cm)	2
##	Series	4	Sound Velocity(m/sec)	$00404080	4	Velocity(m/sec)	2
##	Recorder	123	DST CTD	13528
##	Chart	123S13528DAT	
#D	Data:	1730	29.08.2025 19:22:00	29.08.2025 19:50:49
1	29.08.2025 19:22:00	21,94	-0,15	0,57	1,08	1488,25
2	29.08.2025 19:22:01	21,94	-0,17	0,59	1,11	1488,27
3	29.08.2025 19:22:02	21,94	-0,15	0,57	1,08	1488,25
4	29.08.2025 19:22:03	21,94	-0,15	0,59	1,11	1488,27
5	29.08.2025 19:22:04	21,94	-0,15	0,59	1,11	1488,27
6	29.08.2025 19:22:05	21,94	-0,15	0,60	1,14	1488,29
7	29.08.2025 19:22:06	21,94	-0,17	0,57	1,08	1488,25
8	29.08.2025 19:22:07	21,94	-0,15	0,57	1,08	1488,25
9	29.08.2025 19:22:08	21,94	-0,15	0,57	1,08	1488,25
10	29.08.2025 19:22:09	21,94	-0,15	0,59	1,11	1488,27
11	29.08.2025 19:22:10	21,94	-0,15	0,59	1,11	1488,27
12	29.08.2025 19:22:11	21,94	-0,15	0,56	1,06	1488,24
13	29.08.2025 19:22:12	21,94	-0,15	0,57	1,08	1488,25
14	29.08.2025 19:22:13	21,94	-0,17	0,57	1,08	1488,25
15	29.08.2025 19:22:14	21,94	-0,15	0,57	1,08	1488,25
16	29.08.2025 19:22:15	21,94	-0,15	0,60	1,14	1488,29
17	29.08.2025 19:22:16	21,94	-0,15	0,56	1,06	1488,24
18	29.08.2025 19:22:17	21,94	-0,15	0,57	1,08	1488,25
19	29.08.2025 19:22:18	21,94	-0,15	0,59	1,11	1488,27
20	29.08.2025 19:22:19	21,94	-0,15	0,60	1,14	1488,29
21	29.08.2025 19:22:20	21,94	-0,15	0,57	1,08	1488,25
22	29.08.2025 19:22:21	21,94	-0,13	0,56	1,06	1488,24
23	29.08.2025 19:22:22	21,94	-0,15	0,59	1,11	1488,27
24	29.08.2025 19:22:23	21,94	-0,15	0,57	1,08	1488,25
25	29.08.2025 19:22:24	21,91	-0,15	0,60	1,14	1488,20
26	29.08.2025 19:22:25	21,94	-0,15	0,59	1,11	1488,27
27	29.08.2025 19:22:26	21,91	-0,15	0,57	1,08	1488,17
28	29.08.2025 19:22:27	21,91	-0,15	0,57	1,08	1488,17
29	29.08.2025 19:22:28	21,91	-0,15	0,57	1,08	1488,17
30	29.08.2025 19:22:29	21,91	-0,15	0,54	1,03	1488,14
31	29.08.2025 19:22:30	21,91	-0,15	0,59	1,11	1488,18
32	29.08.2025 19:22:31	21,91	-0,15	0,57	1,08	1488,17
33	29.08.2025 19:22:32	21,91	-0,15	0,59	1,11	1488,18
34	29.08.2025 19:22:33	21,91	-0,15	0,56	1,06	1488,15
35	29.08.2025 19:22:34	21,91	-0,15	0,59	1,11	1488,18
36	29.08.2025 19:22:35	21,91	-0,15	0,59	1,11	1488,18
37	29.08.2025 19:22:36	21,91	-0,15	0,57	1,08	1488,17
38	29.08.2025 19:22:37	21,91	-0,15	0,59	1,11	1488,18
39	29.08.2025 19:22:38	21,91	-0,13	0,56	1,06	1488,16
40	29.08.2025 19:22:39	21,91	-0,13	0,57	1,08	1488,17
41	29.08.2025 19:22:40	21,91	-0,13	0,60	1,14	1488,20
42	29.08.2025 19:22:41	21,91	-0,15	0,63	1,18	1488,23
43	29.08.2025 19:22:42	21,91	-0,13	0,60	1,14	1488,20
44	29.08.2025 19:22:43	21,88	-0,17	0,57	1,08	1488,08
45	29.08.2025 19:22:44	21,91	-0,15	0,57	1,08	1488,17
46	29.08.2025 19:22:45	21,88	-0,15	0,59	1,11	1488,10
47	29.08.2025 19:22:46	21,88	-0,15	0,56	1,06	1488,07
48	29.08.2025 19:22:47	21,88	-0,13	0,60	1,14	1488,12
49	29.08.2025 19:22:48	21,88	-0,15	0,57	1,08	1488,08
50	29.08.2025 19:22:49	21,88	-0,13	0,60	1,14	1488,12
51	29.08.2025 19:22:50	21,88	-0,15	0,59	1,11	1488,10
52	29.08.2025 19:22:51	21,88	-0,15	0,54	1,03	1488,05
53	29.08.2025 19:22:52	21,88	-0,15	0,54	1,03	1488,05
54	29.08.2025 19:22:53	21,88	-0,15	0,54	1,03	1488,05
55	29.08.2025 19:22:54	21,85	-0,13	0,60	1,14	1488,03
56	29.08.2025 19:22:55	21,85	-0,15	0,60	1,14	1488,03
57	29.08.2025 19:22:56	21,85	-0,15	0,55	1,03	1487,96
58	29.08.2025 19:22:57	21,85	-0,15	0,55	1,03	1487,96
59	29.08.2025 19:22:58	21,85	-0,15	0,56	1,06	1487,98
60	29.08.2025 19:22:59	21,85	-0,15	0,60	1,14	1488,03
61	29.08.2025 19:23:00	21,85	-0,15	0,56	1,06	1487,98
62	29.08.2025 19:23:01	21,85	-0,13	0,59	1,11	1488,01
63	29.08.2025 19:23:02	21,85	-0,15	0,57	1,08	1488,00
64	29.08.2025 19:23:03	21,85	-0,15	0,59	1,11	1488,01
65	29.08.2025 19:23:04	21,85	-0,15	0,59	1,11	1488,01
66	29.08.2025 19:23:05	21,85	-0,13	0,56	1,06	1487,98
67	29.08.2025 19:23:06	21,83	-0,13	0,62	1,16	1487,96
68	29.08.2025 19:23:07	21,83	-0,15	0,55	1,03	1487,88
69	29.08.2025 19:23:08	21,83	-0,15	0,55	1,03	1487,88
70	29.08.2025 19:23:09	21,83	-0,13	0,57	1,08	1487,91
71	29.08.2025 19:23:10	21,83	-0,13	0,55	1,03	1487,88
72	29.08.2025 19:23:11	21,83	-0,15	0,56	1,06	1487,89
73	29.08.2025 19:23:12	21,83	-0,15	0,57	1,08	1487,91
74	29.08.2025 19:23:13	21,83	-0,15	0,59	1,11	1487,93
75	29.08.2025 19:23:14	21,80	-0,13	0,59	1,11	1487,84
76	29.08.2025 19:23:15	21,80	-0,13	0,59	1,11	1487,84
77	29.08.2025 19:23:16	21,80	-0,15	0,56	1,06	1487,81
78	29.08.2025 19:23:17	21,80	-0,15	0,57	1,08	1487,82
79	29.08.2025 19:23:18	21,80	-0,13	0,55	1,03	1487,79
80	29.08.2025 19:23:19	21,80	-0,15	0,55	1,03	1487,79
81	29.08.2025 19:23:20	21,80	-0,15	0,57	1,08	1487,82
82	29.08.2025 19:23:21	21,80	-0,13	0,56	1,06	1487,81
83	29.08.2025 19:23:22	21,80	-0,15	0,55	1,03	1487,79
84	29.08.2025 19:23:23	21,80	-0,13	0,55	1,03	1487,79
85	29.08.2025 19:23:24	21,77	-0,13	0,58	1,08	1487,74
86	29.08.2025 19:23:25	21,77	-0,13	0,58	1,08	1487,74
87	29.08.2025 19:23:26	21,77	-0,15	0,56	1,06	1487,72
88	29.08.2025 19:23:27	21,77	-0,13	0,55	1,03	1487,71
89	29.08.2025 19:23:28	21,77	-0,13	0,60	1,14	1487,77
90	29.08.2025 19:23:29	21,77	-0,15	0,53	1,00	1487,69
91	29.08.2025 19:23:30	21,77	-0,13	0,59	1,11	1487,76
92	29.08.2025 19:23:31	21,77	-0,13	0,58	1,08	1487,74
93	29.08.2025 19:23:32	21,77	-0,13	0,56	1,06	1487,72
94	29.08.2025 19:23:33	21,77	-0,13	0,56	1,06	1487,72
95	29.08.2025 19:23:34	21,77	-0,13	0,63	1,18	1487,80
96	29.08.2025 19:23:35	21,74	-0,15	0,56	1,06	1487,63
97	29.08.2025 19:23:36	21,74	-0,15	0,60	1,14	1487,68
98	29.08.2025 19:23:37	21,74	-0,17	0,58	1,08	1487,65
99	29.08.2025 19:23:38	21,74	-0,15	0,58	1,08	1487,65
100	29.08.2025 19:23:39	21,74	-0,15	0,58	1,08	1487,65
101	29.08.2025 19:23:40	21,74	-0,15	0,58	1,08	1487,65
102	29.08.2025 19:23:41	21,74	-0,15	0,58	1,08	1487,65
103	29.08.2025 19:23:42	21,74	-0,15	0,58	1,08	1487,65
104	29.08.2025 19:23:43	21,74	-0,15	0,58	1,08	1487,65
105	29.08.2025 19:23:44	21,74	-0,15	0,56	1,06	1487,63
106	29.08.2025 19:23:45	21,74	-0,15	0,58	1,08	1487,65
107	29.08.2025 19:23:46	21,71	-0,13	0,58	1,08	1487,57
108	29.08.2025 19:23:47	21,71	-0,15	0,53	1,00	1487,51
109	29.08.2025 19:23:48	21,71	-0,15	0,56	1,06	1487,55
110	29.08.2025 19:23:49	21,71	-0,15	0,58	1,08	1487,56
111	29.08.2025 19:23:50	21,71	-0,13	0,58	1,08	1487,57
112	29.08.2025 19:23:51	21,71	-0,15	0,59	1,11	1487,58
113	29.08.2025 19:23:52	21,71	-0,13	0,59	1,11	1487,58
114	29.08.2025 19:23:53	21,71	-0,15	0,55	1,03	1487,53
115	29.08.2025 19:23:54	21,71	-0,15	0,58	1,08	1487,56
116	29.08.2025 19:23:55	21,71	-0,17	0,56	1,06	1487,54
117	29.08.2025 19:23:56	21,71	-0,13	0,53	1,00	1487,52
118	29.08.2025 19:23:57	21,68	-0,15	0,55	1,03	1487,44
119	29.08.2025 19:23:58	21,68	-0,15	0,59	1,11	1487,49
120	29.08.2025 19:23:59	21,68	-0,15	0,53	1,00	1487,43
121	29.08.2025 19:24:00	21,68	-0,15	0,50	0,95	1487,39
122	29.08.2025 19:24:01	21,68	-0,17	0,53	1,00	1487,42
123	29.08.2025 19:24:02	21,68	-0,15	0,56	1,06	1487,46
124	29.08.2025 19:24:03	21,68	-0,13	0,58	1,08	1487,48
125	29.08.2025 19:24:04	21,68	-0,13	0,52	0,98	1487,41
126	29.08.2025 19:24:05	21,68	-0,15	0,58	1,08	1487,48
127	29.08.2025 19:24:06	21,68	-0,15	0,56	1,06	1487,46
128	29.08.2025 19:24:07	21,65	-0,15	0,55	1,03	1487,36
129	29.08.2025 19:24:08	21,65	-0,17	0,56	1,06	1487,37
130	29.08.2025 19:24:09	21,65	-0,15	0,53	1,00	1487,34
131	29.08.2025 19:24:10	21,65	-0,15	0,55	1,03	1487,36
132	29.08.2025 19:24:11	21,65	-0,15	0,55	1,03	1487,36
133	29.08.2025 19:24:12	21,65	-0,15	0,53	1,00	1487,34
134	29.08.2025 19:24:13	21,65	-0,15	0,62	1,16	1487,44
135	29.08.2025 19:24:14	21,65	-0,15	0,59	1,11	1487,41
136	29.08.2025 19:24:15	21,65	-0,15	0,62	1,16	1487,44
137	29.08.2025 19:24:16	21,62	-0,15	0,59	1,11	1487,32
138	29.08.2025 19:24:17	21,62	-0,15	0,59	1,11	1487,32
139	29.08.2025 19:24:18	21,62	-0,13	0,56	1,06	1487,29
140	29.08.2025 19:24:19	21,62	-0,15	0,58	1,08	1487,30
141	29.08.2025 19:24:20	21,62	-0,15	0,56	1,06	1487,29
142	29.08.2025 19:24:21	21,62	-0,15	0,58	1,08	1487,30
143	29.08.2025 19:24:22	21,62	-0,13	0,59	1,11	1487,32
144	29.08.2025 19:24:23	21,62	-0,13	0,56	1,06	1487,29
145	29.08.2025 19:24:24	21,59	-0,15	0,52	0,98	1487,15
146	29.08.2025 19:24:25	21,59	-0,13	0,59	1,11	1487,23
147	29.08.2025 19:24:26	21,59	-0,13	0,58	1,08	1487,22
148	29.08.2025 19:24:27	21,59	-0,15	0,59	1,11	1487,23
149	29.08.2025 19:24:28	21,59	-0,13	0,56	1,06	1487,20
150	29.08.2025 19:24:29	21,59	-0,13	0,59	1,11	1487,23
151	29.08.2025 19:24:30	21,59	-0,15	0,58	1,08	1487,21
152	29.08.2025 19:24:31	21,59	-0,13	0,55	1,03	1487,19
153	29.08.2025 19:24:32	21,59	-0,15	0,56	1,06	1487,20
154	29.08.2025 19:24:33	21,56	-0,15	0,56	1,06	1487,11
155	29.08.2025 19:24:34	21,56	-0,13	0,53	1,00	1487,08
156	29.08.2025 19:24:35	21,56	-0,13	0,61	1,14	1487,16
157	29.08.2025 19:24:36	21,56	-0,13	0,56	1,06	1487,11
158	29.08.2025 19:24:37	21,56	-0,13	0,58	1,08	1487,13
159	29.08.2025 19:24:38	21,56	-0,13	0,55	1,03	1487,10
160	29.08.2025 19:24:39	21,56	-0,15	0,58	1,08	1487,13
161	29.08.2025 19:24:40	21,56	-0,15	0,58	1,08	1487,13
162	29.08.2025 19:24:41	21,56	-0,15	0,55	1,03	1487,10
163	29.08.2025 19:24:42	21,53	-0,13	0,62	1,16	1487,09
164	29.08.2025 19:24:43	21,53	-0,15	0,56	1,06	1487,02
165	29.08.2025 19:24:44	21,53	-0,13	0,56	1,06	1487,03
166	29.08.2025 19:24:45	21,53	-0,13	0,52	0,98	1486,98
167	29.08.2025 19:24:46	21,53	-0,13	0,53	1,00	1486,99
168	29.08.2025 19:24:47	21,53	-0,13	0,61	1,14	1487,08
169	29.08.2025 19:24:48	21,53	-0,15	0,56	1,06	1487,02
170	29.08.2025 19:24:49	21,53	-0,13	0,53	1,00	1486,99
171	29.08.2025 19:24:50	21,50	-0,13	0,52	0,98	1486,89
172	29.08.2025 19:24:51	21,50	-0,13	0,53	1,00	1486,91
173	29.08.2025 19:24:52	21,50	-0,15	0,58	1,08	1486,95
174	29.08.2025 19:24:53	21,50	-0,15	0,56	1,06	1486,94
175	29.08.2025 19:24:54	21,50	-0,13	0,56	1,06	1486,94
176	29.08.2025 19:24:55	21,50	-0,15	0,56	1,06	1486,94
177	29.08.2025 19:24:56	21,50	-0,13	0,58	1,08	1486,96
178	29.08.2025 19:24:57	21,50	-0,13	0,56	1,06	1486,94
179	29.08.2025 19:24:58	21,47	-0,15	0,56	1,06	1486,85
180	29.08.2025 19:24:59	21,47	-0,15	0,59	1,11	1486,88
181	29.08.2025 19:25:00	21,47	-0,15	0,55	1,03	1486,83
182	29.08.2025 19:25:01	21,47	-0,17	0,56	1,06	1486,85
183	29.08.2025 19:25:02	21,47	-0,15	0,58	1,08	1486,87
184	29.08.2025 19:25:03	21,47	-0,15	0,55	1,03	1486,83
185	29.08.2025 19:25:04	21,47	-0,15	0,55	1,03	1486,83
186	29.08.2025 19:25:05	21,47	-0,15	0,58	1,08	1486,87
187	29.08.2025 19:25:06	21,47	-0,17	0,56	1,06	1486,85
188	29.08.2025 19:25:07	21,44	-0,15	0,58	1,08	1486,78
189	29.08.2025 19:25:08	21,44	-0,15	0,58	1,08	1486,78
190	29.08.2025 19:25:09	21,44	-0,15	0,58	1,08	1486,78
191	29.08.2025 19:25:10	21,44	-0,15	0,58	1,08	1486,78
192	29.08.2025 19:25:11	21,44	-0,15	0,54	1,00	1486,73
193	29.08.2025 19:25:12	21,44	-0,15	0,58	1,08	1486,78
194	29.08.2025 19:25:13	21,44	-0,15	0,56	1,06	1486,76
195	29.08.2025 19:25:14	21,41	-0,15	0,58	1,08	1486,69
196	29.08.2025 19:25:15	21,41	-0,15	0,55	1,03	1486,66
197	29.08.2025 19:25:16	21,41	-0,13	0,58	1,08	1486,69
198	29.08.2025 19:25:17	21,41	-0,13	0,57	1,06	1486,68
199	29.08.2025 19:25:18	21,41	-0,15	0,57	1,06	1486,67
200	29.08.2025 19:25:19	21,39	-0,13	0,58	1,08	1486,61
201	29.08.2025 19:25:20	21,39	-0,13	0,57	1,06	1486,59
202	29.08.2025 19:25:21	21,39	-0,15	0,57	1,06	1486,59
203	29.08.2025 19:25:22	21,39	-0,13	0,55	1,03	1486,57
204	29.08.2025 19:25:23	21,39	-0,13	0,58	1,08	1486,61
205	29.08.2025 19:25:24	21,36	-0,13	0,55	1,03	1486,49
206	29.08.2025 19:25:25	21,36	-0,15	0,60	1,11	1486,53
207	29.08.2025 19:25:26	21,36	-0,13	0,58	1,08	1486,52
208	29.08.2025 19:25:27	21,36	-0,13	0,58	1,08	1486,52
209	29.08.2025 19:25:28	21,36	-0,13	0,58	1,08	1486,52
210	29.08.2025 19:25:29	21,36	-0,13	0,55	1,03	1486,49
211	29.08.2025 19:25:30	21,36	-0,15	0,57	1,06	1486,50
212	29.08.2025 19:25:31	21,33	-0,13	0,58	1,08	1486,43
213	29.08.2025 19:25:32	21,33	-0,13	0,55	1,03	1486,40
214	29.08.2025 19:25:33	21,33	-0,13	0,57	1,06	1486,41
215	29.08.2025 19:25:34	21,33	-0,13	0,55	1,03	1486,40
216	29.08.2025 19:25:35	21,33	-0,13	0,57	1,06	1486,41
217	29.08.2025 19:25:36	21,33	-0,13	0,57	1,06	1486,41
218	29.08.2025 19:25:37	21,33	-0,13	0,58	1,08	1486,43
219	29.08.2025 19:25:38	21,30	-0,13	0,57	1,06	1486,33
220	29.08.2025 19:25:39	21,30	-0,13	0,55	1,03	1486,31
221	29.08.2025 19:25:40	21,30	-0,13	0,57	1,06	1486,33
222	29.08.2025 19:25:41	21,30	-0,12	0,55	1,03	1486,31
223	29.08.2025 19:25:42	21,30	-0,13	0,58	1,08	1486,34
224	29.08.2025 19:25:43	21,27	-0,13	0,57	1,06	1486,24
225	29.08.2025 19:25:44	21,27	-0,13	0,55	1,03	1486,22
226	29.08.2025 19:25:45	21,27	-0,13	0,55	1,03	1486,22
227	29.08.2025 19:25:46	21,27	-0,13	0,54	1,00	1486,21
228	29.08.2025 19:25:47	21,27	-0,13	0,58	1,08	1486,26
229	29.08.2025 19:25:48	21,24	-0,15	0,58	1,08	1486,16
230	29.08.2025 19:25:49	21,24	-0,13	0,55	1,03	1486,13
231	29.08.2025 19:25:50	21,24	-0,15	0,60	1,11	1486,18
232	29.08.2025 19:25:51	21,24	-0,15	0,57	1,06	1486,15
233	29.08.2025 19:25:52	21,24	-0,15	0,60	1,11	1486,18
234	29.08.2025 19:25:53	21,24	-0,15	0,57	1,06	1486,15
235	29.08.2025 19:25:54	21,24	-0,15	0,58	1,08	1486,16
236	29.08.2025 19:25:55	21,24	-0,15	0,58	1,08	1486,16
237	29.08.2025 19:25:56	21,24	-0,15	0,57	1,06	1486,15
238	29.08.2025 19:25:57	21,21	-0,15	0,58	1,08	1486,08
239	29.08.2025 19:25:58	21,21	-0,15	0,57	1,06	1486,06
240	29.08.2025 19:25:59	21,21	-0,15	0,55	1,03	1486,04
241	29.08.2025 19:26:00	21,21	-0,15	0,57	1,06	1486,06
242	29.08.2025 19:26:01	21,21	-0,13	0,55	1,03	1486,05
243	29.08.2025 19:26:02	21,21	-0,15	0,58	1,08	1486,08
244	29.08.2025 19:26:03	21,21	-0,15	0,57	1,06	1486,06
245	29.08.2025 19:26:04	21,21	-0,15	0,57	1,06	1486,06
246	29.08.2025 19:26:05	21,18	-0,15	0,58	1,08	1485,99
247	29.08.2025 19:26:06	21,18	-0,15	0,57	1,06	1485,97
248	29.08.2025 19:26:07	21,18	-0,17	0,58	1,08	1485,99
249	29.08.2025 19:26:08	21,18	-0,15	0,55	1,03	1485,96
250	29.08.2025 19:26:09	21,18	-0,13	0,55	1,03	1485,96
251	29.08.2025 19:26:10	21,15	-0,15	0,58	1,08	1485,90
252	29.08.2025 19:26:11	21,15	-0,15	0,57	1,06	1485,88
253	29.08.2025 19:26:12	21,15	-0,15	0,57	1,06	1485,88
254	29.08.2025 19:26:13	21,15	-0,15	0,57	1,06	1485,88
255	29.08.2025 19:26:14	21,15	-0,13	0,57	1,06	1485,89
256	29.08.2025 19:26:15	21,12	-0,13	0,57	1,06	1485,80
257	29.08.2025 19:26:16	21,12	-0,15	0,57	1,06	1485,80
258	29.08.2025 19:26:17	21,12	-0,15	0,55	1,03	1485,78
259	29.08.2025 19:26:18	21,12	-0,15	0,58	1,08	1485,81
260	29.08.2025 19:26:19	21,12	-0,13	0,57	1,06	1485,80
261	29.08.2025 19:26:20	21,09	-0,15	0,60	1,11	1485,74
262	29.08.2025 19:26:21	21,09	-0,13	0,55	1,03	1485,69
263	29.08.2025 19:26:22	21,09	-0,13	0,54	1,00	1485,68
264	29.08.2025 19:26:23	21,09	-0,13	0,58	1,08	1485,73
265	29.08.2025 19:26:24	21,09	-0,15	0,60	1,11	1485,74
266	29.08.2025 19:26:25	21,09	-0,13	0,57	1,06	1485,71
267	29.08.2025 19:26:26	21,06	-0,13	0,54	1,00	1485,59
268	29.08.2025 19:26:27	21,06	-0,13	0,55	1,03	1485,61
269	29.08.2025 19:26:28	21,06	-0,15	0,61	1,14	1485,67
270	29.08.2025 19:26:29	21,06	-0,15	0,58	1,08	1485,64
271	29.08.2025 19:26:30	21,06	-0,13	0,53	0,98	1485,57
272	29.08.2025 19:26:31	21,06	-0,15	0,55	1,03	1485,60
273	29.08.2025 19:26:32	21,03	-0,13	0,57	1,06	1485,53
274	29.08.2025 19:26:33	21,03	-0,13	0,56	1,03	1485,52
275	29.08.2025 19:26:34	21,03	-0,13	0,54	1,00	1485,50
276	29.08.2025 19:26:35	21,03	-0,13	0,60	1,11	1485,57
277	29.08.2025 19:26:36	21,03	-0,13	0,56	1,03	1485,52
278	29.08.2025 19:26:37	21,03	-0,13	0,53	0,98	1485,48
279	29.08.2025 19:26:38	21,03	-0,13	0,54	1,00	1485,50
280	29.08.2025 19:26:39	21,00	-0,15	0,57	1,06	1485,44
281	29.08.2025 19:26:40	21,00	-0,15	0,56	1,03	1485,43
282	29.08.2025 19:26:41	21,00	-0,15	0,57	1,06	1485,44
283	29.08.2025 19:26:42	21,00	-0,15	0,56	1,03	1485,43
284	29.08.2025 19:26:43	21,00	-0,15	0,56	1,03	1485,43
285	29.08.2025 19:26:44	21,00	-0,15	0,57	1,06	1485,44
286	29.08.2025 19:26:45	21,00	-0,15	0,56	1,03	1485,43
287	29.08.2025 19:26:46	20,97	-0,15	0,56	1,03	1485,34
288	29.08.2025 19:26:47	20,97	-0,15	0,59	1,08	1485,37
289	29.08.2025 19:26:48	20,97	-0,15	0,56	1,03	1485,34
290	29.08.2025 19:26:49	20,97	-0,13	0,57	1,06	1485,36
291	29.08.2025 19:26:50	20,97	-0,13	0,56	1,03	1485,34
292	29.08.2025 19:26:51	20,97	-0,15	0,57	1,06	1485,35
293	29.08.2025 19:26:52	20,97	-0,15	0,57	1,06	1485,35
294	29.08.2025 19:26:53	20,97	-0,15	0,56	1,03	1485,34
295	29.08.2025 19:26:54	20,97	-0,15	0,56	1,03	1485,34
296	29.08.2025 19:26:55	20,97	-0,15	0,57	1,06	1485,35
297	29.08.2025 19:26:56	20,95	-0,15	0,56	1,03	1485,25
298	29.08.2025 19:26:57	20,95	-0,15	0,59	1,08	1485,28
299	29.08.2025 19:26:58	20,95	-0,15	0,54	1,00	1485,23
300	29.08.2025 19:26:59	20,95	-0,15	0,57	1,06	1485,26
301	29.08.2025 19:27:00	20,95	-0,15	0,59	1,08	1485,28
302	29.08.2025 19:27:01	20,95	-0,15	0,54	1,00	1485,23
303	29.08.2025 19:27:02	20,95	-0,15	0,59	1,08	1485,28
304	29.08.2025 19:27:03	20,95	-0,13	0,57	1,06	1485,27
305	29.08.2025 19:27:04	20,92	-0,15	0,54	1,00	1485,14
306	29.08.2025 19:27:05	20,92	-0,15	0,51	0,95	1485,11
307	29.08.2025 19:27:06	20,92	-0,15	0,57	1,06	1485,18
308	29.08.2025 19:27:07	20,92	-0,13	0,57	1,06	1485,18
309	29.08.2025 19:27:08	20,92	-0,15	0,54	1,00	1485,14
310	29.08.2025 19:27:09	20,92	-0,15	0,56	1,03	1485,16
311	29.08.2025 19:27:10	20,92	-0,15	0,59	1,08	1485,19
312	29.08.2025 19:27:11	20,89	-0,13	0,57	1,06	1485,09
313	29.08.2025 19:27:12	20,89	-0,13	0,59	1,08	1485,11
314	29.08.2025 19:27:13	20,89	-0,15	0,57	1,06	1485,09
315	29.08.2025 19:27:14	20,89	-0,13	0,57	1,06	1485,09
316	29.08.2025 19:27:15	20,89	-0,13	0,56	1,03	1485,07
317	29.08.2025 19:27:16	20,89	-0,13	0,57	1,06	1485,09
318	29.08.2025 19:27:17	20,89	-0,13	0,57	1,06	1485,09
319	29.08.2025 19:27:18	20,89	-0,15	0,56	1,03	1485,07
320	29.08.2025 19:27:19	20,86	-0,13	0,59	1,08	1485,02
321	29.08.2025 19:27:20	20,86	-0,15	0,59	1,08	1485,01
322	29.08.2025 19:27:21	20,86	-0,15	0,56	1,03	1484,98
323	29.08.2025 19:27:22	20,86	-0,13	0,57	1,06	1485,00
324	29.08.2025 19:27:23	20,86	-0,13	0,57	1,06	1485,00
325	29.08.2025 19:27:24	20,86	-0,15	0,57	1,06	1485,00
326	29.08.2025 19:27:25	20,86	-0,13	0,56	1,03	1484,98
327	29.08.2025 19:27:26	20,86	-0,13	0,57	1,06	1485,00
328	29.08.2025 19:27:27	20,83	-0,13	0,59	1,08	1484,93
329	29.08.2025 19:27:28	20,83	-0,13	0,57	1,06	1484,91
330	29.08.2025 19:27:29	20,83	-0,15	0,57	1,06	1484,91
331	29.08.2025 19:27:30	20,83	-0,15	0,56	1,03	1484,89
332	29.08.2025 19:27:31	20,83	-0,13	0,57	1,06	1484,91
333	29.08.2025 19:27:32	20,83	-0,15	0,59	1,08	1484,93
334	29.08.2025 19:27:33	20,83	-0,15	0,56	1,03	1484,89
335	29.08.2025 19:27:34	20,83	-0,15	0,59	1,08	1484,93
336	29.08.2025 19:27:35	20,83	-0,13	0,56	1,03	1484,89
337	29.08.2025 19:27:36	20,80	-0,15	0,57	1,06	1484,82
338	29.08.2025 19:27:37	20,80	-0,13	0,56	1,03	1484,81
339	29.08.2025 19:27:38	20,80	-0,15	0,56	1,03	1484,80
340	29.08.2025 19:27:39	20,80	-0,15	0,59	1,08	1484,84
341	29.08.2025 19:27:40	20,80	-0,13	0,56	1,03	1484,81
342	29.08.2025 19:27:41	20,80	-0,13	0,57	1,06	1484,82
343	29.08.2025 19:27:42	20,80	-0,13	0,56	1,03	1484,81
344	29.08.2025 19:27:43	20,80	-0,13	0,57	1,06	1484,82
345	29.08.2025 19:27:44	20,77	-0,13	0,57	1,06	1484,73
346	29.08.2025 19:27:45	20,77	-0,13	0,57	1,06	1484,73
347	29.08.2025 19:27:46	20,77	-0,13	0,59	1,08	1484,75
348	29.08.2025 19:27:47	20,77	-0,15	0,57	1,06	1484,73
349	29.08.2025 19:27:48	20,77	-0,13	0,57	1,06	1484,73
350	29.08.2025 19:27:49	20,77	-0,13	0,57	1,06	1484,73
351	29.08.2025 19:27:50	20,77	-0,13	0,57	1,06	1484,73
352	29.08.2025 19:27:51	20,77	-0,15	0,60	1,11	1484,76
353	29.08.2025 19:27:52	20,74	-0,15	0,56	1,03	1484,62
354	29.08.2025 19:27:53	20,74	-0,15	0,59	1,08	1484,66
355	29.08.2025 19:27:54	20,74	-0,15	0,57	1,06	1484,64
356	29.08.2025 19:27:55	20,74	-0,15	0,57	1,06	1484,64
357	29.08.2025 19:27:56	20,74	-0,15	0,59	1,08	1484,66
358	29.08.2025 19:27:57	20,74	-0,15	0,59	1,08	1484,66
359	29.08.2025 19:27:58	20,71	-0,15	0,57	1,06	1484,55
360	29.08.2025 19:27:59	20,71	-0,15	0,56	1,03	1484,54
361	29.08.2025 19:28:00	20,71	-0,15	0,57	1,06	1484,55
362	29.08.2025 19:28:01	20,71	-0,15	0,56	1,03	1484,54
363	29.08.2025 19:28:02	20,71	-0,13	0,54	1,00	1484,52
364	29.08.2025 19:28:03	20,71	-0,15	0,57	1,06	1484,55
365	29.08.2025 19:28:04	20,71	-0,15	0,57	1,06	1484,55
366	29.08.2025 19:28:05	20,68	-0,15	0,56	1,03	1484,45
367	29.08.2025 19:28:06	20,68	-0,15	0,57	1,06	1484,46
368	29.08.2025 19:28:07	20,68	-0,15	0,57	1,06	1484,46
369	29.08.2025 19:28:08	20,68	-0,13	0,57	1,06	1484,47
370	29.08.2025 19:28:09	20,68	-0,13	0,57	1,06	1484,47
371	29.08.2025 19:28:10	20,68	-0,15	0,57	1,06	1484,46
372	29.08.2025 19:28:11	20,68	-0,15	0,57	1,06	1484,46
373	29.08.2025 19:28:12	20,65	-0,13	0,59	1,08	1484,39
374	29.08.2025 19:28:13	20,65	-0,13	0,56	1,03	1484,36
375	29.08.2025 19:28:14	20,65	-0,15	0,56	1,03	1484,36
376	29.08.2025 19:28:15	20,65	-0,15	0,56	1,03	1484,36
377	29.08.2025 19:28:16	20,65	-0,15	0,55	1,00	1484,34
378	29.08.2025 19:28:17	20,65	-0,15	0,56	1,03	1484,36
379	29.08.2025 19:28:18	20,65	-0,13	0,57	1,06	1484,38
380	29.08.2025 19:28:19	20,65	-0,13	0,57	1,06	1484,38
381	29.08.2025 19:28:20	20,65	-0,13	0,56	1,03	1484,36
382	29.08.2025 19:28:21	20,65	-0,15	0,56	1,03	1484,36
383	29.08.2025 19:28:22	20,62	-0,15	0,56	1,03	1484,27
384	29.08.2025 19:28:23	20,62	-0,13	0,58	1,06	1484,29
385	29.08.2025 19:28:24	20,62	-0,15	0,56	1,03	1484,27
386	29.08.2025 19:28:25	20,62	-0,15	0,55	1,00	1484,25
387	29.08.2025 19:28:26	20,62	-0,13	0,59	1,08	1484,30
388	29.08.2025 19:28:27	20,62	-0,13	0,56	1,03	1484,27
389	29.08.2025 19:28:28	20,62	-0,13	0,55	1,00	1484,25
390	29.08.2025 19:28:29	20,62	-0,13	0,56	1,03	1484,27
391	29.08.2025 19:28:30	20,62	-0,13	0,56	1,03	1484,27
392	29.08.2025 19:28:31	20,59	-0,13	0,56	1,03	1484,18
393	29.08.2025 19:28:32	20,59	-0,15	0,56	1,03	1484,18
394	29.08.2025 19:28:33	20,59	-0,15	0,56	1,03	1484,18
395	29.08.2025 19:28:34	20,59	-0,13	0,58	1,06	1484,20
396	29.08.2025 19:28:35	20,59	-0,13	0,56	1,03	1484,18
397	29.08.2025 19:28:36	20,59	-0,13	0,58	1,06	1484,20
398	29.08.2025 19:28:37	20,59	-0,15	0,56	1,03	1484,18
399	29.08.2025 19:28:38	20,59	-0,13	0,58	1,06	1484,20
400	29.08.2025 19:28:39	20,59	-0,13	0,56	1,03	1484,18
401	29.08.2025 19:28:40	20,56	-0,13	0,56	1,03	1484,09
402	29.08.2025 19:28:41	20,56	-0,13	0,58	1,06	1484,11
403	29.08.2025 19:28:42	20,56	-0,13	0,55	1,00	1484,07
404	29.08.2025 19:28:43	20,56	-0,15	0,58	1,06	1484,10
405	29.08.2025 19:28:44	20,56	-0,13	0,55	1,00	1484,07
406	29.08.2025 19:28:45	20,56	-0,13	0,58	1,06	1484,11
407	29.08.2025 19:28:46	20,56	-0,13	0,59	1,08	1484,12
408	29.08.2025 19:28:47	20,56	-0,15	0,58	1,06	1484,10
409	29.08.2025 19:28:48	20,56	-0,13	0,59	1,08	1484,12
410	29.08.2025 19:28:49	20,53	-0,13	0,55	1,00	1483,98
411	29.08.2025 19:28:50	20,53	-0,13	0,59	1,08	1484,03
412	29.08.2025 19:28:51	20,53	-0,13	0,59	1,08	1484,03
413	29.08.2025 19:28:52	20,53	-0,15	0,56	1,03	1484,00
414	29.08.2025 19:28:53	20,53	-0,13	0,56	1,03	1484,00
415	29.08.2025 19:28:54	20,53	-0,15	0,56	1,03	1484,00
416	29.08.2025 19:28:55	20,53	-0,13	0,56	1,03	1484,00
417	29.08.2025 19:28:56	20,53	-0,15	0,59	1,08	1484,03
418	29.08.2025 19:28:57	20,53	-0,15	0,53	0,98	1483,96
419	29.08.2025 19:28:58	20,53	-0,12	0,58	1,06	1484,02
420	29.08.2025 19:28:59	20,53	-0,13	0,58	1,06	1484,02
421	29.08.2025 19:29:00	20,53	-0,13	0,56	1,03	1484,00
422	29.08.2025 19:29:01	20,50	-0,15	0,56	1,03	1483,91
423	29.08.2025 19:29:02	20,50	-0,15	0,55	1,00	1483,89
424	29.08.2025 19:29:03	20,50	-0,15	0,55	1,00	1483,89
425	29.08.2025 19:29:04	20,50	-0,15	0,52	0,95	1483,86
426	29.08.2025 19:29:05	20,50	-0,15	0,56	1,03	1483,91
427	29.08.2025 19:29:06	20,50	-0,13	0,56	1,03	1483,91
428	29.08.2025 19:29:07	20,50	-0,15	0,52	0,95	1483,86
429	29.08.2025 19:29:08	20,50	-0,15	0,53	0,98	1483,87
430	29.08.2025 19:29:09	20,50	-0,15	0,58	1,06	1483,92
431	29.08.2025 19:29:10	20,47	-0,15	0,56	1,03	1483,82
432	29.08.2025 19:29:11	20,47	-0,15	0,58	1,06	1483,83
433	29.08.2025 19:29:12	20,47	-0,15	0,58	1,06	1483,83
434	29.08.2025 19:29:13	20,47	-0,15	0,56	1,03	1483,82
435	29.08.2025 19:29:14	20,47	-0,15	0,56	1,03	1483,82
436	29.08.2025 19:29:15	20,47	-0,15	0,58	1,06	1483,83
437	29.08.2025 19:29:16	20,47	-0,15	0,56	1,03	1483,82
438	29.08.2025 19:29:17	20,47	-0,17	0,56	1,03	1483,81
439	29.08.2025 19:29:18	20,45	-0,15	0,56	1,03	1483,73
440	29.08.2025 19:29:19	20,45	-0,15	0,58	1,06	1483,74
441	29.08.2025 19:29:20	20,45	-0,15	0,55	1,00	1483,71
442	29.08.2025 19:29:21	20,45	-0,13	0,58	1,06	1483,75
443	29.08.2025 19:29:22	20,45	-0,15	0,55	1,00	1483,71
444	29.08.2025 19:29:23	20,45	-0,13	0,58	1,06	1483,75
445	29.08.2025 19:29:24	20,45	-0,15	0,56	1,03	1483,73
446	29.08.2025 19:29:25	20,42	-0,13	0,55	1,00	1483,62
447	29.08.2025 19:29:26	20,42	-0,15	0,55	1,00	1483,62
448	29.08.2025 19:29:27	20,42	-0,15	0,58	1,06	1483,65
449	29.08.2025 19:29:28	20,42	-0,15	0,55	1,00	1483,62
450	29.08.2025 19:29:29	20,42	-0,15	0,56	1,03	1483,64
451	29.08.2025 19:29:30	20,42	-0,13	0,55	1,00	1483,62
452	29.08.2025 19:29:31	20,42	-0,13	0,56	1,03	1483,64
453	29.08.2025 19:29:32	20,42	-0,15	0,58	1,06	1483,65
454	29.08.2025 19:29:33	20,42	-0,13	0,55	1,00	1483,62
455	29.08.2025 19:29:34	20,39	-0,13	0,56	1,03	1483,55
456	29.08.2025 19:29:35	20,39	-0,15	0,55	1,00	1483,53
457	29.08.2025 19:29:36	20,39	-0,15	0,58	1,06	1483,56
458	29.08.2025 19:29:37	20,39	-0,15	0,56	1,03	1483,55
459	29.08.2025 19:29:38	20,39	-0,15	0,55	1,00	1483,53
460	29.08.2025 19:29:39	20,39	-0,15	0,56	1,03	1483,55
461	29.08.2025 19:29:40	20,39	-0,13	0,53	0,98	1483,52
462	29.08.2025 19:29:41	20,39	-0,15	0,58	1,06	1483,56
463	29.08.2025 19:29:42	20,39	-0,15	0,55	1,00	1483,53
464	29.08.2025 19:29:43	20,36	-0,13	0,56	1,03	1483,46
465	29.08.2025 19:29:44	20,36	-0,15	0,56	1,03	1483,46
466	29.08.2025 19:29:45	20,36	-0,15	0,55	1,00	1483,44
467	29.08.2025 19:29:46	20,36	-0,15	0,56	1,03	1483,46
468	29.08.2025 19:29:47	20,36	-0,15	0,55	1,00	1483,44
469	29.08.2025 19:29:48	20,36	-0,13	0,55	1,00	1483,44
470	29.08.2025 19:29:49	20,36	-0,13	0,56	1,03	1483,46
471	29.08.2025 19:29:50	20,36	-0,13	0,55	1,00	1483,44
472	29.08.2025 19:29:51	20,36	-0,13	0,55	1,00	1483,44
473	29.08.2025 19:29:52	20,36	-0,15	0,55	1,00	1483,44
474	29.08.2025 19:29:53	20,33	-0,15	0,62	1,14	1483,43
475	29.08.2025 19:29:54	20,33	-0,13	0,59	1,08	1483,40
476	29.08.2025 19:29:55	20,33	-0,13	0,61	1,11	1483,42
477	29.08.2025 19:29:56	20,33	-0,13	0,61	1,11	1483,42
478	29.08.2025 19:29:57	20,33	-0,13	0,61	1,11	1483,42
479	29.08.2025 19:29:58	20,33	-0,15	0,61	1,11	1483,42
480	29.08.2025 19:29:59	20,33	-0,15	0,59	1,08	1483,40
481	29.08.2025 19:30:00	20,33	-0,13	0,61	1,11	1483,42
482	29.08.2025 19:30:01	20,30	-0,13	0,59	1,08	1483,31
483	29.08.2025 19:30:02	20,30	-0,13	0,61	1,11	1483,33
484	29.08.2025 19:30:03	20,30	-0,13	0,59	1,08	1483,31
485	29.08.2025 19:30:04	20,30	-0,15	0,62	1,14	1483,34
486	29.08.2025 19:30:05	20,30	-0,13	0,59	1,08	1483,31
487	29.08.2025 19:30:06	20,30	-0,15	0,61	1,11	1483,33
488	29.08.2025 19:30:07	20,30	-0,13	0,62	1,14	1483,35
489	29.08.2025 19:30:08	20,30	-0,13	0,62	1,14	1483,35
490	29.08.2025 19:30:09	20,30	-0,13	0,62	1,14	1483,35
491	29.08.2025 19:30:10	20,30	-0,13	0,61	1,11	1483,33
492	29.08.2025 19:30:11	20,27	-0,15	0,63	1,14	1483,25
493	29.08.2025 19:30:12	20,27	-0,17	0,63	1,14	1483,25
494	29.08.2025 19:30:13	20,27	-0,15	0,61	1,11	1483,24
495	29.08.2025 19:30:14	20,27	-0,15	0,61	1,11	1483,24
496	29.08.2025 19:30:15	20,27	-0,15	0,59	1,08	1483,22
497	29.08.2025 19:30:16	20,27	-0,15	0,63	1,14	1483,25
498	29.08.2025 19:30:17	20,27	-0,15	0,63	1,14	1483,25
499	29.08.2025 19:30:18	20,27	-0,15	0,61	1,11	1483,24
500	29.08.2025 19:30:19	20,27	-0,15	0,61	1,11	1483,24
501	29.08.2025 19:30:20	20,24	-0,15	0,64	1,16	1483,18
502	29.08.2025 19:30:21	20,24	-0,15	0,60	1,08	1483,13
503	29.08.2025 19:30:22	20,24	-0,13	0,63	1,14	1483,17
504	29.08.2025 19:30:23	20,24	-0,15	0,63	1,14	1483,16
505	29.08.2025 19:30:24	20,24	-0,15	0,60	1,08	1483,13
506	29.08.2025 19:30:25	20,24	-0,15	0,61	1,11	1483,15
507	29.08.2025 19:30:26	20,24	-0,15	0,58	1,06	1483,11
508	29.08.2025 19:30:27	20,24	-0,15	0,64	1,16	1483,18
509	29.08.2025 19:30:28	20,24	-0,17	0,60	1,08	1483,13
510	29.08.2025 19:30:29	20,24	-0,15	0,64	1,16	1483,18
511	29.08.2025 19:30:30	20,24	-0,17	0,63	1,14	1483,16
512	29.08.2025 19:30:31	20,21	-0,15	0,61	1,11	1483,06
513	29.08.2025 19:30:32	20,21	-0,15	0,64	1,16	1483,09
514	29.08.2025 19:30:33	20,21	-0,15	0,60	1,08	1483,04
515	29.08.2025 19:30:34	20,21	-0,13	0,63	1,14	1483,08
516	29.08.2025 19:30:35	20,21	-0,15	0,61	1,11	1483,06
517	29.08.2025 19:30:36	20,21	-0,15	0,61	1,11	1483,06
518	29.08.2025 19:30:37	20,21	-0,15	0,60	1,08	1483,04
519	29.08.2025 19:30:38	20,21	-0,15	0,60	1,08	1483,04
520	29.08.2025 19:30:39	20,18	-0,15	0,63	1,14	1482,98
521	29.08.2025 19:30:40	20,18	-0,15	0,60	1,08	1482,95
522	29.08.2025 19:30:41	20,18	-0,17	0,61	1,11	1482,96
523	29.08.2025 19:30:42	20,18	-0,13	0,61	1,11	1482,97
524	29.08.2025 19:30:43	20,18	-0,15	0,61	1,11	1482,96
525	29.08.2025 19:30:44	20,18	-0,15	0,61	1,11	1482,96
526	29.08.2025 19:30:45	20,18	-0,15	0,58	1,06	1482,93
527	29.08.2025 19:30:46	20,18	-0,15	0,63	1,14	1482,98
528	29.08.2025 19:30:47	20,15	-0,13	0,60	1,08	1482,86
529	29.08.2025 19:30:48	20,15	-0,13	0,61	1,11	1482,88
530	29.08.2025 19:30:49	20,15	-0,13	0,63	1,14	1482,89
531	29.08.2025 19:30:50	20,15	-0,15	0,58	1,06	1482,84
532	29.08.2025 19:30:51	20,15	-0,15	0,60	1,08	1482,86
533	29.08.2025 19:30:52	20,15	-0,15	0,63	1,14	1482,89
534	29.08.2025 19:30:53	20,15	-0,13	0,61	1,11	1482,88
535	29.08.2025 19:30:54	20,15	-0,13	0,61	1,11	1482,88
536	29.08.2025 19:30:55	20,15	-0,13	0,61	1,11	1482,88
537	29.08.2025 19:30:56	20,12	-0,13	0,63	1,14	1482,80
538	29.08.2025 19:30:57	20,12	-0,13	0,61	1,11	1482,79
539	29.08.2025 19:30:58	20,12	-0,13	0,60	1,08	1482,77
540	29.08.2025 19:30:59	20,12	-0,15	0,64	1,16	1482,82
541	29.08.2025 19:31:00	20,12	-0,13	0,60	1,08	1482,77
542	29.08.2025 19:31:01	20,12	-0,15	0,60	1,08	1482,77
543	29.08.2025 19:31:02	20,12	-0,13	0,61	1,11	1482,79
544	29.08.2025 19:31:03	20,12	-0,15	0,61	1,11	1482,78
545	29.08.2025 19:31:04	20,12	-0,15	0,60	1,08	1482,77
546	29.08.2025 19:31:05	20,09	-0,13	0,60	1,08	1482,68
547	29.08.2025 19:31:06	20,09	-0,13	0,61	1,11	1482,69
548	29.08.2025 19:31:07	20,09	-0,13	0,63	1,14	1482,71
549	29.08.2025 19:31:08	20,09	-0,13	0,60	1,08	1482,68
550	29.08.2025 19:31:09	20,09	-0,13	0,63	1,14	1482,71
551	29.08.2025 19:31:10	20,09	-0,13	0,60	1,08	1482,68
552	29.08.2025 19:31:11	20,09	-0,13	0,61	1,11	1482,69
553	29.08.2025 19:31:12	20,09	-0,13	0,60	1,08	1482,68
554	29.08.2025 19:31:13	20,09	-0,15	0,60	1,08	1482,67
555	29.08.2025 19:31:14	20,06	-0,13	0,64	1,16	1482,64
556	29.08.2025 19:31:15	20,06	-0,15	0,57	1,03	1482,55
557	29.08.2025 19:31:16	20,06	-0,13	0,60	1,08	1482,59
558	29.08.2025 19:31:17	20,06	-0,13	0,63	1,14	1482,62
559	29.08.2025 19:31:18	20,06	-0,13	0,61	1,11	1482,60
560	29.08.2025 19:31:19	20,06	-0,13	0,63	1,14	1482,62
561	29.08.2025 19:31:20	20,06	-0,13	0,60	1,08	1482,59
562	29.08.2025 19:31:21	20,06	-0,13	0,61	1,11	1482,60
563	29.08.2025 19:31:22	20,03	-0,17	0,61	1,11	1482,51
564	29.08.2025 19:31:23	20,03	-0,15	0,60	1,08	1482,49
565	29.08.2025 19:31:24	20,03	-0,15	0,61	1,11	1482,51
566	29.08.2025 19:31:25	20,03	-0,17	0,61	1,11	1482,51
567	29.08.2025 19:31:26	20,03	-0,15	0,61	1,11	1482,51
568	29.08.2025 19:31:27	20,03	-0,15	0,63	1,14	1482,53
569	29.08.2025 19:31:28	20,03	-0,15	0,61	1,11	1482,51
570	29.08.2025 19:31:29	20,03	-0,15	0,61	1,11	1482,51
571	29.08.2025 19:31:30	20,03	-0,15	0,63	1,14	1482,53
572	29.08.2025 19:31:31	20,03	-0,15	0,63	1,14	1482,53
573	29.08.2025 19:31:32	20,03	-0,15	0,61	1,11	1482,51
574	29.08.2025 19:31:33	20,03	-0,15	0,60	1,08	1482,49
575	29.08.2025 19:31:34	20,00	-0,15	0,61	1,11	1482,42
576	29.08.2025 19:31:35	20,00	-0,13	0,63	1,14	1482,44
577	29.08.2025 19:31:36	20,00	-0,15	0,61	1,11	1482,42
578	29.08.2025 19:31:37	20,00	-0,15	0,58	1,06	1482,38
579	29.08.2025 19:31:38	20,00	-0,15	0,60	1,08	1482,40
580	29.08.2025 19:31:39	20,00	-0,15	0,60	1,08	1482,40
581	29.08.2025 19:31:40	20,00	-0,15	0,61	1,11	1482,42
582	29.08.2025 19:31:41	20,00	-0,15	0,60	1,08	1482,40
583	29.08.2025 19:31:42	20,00	-0,15	0,60	1,08	1482,40
584	29.08.2025 19:31:43	20,00	-0,15	0,60	1,08	1482,40
585	29.08.2025 19:31:44	20,00	-0,15	0,58	1,06	1482,38
586	29.08.2025 19:31:45	19,97	-0,15	0,60	1,08	1482,31
587	29.08.2025 19:31:46	20,00	-0,15	0,60	1,08	1482,40
588	29.08.2025 19:31:47	19,97	-0,17	0,63	1,14	1482,34
589	29.08.2025 19:31:48	19,97	-0,15	0,61	1,11	1482,33
590	29.08.2025 19:31:49	19,97	-0,15	0,63	1,14	1482,34
591	29.08.2025 19:31:50	19,97	-0,15	0,63	1,14	1482,34
592	29.08.2025 19:31:51	19,97	-0,13	0,63	1,14	1482,35
593	29.08.2025 19:31:52	19,97	-0,15	0,61	1,11	1482,33
594	29.08.2025 19:31:53	19,97	-0,15	0,63	1,14	1482,34
595	29.08.2025 19:31:54	19,97	-0,15	0,60	1,08	1482,31
596	29.08.2025 19:31:55	19,97	-0,15	0,61	1,11	1482,33
597	29.08.2025 19:31:56	19,97	-0,15	0,60	1,08	1482,31
598	29.08.2025 19:31:57	19,97	-0,13	0,61	1,11	1482,33
599	29.08.2025 19:31:58	19,94	-0,15	0,61	1,11	1482,24
600	29.08.2025 19:31:59	19,94	-0,15	0,60	1,08	1482,22
601	29.08.2025 19:32:00	19,94	-0,15	0,61	1,11	1482,24
602	29.08.2025 19:32:01	19,94	-0,15	0,61	1,11	1482,24
603	29.08.2025 19:32:02	19,94	-0,15	0,63	1,14	1482,25
604	29.08.2025 19:32:03	19,94	-0,13	0,60	1,08	1482,22
605	29.08.2025 19:32:04	19,94	-0,13	0,58	1,06	1482,20
606	29.08.2025 19:32:05	19,94	-0,15	0,63	1,14	1482,25
607	29.08.2025 19:32:06	19,91	-0,15	0,58	1,06	1482,11
608	29.08.2025 19:32:07	19,91	-0,15	0,62	1,11	1482,14
609	29.08.2025 19:32:08	19,91	-0,13	0,58	1,06	1482,11
610	29.08.2025 19:32:09	19,91	-0,13	0,62	1,11	1482,15
611	29.08.2025 19:32:10	19,91	-0,15	0,60	1,08	1482,13
612	29.08.2025 19:32:11	19,91	-0,15	0,57	1,03	1482,09
613	29.08.2025 19:32:12	19,91	-0,15	0,62	1,11	1482,14
614	29.08.2025 19:32:13	19,91	-0,15	0,60	1,08	1482,13
615	29.08.2025 19:32:14	19,91	-0,13	0,62	1,11	1482,15
616	29.08.2025 19:32:15	19,91	-0,15	0,58	1,06	1482,11
617	29.08.2025 19:32:16	19,88	-0,13	0,57	1,03	1482,00
618	29.08.2025 19:32:17	19,88	-0,13	0,62	1,11	1482,06
619	29.08.2025 19:32:18	19,88	-0,13	0,63	1,14	1482,07
620	29.08.2025 19:32:19	19,88	-0,13	0,60	1,08	1482,04
621	29.08.2025 19:32:20	19,88	-0,15	0,59	1,06	1482,02
622	29.08.2025 19:32:21	19,88	-0,13	0,62	1,11	1482,06
623	29.08.2025 19:32:22	19,88	-0,13	0,62	1,11	1482,06
624	29.08.2025 19:32:23	19,88	-0,15	0,62	1,11	1482,05
625	29.08.2025 19:32:24	19,88	-0,13	0,60	1,08	1482,04
626	29.08.2025 19:32:25	19,85	-0,13	0,59	1,06	1481,93
627	29.08.2025 19:32:26	19,85	-0,13	0,62	1,11	1481,96
628	29.08.2025 19:32:27	19,85	-0,13	0,62	1,11	1481,96
629	29.08.2025 19:32:28	19,85	-0,13	0,59	1,06	1481,93
630	29.08.2025 19:32:29	19,85	-0,13	0,62	1,11	1481,96
631	29.08.2025 19:32:30	19,85	-0,13	0,60	1,08	1481,95
632	29.08.2025 19:32:31	19,85	-0,15	0,59	1,06	1481,93
633	29.08.2025 19:32:32	19,85	-0,13	0,59	1,06	1481,93
634	29.08.2025 19:32:33	19,85	-0,15	0,60	1,08	1481,94
635	29.08.2025 19:32:34	19,83	-0,13	0,59	1,06	1481,84
636	29.08.2025 19:32:35	19,83	-0,15	0,59	1,06	1481,83
637	29.08.2025 19:32:36	19,83	-0,13	0,60	1,08	1481,86
638	29.08.2025 19:32:37	19,83	-0,13	0,59	1,06	1481,84
639	29.08.2025 19:32:38	19,83	-0,13	0,56	1,00	1481,80
640	29.08.2025 19:32:39	19,83	-0,13	0,56	1,00	1481,80
641	29.08.2025 19:32:40	19,83	-0,13	0,60	1,08	1481,86
642	29.08.2025 19:32:41	19,80	-0,13	0,57	1,03	1481,73
643	29.08.2025 19:32:42	19,80	-0,13	0,59	1,06	1481,75
644	29.08.2025 19:32:43	19,80	-0,15	0,60	1,08	1481,76
645	29.08.2025 19:32:44	19,80	-0,13	0,59	1,06	1481,75
646	29.08.2025 19:32:45	19,80	-0,13	0,59	1,06	1481,75
647	29.08.2025 19:32:46	19,80	-0,13	0,59	1,06	1481,75
648	29.08.2025 19:32:47	19,80	-0,13	0,60	1,08	1481,76
649	29.08.2025 19:32:48	19,77	-0,15	0,57	1,03	1481,63
650	29.08.2025 19:32:49	19,77	-0,15	0,59	1,06	1481,65
651	29.08.2025 19:32:50	19,77	-0,15	0,60	1,08	1481,67
652	29.08.2025 19:32:51	19,77	-0,15	0,60	1,08	1481,67
653	29.08.2025 19:32:52	19,77	-0,15	0,59	1,06	1481,65
654	29.08.2025 19:32:53	19,77	-0,15	0,62	1,11	1481,69
655	29.08.2025 19:32:54	19,77	-0,15	0,60	1,08	1481,67
656	29.08.2025 19:32:55	19,77	-0,13	0,57	1,03	1481,64
657	29.08.2025 19:32:56	19,77	-0,15	0,60	1,08	1481,67
658	29.08.2025 19:32:57	19,77	-0,15	0,60	1,08	1481,67
659	29.08.2025 19:32:58	19,74	-0,15	0,60	1,08	1481,58
660	29.08.2025 19:32:59	19,77	-0,13	0,60	1,08	1481,67
661	29.08.2025 19:33:00	19,74	-0,15	0,60	1,08	1481,58
662	29.08.2025 19:33:01	19,74	-0,15	0,59	1,06	1481,56
663	29.08.2025 19:33:02	19,74	-0,15	0,59	1,06	1481,56
664	29.08.2025 19:33:03	19,74	-0,13	0,59	1,06	1481,56
665	29.08.2025 19:33:04	19,74	-0,15	0,57	1,03	1481,54
666	29.08.2025 19:33:05	19,74	-0,15	0,60	1,08	1481,58
667	29.08.2025 19:33:06	19,74	-0,13	0,57	1,03	1481,54
668	29.08.2025 19:33:07	19,74	-0,15	0,56	1,00	1481,52
669	29.08.2025 19:33:08	19,74	-0,15	0,59	1,06	1481,56
670	29.08.2025 19:33:09	19,74	-0,13	0,57	1,03	1481,54
671	29.08.2025 19:33:10	19,71	-0,13	0,60	1,08	1481,49
672	29.08.2025 19:33:11	19,71	-0,13	0,59	1,06	1481,47
673	29.08.2025 19:33:12	19,71	-0,13	0,60	1,08	1481,49
674	29.08.2025 19:33:13	19,71	-0,13	0,60	1,08	1481,49
675	29.08.2025 19:33:14	19,71	-0,13	0,57	1,03	1481,45
676	29.08.2025 19:33:15	19,71	-0,15	0,59	1,06	1481,47
677	29.08.2025 19:33:16	19,71	-0,15	0,59	1,06	1481,47
678	29.08.2025 19:33:17	19,71	-0,13	0,38	0,69	1481,23
679	29.08.2025 19:33:18	19,71	-0,15	0,59	1,06	1481,47
680	29.08.2025 19:33:19	19,68	-0,13	0,35	0,64	1481,10
681	29.08.2025 19:33:20	19,68	-0,13	0,56	1,00	1481,34
682	29.08.2025 19:33:21	19,68	-0,15	0,27	0,51	1481,02
683	29.08.2025 19:33:22	19,68	-0,15	23,77	33,61	1507,76
684	29.08.2025 19:33:23	19,53	-0,19	27,52	38,24	1511,60
685	29.08.2025 19:33:24	19,23	-0,10	27,55	38,04	1510,80
686	29.08.2025 19:33:25	19,03	-0,10	27,62	37,96	1510,28
687	29.08.2025 19:33:26	18,88	-0,08	27,72	37,95	1509,96
688	29.08.2025 19:33:27	18,76	-0,08	27,73	37,87	1509,63
689	29.08.2025 19:33:28	18,70	-0,08	27,81	37,92	1509,55
690	29.08.2025 19:33:29	18,67	-0,06	27,83	37,92	1509,48
691	29.08.2025 19:33:30	18,61	-0,08	27,87	37,92	1509,35
692	29.08.2025 19:33:31	18,55	-0,10	27,75	37,72	1509,03
693	29.08.2025 19:33:32	18,49	-0,08	27,77	37,69	1508,88
694	29.08.2025 19:33:33	18,43	-0,08	27,87	37,77	1508,82
695	29.08.2025 19:33:34	18,40	-0,08	27,95	37,84	1508,82
696	29.08.2025 19:33:35	18,37	-0,06	28,03	37,91	1508,83
697	29.08.2025 19:33:36	18,34	-0,06	28,07	37,93	1508,79
698	29.08.2025 19:33:37	18,31	-0,06	28,06	37,91	1508,70
699	29.08.2025 19:33:38	18,28	-0,06	28,08	37,91	1508,63
700	29.08.2025 19:33:39	18,25	-0,06	28,10	37,91	1508,57
701	29.08.2025 19:33:40	18,22	-0,06	28,12	37,91	1508,50
702	29.08.2025 19:33:41	18,19	-0,08	28,12	37,88	1508,41
703	29.08.2025 19:33:42	18,16	-0,06	28,16	37,90	1508,37
704	29.08.2025 19:33:43	18,16	-0,06	28,14	37,88	1508,35
705	29.08.2025 19:33:44	18,13	-0,06	28,16	37,88	1508,28
706	29.08.2025 19:33:45	18,10	-0,08	28,16	37,85	1508,19
707	29.08.2025 19:33:46	18,07	-0,08	28,20	37,88	1508,14
708	29.08.2025 19:33:47	18,07	-0,08	28,20	37,88	1508,14
709	29.08.2025 19:33:48	18,04	-0,08	28,24	37,90	1508,10
710	29.08.2025 19:33:49	18,04	-0,10	28,24	37,90	1508,10
711	29.08.2025 19:33:50	18,01	-0,10	28,24	37,88	1508,01
712	29.08.2025 19:33:51	18,01	-0,08	28,26	37,90	1508,04
713	29.08.2025 19:33:52	17,98	-0,08	28,28	37,90	1507,97
714	29.08.2025 19:33:53	17,98	-0,10	28,28	37,90	1507,97
715	29.08.2025 19:33:54	17,95	-0,08	28,28	37,87	1507,88
716	29.08.2025 19:33:55	17,95	-0,10	28,26	37,85	1507,85
717	29.08.2025 19:33:56	17,92	-0,08	28,30	37,87	1507,81
718	29.08.2025 19:33:57	17,92	-0,08	28,32	37,90	1507,84
719	29.08.2025 19:33:58	17,89	-0,08	28,34	37,90	1507,77
720	29.08.2025 19:33:59	17,89	-0,08	28,34	37,90	1507,77
721	29.08.2025 19:34:00	17,89	-0,08	28,36	37,92	1507,79
722	29.08.2025 19:34:01	17,86	-0,08	28,36	37,90	1507,70
723	29.08.2025 19:34:02	17,86	-0,08	28,36	37,90	1507,70
724	29.08.2025 19:34:03	17,86	-0,08	28,36	37,90	1507,70
725	29.08.2025 19:34:04	17,83	-0,08	28,40	37,92	1507,66
726	29.08.2025 19:34:05	17,83	-0,10	28,38	37,89	1507,63
727	29.08.2025 19:34:06	17,83	-0,12	28,36	37,87	1507,61
728	29.08.2025 19:34:07	17,80	-0,10	28,38	37,87	1507,54
729	29.08.2025 19:34:08	17,80	-0,10	28,38	37,87	1507,54
730	29.08.2025 19:34:09	17,80	-0,10	28,38	37,87	1507,54
731	29.08.2025 19:34:10	17,77	-0,10	28,42	37,89	1507,50
732	29.08.2025 19:34:11	17,77	-0,10	28,42	37,89	1507,50
733	29.08.2025 19:34:12	17,77	-0,10	28,42	37,89	1507,50
734	29.08.2025 19:34:13	17,74	-0,10	28,42	37,87	1507,41
735	29.08.2025 19:34:14	17,74	-0,10	28,44	37,89	1507,43
736	29.08.2025 19:34:15	17,74	-0,10	28,44	37,89	1507,43
737	29.08.2025 19:34:16	17,74	-0,12	28,44	37,89	1507,43
738	29.08.2025 19:34:17	17,71	-0,10	28,46	37,89	1507,37
739	29.08.2025 19:34:18	17,71	-0,10	28,46	37,89	1507,37
740	29.08.2025 19:34:19	17,71	-0,10	28,44	37,87	1507,34
741	29.08.2025 19:34:20	17,68	-0,10	28,44	37,84	1507,25
742	29.08.2025 19:34:21	17,68	-0,10	28,46	37,87	1507,28
743	29.08.2025 19:34:22	17,68	-0,10	28,48	37,89	1507,30
744	29.08.2025 19:34:23	17,68	-0,08	28,42	37,82	1507,23
745	29.08.2025 19:34:24	17,65	-0,08	28,42	37,79	1507,14
746	29.08.2025 19:34:25	17,65	-0,08	28,38	37,74	1507,09
747	29.08.2025 19:34:26	17,62	-0,06	28,38	37,72	1507,01
748	29.08.2025 19:34:27	17,59	-0,08	28,48	37,81	1507,03
749	29.08.2025 19:34:28	17,59	-0,04	28,52	37,86	1507,09
750	29.08.2025 19:34:29	17,59	-0,06	28,44	37,76	1506,99
751	29.08.2025 19:34:30	17,59	-0,04	28,38	37,69	1506,92
752	29.08.2025 19:34:31	17,59	-0,06	28,42	37,74	1506,96
753	29.08.2025 19:34:32	17,56	-0,04	28,46	37,76	1506,92
754	29.08.2025 19:34:33	17,56	-0,01	28,40	37,69	1506,86
755	29.08.2025 19:34:34	17,53	-0,04	28,36	37,61	1506,71
756	29.08.2025 19:34:35	17,53	-0,04	28,32	37,57	1506,67
757	29.08.2025 19:34:36	17,50	0,01	28,52	37,79	1506,82
758	29.08.2025 19:34:37	17,50	0,03	28,38	37,61	1506,66
759	29.08.2025 19:34:38	17,47	-0,01	28,40	37,61	1506,58
760	29.08.2025 19:34:39	17,47	0,03	28,56	37,81	1506,78
761	29.08.2025 19:34:40	17,47	0,05	28,56	37,81	1506,78
762	29.08.2025 19:34:41	17,50	0,03	28,48	37,74	1506,78
763	29.08.2025 19:34:42	17,50	0,01	28,38	37,61	1506,65
764	29.08.2025 19:34:43	17,47	0,05	28,34	37,54	1506,52
765	29.08.2025 19:34:44	17,44	0,08	28,46	37,66	1506,58
766	29.08.2025 19:34:45	17,44	0,08	28,44	37,64	1506,56
767	29.08.2025 19:34:46	17,41	0,08	28,60	37,81	1506,66
768	29.08.2025 19:34:47	17,44	0,12	28,52	37,73	1506,66
769	29.08.2025 19:34:48	17,44	0,14	28,40	37,59	1506,52
770	29.08.2025 19:34:49	17,44	0,12	28,29	37,46	1506,39
771	29.08.2025 19:34:50	17,38	0,12	28,29	37,41	1506,21
772	29.08.2025 19:34:51	17,35	0,16	28,35	37,46	1506,20
773	29.08.2025 19:34:52	17,32	0,19	28,29	37,36	1506,04
774	29.08.2025 19:34:53	17,29	0,21	28,54	37,63	1506,24
775	29.08.2025 19:34:54	17,29	0,19	28,44	37,51	1506,11
776	29.08.2025 19:34:55	17,29	0,25	28,60	37,71	1506,32
777	29.08.2025 19:34:56	17,29	0,26	28,56	37,66	1506,27
778	29.08.2025 19:34:57	17,32	0,26	28,42	37,51	1506,19
779	29.08.2025 19:34:58	17,32	0,28	28,52	37,63	1506,32
780	29.08.2025 19:34:59	17,32	0,30	28,44	37,53	1506,22
781	29.08.2025 19:35:00	17,29	0,28	28,44	37,51	1506,13
782	29.08.2025 19:35:01	17,26	0,35	28,56	37,63	1506,19
783	29.08.2025 19:35:02	17,26	0,30	28,25	37,26	1505,82
784	29.08.2025 19:35:03	17,23	0,37	28,52	37,56	1506,06
785	29.08.2025 19:35:04	17,20	0,39	28,58	37,60	1506,04
786	29.08.2025 19:35:05	17,20	0,41	28,54	37,56	1505,99
787	29.08.2025 19:35:06	17,20	0,43	28,50	37,51	1505,95
788	29.08.2025 19:35:07	17,20	0,44	28,33	37,31	1505,76
789	29.08.2025 19:35:08	17,20	0,46	28,27	37,24	1505,69
790	29.08.2025 19:35:09	17,14	0,48	28,27	37,19	1505,51
791	29.08.2025 19:35:10	17,11	0,51	28,29	37,18	1505,44
792	29.08.2025 19:35:11	17,08	0,58	28,64	37,58	1505,77
793	29.08.2025 19:35:12	17,11	0,58	28,64	37,60	1505,87
794	29.08.2025 19:35:13	17,14	0,58	28,64	37,63	1505,96
795	29.08.2025 19:35:14	17,17	0,58	28,64	37,65	1506,05
796	29.08.2025 19:35:15	17,20	0,59	28,54	37,56	1506,02
797	29.08.2025 19:35:16	17,20	0,59	28,23	37,19	1505,66
798	29.08.2025 19:35:17	17,17	0,60	28,10	37,01	1505,43
799	29.08.2025 19:35:18	17,05	0,61	28,12	36,94	1505,08
800	29.08.2025 19:35:19	16,99	0,66	28,12	36,89	1504,90
801	29.08.2025 19:35:20	16,90	0,69	28,12	36,81	1504,63
802	29.08.2025 19:35:21	16,84	0,72	28,14	36,78	1504,47
803	29.08.2025 19:35:22	16,78	0,73	28,20	36,81	1504,36
804	29.08.2025 19:35:23	16,72	0,75	28,22	36,78	1504,20
805	29.08.2025 19:35:24	16,72	0,77	28,20	36,75	1504,18
806	29.08.2025 19:35:25	16,69	0,75	28,20	36,73	1504,08
807	29.08.2025 19:35:26	16,66	0,74	28,22	36,73	1504,01
808	29.08.2025 19:35:27	16,63	0,76	28,24	36,73	1503,94
809	29.08.2025 19:35:28	16,60	0,76	28,24	36,70	1503,85
810	29.08.2025 19:35:29	16,60	0,76	28,24	36,70	1503,85
811	29.08.2025 19:35:30	16,57	0,74	28,28	36,73	1503,80
812	29.08.2025 19:35:31	16,54	0,74	28,32	36,75	1503,75
813	29.08.2025 19:35:32	16,54	0,74	28,30	36,72	1503,73
814	29.08.2025 19:35:33	16,54	0,75	28,28	36,70	1503,71
815	29.08.2025 19:35:34	16,51	0,77	28,32	36,72	1503,66
816	29.08.2025 19:35:35	16,48	0,78	28,34	36,72	1503,60
817	29.08.2025 19:35:36	16,48	0,82	28,34	36,72	1503,60
818	29.08.2025 19:35:37	16,45	0,84	28,36	36,72	1503,54
819	29.08.2025 19:35:38	16,45	0,85	28,36	36,72	1503,54
820	29.08.2025 19:35:39	16,45	0,89	28,36	36,72	1503,54
821	29.08.2025 19:35:40	16,42	0,89	28,38	36,72	1503,47
822	29.08.2025 19:35:41	16,42	0,91	28,38	36,72	1503,48
823	29.08.2025 19:35:42	16,42	0,92	28,38	36,72	1503,48
824	29.08.2025 19:35:43	16,39	0,92	28,42	36,74	1503,43
825	29.08.2025 19:35:44	16,39	0,94	28,42	36,74	1503,44
826	29.08.2025 19:35:45	16,39	0,94	28,40	36,72	1503,41
827	29.08.2025 19:35:46	16,39	0,94	28,42	36,74	1503,44
828	29.08.2025 19:35:47	16,36	0,94	28,42	36,72	1503,34
829	29.08.2025 19:35:48	16,36	0,94	28,42	36,72	1503,34
830	29.08.2025 19:35:49	16,36	0,94	28,42	36,72	1503,34
831	29.08.2025 19:35:50	16,33	0,94	28,46	36,74	1503,30
832	29.08.2025 19:35:51	16,33	0,94	28,44	36,72	1503,27
833	29.08.2025 19:35:52	16,33	0,95	28,44	36,72	1503,27
834	29.08.2025 19:35:53	16,33	0,95	28,46	36,74	1503,30
835	29.08.2025 19:35:54	16,30	0,95	28,46	36,72	1503,20
836	29.08.2025 19:35:55	16,30	0,95	28,49	36,74	1503,23
837	29.08.2025 19:35:56	16,30	0,95	28,49	36,74	1503,23
838	29.08.2025 19:35:57	16,30	0,97	28,49	36,74	1503,23
839	29.08.2025 19:35:58	16,30	0,97	28,49	36,74	1503,23
840	29.08.2025 19:35:59	16,30	0,97	28,49	36,74	1503,23
841	29.08.2025 19:36:00	16,27	0,99	28,51	36,74	1503,16
842	29.08.2025 19:36:01	16,27	0,99	28,51	36,74	1503,16
843	29.08.2025 19:36:02	16,27	1,00	28,51	36,74	1503,17
844	29.08.2025 19:36:03	16,27	0,99	28,51	36,74	1503,16
845	29.08.2025 19:36:04	16,27	1,00	28,51	36,74	1503,17
846	29.08.2025 19:36:05	16,27	1,00	28,51	36,74	1503,17
847	29.08.2025 19:36:06	16,23	1,02	28,53	36,74	1503,10
848	29.08.2025 19:36:07	16,23	1,04	28,53	36,74	1503,10
849	29.08.2025 19:36:08	16,23	1,05	28,53	36,74	1503,10
850	29.08.2025 19:36:09	16,23	1,04	28,51	36,72	1503,08
851	29.08.2025 19:36:10	16,23	1,05	28,51	36,72	1503,08
852	29.08.2025 19:36:11	16,23	1,07	28,48	36,69	1503,06
853	29.08.2025 19:36:12	16,20	1,07	28,51	36,69	1502,99
854	29.08.2025 19:36:13	16,20	1,09	28,48	36,67	1502,96
855	29.08.2025 19:36:14	16,17	1,10	28,48	36,64	1502,87
856	29.08.2025 19:36:15	16,17	1,12	28,46	36,62	1502,85
857	29.08.2025 19:36:16	16,14	1,12	28,46	36,59	1502,75
858	29.08.2025 19:36:17	16,14	1,14	28,42	36,54	1502,71
859	29.08.2025 19:36:18	16,11	1,15	28,38	36,47	1502,56
860	29.08.2025 19:36:19	16,08	1,17	28,33	36,39	1502,42
861	29.08.2025 19:36:20	16,02	1,18	28,31	36,32	1502,21
862	29.08.2025 19:36:21	15,96	1,20	28,33	36,29	1502,04
863	29.08.2025 19:36:22	15,90	1,21	28,33	36,24	1501,85
864	29.08.2025 19:36:23	15,84	1,22	28,35	36,21	1501,69
865	29.08.2025 19:36:24	15,81	1,26	28,35	36,19	1501,59
866	29.08.2025 19:36:25	15,75	1,25	28,37	36,16	1501,43
867	29.08.2025 19:36:26	15,75	1,27	28,35	36,14	1501,40
868	29.08.2025 19:36:27	15,69	1,30	28,37	36,11	1501,24
869	29.08.2025 19:36:28	15,66	1,30	28,37	36,09	1501,14
870	29.08.2025 19:36:29	15,63	1,30	28,35	36,04	1501,02
871	29.08.2025 19:36:30	15,60	1,35	28,33	35,99	1500,90
872	29.08.2025 19:36:31	15,53	1,35	28,31	35,91	1500,68
873	29.08.2025 19:36:32	15,47	1,36	28,28	35,83	1500,46
874	29.08.2025 19:36:33	15,41	1,37	28,28	35,78	1500,27
875	29.08.2025 19:36:34	15,35	1,40	28,33	35,78	1500,13
876	29.08.2025 19:36:35	15,29	1,42	28,33	35,73	1499,93
877	29.08.2025 19:36:36	15,23	1,43	28,32	35,68	1499,74
878	29.08.2025 19:36:37	15,17	1,44	28,26	35,56	1499,47
879	29.08.2025 19:36:38	15,07	1,46	28,26	35,48	1499,17
880	29.08.2025 19:36:39	14,95	1,48	28,28	35,40	1498,80
881	29.08.2025 19:36:40	14,86	1,49	28,26	35,30	1498,48
882	29.08.2025 19:36:41	14,74	1,52	28,19	35,13	1498,00
883	29.08.2025 19:36:42	14,58	1,55	27,99	34,78	1497,27
884	29.08.2025 19:36:43	14,40	1,55	27,88	34,50	1496,53
885	29.08.2025 19:36:44	14,21	1,59	27,74	34,20	1495,76
886	29.08.2025 19:36:45	13,99	1,61	27,63	33,90	1494,91
887	29.08.2025 19:36:46	13,77	1,67	27,53	33,63	1494,08
888	29.08.2025 19:36:47	13,56	1,69	27,58	33,50	1493,40
889	29.08.2025 19:36:48	13,34	1,73	27,68	33,44	1492,80
890	29.08.2025 19:36:49	13,21	1,75	27,73	33,39	1492,43
891	29.08.2025 19:36:50	13,09	1,76	27,79	33,36	1492,08
892	29.08.2025 19:36:51	12,96	1,81	27,81	33,29	1491,69
893	29.08.2025 19:36:52	12,87	1,80	27,84	33,24	1491,39
894	29.08.2025 19:36:53	12,77	1,83	27,83	33,16	1491,07
895	29.08.2025 19:36:54	12,71	1,84	27,72	32,99	1490,71
896	29.08.2025 19:36:55	12,58	1,87	27,74	32,91	1490,31
897	29.08.2025 19:36:56	12,49	1,90	27,81	32,91	1490,07
898	29.08.2025 19:36:57	12,39	1,91	27,72	32,73	1489,63
899	29.08.2025 19:36:58	12,26	1,92	27,51	32,41	1488,94
900	29.08.2025 19:36:59	12,14	1,91	27,39	32,19	1488,35
901	29.08.2025 19:37:00	11,95	1,95	27,48	32,13	1487,80
902	29.08.2025 19:37:01	11,75	1,97	27,34	31,84	1486,95
903	29.08.2025 19:37:02	11,59	2,00	27,24	31,61	1486,27
904	29.08.2025 19:37:03	11,37	2,03	27,24	31,43	1485,48
905	29.08.2025 19:37:04	11,21	2,08	27,21	31,28	1484,88
906	29.08.2025 19:37:05	10,98	2,10	27,14	31,03	1483,98
907	29.08.2025 19:37:06	10,75	2,11	26,92	30,63	1482,90
908	29.08.2025 19:37:07	10,53	2,15	27,01	30,56	1482,19
909	29.08.2025 19:37:08	10,26	2,21	27,10	30,45	1481,36
910	29.08.2025 19:37:09	10,07	2,23	27,15	30,35	1480,70
911	29.08.2025 19:37:10	9,87	2,27	27,17	30,22	1480,00
912	29.08.2025 19:37:11	9,67	2,29	27,27	30,17	1479,39
913	29.08.2025 19:37:12	9,51	2,30	27,37	30,14	1478,90
914	29.08.2025 19:37:13	9,37	2,32	27,42	30,09	1478,47
915	29.08.2025 19:37:14	9,24	2,35	27,44	30,02	1478,01
916	29.08.2025 19:37:15	9,11	2,36	27,52	29,99	1477,60
917	29.08.2025 19:37:16	9,01	2,39	27,52	29,91	1477,23
918	29.08.2025 19:37:17	8,87	2,39	27,54	29,84	1476,76
919	29.08.2025 19:37:18	8,74	2,42	27,57	29,76	1476,29
920	29.08.2025 19:37:19	8,60	2,43	27,60	29,69	1475,81
921	29.08.2025 19:37:20	8,50	2,44	27,57	29,58	1475,40
922	29.08.2025 19:37:21	8,37	2,46	27,58	29,49	1474,89
923	29.08.2025 19:37:22	8,23	2,46	27,60	29,41	1474,40
924	29.08.2025 19:37:23	8,10	2,50	27,66	29,36	1473,95
925	29.08.2025 19:37:24	7,99	2,49	27,53	29,16	1473,40
926	29.08.2025 19:37:25	7,82	2,52	27,43	28,94	1472,62
927	29.08.2025 19:37:26	7,65	2,56	27,12	28,51	1471,57
928	29.08.2025 19:37:27	7,41	2,59	27,21	28,41	1470,74
929	29.08.2025 19:37:28	7,17	2,63	27,29	28,31	1469,90
930	29.08.2025 19:37:29	6,96	2,67	27,34	28,21	1469,15
931	29.08.2025 19:37:30	6,79	2,68	27,43	28,16	1468,57
932	29.08.2025 19:37:31	6,61	2,70	27,54	28,13	1468,02
933	29.08.2025 19:37:32	6,47	2,72	27,57	28,06	1467,50
934	29.08.2025 19:37:33	6,33	2,75	27,63	28,01	1467,02
935	29.08.2025 19:37:34	6,23	2,76	27,71	28,01	1466,70
936	29.08.2025 19:37:35	6,09	2,77	27,80	27,98	1466,24
937	29.08.2025 19:37:36	5,98	2,80	27,86	27,96	1465,89
938	29.08.2025 19:37:37	5,87	2,82	27,95	27,96	1465,58
939	29.08.2025 19:37:38	5,80	2,84	28,01	27,95	1465,36
940	29.08.2025 19:37:39	5,70	2,85	28,09	27,95	1465,04
941	29.08.2025 19:37:40	5,62	2,86	28,18	27,98	1464,86
942	29.08.2025 19:37:41	5,55	2,87	28,10	27,86	1464,48
943	29.08.2025 19:37:42	5,48	2,89	28,02	27,73	1464,08
944	29.08.2025 19:37:43	5,34	2,89	28,03	27,63	1463,51
945	29.08.2025 19:37:44	5,23	2,92	28,07	27,58	1463,11
946	29.08.2025 19:37:45	5,12	2,93	28,13	27,56	1462,75
947	29.08.2025 19:37:46	5,01	2,96	28,19	27,53	1462,38
948	29.08.2025 19:37:47	4,91	2,99	28,26	27,51	1462,02
949	29.08.2025 19:37:48	4,80	3,00	28,35	27,51	1461,69
950	29.08.2025 19:37:49	4,72	3,01	28,41	27,51	1461,47
951	29.08.2025 19:37:50	4,65	3,02	28,47	27,51	1461,25
952	29.08.2025 19:37:51	4,58	3,05	28,51	27,48	1460,99
953	29.08.2025 19:37:52	4,51	3,07	28,60	27,51	1460,80
954	29.08.2025 19:37:53	4,43	3,10	28,64	27,48	1460,55
955	29.08.2025 19:37:54	4,40	3,11	28,67	27,48	1460,44
956	29.08.2025 19:37:55	4,32	3,13	28,73	27,48	1460,22
957	29.08.2025 19:37:56	4,25	3,14	28,79	27,48	1459,99
958	29.08.2025 19:37:57	4,18	3,17	28,86	27,48	1459,77
959	29.08.2025 19:37:58	4,14	3,18	28,89	27,48	1459,66
960	29.08.2025 19:37:59	4,10	3,20	28,92	27,48	1459,55
961	29.08.2025 19:38:00	4,06	3,20	28,93	27,46	1459,40
962	29.08.2025 19:38:01	3,99	3,23	28,97	27,43	1459,14
963	29.08.2025 19:38:02	3,95	3,24	29,00	27,43	1459,02
964	29.08.2025 19:38:03	3,88	3,25	29,06	27,44	1458,80
965	29.08.2025 19:38:04	3,84	3,25	29,10	27,43	1458,68
966	29.08.2025 19:38:05	3,81	3,27	29,10	27,41	1458,53
967	29.08.2025 19:38:06	3,73	3,28	29,17	27,41	1458,30
968	29.08.2025 19:38:07	3,69	3,28	29,20	27,41	1458,19
969	29.08.2025 19:38:08	3,66	3,31	29,21	27,39	1458,04
970	29.08.2025 19:38:09	3,58	3,34	29,24	27,36	1457,78
971	29.08.2025 19:38:10	3,55	3,34	29,28	27,36	1457,66
972	29.08.2025 19:38:11	3,51	3,35	29,31	27,36	1457,55
973	29.08.2025 19:38:12	3,47	3,37	29,32	27,34	1457,40
974	29.08.2025 19:38:13	3,43	3,38	29,35	27,34	1457,28
975	29.08.2025 19:38:14	3,40	3,40	29,35	27,31	1457,13
976	29.08.2025 19:38:15	3,32	3,41	29,39	27,29	1456,86
977	29.08.2025 19:38:16	3,28	3,43	29,40	27,27	1456,71
978	29.08.2025 19:38:17	3,25	3,42	29,43	27,27	1456,59
979	29.08.2025 19:38:18	3,21	3,46	29,44	27,24	1456,44
980	29.08.2025 19:38:19	3,17	3,47	29,44	27,22	1456,29
981	29.08.2025 19:38:20	3,10	3,48	29,51	27,22	1456,06
982	29.08.2025 19:38:21	3,06	3,50	29,52	27,19	1455,90
983	29.08.2025 19:38:22	3,02	3,53	29,55	27,19	1455,79
984	29.08.2025 19:38:23	2,98	3,55	29,56	27,17	1455,64
985	29.08.2025 19:38:24	2,94	3,56	29,59	27,17	1455,52
986	29.08.2025 19:38:25	2,91	3,60	29,57	27,12	1455,33
987	29.08.2025 19:38:26	2,87	3,61	29,60	27,12	1455,21
988	29.08.2025 19:38:27	2,83	3,63	29,64	27,12	1455,10
989	29.08.2025 19:38:28	2,75	3,66	29,71	27,12	1454,86
990	29.08.2025 19:38:29	2,75	3,64	29,71	27,12	1454,86
991	29.08.2025 19:38:30	2,72	3,69	29,72	27,10	1454,71
992	29.08.2025 19:38:31	2,68	3,70	29,72	27,07	1454,56
993	29.08.2025 19:38:32	2,64	3,72	29,70	27,02	1454,36
994	29.08.2025 19:38:33	2,60	3,73	29,70	27,00	1454,20
995	29.08.2025 19:38:34	2,53	3,75	29,69	26,93	1453,85
996	29.08.2025 19:38:35	2,49	3,76	29,66	26,88	1453,65
997	29.08.2025 19:38:36	2,41	3,79	29,67	26,83	1453,33
998	29.08.2025 19:38:37	2,33	3,82	29,72	26,80	1453,06
999	29.08.2025 19:38:38	2,30	3,84	29,75	26,80	1452,94
1000	29.08.2025 19:38:39	2,26	3,87	29,76	26,78	1452,78
1001	29.08.2025 19:38:40	2,22	3,87	29,76	26,76	1452,62
1002	29.08.2025 19:38:41	2,18	3,90	29,83	26,78	1452,55
1003	29.08.2025 19:38:42	2,14	3,92	29,93	26,83	1452,51
1004	29.08.2025 19:38:43	2,10	3,95	30,15	26,98	1452,63
1005	29.08.2025 19:38:44	2,10	3,97	30,18	27,01	1452,68
1006	29.08.2025 19:38:45	2,10	3,97	30,15	26,98	1452,64
1007	29.08.2025 19:38:46	2,10	3,98	30,12	26,96	1452,60
1008	29.08.2025 19:38:47	2,07	4,00	30,07	26,88	1452,36
1009	29.08.2025 19:38:48	2,03	4,01	30,04	26,83	1452,16
1010	29.08.2025 19:38:49	1,99	4,05	30,11	26,86	1452,08
1011	29.08.2025 19:38:50	1,95	4,06	30,15	26,86	1451,96
1012	29.08.2025 19:38:51	1,91	4,10	30,18	26,86	1451,85
1013	29.08.2025 19:38:52	1,87	4,11	30,22	26,86	1451,73
1014	29.08.2025 19:38:53	1,83	4,13	30,29	26,89	1451,65
1015	29.08.2025 19:38:54	1,83	4,16	30,29	26,89	1451,65
1016	29.08.2025 19:38:55	1,79	4,19	30,33	26,89	1451,54
1017	29.08.2025 19:38:56	1,79	4,19	30,36	26,91	1451,58
1018	29.08.2025 19:38:57	1,76	4,21	30,40	26,91	1451,46
1019	29.08.2025 19:38:58	1,76	4,23	30,40	26,91	1451,46
1020	29.08.2025 19:38:59	1,76	4,24	30,43	26,94	1451,50
1021	29.08.2025 19:39:00	1,72	4,26	30,47	26,94	1451,38
1022	29.08.2025 19:39:01	1,72	4,28	30,47	26,94	1451,38
1023	29.08.2025 19:39:02	1,72	4,30	30,50	26,96	1451,43
1024	29.08.2025 19:39:03	1,72	4,31	30,50	26,96	1451,43
1025	29.08.2025 19:39:04	1,68	4,33	30,54	26,96	1451,31
1026	29.08.2025 19:39:05	1,68	4,33	30,54	26,96	1451,31
1027	29.08.2025 19:39:06	1,68	4,35	30,54	26,96	1451,31
1028	29.08.2025 19:39:07	1,68	4,36	30,47	26,92	1451,23
1029	29.08.2025 19:39:08	1,64	4,38	30,48	26,89	1451,07
1030	29.08.2025 19:39:09	1,64	4,42	30,45	26,87	1451,04
1031	29.08.2025 19:39:10	1,60	4,43	30,40	26,79	1450,79
1032	29.08.2025 19:39:11	1,56	4,45	30,40	26,77	1450,63
1033	29.08.2025 19:39:12	1,52	4,46	30,41	26,74	1450,47
1034	29.08.2025 19:39:13	1,48	4,49	30,39	26,70	1450,27
1035	29.08.2025 19:39:14	1,44	4,51	30,43	26,70	1450,15
1036	29.08.2025 19:39:15	1,40	4,56	30,43	26,67	1449,99
1037	29.08.2025 19:39:16	1,40	4,56	30,43	26,67	1449,99
1038	29.08.2025 19:39:17	1,37	4,57	30,44	26,65	1449,83
1039	29.08.2025 19:39:18	1,33	4,61	30,48	26,65	1449,71
1040	29.08.2025 19:39:19	1,33	4,64	30,45	26,62	1449,67
1041	29.08.2025 19:39:20	1,29	4,66	30,46	26,60	1449,51
1042	29.08.2025 19:39:21	1,25	4,69	30,50	26,60	1449,39
1043	29.08.2025 19:39:22	1,25	4,69	30,50	26,60	1449,39
1044	29.08.2025 19:39:23	1,21	4,74	30,50	26,58	1449,23
1045	29.08.2025 19:39:24	1,21	4,78	30,50	26,58	1449,23
1046	29.08.2025 19:39:25	1,17	4,77	30,51	26,55	1449,07
1047	29.08.2025 19:39:26	1,17	4,81	30,48	26,53	1449,03
1048	29.08.2025 19:39:27	1,13	4,84	30,52	26,53	1448,91
1049	29.08.2025 19:39:28	1,09	4,86	30,56	26,53	1448,79
1050	29.08.2025 19:39:29	1,09	4,89	30,56	26,53	1448,79
1051	29.08.2025 19:39:30	1,05	4,91	30,60	26,53	1448,67
1052	29.08.2025 19:39:31	1,05	4,94	30,60	26,53	1448,67
1053	29.08.2025 19:39:32	1,01	4,96	30,58	26,48	1448,47
1054	29.08.2025 19:39:33	1,01	5,00	30,54	26,46	1448,43
1055	29.08.2025 19:39:34	0,97	5,01	30,65	26,51	1448,39
1056	29.08.2025 19:39:35	0,97	5,05	30,68	26,53	1448,44
1057	29.08.2025 19:39:36	0,93	5,06	30,78	26,58	1448,40
1058	29.08.2025 19:39:37	0,93	5,10	30,81	26,61	1448,45
1059	29.08.2025 19:39:38	0,93	5,13	30,88	26,66	1448,54
1060	29.08.2025 19:39:39	0,93	5,15	30,94	26,71	1448,62
1061	29.08.2025 19:39:40	0,93	5,17	30,94	26,71	1448,63
1062	29.08.2025 19:39:41	0,93	5,19	30,94	26,71	1448,63
1063	29.08.2025 19:39:42	0,93	5,22	30,94	26,71	1448,64
1064	29.08.2025 19:39:43	0,93	5,26	30,94	26,71	1448,64
1065	29.08.2025 19:39:44	0,93	5,29	30,94	26,71	1448,65
1066	29.08.2025 19:39:45	0,93	5,31	30,97	26,73	1448,69
1067	29.08.2025 19:39:46	0,93	5,33	30,97	26,73	1448,69
1068	29.08.2025 19:39:47	0,89	5,36	31,01	26,73	1448,58
1069	29.08.2025 19:39:48	0,89	5,40	31,01	26,73	1448,58
1070	29.08.2025 19:39:49	0,89	5,42	31,04	26,76	1448,63
1071	29.08.2025 19:39:50	0,89	5,43	31,04	26,76	1448,63
1072	29.08.2025 19:39:51	0,89	5,47	31,04	26,76	1448,63
1073	29.08.2025 19:39:52	0,89	5,51	31,04	26,76	1448,64
1074	29.08.2025 19:39:53	0,89	5,52	31,08	26,78	1448,68
1075	29.08.2025 19:39:54	0,89	5,56	31,08	26,78	1448,69
1076	29.08.2025 19:39:55	0,89	5,60	31,11	26,81	1448,74
1077	29.08.2025 19:39:56	0,89	5,61	31,11	26,81	1448,74
1078	29.08.2025 19:39:57	0,89	5,63	31,11	26,81	1448,74
1079	29.08.2025 19:39:58	0,85	5,66	31,15	26,81	1448,62
1080	29.08.2025 19:39:59	0,85	5,68	31,15	26,81	1448,63
1081	29.08.2025 19:40:00	0,85	5,72	31,15	26,81	1448,63
1082	29.08.2025 19:40:01	0,85	5,74	31,15	26,81	1448,63
1083	29.08.2025 19:40:02	0,85	5,77	31,15	26,81	1448,64
1084	29.08.2025 19:40:03	0,85	5,81	31,15	26,81	1448,65
1085	29.08.2025 19:40:04	0,85	5,81	31,15	26,81	1448,65
1086	29.08.2025 19:40:05	0,85	5,83	31,15	26,81	1448,65
1087	29.08.2025 19:40:06	0,85	5,86	31,15	26,81	1448,65
1088	29.08.2025 19:40:07	0,85	5,90	31,15	26,81	1448,66
1089	29.08.2025 19:40:08	0,85	5,92	31,18	26,84	1448,70
1090	29.08.2025 19:40:09	0,85	5,95	31,18	26,84	1448,71
1091	29.08.2025 19:40:10	0,85	5,97	31,18	26,84	1448,71
1092	29.08.2025 19:40:11	0,85	5,99	31,18	26,84	1448,72
1093	29.08.2025 19:40:12	0,85	6,02	31,21	26,86	1448,76
1094	29.08.2025 19:40:13	0,81	6,02	31,25	26,86	1448,64
1095	29.08.2025 19:40:14	0,81	6,06	31,25	26,86	1448,64
1096	29.08.2025 19:40:15	0,81	6,07	31,25	26,86	1448,65
1097	29.08.2025 19:40:16	0,81	6,11	31,25	26,86	1448,65
1098	29.08.2025 19:40:17	0,81	6,13	31,25	26,86	1448,65
1099	29.08.2025 19:40:18	0,81	6,16	31,28	26,89	1448,70
1100	29.08.2025 19:40:19	0,81	6,16	31,25	26,86	1448,66
1101	29.08.2025 19:40:20	0,81	6,22	31,28	26,89	1448,71
1102	29.08.2025 19:40:21	0,81	6,22	31,25	26,86	1448,67
1103	29.08.2025 19:40:22	0,81	6,25	31,28	26,89	1448,72
1104	29.08.2025 19:40:23	0,81	6,27	31,28	26,89	1448,72
1105	29.08.2025 19:40:24	0,81	6,29	31,28	26,89	1448,72
1106	29.08.2025 19:40:25	0,81	6,31	31,31	26,91	1448,77
1107	29.08.2025 19:40:26	0,81	6,34	31,31	26,91	1448,77
1108	29.08.2025 19:40:27	0,81	6,36	31,35	26,94	1448,82
1109	29.08.2025 19:40:28	0,81	6,38	31,35	26,94	1448,82
1110	29.08.2025 19:40:29	0,81	6,40	31,35	26,94	1448,82
1111	29.08.2025 19:40:30	0,81	6,43	31,38	26,96	1448,87
1112	29.08.2025 19:40:31	0,81	6,43	31,34	26,94	1448,83
1113	29.08.2025 19:40:32	0,81	6,45	31,38	26,96	1448,87
1114	29.08.2025 19:40:33	0,81	6,47	31,38	26,96	1448,88
1115	29.08.2025 19:40:34	0,81	6,49	31,38	26,96	1448,88
1116	29.08.2025 19:40:35	0,81	6,49	31,38	26,96	1448,88
1117	29.08.2025 19:40:36	0,81	6,50	31,38	26,96	1448,88
1118	29.08.2025 19:40:37	0,81	6,50	31,38	26,96	1448,88
1119	29.08.2025 19:40:38	0,81	6,52	31,38	26,96	1448,89
1120	29.08.2025 19:40:39	0,81	6,52	31,38	26,96	1448,89
1121	29.08.2025 19:40:40	0,81	6,54	31,38	26,96	1448,89
1122	29.08.2025 19:40:41	0,81	6,56	31,38	26,96	1448,89
1123	29.08.2025 19:40:42	0,81	6,54	31,38	26,96	1448,89
1124	29.08.2025 19:40:43	0,81	6,56	31,38	26,96	1448,89
1125	29.08.2025 19:40:44	0,81	6,56	31,38	26,96	1448,89
1126	29.08.2025 19:40:45	0,81	6,56	31,38	26,96	1448,89
1127	29.08.2025 19:40:46	0,81	6,56	31,38	26,96	1448,89
1128	29.08.2025 19:40:47	0,81	6,56	31,38	26,96	1448,89
1129	29.08.2025 19:40:48	0,81	6,56	31,38	26,96	1448,89
1130	29.08.2025 19:40:49	0,81	6,58	31,38	26,96	1448,89
1131	29.08.2025 19:40:50	0,81	6,58	31,34	26,94	1448,85
1132	29.08.2025 19:40:51	0,81	6,56	31,38	26,96	1448,89
1133	29.08.2025 19:40:52	0,81	6,58	31,38	26,96	1448,89
1134	29.08.2025 19:40:53	0,81	6,58	31,38	26,96	1448,89
1135	29.08.2025 19:40:54	0,81	6,58	31,38	26,96	1448,89
1136	29.08.2025 19:40:55	0,77	6,57	31,42	26,96	1448,77
1137	29.08.2025 19:40:56	0,77	6,57	31,42	26,96	1448,77
1138	29.08.2025 19:40:57	0,77	6,54	31,42	26,96	1448,76
1139	29.08.2025 19:40:58	0,81	6,52	31,38	26,96	1448,89
1140	29.08.2025 19:40:59	0,77	6,45	31,42	26,96	1448,75
1141	29.08.2025 19:41:00	0,81	6,41	31,35	26,94	1448,83
1142	29.08.2025 19:41:01	0,81	6,38	31,35	26,94	1448,82
1143	29.08.2025 19:41:02	0,81	6,36	31,31	26,91	1448,78
1144	29.08.2025 19:41:03	0,77	6,32	31,36	26,91	1448,64
1145	29.08.2025 19:41:04	0,77	6,29	31,36	26,91	1448,64
1146	29.08.2025 19:41:05	0,77	6,27	31,32	26,89	1448,59
1147	29.08.2025 19:41:06	0,77	6,23	31,32	26,89	1448,59
1148	29.08.2025 19:41:07	0,77	6,20	31,32	26,89	1448,58
1149	29.08.2025 19:41:08	0,77	6,20	31,32	26,89	1448,58
1150	29.08.2025 19:41:09	0,77	6,16	31,32	26,89	1448,58
1151	29.08.2025 19:41:10	0,77	6,14	31,29	26,86	1448,53
1152	29.08.2025 19:41:11	0,77	6,14	31,29	26,86	1448,53
1153	29.08.2025 19:41:12	0,77	6,12	31,26	26,84	1448,49
1154	29.08.2025 19:41:13	0,77	6,11	31,29	26,86	1448,53
1155	29.08.2025 19:41:14	0,77	6,09	31,29	26,86	1448,52
1156	29.08.2025 19:41:15	0,77	6,09	31,29	26,86	1448,52
1157	29.08.2025 19:41:16	0,77	6,09	31,29	26,86	1448,52
1158	29.08.2025 19:41:17	0,77	6,07	31,26	26,84	1448,48
1159	29.08.2025 19:41:18	0,77	6,07	31,29	26,86	1448,52
1160	29.08.2025 19:41:19	0,77	6,07	31,26	26,84	1448,48
1161	29.08.2025 19:41:20	0,77	6,05	31,29	26,86	1448,52
1162	29.08.2025 19:41:21	0,77	6,07	31,29	26,86	1448,52
1163	29.08.2025 19:41:22	0,77	6,05	31,29	26,86	1448,52
1164	29.08.2025 19:41:23	0,77	6,05	31,26	26,84	1448,47
1165	29.08.2025 19:41:24	0,77	6,05	31,29	26,86	1448,52
1166	29.08.2025 19:41:25	0,77	6,04	31,26	26,84	1448,47
1167	29.08.2025 19:41:26	0,77	6,04	31,29	26,86	1448,51
1168	29.08.2025 19:41:27	0,77	6,02	31,29	26,86	1448,51
1169	29.08.2025 19:41:28	0,77	6,04	31,29	26,86	1448,51
1170	29.08.2025 19:41:29	0,77	6,04	31,29	26,86	1448,51
1171	29.08.2025 19:41:30	0,77	6,04	31,29	26,86	1448,51
1172	29.08.2025 19:41:31	0,77	6,02	31,29	26,86	1448,51
1173	29.08.2025 19:41:32	0,77	6,02	31,29	26,86	1448,51
1174	29.08.2025 19:41:33	0,77	6,02	31,29	26,86	1448,51
1175	29.08.2025 19:41:34	0,77	6,02	31,29	26,86	1448,51
1176	29.08.2025 19:41:35	0,77	6,04	31,29	26,86	1448,51
1177	29.08.2025 19:41:36	0,77	6,02	31,29	26,86	1448,51
1178	29.08.2025 19:41:37	0,77	6,04	31,29	26,86	1448,51
1179	29.08.2025 19:41:38	0,77	6,04	31,29	26,86	1448,51
1180	29.08.2025 19:41:39	0,77	6,04	31,29	26,86	1448,51
1181	29.08.2025 19:41:40	0,77	6,04	31,29	26,86	1448,51
1182	29.08.2025 19:41:41	0,81	6,04	31,25	26,86	1448,64
1183	29.08.2025 19:41:42	0,77	6,04	31,29	26,86	1448,51
1184	29.08.2025 19:41:43	0,81	6,04	31,25	26,86	1448,64
1185	29.08.2025 19:41:44	0,81	6,04	31,25	26,86	1448,64
1186	29.08.2025 19:41:45	0,81	6,04	31,25	26,86	1448,64
1187	29.08.2025 19:41:46	0,81	6,04	31,25	26,86	1448,64
1188	29.08.2025 19:41:47	0,81	6,04	31,25	26,86	1448,64
1189	29.08.2025 19:41:48	0,81	6,04	31,25	26,86	1448,64
1190	29.08.2025 19:41:49	0,81	6,04	31,28	26,89	1448,68
1191	29.08.2025 19:41:50	0,81	6,04	31,25	26,86	1448,64
1192	29.08.2025 19:41:51	0,81	6,04	31,25	26,86	1448,64
1193	29.08.2025 19:41:52	0,81	6,02	31,25	26,86	1448,64
1194	29.08.2025 19:41:53	0,81	6,04	31,28	26,89	1448,68
1195	29.08.2025 19:41:54	0,81	6,04	31,28	26,89	1448,68
1196	29.08.2025 19:41:55	0,81	6,04	31,25	26,86	1448,64
1197	29.08.2025 19:41:56	0,81	6,04	31,25	26,86	1448,64
1198	29.08.2025 19:41:57	0,81	6,02	31,25	26,86	1448,64
1199	29.08.2025 19:41:58	0,81	6,04	31,28	26,89	1448,68
1200	29.08.2025 19:41:59	0,81	6,04	31,25	26,86	1448,64
1201	29.08.2025 19:42:00	0,81	6,04	31,25	26,86	1448,64
1202	29.08.2025 19:42:01	0,81	6,04	31,28	26,89	1448,68
1203	29.08.2025 19:42:02	0,81	6,02	31,25	26,86	1448,64
1204	29.08.2025 19:42:03	0,81	6,02	31,28	26,89	1448,68
1205	29.08.2025 19:42:04	0,81	6,04	31,28	26,89	1448,68
1206	29.08.2025 19:42:05	0,81	6,02	31,28	26,89	1448,68
1207	29.08.2025 19:42:06	0,81	6,02	31,28	26,89	1448,68
1208	29.08.2025 19:42:07	0,81	6,02	31,28	26,89	1448,68
1209	29.08.2025 19:42:08	0,81	6,02	31,28	26,89	1448,68
1210	29.08.2025 19:42:09	0,81	6,04	31,28	26,89	1448,68
1211	29.08.2025 19:42:10	0,81	6,04	31,28	26,89	1448,68
1212	29.08.2025 19:42:11	0,81	6,06	31,25	26,86	1448,64
1213	29.08.2025 19:42:12	0,81	6,07	31,28	26,89	1448,69
1214	29.08.2025 19:42:13	0,81	6,06	31,28	26,89	1448,69
1215	29.08.2025 19:42:14	0,81	6,06	31,25	26,86	1448,64
1216	29.08.2025 19:42:15	0,81	6,04	31,25	26,86	1448,64
1217	29.08.2025 19:42:16	0,81	6,04	31,28	26,89	1448,68
1218	29.08.2025 19:42:17	0,81	6,04	31,28	26,89	1448,68
1219	29.08.2025 19:42:18	0,81	6,02	31,28	26,89	1448,68
1220	29.08.2025 19:42:19	0,81	6,02	31,25	26,86	1448,64
1221	29.08.2025 19:42:20	0,81	6,02	31,28	26,89	1448,68
1222	29.08.2025 19:42:21	0,81	6,02	31,25	26,86	1448,64
1223	29.08.2025 19:42:22	0,81	6,00	31,28	26,89	1448,68
1224	29.08.2025 19:42:23	0,81	6,02	31,25	26,86	1448,64
1225	29.08.2025 19:42:24	0,81	6,02	31,25	26,86	1448,64
1226	29.08.2025 19:42:25	0,81	6,00	31,25	26,86	1448,64
1227	29.08.2025 19:42:26	0,81	6,04	31,25	26,86	1448,64
1228	29.08.2025 19:42:27	0,81	6,09	30,01	25,89	1446,99
1229	29.08.2025 19:42:28	0,77	6,16	30,20	26,01	1447,09
1230	29.08.2025 19:42:29	0,77	6,21	30,20	26,01	1447,09
1231	29.08.2025 19:42:30	0,77	6,25	30,24	26,04	1447,14
1232	29.08.2025 19:42:31	0,77	6,30	30,20	26,01	1447,11
1233	29.08.2025 19:42:32	0,77	6,34	30,27	26,06	1447,20
1234	29.08.2025 19:42:33	0,77	6,36	30,27	26,06	1447,20
1235	29.08.2025 19:42:34	0,77	6,39	31,39	26,94	1448,70
1236	29.08.2025 19:42:35	0,81	6,40	31,34	26,94	1448,82
1237	29.08.2025 19:42:36	0,77	6,41	31,42	26,96	1448,74
1238	29.08.2025 19:42:37	0,81	6,43	31,38	26,96	1448,87
1239	29.08.2025 19:42:38	0,77	6,43	31,42	26,96	1448,75
1240	29.08.2025 19:42:39	0,77	6,45	31,42	26,96	1448,75
1241	29.08.2025 19:42:40	0,77	6,45	31,42	26,96	1448,75
1242	29.08.2025 19:42:41	0,77	6,45	31,42	26,96	1448,75
1243	29.08.2025 19:42:42	0,77	6,47	31,39	26,94	1448,71
1244	29.08.2025 19:42:43	0,77	6,45	31,42	26,96	1448,75
1245	29.08.2025 19:42:44	0,77	6,47	31,39	26,94	1448,71
1246	29.08.2025 19:42:45	0,77	6,45	31,39	26,94	1448,71
1247	29.08.2025 19:42:46	0,77	6,45	31,42	26,96	1448,75
1248	29.08.2025 19:42:47	0,77	6,45	31,39	26,94	1448,71
1249	29.08.2025 19:42:48	0,77	6,43	31,39	26,94	1448,70
1250	29.08.2025 19:42:49	0,77	6,45	31,42	26,96	1448,75
1251	29.08.2025 19:42:50	0,77	6,43	31,42	26,96	1448,75
1252	29.08.2025 19:42:51	0,77	6,41	31,42	26,96	1448,74
1253	29.08.2025 19:42:52	0,77	6,41	31,39	26,94	1448,70
1254	29.08.2025 19:42:53	0,77	6,39	31,42	26,96	1448,74
1255	29.08.2025 19:42:54	0,77	6,39	31,42	26,96	1448,74
1256	29.08.2025 19:42:55	0,77	6,38	31,42	26,96	1448,74
1257	29.08.2025 19:42:56	0,77	6,34	31,39	26,94	1448,69
1258	29.08.2025 19:42:57	0,77	6,34	31,39	26,94	1448,69
1259	29.08.2025 19:42:58	0,77	6,32	31,39	26,94	1448,69
1260	29.08.2025 19:42:59	0,77	6,29	31,39	26,94	1448,68
1261	29.08.2025 19:43:00	0,77	6,29	31,39	26,94	1448,68
1262	29.08.2025 19:43:01	0,77	6,27	31,39	26,94	1448,68
1263	29.08.2025 19:43:02	0,77	6,27	31,39	26,94	1448,68
1264	29.08.2025 19:43:03	0,77	6,25	31,29	26,86	1448,55
1265	29.08.2025 19:43:04	0,77	6,20	31,29	26,86	1448,54
1266	29.08.2025 19:43:05	0,77	6,20	31,29	26,86	1448,54
1267	29.08.2025 19:43:06	0,77	6,18	31,32	26,89	1448,58
1268	29.08.2025 19:43:07	0,77	6,14	31,32	26,89	1448,57
1269	29.08.2025 19:43:08	0,77	6,11	31,26	26,84	1448,48
1270	29.08.2025 19:43:09	0,77	6,07	31,26	26,84	1448,48
1271	29.08.2025 19:43:10	0,77	6,05	31,26	26,84	1448,47
1272	29.08.2025 19:43:11	0,77	6,02	31,26	26,84	1448,47
1273	29.08.2025 19:43:12	0,77	5,98	31,26	26,84	1448,46
1274	29.08.2025 19:43:13	0,77	5,96	31,26	26,84	1448,46
1275	29.08.2025 19:43:14	0,77	5,91	31,26	26,84	1448,45
1276	29.08.2025 19:43:15	0,77	5,89	31,23	26,81	1448,41
1277	29.08.2025 19:43:16	0,77	5,84	31,23	26,81	1448,40
1278	29.08.2025 19:43:17	0,77	5,80	31,23	26,81	1448,39
1279	29.08.2025 19:43:18	0,77	5,77	31,23	26,81	1448,39
1280	29.08.2025 19:43:19	0,77	5,73	31,23	26,81	1448,38
1281	29.08.2025 19:43:20	0,73	5,69	31,24	26,79	1448,21
1282	29.08.2025 19:43:21	0,73	5,66	31,24	26,79	1448,20
1283	29.08.2025 19:43:22	0,73	5,64	31,21	26,76	1448,16
1284	29.08.2025 19:43:23	0,73	5,58	31,21	26,76	1448,15
1285	29.08.2025 19:43:24	0,73	5,57	31,21	26,76	1448,15
1286	29.08.2025 19:43:25	0,73	5,53	31,21	26,76	1448,14
1287	29.08.2025 19:43:26	0,73	5,49	31,21	26,76	1448,13
1288	29.08.2025 19:43:27	0,73	5,46	31,18	26,74	1448,09
1289	29.08.2025 19:43:28	0,73	5,40	31,18	26,74	1448,08
1290	29.08.2025 19:43:29	0,73	5,39	31,18	26,74	1448,08
1291	29.08.2025 19:43:30	0,73	5,33	31,18	26,74	1448,07
1292	29.08.2025 19:43:31	0,73	5,30	31,18	26,74	1448,06
1293	29.08.2025 19:43:32	0,73	5,28	31,18	26,74	1448,06
1294	29.08.2025 19:43:33	0,73	5,23	31,15	26,71	1448,01
1295	29.08.2025 19:43:34	0,73	5,21	31,15	26,71	1448,00
1296	29.08.2025 19:43:35	0,73	5,15	31,15	26,71	1448,00
1297	29.08.2025 19:43:36	0,69	5,11	31,12	26,66	1447,78
1298	29.08.2025 19:43:37	0,69	5,08	31,06	26,61	1447,69
1299	29.08.2025 19:43:38	0,69	5,04	31,00	26,56	1447,60
1300	29.08.2025 19:43:39	0,69	5,01	30,90	26,49	1447,46
1301	29.08.2025 19:43:40	0,65	4,97	30,94	26,49	1447,33
1302	29.08.2025 19:43:41	0,65	4,93	30,91	26,47	1447,28
1303	29.08.2025 19:43:42	0,61	4,91	30,95	26,47	1447,15
1304	29.08.2025 19:43:43	0,61	4,86	30,95	26,47	1447,14
1305	29.08.2025 19:43:44	0,61	4,80	30,95	26,47	1447,13
1306	29.08.2025 19:43:45	0,61	4,79	30,95	26,47	1447,13
1307	29.08.2025 19:43:46	0,61	4,73	30,98	26,49	1447,17
1308	29.08.2025 19:43:47	0,61	4,70	31,08	26,57	1447,29
1309	29.08.2025 19:43:48	0,61	4,62	31,11	26,59	1447,32
1310	29.08.2025 19:43:49	0,65	4,61	31,23	26,72	1447,66
1311	29.08.2025 19:43:50	0,69	4,56	31,22	26,74	1447,82
1312	29.08.2025 19:43:51	0,73	4,54	31,18	26,74	1447,94
1313	29.08.2025 19:43:52	0,77	4,49	31,14	26,74	1448,06
1314	29.08.2025 19:43:53	0,77	4,46	31,21	26,79	1448,14
1315	29.08.2025 19:43:54	0,81	4,42	31,42	26,99	1448,60
1316	29.08.2025 19:43:55	0,85	4,34	31,41	27,01	1448,76
1317	29.08.2025 19:43:56	0,89	4,29	31,37	27,01	1448,87
1318	29.08.2025 19:43:57	0,97	4,24	31,29	27,01	1449,11
1319	29.08.2025 19:43:58	0,97	4,18	31,22	26,96	1449,02
1320	29.08.2025 19:43:59	1,01	4,13	31,15	26,93	1449,10
1321	29.08.2025 19:44:00	1,01	4,08	31,12	26,91	1449,05
1322	29.08.2025 19:44:01	1,01	4,03	31,06	26,86	1448,95
1323	29.08.2025 19:44:02	1,01	3,97	31,09	26,88	1448,99
1324	29.08.2025 19:44:03	1,01	3,90	30,99	26,81	1448,85
1325	29.08.2025 19:44:04	1,01	3,85	31,03	26,83	1448,88
1326	29.08.2025 19:44:05	1,05	3,80	31,30	27,08	1449,42
1327	29.08.2025 19:44:06	1,09	3,73	31,36	27,15	1449,66
1328	29.08.2025 19:44:07	1,17	3,66	31,37	27,22	1450,02
1329	29.08.2025 19:44:08	1,25	3,60	31,26	27,20	1450,22
1330	29.08.2025 19:44:09	1,29	3,51	31,15	27,15	1450,25
1331	29.08.2025 19:44:10	1,33	3,46	31,18	27,20	1450,44
1332	29.08.2025 19:44:11	1,37	3,41	31,14	27,20	1450,56
1333	29.08.2025 19:44:12	1,40	3,36	31,13	27,22	1450,72
1334	29.08.2025 19:44:13	1,44	3,29	31,09	27,22	1450,83
1335	29.08.2025 19:44:14	1,48	3,25	31,11	27,27	1451,03
1336	29.08.2025 19:44:15	1,52	3,20	31,26	27,42	1451,39
1337	29.08.2025 19:44:16	1,56	3,13	31,31	27,49	1451,62
1338	29.08.2025 19:44:17	1,64	3,09	31,33	27,56	1451,98
1339	29.08.2025 19:44:18	1,68	3,04	31,38	27,64	1452,22
1340	29.08.2025 19:44:19	1,79	2,95	31,26	27,63	1452,57
1341	29.08.2025 19:44:20	1,83	2,92	31,25	27,66	1452,72
1342	29.08.2025 19:44:21	1,91	2,86	31,18	27,66	1452,95
1343	29.08.2025 19:44:22	1,95	2,79	31,14	27,66	1453,06
1344	29.08.2025 19:44:23	1,99	2,75	31,10	27,65	1453,18
1345	29.08.2025 19:44:24	2,03	2,70	31,15	27,73	1453,41
1346	29.08.2025 19:44:25	2,07	2,67	31,36	27,93	1453,85
1347	29.08.2025 19:44:26	2,18	2,61	31,37	28,02	1454,36
1348	29.08.2025 19:44:27	2,26	2,54	31,41	28,12	1454,74
1349	29.08.2025 19:44:28	2,33	2,47	31,36	28,14	1455,01
1350	29.08.2025 19:44:29	2,45	2,43	31,34	28,22	1455,47
1351	29.08.2025 19:44:30	2,53	2,38	31,35	28,29	1455,82
1352	29.08.2025 19:44:31	2,60	2,35	31,94	28,83	1456,92
1353	29.08.2025 19:44:32	2,75	2,34	32,42	29,35	1458,20
1354	29.08.2025 19:44:33	3,02	2,24	32,42	29,57	1459,33
1355	29.08.2025 19:44:34	3,32	2,15	32,35	29,76	1460,52
1356	29.08.2025 19:44:35	3,55	2,08	32,24	29,86	1461,32
1357	29.08.2025 19:44:36	3,77	2,04	32,28	30,08	1462,32
1358	29.08.2025 19:44:37	3,99	1,99	32,23	30,22	1463,18
1359	29.08.2025 19:44:38	4,18	1,91	32,11	30,27	1463,78
1360	29.08.2025 19:44:39	4,36	1,87	32,25	30,54	1464,72
1361	29.08.2025 19:44:40	4,54	1,86	32,33	30,76	1465,58
1362	29.08.2025 19:44:41	4,76	1,83	32,34	30,95	1466,50
1363	29.08.2025 19:44:42	4,98	1,81	32,55	31,32	1467,66
1364	29.08.2025 19:44:43	5,23	1,77	32,64	31,62	1468,81
1365	29.08.2025 19:44:44	5,48	1,75	32,62	31,81	1469,80
1366	29.08.2025 19:44:45	5,77	1,74	32,40	31,86	1470,67
1367	29.08.2025 19:44:46	5,98	1,72	32,28	31,94	1471,37
1368	29.08.2025 19:44:47	6,19	1,68	32,22	32,06	1472,13
1369	29.08.2025 19:44:48	6,37	1,69	32,22	32,21	1472,83
1370	29.08.2025 19:44:49	6,54	1,67	32,10	32,26	1473,38
1371	29.08.2025 19:44:50	6,72	1,66	32,02	32,34	1473,97
1372	29.08.2025 19:44:51	6,89	1,64	32,02	32,48	1474,65
1373	29.08.2025 19:44:52	7,03	1,63	32,08	32,66	1475,27
1374	29.08.2025 19:44:53	7,20	1,63	31,92	32,66	1475,74
1375	29.08.2025 19:44:54	7,34	1,60	32,04	32,88	1476,42
1376	29.08.2025 19:44:55	7,48	1,59	32,10	33,05	1477,02
1377	29.08.2025 19:44:56	7,65	1,57	31,97	33,08	1477,52
1378	29.08.2025 19:44:57	7,82	1,56	31,84	33,11	1478,01
1379	29.08.2025 19:44:58	7,96	1,54	31,74	33,13	1478,41
1380	29.08.2025 19:44:59	8,06	1,51	31,68	33,16	1478,72
1381	29.08.2025 19:45:00	8,20	1,50	31,61	33,21	1479,15
1382	29.08.2025 19:45:01	8,30	1,47	31,62	33,31	1479,55
1383	29.08.2025 19:45:02	8,44	1,44	31,61	33,41	1480,03
1384	29.08.2025 19:45:03	8,54	1,40	31,54	33,44	1480,33
1385	29.08.2025 19:45:04	8,67	1,37	31,63	33,63	1480,94
1386	29.08.2025 19:45:05	8,81	1,35	31,82	33,93	1481,68
1387	29.08.2025 19:45:06	8,97	1,34	32,36	34,59	1482,97
1388	29.08.2025 19:45:07	9,21	1,30	32,75	35,18	1484,33
1389	29.08.2025 19:45:08	9,54	1,24	32,66	35,39	1485,43
1390	29.08.2025 19:45:09	9,90	1,17	32,56	35,61	1486,62
1391	29.08.2025 19:45:10	10,23	1,11	32,33	35,67	1487,51
1392	29.08.2025 19:45:11	10,56	1,06	32,26	35,90	1488,60
1393	29.08.2025 19:45:12	10,82	1,00	32,14	36,00	1489,37
1394	29.08.2025 19:45:13	11,11	0,99	31,91	36,03	1490,12
1395	29.08.2025 19:45:14	11,37	0,94	31,84	36,19	1490,93
1396	29.08.2025 19:45:15	11,56	0,91	31,80	36,31	1491,55
1397	29.08.2025 19:45:16	11,79	0,88	31,66	36,37	1492,16
1398	29.08.2025 19:45:17	11,98	0,85	31,60	36,47	1492,74
1399	29.08.2025 19:45:18	12,17	0,83	31,49	36,53	1493,27
1400	29.08.2025 19:45:19	12,33	0,81	31,38	36,55	1493,68
1401	29.08.2025 19:45:20	12,49	0,78	31,32	36,63	1494,15
1402	29.08.2025 19:45:21	12,64	0,76	31,24	36,69	1494,59
1403	29.08.2025 19:45:22	12,77	0,71	31,14	36,69	1494,89
1404	29.08.2025 19:45:23	12,90	0,69	31,06	36,72	1495,22
1405	29.08.2025 19:45:24	13,02	0,66	30,97	36,72	1495,52
1406	29.08.2025 19:45:25	13,12	0,65	30,89	36,72	1495,74
1407	29.08.2025 19:45:26	13,24	0,64	30,82	36,75	1496,07
1408	29.08.2025 19:45:27	13,34	0,61	30,74	36,75	1496,29
1409	29.08.2025 19:45:28	13,43	0,58	30,69	36,78	1496,54
1410	29.08.2025 19:45:29	13,56	0,57	30,59	36,78	1496,84
1411	29.08.2025 19:45:30	13,65	0,56	30,54	36,81	1497,09
1412	29.08.2025 19:45:31	13,74	0,53	30,50	36,84	1497,34
1413	29.08.2025 19:45:32	13,84	0,52	30,40	36,82	1497,53
1414	29.08.2025 19:45:33	13,90	0,51	30,33	36,79	1497,65
1415	29.08.2025 19:45:34	13,99	0,48	30,26	36,80	1497,87
1416	29.08.2025 19:45:35	14,06	0,48	30,28	36,87	1498,10
1417	29.08.2025 19:45:36	14,15	0,46	30,28	36,95	1498,40
1418	29.08.2025 19:45:37	14,24	0,44	30,23	36,98	1498,64
1419	29.08.2025 19:45:38	14,33	0,41	30,18	37,00	1498,89
1420	29.08.2025 19:45:39	14,40	0,41	30,18	37,05	1499,09
1421	29.08.2025 19:45:40	14,49	0,41	30,18	37,13	1499,38
1422	29.08.2025 19:45:41	14,58	0,37	30,11	37,13	1499,60
1423	29.08.2025 19:45:42	14,67	0,37	29,95	37,04	1499,71
1424	29.08.2025 19:45:43	14,74	0,35	29,88	37,01	1499,83
1425	29.08.2025 19:45:44	14,77	0,34	29,90	37,07	1499,95
1426	29.08.2025 19:45:45	14,83	0,35	30,05	37,29	1500,33
1427	29.08.2025 19:45:46	14,95	0,32	29,88	37,19	1500,51
1428	29.08.2025 19:45:47	15,01	0,28	29,85	37,22	1500,67
1429	29.08.2025 19:45:48	15,07	0,26	29,98	37,42	1501,02
1430	29.08.2025 19:45:49	15,17	0,28	29,89	37,40	1501,21
1431	29.08.2025 19:45:50	15,26	0,25	29,91	37,50	1501,52
1432	29.08.2025 19:45:51	15,35	0,23	29,91	37,57	1501,81
1433	29.08.2025 19:45:52	15,41	0,21	29,73	37,43	1501,80
1434	29.08.2025 19:45:53	15,47	0,19	29,65	37,38	1501,88
1435	29.08.2025 19:45:54	15,50	0,16	29,54	37,28	1501,85
1436	29.08.2025 19:45:55	15,53	0,17	29,78	37,58	1502,23
1437	29.08.2025 19:45:56	15,60	0,17	29,71	37,56	1502,34
1438	29.08.2025 19:45:57	15,66	0,14	29,71	37,61	1502,53
1439	29.08.2025 19:45:58	15,75	0,12	29,62	37,59	1502,71
1440	29.08.2025 19:45:59	15,78	0,05	29,43	37,39	1502,57
1441	29.08.2025 19:46:00	15,81	0,05	29,38	37,37	1502,61
1442	29.08.2025 19:46:01	15,81	0,05	29,38	37,37	1502,61
1443	29.08.2025 19:46:02	15,81	0,05	29,66	37,69	1502,94
1444	29.08.2025 19:46:03	15,87	0,03	29,49	37,54	1502,93
1445	29.08.2025 19:46:04	15,96	0,01	29,45	37,57	1503,16
1446	29.08.2025 19:46:05	16,02	-0,03	29,38	37,54	1503,27
1447	29.08.2025 19:46:06	16,05	-0,06	29,21	37,37	1503,16
1448	29.08.2025 19:46:07	16,02	-0,08	29,23	37,37	1503,08
1449	29.08.2025 19:46:08	16,05	-0,04	29,40	37,59	1503,38
1450	29.08.2025 19:46:09	16,11	-0,10	29,29	37,52	1503,44
1451	29.08.2025 19:46:10	16,14	-0,06	29,51	37,79	1503,79
1452	29.08.2025 19:46:11	16,23	-0,10	29,44	37,80	1503,99
1453	29.08.2025 19:46:12	16,30	-0,12	29,25	37,63	1503,95
1454	29.08.2025 19:46:13	16,33	-0,12	29,40	37,82	1504,22
1455	29.08.2025 19:46:14	16,39	-0,15	29,36	37,83	1504,35
1456	29.08.2025 19:46:15	16,42	-0,15	29,33	37,83	1504,42
1457	29.08.2025 19:46:16	16,48	-0,15	29,27	37,80	1504,53
1458	29.08.2025 19:46:17	16,51	-0,19	29,27	37,83	1504,62
1459	29.08.2025 19:46:18	16,54	-0,19	29,21	37,78	1504,64
1460	29.08.2025 19:46:19	16,57	-0,21	29,16	37,76	1504,68
1461	29.08.2025 19:46:20	16,60	-0,21	29,10	37,71	1504,70
1462	29.08.2025 19:46:21	16,60	-0,21	29,10	37,71	1504,70
1463	29.08.2025 19:46:22	16,63	-0,17	29,14	37,78	1504,85
1464	29.08.2025 19:46:23	16,63	-0,17	28,97	37,59	1504,65
1465	29.08.2025 19:46:24	16,66	-0,17	29,08	37,74	1504,87
1466	29.08.2025 19:46:25	16,69	-0,19	29,00	37,66	1504,86
1467	29.08.2025 19:46:26	16,69	-0,17	28,95	37,61	1504,81
1468	29.08.2025 19:46:27	16,69	-0,19	29,06	37,74	1504,93
1469	29.08.2025 19:46:28	16,69	-0,19	29,06	37,74	1504,93
1470	29.08.2025 19:46:29	16,72	-0,17	28,91	37,59	1504,86
1471	29.08.2025 19:46:30	16,72	-0,17	29,08	37,79	1505,06
1472	29.08.2025 19:46:31	16,75	-0,17	29,08	37,81	1505,15
1473	29.08.2025 19:46:32	16,78	-0,17	29,06	37,81	1505,22
1474	29.08.2025 19:46:33	16,81	-0,17	29,04	37,81	1505,28
1475	29.08.2025 19:46:34	16,84	-0,19	29,04	37,84	1505,37
1476	29.08.2025 19:46:35	16,84	-0,19	29,04	37,84	1505,37
1477	29.08.2025 19:46:36	16,87	-0,17	29,00	37,82	1505,42
1478	29.08.2025 19:46:37	16,90	-0,17	29,00	37,84	1505,51
1479	29.08.2025 19:46:38	16,90	-0,17	29,00	37,84	1505,51
1480	29.08.2025 19:46:39	16,93	-0,17	28,97	37,84	1505,58
1481	29.08.2025 19:46:40	16,96	-0,17	28,95	37,84	1505,65
1482	29.08.2025 19:46:41	16,96	-0,17	28,91	37,79	1505,60
1483	29.08.2025 19:46:42	16,96	-0,17	28,91	37,79	1505,60
1484	29.08.2025 19:46:43	16,99	-0,17	28,89	37,79	1505,67
1485	29.08.2025 19:46:44	16,99	-0,17	28,85	37,75	1505,62
1486	29.08.2025 19:46:45	16,99	-0,15	28,89	37,79	1505,67
1487	29.08.2025 19:46:46	17,02	-0,17	28,79	37,70	1505,64
1488	29.08.2025 19:46:47	17,02	-0,15	28,89	37,82	1505,76
1489	29.08.2025 19:46:48	17,02	-0,15	28,87	37,80	1505,74
1490	29.08.2025 19:46:49	17,05	-0,17	28,85	37,80	1505,80
1491	29.08.2025 19:46:50	17,05	-0,17	28,87	37,82	1505,83
1492	29.08.2025 19:46:51	17,08	-0,17	28,85	37,82	1505,90
1493	29.08.2025 19:46:52	17,08	-0,17	28,85	37,82	1505,90
1494	29.08.2025 19:46:53	17,11	-0,13	28,83	37,82	1505,97
1495	29.08.2025 19:46:54	17,11	-0,15	28,81	37,80	1505,94
1496	29.08.2025 19:46:55	17,11	-0,17	28,81	37,80	1505,94
1497	29.08.2025 19:46:56	17,14	-0,13	28,66	37,65	1505,87
1498	29.08.2025 19:46:57	17,11	-0,13	28,79	37,77	1505,92
1499	29.08.2025 19:46:58	17,11	-0,13	28,81	37,80	1505,95
1500	29.08.2025 19:46:59	17,14	-0,15	28,79	37,80	1506,01
1501	29.08.2025 19:47:00	17,14	-0,15	28,79	37,80	1506,01
1502	29.08.2025 19:47:01	17,17	-0,13	28,77	37,80	1506,08
1503	29.08.2025 19:47:02	17,17	-0,17	28,79	37,82	1506,10
1504	29.08.2025 19:47:03	17,17	-0,15	28,79	37,82	1506,10
1505	29.08.2025 19:47:04	17,17	-0,15	28,79	37,82	1506,10
1506	29.08.2025 19:47:05	17,20	-0,15	28,77	37,83	1506,17
1507	29.08.2025 19:47:06	17,20	-0,15	28,77	37,83	1506,17
1508	29.08.2025 19:47:07	17,20	-0,15	28,77	37,83	1506,17
1509	29.08.2025 19:47:08	17,23	-0,15	28,73	37,80	1506,21
1510	29.08.2025 19:47:09	17,23	-0,13	28,75	37,83	1506,24
1511	29.08.2025 19:47:10	17,23	-0,15	28,73	37,80	1506,21
1512	29.08.2025 19:47:11	17,23	-0,15	28,75	37,83	1506,24
1513	29.08.2025 19:47:12	17,23	-0,15	28,75	37,83	1506,24
1514	29.08.2025 19:47:13	17,26	-0,15	28,73	37,83	1506,30
1515	29.08.2025 19:47:14	17,26	-0,15	28,73	37,83	1506,30
1516	29.08.2025 19:47:15	17,26	-0,13	28,73	37,83	1506,31
1517	29.08.2025 19:47:16	17,26	-0,13	28,73	37,83	1506,31
1518	29.08.2025 19:47:17	17,26	-0,15	28,73	37,83	1506,30
1519	29.08.2025 19:47:18	17,29	-0,13	28,71	37,83	1506,38
1520	29.08.2025 19:47:19	17,29	-0,17	28,70	37,83	1506,37
1521	29.08.2025 19:47:20	17,29	-0,15	28,71	37,83	1506,37
1522	29.08.2025 19:47:21	17,29	-0,15	28,71	37,83	1506,37
1523	29.08.2025 19:47:22	17,29	-0,15	28,71	37,83	1506,37
1524	29.08.2025 19:47:23	17,32	-0,17	28,68	37,83	1506,44
1525	29.08.2025 19:47:24	17,32	-0,17	28,66	37,80	1506,41
1526	29.08.2025 19:47:25	17,32	-0,19	28,48	37,58	1506,19
1527	29.08.2025 19:47:26	17,32	-0,17	7,65	11,28	1481,98
1528	29.08.2025 19:47:27	17,32	-0,17	7,73	11,39	1482,07
1529	29.08.2025 19:47:28	17,32	-0,19	7,86	11,57	1482,23
1530	29.08.2025 19:47:29	17,32	-0,19	7,82	11,52	1482,18
1531	29.08.2025 19:47:30	17,32	-0,19	7,82	11,52	1482,18
1532	29.08.2025 19:47:31	17,29	-0,19	7,85	11,54	1482,11
1533	29.08.2025 19:47:32	17,29	-0,19	7,79	11,47	1482,05
1534	29.08.2025 19:47:33	17,29	-0,17	7,77	11,44	1482,03
1535	29.08.2025 19:47:34	17,29	-0,19	7,77	11,44	1482,02
1536	29.08.2025 19:47:35	17,29	-0,17	5,66	8,53	1479,58
1537	29.08.2025 19:47:36	17,29	-0,17	8,02	11,78	1482,32
1538	29.08.2025 19:47:37	17,29	-0,17	5,57	8,40	1479,47
1539	29.08.2025 19:47:38	17,29	-0,17	5,19	7,87	1479,03
1540	29.08.2025 19:47:39	17,26	-0,17	5,90	8,85	1479,75
1541	29.08.2025 19:47:40	17,26	-0,17	5,54	8,34	1479,33
1542	29.08.2025 19:47:41	17,26	-0,17	5,42	8,18	1479,20
1543	29.08.2025 19:47:42	17,26	-0,17	4,62	7,04	1478,26
1544	29.08.2025 19:47:43	17,23	-0,17	0,51	0,87	1473,39
1545	29.08.2025 19:47:44	17,23	-0,15	0,64	1,08	1473,54
1546	29.08.2025 19:47:45	17,23	-0,15	0,26	0,45	1473,10
1547	29.08.2025 19:47:46	17,23	-0,15	0,77	1,29	1473,69
1548	29.08.2025 19:47:47	17,23	-0,15	0,26	0,45	1473,10
1549	29.08.2025 19:47:48	17,23	-0,17	0,29	0,51	1473,13
1550	29.08.2025 19:47:49	17,23	-0,17	0,21	0,37	1473,04
1551	29.08.2025 19:47:50	17,20	-0,17	0,20	0,35	1472,92
1552	29.08.2025 19:47:51	17,20	-0,17	0,18	0,32	1472,90
1553	29.08.2025 19:47:52	17,20	-0,17	0,18	0,32	1472,90
1554	29.08.2025 19:47:53	17,20	-0,17	0,18	0,32	1472,90
1555	29.08.2025 19:47:54	17,20	-0,17	0,18	0,32	1472,90
1556	29.08.2025 19:47:55	17,20	-0,15	0,17	0,30	1472,89
1557	29.08.2025 19:47:56	17,17	-0,17	0,17	0,30	1472,79
1558	29.08.2025 19:47:57	17,17	-0,15	0,17	0,30	1472,79
1559	29.08.2025 19:47:58	17,17	-0,17	0,17	0,30	1472,79
1560	29.08.2025 19:47:59	17,17	-0,17	0,17	0,30	1472,79
1561	29.08.2025 19:48:00	17,17	-0,15	0,17	0,30	1472,79
1562	29.08.2025 19:48:01	17,14	-0,17	0,15	0,27	1472,67
1563	29.08.2025 19:48:02	17,14	-0,15	0,17	0,30	1472,69
1564	29.08.2025 19:48:03	17,14	-0,15	0,15	0,27	1472,67
1565	29.08.2025 19:48:04	17,14	-0,15	0,15	0,27	1472,67
1566	29.08.2025 19:48:05	17,14	-0,17	0,15	0,27	1472,67
1567	29.08.2025 19:48:06	17,14	-0,15	0,15	0,27	1472,67
1568	29.08.2025 19:48:07	17,11	-0,15	0,15	0,27	1472,57
1569	29.08.2025 19:48:08	17,11	-0,15	0,15	0,27	1472,57
1570	29.08.2025 19:48:09	17,11	-0,15	0,15	0,27	1472,57
1571	29.08.2025 19:48:10	17,11	-0,15	0,15	0,27	1472,57
1572	29.08.2025 19:48:11	17,11	-0,15	0,15	0,27	1472,57
1573	29.08.2025 19:48:12	17,11	-0,17	0,53	0,90	1473,00
1574	29.08.2025 19:48:13	17,11	-0,15	0,87	1,45	1473,40
1575	29.08.2025 19:48:14	17,08	-0,17	0,40	0,69	1472,76
1576	29.08.2025 19:48:15	17,08	-0,17	0,48	0,82	1472,85
1577	29.08.2025 19:48:16	17,08	-0,17	0,43	0,74	1472,79
1578	29.08.2025 19:48:17	17,08	-0,17	0,37	0,64	1472,72
1579	29.08.2025 19:48:18	17,08	-0,17	0,43	0,74	1472,79
1580	29.08.2025 19:48:19	17,08	-0,17	0,48	0,82	1472,85
1581	29.08.2025 19:48:20	17,08	-0,17	0,21	0,37	1472,54
1582	29.08.2025 19:48:21	17,08	-0,17	0,42	0,72	1472,77
1583	29.08.2025 19:48:22	17,05	-0,17	0,40	0,69	1472,66
1584	29.08.2025 19:48:23	17,05	-0,15	0,42	0,72	1472,68
1585	29.08.2025 19:48:24	17,05	-0,17	0,43	0,74	1472,69
1586	29.08.2025 19:48:25	17,05	-0,17	0,40	0,69	1472,66
1587	29.08.2025 19:48:26	17,05	-0,17	0,46	0,79	1472,73
1588	29.08.2025 19:48:27	17,05	-0,17	0,56	0,95	1472,84
1589	29.08.2025 19:48:28	17,02	-0,17	0,24	0,43	1472,37
1590	29.08.2025 19:48:29	17,02	-0,17	0,20	0,35	1472,32
1591	29.08.2025 19:48:30	17,02	-0,17	0,61	1,03	1472,80
1592	29.08.2025 19:48:31	17,02	-0,17	0,77	1,29	1472,99
1593	29.08.2025 19:48:32	17,02	-0,17	0,76	1,27	1472,97
1594	29.08.2025 19:48:33	17,02	-0,19	0,74	1,24	1472,95
1595	29.08.2025 19:48:34	17,02	-0,17	0,79	1,32	1473,01
1596	29.08.2025 19:48:35	17,02	-0,17	0,82	1,37	1473,04
1597	29.08.2025 19:48:36	17,02	-0,17	0,82	1,37	1473,04
1598	29.08.2025 19:48:37	17,02	-0,17	0,82	1,37	1473,04
1599	29.08.2025 19:48:38	17,02	-0,17	0,74	1,24	1472,95
1600	29.08.2025 19:48:39	17,02	-0,17	0,85	1,42	1473,08
1601	29.08.2025 19:48:40	17,02	-0,17	0,77	1,29	1472,99
1602	29.08.2025 19:48:41	17,02	-0,17	0,84	1,40	1473,06
1603	29.08.2025 19:48:42	17,02	-0,17	0,84	1,40	1473,06
1604	29.08.2025 19:48:43	17,02	-0,17	0,80	1,35	1473,03
1605	29.08.2025 19:48:44	17,02	-0,17	0,85	1,42	1473,08
1606	29.08.2025 19:48:45	17,02	-0,17	0,76	1,27	1472,97
1607	29.08.2025 19:48:46	17,02	-0,17	0,84	1,40	1473,06
1608	29.08.2025 19:48:47	17,02	-0,17	0,82	1,37	1473,04
1609	29.08.2025 19:48:48	17,02	-0,17	0,80	1,35	1473,03
1610	29.08.2025 19:48:49	17,02	-0,17	0,84	1,40	1473,06
1611	29.08.2025 19:48:50	17,02	-0,17	0,84	1,40	1473,06
1612	29.08.2025 19:48:51	17,02	-0,17	0,82	1,37	1473,04
1613	29.08.2025 19:48:52	17,05	-0,15	0,85	1,42	1473,19
1614	29.08.2025 19:48:53	17,02	-0,17	0,84	1,40	1473,06
1615	29.08.2025 19:48:54	17,05	-0,17	0,76	1,27	1473,07
1616	29.08.2025 19:48:55	17,05	-0,17	0,82	1,37	1473,14
1617	29.08.2025 19:48:56	17,05	-0,17	0,84	1,40	1473,16
1618	29.08.2025 19:48:57	17,05	-0,15	0,80	1,35	1473,13
1619	29.08.2025 19:48:58	17,05	-0,15	0,74	1,24	1473,05
1620	29.08.2025 19:48:59	17,05	-0,17	0,63	1,06	1472,92
1621	29.08.2025 19:49:00	17,05	-0,15	0,56	0,95	1472,84
1622	29.08.2025 19:49:01	17,05	-0,17	0,21	0,37	1472,44
1623	29.08.2025 19:49:02	17,05	-0,17	0,18	0,32	1472,40
1624	29.08.2025 19:49:03	17,05	-0,15	0,17	0,30	1472,39
1625	29.08.2025 19:49:04	17,05	-0,15	0,17	0,30	1472,39
1626	29.08.2025 19:49:05	17,05	-0,17	0,17	0,30	1472,38
1627	29.08.2025 19:49:06	17,05	-0,15	0,17	0,30	1472,39
1628	29.08.2025 19:49:07	17,05	-0,15	0,15	0,27	1472,37
1629	29.08.2025 19:49:08	17,05	-0,17	0,15	0,27	1472,37
1630	29.08.2025 19:49:09	17,05	-0,15	0,15	0,27	1472,37
1631	29.08.2025 19:49:10	17,05	-0,17	0,15	0,27	1472,37
1632	29.08.2025 19:49:11	17,05	-0,15	0,15	0,27	1472,37
1633	29.08.2025 19:49:12	17,05	-0,15	0,15	0,27	1472,37
1634	29.08.2025 19:49:13	17,05	-0,17	0,15	0,27	1472,37
1635	29.08.2025 19:49:14	17,05	-0,17	0,15	0,27	1472,37
1636	29.08.2025 19:49:15	17,05	-0,15	0,15	0,27	1472,37
1637	29.08.2025 19:49:16	17,05	-0,17	0,15	0,27	1472,37
1638	29.08.2025 19:49:17	17,05	-0,17	0,15	0,27	1472,37
1639	29.08.2025 19:49:18	17,05	-0,17	0,15	0,27	1472,37
1640	29.08.2025 19:49:19	17,05	-0,17	0,15	0,27	1472,37
1641	29.08.2025 19:49:20	17,05	-0,15	0,15	0,27	1472,37
1642	29.08.2025 19:49:21	17,05	-0,15	0,15	0,27	1472,37
1643	29.08.2025 19:49:22	17,05	-0,17	0,15	0,27	1472,37
1644	29.08.2025 19:49:23	17,05	-0,15	0,15	0,27	1472,37
1645	29.08.2025 19:49:24	17,05	-0,15	0,15	0,27	1472,37
1646	29.08.2025 19:49:25	17,05	-0,17	0,15	0,27	1472,37
1647	29.08.2025 19:49:26	17,05	-0,17	0,14	0,24	1472,35
1648	29.08.2025 19:49:27	17,08	-0,17	0,15	0,27	1472,47
1649	29.08.2025 19:49:28	17,08	-0,17	0,15	0,27	1472,47
1650	29.08.2025 19:49:29	17,08	-0,17	0,15	0,27	1472,47
1651	29.08.2025 19:49:30	17,08	-0,17	0,15	0,27	1472,47
1652	29.08.2025 19:49:31	17,08	-0,17	0,15	0,27	1472,47
1653	29.08.2025 19:49:32	17,08	-0,17	0,15	0,27	1472,47
1654	29.08.2025 19:49:33	17,08	-0,17	0,15	0,27	1472,47
1655	29.08.2025 19:49:34	17,08	-0,17	0,15	0,27	1472,47
1656	29.08.2025 19:49:35	17,08	-0,17	0,15	0,27	1472,47
1657	29.08.2025 19:49:36	17,08	-0,17	0,15	0,27	1472,47
1658	29.08.2025 19:49:37	17,08	-0,15	0,15	0,27	1472,47
1659	29.08.2025 19:49:38	17,08	-0,17	0,15	0,27	1472,47
1660	29.08.2025 19:49:39	17,08	-0,17	0,15	0,27	1472,47
1661	29.08.2025 19:49:40	17,08	-0,17	0,15	0,27	1472,47
1662	29.08.2025 19:49:41	17,08	-0,19	0,14	0,24	1472,45
1663	29.08.2025 19:49:42	17,11	-0,15	0,14	0,24	1472,55
1664	29.08.2025 19:49:43	17,11	-0,15	0,14	0,24	1472,55
1665	29.08.2025 19:49:44	17,11	-0,15	0,14	0,24	1472,55
1666	29.08.2025 19:49:45	17,11	-0,15	0,15	0,27	1472,57
1667	29.08.2025 19:49:46	17,11	-0,13	0,14	0,24	1472,56
1668	29.08.2025 19:49:47	17,11	-0,15	0,14	0,24	1472,55
1669	29.08.2025 19:49:48	17,11	-0,17	0,14	0,24	1472,55
1670	29.08.2025 19:49:49	17,11	-0,15	0,14	0,24	1472,55
1671	29.08.2025 19:49:50	17,11	-0,15	0,14	0,24	1472,55
1672	29.08.2025 19:49:51	17,11	-0,15	0,14	0,24	1472,55
1673	29.08.2025 19:49:52	17,11	-0,15	0,14	0,24	1472,55
1674	29.08.2025 19:49:53	17,11	-0,15	0,15	0,27	1472,57
1675	29.08.2025 19:49:54	17,11	-0,15	0,14	0,24	1472,55
1676	29.08.2025 19:49:55	17,11	-0,17	0,14	0,24	1472,55
1677	29.08.2025 19:49:56	17,11	-0,15	0,14	0,24	1472,55
1678	29.08.2025 19:49:57	17,14	-0,15	0,14	0,24	1472,65
1679	29.08.2025 19:49:58	17,14	-0,15	0,14	0,24	1472,65
1680	29.08.2025 19:49:59	17,14	-0,15	0,14	0,24	1472,65
1681	29.08.2025 19:50:00	17,14	-0,15	0,14	0,24	1472,65
1682	29.08.2025 19:50:01	17,14	-0,15	0,14	0,24	1472,65
1683	29.08.2025 19:50:02	17,14	-0,15	0,14	0,24	1472,65
1684	29.08.2025 19:50:03	17,14	-0,15	0,14	0,24	1472,65
1685	29.08.2025 19:50:04	17,14	-0,13	0,14	0,24	1472,66
1686	29.08.2025 19:50:05	17,14	-0,15	0,14	0,24	1472,65
1687	29.08.2025 19:50:06	17,14	-0,15	0,14	0,24	1472,65
1688	29.08.2025 19:50:07	17,14	-0,15	0,14	0,24	1472,65
1689	29.08.2025 19:50:08	17,17	-0,15	0,15	0,27	1472,77
1690	29.08.2025 19:50:09	17,17	-0,15	0,14	0,24	1472,76
1691	29.08.2025 19:50:10	17,17	-0,15	0,14	0,24	1472,76
1692	29.08.2025 19:50:11	17,17	-0,15	0,14	0,24	1472,76
1693	29.08.2025 19:50:12	17,17	-0,15	0,15	0,27	1472,77
1694	29.08.2025 19:50:13	17,17	-0,15	0,14	0,24	1472,76
1695	29.08.2025 19:50:14	17,17	-0,17	0,14	0,24	1472,75
1696	29.08.2025 19:50:15	17,17	-0,17	0,14	0,24	1472,75
1697	29.08.2025 19:50:16	17,17	-0,15	0,14	0,24	1472,76
1698	29.08.2025 19:50:17	17,17	-0,15	0,14	0,24	1472,76
1699	29.08.2025 19:50:18	17,17	-0,15	0,14	0,24	1472,76
1700	29.08.2025 19:50:19	17,17	-0,15	0,14	0,24	1472,76
1701	29.08.2025 19:50:20	17,17	-0,15	0,14	0,24	1472,76
1702	29.08.2025 19:50:21	17,17	-0,15	0,15	0,27	1472,77
1703	29.08.2025 19:50:22	17,20	-0,17	0,15	0,27	1472,87
1704	29.08.2025 19:50:23	17,20	-0,17	0,21	0,37	1472,94
1705	29.08.2025 19:50:24	17,20	-0,15	0,62	1,06	1473,42
1706	29.08.2025 19:50:25	17,20	-0,17	0,27	0,48	1473,01
1707	29.08.2025 19:50:26	17,20	-0,15	0,23	0,40	1472,96
1708	29.08.2025 19:50:27	17,20	-0,17	0,78	1,32	1473,61
1709	29.08.2025 19:50:28	17,20	-0,15	0,31	0,53	1473,05
1710	29.08.2025 19:50:29	17,20	-0,17	0,80	1,35	1473,62
1711	29.08.2025 19:50:30	17,20	-0,17	0,29	0,51	1473,03
1712	29.08.2025 19:50:31	17,20	-0,17	0,53	0,90	1473,30
1713	29.08.2025 19:50:32	17,20	-0,17	0,74	1,24	1473,55
1714	29.08.2025 19:50:33	17,20	-0,17	0,67	1,14	1473,47
1715	29.08.2025 19:50:34	17,23	-0,17	0,27	0,48	1473,11
1716	29.08.2025 19:50:35	17,23	-0,17	0,21	0,37	1473,04
1717	29.08.2025 19:50:36	17,23	-0,17	0,23	0,40	1473,06
1718	29.08.2025 19:50:37	17,23	-0,17	0,20	0,35	1473,02
1719	29.08.2025 19:50:38	17,23	-0,19	0,20	0,35	1473,02
1720	29.08.2025 19:50:39	17,23	-0,10	0,31	0,53	1473,16
1721	29.08.2025 19:50:40	17,29	-0,26	0,30	0,53	1473,33
1722	29.08.2025 19:50:41	17,53	-0,33	0,32	0,56	1474,13
1723	29.08.2025 19:50:42	17,71	-0,40	0,27	0,48	1474,66
1724	29.08.2025 19:50:43	17,89	-0,35	0,36	0,64	1475,36
1725	29.08.2025 19:50:44	18,01	-0,30	0,27	0,48	1475,66
1726	29.08.2025 19:50:45	18,13	-0,24	0,41	0,72	1476,21
1727	29.08.2025 19:50:46	18,25	-0,28	0,48	0,85	1476,69
1728	29.08.2025 19:50:47	18,37	-0,26	0,53	0,93	1477,13
1729	29.08.2025 19:50:48	18,49	-0,28	0,57	1,00	1477,56
1730	29.08.2025 19:50:49	18,61	-0,17	0,34	0,61	1477,70
