#B	Created:	01.08.2025 14:49:14
##	Version	SeaStar	9.59
#5	Field separation:	0
#2	Date & Time:	1
#6	Decimal point:	,
#7	Date def.:	dd.mm.yyyy	.
#8	Time def.:	:
##	Axis	0	Temperature(°C)	clRed	FALSE
##	Axis	1	Pressure(Bar)	clBlue	FALSE
##	Axis	2	Salinity(psu)	clGreen	FALSE
##	Axis	3	Conductivity(mS/cm)	$00FF80FF	FALSE
##	Axis	4	Sound Velocity(m/sec)	$00404080	FALSE
##	Series	0	Temp(°C)	clRed	0	Temp(°C)	2
##	Series	1	Press(Bar)	clBlue	1	Press(Bar)	2
##	Series	2	Salinity(psu)	clGreen	2	Salinity(psu)	2
##	Series	3	Conduct(mS/cm)	$00FF80FF	3	Conduct(mS/cm)	2
##	Series	4	Sound Velocity(m/sec)	$00404080	4	Velocity(m/sec)	2
##	Recorder	122	DST CTD	13526
##	Chart	122S13526DAT	
#D	Data:	1247	01.08.2025 14:28:00	01.08.2025 14:48:46
1	01.08.2025 14:28:00	17,99	0,61	27,49	36,94	1507,17
2	01.08.2025 14:28:01	17,99	0,61	27,44	36,89	1507,12
3	01.08.2025 14:28:02	17,99	0,63	27,42	36,86	1507,10
4	01.08.2025 14:28:03	17,96	0,66	27,46	36,89	1507,06
5	01.08.2025 14:28:04	17,96	0,68	27,46	36,89	1507,07
6	01.08.2025 14:28:05	17,93	0,69	27,50	36,91	1507,03
7	01.08.2025 14:28:06	17,93	0,71	27,50	36,91	1507,03
8	01.08.2025 14:28:07	17,93	0,75	27,52	36,94	1507,06
9	01.08.2025 14:28:08	17,90	0,76	27,54	36,94	1507,00
10	01.08.2025 14:28:09	17,90	0,76	27,54	36,94	1507,00
11	01.08.2025 14:28:10	17,90	0,80	27,57	36,97	1507,03
12	01.08.2025 14:28:11	17,90	0,83	27,59	36,99	1507,06
13	01.08.2025 14:28:12	17,87	0,85	27,61	36,99	1507,00
14	01.08.2025 14:28:13	17,87	0,87	27,61	36,99	1507,00
15	01.08.2025 14:28:14	17,87	0,89	27,61	36,99	1507,00
16	01.08.2025 14:28:15	17,87	0,89	27,61	36,99	1507,00
17	01.08.2025 14:28:16	17,84	0,90	27,63	36,99	1506,94
18	01.08.2025 14:28:17	17,84	0,90	27,63	36,99	1506,94
19	01.08.2025 14:28:18	17,84	0,94	27,63	36,99	1506,94
20	01.08.2025 14:28:19	17,81	0,95	27,65	36,99	1506,88
21	01.08.2025 14:28:20	17,81	0,97	27,65	36,99	1506,88
22	01.08.2025 14:28:21	17,81	0,97	27,60	36,94	1506,83
23	01.08.2025 14:28:22	17,78	0,99	27,60	36,91	1506,74
24	01.08.2025 14:28:23	17,78	1,00	27,60	36,91	1506,74
25	01.08.2025 14:28:24	17,75	1,04	27,57	36,86	1506,63
26	01.08.2025 14:28:25	17,75	1,05	27,55	36,83	1506,61
27	01.08.2025 14:28:26	17,72	1,09	27,64	36,91	1506,62
28	01.08.2025 14:28:27	17,72	1,11	27,66	36,94	1506,65
29	01.08.2025 14:28:28	17,72	1,12	27,68	36,96	1506,68
30	01.08.2025 14:28:29	17,72	1,16	27,70	36,99	1506,71
31	01.08.2025 14:28:30	17,72	1,18	27,68	36,96	1506,69
32	01.08.2025 14:28:31	17,72	1,18	27,68	36,96	1506,69
33	01.08.2025 14:28:32	17,69	1,19	27,70	36,96	1506,62
34	01.08.2025 14:28:33	17,69	1,17	27,70	36,96	1506,62
35	01.08.2025 14:28:34	17,69	1,17	27,70	36,96	1506,62
36	01.08.2025 14:28:35	17,69	1,19	27,70	36,96	1506,62
37	01.08.2025 14:28:36	17,69	1,19	27,70	36,96	1506,62
38	01.08.2025 14:28:37	17,66	1,19	27,72	36,96	1506,56
39	01.08.2025 14:28:38	17,66	1,17	27,72	36,96	1506,55
40	01.08.2025 14:28:39	17,66	1,17	27,72	36,96	1506,55
41	01.08.2025 14:28:40	17,66	1,17	27,72	36,96	1506,55
42	01.08.2025 14:28:41	17,66	1,17	27,72	36,96	1506,55
43	01.08.2025 14:28:42	17,66	1,19	27,72	36,96	1506,56
44	01.08.2025 14:28:43	17,63	1,17	27,74	36,96	1506,49
45	01.08.2025 14:28:44	17,63	1,17	27,74	36,96	1506,49
46	01.08.2025 14:28:45	17,63	1,19	27,76	36,99	1506,51
47	01.08.2025 14:28:46	17,63	1,19	27,76	36,99	1506,51
48	01.08.2025 14:28:47	17,63	1,17	27,76	36,99	1506,51
49	01.08.2025 14:28:48	17,63	1,17	27,76	36,99	1506,51
50	01.08.2025 14:28:49	17,63	1,19	27,76	36,99	1506,51
51	01.08.2025 14:28:50	17,63	1,17	27,76	36,99	1506,51
52	01.08.2025 14:28:51	17,63	1,15	27,76	36,99	1506,51
53	01.08.2025 14:28:52	17,63	1,15	27,76	36,99	1506,51
54	01.08.2025 14:28:53	17,63	1,15	27,76	36,99	1506,51
55	01.08.2025 14:28:54	17,63	1,17	27,76	36,99	1506,51
56	01.08.2025 14:28:55	17,63	1,17	27,79	37,02	1506,54
57	01.08.2025 14:28:56	17,63	1,17	27,76	36,99	1506,51
58	01.08.2025 14:28:57	17,60	1,21	27,76	36,96	1506,42
59	01.08.2025 14:28:58	17,60	1,21	27,74	36,93	1506,40
60	01.08.2025 14:28:59	17,60	1,22	27,76	36,96	1506,43
61	01.08.2025 14:29:00	17,60	1,24	27,76	36,96	1506,43
62	01.08.2025 14:29:01	17,57	1,26	27,78	36,96	1506,37
63	01.08.2025 14:29:02	17,57	1,26	27,78	36,96	1506,37
64	01.08.2025 14:29:03	17,57	1,26	27,78	36,96	1506,37
65	01.08.2025 14:29:04	17,57	1,26	27,78	36,96	1506,37
66	01.08.2025 14:29:05	17,57	1,24	27,80	36,99	1506,39
67	01.08.2025 14:29:06	17,57	1,22	27,78	36,96	1506,36
68	01.08.2025 14:29:07	17,57	1,22	27,78	36,96	1506,36
69	01.08.2025 14:29:08	17,57	1,22	27,78	36,96	1506,36
70	01.08.2025 14:29:09	17,57	1,20	27,78	36,96	1506,36
71	01.08.2025 14:29:10	17,57	1,22	27,78	36,96	1506,36
72	01.08.2025 14:29:11	17,54	1,22	27,80	36,96	1506,29
73	01.08.2025 14:29:12	17,54	1,22	27,80	36,96	1506,29
74	01.08.2025 14:29:13	17,54	1,22	27,80	36,96	1506,29
75	01.08.2025 14:29:14	17,54	1,24	27,80	36,96	1506,29
76	01.08.2025 14:29:15	17,54	1,24	27,80	36,96	1506,29
77	01.08.2025 14:29:16	17,54	1,24	27,78	36,93	1506,27
78	01.08.2025 14:29:17	17,54	1,26	27,76	36,91	1506,25
79	01.08.2025 14:29:18	17,54	1,27	27,73	36,88	1506,22
80	01.08.2025 14:29:19	17,51	1,25	27,75	36,88	1506,15
81	01.08.2025 14:29:20	17,51	1,27	27,75	36,88	1506,15
82	01.08.2025 14:29:21	17,51	1,29	27,75	36,88	1506,16
83	01.08.2025 14:29:22	17,48	1,29	27,77	36,88	1506,09
84	01.08.2025 14:29:23	17,48	1,31	27,77	36,88	1506,09
85	01.08.2025 14:29:24	17,48	1,32	27,80	36,90	1506,12
86	01.08.2025 14:29:25	17,48	1,31	27,77	36,88	1506,09
87	01.08.2025 14:29:26	17,48	1,32	27,77	36,88	1506,10
88	01.08.2025 14:29:27	17,48	1,32	27,77	36,88	1506,10
89	01.08.2025 14:29:28	17,48	1,34	27,84	36,96	1506,18
90	01.08.2025 14:29:29	17,48	1,36	27,84	36,96	1506,18
91	01.08.2025 14:29:30	17,48	1,36	27,86	36,98	1506,20
92	01.08.2025 14:29:31	17,48	1,38	27,86	36,98	1506,21
93	01.08.2025 14:29:32	17,48	1,39	27,86	36,98	1506,21
94	01.08.2025 14:29:33	17,48	1,41	27,88	37,01	1506,24
95	01.08.2025 14:29:34	17,48	1,41	27,88	37,01	1506,24
96	01.08.2025 14:29:35	17,45	1,43	27,93	37,04	1506,20
97	01.08.2025 14:29:36	17,45	1,43	27,90	37,01	1506,17
98	01.08.2025 14:29:37	17,45	1,46	27,90	37,01	1506,18
99	01.08.2025 14:29:38	17,45	1,48	27,93	37,04	1506,21
100	01.08.2025 14:29:39	17,45	1,50	27,93	37,04	1506,21
101	01.08.2025 14:29:40	17,45	1,50	27,90	37,01	1506,19
102	01.08.2025 14:29:41	17,42	1,50	27,92	37,01	1506,12
103	01.08.2025 14:29:42	17,42	1,55	27,92	37,01	1506,13
104	01.08.2025 14:29:43	17,42	1,53	27,92	37,01	1506,12
105	01.08.2025 14:29:44	17,42	1,55	27,88	36,96	1506,07
106	01.08.2025 14:29:45	17,39	1,56	27,74	36,77	1505,83
107	01.08.2025 14:29:46	17,36	1,53	27,43	36,37	1505,36
108	01.08.2025 14:29:47	17,21	1,54	27,46	36,28	1504,94
109	01.08.2025 14:29:48	17,06	1,60	27,67	36,41	1504,74
110	01.08.2025 14:29:49	16,94	1,65	27,84	36,52	1504,58
111	01.08.2025 14:29:50	16,88	1,66	27,88	36,52	1504,44
112	01.08.2025 14:29:51	16,82	1,66	27,88	36,46	1504,25
113	01.08.2025 14:29:52	16,76	1,67	27,82	36,35	1504,01
114	01.08.2025 14:29:53	16,70	1,69	27,77	36,24	1503,77
115	01.08.2025 14:29:54	16,61	1,70	27,70	36,08	1503,40
116	01.08.2025 14:29:55	16,49	1,71	27,71	36,00	1503,05
117	01.08.2025 14:29:56	16,37	1,74	27,70	35,89	1502,66
118	01.08.2025 14:29:57	16,31	1,76	27,60	35,73	1502,36
119	01.08.2025 14:29:58	16,22	1,77	27,55	35,59	1502,02
120	01.08.2025 14:29:59	16,10	1,80	27,47	35,40	1501,55
121	01.08.2025 14:30:00	15,98	1,81	27,43	35,26	1501,13
122	01.08.2025 14:30:01	15,85	1,84	27,47	35,21	1500,79
123	01.08.2025 14:30:02	15,73	1,85	27,46	35,10	1500,39
124	01.08.2025 14:30:03	15,64	1,87	27,36	34,91	1499,99
125	01.08.2025 14:30:04	15,49	1,88	27,18	34,58	1499,29
126	01.08.2025 14:30:05	15,31	1,87	26,74	33,94	1498,19
127	01.08.2025 14:30:06	15,00	1,82	26,02	32,88	1496,35
128	01.08.2025 14:30:07	14,54	1,83	25,69	32,15	1494,44
129	01.08.2025 14:30:08	14,05	1,93	25,71	31,81	1492,86
130	01.08.2025 14:30:09	13,62	2,00	25,73	31,51	1491,44
131	01.08.2025 14:30:10	13,21	2,07	25,89	31,39	1490,27
132	01.08.2025 14:30:11	12,90	2,12	26,05	31,33	1489,41
133	01.08.2025 14:30:12	12,68	2,15	26,07	31,19	1488,68
134	01.08.2025 14:30:13	12,43	2,15	26,07	31,00	1487,81
135	01.08.2025 14:30:14	12,21	2,18	25,89	30,64	1486,83
136	01.08.2025 14:30:15	11,92	2,18	25,86	30,40	1485,79
137	01.08.2025 14:30:16	11,58	2,22	26,04	30,33	1484,78
138	01.08.2025 14:30:17	11,29	2,27	26,47	30,57	1484,29
139	01.08.2025 14:30:18	11,10	2,35	26,65	30,62	1483,84
140	01.08.2025 14:30:19	10,94	2,36	27,18	31,04	1483,92
141	01.08.2025 14:30:20	10,87	2,45	28,03	31,87	1484,74
142	01.08.2025 14:30:21	10,94	2,45	28,09	31,98	1485,04
143	01.08.2025 14:30:22	11,00	2,42	27,94	31,88	1485,08
144	01.08.2025 14:30:23	10,94	2,40	27,83	31,71	1484,72
145	01.08.2025 14:30:24	10,84	2,41	27,79	31,60	1484,33
146	01.08.2025 14:30:25	10,71	2,46	27,84	31,55	1483,93
147	01.08.2025 14:30:26	10,58	2,47	27,72	31,33	1483,32
148	01.08.2025 14:30:27	10,45	2,46	27,61	31,11	1482,71
149	01.08.2025 14:30:28	10,26	2,49	27,43	30,79	1481,79
150	01.08.2025 14:30:29	10,00	2,53	27,39	30,54	1480,78
151	01.08.2025 14:30:30	9,77	2,57	27,37	30,34	1479,92
152	01.08.2025 14:30:31	9,54	2,59	27,43	30,23	1479,15
153	01.08.2025 14:30:32	9,34	2,60	27,49	30,15	1478,50
154	01.08.2025 14:30:33	9,18	2,65	27,56	30,09	1477,97
155	01.08.2025 14:30:34	9,05	2,66	27,66	30,08	1477,60
156	01.08.2025 14:30:35	8,88	2,68	27,79	30,08	1477,14
157	01.08.2025 14:30:36	8,78	2,70	27,86	30,08	1476,85
158	01.08.2025 14:30:37	8,68	2,69	27,94	30,08	1476,57
159	01.08.2025 14:30:38	8,58	2,71	27,98	30,05	1476,25
160	01.08.2025 14:30:39	8,48	2,70	27,98	29,96	1475,86
161	01.08.2025 14:30:40	8,38	2,71	27,94	29,85	1475,44
162	01.08.2025 14:30:41	8,25	2,72	27,99	29,80	1474,99
163	01.08.2025 14:30:42	8,15	2,72	28,01	29,74	1474,63
164	01.08.2025 14:30:43	8,04	2,75	28,04	29,69	1474,27
165	01.08.2025 14:30:44	7,91	2,76	28,08	29,63	1473,81
166	01.08.2025 14:30:45	7,81	2,79	28,22	29,68	1473,60
167	01.08.2025 14:30:46	7,71	2,80	28,24	29,62	1473,23
168	01.08.2025 14:30:47	7,60	2,82	28,24	29,54	1472,83
169	01.08.2025 14:30:48	7,50	2,83	28,26	29,48	1472,47
170	01.08.2025 14:30:49	7,40	2,84	28,34	29,48	1472,17
171	01.08.2025 14:30:50	7,26	2,85	28,45	29,48	1471,78
172	01.08.2025 14:30:51	7,20	2,88	28,50	29,48	1471,58
173	01.08.2025 14:30:52	7,13	2,90	28,56	29,47	1471,38
174	01.08.2025 14:30:53	7,06	2,91	28,61	29,47	1471,19
175	01.08.2025 14:30:54	6,99	2,94	28,75	29,55	1471,10
176	01.08.2025 14:30:55	6,96	2,98	28,84	29,60	1471,08
177	01.08.2025 14:30:56	6,89	2,97	28,87	29,57	1470,84
178	01.08.2025 14:30:57	6,85	2,99	28,89	29,57	1470,74
179	01.08.2025 14:30:58	6,78	3,00	29,01	29,63	1470,61
180	01.08.2025 14:30:59	6,75	3,02	29,07	29,65	1470,55
181	01.08.2025 14:31:00	6,72	3,04	29,04	29,60	1470,38
182	01.08.2025 14:31:01	6,65	3,05	29,09	29,60	1470,18
183	01.08.2025 14:31:02	6,61	3,05	29,09	29,57	1470,04
184	01.08.2025 14:31:03	6,54	3,06	29,03	29,46	1469,69
185	01.08.2025 14:31:04	6,47	3,09	29,12	29,48	1469,53
186	01.08.2025 14:31:05	6,40	3,11	29,21	29,51	1469,36
187	01.08.2025 14:31:06	6,33	3,12	29,23	29,48	1469,12
188	01.08.2025 14:31:07	6,26	3,14	29,26	29,45	1468,88
189	01.08.2025 14:31:08	6,23	3,15	29,26	29,42	1468,75
190	01.08.2025 14:31:09	6,16	3,17	29,29	29,40	1468,50
191	01.08.2025 14:31:10	6,09	3,18	29,32	29,37	1468,26
192	01.08.2025 14:31:11	6,02	3,21	29,35	29,34	1468,02
193	01.08.2025 14:31:12	5,98	3,21	29,35	29,31	1467,88
194	01.08.2025 14:31:13	5,91	3,22	29,38	29,28	1467,64
195	01.08.2025 14:31:14	5,84	3,24	29,41	29,25	1467,39
196	01.08.2025 14:31:15	5,77	3,25	29,41	29,20	1467,11
197	01.08.2025 14:31:16	5,74	3,29	29,40	29,17	1466,97
198	01.08.2025 14:31:17	5,67	3,30	29,46	29,17	1466,76
199	01.08.2025 14:31:18	5,60	3,31	29,49	29,14	1466,52
200	01.08.2025 14:31:19	5,56	3,33	29,49	29,11	1466,37
201	01.08.2025 14:31:20	5,49	3,34	29,49	29,06	1466,09
202	01.08.2025 14:31:21	5,46	3,36	29,49	29,03	1465,95
203	01.08.2025 14:31:22	5,39	3,37	29,55	29,03	1465,73
204	01.08.2025 14:31:23	5,35	3,41	29,58	29,03	1465,63
205	01.08.2025 14:31:24	5,28	3,42	29,64	29,02	1465,42
206	01.08.2025 14:31:25	5,24	3,44	29,65	29,00	1465,28
207	01.08.2025 14:31:26	5,21	3,45	29,68	29,00	1465,17
208	01.08.2025 14:31:27	5,17	3,47	29,74	29,02	1465,11
209	01.08.2025 14:31:28	5,14	3,48	29,77	29,02	1465,00
210	01.08.2025 14:31:29	5,10	3,50	29,80	29,02	1464,90
211	01.08.2025 14:31:30	5,07	3,52	29,83	29,02	1464,79
212	01.08.2025 14:31:31	5,03	3,53	29,83	28,99	1464,65
213	01.08.2025 14:31:32	4,99	3,55	29,86	28,99	1464,55
214	01.08.2025 14:31:33	4,96	3,56	29,89	28,99	1464,44
215	01.08.2025 14:31:34	4,92	3,58	29,83	28,91	1464,22
216	01.08.2025 14:31:35	4,89	3,59	29,71	28,77	1463,91
217	01.08.2025 14:31:36	4,85	3,61	29,65	28,69	1463,69
218	01.08.2025 14:31:37	4,74	3,62	29,71	28,66	1463,33
219	01.08.2025 14:31:38	4,67	3,65	29,77	28,66	1463,11
220	01.08.2025 14:31:39	4,64	3,67	29,68	28,55	1462,85
221	01.08.2025 14:31:40	4,56	3,66	29,50	28,34	1462,31
222	01.08.2025 14:31:41	4,42	3,68	29,38	28,12	1461,55
223	01.08.2025 14:31:42	4,31	3,70	29,35	28,01	1461,06
224	01.08.2025 14:31:43	4,20	3,73	29,44	28,01	1460,73
225	01.08.2025 14:31:44	4,09	3,78	29,44	27,92	1460,27
226	01.08.2025 14:31:45	3,98	3,79	29,44	27,84	1459,81
227	01.08.2025 14:31:46	3,91	3,81	29,48	27,81	1459,55
228	01.08.2025 14:31:47	3,84	3,84	29,54	27,81	1459,33
229	01.08.2025 14:31:48	3,76	3,85	29,57	27,78	1459,06
230	01.08.2025 14:31:49	3,73	3,87	29,61	27,78	1458,95
231	01.08.2025 14:31:50	3,69	3,90	29,70	27,83	1458,92
232	01.08.2025 14:31:51	3,65	3,92	29,73	27,83	1458,81
233	01.08.2025 14:31:52	3,62	3,93	29,77	27,83	1458,69
234	01.08.2025 14:31:53	3,58	3,93	29,74	27,78	1458,50
235	01.08.2025 14:31:54	3,54	3,96	29,74	27,75	1458,34
236	01.08.2025 14:31:55	3,47	3,99	29,77	27,72	1458,08
237	01.08.2025 14:31:56	3,43	4,01	29,77	27,69	1457,92
238	01.08.2025 14:31:57	3,36	4,02	29,81	27,67	1457,65
239	01.08.2025 14:31:58	3,32	4,04	29,74	27,58	1457,41
240	01.08.2025 14:31:59	3,25	4,05	29,75	27,53	1457,10
241	01.08.2025 14:32:00	3,17	4,07	29,75	27,47	1456,78
242	01.08.2025 14:32:01	3,13	4,10	29,84	27,53	1456,76
243	01.08.2025 14:32:02	3,10	4,13	29,81	27,47	1456,56
244	01.08.2025 14:32:03	3,02	4,13	29,72	27,34	1456,12
245	01.08.2025 14:32:04	2,95	4,16	29,75	27,31	1455,84
246	01.08.2025 14:32:05	2,87	4,19	29,82	27,31	1455,61
247	01.08.2025 14:32:06	2,84	4,21	29,79	27,25	1455,41
248	01.08.2025 14:32:07	2,76	4,24	29,83	27,22	1455,13
249	01.08.2025 14:32:08	2,72	4,25	29,83	27,20	1454,97
250	01.08.2025 14:32:09	2,65	4,27	29,90	27,19	1454,74
251	01.08.2025 14:32:10	2,61	4,28	29,90	27,17	1454,58
252	01.08.2025 14:32:11	2,57	4,31	29,93	27,17	1454,46
253	01.08.2025 14:32:12	2,53	4,33	29,96	27,16	1454,34
254	01.08.2025 14:32:13	2,50	4,35	29,97	27,14	1454,18
255	01.08.2025 14:32:14	2,46	4,36	30,00	27,14	1454,06
256	01.08.2025 14:32:15	2,42	4,39	30,04	27,14	1453,95
257	01.08.2025 14:32:16	2,38	4,41	30,07	27,13	1453,83
258	01.08.2025 14:32:17	2,34	4,43	30,07	27,11	1453,67
259	01.08.2025 14:32:18	2,31	4,46	30,07	27,08	1453,51
260	01.08.2025 14:32:19	2,27	4,47	30,11	27,08	1453,39
261	01.08.2025 14:32:20	2,23	4,49	30,11	27,05	1453,23
262	01.08.2025 14:32:21	2,19	4,50	30,11	27,02	1453,07
263	01.08.2025 14:32:22	2,15	4,52	30,15	27,02	1452,95
264	01.08.2025 14:32:23	2,12	4,52	30,15	26,99	1452,78
265	01.08.2025 14:32:24	2,08	4,53	30,18	26,99	1452,66
266	01.08.2025 14:32:25	2,04	4,55	30,19	26,97	1452,50
267	01.08.2025 14:32:26	2,00	4,55	30,22	26,96	1452,37
268	01.08.2025 14:32:27	1,96	4,58	30,26	26,96	1452,26
269	01.08.2025 14:32:28	1,93	4,58	30,26	26,94	1452,09
270	01.08.2025 14:32:29	1,93	4,60	30,26	26,94	1452,09
271	01.08.2025 14:32:30	1,89	4,61	30,26	26,91	1451,93
272	01.08.2025 14:32:31	1,85	4,61	30,20	26,83	1451,67
273	01.08.2025 14:32:32	1,81	4,62	30,23	26,83	1451,55
274	01.08.2025 14:32:33	1,73	4,64	30,27	26,80	1451,26
275	01.08.2025 14:32:34	1,70	4,65	30,31	26,80	1451,14
276	01.08.2025 14:32:35	1,66	4,67	30,34	26,80	1451,02
277	01.08.2025 14:32:36	1,66	4,69	30,34	26,80	1451,02
278	01.08.2025 14:32:37	1,62	4,70	30,35	26,77	1450,86
279	01.08.2025 14:32:38	1,58	4,72	30,38	26,77	1450,73
280	01.08.2025 14:32:39	1,58	4,73	30,38	26,77	1450,74
281	01.08.2025 14:32:40	1,54	4,73	30,42	26,77	1450,61
282	01.08.2025 14:32:41	1,54	4,77	30,42	26,77	1450,62
283	01.08.2025 14:32:42	1,50	4,78	30,49	26,79	1450,54
284	01.08.2025 14:32:43	1,50	4,80	30,49	26,79	1450,54
285	01.08.2025 14:32:44	1,46	4,82	30,53	26,79	1450,42
286	01.08.2025 14:32:45	1,46	4,83	30,53	26,79	1450,42
287	01.08.2025 14:32:46	1,42	4,85	30,56	26,79	1450,30
288	01.08.2025 14:32:47	1,42	4,87	30,56	26,79	1450,30
289	01.08.2025 14:32:48	1,42	4,88	30,56	26,79	1450,30
290	01.08.2025 14:32:49	1,39	4,92	30,60	26,79	1450,18
291	01.08.2025 14:32:50	1,39	4,93	30,60	26,79	1450,19
292	01.08.2025 14:32:51	1,39	4,93	30,60	26,79	1450,19
293	01.08.2025 14:32:52	1,35	4,97	30,67	26,82	1450,11
294	01.08.2025 14:32:53	1,35	4,98	30,67	26,82	1450,11
295	01.08.2025 14:32:54	1,35	5,02	30,67	26,82	1450,12
296	01.08.2025 14:32:55	1,31	5,03	30,71	26,82	1450,00
297	01.08.2025 14:32:56	1,31	5,03	30,71	26,82	1449,99
298	01.08.2025 14:32:57	1,31	5,07	30,71	26,82	1450,00
299	01.08.2025 14:32:58	1,31	5,10	30,70	26,82	1450,01
300	01.08.2025 14:32:59	1,31	5,12	30,70	26,82	1450,01
301	01.08.2025 14:33:00	1,27	5,14	30,74	26,81	1449,89
302	01.08.2025 14:33:01	1,27	5,15	30,78	26,84	1449,93
303	01.08.2025 14:33:02	1,27	5,17	30,74	26,81	1449,89
304	01.08.2025 14:33:03	1,27	5,21	30,74	26,81	1449,90
305	01.08.2025 14:33:04	1,27	5,22	30,78	26,84	1449,94
306	01.08.2025 14:33:05	1,23	5,24	30,81	26,84	1449,82
307	01.08.2025 14:33:06	1,23	5,28	30,81	26,84	1449,83
308	01.08.2025 14:33:07	1,23	5,31	30,81	26,84	1449,83
309	01.08.2025 14:33:08	1,23	5,33	30,81	26,84	1449,83
310	01.08.2025 14:33:09	1,23	5,36	30,81	26,84	1449,84
311	01.08.2025 14:33:10	1,19	5,38	30,85	26,84	1449,72
312	01.08.2025 14:33:11	1,19	5,41	30,85	26,84	1449,72
313	01.08.2025 14:33:12	1,19	5,41	30,88	26,87	1449,77
314	01.08.2025 14:33:13	1,19	5,45	30,85	26,84	1449,73
315	01.08.2025 14:33:14	1,19	5,48	30,85	26,84	1449,73
316	01.08.2025 14:33:15	1,19	5,50	30,88	26,87	1449,78
317	01.08.2025 14:33:16	1,19	5,52	30,88	26,87	1449,78
318	01.08.2025 14:33:17	1,15	5,53	30,92	26,87	1449,66
319	01.08.2025 14:33:18	1,15	5,57	30,92	26,87	1449,66
320	01.08.2025 14:33:19	1,15	5,57	30,92	26,87	1449,66
321	01.08.2025 14:33:20	1,15	5,60	30,92	26,87	1449,67
322	01.08.2025 14:33:21	1,15	5,64	30,92	26,87	1449,68
323	01.08.2025 14:33:22	1,15	5,66	30,92	26,87	1449,68
324	01.08.2025 14:33:23	1,15	5,67	30,92	26,87	1449,68
325	01.08.2025 14:33:24	1,15	5,67	30,92	26,87	1449,68
326	01.08.2025 14:33:25	1,11	5,69	30,96	26,87	1449,56
327	01.08.2025 14:33:26	1,11	5,71	30,96	26,87	1449,56
328	01.08.2025 14:33:27	1,11	5,72	30,96	26,87	1449,56
329	01.08.2025 14:33:28	1,11	5,72	30,96	26,87	1449,56
330	01.08.2025 14:33:29	1,11	5,72	30,96	26,87	1449,56
331	01.08.2025 14:33:30	1,11	5,76	30,96	26,87	1449,57
332	01.08.2025 14:33:31	1,11	5,74	30,96	26,87	1449,57
333	01.08.2025 14:33:32	1,11	5,76	30,96	26,87	1449,57
334	01.08.2025 14:33:33	1,11	5,76	30,96	26,87	1449,57
335	01.08.2025 14:33:34	1,07	5,76	31,03	26,89	1449,49
336	01.08.2025 14:33:35	1,07	5,77	31,03	26,89	1449,49
337	01.08.2025 14:33:36	1,07	5,76	31,03	26,89	1449,49
338	01.08.2025 14:33:37	1,07	5,77	30,99	26,86	1449,44
339	01.08.2025 14:33:38	1,07	5,77	31,03	26,89	1449,49
340	01.08.2025 14:33:39	1,07	5,77	30,99	26,86	1449,44
341	01.08.2025 14:33:40	1,07	5,77	31,03	26,89	1449,49
342	01.08.2025 14:33:41	1,07	5,77	30,99	26,86	1449,44
343	01.08.2025 14:33:42	1,07	5,77	30,99	26,86	1449,44
344	01.08.2025 14:33:43	1,07	5,79	31,03	26,89	1449,49
345	01.08.2025 14:33:44	1,07	5,79	30,99	26,86	1449,45
346	01.08.2025 14:33:45	1,04	5,79	31,07	26,89	1449,37
347	01.08.2025 14:33:46	1,04	5,79	31,07	26,89	1449,37
348	01.08.2025 14:33:47	1,04	5,79	31,07	26,89	1449,37
349	01.08.2025 14:33:48	1,04	5,79	31,03	26,86	1449,32
350	01.08.2025 14:33:49	1,04	5,79	31,03	26,86	1449,32
351	01.08.2025 14:33:50	1,04	5,79	31,03	26,86	1449,32
352	01.08.2025 14:33:51	1,04	5,79	31,07	26,89	1449,37
353	01.08.2025 14:33:52	1,04	5,81	31,03	26,86	1449,32
354	01.08.2025 14:33:53	1,04	5,79	31,03	26,86	1449,32
355	01.08.2025 14:33:54	1,04	5,79	31,07	26,89	1449,37
356	01.08.2025 14:33:55	1,04	5,79	31,07	26,89	1449,37
357	01.08.2025 14:33:56	1,04	5,81	31,07	26,89	1449,37
358	01.08.2025 14:33:57	1,04	5,81	31,07	26,89	1449,37
359	01.08.2025 14:33:58	1,04	5,81	31,07	26,89	1449,37
360	01.08.2025 14:33:59	1,04	5,79	31,07	26,89	1449,37
361	01.08.2025 14:34:00	1,04	5,81	31,03	26,86	1449,32
362	01.08.2025 14:34:01	1,04	5,81	31,03	26,86	1449,32
363	01.08.2025 14:34:02	1,04	5,79	31,07	26,89	1449,37
364	01.08.2025 14:34:03	1,04	5,81	31,07	26,89	1449,37
365	01.08.2025 14:34:04	1,00	5,79	31,07	26,86	1449,19
366	01.08.2025 14:34:05	1,00	5,81	31,10	26,89	1449,24
367	01.08.2025 14:34:06	1,00	5,81	31,10	26,89	1449,24
368	01.08.2025 14:34:07	1,00	5,81	31,10	26,89	1449,24
369	01.08.2025 14:34:08	1,00	5,79	31,10	26,89	1449,24
370	01.08.2025 14:34:09	1,00	5,81	31,07	26,86	1449,20
371	01.08.2025 14:34:10	1,00	5,79	31,07	26,86	1449,19
372	01.08.2025 14:34:11	1,00	5,79	31,10	26,89	1449,24
373	01.08.2025 14:34:12	1,00	5,81	31,10	26,89	1449,24
374	01.08.2025 14:34:13	1,00	5,79	31,07	26,86	1449,19
375	01.08.2025 14:34:14	1,00	5,79	31,10	26,89	1449,24
376	01.08.2025 14:34:15	1,00	5,79	31,10	26,89	1449,24
377	01.08.2025 14:34:16	1,00	5,81	31,10	26,89	1449,24
378	01.08.2025 14:34:17	1,00	5,79	31,10	26,89	1449,24
379	01.08.2025 14:34:18	1,00	5,81	31,07	26,86	1449,20
380	01.08.2025 14:34:19	1,00	5,77	31,07	26,86	1449,19
381	01.08.2025 14:34:20	1,00	5,77	31,10	26,89	1449,24
382	01.08.2025 14:34:21	1,00	5,75	31,07	26,86	1449,19
383	01.08.2025 14:34:22	1,00	5,74	31,07	26,86	1449,18
384	01.08.2025 14:34:23	1,00	5,74	31,07	26,86	1449,18
385	01.08.2025 14:34:24	1,00	5,75	31,10	26,89	1449,23
386	01.08.2025 14:34:25	1,00	5,75	31,07	26,86	1449,19
387	01.08.2025 14:34:26	1,00	5,75	31,10	26,89	1449,23
388	01.08.2025 14:34:27	1,00	5,75	31,10	26,89	1449,23
389	01.08.2025 14:34:28	1,00	5,75	31,07	26,86	1449,19
390	01.08.2025 14:34:29	1,00	5,77	31,10	26,89	1449,24
391	01.08.2025 14:34:30	1,00	5,77	31,10	26,89	1449,24
392	01.08.2025 14:34:31	1,00	5,77	31,07	26,86	1449,19
393	01.08.2025 14:34:32	1,00	5,77	31,10	26,89	1449,24
394	01.08.2025 14:34:33	1,00	5,79	31,10	26,89	1449,24
395	01.08.2025 14:34:34	1,00	5,79	31,10	26,89	1449,24
396	01.08.2025 14:34:35	1,00	5,79	31,10	26,89	1449,24
397	01.08.2025 14:34:36	1,00	5,79	31,07	26,86	1449,19
398	01.08.2025 14:34:37	1,00	5,79	31,07	26,86	1449,19
399	01.08.2025 14:34:38	1,00	5,79	31,07	26,86	1449,19
400	01.08.2025 14:34:39	0,96	5,80	31,14	26,89	1449,11
401	01.08.2025 14:34:40	0,96	5,79	31,14	26,89	1449,11
402	01.08.2025 14:34:41	1,00	5,77	31,10	26,89	1449,23
403	01.08.2025 14:34:42	0,96	5,77	31,14	26,89	1449,11
404	01.08.2025 14:34:43	0,96	5,75	31,14	26,89	1449,11
405	01.08.2025 14:34:44	0,96	5,75	31,14	26,89	1449,11
406	01.08.2025 14:34:45	0,96	5,77	31,11	26,86	1449,06
407	01.08.2025 14:34:46	0,96	5,75	31,11	26,86	1449,06
408	01.08.2025 14:34:47	0,96	5,75	31,14	26,89	1449,11
409	01.08.2025 14:34:48	0,96	5,75	31,14	26,89	1449,11
410	01.08.2025 14:34:49	0,96	5,75	31,11	26,86	1449,06
411	01.08.2025 14:34:50	0,96	5,75	31,11	26,86	1449,06
412	01.08.2025 14:34:51	0,96	5,73	31,11	26,86	1449,06
413	01.08.2025 14:34:52	0,96	5,73	31,11	26,86	1449,06
414	01.08.2025 14:34:53	0,96	5,73	31,11	26,86	1449,06
415	01.08.2025 14:34:54	0,96	5,73	31,11	26,86	1449,06
416	01.08.2025 14:34:55	0,96	5,75	31,11	26,86	1449,06
417	01.08.2025 14:34:56	0,96	5,73	31,11	26,86	1449,06
418	01.08.2025 14:34:57	0,96	5,75	31,11	26,86	1449,06
419	01.08.2025 14:34:58	0,96	5,75	31,11	26,86	1449,06
420	01.08.2025 14:34:59	0,96	5,73	31,11	26,86	1449,06
421	01.08.2025 14:35:00	0,96	5,75	31,14	26,89	1449,11
422	01.08.2025 14:35:01	0,96	5,75	31,11	26,86	1449,06
423	01.08.2025 14:35:02	0,96	5,75	31,14	26,89	1449,11
424	01.08.2025 14:35:03	0,96	5,75	31,11	26,86	1449,06
425	01.08.2025 14:35:04	0,96	5,75	31,11	26,86	1449,06
426	01.08.2025 14:35:05	0,96	5,77	31,11	26,86	1449,06
427	01.08.2025 14:35:06	0,96	5,75	31,11	26,86	1449,06
428	01.08.2025 14:35:07	0,96	5,77	31,11	26,86	1449,06
429	01.08.2025 14:35:08	0,96	5,75	31,11	26,86	1449,06
430	01.08.2025 14:35:09	0,96	5,77	31,11	26,86	1449,06
431	01.08.2025 14:35:10	0,96	5,77	31,11	26,86	1449,06
432	01.08.2025 14:35:11	0,96	5,75	31,11	26,86	1449,06
433	01.08.2025 14:35:12	0,96	5,77	31,11	26,86	1449,06
434	01.08.2025 14:35:13	0,96	5,75	31,11	26,86	1449,06
435	01.08.2025 14:35:14	0,96	5,77	31,11	26,86	1449,06
436	01.08.2025 14:35:15	0,96	5,75	31,11	26,86	1449,06
437	01.08.2025 14:35:16	0,96	5,77	31,11	26,86	1449,06
438	01.08.2025 14:35:17	0,96	5,75	31,11	26,86	1449,06
439	01.08.2025 14:35:18	0,96	5,75	31,11	26,86	1449,06
440	01.08.2025 14:35:19	0,96	5,77	31,11	26,86	1449,06
441	01.08.2025 14:35:20	0,96	5,75	31,11	26,86	1449,06
442	01.08.2025 14:35:21	0,96	5,77	31,11	26,86	1449,06
443	01.08.2025 14:35:22	0,96	5,77	31,11	26,86	1449,06
444	01.08.2025 14:35:23	0,96	5,77	31,11	26,86	1449,06
445	01.08.2025 14:35:24	0,96	5,77	31,11	26,86	1449,06
446	01.08.2025 14:35:25	0,96	5,77	31,11	26,86	1449,06
447	01.08.2025 14:35:26	0,96	5,77	31,11	26,86	1449,06
448	01.08.2025 14:35:27	0,96	5,77	31,11	26,86	1449,06
449	01.08.2025 14:35:28	0,96	5,75	31,11	26,86	1449,06
450	01.08.2025 14:35:29	0,96	5,77	31,11	26,86	1449,06
451	01.08.2025 14:35:30	0,96	5,77	31,11	26,86	1449,06
452	01.08.2025 14:35:31	0,96	5,77	31,11	26,86	1449,06
453	01.08.2025 14:35:32	0,96	5,77	31,11	26,86	1449,06
454	01.08.2025 14:35:33	0,96	5,77	31,11	26,86	1449,06
455	01.08.2025 14:35:34	0,96	5,79	31,11	26,86	1449,07
456	01.08.2025 14:35:35	0,96	5,79	31,11	26,86	1449,07
457	01.08.2025 14:35:36	0,96	5,79	31,11	26,86	1449,07
458	01.08.2025 14:35:37	0,96	5,79	31,11	26,86	1449,07
459	01.08.2025 14:35:38	0,96	5,79	31,11	26,86	1449,07
460	01.08.2025 14:35:39	0,96	5,79	31,11	26,86	1449,07
461	01.08.2025 14:35:40	0,96	5,79	31,11	26,86	1449,07
462	01.08.2025 14:35:41	0,96	5,79	31,11	26,86	1449,07
463	01.08.2025 14:35:42	0,96	5,79	31,11	26,86	1449,07
464	01.08.2025 14:35:43	0,96	5,79	31,11	26,86	1449,07
465	01.08.2025 14:35:44	0,96	5,79	31,11	26,86	1449,07
466	01.08.2025 14:35:45	0,96	5,79	31,11	26,86	1449,07
467	01.08.2025 14:35:46	0,96	5,79	31,11	26,86	1449,07
468	01.08.2025 14:35:47	0,96	5,79	31,11	26,86	1449,07
469	01.08.2025 14:35:48	0,96	5,79	31,11	26,86	1449,07
470	01.08.2025 14:35:49	0,96	5,80	31,11	26,86	1449,07
471	01.08.2025 14:35:50	0,96	5,79	31,11	26,86	1449,07
472	01.08.2025 14:35:51	0,96	5,80	31,11	26,86	1449,07
473	01.08.2025 14:35:52	0,96	5,79	31,11	26,86	1449,07
474	01.08.2025 14:35:53	0,96	5,79	31,11	26,86	1449,07
475	01.08.2025 14:35:54	0,96	5,80	31,11	26,86	1449,07
476	01.08.2025 14:35:55	0,96	5,79	31,11	26,86	1449,07
477	01.08.2025 14:35:56	0,96	5,79	31,11	26,86	1449,07
478	01.08.2025 14:35:57	0,96	5,79	31,11	26,86	1449,07
479	01.08.2025 14:35:58	0,96	5,80	31,11	26,86	1449,07
480	01.08.2025 14:35:59	0,96	5,80	31,11	26,86	1449,07
481	01.08.2025 14:36:00	0,96	5,79	31,11	26,86	1449,07
482	01.08.2025 14:36:01	0,96	5,79	31,11	26,86	1449,07
483	01.08.2025 14:36:02	0,96	5,80	31,11	26,86	1449,07
484	01.08.2025 14:36:03	0,96	5,80	31,11	26,86	1449,07
485	01.08.2025 14:36:04	0,96	5,80	31,11	26,86	1449,07
486	01.08.2025 14:36:05	0,96	5,82	31,11	26,86	1449,07
487	01.08.2025 14:36:06	0,96	5,80	31,11	26,86	1449,07
488	01.08.2025 14:36:07	0,96	5,80	31,11	26,86	1449,07
489	01.08.2025 14:36:08	0,96	5,82	31,11	26,86	1449,07
490	01.08.2025 14:36:09	0,96	5,82	31,11	26,86	1449,07
491	01.08.2025 14:36:10	0,96	5,82	31,11	26,86	1449,07
492	01.08.2025 14:36:11	0,96	5,84	31,11	26,86	1449,07
493	01.08.2025 14:36:12	0,96	5,84	31,11	26,86	1449,07
494	01.08.2025 14:36:13	0,96	5,84	31,11	26,86	1449,07
495	01.08.2025 14:36:14	0,96	5,84	31,11	26,86	1449,07
496	01.08.2025 14:36:15	0,96	5,84	31,11	26,86	1449,07
497	01.08.2025 14:36:16	0,96	5,84	31,11	26,86	1449,07
498	01.08.2025 14:36:17	0,96	5,84	31,11	26,86	1449,07
499	01.08.2025 14:36:18	0,96	5,86	31,11	26,86	1449,08
500	01.08.2025 14:36:19	0,96	5,86	31,11	26,86	1449,08
501	01.08.2025 14:36:20	0,96	5,84	31,11	26,86	1449,07
502	01.08.2025 14:36:21	0,96	5,86	31,11	26,86	1449,08
503	01.08.2025 14:36:22	0,96	5,84	31,11	26,86	1449,07
504	01.08.2025 14:36:23	0,96	5,84	31,11	26,86	1449,07
505	01.08.2025 14:36:24	0,96	5,86	31,11	26,86	1449,08
506	01.08.2025 14:36:25	0,96	5,86	31,11	26,86	1449,08
507	01.08.2025 14:36:26	0,96	5,84	31,11	26,86	1449,07
508	01.08.2025 14:36:27	0,96	5,86	31,11	26,86	1449,08
509	01.08.2025 14:36:28	0,96	5,86	31,11	26,86	1449,08
510	01.08.2025 14:36:29	0,96	5,86	31,11	26,86	1449,08
511	01.08.2025 14:36:30	0,96	5,86	31,11	26,86	1449,08
512	01.08.2025 14:36:31	0,96	5,86	31,11	26,86	1449,08
513	01.08.2025 14:36:32	0,96	5,86	31,11	26,86	1449,08
514	01.08.2025 14:36:33	0,96	5,86	31,11	26,86	1449,08
515	01.08.2025 14:36:34	0,96	5,87	31,11	26,86	1449,08
516	01.08.2025 14:36:35	0,96	5,87	31,11	26,86	1449,08
517	01.08.2025 14:36:36	0,96	5,87	31,11	26,86	1449,08
518	01.08.2025 14:36:37	0,96	5,87	31,11	26,86	1449,08
519	01.08.2025 14:36:38	0,96	5,87	31,11	26,86	1449,08
520	01.08.2025 14:36:39	0,96	5,87	31,11	26,86	1449,08
521	01.08.2025 14:36:40	0,96	5,87	31,11	26,86	1449,08
522	01.08.2025 14:36:41	0,96	5,86	31,11	26,86	1449,08
523	01.08.2025 14:36:42	0,96	5,86	31,11	26,86	1449,08
524	01.08.2025 14:36:43	0,92	5,85	31,15	26,86	1448,95
525	01.08.2025 14:36:44	0,96	5,86	31,11	26,86	1449,08
526	01.08.2025 14:36:45	0,96	5,86	31,11	26,86	1449,08
527	01.08.2025 14:36:46	0,96	5,86	31,11	26,86	1449,08
528	01.08.2025 14:36:47	0,96	5,84	31,11	26,86	1449,07
529	01.08.2025 14:36:48	0,96	5,87	31,11	26,86	1449,08
530	01.08.2025 14:36:49	0,96	5,86	31,11	26,86	1449,08
531	01.08.2025 14:36:50	0,96	5,86	31,11	26,86	1449,08
532	01.08.2025 14:36:51	0,96	5,86	31,11	26,86	1449,08
533	01.08.2025 14:36:52	0,96	5,87	31,11	26,86	1449,08
534	01.08.2025 14:36:53	0,96	5,86	31,11	26,86	1449,08
535	01.08.2025 14:36:54	0,92	5,87	31,15	26,86	1448,95
536	01.08.2025 14:36:55	0,96	5,87	31,11	26,86	1449,08
537	01.08.2025 14:36:56	0,96	5,87	31,11	26,86	1449,08
538	01.08.2025 14:36:57	0,92	5,87	31,15	26,86	1448,95
539	01.08.2025 14:36:58	0,96	5,87	31,11	26,86	1449,08
540	01.08.2025 14:36:59	0,92	5,89	31,15	26,86	1448,96
541	01.08.2025 14:37:00	0,96	5,89	31,11	26,86	1449,08
542	01.08.2025 14:37:01	0,96	5,89	31,11	26,86	1449,08
543	01.08.2025 14:37:02	0,96	5,89	31,11	26,86	1449,08
544	01.08.2025 14:37:03	0,96	5,89	31,11	26,86	1449,08
545	01.08.2025 14:37:04	0,92	5,89	31,15	26,86	1448,95
546	01.08.2025 14:37:05	0,96	5,89	31,11	26,86	1449,08
547	01.08.2025 14:37:06	0,92	5,89	31,15	26,86	1448,95
548	01.08.2025 14:37:07	0,92	5,87	31,15	26,86	1448,95
549	01.08.2025 14:37:08	0,96	5,91	31,11	26,86	1449,08
550	01.08.2025 14:37:09	0,96	5,89	31,11	26,86	1449,08
551	01.08.2025 14:37:10	0,96	5,89	31,11	26,86	1449,08
552	01.08.2025 14:37:11	0,92	5,89	31,15	26,86	1448,96
553	01.08.2025 14:37:12	0,96	5,89	31,11	26,86	1449,08
554	01.08.2025 14:37:13	0,96	5,89	31,11	26,86	1449,08
555	01.08.2025 14:37:14	0,92	5,91	31,15	26,86	1448,96
556	01.08.2025 14:37:15	0,92	5,89	31,15	26,86	1448,95
557	01.08.2025 14:37:16	0,96	5,89	31,11	26,86	1449,08
558	01.08.2025 14:37:17	0,92	5,91	31,15	26,86	1448,96
559	01.08.2025 14:37:18	0,92	5,89	31,11	26,83	1448,91
560	01.08.2025 14:37:19	0,96	5,89	31,11	26,86	1449,08
561	01.08.2025 14:37:20	0,96	5,91	31,11	26,86	1449,08
562	01.08.2025 14:37:21	0,96	5,91	31,11	26,86	1449,08
563	01.08.2025 14:37:22	0,96	5,89	31,11	26,86	1449,08
564	01.08.2025 14:37:23	0,96	5,89	31,11	26,86	1449,08
565	01.08.2025 14:37:24	0,92	5,91	31,11	26,83	1448,91
566	01.08.2025 14:37:25	0,92	5,89	31,15	26,86	1448,95
567	01.08.2025 14:37:26	0,92	5,87	31,15	26,86	1448,95
568	01.08.2025 14:37:27	0,96	5,91	31,11	26,86	1449,08
569	01.08.2025 14:37:28	0,92	5,89	31,15	26,86	1448,95
570	01.08.2025 14:37:29	0,92	5,89	31,15	26,86	1448,95
571	01.08.2025 14:37:30	0,92	5,91	31,11	26,83	1448,91
572	01.08.2025 14:37:31	0,96	5,89	31,11	26,86	1449,08
573	01.08.2025 14:37:32	0,96	5,89	31,11	26,86	1449,08
574	01.08.2025 14:37:33	0,92	5,89	31,15	26,86	1448,96
575	01.08.2025 14:37:34	0,92	5,89	31,15	26,86	1448,95
576	01.08.2025 14:37:35	0,92	5,89	31,15	26,86	1448,95
577	01.08.2025 14:37:36	0,92	5,89	31,15	26,86	1448,95
578	01.08.2025 14:37:37	0,92	5,91	31,15	26,86	1448,96
579	01.08.2025 14:37:38	0,92	5,89	31,15	26,86	1448,95
580	01.08.2025 14:37:39	0,96	5,89	31,11	26,86	1449,08
581	01.08.2025 14:37:40	0,96	5,89	31,11	26,86	1449,08
582	01.08.2025 14:37:41	0,96	5,89	31,11	26,86	1449,08
583	01.08.2025 14:37:42	0,96	5,89	31,11	26,86	1449,08
584	01.08.2025 14:37:43	0,92	5,89	31,15	26,86	1448,96
585	01.08.2025 14:37:44	0,92	5,89	31,15	26,86	1448,95
586	01.08.2025 14:37:45	0,92	5,91	31,15	26,86	1448,96
587	01.08.2025 14:37:46	0,92	5,91	31,15	26,86	1448,96
588	01.08.2025 14:37:47	0,92	5,89	31,15	26,86	1448,95
589	01.08.2025 14:37:48	0,92	5,91	31,15	26,86	1448,96
590	01.08.2025 14:37:49	0,92	5,89	31,15	26,86	1448,95
591	01.08.2025 14:37:50	0,92	5,89	31,15	26,86	1448,95
592	01.08.2025 14:37:51	0,92	5,89	31,15	26,86	1448,95
593	01.08.2025 14:37:52	0,92	5,91	31,15	26,86	1448,96
594	01.08.2025 14:37:53	0,92	5,89	31,15	26,86	1448,95
595	01.08.2025 14:37:54	0,92	5,89	31,15	26,86	1448,95
596	01.08.2025 14:37:55	0,92	5,89	31,15	26,86	1448,95
597	01.08.2025 14:37:56	0,92	5,89	31,15	26,86	1448,95
598	01.08.2025 14:37:57	0,92	5,91	31,15	26,86	1448,96
599	01.08.2025 14:37:58	0,92	5,91	31,15	26,86	1448,96
600	01.08.2025 14:37:59	0,92	5,89	31,15	26,86	1448,95
601	01.08.2025 14:38:00	0,92	5,89	31,15	26,86	1448,95
602	01.08.2025 14:38:01	0,92	5,91	31,11	26,83	1448,91
603	01.08.2025 14:38:02	0,92	5,91	31,15	26,86	1448,96
604	01.08.2025 14:38:03	0,92	5,89	31,15	26,86	1448,95
605	01.08.2025 14:38:04	0,92	5,91	31,15	26,86	1448,96
606	01.08.2025 14:38:05	0,92	5,91	31,15	26,86	1448,96
607	01.08.2025 14:38:06	0,92	5,91	31,11	26,83	1448,91
608	01.08.2025 14:38:07	0,92	5,91	31,15	26,86	1448,96
609	01.08.2025 14:38:08	0,92	5,91	31,11	26,83	1448,91
610	01.08.2025 14:38:09	0,92	5,91	31,15	26,86	1448,96
611	01.08.2025 14:38:10	0,92	5,91	31,15	26,86	1448,96
612	01.08.2025 14:38:11	0,92	5,91	31,15	26,86	1448,96
613	01.08.2025 14:38:12	0,92	5,89	31,15	26,86	1448,95
614	01.08.2025 14:38:13	0,92	5,91	31,15	26,86	1448,96
615	01.08.2025 14:38:14	0,92	5,91	31,15	26,86	1448,96
616	01.08.2025 14:38:15	0,92	5,89	31,15	26,86	1448,95
617	01.08.2025 14:38:16	0,92	5,92	31,15	26,86	1448,96
618	01.08.2025 14:38:17	0,92	5,91	31,15	26,86	1448,96
619	01.08.2025 14:38:18	0,92	5,91	31,11	26,83	1448,91
620	01.08.2025 14:38:19	0,92	5,91	31,15	26,86	1448,96
621	01.08.2025 14:38:20	0,92	5,92	31,15	26,86	1448,96
622	01.08.2025 14:38:21	0,92	5,91	31,11	26,83	1448,91
623	01.08.2025 14:38:22	0,92	5,92	31,15	26,86	1448,96
624	01.08.2025 14:38:23	0,92	5,91	31,15	26,86	1448,96
625	01.08.2025 14:38:24	0,92	5,92	31,15	26,86	1448,96
626	01.08.2025 14:38:25	0,92	5,91	31,15	26,86	1448,96
627	01.08.2025 14:38:26	0,92	5,92	31,15	26,86	1448,96
628	01.08.2025 14:38:27	0,92	5,92	31,15	26,86	1448,96
629	01.08.2025 14:38:28	0,92	5,91	31,15	26,86	1448,96
630	01.08.2025 14:38:29	0,92	5,91	31,15	26,86	1448,96
631	01.08.2025 14:38:30	0,92	5,92	31,15	26,86	1448,96
632	01.08.2025 14:38:31	0,92	5,94	31,15	26,86	1448,96
633	01.08.2025 14:38:32	0,92	5,94	31,15	26,86	1448,96
634	01.08.2025 14:38:33	0,92	5,94	31,11	26,83	1448,92
635	01.08.2025 14:38:34	0,92	5,94	31,15	26,86	1448,96
636	01.08.2025 14:38:35	0,92	5,94	31,15	26,86	1448,96
637	01.08.2025 14:38:36	0,92	5,94	31,15	26,86	1448,96
638	01.08.2025 14:38:37	0,92	5,94	31,11	26,83	1448,92
639	01.08.2025 14:38:38	0,92	5,94	31,15	26,86	1448,96
640	01.08.2025 14:38:39	0,92	5,94	31,15	26,86	1448,96
641	01.08.2025 14:38:40	0,92	5,96	31,15	26,86	1448,97
642	01.08.2025 14:38:41	0,92	5,92	31,15	26,86	1448,96
643	01.08.2025 14:38:42	0,92	5,91	31,15	26,86	1448,96
644	01.08.2025 14:38:43	0,92	5,91	31,15	26,86	1448,96
645	01.08.2025 14:38:44	0,92	5,87	31,15	26,86	1448,95
646	01.08.2025 14:38:45	0,92	5,85	31,15	26,86	1448,95
647	01.08.2025 14:38:46	0,92	5,84	31,15	26,86	1448,95
648	01.08.2025 14:38:47	0,92	5,82	31,15	26,86	1448,94
649	01.08.2025 14:38:48	0,92	5,78	31,15	26,86	1448,94
650	01.08.2025 14:38:49	0,92	5,77	31,15	26,86	1448,94
651	01.08.2025 14:38:50	0,92	5,73	31,15	26,86	1448,93
652	01.08.2025 14:38:51	0,92	5,70	31,15	26,86	1448,93
653	01.08.2025 14:38:52	0,92	5,68	31,15	26,86	1448,92
654	01.08.2025 14:38:53	0,92	5,64	31,15	26,86	1448,92
655	01.08.2025 14:38:54	0,92	5,59	31,15	26,86	1448,91
656	01.08.2025 14:38:55	0,92	5,56	31,15	26,86	1448,90
657	01.08.2025 14:38:56	0,92	5,50	31,15	26,86	1448,90
658	01.08.2025 14:38:57	0,92	5,49	31,15	26,86	1448,89
659	01.08.2025 14:38:58	0,92	5,45	31,15	26,86	1448,89
660	01.08.2025 14:38:59	0,92	5,42	31,15	26,86	1448,88
661	01.08.2025 14:39:00	0,92	5,38	31,11	26,83	1448,83
662	01.08.2025 14:39:01	0,92	5,35	31,11	26,83	1448,83
663	01.08.2025 14:39:02	0,92	5,31	31,11	26,83	1448,82
664	01.08.2025 14:39:03	0,92	5,28	31,11	26,83	1448,81
665	01.08.2025 14:39:04	0,92	5,26	31,11	26,83	1448,81
666	01.08.2025 14:39:05	0,92	5,21	31,12	26,83	1448,80
667	01.08.2025 14:39:06	0,92	5,17	31,12	26,83	1448,80
668	01.08.2025 14:39:07	0,92	5,13	31,12	26,83	1448,79
669	01.08.2025 14:39:08	0,92	5,12	31,12	26,83	1448,79
670	01.08.2025 14:39:09	0,92	5,08	31,12	26,83	1448,78
671	01.08.2025 14:39:10	0,92	5,05	31,12	26,83	1448,78
672	01.08.2025 14:39:11	0,92	5,03	31,12	26,83	1448,78
673	01.08.2025 14:39:12	0,92	4,99	31,12	26,83	1448,77
674	01.08.2025 14:39:13	0,92	4,98	31,12	26,83	1448,77
675	01.08.2025 14:39:14	0,92	4,96	31,12	26,83	1448,77
676	01.08.2025 14:39:15	0,92	4,92	31,12	26,83	1448,76
677	01.08.2025 14:39:16	0,92	4,89	31,12	26,83	1448,75
678	01.08.2025 14:39:17	0,92	4,87	31,12	26,83	1448,75
679	01.08.2025 14:39:18	0,92	4,85	31,08	26,81	1448,70
680	01.08.2025 14:39:19	0,92	4,84	31,08	26,81	1448,70
681	01.08.2025 14:39:20	0,92	4,80	31,08	26,81	1448,70
682	01.08.2025 14:39:21	0,92	4,77	31,08	26,81	1448,69
683	01.08.2025 14:39:22	0,92	4,77	31,05	26,78	1448,64
684	01.08.2025 14:39:23	0,92	4,73	31,05	26,78	1448,64
685	01.08.2025 14:39:24	0,88	4,71	31,09	26,78	1448,51
686	01.08.2025 14:39:25	0,88	4,71	31,09	26,78	1448,51
687	01.08.2025 14:39:26	0,88	4,68	31,09	26,78	1448,50
688	01.08.2025 14:39:27	0,88	4,68	31,09	26,78	1448,50
689	01.08.2025 14:39:28	0,88	4,66	31,09	26,78	1448,50
690	01.08.2025 14:39:29	0,88	4,64	31,09	26,78	1448,50
691	01.08.2025 14:39:30	0,88	4,61	31,09	26,78	1448,49
692	01.08.2025 14:39:31	0,92	4,59	31,08	26,81	1448,66
693	01.08.2025 14:39:32	0,92	4,57	31,12	26,83	1448,71
694	01.08.2025 14:39:33	0,92	4,57	31,15	26,86	1448,75
695	01.08.2025 14:39:34	0,92	4,56	31,26	26,94	1448,89
696	01.08.2025 14:39:35	0,96	4,56	31,32	27,02	1449,15
697	01.08.2025 14:39:36	1,00	4,53	31,35	27,08	1449,36
698	01.08.2025 14:39:37	1,04	4,51	31,35	27,10	1449,53
699	01.08.2025 14:39:38	1,11	4,50	31,30	27,13	1449,82
700	01.08.2025 14:39:39	1,15	4,46	31,30	27,16	1449,99
701	01.08.2025 14:39:40	1,15	4,45	31,30	27,16	1449,99
702	01.08.2025 14:39:41	1,19	4,45	31,23	27,13	1450,07
703	01.08.2025 14:39:42	1,19	4,43	31,23	27,13	1450,07
704	01.08.2025 14:39:43	1,19	4,43	31,23	27,13	1450,07
705	01.08.2025 14:39:44	1,19	4,41	31,23	27,13	1450,06
706	01.08.2025 14:39:45	1,23	4,40	31,19	27,14	1450,18
707	01.08.2025 14:39:46	1,23	4,40	31,19	27,14	1450,19
708	01.08.2025 14:39:47	1,23	4,40	31,19	27,14	1450,19
709	01.08.2025 14:39:48	1,23	4,38	31,19	27,14	1450,18
710	01.08.2025 14:39:49	1,27	4,37	31,15	27,14	1450,30
711	01.08.2025 14:39:50	1,27	4,38	31,15	27,14	1450,31
712	01.08.2025 14:39:51	1,27	4,37	31,19	27,16	1450,35
713	01.08.2025 14:39:52	1,27	4,37	31,19	27,16	1450,35
714	01.08.2025 14:39:53	1,27	4,37	31,19	27,16	1450,35
715	01.08.2025 14:39:54	1,27	4,37	31,19	27,16	1450,35
716	01.08.2025 14:39:55	1,31	4,33	31,15	27,16	1450,47
717	01.08.2025 14:39:56	1,31	4,35	31,15	27,16	1450,47
718	01.08.2025 14:39:57	1,31	4,33	31,18	27,19	1450,51
719	01.08.2025 14:39:58	1,31	4,33	31,18	27,19	1450,51
720	01.08.2025 14:39:59	1,31	4,33	31,18	27,19	1450,51
721	01.08.2025 14:40:00	1,35	4,34	31,18	27,22	1450,68
722	01.08.2025 14:40:01	1,35	4,32	31,18	27,22	1450,68
723	01.08.2025 14:40:02	1,35	4,34	31,18	27,22	1450,68
724	01.08.2025 14:40:03	1,35	4,32	31,18	27,22	1450,68
725	01.08.2025 14:40:04	1,35	4,32	31,18	27,22	1450,68
726	01.08.2025 14:40:05	1,39	4,30	31,14	27,22	1450,80
727	01.08.2025 14:40:06	1,39	4,30	31,14	27,22	1450,80
728	01.08.2025 14:40:07	1,39	4,29	31,14	27,22	1450,80
729	01.08.2025 14:40:08	1,39	4,29	31,18	27,25	1450,85
730	01.08.2025 14:40:09	1,42	4,29	31,14	27,25	1450,97
731	01.08.2025 14:40:10	1,42	4,27	31,17	27,27	1451,01
732	01.08.2025 14:40:11	1,42	4,27	31,21	27,30	1451,06
733	01.08.2025 14:40:12	1,46	4,27	31,17	27,30	1451,18
734	01.08.2025 14:40:13	1,46	4,25	31,17	27,30	1451,18
735	01.08.2025 14:40:14	1,46	4,25	31,17	27,30	1451,18
736	01.08.2025 14:40:15	1,46	4,24	31,20	27,33	1451,22
737	01.08.2025 14:40:16	1,50	4,24	31,13	27,30	1451,30
738	01.08.2025 14:40:17	1,50	4,22	31,13	27,30	1451,30
739	01.08.2025 14:40:18	1,50	4,20	31,16	27,33	1451,34
740	01.08.2025 14:40:19	1,50	4,20	31,16	27,33	1451,34
741	01.08.2025 14:40:20	1,54	4,21	31,16	27,36	1451,51
742	01.08.2025 14:40:21	1,54	4,19	31,16	27,36	1451,50
743	01.08.2025 14:40:22	1,54	4,17	31,23	27,41	1451,59
744	01.08.2025 14:40:23	1,58	4,19	31,19	27,41	1451,72
745	01.08.2025 14:40:24	1,58	4,16	31,19	27,41	1451,71
746	01.08.2025 14:40:25	1,58	4,16	31,22	27,44	1451,76
747	01.08.2025 14:40:26	1,62	4,14	31,19	27,44	1451,88
748	01.08.2025 14:40:27	1,62	4,12	31,19	27,44	1451,87
749	01.08.2025 14:40:28	1,66	4,12	31,15	27,44	1452,00
750	01.08.2025 14:40:29	1,66	4,11	31,15	27,44	1451,99
751	01.08.2025 14:40:30	1,66	4,11	31,15	27,44	1451,99
752	01.08.2025 14:40:31	1,66	4,09	31,12	27,41	1451,95
753	01.08.2025 14:40:32	1,66	4,09	31,12	27,41	1451,95
754	01.08.2025 14:40:33	1,70	4,07	31,08	27,41	1452,07
755	01.08.2025 14:40:34	1,70	4,07	31,11	27,44	1452,11
756	01.08.2025 14:40:35	1,70	4,06	31,11	27,44	1452,11
757	01.08.2025 14:40:36	1,70	4,04	31,18	27,49	1452,19
758	01.08.2025 14:40:37	1,73	4,04	31,14	27,49	1452,32
759	01.08.2025 14:40:38	1,73	4,01	31,14	27,49	1452,31
760	01.08.2025 14:40:39	1,77	3,99	31,14	27,52	1452,47
761	01.08.2025 14:40:40	1,77	3,99	31,34	27,68	1452,74
762	01.08.2025 14:40:41	1,85	3,98	31,37	27,76	1453,11
763	01.08.2025 14:40:42	1,89	3,94	31,33	27,77	1453,23
764	01.08.2025 14:40:43	1,93	3,93	31,29	27,77	1453,35
765	01.08.2025 14:40:44	1,96	3,90	31,26	27,77	1453,46
766	01.08.2025 14:40:45	1,96	3,88	31,26	27,77	1453,46
767	01.08.2025 14:40:46	2,00	3,86	31,25	27,80	1453,62
768	01.08.2025 14:40:47	2,00	3,85	31,25	27,80	1453,62
769	01.08.2025 14:40:48	2,04	3,85	31,25	27,82	1453,79
770	01.08.2025 14:40:49	2,04	3,81	31,32	27,88	1453,87
771	01.08.2025 14:40:50	2,08	3,80	31,31	27,90	1454,03
772	01.08.2025 14:40:51	2,12	3,78	31,28	27,90	1454,15
773	01.08.2025 14:40:52	2,15	3,77	31,24	27,91	1454,26
774	01.08.2025 14:40:53	2,15	3,73	31,27	27,93	1454,30
775	01.08.2025 14:40:54	2,19	3,70	31,24	27,93	1454,42
776	01.08.2025 14:40:55	2,19	3,68	31,17	27,88	1454,33
777	01.08.2025 14:40:56	2,23	3,67	31,13	27,88	1454,44
778	01.08.2025 14:40:57	2,23	3,65	31,13	27,88	1454,44
779	01.08.2025 14:40:58	2,23	3,63	31,20	27,93	1454,53
780	01.08.2025 14:40:59	2,27	3,61	31,16	27,93	1454,64
781	01.08.2025 14:41:00	2,27	3,60	31,20	27,96	1454,68
782	01.08.2025 14:41:01	2,31	3,58	31,19	27,99	1454,84
783	01.08.2025 14:41:02	2,31	3,55	31,29	28,07	1454,97
784	01.08.2025 14:41:03	2,34	3,55	31,42	28,20	1455,30
785	01.08.2025 14:41:04	2,42	3,54	31,58	28,39	1455,84
786	01.08.2025 14:41:05	2,53	3,52	31,76	28,64	1456,57
787	01.08.2025 14:41:06	2,61	3,48	31,82	28,75	1456,97
788	01.08.2025 14:41:07	2,72	3,45	31,68	28,72	1457,27
789	01.08.2025 14:41:08	2,80	3,42	31,64	28,75	1457,54
790	01.08.2025 14:41:09	2,87	3,42	31,67	28,83	1457,90
791	01.08.2025 14:41:10	2,91	3,37	31,70	28,89	1458,09
792	01.08.2025 14:41:11	2,98	3,35	31,66	28,91	1458,36
793	01.08.2025 14:41:12	3,06	3,34	31,65	28,97	1458,68
794	01.08.2025 14:41:13	3,10	3,31	31,71	29,05	1458,91
795	01.08.2025 14:41:14	3,13	3,28	31,68	29,05	1459,02
796	01.08.2025 14:41:15	3,17	3,26	31,71	29,11	1459,21
797	01.08.2025 14:41:16	3,25	3,25	31,70	29,16	1459,52
798	01.08.2025 14:41:17	3,28	3,21	31,73	29,22	1459,71
799	01.08.2025 14:41:18	3,36	3,18	31,72	29,27	1460,02
800	01.08.2025 14:41:19	3,39	3,17	31,78	29,35	1460,25
801	01.08.2025 14:41:20	3,47	3,13	31,74	29,38	1460,51
802	01.08.2025 14:41:21	3,54	3,10	31,77	29,46	1460,86
803	01.08.2025 14:41:22	3,62	3,07	31,80	29,54	1461,20
804	01.08.2025 14:41:23	3,65	3,06	31,82	29,60	1461,39
805	01.08.2025 14:41:24	3,73	3,03	31,75	29,60	1461,61
806	01.08.2025 14:41:25	3,76	2,96	31,31	29,25	1461,17
807	01.08.2025 14:41:26	3,76	2,94	31,28	29,23	1461,13
808	01.08.2025 14:41:27	3,73	2,92	31,22	29,15	1460,89
809	01.08.2025 14:41:28	3,73	2,90	31,28	29,20	1460,97
810	01.08.2025 14:41:29	3,73	2,89	31,47	29,36	1461,21
811	01.08.2025 14:41:30	3,80	2,85	31,43	29,39	1461,47
812	01.08.2025 14:41:31	3,87	2,82	31,52	29,52	1461,89
813	01.08.2025 14:41:32	3,95	2,77	31,42	29,50	1462,07
814	01.08.2025 14:41:33	4,02	2,74	31,42	29,55	1462,36
815	01.08.2025 14:41:34	4,09	2,73	31,54	29,72	1462,82
816	01.08.2025 14:41:35	4,16	2,68	31,56	29,80	1463,15
817	01.08.2025 14:41:36	4,27	2,65	31,53	29,85	1463,56
818	01.08.2025 14:41:37	4,35	2,62	31,58	29,96	1463,93
819	01.08.2025 14:41:38	4,42	2,59	31,70	30,13	1464,38
820	01.08.2025 14:41:39	4,53	2,56	31,94	30,42	1465,14
821	01.08.2025 14:41:40	4,71	2,58	32,36	30,93	1466,43
822	01.08.2025 14:41:41	4,96	2,51	32,43	31,20	1467,54
823	01.08.2025 14:41:42	5,21	2,49	32,56	31,53	1468,73
824	01.08.2025 14:41:43	5,49	2,45	32,66	31,86	1470,00
825	01.08.2025 14:41:44	5,77	2,43	32,79	32,22	1471,31
826	01.08.2025 14:41:45	6,05	2,34	32,49	32,19	1472,04
827	01.08.2025 14:41:46	6,30	2,28	32,27	32,20	1472,72
828	01.08.2025 14:41:47	6,44	2,22	31,73	31,83	1472,57
829	01.08.2025 14:41:48	6,54	2,15	31,11	31,36	1472,19
830	01.08.2025 14:41:49	6,51	2,11	30,85	31,09	1471,71
831	01.08.2025 14:41:50	6,47	2,11	30,73	30,95	1471,42
832	01.08.2025 14:41:51	6,44	2,09	30,59	30,79	1471,10
833	01.08.2025 14:41:52	6,40	2,06	30,35	30,55	1470,65
834	01.08.2025 14:41:53	6,40	2,06	30,29	30,50	1470,58
835	01.08.2025 14:41:54	6,40	2,04	30,32	30,53	1470,61
836	01.08.2025 14:41:55	6,47	2,01	30,32	30,58	1470,88
837	01.08.2025 14:41:56	6,54	1,97	30,35	30,66	1471,19
838	01.08.2025 14:41:57	6,65	1,96	30,43	30,82	1471,71
839	01.08.2025 14:41:58	6,78	1,93	30,52	31,02	1472,36
840	01.08.2025 14:41:59	6,96	1,89	30,55	31,18	1473,06
841	01.08.2025 14:42:00	7,16	1,95	31,01	31,77	1474,46
842	01.08.2025 14:42:01	7,47	1,98	32,57	33,49	1477,64
843	01.08.2025 14:42:02	8,08	2,01	33,50	34,89	1481,15
844	01.08.2025 14:42:03	8,85	1,88	33,05	35,15	1483,45
845	01.08.2025 14:42:04	9,47	1,73	32,96	35,63	1485,65
846	01.08.2025 14:42:05	10,00	1,67	32,71	35,85	1487,24
847	01.08.2025 14:42:06	10,42	1,62	32,54	36,05	1488,54
848	01.08.2025 14:42:07	10,78	1,56	32,34	36,17	1489,55
849	01.08.2025 14:42:08	11,06	1,54	32,20	36,29	1490,40
850	01.08.2025 14:42:09	11,32	1,50	32,09	36,40	1491,16
851	01.08.2025 14:42:10	11,54	1,46	31,95	36,46	1491,77
852	01.08.2025 14:42:11	11,77	1,45	31,90	36,60	1492,47
853	01.08.2025 14:42:12	11,96	1,46	32,02	36,90	1493,29
854	01.08.2025 14:42:13	12,21	1,46	31,99	37,09	1494,12
855	01.08.2025 14:42:14	12,43	1,42	31,74	37,02	1494,56
856	01.08.2025 14:42:15	12,65	1,37	31,40	36,86	1494,90
857	01.08.2025 14:42:16	12,81	1,36	31,15	36,74	1495,13
858	01.08.2025 14:42:17	12,93	1,35	31,03	36,71	1495,40
859	01.08.2025 14:42:18	13,06	1,36	31,13	36,93	1495,94
860	01.08.2025 14:42:19	13,21	1,35	31,08	37,01	1496,40
861	01.08.2025 14:42:20	13,40	1,30	30,98	37,07	1496,91
862	01.08.2025 14:42:21	13,55	1,31	30,86	37,07	1497,28
863	01.08.2025 14:42:22	13,68	1,28	30,77	37,08	1497,57
864	01.08.2025 14:42:23	13,80	1,27	30,69	37,11	1497,89
865	01.08.2025 14:42:24	13,93	1,28	30,60	37,11	1498,19
866	01.08.2025 14:42:25	14,02	1,26	30,50	37,09	1498,37
867	01.08.2025 14:42:26	14,14	1,23	30,43	37,12	1498,69
868	01.08.2025 14:42:27	14,24	1,22	30,34	37,09	1498,88
869	01.08.2025 14:42:28	14,33	1,21	30,24	37,07	1499,07
870	01.08.2025 14:42:29	14,42	1,18	30,15	37,04	1499,25
871	01.08.2025 14:42:30	14,51	1,16	30,10	37,07	1499,50
872	01.08.2025 14:42:31	14,57	1,15	30,03	37,05	1499,61
873	01.08.2025 14:42:32	14,67	1,12	29,96	37,05	1499,82
874	01.08.2025 14:42:33	14,76	1,10	29,90	37,05	1500,03
875	01.08.2025 14:42:34	14,85	1,09	29,83	37,06	1500,25
876	01.08.2025 14:42:35	14,91	1,08	29,78	37,06	1500,39
877	01.08.2025 14:42:36	15,00	1,06	29,72	37,06	1500,60
878	01.08.2025 14:42:37	15,06	1,03	29,65	37,03	1500,71
879	01.08.2025 14:42:38	15,12	1,02	29,60	37,04	1500,85
880	01.08.2025 14:42:39	15,19	1,00	29,56	37,04	1500,99
881	01.08.2025 14:42:40	15,25	1,01	29,54	37,07	1501,16
882	01.08.2025 14:42:41	15,34	0,99	29,47	37,07	1501,37
883	01.08.2025 14:42:42	15,37	0,98	29,42	37,04	1501,41
884	01.08.2025 14:42:43	15,43	0,96	29,38	37,04	1501,55
885	01.08.2025 14:42:44	15,49	0,96	29,34	37,04	1501,70
886	01.08.2025 14:42:45	15,55	0,95	29,29	37,05	1501,83
887	01.08.2025 14:42:46	15,61	0,93	29,25	37,05	1501,97
888	01.08.2025 14:42:47	15,67	0,94	29,20	37,05	1502,11
889	01.08.2025 14:42:48	15,70	0,92	29,21	37,08	1502,21
890	01.08.2025 14:42:49	15,76	0,91	29,16	37,08	1502,35
891	01.08.2025 14:42:50	15,82	0,91	29,12	37,08	1502,49
892	01.08.2025 14:42:51	15,85	0,93	29,07	37,05	1502,53
893	01.08.2025 14:42:52	15,91	0,93	29,01	37,03	1502,65
894	01.08.2025 14:42:53	15,94	0,95	28,99	37,03	1502,72
895	01.08.2025 14:42:54	15,98	0,95	28,97	37,03	1502,79
896	01.08.2025 14:42:55	16,01	0,95	28,94	37,03	1502,86
897	01.08.2025 14:42:56	16,07	0,96	28,92	37,06	1503,03
898	01.08.2025 14:42:57	16,10	0,94	28,90	37,06	1503,09
899	01.08.2025 14:42:58	16,16	0,94	28,88	37,09	1503,26
900	01.08.2025 14:42:59	16,19	0,93	28,86	37,09	1503,33
901	01.08.2025 14:43:00	16,25	0,91	28,82	37,09	1503,46
902	01.08.2025 14:43:01	16,28	0,90	28,78	37,06	1503,50
903	01.08.2025 14:43:02	16,31	0,88	28,75	37,06	1503,57
904	01.08.2025 14:43:03	16,34	0,88	28,73	37,07	1503,64
905	01.08.2025 14:43:04	16,34	0,86	28,71	37,04	1503,61
906	01.08.2025 14:43:05	16,37	0,83	28,69	37,04	1503,67
907	01.08.2025 14:43:06	16,40	0,83	28,67	37,04	1503,74
908	01.08.2025 14:43:07	16,43	0,83	28,65	37,04	1503,81
909	01.08.2025 14:43:08	16,46	0,82	28,63	37,04	1503,88
910	01.08.2025 14:43:09	16,49	0,80	28,61	37,04	1503,95
911	01.08.2025 14:43:10	16,55	0,80	28,56	37,04	1504,08
912	01.08.2025 14:43:11	16,58	0,77	28,54	37,04	1504,15
913	01.08.2025 14:43:12	16,61	0,77	28,52	37,05	1504,22
914	01.08.2025 14:43:13	16,64	0,77	28,50	37,05	1504,29
915	01.08.2025 14:43:14	16,67	0,77	28,48	37,05	1504,35
916	01.08.2025 14:43:15	16,70	0,74	28,46	37,05	1504,42
917	01.08.2025 14:43:16	16,70	0,74	28,44	37,02	1504,39
918	01.08.2025 14:43:17	16,73	0,72	28,44	37,05	1504,48
919	01.08.2025 14:43:18	16,76	0,73	28,40	37,02	1504,53
920	01.08.2025 14:43:19	16,79	0,71	28,40	37,05	1504,62
921	01.08.2025 14:43:20	16,82	0,69	28,36	37,02	1504,66
922	01.08.2025 14:43:21	16,82	0,69	28,36	37,02	1504,66
923	01.08.2025 14:43:22	16,85	0,70	28,33	37,02	1504,73
924	01.08.2025 14:43:23	16,88	0,68	28,31	37,02	1504,79
925	01.08.2025 14:43:24	16,91	0,66	28,27	37,00	1504,83
926	01.08.2025 14:43:25	16,91	0,66	28,27	37,00	1504,83
927	01.08.2025 14:43:26	16,94	0,63	28,27	37,03	1504,92
928	01.08.2025 14:43:27	16,97	0,61	28,25	37,03	1504,99
929	01.08.2025 14:43:28	17,00	0,61	28,21	37,00	1505,03
930	01.08.2025 14:43:29	17,00	0,60	28,19	36,97	1505,00
931	01.08.2025 14:43:30	17,03	0,58	28,17	36,97	1505,07
932	01.08.2025 14:43:31	17,06	0,57	28,15	36,98	1505,13
933	01.08.2025 14:43:32	17,06	0,57	28,15	36,98	1505,13
934	01.08.2025 14:43:33	17,09	0,57	28,13	36,98	1505,20
935	01.08.2025 14:43:34	17,12	0,55	28,11	36,98	1505,26
936	01.08.2025 14:43:35	17,12	0,53	28,08	36,95	1505,24
937	01.08.2025 14:43:36	17,15	0,53	28,02	36,90	1505,25
938	01.08.2025 14:43:37	17,18	0,54	27,93	36,82	1505,24
939	01.08.2025 14:43:38	17,18	0,52	27,84	36,71	1505,13
940	01.08.2025 14:43:39	17,21	0,48	28,00	36,92	1505,40
941	01.08.2025 14:43:40	17,21	0,46	27,91	36,82	1505,30
942	01.08.2025 14:43:41	17,24	0,48	27,76	36,66	1505,21
943	01.08.2025 14:43:42	17,27	0,46	27,80	36,74	1505,35
944	01.08.2025 14:43:43	17,30	0,43	27,85	36,82	1505,49
945	01.08.2025 14:43:44	17,30	0,43	27,85	36,82	1505,50
946	01.08.2025 14:43:45	17,30	0,39	27,69	36,63	1505,31
947	01.08.2025 14:43:46	17,30	0,39	27,81	36,77	1505,44
948	01.08.2025 14:43:47	17,30	0,39	27,56	36,47	1505,15
949	01.08.2025 14:43:48	17,33	0,39	27,65	36,61	1505,35
950	01.08.2025 14:43:49	17,39	0,30	27,61	36,61	1505,47
951	01.08.2025 14:43:50	17,39	0,32	27,61	36,61	1505,47
952	01.08.2025 14:43:51	17,39	0,32	27,61	36,61	1505,47
953	01.08.2025 14:43:52	17,42	0,29	27,55	36,56	1505,48
954	01.08.2025 14:43:53	17,45	0,29	27,53	36,56	1505,55
955	01.08.2025 14:43:54	17,48	0,27	27,58	36,64	1505,69
956	01.08.2025 14:43:55	17,51	0,25	27,53	36,61	1505,73
957	01.08.2025 14:43:56	17,54	0,20	27,49	36,58	1505,77
958	01.08.2025 14:43:57	17,54	0,16	27,42	36,50	1505,68
959	01.08.2025 14:43:58	17,54	0,13	27,45	36,53	1505,70
960	01.08.2025 14:43:59	17,51	0,13	27,47	36,53	1505,64
961	01.08.2025 14:44:00	17,51	0,11	27,76	36,88	1505,97
962	01.08.2025 14:44:01	17,60	0,15	27,67	36,85	1506,15
963	01.08.2025 14:44:02	17,72	0,04	27,57	36,83	1506,38
964	01.08.2025 14:44:03	17,78	0,06	27,54	36,83	1506,52
965	01.08.2025 14:44:04	17,81	0,02	27,43	36,72	1506,47
966	01.08.2025 14:44:05	17,84	0,02	27,56	36,91	1506,72
967	01.08.2025 14:44:06	17,90	0,02	27,61	37,02	1506,96
968	01.08.2025 14:44:07	17,96	-0,01	27,62	37,08	1507,14
969	01.08.2025 14:44:08	18,02	-0,01	27,53	37,02	1507,22
970	01.08.2025 14:44:09	18,05	0,00	27,60	37,13	1507,39
971	01.08.2025 14:44:10	18,11	-0,03	27,54	37,11	1507,49
972	01.08.2025 14:44:11	18,14	-0,05	27,32	36,87	1507,33
973	01.08.2025 14:44:12	18,11	-0,03	27,41	36,95	1507,34
974	01.08.2025 14:44:13	18,08	-0,01	27,50	37,03	1507,35
975	01.08.2025 14:44:14	18,11	-0,01	27,48	37,03	1507,42
976	01.08.2025 14:44:15	18,14	-0,01	27,37	36,92	1507,38
977	01.08.2025 14:44:16	18,17	0,00	27,37	36,95	1507,48
978	01.08.2025 14:44:17	18,17	-0,01	27,44	37,03	1507,55
979	01.08.2025 14:44:18	18,20	-0,01	27,46	37,08	1507,67
980	01.08.2025 14:44:19	18,22	-0,03	27,29	36,89	1507,55
981	01.08.2025 14:44:20	18,22	-0,01	27,27	36,87	1507,53
982	01.08.2025 14:44:21	18,20	-0,07	27,40	37,00	1507,58
983	01.08.2025 14:44:22	18,17	-0,07	27,33	36,89	1507,42
984	01.08.2025 14:44:23	18,20	0,02	27,48	37,11	1507,70
985	01.08.2025 14:44:24	18,22	-0,05	27,33	36,95	1507,60
986	01.08.2025 14:44:25	18,25	-0,01	27,23	36,84	1507,57
987	01.08.2025 14:44:26	18,25	-0,05	27,27	36,90	1507,62
988	01.08.2025 14:44:27	18,25	0,00	27,36	37,00	1507,73
989	01.08.2025 14:44:28	18,25	0,00	27,40	37,06	1507,78
990	01.08.2025 14:44:29	18,31	-0,03	27,36	37,06	1507,90
991	01.08.2025 14:44:30	18,34	-0,03	27,32	37,03	1507,94
992	01.08.2025 14:44:31	18,34	-0,01	27,37	37,08	1508,00
993	01.08.2025 14:44:32	18,34	-0,07	27,34	37,06	1507,96
994	01.08.2025 14:44:33	18,34	0,00	27,21	36,90	1507,82
995	01.08.2025 14:44:34	18,34	-0,05	27,30	37,00	1507,92
996	01.08.2025 14:44:35	18,34	-0,03	27,28	36,98	1507,89
997	01.08.2025 14:44:36	18,34	-0,03	27,26	36,95	1507,87
998	01.08.2025 14:44:37	18,37	0,00	27,37	37,11	1508,09
999	01.08.2025 14:44:38	18,40	0,02	27,31	37,06	1508,11
1000	01.08.2025 14:44:39	18,43	0,00	27,20	36,95	1508,07
1001	01.08.2025 14:44:40	18,43	-0,01	27,33	37,11	1508,22
1002	01.08.2025 14:44:41	18,46	-0,01	27,31	37,11	1508,29
1003	01.08.2025 14:44:42	18,49	0,00	27,34	37,17	1508,41
1004	01.08.2025 14:44:43	18,52	-0,01	27,34	37,20	1508,49
1005	01.08.2025 14:44:44	18,52	-0,08	27,10	36,90	1508,21
1006	01.08.2025 14:44:45	18,49	-0,01	27,29	37,12	1508,35
1007	01.08.2025 14:44:46	18,49	0,00	27,36	37,20	1508,43
1008	01.08.2025 14:44:47	18,55	-0,01	27,32	37,20	1508,56
1009	01.08.2025 14:44:48	18,58	-0,01	27,30	37,20	1508,62
1010	01.08.2025 14:44:49	18,61	-0,01	27,28	37,20	1508,69
1011	01.08.2025 14:44:50	18,61	-0,03	27,28	37,20	1508,69
1012	01.08.2025 14:44:51	18,64	-0,05	27,20	37,12	1508,67
1013	01.08.2025 14:44:52	18,61	-0,07	27,04	36,90	1508,41
1014	01.08.2025 14:44:53	18,55	-0,03	27,17	37,01	1508,38
1015	01.08.2025 14:44:54	18,55	0,02	27,28	37,14	1508,51
1016	01.08.2025 14:44:55	18,58	-0,01	27,24	37,12	1508,55
1017	01.08.2025 14:44:56	18,58	-0,05	27,17	37,04	1508,47
1018	01.08.2025 14:44:57	18,55	-0,01	27,23	37,09	1508,46
1019	01.08.2025 14:44:58	18,58	-0,03	27,10	36,96	1508,40
1020	01.08.2025 14:44:59	18,55	0,02	27,23	37,09	1508,46
1021	01.08.2025 14:45:00	18,58	-0,01	27,24	37,12	1508,55
1022	01.08.2025 14:45:01	18,61	-0,01	27,26	37,17	1508,66
1023	01.08.2025 14:45:02	18,64	-0,03	27,24	37,17	1508,73
1024	01.08.2025 14:45:03	18,67	-0,03	27,18	37,12	1508,74
1025	01.08.2025 14:45:04	18,67	-0,01	27,24	37,20	1508,82
1026	01.08.2025 14:45:05	18,67	-0,03	27,20	37,15	1508,77
1027	01.08.2025 14:45:06	18,70	-0,03	27,14	37,09	1508,78
1028	01.08.2025 14:45:07	18,67	-0,05	24,24	33,47	1505,36
1029	01.08.2025 14:45:08	18,67	-0,05	27,13	37,07	1508,69
1030	01.08.2025 14:45:09	18,67	-0,05	27,16	37,09	1508,72
1031	01.08.2025 14:45:10	18,67	-0,03	20,18	28,35	1500,70
1032	01.08.2025 14:45:11	18,67	-0,05	20,18	28,35	1500,70
1033	01.08.2025 14:45:12	18,67	-0,05	20,22	28,40	1500,75
1034	01.08.2025 14:45:13	18,67	-0,05	20,22	28,40	1500,75
1035	01.08.2025 14:45:14	18,70	-0,05	20,25	28,46	1500,87
1036	01.08.2025 14:45:15	18,70	-0,03	20,23	28,43	1500,85
1037	01.08.2025 14:45:16	18,70	-0,05	20,25	28,46	1500,87
1038	01.08.2025 14:45:17	18,70	-0,03	20,23	28,43	1500,85
1039	01.08.2025 14:45:18	18,70	-0,05	19,76	27,83	1500,31
1040	01.08.2025 14:45:19	18,70	-0,05	3,06	4,96	1481,14
1041	01.08.2025 14:45:20	18,70	-0,05	1,20	2,05	1479,00
1042	01.08.2025 14:45:21	18,67	-0,05	1,42	2,39	1479,15
1043	01.08.2025 14:45:22	18,67	-0,03	1,50	2,53	1479,25
1044	01.08.2025 14:45:23	18,67	-0,05	1,24	2,11	1478,95
1045	01.08.2025 14:45:24	18,67	-0,05	1,03	1,77	1478,71
1046	01.08.2025 14:45:25	18,64	-0,07	0,35	0,63	1477,83
1047	01.08.2025 14:45:26	18,64	-0,05	0,30	0,54	1477,77
1048	01.08.2025 14:45:27	18,64	-0,05	0,63	1,10	1478,15
1049	01.08.2025 14:45:28	18,64	-0,03	0,43	0,77	1477,92
1050	01.08.2025 14:45:29	18,64	-0,05	0,33	0,60	1477,81
1051	01.08.2025 14:45:30	18,64	-0,05	0,68	1,18	1478,21
1052	01.08.2025 14:45:31	18,64	-0,03	0,19	0,35	1477,65
1053	01.08.2025 14:45:32	18,61	-0,05	0,16	0,29	1477,52
1054	01.08.2025 14:45:33	18,61	-0,05	0,15	0,27	1477,50
1055	01.08.2025 14:45:34	18,61	-0,05	0,13	0,24	1477,48
1056	01.08.2025 14:45:35	18,61	-0,05	0,13	0,24	1477,48
1057	01.08.2025 14:45:36	18,61	-0,05	0,13	0,24	1477,48
1058	01.08.2025 14:45:37	18,61	-0,05	0,13	0,24	1477,48
1059	01.08.2025 14:45:38	18,61	-0,05	0,12	0,21	1477,46
1060	01.08.2025 14:45:39	18,61	-0,05	0,12	0,21	1477,46
1061	01.08.2025 14:45:40	18,58	-0,05	0,12	0,21	1477,37
1062	01.08.2025 14:45:41	18,58	-0,05	0,12	0,21	1477,37
1063	01.08.2025 14:45:42	18,58	-0,03	0,12	0,21	1477,37
1064	01.08.2025 14:45:43	18,58	-0,03	0,10	0,18	1477,35
1065	01.08.2025 14:45:44	18,58	-0,03	0,10	0,18	1477,35
1066	01.08.2025 14:45:45	18,58	-0,05	0,10	0,18	1477,35
1067	01.08.2025 14:45:46	18,58	-0,05	0,10	0,18	1477,35
1068	01.08.2025 14:45:47	18,58	-0,05	0,10	0,18	1477,35
1069	01.08.2025 14:45:48	18,58	-0,05	0,10	0,18	1477,35
1070	01.08.2025 14:45:49	18,58	-0,05	0,10	0,18	1477,35
1071	01.08.2025 14:45:50	18,58	-0,03	0,10	0,18	1477,35
1072	01.08.2025 14:45:51	18,55	-0,03	0,10	0,18	1477,26
1073	01.08.2025 14:45:52	18,55	-0,03	0,09	0,16	1477,24
1074	01.08.2025 14:45:53	18,55	-0,05	0,09	0,16	1477,24
1075	01.08.2025 14:45:54	18,55	-0,03	0,09	0,16	1477,24
1076	01.08.2025 14:45:55	18,55	-0,03	0,09	0,16	1477,24
1077	01.08.2025 14:45:56	18,55	-0,03	0,09	0,16	1477,24
1078	01.08.2025 14:45:57	18,55	-0,03	0,09	0,16	1477,24
1079	01.08.2025 14:45:58	18,55	-0,03	0,09	0,16	1477,24
1080	01.08.2025 14:45:59	18,55	-0,05	0,09	0,16	1477,24
1081	01.08.2025 14:46:00	18,55	-0,05	0,09	0,16	1477,24
1082	01.08.2025 14:46:01	18,55	-0,05	0,09	0,16	1477,24
1083	01.08.2025 14:46:02	18,55	-0,05	0,09	0,16	1477,24
1084	01.08.2025 14:46:03	18,55	-0,03	0,09	0,16	1477,24
1085	01.08.2025 14:46:04	18,52	-0,05	0,09	0,16	1477,14
1086	01.08.2025 14:46:05	18,52	-0,05	0,09	0,16	1477,14
1087	01.08.2025 14:46:06	18,52	-0,05	0,09	0,16	1477,14
1088	01.08.2025 14:46:07	18,52	-0,05	0,09	0,16	1477,14
1089	01.08.2025 14:46:08	18,52	-0,03	0,09	0,16	1477,15
1090	01.08.2025 14:46:09	18,52	-0,03	0,09	0,16	1477,15
1091	01.08.2025 14:46:10	18,52	-0,05	0,09	0,16	1477,14
1092	01.08.2025 14:46:11	18,52	-0,03	0,09	0,16	1477,15
1093	01.08.2025 14:46:12	18,52	-0,03	0,24	0,43	1477,32
1094	01.08.2025 14:46:13	18,52	-0,03	0,12	0,21	1477,18
1095	01.08.2025 14:46:14	18,49	-0,03	0,10	0,18	1477,07
1096	01.08.2025 14:46:15	18,49	-0,03	0,09	0,16	1477,05
1097	01.08.2025 14:46:16	18,49	-0,05	0,10	0,18	1477,06
1098	01.08.2025 14:46:17	18,49	-0,03	0,71	1,24	1477,77
1099	01.08.2025 14:46:18	18,49	-0,03	0,61	1,07	1477,66
1100	01.08.2025 14:46:19	18,49	-0,03	0,68	1,18	1477,73
1101	01.08.2025 14:46:20	18,49	-0,03	0,53	0,93	1477,56
1102	01.08.2025 14:46:21	18,49	-0,03	0,60	1,05	1477,64
1103	01.08.2025 14:46:22	18,49	-0,05	0,53	0,93	1477,56
1104	01.08.2025 14:46:23	18,49	-0,03	0,71	1,24	1477,77
1105	01.08.2025 14:46:24	18,46	-0,05	0,70	1,21	1477,65
1106	01.08.2025 14:46:25	18,46	-0,03	0,65	1,13	1477,60
1107	01.08.2025 14:46:26	18,46	-0,03	0,66	1,16	1477,62
1108	01.08.2025 14:46:27	18,46	-0,03	0,63	1,10	1477,58
1109	01.08.2025 14:46:28	18,46	-0,03	0,66	1,16	1477,62
1110	01.08.2025 14:46:29	18,46	-0,03	0,68	1,18	1477,64
1111	01.08.2025 14:46:30	18,46	-0,03	0,65	1,13	1477,60
1112	01.08.2025 14:46:31	18,46	-0,03	0,66	1,16	1477,62
1113	01.08.2025 14:46:32	18,46	-0,03	0,66	1,16	1477,62
1114	01.08.2025 14:46:33	18,46	-0,03	0,60	1,05	1477,54
1115	01.08.2025 14:46:34	18,46	-0,03	0,65	1,13	1477,60
1116	01.08.2025 14:46:35	18,46	-0,03	0,61	1,07	1477,56
1117	01.08.2025 14:46:36	18,46	-0,03	0,66	1,16	1477,62
1118	01.08.2025 14:46:37	18,46	-0,03	0,66	1,16	1477,62
1119	01.08.2025 14:46:38	18,46	-0,03	0,65	1,13	1477,60
1120	01.08.2025 14:46:39	18,46	-0,03	0,56	0,99	1477,50
1121	01.08.2025 14:46:40	18,43	-0,05	0,61	1,07	1477,46
1122	01.08.2025 14:46:41	18,43	-0,03	0,65	1,13	1477,50
1123	01.08.2025 14:46:42	18,43	-0,03	0,63	1,10	1477,49
1124	01.08.2025 14:46:43	18,43	-0,03	0,61	1,07	1477,47
1125	01.08.2025 14:46:44	18,43	-0,03	0,63	1,10	1477,49
1126	01.08.2025 14:46:45	18,43	-0,03	0,58	1,02	1477,43
1127	01.08.2025 14:46:46	18,43	-0,03	0,61	1,07	1477,47
1128	01.08.2025 14:46:47	18,43	-0,03	0,61	1,07	1477,47
1129	01.08.2025 14:46:48	18,43	-0,03	0,58	1,02	1477,43
1130	01.08.2025 14:46:49	18,43	-0,03	0,61	1,07	1477,47
1131	01.08.2025 14:46:50	18,43	-0,03	0,65	1,13	1477,50
1132	01.08.2025 14:46:51	18,43	-0,03	0,61	1,07	1477,47
1133	01.08.2025 14:46:52	18,43	-0,05	0,61	1,07	1477,46
1134	01.08.2025 14:46:53	18,40	-0,05	0,60	1,05	1477,35
1135	01.08.2025 14:46:54	18,40	-0,03	0,60	1,05	1477,35
1136	01.08.2025 14:46:55	18,40	-0,03	0,58	1,02	1477,33
1137	01.08.2025 14:46:56	18,40	-0,03	0,58	1,02	1477,33
1138	01.08.2025 14:46:57	18,40	-0,03	0,53	0,93	1477,28
1139	01.08.2025 14:46:58	18,40	-0,03	0,55	0,96	1477,29
1140	01.08.2025 14:46:59	18,40	-0,03	0,56	0,99	1477,31
1141	01.08.2025 14:47:00	18,40	-0,03	0,55	0,96	1477,29
1142	01.08.2025 14:47:01	18,40	-0,03	0,53	0,93	1477,28
1143	01.08.2025 14:47:02	18,40	-0,03	0,55	0,96	1477,29
1144	01.08.2025 14:47:03	18,40	-0,03	0,55	0,96	1477,29
1145	01.08.2025 14:47:04	18,40	-0,03	0,55	0,96	1477,29
1146	01.08.2025 14:47:05	18,40	-0,03	0,53	0,93	1477,28
1147	01.08.2025 14:47:06	18,40	-0,03	0,55	0,96	1477,29
1148	01.08.2025 14:47:07	18,37	-0,05	0,50	0,88	1477,14
1149	01.08.2025 14:47:08	18,40	-0,03	0,50	0,88	1477,24
1150	01.08.2025 14:47:09	18,37	-0,05	0,55	0,96	1477,20
1151	01.08.2025 14:47:10	18,37	-0,07	0,53	0,93	1477,17
1152	01.08.2025 14:47:11	18,37	-0,05	0,52	0,91	1477,16
1153	01.08.2025 14:47:12	18,37	-0,03	0,52	0,91	1477,16
1154	01.08.2025 14:47:13	18,37	-0,03	0,50	0,88	1477,14
1155	01.08.2025 14:47:14	18,37	-0,05	0,52	0,91	1477,16
1156	01.08.2025 14:47:15	18,37	-0,05	0,53	0,93	1477,18
1157	01.08.2025 14:47:16	18,37	-0,05	0,52	0,91	1477,16
1158	01.08.2025 14:47:17	18,37	-0,05	0,47	0,82	1477,10
1159	01.08.2025 14:47:18	18,37	-0,05	0,50	0,88	1477,14
1160	01.08.2025 14:47:19	18,37	-0,05	0,52	0,91	1477,16
1161	01.08.2025 14:47:20	18,37	-0,05	0,52	0,91	1477,16
1162	01.08.2025 14:47:21	18,37	-0,05	0,65	1,13	1477,31
1163	01.08.2025 14:47:22	18,37	-0,05	0,60	1,05	1477,25
1164	01.08.2025 14:47:23	18,34	-0,05	0,62	1,07	1477,18
1165	01.08.2025 14:47:24	18,34	-0,05	0,55	0,96	1477,10
1166	01.08.2025 14:47:25	18,34	-0,07	0,57	0,99	1477,12
1167	01.08.2025 14:47:26	18,34	-0,03	0,43	0,77	1476,97
1168	01.08.2025 14:47:27	18,34	-0,05	0,65	1,13	1477,22
1169	01.08.2025 14:47:28	18,34	-0,05	0,68	1,18	1477,25
1170	01.08.2025 14:47:29	18,34	-0,05	0,71	1,24	1477,29
1171	01.08.2025 14:47:30	18,34	-0,05	0,67	1,16	1477,23
1172	01.08.2025 14:47:31	18,31	-0,05	0,40	0,71	1476,83
1173	01.08.2025 14:47:32	18,31	-0,05	0,30	0,54	1476,72
1174	01.08.2025 14:47:33	18,31	-0,03	0,30	0,54	1476,72
1175	01.08.2025 14:47:34	18,31	-0,05	0,21	0,38	1476,61
1176	01.08.2025 14:47:35	18,31	-0,05	0,43	0,77	1476,87
1177	01.08.2025 14:47:36	18,31	-0,03	0,24	0,43	1476,65
1178	01.08.2025 14:47:37	18,31	-0,03	0,24	0,43	1476,65
1179	01.08.2025 14:47:38	18,31	-0,05	0,26	0,46	1476,67
1180	01.08.2025 14:47:39	18,31	-0,05	0,34	0,60	1476,76
1181	01.08.2025 14:47:40	18,31	-0,03	0,26	0,46	1476,67
1182	01.08.2025 14:47:41	18,31	-0,05	0,35	0,63	1476,78
1183	01.08.2025 14:47:42	18,31	-0,05	0,37	0,65	1476,80
1184	01.08.2025 14:47:43	18,31	-0,05	0,34	0,60	1476,76
1185	01.08.2025 14:47:44	18,31	-0,05	0,52	0,91	1476,97
1186	01.08.2025 14:47:45	18,31	-0,07	0,30	0,54	1476,72
1187	01.08.2025 14:47:46	18,31	-0,03	0,37	0,65	1476,80
1188	01.08.2025 14:47:47	18,28	-0,05	0,34	0,60	1476,66
1189	01.08.2025 14:47:48	18,28	-0,03	0,23	0,40	1476,54
1190	01.08.2025 14:47:49	18,28	-0,05	0,39	0,68	1476,72
1191	01.08.2025 14:47:50	18,28	-0,05	0,10	0,18	1476,39
1192	01.08.2025 14:47:51	18,28	-0,05	0,09	0,16	1476,37
1193	01.08.2025 14:47:52	18,28	-0,03	0,09	0,16	1476,38
1194	01.08.2025 14:47:53	18,28	-0,05	0,07	0,13	1476,36
1195	01.08.2025 14:47:54	18,28	-0,05	0,07	0,13	1476,36
1196	01.08.2025 14:47:55	18,28	-0,05	0,07	0,13	1476,36
1197	01.08.2025 14:47:56	18,28	-0,05	0,07	0,13	1476,36
1198	01.08.2025 14:47:57	18,28	-0,05	0,07	0,13	1476,36
1199	01.08.2025 14:47:58	18,28	-0,05	0,07	0,13	1476,36
1200	01.08.2025 14:47:59	18,28	-0,05	0,07	0,13	1476,36
1201	01.08.2025 14:48:00	18,28	-0,05	0,07	0,13	1476,36
1202	01.08.2025 14:48:01	18,28	-0,03	0,07	0,13	1476,36
1203	01.08.2025 14:48:02	18,28	-0,05	0,07	0,13	1476,36
1204	01.08.2025 14:48:03	18,28	-0,03	0,07	0,13	1476,36
1205	01.08.2025 14:48:04	18,28	-0,05	0,07	0,13	1476,36
1206	01.08.2025 14:48:05	18,28	-0,05	0,07	0,13	1476,36
1207	01.08.2025 14:48:06	18,28	-0,05	0,07	0,13	1476,36
1208	01.08.2025 14:48:07	18,28	-0,03	0,07	0,13	1476,36
1209	01.08.2025 14:48:08	18,25	-0,05	0,07	0,13	1476,26
1210	01.08.2025 14:48:09	18,25	-0,03	0,07	0,13	1476,26
1211	01.08.2025 14:48:10	18,25	-0,05	0,07	0,13	1476,26
1212	01.08.2025 14:48:11	18,25	-0,03	0,07	0,13	1476,26
1213	01.08.2025 14:48:12	18,25	-0,03	0,09	0,16	1476,28
1214	01.08.2025 14:48:13	18,25	-0,05	0,53	0,93	1476,79
1215	01.08.2025 14:48:14	18,25	-0,03	0,50	0,88	1476,76
1216	01.08.2025 14:48:15	18,25	-0,05	0,57	0,99	1476,83
1217	01.08.2025 14:48:16	18,25	-0,03	0,60	1,05	1476,87
1218	01.08.2025 14:48:17	18,25	-0,03	0,65	1,13	1476,93
1219	01.08.2025 14:48:18	18,25	-0,03	0,21	0,38	1476,42
1220	01.08.2025 14:48:19	18,25	-0,03	0,19	0,35	1476,40
1221	01.08.2025 14:48:20	18,25	-0,03	0,13	0,24	1476,33
1222	01.08.2025 14:48:21	18,25	-0,05	0,65	1,13	1476,93
1223	01.08.2025 14:48:22	18,25	-0,05	0,77	1,32	1477,06
1224	01.08.2025 14:48:23	18,25	-0,05	0,24	0,43	1476,46
1225	01.08.2025 14:48:24	18,25	-0,05	0,12	0,21	1476,31
1226	01.08.2025 14:48:25	18,25	-0,05	0,10	0,18	1476,30
1227	01.08.2025 14:48:26	18,25	-0,07	0,10	0,18	1476,29
1228	01.08.2025 14:48:27	18,25	-0,05	0,10	0,18	1476,30
1229	01.08.2025 14:48:28	18,22	-0,10	0,12	0,21	1476,21
1230	01.08.2025 14:48:29	18,25	-0,08	0,16	0,29	1476,36
1231	01.08.2025 14:48:30	18,31	-0,10	0,34	0,60	1476,75
1232	01.08.2025 14:48:31	18,34	-0,03	0,75	1,29	1477,33
1233	01.08.2025 14:48:32	18,40	-0,15	0,58	1,02	1477,31
1234	01.08.2025 14:48:33	18,55	-0,17	0,73	1,26	1477,96
1235	01.08.2025 14:48:34	18,67	-0,12	0,41	0,74	1477,99
1236	01.08.2025 14:48:35	18,79	-0,14	0,32	0,57	1478,25
1237	01.08.2025 14:48:36	18,85	-0,08	0,25	0,46	1478,38
1238	01.08.2025 14:48:37	18,91	-0,07	0,22	0,40	1478,53
1239	01.08.2025 14:48:38	18,97	-0,03	0,28	0,52	1478,80
1240	01.08.2025 14:48:39	19,17	-0,12	0,21	0,38	1479,36
1241	01.08.2025 14:48:40	19,41	-0,14	0,19	0,35	1480,08
1242	01.08.2025 14:48:41	19,65	-0,10	0,16	0,29	1480,80
1243	01.08.2025 14:48:42	19,79	-0,12	0,19	0,35	1481,29
1244	01.08.2025 14:48:43	19,94	-0,17	0,17	0,32	1481,72
1245	01.08.2025 14:48:44	20,12	-0,14	0,14	0,27	1482,24
1246	01.08.2025 14:48:45	20,26	-0,10	0,26	0,49	1482,84
1247	01.08.2025 14:48:46	20,35	-0,12	43,06	58,00	1531,53
