#B	Created:	01.08.2025 18:34:00
##	Version	SeaStar	9.59
#5	Field separation:	0
#2	Date & Time:	1
#6	Decimal point:	,
#7	Date def.:	dd.mm.yyyy	.
#8	Time def.:	:
##	Axis	0	Temperature(°C)	clRed	FALSE
##	Axis	1	Pressure(Bar)	clBlue	FALSE
##	Axis	2	Salinity(psu)	clGreen	FALSE
##	Axis	3	Conductivity(mS/cm)	$00FF80FF	FALSE
##	Axis	4	Sound Velocity(m/sec)	$00404080	FALSE
##	Series	0	Temp(°C)	clRed	0	Temp(°C)	2
##	Series	1	Press(Bar)	clBlue	1	Press(Bar)	2
##	Series	2	Salinity(psu)	clGreen	2	Salinity(psu)	2
##	Series	3	Conduct(mS/cm)	$00FF80FF	3	Conduct(mS/cm)	2
##	Series	4	Sound Velocity(m/sec)	$00404080	4	Velocity(m/sec)	2
##	Recorder	125	DST CTD	13526
##	Chart	125S13526DAT	
#D	Data:	1588	01.08.2025 18:07:00	01.08.2025 18:33:27
1	01.08.2025 18:07:00	21,73	-0,03	0,96	1,76	1488,07
2	01.08.2025 18:07:01	21,73	-0,03	0,94	1,73	1488,05
3	01.08.2025 18:07:02	21,73	-0,03	0,96	1,76	1488,07
4	01.08.2025 18:07:03	21,73	-0,03	0,96	1,76	1488,07
5	01.08.2025 18:07:04	21,73	-0,03	0,94	1,73	1488,05
6	01.08.2025 18:07:05	21,73	-0,03	0,96	1,76	1488,07
7	01.08.2025 18:07:06	21,73	-0,03	0,99	1,82	1488,11
8	01.08.2025 18:07:07	21,73	-0,03	0,94	1,73	1488,05
9	01.08.2025 18:07:08	21,73	-0,05	0,94	1,73	1488,05
10	01.08.2025 18:07:09	21,73	-0,05	0,96	1,76	1488,07
11	01.08.2025 18:07:10	21,70	-0,03	0,96	1,76	1487,99
12	01.08.2025 18:07:11	21,70	-0,03	0,96	1,76	1487,99
13	01.08.2025 18:07:12	21,70	-0,03	0,96	1,76	1487,99
14	01.08.2025 18:07:13	21,70	-0,05	0,96	1,76	1487,98
15	01.08.2025 18:07:14	21,70	-0,03	0,96	1,76	1487,99
16	01.08.2025 18:07:15	21,70	-0,03	0,96	1,76	1487,99
17	01.08.2025 18:07:16	21,70	-0,03	0,97	1,79	1488,00
18	01.08.2025 18:07:17	21,70	-0,03	0,96	1,76	1487,99
19	01.08.2025 18:07:18	21,70	-0,03	0,96	1,76	1487,99
20	01.08.2025 18:07:19	21,70	-0,03	0,96	1,76	1487,99
21	01.08.2025 18:07:20	21,70	-0,03	0,97	1,79	1488,00
22	01.08.2025 18:07:21	21,70	-0,03	0,96	1,76	1487,99
23	01.08.2025 18:07:22	21,70	-0,03	0,97	1,79	1488,00
24	01.08.2025 18:07:23	21,67	-0,03	0,96	1,76	1487,90
25	01.08.2025 18:07:24	21,67	-0,03	0,96	1,76	1487,90
26	01.08.2025 18:07:25	21,67	-0,03	0,96	1,76	1487,90
27	01.08.2025 18:07:26	21,67	-0,01	0,96	1,76	1487,90
28	01.08.2025 18:07:27	21,67	-0,03	0,96	1,76	1487,90
29	01.08.2025 18:07:28	21,67	-0,03	0,97	1,79	1487,92
30	01.08.2025 18:07:29	21,67	-0,03	0,97	1,79	1487,92
31	01.08.2025 18:07:30	21,67	-0,01	0,94	1,73	1487,88
32	01.08.2025 18:07:31	21,67	-0,03	0,70	1,31	1487,62
33	01.08.2025 18:07:32	21,67	-0,03	0,69	1,28	1487,60
34	01.08.2025 18:07:33	21,67	-0,03	0,73	1,37	1487,65
35	01.08.2025 18:07:34	21,67	-0,03	0,49	0,93	1487,38
36	01.08.2025 18:07:35	21,64	-0,03	0,57	1,07	1487,38
37	01.08.2025 18:07:36	21,64	-0,03	0,62	1,16	1487,43
38	01.08.2025 18:07:37	21,64	-0,03	0,60	1,13	1487,42
39	01.08.2025 18:07:38	21,64	-0,03	0,62	1,16	1487,43
40	01.08.2025 18:07:39	21,61	-0,07	0,60	1,13	1487,32
41	01.08.2025 18:07:40	21,61	-0,05	0,62	1,16	1487,34
42	01.08.2025 18:07:41	21,61	-0,03	0,62	1,16	1487,35
43	01.08.2025 18:07:42	21,61	-0,03	0,63	1,17	1487,36
44	01.08.2025 18:07:43	21,61	-0,05	0,62	1,16	1487,34
45	01.08.2025 18:07:44	21,61	-0,05	0,62	1,16	1487,34
46	01.08.2025 18:07:45	21,61	-0,05	0,60	1,13	1487,33
47	01.08.2025 18:07:46	21,58	-0,05	0,60	1,13	1487,24
48	01.08.2025 18:07:47	21,58	-0,05	0,63	1,17	1487,27
49	01.08.2025 18:07:48	21,58	-0,05	0,60	1,13	1487,24
50	01.08.2025 18:07:49	21,58	-0,03	0,60	1,13	1487,24
51	01.08.2025 18:07:50	21,58	-0,05	0,60	1,13	1487,24
52	01.08.2025 18:07:51	21,58	-0,05	0,64	1,20	1487,28
53	01.08.2025 18:07:52	21,58	-0,05	0,62	1,16	1487,26
54	01.08.2025 18:07:53	21,55	-0,05	0,62	1,16	1487,17
55	01.08.2025 18:07:54	21,55	-0,05	0,49	0,93	1487,03
56	01.08.2025 18:07:55	21,55	-0,05	0,24	0,46	1486,74
57	01.08.2025 18:07:56	21,55	-0,03	0,34	0,65	1486,86
58	01.08.2025 18:07:57	21,55	-0,03	0,22	0,43	1486,73
59	01.08.2025 18:07:58	21,55	-0,05	1,04	1,90	1487,64
60	01.08.2025 18:07:59	21,55	-0,05	0,94	1,73	1487,53
61	01.08.2025 18:08:00	21,55	-0,05	1,07	1,96	1487,68
62	01.08.2025 18:08:01	21,55	-0,01	0,66	1,23	1487,22
63	01.08.2025 18:08:02	21,55	-0,08	26,25	38,25	1515,85
64	01.08.2025 18:08:03	21,35	-0,17	26,02	37,80	1515,02
65	01.08.2025 18:08:04	21,12	-0,07	25,98	37,55	1514,34
66	01.08.2025 18:08:05	20,91	-0,05	25,38	36,61	1513,10
67	01.08.2025 18:08:06	20,73	0,00	25,31	36,39	1512,54
68	01.08.2025 18:08:07	20,62	0,04	25,34	36,33	1512,25
69	01.08.2025 18:08:08	20,56	0,04	25,39	36,36	1512,15
70	01.08.2025 18:08:09	20,50	0,02	26,41	37,61	1513,12
71	01.08.2025 18:08:10	20,44	0,04	26,50	37,69	1513,07
72	01.08.2025 18:08:11	20,41	0,04	26,52	37,69	1513,01
73	01.08.2025 18:08:12	20,35	0,04	26,56	37,69	1512,88
74	01.08.2025 18:08:13	20,32	0,04	26,55	37,66	1512,80
75	01.08.2025 18:08:14	20,29	0,04	26,59	37,69	1512,76
76	01.08.2025 18:08:15	20,26	0,02	25,54	36,32	1511,48
77	01.08.2025 18:08:16	20,24	0,02	25,39	36,11	1511,23
78	01.08.2025 18:08:17	20,24	0,02	25,41	36,13	1511,26
79	01.08.2025 18:08:18	20,21	0,04	26,33	37,29	1512,21
80	01.08.2025 18:08:19	20,18	0,02	26,67	37,69	1512,51
81	01.08.2025 18:08:20	20,18	0,00	26,66	37,69	1512,50
82	01.08.2025 18:08:21	20,15	0,02	26,68	37,69	1512,44
83	01.08.2025 18:08:22	20,15	0,00	26,68	37,69	1512,44
84	01.08.2025 18:08:23	20,12	0,00	26,70	37,69	1512,38
85	01.08.2025 18:08:24	20,12	0,02	26,66	37,63	1512,33
86	01.08.2025 18:08:25	20,09	0,00	26,70	37,66	1512,29
87	01.08.2025 18:08:26	20,06	0,00	26,74	37,69	1512,25
88	01.08.2025 18:08:27	20,06	0,00	26,74	37,69	1512,25
89	01.08.2025 18:08:28	20,03	0,02	26,73	37,66	1512,17
90	01.08.2025 18:08:29	20,03	0,00	26,71	37,63	1512,14
91	01.08.2025 18:08:30	20,00	0,00	26,71	37,60	1512,05
92	01.08.2025 18:08:31	19,97	0,00	26,75	37,63	1512,02
93	01.08.2025 18:08:32	19,94	0,00	26,70	37,55	1511,88
94	01.08.2025 18:08:33	19,91	0,00	26,76	37,60	1511,87
95	01.08.2025 18:08:34	19,88	0,00	26,80	37,63	1511,83
96	01.08.2025 18:08:35	19,88	0,00	26,74	37,55	1511,75
97	01.08.2025 18:08:36	19,85	0,00	26,80	37,60	1511,74
98	01.08.2025 18:08:37	19,82	-0,01	26,80	37,57	1511,65
99	01.08.2025 18:08:38	19,82	-0,01	26,78	37,55	1511,62
100	01.08.2025 18:08:39	19,79	-0,01	26,80	37,55	1511,56
101	01.08.2025 18:08:40	19,79	-0,01	26,79	37,55	1511,56
102	01.08.2025 18:08:41	19,76	0,00	26,79	37,52	1511,48
103	01.08.2025 18:08:42	19,73	-0,01	26,81	37,52	1511,41
104	01.08.2025 18:08:43	19,73	-0,01	26,81	37,52	1511,41
105	01.08.2025 18:08:44	19,71	-0,01	26,85	37,54	1511,37
106	01.08.2025 18:08:45	19,71	0,00	26,89	37,60	1511,42
107	01.08.2025 18:08:46	19,71	0,00	26,89	37,60	1511,42
108	01.08.2025 18:08:47	19,71	0,00	26,85	37,54	1511,37
109	01.08.2025 18:08:48	19,68	-0,01	26,76	37,41	1511,19
110	01.08.2025 18:08:49	19,65	-0,01	26,84	37,49	1511,20
111	01.08.2025 18:08:50	19,65	0,00	26,89	37,54	1511,25
112	01.08.2025 18:08:51	19,65	0,00	26,84	37,49	1511,20
113	01.08.2025 18:08:52	19,62	-0,01	26,88	37,51	1511,16
114	01.08.2025 18:08:53	19,62	-0,01	26,84	37,46	1511,11
115	01.08.2025 18:08:54	19,59	-0,01	26,86	37,46	1511,04
116	01.08.2025 18:08:55	19,56	0,02	26,90	37,49	1511,01
117	01.08.2025 18:08:56	19,56	0,02	26,94	37,54	1511,06
118	01.08.2025 18:08:57	19,56	0,02	26,83	37,41	1510,94
119	01.08.2025 18:08:58	19,56	0,02	26,73	37,27	1510,82
120	01.08.2025 18:08:59	19,50	0,02	26,79	37,30	1510,71
121	01.08.2025 18:09:00	19,47	0,06	26,89	37,40	1510,75
122	01.08.2025 18:09:01	19,47	0,08	26,72	37,19	1510,56
123	01.08.2025 18:09:02	19,44	0,02	26,63	37,06	1510,36
124	01.08.2025 18:09:03	19,38	0,06	26,71	37,11	1510,29
125	01.08.2025 18:09:04	19,35	0,09	26,88	37,29	1510,40
126	01.08.2025 18:09:05	19,35	0,11	26,98	37,43	1510,53
127	01.08.2025 18:09:06	19,35	0,13	26,83	37,24	1510,36
128	01.08.2025 18:09:07	19,35	0,13	26,86	37,27	1510,38
129	01.08.2025 18:09:08	19,32	0,13	26,83	37,21	1510,27
130	01.08.2025 18:09:09	19,29	0,15	26,76	37,11	1510,11
131	01.08.2025 18:09:10	19,26	0,15	26,70	37,00	1509,95
132	01.08.2025 18:09:11	19,20	0,18	26,80	37,08	1509,90
133	01.08.2025 18:09:12	19,20	0,18	26,71	36,97	1509,80
134	01.08.2025 18:09:13	19,14	0,20	26,73	36,94	1509,65
135	01.08.2025 18:09:14	19,11	0,23	26,88	37,10	1509,74
136	01.08.2025 18:09:15	19,11	0,22	26,94	37,18	1509,81
137	01.08.2025 18:09:16	19,11	0,25	26,90	37,13	1509,76
138	01.08.2025 18:09:17	19,11	0,25	26,90	37,13	1509,76
139	01.08.2025 18:09:18	19,11	0,27	27,00	37,26	1509,89
140	01.08.2025 18:09:19	19,11	0,27	26,81	37,02	1509,67
141	01.08.2025 18:09:20	19,09	0,25	26,70	36,86	1509,45
142	01.08.2025 18:09:21	19,03	0,30	26,78	36,91	1509,38
143	01.08.2025 18:09:22	18,97	0,32	26,73	36,80	1509,15
144	01.08.2025 18:09:23	18,94	0,36	26,88	36,96	1509,24
145	01.08.2025 18:09:24	18,91	0,36	26,81	36,86	1509,08
146	01.08.2025 18:09:25	18,88	0,37	26,76	36,78	1508,94
147	01.08.2025 18:09:26	18,85	0,39	26,87	36,88	1508,98
148	01.08.2025 18:09:27	18,82	0,46	26,93	36,93	1508,97
149	01.08.2025 18:09:28	18,82	0,43	26,76	36,72	1508,77
150	01.08.2025 18:09:29	18,79	0,44	26,80	36,75	1508,73
151	01.08.2025 18:09:30	18,76	0,48	26,82	36,75	1508,67
152	01.08.2025 18:09:31	18,73	0,48	26,84	36,75	1508,61
153	01.08.2025 18:09:32	18,70	0,52	26,85	36,74	1508,55
154	01.08.2025 18:09:33	18,67	0,54	26,87	36,74	1508,48
155	01.08.2025 18:09:34	18,64	0,57	26,89	36,74	1508,42
156	01.08.2025 18:09:35	18,64	0,57	26,89	36,74	1508,42
157	01.08.2025 18:09:36	18,61	0,59	26,91	36,74	1508,36
158	01.08.2025 18:09:37	18,61	0,59	26,78	36,58	1508,21
159	01.08.2025 18:09:38	18,55	0,62	26,77	36,53	1508,03
160	01.08.2025 18:09:39	18,49	0,63	26,77	36,47	1507,85
161	01.08.2025 18:09:40	18,46	0,65	26,79	36,47	1507,79
162	01.08.2025 18:09:41	18,40	0,66	26,80	36,44	1507,63
163	01.08.2025 18:09:42	18,37	0,70	26,80	36,42	1507,55
164	01.08.2025 18:09:43	18,34	0,71	26,82	36,42	1507,48
165	01.08.2025 18:09:44	18,31	0,75	26,81	36,39	1507,40
166	01.08.2025 18:09:45	18,28	0,76	26,83	36,39	1507,33
167	01.08.2025 18:09:46	18,25	0,78	26,85	36,39	1507,27
168	01.08.2025 18:09:47	18,22	0,80	26,87	36,39	1507,20
169	01.08.2025 18:09:48	18,22	0,81	26,87	36,39	1507,21
170	01.08.2025 18:09:49	18,20	0,85	26,87	36,36	1507,12
171	01.08.2025 18:09:50	18,20	0,87	26,87	36,36	1507,12
172	01.08.2025 18:09:51	18,17	0,88	26,86	36,33	1507,03
173	01.08.2025 18:09:52	18,14	0,88	26,86	36,30	1506,94
174	01.08.2025 18:09:53	18,11	0,91	26,84	36,25	1506,83
175	01.08.2025 18:09:54	18,11	0,91	26,81	36,22	1506,80
176	01.08.2025 18:09:55	18,05	0,93	26,81	36,17	1506,62
177	01.08.2025 18:09:56	18,02	0,94	26,78	36,11	1506,50
178	01.08.2025 18:09:57	17,99	0,98	26,78	36,09	1506,42
179	01.08.2025 18:09:58	17,93	0,98	26,66	35,90	1506,10
180	01.08.2025 18:09:59	17,87	0,99	26,61	35,79	1505,87
181	01.08.2025 18:10:00	17,78	1,00	26,53	35,63	1505,51
182	01.08.2025 18:10:01	17,69	1,02	26,48	35,49	1505,18
183	01.08.2025 18:10:02	17,60	1,01	26,45	35,38	1504,87
184	01.08.2025 18:10:03	17,48	1,06	26,46	35,30	1504,53
185	01.08.2025 18:10:04	17,36	1,07	26,42	35,16	1504,12
186	01.08.2025 18:10:05	17,27	1,10	26,41	35,08	1503,84
187	01.08.2025 18:10:06	17,18	1,13	26,45	35,05	1503,61
188	01.08.2025 18:10:07	17,09	1,16	26,44	34,97	1503,33
189	01.08.2025 18:10:08	16,97	1,18	26,42	34,86	1502,94
190	01.08.2025 18:10:09	16,88	1,21	26,41	34,78	1502,66
191	01.08.2025 18:10:10	16,79	1,22	26,45	34,75	1502,42
192	01.08.2025 18:10:11	16,67	1,23	26,50	34,72	1502,11
193	01.08.2025 18:10:12	16,61	1,25	26,54	34,72	1501,97
194	01.08.2025 18:10:13	16,55	1,26	26,58	34,71	1501,83
195	01.08.2025 18:10:14	16,49	1,26	26,59	34,69	1501,66
196	01.08.2025 18:10:15	16,46	1,26	26,61	34,69	1501,59
197	01.08.2025 18:10:16	16,40	1,25	26,65	34,68	1501,45
198	01.08.2025 18:10:17	16,37	1,25	26,67	34,68	1501,38
199	01.08.2025 18:10:18	16,34	1,25	26,69	34,68	1501,30
200	01.08.2025 18:10:19	16,34	1,25	26,69	34,68	1501,30
201	01.08.2025 18:10:20	16,31	1,23	26,69	34,65	1501,20
202	01.08.2025 18:10:21	16,31	1,23	26,73	34,71	1501,26
203	01.08.2025 18:10:22	16,28	1,23	26,78	34,73	1501,21
204	01.08.2025 18:10:23	16,28	1,21	26,78	34,73	1501,21
205	01.08.2025 18:10:24	16,25	1,23	26,80	34,73	1501,14
206	01.08.2025 18:10:25	16,25	1,23	26,77	34,71	1501,11
207	01.08.2025 18:10:26	16,22	1,24	26,75	34,65	1500,99
208	01.08.2025 18:10:27	16,16	1,24	26,63	34,46	1500,66
209	01.08.2025 18:10:28	16,07	1,22	26,50	34,25	1500,22
210	01.08.2025 18:10:29	15,88	1,25	26,53	34,14	1499,68
211	01.08.2025 18:10:30	15,73	1,27	26,44	33,92	1499,10
212	01.08.2025 18:10:31	15,52	1,28	26,51	33,83	1498,51
213	01.08.2025 18:10:32	15,34	1,33	26,60	33,80	1498,04
214	01.08.2025 18:10:33	15,22	1,35	26,66	33,77	1497,72
215	01.08.2025 18:10:34	15,12	1,35	26,74	33,80	1497,52
216	01.08.2025 18:10:35	15,03	1,35	26,83	33,82	1497,32
217	01.08.2025 18:10:36	15,00	1,34	26,85	33,82	1497,25
218	01.08.2025 18:10:37	14,94	1,34	26,89	33,82	1497,10
219	01.08.2025 18:10:38	14,91	1,34	26,91	33,82	1497,02
220	01.08.2025 18:10:39	14,88	1,34	26,91	33,79	1496,92
221	01.08.2025 18:10:40	14,82	1,35	26,95	33,79	1496,77
222	01.08.2025 18:10:41	14,76	1,35	26,99	33,79	1496,62
223	01.08.2025 18:10:42	14,73	1,35	26,99	33,76	1496,51
224	01.08.2025 18:10:43	14,67	1,36	27,03	33,76	1496,37
225	01.08.2025 18:10:44	14,63	1,34	27,05	33,76	1496,29
226	01.08.2025 18:10:45	14,57	1,36	27,09	33,76	1496,14
227	01.08.2025 18:10:46	14,54	1,36	27,11	33,76	1496,06
228	01.08.2025 18:10:47	14,51	1,37	27,15	33,78	1496,02
229	01.08.2025 18:10:48	14,48	1,37	27,17	33,78	1495,94
230	01.08.2025 18:10:49	14,45	1,37	27,22	33,81	1495,89
231	01.08.2025 18:10:50	14,42	1,37	27,24	33,81	1495,81
232	01.08.2025 18:10:51	14,42	1,35	27,24	33,81	1495,81
233	01.08.2025 18:10:52	14,39	1,37	27,24	33,78	1495,71
234	01.08.2025 18:10:53	14,36	1,37	27,26	33,78	1495,63
235	01.08.2025 18:10:54	14,33	1,38	27,28	33,78	1495,56
236	01.08.2025 18:10:55	14,30	1,38	27,30	33,78	1495,48
237	01.08.2025 18:10:56	14,24	1,36	27,34	33,78	1495,33
238	01.08.2025 18:10:57	14,20	1,39	27,39	33,80	1495,28
239	01.08.2025 18:10:58	14,17	1,39	27,53	33,94	1495,35
240	01.08.2025 18:10:59	14,14	1,39	27,62	34,02	1495,36
241	01.08.2025 18:11:00	14,11	1,41	27,62	33,99	1495,26
242	01.08.2025 18:11:01	14,08	1,41	27,59	33,93	1495,12
243	01.08.2025 18:11:02	14,02	1,40	27,56	33,85	1494,88
244	01.08.2025 18:11:03	13,96	1,42	27,56	33,80	1494,67
245	01.08.2025 18:11:04	13,90	1,43	27,58	33,77	1494,49
246	01.08.2025 18:11:05	13,83	1,43	27,57	33,71	1494,28
247	01.08.2025 18:11:06	13,80	1,43	27,50	33,61	1494,08
248	01.08.2025 18:11:07	13,71	1,41	27,39	33,42	1493,64
249	01.08.2025 18:11:08	13,55	1,42	27,13	33,01	1492,81
250	01.08.2025 18:11:09	13,40	1,41	26,90	32,63	1492,01
251	01.08.2025 18:11:10	13,18	1,43	26,70	32,25	1491,04
252	01.08.2025 18:11:11	12,93	1,46	26,60	31,95	1490,07
253	01.08.2025 18:11:12	12,71	1,48	26,45	31,62	1489,14
254	01.08.2025 18:11:13	12,46	1,50	26,38	31,35	1488,18
255	01.08.2025 18:11:14	12,27	1,51	26,30	31,13	1487,44
256	01.08.2025 18:11:15	12,05	1,57	26,35	31,02	1486,74
257	01.08.2025 18:11:16	11,86	1,58	26,30	30,82	1486,01
258	01.08.2025 18:11:17	11,73	1,59	26,14	30,55	1485,36
259	01.08.2025 18:11:18	11,58	1,62	25,97	30,25	1484,59
260	01.08.2025 18:11:19	11,42	1,63	25,79	29,96	1483,82
261	01.08.2025 18:11:20	11,32	1,64	25,81	29,90	1483,49
262	01.08.2025 18:11:21	11,19	1,67	25,92	29,92	1483,18
263	01.08.2025 18:11:22	11,10	1,70	25,96	29,89	1482,89
264	01.08.2025 18:11:23	11,03	1,72	26,00	29,89	1482,71
265	01.08.2025 18:11:24	10,94	1,71	25,96	29,78	1482,32
266	01.08.2025 18:11:25	10,84	1,71	25,95	29,70	1481,95
267	01.08.2025 18:11:26	10,74	1,72	26,04	29,72	1481,72
268	01.08.2025 18:11:27	10,61	1,75	26,16	29,75	1481,40
269	01.08.2025 18:11:28	10,52	1,78	26,23	29,74	1481,13
270	01.08.2025 18:11:29	10,42	1,79	26,27	29,72	1480,83
271	01.08.2025 18:11:30	10,36	1,79	26,23	29,63	1480,55
272	01.08.2025 18:11:31	10,26	1,80	26,25	29,58	1480,22
273	01.08.2025 18:11:32	10,16	1,83	26,32	29,58	1479,95
274	01.08.2025 18:11:33	10,06	1,83	26,36	29,55	1479,64
275	01.08.2025 18:11:34	10,00	1,86	26,41	29,54	1479,46
276	01.08.2025 18:11:35	9,90	1,87	26,53	29,60	1479,26
277	01.08.2025 18:11:36	9,83	1,89	26,60	29,62	1479,11
278	01.08.2025 18:11:37	9,80	1,90	26,70	29,70	1479,12
279	01.08.2025 18:11:38	9,77	1,94	26,78	29,75	1479,09
280	01.08.2025 18:11:39	9,70	1,92	26,83	29,75	1478,91
281	01.08.2025 18:11:40	9,67	1,93	26,77	29,67	1478,72
282	01.08.2025 18:11:41	9,61	1,93	26,79	29,64	1478,50
283	01.08.2025 18:11:42	9,51	1,96	26,78	29,56	1478,12
284	01.08.2025 18:11:43	9,41	1,97	26,83	29,53	1477,81
285	01.08.2025 18:11:44	9,31	1,99	26,87	29,50	1477,50
286	01.08.2025 18:11:45	9,21	2,00	26,94	29,50	1477,22
287	01.08.2025 18:11:46	9,11	2,03	26,99	29,47	1476,91
288	01.08.2025 18:11:47	9,01	2,04	27,03	29,44	1476,60
289	01.08.2025 18:11:48	8,91	2,05	27,05	29,38	1476,24
290	01.08.2025 18:11:49	8,81	2,07	27,10	29,36	1475,93
291	01.08.2025 18:11:50	8,71	2,10	27,09	29,27	1475,54
292	01.08.2025 18:11:51	8,61	2,11	27,03	29,14	1475,09
293	01.08.2025 18:11:52	8,48	2,10	26,79	28,81	1474,28
294	01.08.2025 18:11:53	8,28	2,13	26,92	28,78	1473,67
295	01.08.2025 18:11:54	8,18	2,16	26,93	28,72	1473,31
296	01.08.2025 18:11:55	8,04	2,19	26,98	28,67	1472,85
297	01.08.2025 18:11:56	7,94	2,22	27,05	28,66	1472,56
298	01.08.2025 18:11:57	7,84	2,25	27,10	28,63	1472,23
299	01.08.2025 18:11:58	7,74	2,24	27,15	28,60	1471,90
300	01.08.2025 18:11:59	7,67	2,28	27,09	28,50	1471,56
301	01.08.2025 18:12:00	7,60	2,29	27,03	28,39	1471,22
302	01.08.2025 18:12:01	7,50	2,30	27,13	28,41	1470,96
303	01.08.2025 18:12:02	7,40	2,33	27,18	28,38	1470,62
304	01.08.2025 18:12:03	7,30	2,33	27,14	28,27	1470,17
305	01.08.2025 18:12:04	7,20	2,36	27,25	28,29	1469,91
306	01.08.2025 18:12:05	7,09	2,39	27,30	28,27	1469,57
307	01.08.2025 18:12:06	7,02	2,38	27,35	28,26	1469,36
308	01.08.2025 18:12:07	6,96	2,42	27,38	28,24	1469,13
309	01.08.2025 18:12:08	6,89	2,43	27,40	28,21	1468,89
310	01.08.2025 18:12:09	6,82	2,43	27,43	28,18	1468,65
311	01.08.2025 18:12:10	6,75	2,44	27,48	28,18	1468,44
312	01.08.2025 18:12:11	6,65	2,47	27,62	28,23	1468,21
313	01.08.2025 18:12:12	6,58	2,50	27,73	28,28	1468,08
314	01.08.2025 18:12:13	6,51	2,50	27,75	28,25	1467,83
315	01.08.2025 18:12:14	6,44	2,53	27,81	28,25	1467,63
316	01.08.2025 18:12:15	6,37	2,55	27,72	28,11	1467,24
317	01.08.2025 18:12:16	6,30	2,56	27,65	28,00	1466,88
318	01.08.2025 18:12:17	6,19	2,57	27,71	27,98	1466,53
319	01.08.2025 18:12:18	6,09	2,60	27,79	27,97	1466,21
320	01.08.2025 18:12:19	6,02	2,62	27,76	27,89	1465,89
321	01.08.2025 18:12:20	5,95	2,61	27,69	27,78	1465,53
322	01.08.2025 18:12:21	5,88	2,66	27,78	27,81	1465,36
323	01.08.2025 18:12:22	5,77	2,67	27,77	27,72	1464,93
324	01.08.2025 18:12:23	5,70	2,69	27,68	27,59	1464,52
325	01.08.2025 18:12:24	5,63	2,68	27,53	27,40	1464,04
326	01.08.2025 18:12:25	5,49	2,71	27,43	27,21	1463,34
327	01.08.2025 18:12:26	5,35	2,71	27,34	27,01	1462,63
328	01.08.2025 18:12:27	5,17	2,75	27,45	26,99	1462,05
329	01.08.2025 18:12:28	5,07	2,80	27,53	26,98	1461,72
330	01.08.2025 18:12:29	4,96	2,83	27,77	27,11	1461,59
331	01.08.2025 18:12:30	4,92	2,84	27,89	27,19	1461,59
332	01.08.2025 18:12:31	4,89	2,86	27,80	27,08	1461,33
333	01.08.2025 18:12:32	4,82	2,84	27,73	26,98	1460,94
334	01.08.2025 18:12:33	4,74	2,88	27,70	26,89	1460,61
335	01.08.2025 18:12:34	4,64	2,88	27,63	26,76	1460,07
336	01.08.2025 18:12:35	4,53	2,91	27,72	26,75	1459,74
337	01.08.2025 18:12:36	4,42	2,92	27,87	26,80	1459,47
338	01.08.2025 18:12:37	4,38	2,95	27,84	26,75	1459,29
339	01.08.2025 18:12:38	4,31	2,97	28,02	26,86	1459,22
340	01.08.2025 18:12:39	4,27	3,02	28,17	26,96	1459,27
341	01.08.2025 18:12:40	4,27	3,02	28,14	26,94	1459,23
342	01.08.2025 18:12:41	4,24	3,02	28,14	26,91	1459,08
343	01.08.2025 18:12:42	4,20	3,03	28,08	26,83	1458,85
344	01.08.2025 18:12:43	4,13	3,05	28,14	26,83	1458,62
345	01.08.2025 18:12:44	4,09	3,06	28,17	26,82	1458,50
346	01.08.2025 18:12:45	4,02	3,09	28,20	26,80	1458,24
347	01.08.2025 18:12:46	3,98	3,11	28,20	26,77	1458,09
348	01.08.2025 18:12:47	3,91	3,11	28,23	26,74	1457,81
349	01.08.2025 18:12:48	3,87	3,14	28,20	26,68	1457,62
350	01.08.2025 18:12:49	3,80	3,15	28,23	26,66	1457,35
351	01.08.2025 18:12:50	3,76	3,17	28,23	26,63	1457,19
352	01.08.2025 18:12:51	3,73	3,20	28,23	26,60	1457,04
353	01.08.2025 18:12:52	3,65	3,21	28,26	26,57	1456,77
354	01.08.2025 18:12:53	3,62	3,23	28,29	26,57	1456,65
355	01.08.2025 18:12:54	3,58	3,25	28,29	26,54	1456,50
356	01.08.2025 18:12:55	3,50	3,28	28,32	26,52	1456,23
357	01.08.2025 18:12:56	3,47	3,29	28,32	26,49	1456,07
358	01.08.2025 18:12:57	3,43	3,31	28,41	26,54	1456,04
359	01.08.2025 18:12:58	3,36	3,32	28,41	26,48	1455,72
360	01.08.2025 18:12:59	3,32	3,34	28,41	26,46	1455,56
361	01.08.2025 18:13:00	3,28	3,35	28,47	26,48	1455,49
362	01.08.2025 18:13:01	3,25	3,39	28,54	26,51	1455,41
363	01.08.2025 18:13:02	3,21	3,40	28,60	26,54	1455,34
364	01.08.2025 18:13:03	3,17	3,42	28,66	26,56	1455,26
365	01.08.2025 18:13:04	3,17	3,45	28,73	26,61	1455,35
366	01.08.2025 18:13:05	3,17	3,47	28,82	26,70	1455,48
367	01.08.2025 18:13:06	3,17	3,49	28,82	26,70	1455,48
368	01.08.2025 18:13:07	3,17	3,49	28,73	26,61	1455,36
369	01.08.2025 18:13:08	3,13	3,52	28,70	26,56	1455,16
370	01.08.2025 18:13:09	3,10	3,54	28,63	26,48	1454,92
371	01.08.2025 18:13:10	3,06	3,57	28,60	26,42	1454,72
372	01.08.2025 18:13:11	2,98	3,57	28,60	26,37	1454,40
373	01.08.2025 18:13:12	2,95	3,60	28,63	26,37	1454,28
374	01.08.2025 18:13:13	2,87	3,63	28,70	26,37	1454,04
375	01.08.2025 18:13:14	2,84	3,65	28,66	26,31	1453,84
376	01.08.2025 18:13:15	2,80	3,68	28,70	26,31	1453,73
377	01.08.2025 18:13:16	2,76	3,69	28,73	26,31	1453,61
378	01.08.2025 18:13:17	2,72	3,73	28,73	26,28	1453,45
379	01.08.2025 18:13:18	2,68	3,74	28,73	26,25	1453,29
380	01.08.2025 18:13:19	2,65	3,76	28,73	26,23	1453,12
381	01.08.2025 18:13:20	2,61	3,77	28,73	26,20	1452,96
382	01.08.2025 18:13:21	2,57	3,81	28,80	26,23	1452,89
383	01.08.2025 18:13:22	2,53	3,82	28,86	26,25	1452,81
384	01.08.2025 18:13:23	2,50	3,85	28,80	26,17	1452,57
385	01.08.2025 18:13:24	2,46	3,87	28,86	26,20	1452,49
386	01.08.2025 18:13:25	2,46	3,91	28,80	26,14	1452,41
387	01.08.2025 18:13:26	2,42	3,92	28,80	26,11	1452,24
388	01.08.2025 18:13:27	2,38	3,95	28,86	26,14	1452,17
389	01.08.2025 18:13:28	2,34	3,97	28,90	26,14	1452,05
390	01.08.2025 18:13:29	2,31	4,00	29,26	26,41	1452,36
391	01.08.2025 18:13:30	2,27	4,02	29,26	26,38	1452,20
392	01.08.2025 18:13:31	2,27	4,04	29,19	26,33	1452,11
393	01.08.2025 18:13:32	2,23	4,05	29,19	26,30	1451,95
394	01.08.2025 18:13:33	2,15	4,06	29,16	26,22	1451,58
395	01.08.2025 18:13:34	2,12	4,10	29,16	26,19	1451,41
396	01.08.2025 18:13:35	2,04	4,13	29,20	26,16	1451,13
397	01.08.2025 18:13:36	2,00	4,16	29,23	26,16	1451,01
398	01.08.2025 18:13:37	1,96	4,18	29,23	26,13	1450,84
399	01.08.2025 18:13:38	1,93	4,19	29,37	26,21	1450,85
400	01.08.2025 18:13:39	1,89	4,23	29,40	26,21	1450,73
401	01.08.2025 18:13:40	1,85	4,26	29,44	26,21	1450,61
402	01.08.2025 18:13:41	1,81	4,29	29,74	26,42	1450,84
403	01.08.2025 18:13:42	1,81	4,31	29,80	26,48	1450,93
404	01.08.2025 18:13:43	1,81	4,31	29,84	26,50	1450,98
405	01.08.2025 18:13:44	1,81	4,34	29,87	26,53	1451,02
406	01.08.2025 18:13:45	1,81	4,36	29,97	26,61	1451,16
407	01.08.2025 18:13:46	1,81	4,40	29,94	26,58	1451,12
408	01.08.2025 18:13:47	1,81	4,41	29,94	26,58	1451,12
409	01.08.2025 18:13:48	1,77	4,45	29,90	26,53	1450,92
410	01.08.2025 18:13:49	1,77	4,45	29,90	26,53	1450,92
411	01.08.2025 18:13:50	1,77	4,46	29,84	26,48	1450,83
412	01.08.2025 18:13:51	1,73	4,48	29,81	26,42	1450,62
413	01.08.2025 18:13:52	1,73	4,48	29,71	26,34	1450,49
414	01.08.2025 18:13:53	1,73	4,50	29,64	26,29	1450,40
415	01.08.2025 18:13:54	1,70	4,51	29,64	26,26	1450,24
416	01.08.2025 18:13:55	1,70	4,53	29,54	26,18	1450,11
417	01.08.2025 18:13:56	1,70	4,53	29,51	26,15	1450,06
418	01.08.2025 18:13:57	1,70	4,57	29,51	26,15	1450,07
419	01.08.2025 18:13:58	1,66	4,56	29,54	26,15	1449,94
420	01.08.2025 18:13:59	1,66	4,58	29,54	26,15	1449,94
421	01.08.2025 18:14:00	1,66	4,60	29,54	26,15	1449,95
422	01.08.2025 18:14:01	1,62	4,61	29,55	26,12	1449,78
423	01.08.2025 18:14:02	1,62	4,63	29,58	26,15	1449,83
424	01.08.2025 18:14:03	1,62	4,65	29,58	26,15	1449,83
425	01.08.2025 18:14:04	1,62	4,67	29,58	26,15	1449,83
426	01.08.2025 18:14:05	1,58	4,68	29,58	26,12	1449,66
427	01.08.2025 18:14:06	1,58	4,70	29,61	26,15	1449,71
428	01.08.2025 18:14:07	1,58	4,73	29,58	26,12	1449,67
429	01.08.2025 18:14:08	1,58	4,75	29,61	26,15	1449,72
430	01.08.2025 18:14:09	1,54	4,77	29,65	26,15	1449,60
431	01.08.2025 18:14:10	1,54	4,80	29,65	26,15	1449,60
432	01.08.2025 18:14:11	1,54	4,82	29,61	26,12	1449,56
433	01.08.2025 18:14:12	1,54	4,84	29,61	26,12	1449,56
434	01.08.2025 18:14:13	1,54	4,85	29,61	26,12	1449,56
435	01.08.2025 18:14:14	1,50	4,89	29,65	26,12	1449,44
436	01.08.2025 18:14:15	1,50	4,90	29,62	26,09	1449,40
437	01.08.2025 18:14:16	1,50	4,94	29,62	26,09	1449,41
438	01.08.2025 18:14:17	1,46	4,96	29,65	26,09	1449,28
439	01.08.2025 18:14:18	1,46	4,99	29,62	26,07	1449,24
440	01.08.2025 18:14:19	1,46	5,01	29,62	26,07	1449,25
441	01.08.2025 18:14:20	1,42	5,04	29,65	26,07	1449,12
442	01.08.2025 18:14:21	1,42	5,08	29,62	26,04	1449,08
443	01.08.2025 18:14:22	1,42	5,09	29,58	26,01	1449,04
444	01.08.2025 18:14:23	1,39	5,13	29,65	26,04	1448,97
445	01.08.2025 18:14:24	1,39	5,14	29,62	26,01	1448,92
446	01.08.2025 18:14:25	1,39	5,16	29,65	26,04	1448,97
447	01.08.2025 18:14:26	1,35	5,19	29,69	26,04	1448,85
448	01.08.2025 18:14:27	1,35	5,23	29,66	26,01	1448,81
449	01.08.2025 18:14:28	1,35	5,25	29,66	26,01	1448,81
450	01.08.2025 18:14:29	1,35	5,28	29,62	25,98	1448,77
451	01.08.2025 18:14:30	1,31	5,30	29,66	25,98	1448,65
452	01.08.2025 18:14:31	1,31	5,31	29,62	25,96	1448,61
453	01.08.2025 18:14:32	1,31	5,35	29,62	25,96	1448,61
454	01.08.2025 18:14:33	1,31	5,38	29,62	25,96	1448,62
455	01.08.2025 18:14:34	1,31	5,40	29,62	25,96	1448,62
456	01.08.2025 18:14:35	1,27	5,44	29,66	25,96	1448,50
457	01.08.2025 18:14:36	1,27	5,45	29,66	25,96	1448,50
458	01.08.2025 18:14:37	1,27	5,49	29,66	25,96	1448,50
459	01.08.2025 18:14:38	1,27	5,51	29,66	25,96	1448,51
460	01.08.2025 18:14:39	1,27	5,52	29,66	25,96	1448,51
461	01.08.2025 18:14:40	1,23	5,56	29,69	25,95	1448,39
462	01.08.2025 18:14:41	1,23	5,57	29,66	25,93	1448,34
463	01.08.2025 18:14:42	1,23	5,63	29,66	25,93	1448,35
464	01.08.2025 18:14:43	1,23	5,64	29,66	25,93	1448,36
465	01.08.2025 18:14:44	1,19	5,68	29,66	25,90	1448,19
466	01.08.2025 18:14:45	1,19	5,69	29,59	25,85	1448,10
467	01.08.2025 18:14:46	1,19	5,73	29,56	25,82	1448,06
468	01.08.2025 18:14:47	1,15	5,76	29,60	25,82	1447,94
469	01.08.2025 18:14:48	1,11	5,78	29,60	25,79	1447,77
470	01.08.2025 18:14:49	1,11	5,83	29,56	25,76	1447,73
471	01.08.2025 18:14:50	1,07	5,83	29,57	25,74	1447,55
472	01.08.2025 18:14:51	1,07	5,88	29,57	25,74	1447,56
473	01.08.2025 18:14:52	1,04	5,89	29,60	25,74	1447,44
474	01.08.2025 18:14:53	1,04	5,91	29,60	25,74	1447,44
475	01.08.2025 18:14:54	1,04	5,95	29,57	25,71	1447,40
476	01.08.2025 18:14:55	1,00	5,98	29,60	25,71	1447,27
477	01.08.2025 18:14:56	1,00	6,00	29,60	25,71	1447,28
478	01.08.2025 18:14:57	1,00	6,02	29,60	25,71	1447,28
479	01.08.2025 18:14:58	0,96	6,05	29,64	25,71	1447,15
480	01.08.2025 18:14:59	0,96	6,07	29,64	25,71	1447,16
481	01.08.2025 18:15:00	0,96	6,10	29,64	25,71	1447,16
482	01.08.2025 18:15:01	0,92	6,12	29,68	25,71	1447,04
483	01.08.2025 18:15:02	0,92	6,13	29,67	25,71	1447,04
484	01.08.2025 18:15:03	0,92	6,15	29,64	25,68	1446,99
485	01.08.2025 18:15:04	0,92	6,19	29,64	25,68	1447,00
486	01.08.2025 18:15:05	0,88	6,18	29,68	25,68	1446,87
487	01.08.2025 18:15:06	0,88	6,20	29,68	25,68	1446,87
488	01.08.2025 18:15:07	0,88	6,20	29,68	25,68	1446,87
489	01.08.2025 18:15:08	0,88	6,22	29,68	25,68	1446,88
490	01.08.2025 18:15:09	0,88	6,24	29,68	25,68	1446,88
491	01.08.2025 18:15:10	0,88	6,24	29,68	25,68	1446,88
492	01.08.2025 18:15:11	0,84	6,27	29,71	25,68	1446,75
493	01.08.2025 18:15:12	0,84	6,25	29,71	25,68	1446,75
494	01.08.2025 18:15:13	0,84	6,27	29,71	25,68	1446,75
495	01.08.2025 18:15:14	0,84	6,27	29,71	25,68	1446,75
496	01.08.2025 18:15:15	0,84	6,27	29,71	25,68	1446,75
497	01.08.2025 18:15:16	0,84	6,29	29,71	25,68	1446,76
498	01.08.2025 18:15:17	0,84	6,30	29,71	25,68	1446,76
499	01.08.2025 18:15:18	0,80	6,30	29,75	25,68	1446,63
500	01.08.2025 18:15:19	0,80	6,30	29,75	25,68	1446,63
501	01.08.2025 18:15:20	0,80	6,32	29,75	25,68	1446,63
502	01.08.2025 18:15:21	0,80	6,30	29,75	25,68	1446,63
503	01.08.2025 18:15:22	0,80	6,32	29,75	25,68	1446,63
504	01.08.2025 18:15:23	0,80	6,32	29,75	25,68	1446,63
505	01.08.2025 18:15:24	0,80	6,32	29,75	25,68	1446,63
506	01.08.2025 18:15:25	0,80	6,32	29,78	25,70	1446,68
507	01.08.2025 18:15:26	0,80	6,32	29,75	25,68	1446,63
508	01.08.2025 18:15:27	0,80	6,34	29,75	25,68	1446,63
509	01.08.2025 18:15:28	0,76	6,33	29,82	25,70	1446,55
510	01.08.2025 18:15:29	0,76	6,33	29,82	25,70	1446,55
511	01.08.2025 18:15:30	0,76	6,33	29,82	25,70	1446,55
512	01.08.2025 18:15:31	0,76	6,33	29,79	25,68	1446,50
513	01.08.2025 18:15:32	0,76	6,33	29,82	25,70	1446,55
514	01.08.2025 18:15:33	0,76	6,32	29,82	25,70	1446,54
515	01.08.2025 18:15:34	0,76	6,33	29,82	25,70	1446,55
516	01.08.2025 18:15:35	0,76	6,33	29,82	25,70	1446,55
517	01.08.2025 18:15:36	0,76	6,33	29,79	25,68	1446,50
518	01.08.2025 18:15:37	0,76	6,33	29,82	25,70	1446,55
519	01.08.2025 18:15:38	0,76	6,33	29,82	25,70	1446,55
520	01.08.2025 18:15:39	0,76	6,33	29,82	25,70	1446,55
521	01.08.2025 18:15:40	0,76	6,33	29,79	25,68	1446,50
522	01.08.2025 18:15:41	0,76	6,35	29,79	25,68	1446,50
523	01.08.2025 18:15:42	0,72	6,35	29,86	25,70	1446,42
524	01.08.2025 18:15:43	0,72	6,33	29,86	25,70	1446,42
525	01.08.2025 18:15:44	0,72	6,33	29,86	25,70	1446,42
526	01.08.2025 18:15:45	0,72	6,33	29,86	25,70	1446,42
527	01.08.2025 18:15:46	0,72	6,35	29,86	25,70	1446,42
528	01.08.2025 18:15:47	0,72	6,35	29,82	25,68	1446,37
529	01.08.2025 18:15:48	0,72	6,35	29,86	25,70	1446,42
530	01.08.2025 18:15:49	0,72	6,33	29,86	25,70	1446,42
531	01.08.2025 18:15:50	0,72	6,35	29,82	25,68	1446,37
532	01.08.2025 18:15:51	0,72	6,33	29,86	25,70	1446,42
533	01.08.2025 18:15:52	0,72	6,33	29,86	25,70	1446,42
534	01.08.2025 18:15:53	0,72	6,35	29,82	25,68	1446,37
535	01.08.2025 18:15:54	0,72	6,33	29,86	25,70	1446,42
536	01.08.2025 18:15:55	0,72	6,33	29,86	25,70	1446,42
537	01.08.2025 18:15:56	0,72	6,33	29,86	25,70	1446,42
538	01.08.2025 18:15:57	0,72	6,33	29,86	25,70	1446,42
539	01.08.2025 18:15:58	0,72	6,33	29,82	25,68	1446,37
540	01.08.2025 18:15:59	0,72	6,32	29,82	25,68	1446,37
541	01.08.2025 18:16:00	0,72	6,33	29,86	25,70	1446,42
542	01.08.2025 18:16:01	0,72	6,33	29,86	25,70	1446,42
543	01.08.2025 18:16:02	0,72	6,33	29,86	25,70	1446,42
544	01.08.2025 18:16:03	0,72	6,33	29,86	25,70	1446,42
545	01.08.2025 18:16:04	0,72	6,32	29,86	25,70	1446,41
546	01.08.2025 18:16:05	0,72	6,32	29,86	25,70	1446,41
547	01.08.2025 18:16:06	0,68	6,31	29,89	25,70	1446,28
548	01.08.2025 18:16:07	0,72	6,32	29,86	25,70	1446,41
549	01.08.2025 18:16:08	0,72	6,32	29,86	25,70	1446,41
550	01.08.2025 18:16:09	0,72	6,32	29,82	25,68	1446,37
551	01.08.2025 18:16:10	0,68	6,31	29,89	25,70	1446,28
552	01.08.2025 18:16:11	0,68	6,31	29,89	25,70	1446,28
553	01.08.2025 18:16:12	0,68	6,30	29,89	25,70	1446,28
554	01.08.2025 18:16:13	0,68	6,31	29,86	25,67	1446,24
555	01.08.2025 18:16:14	0,68	6,28	29,86	25,67	1446,23
556	01.08.2025 18:16:15	0,68	6,30	29,86	25,67	1446,23
557	01.08.2025 18:16:16	0,68	6,30	29,89	25,70	1446,28
558	01.08.2025 18:16:17	0,68	6,28	29,86	25,67	1446,23
559	01.08.2025 18:16:18	0,68	6,28	29,89	25,70	1446,28
560	01.08.2025 18:16:19	0,68	6,28	29,89	25,70	1446,28
561	01.08.2025 18:16:20	0,68	6,28	29,89	25,70	1446,28
562	01.08.2025 18:16:21	0,68	6,28	29,89	25,70	1446,28
563	01.08.2025 18:16:22	0,68	6,30	29,89	25,70	1446,28
564	01.08.2025 18:16:23	0,68	6,28	29,89	25,70	1446,28
565	01.08.2025 18:16:24	0,68	6,28	29,89	25,70	1446,28
566	01.08.2025 18:16:25	0,68	6,28	29,89	25,70	1446,28
567	01.08.2025 18:16:26	0,68	6,28	29,89	25,70	1446,28
568	01.08.2025 18:16:27	0,68	6,28	29,89	25,70	1446,28
569	01.08.2025 18:16:28	0,68	6,26	29,89	25,70	1446,27
570	01.08.2025 18:16:29	0,68	6,26	29,89	25,70	1446,27
571	01.08.2025 18:16:30	0,68	6,26	29,89	25,70	1446,27
572	01.08.2025 18:16:31	0,68	6,28	29,89	25,70	1446,28
573	01.08.2025 18:16:32	0,68	6,26	29,89	25,70	1446,27
574	01.08.2025 18:16:33	0,68	6,26	29,89	25,70	1446,27
575	01.08.2025 18:16:34	0,68	6,28	29,89	25,70	1446,28
576	01.08.2025 18:16:35	0,68	6,26	29,89	25,70	1446,27
577	01.08.2025 18:16:36	0,68	6,28	29,89	25,70	1446,28
578	01.08.2025 18:16:37	0,68	6,28	29,89	25,70	1446,28
579	01.08.2025 18:16:38	0,68	6,28	29,89	25,70	1446,28
580	01.08.2025 18:16:39	0,68	6,28	29,89	25,70	1446,28
581	01.08.2025 18:16:40	0,68	6,28	29,89	25,70	1446,28
582	01.08.2025 18:16:41	0,68	6,28	29,89	25,70	1446,28
583	01.08.2025 18:16:42	0,68	6,28	29,89	25,70	1446,28
584	01.08.2025 18:16:43	0,68	6,28	29,89	25,70	1446,28
585	01.08.2025 18:16:44	0,68	6,28	29,89	25,70	1446,28
586	01.08.2025 18:16:45	0,68	6,28	29,89	25,70	1446,28
587	01.08.2025 18:16:46	0,68	6,28	29,89	25,70	1446,28
588	01.08.2025 18:16:47	0,68	6,28	29,89	25,70	1446,28
589	01.08.2025 18:16:48	0,68	6,28	29,89	25,70	1446,28
590	01.08.2025 18:16:49	0,68	6,28	29,89	25,70	1446,28
591	01.08.2025 18:16:50	0,68	6,26	29,89	25,70	1446,27
592	01.08.2025 18:16:51	0,68	6,28	29,89	25,70	1446,28
593	01.08.2025 18:16:52	0,68	6,26	29,89	25,70	1446,27
594	01.08.2025 18:16:53	0,68	6,28	29,89	25,70	1446,28
595	01.08.2025 18:16:54	0,68	6,28	29,89	25,70	1446,28
596	01.08.2025 18:16:55	0,68	6,28	29,89	25,70	1446,28
597	01.08.2025 18:16:56	0,68	6,28	29,89	25,70	1446,28
598	01.08.2025 18:16:57	0,68	6,30	29,89	25,70	1446,28
599	01.08.2025 18:16:58	0,68	6,28	29,89	25,70	1446,28
600	01.08.2025 18:16:59	0,68	6,28	29,89	25,70	1446,28
601	01.08.2025 18:17:00	0,68	6,28	29,89	25,70	1446,28
602	01.08.2025 18:17:01	0,68	6,30	29,89	25,70	1446,28
603	01.08.2025 18:17:02	0,68	6,28	29,89	25,70	1446,28
604	01.08.2025 18:17:03	0,68	6,28	29,89	25,70	1446,28
605	01.08.2025 18:17:04	0,68	6,28	29,89	25,70	1446,28
606	01.08.2025 18:17:05	0,68	6,28	29,89	25,70	1446,28
607	01.08.2025 18:17:06	0,68	6,26	29,89	25,70	1446,27
608	01.08.2025 18:17:07	0,68	6,28	29,89	25,70	1446,28
609	01.08.2025 18:17:08	0,68	6,28	29,89	25,70	1446,28
610	01.08.2025 18:17:09	0,68	6,28	29,89	25,70	1446,28
611	01.08.2025 18:17:10	0,68	6,26	29,89	25,70	1446,27
612	01.08.2025 18:17:11	0,68	6,28	29,89	25,70	1446,28
613	01.08.2025 18:17:12	0,68	6,28	29,89	25,70	1446,28
614	01.08.2025 18:17:13	0,68	6,30	29,89	25,70	1446,28
615	01.08.2025 18:17:14	0,68	6,28	29,89	25,70	1446,28
616	01.08.2025 18:17:15	0,68	6,28	29,86	25,67	1446,23
617	01.08.2025 18:17:16	0,68	6,28	29,89	25,70	1446,28
618	01.08.2025 18:17:17	0,68	6,30	29,89	25,70	1446,28
619	01.08.2025 18:17:18	0,68	6,28	29,89	25,70	1446,28
620	01.08.2025 18:17:19	0,68	6,28	29,93	25,73	1446,32
621	01.08.2025 18:17:20	0,68	6,30	29,89	25,70	1446,28
622	01.08.2025 18:17:21	0,68	6,30	29,89	25,70	1446,28
623	01.08.2025 18:17:22	0,68	6,28	29,89	25,70	1446,28
624	01.08.2025 18:17:23	0,68	6,30	29,89	25,70	1446,28
625	01.08.2025 18:17:24	0,68	6,28	29,89	25,70	1446,28
626	01.08.2025 18:17:25	0,68	6,26	29,89	25,70	1446,27
627	01.08.2025 18:17:26	0,68	6,28	29,93	25,73	1446,32
628	01.08.2025 18:17:27	0,68	6,24	29,90	25,70	1446,27
629	01.08.2025 18:17:28	0,68	6,24	29,90	25,70	1446,27
630	01.08.2025 18:17:29	0,68	6,24	29,90	25,70	1446,27
631	01.08.2025 18:17:30	0,68	6,23	29,93	25,73	1446,31
632	01.08.2025 18:17:31	0,68	6,23	29,90	25,70	1446,27
633	01.08.2025 18:17:32	0,68	6,23	29,90	25,70	1446,27
634	01.08.2025 18:17:33	0,68	6,23	29,93	25,73	1446,31
635	01.08.2025 18:17:34	0,68	6,23	29,90	25,70	1446,27
636	01.08.2025 18:17:35	0,68	6,23	29,90	25,70	1446,27
637	01.08.2025 18:17:36	0,68	6,21	29,90	25,70	1446,27
638	01.08.2025 18:17:37	0,68	6,23	29,90	25,70	1446,27
639	01.08.2025 18:17:38	0,68	6,23	29,93	25,73	1446,31
640	01.08.2025 18:17:39	0,68	6,23	29,93	25,73	1446,31
641	01.08.2025 18:17:40	0,68	6,23	29,93	25,73	1446,31
642	01.08.2025 18:17:41	0,68	6,23	29,90	25,70	1446,27
643	01.08.2025 18:17:42	0,68	6,21	29,93	25,73	1446,31
644	01.08.2025 18:17:43	0,68	6,21	29,93	25,73	1446,31
645	01.08.2025 18:17:44	0,68	6,21	29,93	25,73	1446,31
646	01.08.2025 18:17:45	0,68	6,21	29,90	25,70	1446,27
647	01.08.2025 18:17:46	0,68	6,21	29,93	25,73	1446,31
648	01.08.2025 18:17:47	0,68	6,23	29,93	25,73	1446,31
649	01.08.2025 18:17:48	0,68	6,21	29,93	25,73	1446,31
650	01.08.2025 18:17:49	0,68	6,21	29,93	25,73	1446,31
651	01.08.2025 18:17:50	0,68	6,21	29,93	25,73	1446,31
652	01.08.2025 18:17:51	0,68	6,21	29,93	25,73	1446,31
653	01.08.2025 18:17:52	0,68	6,23	29,93	25,73	1446,31
654	01.08.2025 18:17:53	0,68	6,23	29,93	25,73	1446,31
655	01.08.2025 18:17:54	0,68	6,21	29,93	25,73	1446,31
656	01.08.2025 18:17:55	0,68	6,23	29,93	25,73	1446,31
657	01.08.2025 18:17:56	0,68	6,23	29,93	25,73	1446,31
658	01.08.2025 18:17:57	0,68	6,23	29,93	25,73	1446,31
659	01.08.2025 18:17:58	0,68	6,23	29,93	25,73	1446,31
660	01.08.2025 18:17:59	0,68	6,23	29,93	25,73	1446,31
661	01.08.2025 18:18:00	0,68	6,23	29,93	25,73	1446,31
662	01.08.2025 18:18:01	0,68	6,23	29,93	25,73	1446,31
663	01.08.2025 18:18:02	0,68	6,23	29,93	25,73	1446,31
664	01.08.2025 18:18:03	0,68	6,23	29,93	25,73	1446,31
665	01.08.2025 18:18:04	0,68	6,24	29,93	25,73	1446,32
666	01.08.2025 18:18:05	0,68	6,23	29,93	25,73	1446,31
667	01.08.2025 18:18:06	0,68	6,24	29,93	25,73	1446,32
668	01.08.2025 18:18:07	0,68	6,23	29,93	25,73	1446,31
669	01.08.2025 18:18:08	0,68	6,24	29,93	25,73	1446,32
670	01.08.2025 18:18:09	0,68	6,23	29,93	25,73	1446,31
671	01.08.2025 18:18:10	0,68	6,24	29,93	25,73	1446,32
672	01.08.2025 18:18:11	0,68	6,24	29,93	25,73	1446,32
673	01.08.2025 18:18:12	0,68	6,24	29,93	25,73	1446,32
674	01.08.2025 18:18:13	0,68	6,24	29,93	25,73	1446,32
675	01.08.2025 18:18:14	0,68	6,24	29,93	25,73	1446,32
676	01.08.2025 18:18:15	0,68	6,24	29,93	25,73	1446,32
677	01.08.2025 18:18:16	0,68	6,26	29,93	25,73	1446,32
678	01.08.2025 18:18:17	0,68	6,26	29,96	25,76	1446,37
679	01.08.2025 18:18:18	0,68	6,26	29,93	25,73	1446,32
680	01.08.2025 18:18:19	0,68	6,28	30,03	25,81	1446,46
681	01.08.2025 18:18:20	0,68	6,26	30,17	25,92	1446,64
682	01.08.2025 18:18:21	0,68	6,24	29,96	25,76	1446,36
683	01.08.2025 18:18:22	0,68	6,24	29,96	25,76	1446,36
684	01.08.2025 18:18:23	0,72	6,23	29,93	25,76	1446,49
685	01.08.2025 18:18:24	0,72	6,24	29,93	25,76	1446,49
686	01.08.2025 18:18:25	0,72	6,23	29,93	25,76	1446,49
687	01.08.2025 18:18:26	0,72	6,23	29,96	25,78	1446,54
688	01.08.2025 18:18:27	0,72	6,23	29,93	25,76	1446,49
689	01.08.2025 18:18:28	0,72	6,23	29,96	25,78	1446,54
690	01.08.2025 18:18:29	0,72	6,23	29,93	25,76	1446,49
691	01.08.2025 18:18:30	0,72	6,21	29,93	25,76	1446,49
692	01.08.2025 18:18:31	0,72	6,19	29,93	25,76	1446,49
693	01.08.2025 18:18:32	0,72	6,21	29,93	25,76	1446,49
694	01.08.2025 18:18:33	0,72	6,21	29,93	25,76	1446,49
695	01.08.2025 18:18:34	0,72	6,21	29,93	25,76	1446,49
696	01.08.2025 18:18:35	0,72	6,21	29,93	25,76	1446,49
697	01.08.2025 18:18:36	0,72	6,19	29,93	25,76	1446,49
698	01.08.2025 18:18:37	0,72	6,21	29,93	25,76	1446,49
699	01.08.2025 18:18:38	0,72	6,21	29,93	25,76	1446,49
700	01.08.2025 18:18:39	0,72	6,21	29,93	25,76	1446,49
701	01.08.2025 18:18:40	0,72	6,21	29,93	25,76	1446,49
702	01.08.2025 18:18:41	0,72	6,21	29,93	25,76	1446,49
703	01.08.2025 18:18:42	0,72	6,23	29,93	25,76	1446,49
704	01.08.2025 18:18:43	0,72	6,23	29,93	25,76	1446,49
705	01.08.2025 18:18:44	0,72	6,21	29,93	25,76	1446,49
706	01.08.2025 18:18:45	0,72	6,23	29,93	25,76	1446,49
707	01.08.2025 18:18:46	0,72	6,21	29,93	25,76	1446,49
708	01.08.2025 18:18:47	0,72	6,21	29,93	25,76	1446,49
709	01.08.2025 18:18:48	0,72	6,21	29,93	25,76	1446,49
710	01.08.2025 18:18:49	0,72	6,21	29,93	25,76	1446,49
711	01.08.2025 18:18:50	0,72	6,21	29,93	25,76	1446,49
712	01.08.2025 18:18:51	0,72	6,21	29,93	25,76	1446,49
713	01.08.2025 18:18:52	0,72	6,21	29,93	25,76	1446,49
714	01.08.2025 18:18:53	0,72	6,23	29,93	25,76	1446,49
715	01.08.2025 18:18:54	0,72	6,23	29,93	25,76	1446,49
716	01.08.2025 18:18:55	0,72	6,23	29,93	25,76	1446,49
717	01.08.2025 18:18:56	0,72	6,23	29,93	25,76	1446,49
718	01.08.2025 18:18:57	0,72	6,23	29,93	25,76	1446,49
719	01.08.2025 18:18:58	0,72	6,23	29,93	25,76	1446,49
720	01.08.2025 18:18:59	0,72	6,23	29,93	25,76	1446,49
721	01.08.2025 18:19:00	0,72	6,24	29,93	25,76	1446,49
722	01.08.2025 18:19:01	0,72	6,23	29,93	25,76	1446,49
723	01.08.2025 18:19:02	0,72	6,23	29,93	25,76	1446,49
724	01.08.2025 18:19:03	0,72	6,24	29,93	25,76	1446,49
725	01.08.2025 18:19:04	0,72	6,23	29,93	25,76	1446,49
726	01.08.2025 18:19:05	0,72	6,24	29,93	25,76	1446,49
727	01.08.2025 18:19:06	0,72	6,23	29,93	25,76	1446,49
728	01.08.2025 18:19:07	0,72	6,24	29,93	25,76	1446,49
729	01.08.2025 18:19:08	0,72	6,24	29,93	25,76	1446,49
730	01.08.2025 18:19:09	0,72	6,24	29,93	25,76	1446,49
731	01.08.2025 18:19:10	0,72	6,23	29,93	25,76	1446,49
732	01.08.2025 18:19:11	0,72	6,24	29,93	25,76	1446,49
733	01.08.2025 18:19:12	0,72	6,23	29,93	25,76	1446,49
734	01.08.2025 18:19:13	0,72	6,24	29,93	25,76	1446,49
735	01.08.2025 18:19:14	0,72	6,23	29,93	25,76	1446,49
736	01.08.2025 18:19:15	0,72	6,24	29,93	25,76	1446,49
737	01.08.2025 18:19:16	0,72	6,23	29,89	25,73	1446,45
738	01.08.2025 18:19:17	0,72	6,23	29,93	25,76	1446,49
739	01.08.2025 18:19:18	0,72	6,23	29,93	25,76	1446,49
740	01.08.2025 18:19:19	0,72	6,23	29,89	25,73	1446,45
741	01.08.2025 18:19:20	0,72	6,23	29,93	25,76	1446,49
742	01.08.2025 18:19:21	0,72	6,23	29,93	25,76	1446,49
743	01.08.2025 18:19:22	0,72	6,23	29,93	25,76	1446,49
744	01.08.2025 18:19:23	0,72	6,23	29,93	25,76	1446,49
745	01.08.2025 18:19:24	0,72	6,23	29,93	25,76	1446,49
746	01.08.2025 18:19:25	0,72	6,23	29,89	25,73	1446,45
747	01.08.2025 18:19:26	0,72	6,23	29,93	25,76	1446,49
748	01.08.2025 18:19:27	0,72	6,23	29,89	25,73	1446,45
749	01.08.2025 18:19:28	0,72	6,23	29,89	25,73	1446,45
750	01.08.2025 18:19:29	0,72	6,23	29,89	25,73	1446,45
751	01.08.2025 18:19:30	0,72	6,23	29,93	25,76	1446,49
752	01.08.2025 18:19:31	0,72	6,23	29,89	25,73	1446,45
753	01.08.2025 18:19:32	0,72	6,23	29,89	25,73	1446,45
754	01.08.2025 18:19:33	0,72	6,23	29,89	25,73	1446,45
755	01.08.2025 18:19:34	0,72	6,23	29,89	25,73	1446,45
756	01.08.2025 18:19:35	0,72	6,21	30,13	25,92	1446,76
757	01.08.2025 18:19:36	0,72	6,23	29,89	25,73	1446,45
758	01.08.2025 18:19:37	0,72	6,23	29,89	25,73	1446,45
759	01.08.2025 18:19:38	0,72	6,23	29,89	25,73	1446,45
760	01.08.2025 18:19:39	0,72	6,21	29,86	25,70	1446,40
761	01.08.2025 18:19:40	0,72	6,23	29,89	25,73	1446,45
762	01.08.2025 18:19:41	0,72	6,21	29,86	25,70	1446,40
763	01.08.2025 18:19:42	0,72	6,21	29,89	25,73	1446,44
764	01.08.2025 18:19:43	0,72	6,21	29,89	25,73	1446,44
765	01.08.2025 18:19:44	0,72	6,21	29,89	25,73	1446,44
766	01.08.2025 18:19:45	0,72	6,23	29,89	25,73	1446,45
767	01.08.2025 18:19:46	0,72	6,23	30,10	25,89	1446,72
768	01.08.2025 18:19:47	0,72	6,24	29,86	25,70	1446,40
769	01.08.2025 18:19:48	0,72	6,24	29,89	25,73	1446,45
770	01.08.2025 18:19:49	0,72	6,24	29,89	25,73	1446,45
771	01.08.2025 18:19:50	0,72	6,24	29,96	25,78	1446,54
772	01.08.2025 18:19:51	0,72	6,24	29,93	25,76	1446,49
773	01.08.2025 18:19:52	0,72	6,26	29,96	25,78	1446,54
774	01.08.2025 18:19:53	0,72	6,24	30,10	25,89	1446,72
775	01.08.2025 18:19:54	0,72	6,23	30,17	25,94	1446,81
776	01.08.2025 18:19:55	0,72	6,23	30,20	25,97	1446,86
777	01.08.2025 18:19:56	0,72	6,21	30,24	26,00	1446,90
778	01.08.2025 18:19:57	0,72	6,19	30,10	25,89	1446,72
779	01.08.2025 18:19:58	0,72	6,19	30,03	25,84	1446,62
780	01.08.2025 18:19:59	0,72	6,17	30,06	25,86	1446,67
781	01.08.2025 18:20:00	0,72	6,16	30,31	26,05	1446,98
782	01.08.2025 18:20:01	0,72	6,16	30,37	26,11	1447,08
783	01.08.2025 18:20:02	0,72	6,14	30,41	26,13	1447,12
784	01.08.2025 18:20:03	0,72	6,12	30,58	26,27	1447,35
785	01.08.2025 18:20:04	0,72	6,09	30,75	26,40	1447,57
786	01.08.2025 18:20:05	0,72	6,05	30,89	26,51	1447,75
787	01.08.2025 18:20:06	0,72	6,05	31,03	26,62	1447,93
788	01.08.2025 18:20:07	0,72	6,02	31,03	26,62	1447,93
789	01.08.2025 18:20:08	0,72	5,98	31,03	26,62	1447,92
790	01.08.2025 18:20:09	0,72	5,96	31,03	26,62	1447,92
791	01.08.2025 18:20:10	0,72	5,93	31,03	26,62	1447,91
792	01.08.2025 18:20:11	0,72	5,89	31,06	26,64	1447,95
793	01.08.2025 18:20:12	0,72	5,86	31,03	26,62	1447,90
794	01.08.2025 18:20:13	0,72	5,82	31,06	26,64	1447,94
795	01.08.2025 18:20:14	0,76	5,77	31,06	26,67	1448,11
796	01.08.2025 18:20:15	0,76	5,76	31,09	26,70	1448,15
797	01.08.2025 18:20:16	0,76	5,72	31,09	26,70	1448,15
798	01.08.2025 18:20:17	0,80	5,69	31,09	26,72	1448,31
799	01.08.2025 18:20:18	0,80	5,65	31,09	26,72	1448,31
800	01.08.2025 18:20:19	0,80	5,62	31,09	26,72	1448,30
801	01.08.2025 18:20:20	0,80	5,58	31,09	26,72	1448,30
802	01.08.2025 18:20:21	0,80	5,57	31,09	26,72	1448,29
803	01.08.2025 18:20:22	0,84	5,53	31,12	26,78	1448,51
804	01.08.2025 18:20:23	0,84	5,52	31,16	26,81	1448,55
805	01.08.2025 18:20:24	0,84	5,50	31,19	26,83	1448,59
806	01.08.2025 18:20:25	0,88	5,48	31,15	26,83	1448,72
807	01.08.2025 18:20:26	0,88	5,45	31,19	26,86	1448,76
808	01.08.2025 18:20:27	0,92	5,43	31,11	26,83	1448,84
809	01.08.2025 18:20:28	0,92	5,43	31,11	26,83	1448,84
810	01.08.2025 18:20:29	0,92	5,42	31,11	26,83	1448,84
811	01.08.2025 18:20:30	0,92	5,38	31,11	26,83	1448,83
812	01.08.2025 18:20:31	0,92	5,38	31,11	26,83	1448,83
813	01.08.2025 18:20:32	0,92	5,36	31,11	26,83	1448,83
814	01.08.2025 18:20:33	0,92	5,36	31,15	26,86	1448,87
815	01.08.2025 18:20:34	0,96	5,33	31,11	26,86	1449,00
816	01.08.2025 18:20:35	0,96	5,33	31,11	26,86	1449,00
817	01.08.2025 18:20:36	0,96	5,31	31,11	26,86	1448,99
818	01.08.2025 18:20:37	0,96	5,29	31,11	26,86	1448,99
819	01.08.2025 18:20:38	0,96	5,29	31,14	26,89	1449,04
820	01.08.2025 18:20:39	0,96	5,29	31,14	26,89	1449,04
821	01.08.2025 18:20:40	1,00	5,28	31,11	26,89	1449,16
822	01.08.2025 18:20:41	1,00	5,28	31,11	26,89	1449,16
823	01.08.2025 18:20:42	1,00	5,28	31,11	26,89	1449,16
824	01.08.2025 18:20:43	1,00	5,26	31,11	26,89	1449,16
825	01.08.2025 18:20:44	1,00	5,26	31,11	26,89	1449,16
826	01.08.2025 18:20:45	1,00	5,26	31,11	26,89	1449,16
827	01.08.2025 18:20:46	1,04	5,25	31,07	26,89	1449,28
828	01.08.2025 18:20:47	1,04	5,23	31,07	26,89	1449,28
829	01.08.2025 18:20:48	1,04	5,23	31,10	26,92	1449,32
830	01.08.2025 18:20:49	1,04	5,25	31,07	26,89	1449,28
831	01.08.2025 18:20:50	1,04	5,23	31,07	26,89	1449,28
832	01.08.2025 18:20:51	1,04	5,21	31,07	26,89	1449,28
833	01.08.2025 18:20:52	1,04	5,21	31,07	26,89	1449,28
834	01.08.2025 18:20:53	1,04	5,21	31,07	26,89	1449,28
835	01.08.2025 18:20:54	1,04	5,19	31,10	26,92	1449,32
836	01.08.2025 18:20:55	1,04	5,18	31,10	26,92	1449,32
837	01.08.2025 18:20:56	1,07	5,18	31,07	26,92	1449,44
838	01.08.2025 18:20:57	1,07	5,16	31,10	26,94	1449,48
839	01.08.2025 18:20:58	1,07	5,14	31,10	26,94	1449,48
840	01.08.2025 18:20:59	1,07	5,13	31,10	26,94	1449,48
841	01.08.2025 18:21:00	1,11	5,11	31,10	26,97	1449,65
842	01.08.2025 18:21:01	1,11	5,11	31,10	26,97	1449,65
843	01.08.2025 18:21:02	1,11	5,09	31,10	26,97	1449,65
844	01.08.2025 18:21:03	1,11	5,08	31,13	27,00	1449,69
845	01.08.2025 18:21:04	1,11	5,06	31,13	27,00	1449,69
846	01.08.2025 18:21:05	1,15	5,04	31,09	27,00	1449,81
847	01.08.2025 18:21:06	1,15	5,03	31,09	27,00	1449,81
848	01.08.2025 18:21:07	1,15	5,01	31,09	27,00	1449,80
849	01.08.2025 18:21:08	1,15	4,97	31,09	27,00	1449,80
850	01.08.2025 18:21:09	1,15	4,96	31,09	27,00	1449,80
851	01.08.2025 18:21:10	1,15	4,94	31,09	27,00	1449,79
852	01.08.2025 18:21:11	1,15	4,92	31,09	27,00	1449,79
853	01.08.2025 18:21:12	1,15	4,90	31,09	27,00	1449,79
854	01.08.2025 18:21:13	1,15	4,87	31,09	27,00	1449,78
855	01.08.2025 18:21:14	1,15	4,85	31,13	27,03	1449,82
856	01.08.2025 18:21:15	1,19	4,83	31,09	27,03	1449,95
857	01.08.2025 18:21:16	1,19	4,80	31,09	27,03	1449,94
858	01.08.2025 18:21:17	1,19	4,78	31,09	27,03	1449,94
859	01.08.2025 18:21:18	1,19	4,76	31,06	27,00	1449,89
860	01.08.2025 18:21:19	1,19	4,73	31,09	27,03	1449,93
861	01.08.2025 18:21:20	1,19	4,71	31,09	27,03	1449,93
862	01.08.2025 18:21:21	1,19	4,69	31,09	27,03	1449,93
863	01.08.2025 18:21:22	1,19	4,66	31,02	26,97	1449,83
864	01.08.2025 18:21:23	1,23	4,64	30,95	26,95	1449,91
865	01.08.2025 18:21:24	1,23	4,63	30,95	26,95	1449,91
866	01.08.2025 18:21:25	1,23	4,59	30,92	26,92	1449,85
867	01.08.2025 18:21:26	1,23	4,57	30,82	26,84	1449,72
868	01.08.2025 18:21:27	1,23	4,54	30,75	26,79	1449,62
869	01.08.2025 18:21:28	1,23	4,52	30,71	26,76	1449,57
870	01.08.2025 18:21:29	1,23	4,52	29,87	26,09	1448,45
871	01.08.2025 18:21:30	1,23	4,49	29,90	26,12	1448,49
872	01.08.2025 18:21:31	1,23	4,45	29,90	26,12	1448,48
873	01.08.2025 18:21:32	1,23	4,43	29,87	26,09	1448,44
874	01.08.2025 18:21:33	1,23	4,40	29,94	26,14	1448,52
875	01.08.2025 18:21:34	1,23	4,36	29,90	26,12	1448,47
876	01.08.2025 18:21:35	1,27	4,37	29,87	26,12	1448,60
877	01.08.2025 18:21:36	1,27	4,35	29,83	26,09	1448,55
878	01.08.2025 18:21:37	1,27	4,33	29,87	26,12	1448,59
879	01.08.2025 18:21:38	1,27	4,30	29,87	26,12	1448,59
880	01.08.2025 18:21:39	1,27	4,28	29,90	26,14	1448,63
881	01.08.2025 18:21:40	1,27	4,28	29,87	26,12	1448,59
882	01.08.2025 18:21:41	1,27	4,24	29,77	26,04	1448,45
883	01.08.2025 18:21:42	1,23	4,22	29,63	25,90	1448,09
884	01.08.2025 18:21:43	1,23	4,19	29,57	25,85	1447,99
885	01.08.2025 18:21:44	1,19	4,19	29,64	25,87	1447,91
886	01.08.2025 18:21:45	1,15	4,15	29,81	25,98	1447,96
887	01.08.2025 18:21:46	1,19	4,13	29,94	26,12	1448,31
888	01.08.2025 18:21:47	1,19	4,08	30,01	26,17	1448,39
889	01.08.2025 18:21:48	1,19	4,06	29,97	26,14	1448,34
890	01.08.2025 18:21:49	1,19	4,05	30,14	26,28	1448,56
891	01.08.2025 18:21:50	1,23	4,01	30,14	26,30	1448,73
892	01.08.2025 18:21:51	1,31	3,98	30,44	26,60	1449,47
893	01.08.2025 18:21:52	1,31	3,95	30,47	26,63	1449,51
894	01.08.2025 18:21:53	1,35	3,91	30,27	26,49	1449,41
895	01.08.2025 18:21:54	1,39	3,88	30,23	26,50	1449,53
896	01.08.2025 18:21:55	1,39	3,86	30,23	26,50	1449,53
897	01.08.2025 18:21:56	1,42	3,83	30,20	26,50	1449,65
898	01.08.2025 18:21:57	1,46	3,80	29,96	26,34	1449,50
899	01.08.2025 18:21:58	1,46	3,76	29,99	26,36	1449,54
900	01.08.2025 18:21:59	1,50	3,73	29,96	26,36	1449,66
901	01.08.2025 18:22:00	1,54	3,72	29,69	26,18	1449,48
902	01.08.2025 18:22:01	1,54	3,66	29,75	26,23	1449,56
903	01.08.2025 18:22:02	1,58	3,65	30,02	26,47	1450,08
904	01.08.2025 18:22:03	1,58	3,61	30,02	26,47	1450,07
905	01.08.2025 18:22:04	1,62	3,60	30,02	26,50	1450,24
906	01.08.2025 18:22:05	1,66	3,58	29,88	26,42	1450,23
907	01.08.2025 18:22:06	1,70	3,55	29,75	26,34	1450,22
908	01.08.2025 18:22:07	1,73	3,52	29,91	26,50	1450,60
909	01.08.2025 18:22:08	1,77	3,46	29,54	26,23	1450,28
910	01.08.2025 18:22:09	1,77	3,45	29,44	26,15	1450,14
911	01.08.2025 18:22:10	1,77	3,43	29,51	26,21	1450,23
912	01.08.2025 18:22:11	1,73	3,38	29,51	26,18	1450,05
913	01.08.2025 18:22:12	1,73	3,36	29,35	26,05	1449,83
914	01.08.2025 18:22:13	1,70	3,34	29,51	26,15	1449,88
915	01.08.2025 18:22:14	1,73	3,32	29,78	26,40	1450,40
916	01.08.2025 18:22:15	1,77	3,29	29,81	26,45	1450,60
917	01.08.2025 18:22:16	1,85	3,26	29,71	26,42	1450,80
918	01.08.2025 18:22:17	1,93	3,21	29,64	26,43	1451,04
919	01.08.2025 18:22:18	1,96	3,18	29,47	26,32	1450,99
920	01.08.2025 18:22:19	1,96	3,14	29,40	26,27	1450,90
921	01.08.2025 18:22:20	1,96	3,11	29,40	26,27	1450,89
922	01.08.2025 18:22:21	1,96	3,09	29,44	26,29	1450,93
923	01.08.2025 18:22:22	1,96	3,07	29,40	26,27	1450,89
924	01.08.2025 18:22:23	1,96	3,04	29,50	26,35	1451,01
925	01.08.2025 18:22:24	2,00	3,02	29,40	26,29	1451,05
926	01.08.2025 18:22:25	2,00	2,99	29,50	26,37	1451,17
927	01.08.2025 18:22:26	2,04	2,97	29,57	26,46	1451,42
928	01.08.2025 18:22:27	2,08	2,92	29,57	26,48	1451,58
929	01.08.2025 18:22:28	2,15	2,89	29,53	26,51	1451,87
930	01.08.2025 18:22:29	2,19	2,87	29,50	26,51	1451,99
931	01.08.2025 18:22:30	2,23	2,84	29,49	26,54	1452,15
932	01.08.2025 18:22:31	2,27	2,83	29,59	26,65	1452,44
933	01.08.2025 18:22:32	2,31	2,81	29,72	26,78	1452,78
934	01.08.2025 18:22:33	2,38	2,78	29,78	26,89	1453,19
935	01.08.2025 18:22:34	2,46	2,73	29,94	27,08	1453,72
936	01.08.2025 18:22:35	2,57	2,72	29,87	27,11	1454,12
937	01.08.2025 18:22:36	2,65	2,65	29,84	27,14	1454,40
938	01.08.2025 18:22:37	2,72	2,62	29,87	27,22	1454,76
939	01.08.2025 18:22:38	2,80	2,61	29,93	27,33	1455,17
940	01.08.2025 18:22:39	2,87	2,58	29,76	27,25	1455,27
941	01.08.2025 18:22:40	2,95	2,53	29,79	27,33	1455,63
942	01.08.2025 18:22:41	2,98	2,51	30,79	28,19	1457,09
943	01.08.2025 18:22:42	3,06	2,52	31,04	28,46	1457,75
944	01.08.2025 18:22:43	3,21	2,49	30,68	28,28	1457,91
945	01.08.2025 18:22:44	3,39	2,45	30,35	28,15	1458,27
946	01.08.2025 18:22:45	3,50	2,42	30,38	28,26	1458,77
947	01.08.2025 18:22:46	3,65	2,36	30,21	28,24	1459,18
948	01.08.2025 18:22:47	3,76	2,33	30,02	28,16	1459,39
949	01.08.2025 18:22:48	3,84	2,29	29,96	28,16	1459,61
950	01.08.2025 18:22:49	3,87	2,24	29,92	28,16	1459,72
951	01.08.2025 18:22:50	3,91	2,25	29,77	28,05	1459,67
952	01.08.2025 18:22:51	3,95	2,21	29,73	28,05	1459,78
953	01.08.2025 18:22:52	4,02	2,20	29,92	28,27	1460,33
954	01.08.2025 18:22:53	4,09	2,18	29,85	28,27	1460,55
955	01.08.2025 18:22:54	4,16	2,15	29,82	28,30	1460,81
956	01.08.2025 18:22:55	4,27	2,12	29,97	28,52	1461,46
957	01.08.2025 18:22:56	4,42	2,17	30,31	28,92	1462,51
958	01.08.2025 18:22:57	4,64	2,07	30,18	28,98	1463,23
959	01.08.2025 18:22:58	4,82	2,01	30,02	28,99	1463,77
960	01.08.2025 18:22:59	4,96	1,97	29,96	29,04	1464,27
961	01.08.2025 18:23:00	5,07	1,95	30,08	29,23	1464,86
962	01.08.2025 18:23:01	5,21	1,91	30,01	29,29	1465,36
963	01.08.2025 18:23:02	5,35	1,90	29,95	29,35	1465,86
964	01.08.2025 18:23:03	5,46	1,89	29,86	29,35	1466,18
965	01.08.2025 18:23:04	5,56	1,82	29,74	29,33	1466,45
966	01.08.2025 18:23:05	5,67	1,83	29,68	29,35	1466,80
967	01.08.2025 18:23:06	5,77	1,80	29,62	29,39	1467,15
968	01.08.2025 18:23:07	5,88	1,77	29,53	29,39	1467,45
969	01.08.2025 18:23:08	5,95	1,75	29,44	29,36	1467,62
970	01.08.2025 18:23:09	6,05	1,72	29,35	29,36	1467,93
971	01.08.2025 18:23:10	6,12	1,71	30,03	30,04	1469,08
972	01.08.2025 18:23:11	6,23	1,70	29,88	29,98	1469,30
973	01.08.2025 18:23:12	6,30	1,66	29,77	29,93	1469,43
974	01.08.2025 18:23:13	6,33	1,65	29,74	29,93	1469,53
975	01.08.2025 18:23:14	6,40	1,63	29,68	29,94	1469,73
976	01.08.2025 18:23:15	6,47	1,62	29,65	29,96	1469,97
977	01.08.2025 18:23:16	6,54	1,61	29,65	30,02	1470,24
978	01.08.2025 18:23:17	6,58	1,59	29,62	30,02	1470,34
979	01.08.2025 18:23:18	6,65	1,58	29,74	30,18	1470,76
980	01.08.2025 18:23:19	6,75	1,58	29,65	30,19	1471,06
981	01.08.2025 18:23:20	6,82	1,57	29,65	30,24	1471,33
982	01.08.2025 18:23:21	6,89	1,55	29,59	30,24	1471,53
983	01.08.2025 18:23:22	6,96	1,56	29,54	30,25	1471,73
984	01.08.2025 18:23:23	7,02	1,56	29,42	30,19	1471,86
985	01.08.2025 18:23:24	7,06	1,58	29,34	30,14	1471,89
986	01.08.2025 18:23:25	7,06	1,60	29,28	30,09	1471,82
987	01.08.2025 18:23:26	7,06	1,61	29,25	30,06	1471,78
988	01.08.2025 18:23:27	7,06	1,65	29,25	30,06	1471,79
989	01.08.2025 18:23:28	7,06	1,67	29,25	30,06	1471,79
990	01.08.2025 18:23:29	7,06	1,70	29,34	30,14	1471,91
991	01.08.2025 18:23:30	7,09	1,72	29,34	30,17	1472,04
992	01.08.2025 18:23:31	7,09	1,76	29,34	30,17	1472,05
993	01.08.2025 18:23:32	7,13	1,76	29,31	30,17	1472,15
994	01.08.2025 18:23:33	7,13	1,78	29,34	30,20	1472,19
995	01.08.2025 18:23:34	7,16	1,78	29,28	30,17	1472,25
996	01.08.2025 18:23:35	7,16	1,79	29,28	30,17	1472,25
997	01.08.2025 18:23:36	7,16	1,79	29,28	30,17	1472,25
998	01.08.2025 18:23:37	7,16	1,81	29,28	30,17	1472,26
999	01.08.2025 18:23:38	7,16	1,81	29,28	30,17	1472,26
1000	01.08.2025 18:23:39	7,16	1,81	29,28	30,17	1472,26
1001	01.08.2025 18:23:40	7,20	1,81	29,25	30,17	1472,36
1002	01.08.2025 18:23:41	7,16	1,79	29,31	30,20	1472,29
1003	01.08.2025 18:23:42	7,20	1,80	29,28	30,20	1472,39
1004	01.08.2025 18:23:43	7,23	1,78	29,28	30,23	1472,52
1005	01.08.2025 18:23:44	7,26	1,78	29,23	30,20	1472,58
1006	01.08.2025 18:23:45	7,30	1,75	29,20	30,20	1472,68
1007	01.08.2025 18:23:46	7,33	1,73	29,17	30,20	1472,77
1008	01.08.2025 18:23:47	7,33	1,71	29,20	30,23	1472,81
1009	01.08.2025 18:23:48	7,37	1,72	29,20	30,26	1472,94
1010	01.08.2025 18:23:49	7,40	1,70	29,17	30,26	1473,04
1011	01.08.2025 18:23:50	7,43	1,70	29,17	30,28	1473,17
1012	01.08.2025 18:23:51	7,43	1,70	29,20	30,31	1473,21
1013	01.08.2025 18:23:52	7,47	1,69	29,20	30,34	1473,34
1014	01.08.2025 18:23:53	7,50	1,67	29,20	30,37	1473,47
1015	01.08.2025 18:23:54	7,54	1,67	29,17	30,37	1473,57
1016	01.08.2025 18:23:55	7,57	1,66	29,18	30,40	1473,70
1017	01.08.2025 18:23:56	7,60	1,66	29,21	30,45	1473,87
1018	01.08.2025 18:23:57	7,64	1,66	29,21	30,48	1474,00
1019	01.08.2025 18:23:58	7,67	1,64	29,24	30,53	1474,17
1020	01.08.2025 18:23:59	7,71	1,68	29,21	30,53	1474,27
1021	01.08.2025 18:24:00	7,71	1,66	29,15	30,48	1474,19
1022	01.08.2025 18:24:01	7,71	1,68	29,12	30,45	1474,16
1023	01.08.2025 18:24:02	7,71	1,68	29,07	30,40	1474,09
1024	01.08.2025 18:24:03	7,71	1,70	29,09	30,43	1474,13
1025	01.08.2025 18:24:04	7,67	1,73	29,18	30,48	1474,11
1026	01.08.2025 18:24:05	7,67	1,75	29,18	30,48	1474,11
1027	01.08.2025 18:24:06	7,67	1,77	29,18	30,48	1474,11
1028	01.08.2025 18:24:07	7,64	1,76	29,26	30,53	1474,09
1029	01.08.2025 18:24:08	7,64	1,76	29,32	30,58	1474,16
1030	01.08.2025 18:24:09	7,64	1,75	29,32	30,58	1474,16
1031	01.08.2025 18:24:10	7,64	1,76	29,32	30,58	1474,16
1032	01.08.2025 18:24:11	7,64	1,76	29,32	30,58	1474,16
1033	01.08.2025 18:24:12	7,64	1,75	29,29	30,56	1474,12
1034	01.08.2025 18:24:13	7,67	1,75	29,23	30,53	1474,18
1035	01.08.2025 18:24:14	7,67	1,73	29,18	30,48	1474,11
1036	01.08.2025 18:24:15	7,67	1,71	29,18	30,48	1474,10
1037	01.08.2025 18:24:16	7,67	1,71	29,21	30,51	1474,14
1038	01.08.2025 18:24:17	7,71	1,72	29,21	30,53	1474,27
1039	01.08.2025 18:24:18	7,71	1,70	29,21	30,53	1474,27
1040	01.08.2025 18:24:19	7,71	1,70	29,26	30,59	1474,34
1041	01.08.2025 18:24:20	7,74	1,70	29,26	30,61	1474,47
1042	01.08.2025 18:24:21	7,77	1,70	29,27	30,64	1474,61
1043	01.08.2025 18:24:22	7,84	1,67	29,24	30,67	1474,83
1044	01.08.2025 18:24:23	7,88	1,67	29,27	30,72	1475,00
1045	01.08.2025 18:24:24	7,91	1,66	29,27	30,75	1475,13
1046	01.08.2025 18:24:25	7,94	1,66	29,30	30,81	1475,29
1047	01.08.2025 18:24:26	8,01	1,64	29,24	30,81	1475,48
1048	01.08.2025 18:24:27	8,04	1,64	29,24	30,84	1475,61
1049	01.08.2025 18:24:28	8,08	1,63	29,22	30,84	1475,70
1050	01.08.2025 18:24:29	8,11	1,61	29,22	30,86	1475,83
1051	01.08.2025 18:24:30	8,15	1,61	29,19	30,87	1475,93
1052	01.08.2025 18:24:31	8,18	1,60	29,14	30,84	1475,98
1053	01.08.2025 18:24:32	8,21	1,58	29,14	30,87	1476,11
1054	01.08.2025 18:24:33	8,21	1,60	29,17	30,89	1476,15
1055	01.08.2025 18:24:34	8,25	1,58	29,19	30,95	1476,31
1056	01.08.2025 18:24:35	8,28	1,57	29,17	30,95	1476,40
1057	01.08.2025 18:24:36	8,35	1,55	29,20	31,03	1476,69
1058	01.08.2025 18:24:37	8,38	1,54	29,25	31,11	1476,89
1059	01.08.2025 18:24:38	8,45	1,52	29,28	31,19	1477,18
1060	01.08.2025 18:24:39	8,51	1,51	29,31	31,28	1477,47
1061	01.08.2025 18:24:40	8,58	1,49	29,34	31,36	1477,76
1062	01.08.2025 18:24:41	8,65	1,50	29,51	31,57	1478,22
1063	01.08.2025 18:24:42	8,78	1,49	29,68	31,84	1478,93
1064	01.08.2025 18:24:43	8,95	1,48	29,63	31,93	1479,49
1065	01.08.2025 18:24:44	9,08	1,47	29,82	32,23	1480,23
1066	01.08.2025 18:24:45	9,24	1,46	30,07	32,60	1481,15
1067	01.08.2025 18:24:46	9,47	1,47	30,48	33,20	1482,52
1068	01.08.2025 18:24:47	9,70	1,46	30,62	33,52	1483,53
1069	01.08.2025 18:24:48	10,00	1,44	30,65	33,80	1484,64
1070	01.08.2025 18:24:49	10,26	1,40	30,54	33,91	1485,45
1071	01.08.2025 18:24:50	10,48	1,36	30,38	33,95	1486,07
1072	01.08.2025 18:24:51	10,68	1,31	30,28	34,01	1486,63
1073	01.08.2025 18:24:52	10,84	1,27	30,18	34,04	1487,08
1074	01.08.2025 18:24:53	11,00	1,26	30,13	34,12	1487,58
1075	01.08.2025 18:24:54	11,16	1,21	29,98	34,10	1487,96
1076	01.08.2025 18:24:55	11,29	1,19	29,90	34,13	1488,32
1077	01.08.2025 18:24:56	11,38	1,17	29,88	34,19	1488,63
1078	01.08.2025 18:24:57	11,51	1,16	29,83	34,24	1489,01
1079	01.08.2025 18:24:58	11,61	1,13	29,78	34,27	1489,29
1080	01.08.2025 18:24:59	11,73	1,12	29,76	34,35	1489,70
1081	01.08.2025 18:25:00	11,89	1,11	29,64	34,36	1490,11
1082	01.08.2025 18:25:01	12,05	1,12	29,59	34,44	1490,60
1083	01.08.2025 18:25:02	12,24	1,11	29,58	34,58	1491,24
1084	01.08.2025 18:25:03	12,43	1,06	29,53	34,69	1491,83
1085	01.08.2025 18:25:04	12,65	1,06	29,69	35,05	1492,78
1086	01.08.2025 18:25:05	12,87	1,01	29,75	35,29	1493,59
1087	01.08.2025 18:25:06	13,12	1,01	29,66	35,41	1494,33
1088	01.08.2025 18:25:07	13,34	0,98	29,67	35,60	1495,06
1089	01.08.2025 18:25:08	13,52	0,94	29,65	35,74	1495,66
1090	01.08.2025 18:25:09	13,74	0,92	29,56	35,82	1496,27
1091	01.08.2025 18:25:10	13,90	0,87	29,57	35,96	1496,79
1092	01.08.2025 18:25:11	14,08	0,84	29,46	35,99	1497,26
1093	01.08.2025 18:25:12	14,24	0,82	29,42	36,08	1497,72
1094	01.08.2025 18:25:13	14,36	0,80	29,40	36,16	1498,09
1095	01.08.2025 18:25:14	14,48	0,78	29,43	36,30	1498,53
1096	01.08.2025 18:25:15	14,63	0,75	29,34	36,33	1498,92
1097	01.08.2025 18:25:16	14,79	0,74	29,32	36,44	1499,39
1098	01.08.2025 18:25:17	14,91	0,71	29,21	36,41	1499,65
1099	01.08.2025 18:25:18	15,00	0,68	29,22	36,50	1499,95
1100	01.08.2025 18:25:19	15,12	0,67	29,20	36,58	1500,32
1101	01.08.2025 18:25:20	15,25	0,67	29,14	36,61	1500,63
1102	01.08.2025 18:25:21	15,34	0,62	29,12	36,67	1500,90
1103	01.08.2025 18:25:22	15,46	0,61	29,05	36,70	1501,21
1104	01.08.2025 18:25:23	15,55	0,60	28,99	36,70	1501,42
1105	01.08.2025 18:25:24	15,64	0,57	28,95	36,73	1501,65
1106	01.08.2025 18:25:25	15,73	0,55	28,88	36,73	1501,86
1107	01.08.2025 18:25:26	15,82	0,52	28,84	36,76	1502,10
1108	01.08.2025 18:25:27	15,88	0,51	28,80	36,76	1502,24
1109	01.08.2025 18:25:28	15,94	0,48	28,76	36,76	1502,37
1110	01.08.2025 18:25:29	16,04	0,46	28,74	36,82	1502,63
1111	01.08.2025 18:25:30	16,10	0,44	28,74	36,87	1502,83
1112	01.08.2025 18:25:31	16,22	0,43	28,63	36,85	1503,07
1113	01.08.2025 18:25:32	16,28	0,36	28,52	36,77	1503,12
1114	01.08.2025 18:25:33	16,31	0,36	28,57	36,85	1503,27
1115	01.08.2025 18:25:34	16,34	0,34	28,57	36,88	1503,37
1116	01.08.2025 18:25:35	16,40	0,30	28,58	36,93	1503,55
1117	01.08.2025 18:25:36	16,49	0,27	28,45	36,85	1503,67
1118	01.08.2025 18:25:37	16,52	0,23	28,47	36,91	1503,79
1119	01.08.2025 18:25:38	16,58	0,20	28,43	36,91	1503,92
1120	01.08.2025 18:25:39	16,64	0,18	28,37	36,88	1504,03
1121	01.08.2025 18:25:40	16,70	0,16	28,37	36,94	1504,22
1122	01.08.2025 18:25:41	16,76	0,15	28,56	37,21	1504,62
1123	01.08.2025 18:25:42	16,85	0,13	28,40	37,10	1504,72
1124	01.08.2025 18:25:43	16,94	0,13	28,30	37,05	1504,87
1125	01.08.2025 18:25:44	17,00	0,11	28,55	37,40	1505,35
1126	01.08.2025 18:25:45	17,09	0,06	28,26	37,14	1505,28
1127	01.08.2025 18:25:46	17,15	0,02	28,20	37,11	1505,38
1128	01.08.2025 18:25:47	17,18	0,04	28,45	37,43	1505,77
1129	01.08.2025 18:25:48	17,27	0,00	28,37	37,41	1505,94
1130	01.08.2025 18:25:49	17,36	0,00	28,35	37,46	1506,19
1131	01.08.2025 18:25:50	17,45	-0,05	28,20	37,36	1506,28
1132	01.08.2025 18:25:51	17,51	-0,05	28,27	37,49	1506,54
1133	01.08.2025 18:25:52	17,57	-0,07	28,30	37,58	1506,75
1134	01.08.2025 18:25:53	17,69	-0,05	28,33	37,71	1507,15
1135	01.08.2025 18:25:54	17,78	-0,05	28,31	37,77	1507,40
1136	01.08.2025 18:25:55	17,84	-0,07	28,23	37,72	1507,48
1137	01.08.2025 18:25:56	17,90	-0,10	28,10	37,61	1507,50
1138	01.08.2025 18:25:57	17,93	-0,10	27,97	37,48	1507,44
1139	01.08.2025 18:25:58	17,90	-0,12	28,15	37,66	1507,55
1140	01.08.2025 18:25:59	17,96	-0,07	27,97	37,50	1507,54
1141	01.08.2025 18:26:00	17,99	-0,10	27,97	37,53	1507,62
1142	01.08.2025 18:26:01	18,02	-0,07	27,98	37,56	1507,72
1143	01.08.2025 18:26:02	18,05	-0,05	28,11	37,75	1507,97
1144	01.08.2025 18:26:03	18,14	-0,05	28,12	37,83	1508,24
1145	01.08.2025 18:26:04	18,20	-0,07	28,06	37,80	1508,35
1146	01.08.2025 18:26:05	18,25	-0,08	27,95	37,73	1508,40
1147	01.08.2025 18:26:06	18,28	-0,07	28,02	37,83	1508,57
1148	01.08.2025 18:26:07	18,34	-0,08	27,94	37,78	1508,64
1149	01.08.2025 18:26:08	18,37	-0,07	27,90	37,75	1508,69
1150	01.08.2025 18:26:09	18,40	-0,08	27,90	37,78	1508,77
1151	01.08.2025 18:26:10	18,43	-0,07	27,86	37,76	1508,82
1152	01.08.2025 18:26:11	18,46	-0,07	27,90	37,84	1508,96
1153	01.08.2025 18:26:12	18,49	-0,07	27,93	37,89	1509,07
1154	01.08.2025 18:26:13	18,55	-0,07	27,89	37,89	1509,20
1155	01.08.2025 18:26:14	18,58	-0,07	27,58	37,55	1508,94
1156	01.08.2025 18:26:15	18,64	-0,08	14,53	20,98	1494,11
1157	01.08.2025 18:26:16	18,67	-0,08	14,54	21,01	1494,21
1158	01.08.2025 18:26:17	18,67	-0,07	12,26	17,97	1491,61
1159	01.08.2025 18:26:18	18,70	-0,08	0,22	0,40	1477,87
1160	01.08.2025 18:26:19	18,70	-0,08	0,76	1,32	1478,48
1161	01.08.2025 18:26:20	18,70	-0,10	0,29	0,52	1477,94
1162	01.08.2025 18:26:21	18,70	-0,08	0,27	0,49	1477,92
1163	01.08.2025 18:26:22	18,70	-0,08	0,13	0,24	1477,76
1164	01.08.2025 18:26:23	18,73	-0,08	0,63	1,10	1478,43
1165	01.08.2025 18:26:24	18,73	-0,08	0,49	0,88	1478,28
1166	01.08.2025 18:26:25	18,70	-0,07	0,78	1,35	1478,51
1167	01.08.2025 18:26:26	18,70	-0,07	0,66	1,16	1478,37
1168	01.08.2025 18:26:27	18,67	-0,07	0,61	1,07	1478,22
1169	01.08.2025 18:26:28	18,67	-0,07	0,43	0,77	1478,01
1170	01.08.2025 18:26:29	18,67	-0,05	0,63	1,10	1478,24
1171	01.08.2025 18:26:30	18,67	-0,07	0,32	0,57	1477,88
1172	01.08.2025 18:26:31	18,67	-0,07	0,78	1,35	1478,41
1173	01.08.2025 18:26:32	18,64	-0,07	0,43	0,77	1477,92
1174	01.08.2025 18:26:33	18,64	-0,05	0,74	1,30	1478,28
1175	01.08.2025 18:26:34	18,64	-0,05	0,69	1,21	1478,22
1176	01.08.2025 18:26:35	18,64	-0,07	0,74	1,30	1478,28
1177	01.08.2025 18:26:36	18,61	-0,05	1,10	1,88	1478,60
1178	01.08.2025 18:26:37	18,61	-0,05	0,32	0,57	1477,70
1179	01.08.2025 18:26:38	18,58	-0,05	0,30	0,54	1477,58
1180	01.08.2025 18:26:39	18,58	-0,07	0,19	0,35	1477,45
1181	01.08.2025 18:26:40	18,55	-0,05	0,19	0,35	1477,36
1182	01.08.2025 18:26:41	18,55	-0,03	0,26	0,46	1477,44
1183	01.08.2025 18:26:42	18,55	-0,05	0,24	0,43	1477,42
1184	01.08.2025 18:26:43	18,52	-0,03	0,21	0,38	1477,29
1185	01.08.2025 18:26:44	18,52	-0,05	0,18	0,32	1477,25
1186	01.08.2025 18:26:45	18,49	-0,03	0,18	0,32	1477,16
1187	01.08.2025 18:26:46	18,49	-0,05	0,18	0,32	1477,15
1188	01.08.2025 18:26:47	18,49	-0,03	0,18	0,32	1477,16
1189	01.08.2025 18:26:48	18,46	-0,03	0,21	0,38	1477,10
1190	01.08.2025 18:26:49	18,46	-0,05	0,19	0,35	1477,07
1191	01.08.2025 18:26:50	18,43	-0,05	0,19	0,35	1476,98
1192	01.08.2025 18:26:51	18,43	-0,05	0,19	0,35	1476,98
1193	01.08.2025 18:26:52	18,43	-0,05	0,21	0,38	1477,00
1194	01.08.2025 18:26:53	18,40	-0,03	0,21	0,38	1476,90
1195	01.08.2025 18:26:54	18,40	-0,03	0,22	0,40	1476,92
1196	01.08.2025 18:26:55	18,40	-0,03	0,22	0,40	1476,92
1197	01.08.2025 18:26:56	18,37	-0,05	0,24	0,43	1476,84
1198	01.08.2025 18:26:57	18,37	-0,05	0,22	0,40	1476,82
1199	01.08.2025 18:26:58	18,37	-0,05	0,22	0,40	1476,82
1200	01.08.2025 18:26:59	18,37	-0,05	0,21	0,38	1476,80
1201	01.08.2025 18:27:00	18,34	-0,05	0,22	0,40	1476,73
1202	01.08.2025 18:27:01	18,34	-0,05	0,22	0,40	1476,73
1203	01.08.2025 18:27:02	18,34	-0,03	0,24	0,43	1476,75
1204	01.08.2025 18:27:03	18,31	-0,05	0,24	0,43	1476,65
1205	01.08.2025 18:27:04	18,31	-0,05	0,23	0,40	1476,63
1206	01.08.2025 18:27:05	18,31	-0,05	0,23	0,40	1476,63
1207	01.08.2025 18:27:06	18,28	-0,05	0,24	0,43	1476,55
1208	01.08.2025 18:27:07	18,28	-0,05	0,24	0,43	1476,55
1209	01.08.2025 18:27:08	18,28	-0,05	0,24	0,43	1476,55
1210	01.08.2025 18:27:09	18,25	-0,05	0,23	0,40	1476,44
1211	01.08.2025 18:27:10	18,25	-0,03	0,23	0,40	1476,44
1212	01.08.2025 18:27:11	18,25	-0,05	0,23	0,40	1476,44
1213	01.08.2025 18:27:12	18,25	-0,03	0,23	0,40	1476,44
1214	01.08.2025 18:27:13	18,25	-0,03	0,23	0,40	1476,44
1215	01.08.2025 18:27:14	18,22	-0,05	0,21	0,38	1476,32
1216	01.08.2025 18:27:15	18,22	-0,03	0,21	0,38	1476,33
1217	01.08.2025 18:27:16	18,22	-0,03	0,21	0,38	1476,33
1218	01.08.2025 18:27:17	18,22	-0,03	0,21	0,38	1476,33
1219	01.08.2025 18:27:18	18,20	-0,03	0,21	0,38	1476,23
1220	01.08.2025 18:27:19	18,20	-0,03	0,21	0,38	1476,23
1221	01.08.2025 18:27:20	18,20	-0,03	0,21	0,38	1476,23
1222	01.08.2025 18:27:21	18,20	-0,03	0,21	0,38	1476,23
1223	01.08.2025 18:27:22	18,17	-0,03	0,21	0,38	1476,13
1224	01.08.2025 18:27:23	18,17	-0,03	0,21	0,38	1476,13
1225	01.08.2025 18:27:24	18,17	-0,05	0,21	0,38	1476,13
1226	01.08.2025 18:27:25	18,17	-0,05	0,21	0,38	1476,13
1227	01.08.2025 18:27:26	18,17	-0,03	0,21	0,38	1476,13
1228	01.08.2025 18:27:27	18,14	-0,03	0,21	0,38	1476,04
1229	01.08.2025 18:27:28	18,14	-0,03	0,19	0,35	1476,02
1230	01.08.2025 18:27:29	18,14	-0,03	0,21	0,38	1476,04
1231	01.08.2025 18:27:30	18,14	-0,03	0,21	0,38	1476,04
1232	01.08.2025 18:27:31	18,11	-0,03	0,19	0,35	1475,92
1233	01.08.2025 18:27:32	18,11	-0,03	0,19	0,35	1475,92
1234	01.08.2025 18:27:33	18,11	-0,03	0,19	0,35	1475,92
1235	01.08.2025 18:27:34	18,11	-0,03	0,19	0,35	1475,92
1236	01.08.2025 18:27:35	18,08	-0,03	0,19	0,35	1475,82
1237	01.08.2025 18:27:36	18,08	-0,03	0,19	0,35	1475,82
1238	01.08.2025 18:27:37	18,08	-0,03	0,21	0,38	1475,84
1239	01.08.2025 18:27:38	18,08	-0,03	0,19	0,35	1475,82
1240	01.08.2025 18:27:39	18,08	-0,03	0,19	0,35	1475,82
1241	01.08.2025 18:27:40	18,05	-0,03	0,21	0,38	1475,74
1242	01.08.2025 18:27:41	18,05	-0,03	0,21	0,38	1475,74
1243	01.08.2025 18:27:42	18,05	-0,03	0,19	0,35	1475,73
1244	01.08.2025 18:27:43	18,05	-0,03	0,19	0,35	1475,73
1245	01.08.2025 18:27:44	18,05	-0,03	0,19	0,35	1475,73
1246	01.08.2025 18:27:45	18,02	-0,03	0,21	0,38	1475,65
1247	01.08.2025 18:27:46	18,02	-0,03	0,21	0,38	1475,65
1248	01.08.2025 18:27:47	18,02	-0,01	0,21	0,38	1475,65
1249	01.08.2025 18:27:48	18,02	-0,03	0,20	0,35	1475,63
1250	01.08.2025 18:27:49	17,99	-0,05	0,20	0,35	1475,53
1251	01.08.2025 18:27:50	17,99	-0,05	0,20	0,35	1475,53
1252	01.08.2025 18:27:51	17,99	-0,03	0,21	0,38	1475,55
1253	01.08.2025 18:27:52	17,99	-0,05	0,21	0,38	1475,55
1254	01.08.2025 18:27:53	17,99	-0,05	0,20	0,35	1475,53
1255	01.08.2025 18:27:54	17,96	-0,03	0,20	0,35	1475,44
1256	01.08.2025 18:27:55	17,96	-0,05	0,21	0,38	1475,45
1257	01.08.2025 18:27:56	17,96	-0,05	0,20	0,35	1475,43
1258	01.08.2025 18:27:57	17,96	-0,03	0,20	0,35	1475,44
1259	01.08.2025 18:27:58	17,96	-0,05	0,21	0,38	1475,45
1260	01.08.2025 18:27:59	17,93	-0,05	0,21	0,38	1475,35
1261	01.08.2025 18:28:00	17,93	-0,05	0,20	0,35	1475,33
1262	01.08.2025 18:28:01	17,93	-0,05	0,21	0,38	1475,35
1263	01.08.2025 18:28:02	17,93	-0,05	0,20	0,35	1475,33
1264	01.08.2025 18:28:03	17,93	-0,03	0,21	0,38	1475,36
1265	01.08.2025 18:28:04	17,93	-0,03	0,20	0,35	1475,34
1266	01.08.2025 18:28:05	17,90	-0,05	0,21	0,38	1475,26
1267	01.08.2025 18:28:06	17,90	-0,03	0,20	0,35	1475,24
1268	01.08.2025 18:28:07	17,90	-0,05	0,20	0,35	1475,24
1269	01.08.2025 18:28:08	17,90	-0,03	0,20	0,35	1475,24
1270	01.08.2025 18:28:09	17,90	-0,05	0,20	0,35	1475,24
1271	01.08.2025 18:28:10	17,90	-0,05	0,20	0,35	1475,24
1272	01.08.2025 18:28:11	17,90	-0,05	0,21	0,38	1475,26
1273	01.08.2025 18:28:12	17,87	-0,03	0,21	0,38	1475,16
1274	01.08.2025 18:28:13	17,87	-0,03	0,21	0,38	1475,16
1275	01.08.2025 18:28:14	17,87	-0,03	0,20	0,35	1475,14
1276	01.08.2025 18:28:15	17,87	-0,03	0,20	0,35	1475,14
1277	01.08.2025 18:28:16	17,87	-0,05	0,21	0,38	1475,16
1278	01.08.2025 18:28:17	17,87	-0,05	0,21	0,38	1475,16
1279	01.08.2025 18:28:18	17,87	-0,05	0,20	0,35	1475,14
1280	01.08.2025 18:28:19	17,84	-0,03	0,20	0,35	1475,04
1281	01.08.2025 18:28:20	17,84	-0,05	0,20	0,35	1475,04
1282	01.08.2025 18:28:21	17,84	-0,03	0,21	0,38	1475,06
1283	01.08.2025 18:28:22	17,84	-0,03	0,21	0,38	1475,06
1284	01.08.2025 18:28:23	17,84	-0,03	0,21	0,38	1475,06
1285	01.08.2025 18:28:24	17,84	-0,03	0,21	0,38	1475,06
1286	01.08.2025 18:28:25	17,84	-0,03	0,20	0,35	1475,04
1287	01.08.2025 18:28:26	17,81	-0,03	0,21	0,38	1474,97
1288	01.08.2025 18:28:27	17,81	-0,03	0,21	0,38	1474,97
1289	01.08.2025 18:28:28	17,81	-0,03	0,21	0,38	1474,97
1290	01.08.2025 18:28:29	17,81	-0,03	0,21	0,38	1474,97
1291	01.08.2025 18:28:30	17,81	-0,03	0,21	0,38	1474,97
1292	01.08.2025 18:28:31	17,81	-0,05	0,21	0,38	1474,96
1293	01.08.2025 18:28:32	17,81	-0,05	0,21	0,38	1474,96
1294	01.08.2025 18:28:33	17,78	-0,05	0,21	0,38	1474,86
1295	01.08.2025 18:28:34	17,78	-0,03	0,21	0,38	1474,87
1296	01.08.2025 18:28:35	17,78	-0,05	0,21	0,38	1474,86
1297	01.08.2025 18:28:36	17,78	-0,03	0,21	0,38	1474,87
1298	01.08.2025 18:28:37	17,78	-0,03	0,21	0,38	1474,87
1299	01.08.2025 18:28:38	17,78	-0,03	0,21	0,38	1474,87
1300	01.08.2025 18:28:39	17,78	-0,05	0,21	0,38	1474,86
1301	01.08.2025 18:28:40	17,78	-0,03	0,21	0,38	1474,87
1302	01.08.2025 18:28:41	17,78	-0,03	0,21	0,38	1474,87
1303	01.08.2025 18:28:42	17,78	-0,03	0,21	0,38	1474,87
1304	01.08.2025 18:28:43	17,78	-0,03	0,21	0,38	1474,87
1305	01.08.2025 18:28:44	17,75	-0,03	0,20	0,35	1474,75
1306	01.08.2025 18:28:45	17,75	-0,03	0,20	0,35	1474,75
1307	01.08.2025 18:28:46	17,75	-0,03	0,21	0,38	1474,77
1308	01.08.2025 18:28:47	17,75	-0,03	0,21	0,38	1474,77
1309	01.08.2025 18:28:48	17,75	-0,03	0,21	0,38	1474,77
1310	01.08.2025 18:28:49	17,75	-0,03	0,21	0,38	1474,77
1311	01.08.2025 18:28:50	17,75	-0,03	0,21	0,38	1474,77
1312	01.08.2025 18:28:51	17,75	-0,03	0,21	0,38	1474,77
1313	01.08.2025 18:28:52	17,75	-0,03	0,21	0,38	1474,77
1314	01.08.2025 18:28:53	17,75	-0,03	0,21	0,38	1474,77
1315	01.08.2025 18:28:54	17,72	-0,03	0,21	0,38	1474,67
1316	01.08.2025 18:28:55	17,72	-0,03	0,21	0,38	1474,67
1317	01.08.2025 18:28:56	17,72	-0,03	0,21	0,38	1474,67
1318	01.08.2025 18:28:57	17,72	-0,03	0,20	0,35	1474,65
1319	01.08.2025 18:28:58	17,72	-0,03	0,20	0,35	1474,65
1320	01.08.2025 18:28:59	17,72	-0,03	0,21	0,38	1474,67
1321	01.08.2025 18:29:00	17,72	-0,03	0,21	0,38	1474,67
1322	01.08.2025 18:29:01	17,72	-0,01	0,21	0,38	1474,67
1323	01.08.2025 18:29:02	17,72	-0,05	0,20	0,35	1474,65
1324	01.08.2025 18:29:03	17,72	-0,05	0,21	0,38	1474,67
1325	01.08.2025 18:29:04	17,72	-0,05	0,21	0,38	1474,67
1326	01.08.2025 18:29:05	17,69	-0,03	0,21	0,38	1474,57
1327	01.08.2025 18:29:06	17,69	-0,03	0,21	0,38	1474,57
1328	01.08.2025 18:29:07	17,69	-0,03	0,21	0,38	1474,57
1329	01.08.2025 18:29:08	17,69	-0,03	0,21	0,38	1474,57
1330	01.08.2025 18:29:09	17,69	-0,03	0,21	0,38	1474,57
1331	01.08.2025 18:29:10	17,69	-0,03	0,21	0,38	1474,57
1332	01.08.2025 18:29:11	17,69	-0,03	0,21	0,38	1474,57
1333	01.08.2025 18:29:12	17,69	-0,03	0,20	0,35	1474,55
1334	01.08.2025 18:29:13	17,69	-0,03	0,20	0,35	1474,55
1335	01.08.2025 18:29:14	17,69	-0,03	0,21	0,38	1474,57
1336	01.08.2025 18:29:15	17,66	-0,03	0,21	0,38	1474,48
1337	01.08.2025 18:29:16	17,66	-0,01	0,21	0,38	1474,48
1338	01.08.2025 18:29:17	17,66	-0,03	0,20	0,35	1474,46
1339	01.08.2025 18:29:18	17,66	-0,03	0,20	0,35	1474,46
1340	01.08.2025 18:29:19	17,66	-0,03	0,21	0,38	1474,48
1341	01.08.2025 18:29:20	17,66	-0,03	0,21	0,38	1474,48
1342	01.08.2025 18:29:21	17,66	-0,01	0,20	0,35	1474,46
1343	01.08.2025 18:29:22	17,66	-0,03	0,20	0,35	1474,46
1344	01.08.2025 18:29:23	17,66	-0,03	0,21	0,38	1474,48
1345	01.08.2025 18:29:24	17,66	-0,05	0,20	0,35	1474,45
1346	01.08.2025 18:29:25	17,66	-0,05	0,21	0,38	1474,47
1347	01.08.2025 18:29:26	17,66	-0,03	0,21	0,38	1474,48
1348	01.08.2025 18:29:27	17,66	-0,03	0,20	0,35	1474,46
1349	01.08.2025 18:29:28	17,63	-0,05	0,20	0,35	1474,36
1350	01.08.2025 18:29:29	17,63	-0,05	0,20	0,35	1474,36
1351	01.08.2025 18:29:30	17,63	-0,05	0,21	0,38	1474,37
1352	01.08.2025 18:29:31	17,63	-0,05	0,21	0,38	1474,37
1353	01.08.2025 18:29:32	17,63	-0,05	0,21	0,38	1474,37
1354	01.08.2025 18:29:33	17,63	-0,05	0,20	0,35	1474,36
1355	01.08.2025 18:29:34	17,63	-0,05	0,21	0,38	1474,37
1356	01.08.2025 18:29:35	17,63	-0,05	0,21	0,38	1474,37
1357	01.08.2025 18:29:36	17,63	-0,05	0,20	0,35	1474,36
1358	01.08.2025 18:29:37	17,63	-0,05	0,20	0,35	1474,36
1359	01.08.2025 18:29:38	17,63	-0,05	0,21	0,38	1474,37
1360	01.08.2025 18:29:39	17,63	-0,05	0,21	0,38	1474,37
1361	01.08.2025 18:29:40	17,63	-0,05	0,21	0,38	1474,37
1362	01.08.2025 18:29:41	17,63	-0,05	0,21	0,38	1474,37
1363	01.08.2025 18:29:42	17,63	-0,05	0,20	0,35	1474,36
1364	01.08.2025 18:29:43	17,63	-0,05	0,21	0,38	1474,37
1365	01.08.2025 18:29:44	17,60	-0,05	0,20	0,35	1474,26
1366	01.08.2025 18:29:45	17,60	-0,05	0,20	0,35	1474,26
1367	01.08.2025 18:29:46	17,60	-0,05	0,21	0,38	1474,28
1368	01.08.2025 18:29:47	17,60	-0,05	0,23	0,40	1474,29
1369	01.08.2025 18:29:48	17,60	-0,05	0,21	0,38	1474,28
1370	01.08.2025 18:29:49	17,60	-0,03	0,20	0,35	1474,26
1371	01.08.2025 18:29:50	17,60	-0,05	0,21	0,38	1474,28
1372	01.08.2025 18:29:51	17,60	-0,05	0,21	0,38	1474,28
1373	01.08.2025 18:29:52	17,60	-0,03	0,20	0,35	1474,26
1374	01.08.2025 18:29:53	17,60	-0,03	0,20	0,35	1474,26
1375	01.08.2025 18:29:54	17,60	-0,03	0,21	0,38	1474,28
1376	01.08.2025 18:29:55	17,60	-0,05	0,21	0,38	1474,28
1377	01.08.2025 18:29:56	17,60	-0,05	0,21	0,38	1474,28
1378	01.08.2025 18:29:57	17,60	-0,05	0,21	0,38	1474,28
1379	01.08.2025 18:29:58	17,60	-0,05	0,21	0,38	1474,28
1380	01.08.2025 18:29:59	17,60	-0,05	0,21	0,38	1474,28
1381	01.08.2025 18:30:00	17,60	-0,05	0,20	0,35	1474,26
1382	01.08.2025 18:30:01	17,57	-0,05	0,21	0,38	1474,18
1383	01.08.2025 18:30:02	17,57	-0,03	0,21	0,38	1474,18
1384	01.08.2025 18:30:03	17,57	-0,03	0,21	0,38	1474,18
1385	01.08.2025 18:30:04	17,57	-0,05	0,21	0,38	1474,18
1386	01.08.2025 18:30:05	17,57	-0,05	0,21	0,38	1474,18
1387	01.08.2025 18:30:06	17,57	-0,03	0,21	0,38	1474,18
1388	01.08.2025 18:30:07	17,57	-0,05	0,21	0,38	1474,18
1389	01.08.2025 18:30:08	17,57	-0,05	0,21	0,38	1474,18
1390	01.08.2025 18:30:09	17,57	-0,05	0,20	0,35	1474,16
1391	01.08.2025 18:30:10	17,57	-0,05	0,20	0,35	1474,16
1392	01.08.2025 18:30:11	17,57	-0,03	0,21	0,38	1474,18
1393	01.08.2025 18:30:12	17,57	-0,05	0,21	0,38	1474,18
1394	01.08.2025 18:30:13	17,57	-0,05	0,21	0,38	1474,18
1395	01.08.2025 18:30:14	17,57	-0,05	0,21	0,38	1474,18
1396	01.08.2025 18:30:15	17,57	-0,05	0,21	0,38	1474,18
1397	01.08.2025 18:30:16	17,57	-0,05	0,21	0,38	1474,18
1398	01.08.2025 18:30:17	17,57	-0,05	0,21	0,38	1474,18
1399	01.08.2025 18:30:18	17,57	-0,05	0,21	0,38	1474,18
1400	01.08.2025 18:30:19	17,57	-0,05	0,21	0,38	1474,18
1401	01.08.2025 18:30:20	17,54	-0,03	0,21	0,38	1474,08
1402	01.08.2025 18:30:21	17,54	-0,05	0,21	0,38	1474,08
1403	01.08.2025 18:30:22	17,54	-0,05	0,21	0,38	1474,08
1404	01.08.2025 18:30:23	17,54	-0,05	0,23	0,40	1474,10
1405	01.08.2025 18:30:24	17,54	-0,05	0,21	0,38	1474,08
1406	01.08.2025 18:30:25	17,54	-0,07	0,21	0,38	1474,08
1407	01.08.2025 18:30:26	17,54	-0,05	0,20	0,35	1474,06
1408	01.08.2025 18:30:27	17,54	-0,03	0,23	0,40	1474,10
1409	01.08.2025 18:30:28	17,54	-0,05	0,21	0,38	1474,08
1410	01.08.2025 18:30:29	17,54	-0,05	0,21	0,38	1474,08
1411	01.08.2025 18:30:30	17,54	-0,05	0,21	0,38	1474,08
1412	01.08.2025 18:30:31	17,54	-0,05	0,21	0,38	1474,08
1413	01.08.2025 18:30:32	17,54	-0,05	0,23	0,40	1474,10
1414	01.08.2025 18:30:33	17,54	-0,05	0,21	0,38	1474,08
1415	01.08.2025 18:30:34	17,54	-0,05	0,21	0,38	1474,08
1416	01.08.2025 18:30:35	17,54	-0,03	0,21	0,38	1474,08
1417	01.08.2025 18:30:36	17,54	-0,05	0,21	0,38	1474,08
1418	01.08.2025 18:30:37	17,54	-0,03	0,21	0,38	1474,08
1419	01.08.2025 18:30:38	17,54	-0,05	0,21	0,38	1474,08
1420	01.08.2025 18:30:39	17,54	-0,03	0,21	0,38	1474,08
1421	01.08.2025 18:30:40	17,54	-0,05	0,21	0,38	1474,08
1422	01.08.2025 18:30:41	17,54	-0,05	0,21	0,38	1474,08
1423	01.08.2025 18:30:42	17,54	-0,05	0,21	0,38	1474,08
1424	01.08.2025 18:30:43	17,54	-0,05	0,21	0,38	1474,08
1425	01.08.2025 18:30:44	17,54	-0,05	0,21	0,38	1474,08
1426	01.08.2025 18:30:45	17,54	-0,05	0,21	0,38	1474,08
1427	01.08.2025 18:30:46	17,54	-0,05	0,21	0,38	1474,08
1428	01.08.2025 18:30:47	17,54	-0,05	0,18	0,32	1474,04
1429	01.08.2025 18:30:48	17,54	-0,05	0,34	0,60	1474,23
1430	01.08.2025 18:30:49	17,51	-0,05	0,38	0,65	1474,17
1431	01.08.2025 18:30:50	17,51	-0,07	0,15	0,27	1473,90
1432	01.08.2025 18:30:51	17,51	-0,05	0,13	0,24	1473,89
1433	01.08.2025 18:30:52	17,51	-0,05	0,12	0,21	1473,87
1434	01.08.2025 18:30:53	17,51	-0,03	0,25	0,43	1474,02
1435	01.08.2025 18:30:54	17,51	-0,07	0,20	0,35	1473,96
1436	01.08.2025 18:30:55	17,51	-0,05	0,18	0,32	1473,94
1437	01.08.2025 18:30:56	17,51	-0,03	0,18	0,32	1473,95
1438	01.08.2025 18:30:57	17,51	-0,05	0,18	0,32	1473,94
1439	01.08.2025 18:30:58	17,51	-0,03	0,17	0,29	1473,93
1440	01.08.2025 18:30:59	17,51	-0,05	0,17	0,29	1473,92
1441	01.08.2025 18:31:00	17,51	-0,05	0,17	0,29	1473,92
1442	01.08.2025 18:31:01	17,51	-0,05	0,17	0,29	1473,92
1443	01.08.2025 18:31:02	17,51	-0,03	0,17	0,29	1473,93
1444	01.08.2025 18:31:03	17,51	-0,05	0,17	0,29	1473,92
1445	01.08.2025 18:31:04	17,51	-0,05	0,15	0,27	1473,91
1446	01.08.2025 18:31:05	17,51	-0,05	0,17	0,29	1473,92
1447	01.08.2025 18:31:06	17,51	-0,03	0,17	0,29	1473,93
1448	01.08.2025 18:31:07	17,51	-0,05	0,15	0,27	1473,91
1449	01.08.2025 18:31:08	17,51	-0,03	0,15	0,27	1473,91
1450	01.08.2025 18:31:09	17,51	-0,05	0,15	0,27	1473,91
1451	01.08.2025 18:31:10	17,51	-0,05	0,15	0,27	1473,91
1452	01.08.2025 18:31:11	17,51	-0,05	0,15	0,27	1473,91
1453	01.08.2025 18:31:12	17,51	-0,05	0,15	0,27	1473,91
1454	01.08.2025 18:31:13	17,51	-0,05	0,15	0,27	1473,91
1455	01.08.2025 18:31:14	17,48	-0,05	0,15	0,27	1473,81
1456	01.08.2025 18:31:15	17,48	-0,03	0,15	0,27	1473,81
1457	01.08.2025 18:31:16	17,48	-0,05	0,15	0,27	1473,81
1458	01.08.2025 18:31:17	17,48	-0,03	0,15	0,27	1473,81
1459	01.08.2025 18:31:18	17,48	-0,03	0,15	0,27	1473,81
1460	01.08.2025 18:31:19	17,48	-0,03	0,15	0,27	1473,81
1461	01.08.2025 18:31:20	17,48	-0,05	0,15	0,27	1473,81
1462	01.08.2025 18:31:21	17,48	-0,05	0,15	0,27	1473,81
1463	01.08.2025 18:31:22	17,48	-0,03	0,15	0,27	1473,81
1464	01.08.2025 18:31:23	17,48	-0,05	0,15	0,27	1473,81
1465	01.08.2025 18:31:24	17,48	-0,03	0,15	0,27	1473,81
1466	01.08.2025 18:31:25	17,48	-0,05	0,15	0,27	1473,81
1467	01.08.2025 18:31:26	17,48	-0,03	0,15	0,27	1473,81
1468	01.08.2025 18:31:27	17,48	-0,05	0,15	0,27	1473,81
1469	01.08.2025 18:31:28	17,48	-0,05	0,15	0,27	1473,81
1470	01.08.2025 18:31:29	17,48	-0,05	0,15	0,27	1473,81
1471	01.08.2025 18:31:30	17,48	-0,05	0,15	0,27	1473,81
1472	01.08.2025 18:31:31	17,48	-0,03	0,13	0,24	1473,79
1473	01.08.2025 18:31:32	17,48	-0,05	0,15	0,27	1473,81
1474	01.08.2025 18:31:33	17,48	-0,03	0,15	0,27	1473,81
1475	01.08.2025 18:31:34	17,48	-0,05	0,15	0,27	1473,81
1476	01.08.2025 18:31:35	17,48	-0,05	0,15	0,27	1473,81
1477	01.08.2025 18:31:36	17,48	-0,03	0,15	0,27	1473,81
1478	01.08.2025 18:31:37	17,48	-0,03	0,15	0,27	1473,81
1479	01.08.2025 18:31:38	17,48	-0,03	0,15	0,27	1473,81
1480	01.08.2025 18:31:39	17,48	-0,05	0,15	0,27	1473,81
1481	01.08.2025 18:31:40	17,48	-0,03	0,15	0,27	1473,81
1482	01.08.2025 18:31:41	17,48	-0,05	0,15	0,27	1473,81
1483	01.08.2025 18:31:42	17,48	-0,05	0,15	0,27	1473,81
1484	01.08.2025 18:31:43	17,48	-0,05	0,15	0,27	1473,81
1485	01.08.2025 18:31:44	17,48	-0,03	0,15	0,27	1473,81
1486	01.08.2025 18:31:45	17,48	-0,05	0,15	0,27	1473,81
1487	01.08.2025 18:31:46	17,48	-0,05	0,15	0,27	1473,81
1488	01.08.2025 18:31:47	17,48	-0,03	0,15	0,27	1473,81
1489	01.08.2025 18:31:48	17,48	-0,03	0,15	0,27	1473,81
1490	01.08.2025 18:31:49	17,48	-0,05	0,15	0,27	1473,81
1491	01.08.2025 18:31:50	17,48	-0,05	0,15	0,27	1473,81
1492	01.08.2025 18:31:51	17,48	-0,03	0,15	0,27	1473,81
1493	01.08.2025 18:31:52	17,48	-0,03	0,15	0,27	1473,81
1494	01.08.2025 18:31:53	17,48	-0,05	0,15	0,27	1473,81
1495	01.08.2025 18:31:54	17,48	-0,05	0,15	0,27	1473,81
1496	01.08.2025 18:31:55	17,48	-0,03	0,15	0,27	1473,81
1497	01.08.2025 18:31:56	17,48	-0,05	0,15	0,27	1473,81
1498	01.08.2025 18:31:57	17,48	-0,05	0,15	0,27	1473,81
1499	01.08.2025 18:31:58	17,48	-0,05	0,15	0,27	1473,81
1500	01.08.2025 18:31:59	17,48	-0,03	0,15	0,27	1473,81
1501	01.08.2025 18:32:00	17,48	-0,05	0,15	0,27	1473,81
1502	01.08.2025 18:32:01	17,48	-0,05	0,15	0,27	1473,81
1503	01.08.2025 18:32:02	17,48	-0,05	0,15	0,27	1473,81
1504	01.08.2025 18:32:03	17,48	-0,03	0,15	0,27	1473,81
1505	01.08.2025 18:32:04	17,48	-0,05	0,15	0,27	1473,81
1506	01.08.2025 18:32:05	17,48	-0,03	0,18	0,32	1473,85
1507	01.08.2025 18:32:06	17,45	-0,05	0,49	0,85	1474,11
1508	01.08.2025 18:32:07	17,48	-0,05	0,49	0,85	1474,21
1509	01.08.2025 18:32:08	17,48	-0,05	0,49	0,85	1474,21
1510	01.08.2025 18:32:09	17,45	-0,03	0,44	0,77	1474,05
1511	01.08.2025 18:32:10	17,45	-0,05	0,46	0,79	1474,07
1512	01.08.2025 18:32:11	17,45	-0,05	0,39	0,68	1473,99
1513	01.08.2025 18:32:12	17,45	-0,05	0,43	0,74	1474,03
1514	01.08.2025 18:32:13	17,45	-0,03	0,44	0,77	1474,05
1515	01.08.2025 18:32:14	17,45	-0,05	0,48	0,82	1474,09
1516	01.08.2025 18:32:15	17,45	-0,05	0,44	0,77	1474,05
1517	01.08.2025 18:32:16	17,45	-0,05	0,44	0,77	1474,05
1518	01.08.2025 18:32:17	17,45	-0,03	0,48	0,82	1474,09
1519	01.08.2025 18:32:18	17,45	-0,05	0,49	0,85	1474,11
1520	01.08.2025 18:32:19	17,45	-0,05	0,48	0,82	1474,09
1521	01.08.2025 18:32:20	17,45	-0,05	0,43	0,74	1474,03
1522	01.08.2025 18:32:21	17,45	-0,05	0,46	0,79	1474,07
1523	01.08.2025 18:32:22	17,45	-0,05	0,46	0,79	1474,07
1524	01.08.2025 18:32:23	17,45	-0,05	0,46	0,79	1474,07
1525	01.08.2025 18:32:24	17,45	-0,05	0,46	0,79	1474,07
1526	01.08.2025 18:32:25	17,45	-0,05	0,46	0,79	1474,07
1527	01.08.2025 18:32:26	17,45	-0,05	0,46	0,79	1474,07
1528	01.08.2025 18:32:27	17,45	-0,05	0,48	0,82	1474,09
1529	01.08.2025 18:32:28	17,45	-0,05	0,48	0,82	1474,09
1530	01.08.2025 18:32:29	17,45	-0,05	0,48	0,82	1474,09
1531	01.08.2025 18:32:30	17,45	-0,03	0,48	0,82	1474,09
1532	01.08.2025 18:32:31	17,45	-0,05	0,48	0,82	1474,09
1533	01.08.2025 18:32:32	17,45	-0,05	0,48	0,82	1474,09
1534	01.08.2025 18:32:33	17,42	-0,03	0,48	0,82	1473,99
1535	01.08.2025 18:32:34	17,42	-0,05	0,46	0,79	1473,97
1536	01.08.2025 18:32:35	17,42	-0,05	0,48	0,82	1473,99
1537	01.08.2025 18:32:36	17,42	-0,05	0,48	0,82	1473,99
1538	01.08.2025 18:32:37	17,42	-0,05	0,48	0,82	1473,99
1539	01.08.2025 18:32:38	17,42	-0,05	0,46	0,79	1473,97
1540	01.08.2025 18:32:39	17,42	-0,05	0,46	0,79	1473,97
1541	01.08.2025 18:32:40	17,42	-0,03	0,49	0,85	1474,01
1542	01.08.2025 18:32:41	17,42	-0,05	0,48	0,82	1473,99
1543	01.08.2025 18:32:42	17,42	-0,05	0,48	0,82	1473,99
1544	01.08.2025 18:32:43	17,42	-0,05	0,48	0,82	1473,99
1545	01.08.2025 18:32:44	17,42	-0,05	0,33	0,57	1473,81
1546	01.08.2025 18:32:45	17,42	-0,03	0,51	0,88	1474,03
1547	01.08.2025 18:32:46	17,42	-0,05	0,51	0,88	1474,03
1548	01.08.2025 18:32:47	17,42	-0,05	0,46	0,79	1473,97
1549	01.08.2025 18:32:48	17,42	-0,03	0,33	0,57	1473,82
1550	01.08.2025 18:32:49	17,42	-0,05	0,38	0,65	1473,87
1551	01.08.2025 18:32:50	17,42	-0,05	0,39	0,68	1473,89
1552	01.08.2025 18:32:51	17,42	-0,05	0,38	0,65	1473,87
1553	01.08.2025 18:32:52	17,42	-0,03	0,48	0,82	1473,99
1554	01.08.2025 18:32:53	17,42	-0,05	0,41	0,71	1473,91
1555	01.08.2025 18:32:54	17,42	-0,05	0,48	0,82	1473,99
1556	01.08.2025 18:32:55	17,42	-0,05	0,48	0,82	1473,99
1557	01.08.2025 18:32:56	17,42	-0,03	0,26	0,46	1473,74
1558	01.08.2025 18:32:57	17,42	-0,03	0,39	0,68	1473,89
1559	01.08.2025 18:32:58	17,42	-0,03	0,48	0,82	1473,99
1560	01.08.2025 18:32:59	17,42	-0,03	0,43	0,74	1473,93
1561	01.08.2025 18:33:00	17,42	-0,03	0,36	0,63	1473,86
1562	01.08.2025 18:33:01	17,42	-0,03	0,20	0,35	1473,67
1563	01.08.2025 18:33:02	17,42	-0,05	0,13	0,24	1473,59
1564	01.08.2025 18:33:03	17,42	-0,03	0,36	0,63	1473,86
1565	01.08.2025 18:33:04	17,42	-0,03	0,18	0,32	1473,65
1566	01.08.2025 18:33:05	17,42	-0,05	0,39	0,68	1473,89
1567	01.08.2025 18:33:06	17,42	-0,05	0,25	0,43	1473,72
1568	01.08.2025 18:33:07	17,42	-0,05	0,21	0,38	1473,68
1569	01.08.2025 18:33:08	17,42	-0,03	0,20	0,35	1473,67
1570	01.08.2025 18:33:09	17,42	-0,05	0,33	0,57	1473,81
1571	01.08.2025 18:33:10	17,42	-0,05	0,36	0,63	1473,85
1572	01.08.2025 18:33:11	17,42	-0,05	0,53	0,91	1474,05
1573	01.08.2025 18:33:12	17,42	-0,03	0,49	0,85	1474,01
1574	01.08.2025 18:33:13	17,39	-0,05	0,12	0,21	1473,47
1575	01.08.2025 18:33:14	17,39	0,06	0,10	0,18	1473,47
1576	01.08.2025 18:33:15	17,42	-0,05	0,13	0,24	1473,59
1577	01.08.2025 18:33:16	17,45	-0,07	0,21	0,38	1473,78
1578	01.08.2025 18:33:17	17,51	-0,03	0,13	0,24	1473,89
1579	01.08.2025 18:33:18	17,63	-0,05	0,12	0,21	1474,26
1580	01.08.2025 18:33:19	17,75	-0,05	0,32	0,57	1474,90
1581	01.08.2025 18:33:20	17,84	-0,03	0,31	0,54	1475,17
1582	01.08.2025 18:33:21	17,99	-0,08	0,52	0,91	1475,90
1583	01.08.2025 18:33:22	18,08	-0,10	0,16	0,29	1475,78
1584	01.08.2025 18:33:23	18,17	-0,07	0,13	0,24	1476,04
1585	01.08.2025 18:33:24	18,22	-0,19	0,23	0,40	1476,32
1586	01.08.2025 18:33:25	18,49	-0,14	0,32	0,57	1477,30
1587	01.08.2025 18:33:26	18,67	-0,14	0,18	0,32	1477,71
1588	01.08.2025 18:33:27	18,76	-0,10	0,19	0,35	1478,02
