#B	Created:	01.08.2025 17:33:45
##	Version	SeaStar	9.59
#5	Field separation:	0
#2	Date & Time:	1
#6	Decimal point:	,
#7	Date def.:	dd.mm.yyyy	.
#8	Time def.:	:
##	Axis	0	Temperature(°C)	clRed	FALSE
##	Axis	1	Pressure(Bar)	clBlue	FALSE
##	Axis	2	Salinity(psu)	clGreen	FALSE
##	Axis	3	Conductivity(mS/cm)	$00FF80FF	FALSE
##	Axis	4	Sound Velocity(m/sec)	$00404080	FALSE
##	Series	0	Temp(°C)	clRed	0	Temp(°C)	2
##	Series	1	Press(Bar)	clBlue	1	Press(Bar)	2
##	Series	2	Salinity(psu)	clGreen	2	Salinity(psu)	2
##	Series	3	Conduct(mS/cm)	$00FF80FF	3	Conduct(mS/cm)	2
##	Series	4	Sound Velocity(m/sec)	$00404080	4	Velocity(m/sec)	2
##	Recorder	124	DST CTD	13526
##	Chart	124S13526DAT	
#D	Data:	1571	01.08.2025 17:07:00	01.08.2025 17:33:10
1	01.08.2025 17:07:00	22,20	-0,03	1,96	3,52	1490,57
2	01.08.2025 17:07:01	22,20	-0,03	1,95	3,49	1490,55
3	01.08.2025 17:07:02	22,20	-0,03	1,95	3,49	1490,55
4	01.08.2025 17:07:03	22,20	-0,05	1,93	3,46	1490,53
5	01.08.2025 17:07:04	22,20	-0,03	1,93	3,46	1490,54
6	01.08.2025 17:07:05	22,20	-0,05	1,98	3,55	1490,59
7	01.08.2025 17:07:06	22,17	-0,03	1,95	3,49	1490,47
8	01.08.2025 17:07:07	22,17	-0,05	1,95	3,49	1490,47
9	01.08.2025 17:07:08	22,17	-0,03	1,93	3,46	1490,45
10	01.08.2025 17:07:09	22,17	-0,03	1,91	3,43	1490,43
11	01.08.2025 17:07:10	22,17	-0,03	1,95	3,49	1490,47
12	01.08.2025 17:07:11	22,17	-0,03	1,95	3,49	1490,47
13	01.08.2025 17:07:12	22,17	-0,03	1,96	3,52	1490,49
14	01.08.2025 17:07:13	22,17	-0,03	1,95	3,49	1490,47
15	01.08.2025 17:07:14	22,17	-0,03	1,95	3,49	1490,47
16	01.08.2025 17:07:15	22,14	-0,03	1,92	3,43	1490,35
17	01.08.2025 17:07:16	22,14	-0,03	1,93	3,46	1490,37
18	01.08.2025 17:07:17	22,14	-0,03	1,93	3,46	1490,37
19	01.08.2025 17:07:18	22,14	-0,05	1,93	3,46	1490,36
20	01.08.2025 17:07:19	22,14	-0,03	1,97	3,52	1490,40
21	01.08.2025 17:07:20	22,14	-0,03	1,93	3,46	1490,37
22	01.08.2025 17:07:21	22,14	-0,03	1,95	3,49	1490,39
23	01.08.2025 17:07:22	22,11	-0,03	1,95	3,49	1490,30
24	01.08.2025 17:07:23	22,11	-0,03	1,93	3,46	1490,28
25	01.08.2025 17:07:24	22,11	-0,03	1,95	3,49	1490,30
26	01.08.2025 17:07:25	22,11	-0,03	1,95	3,49	1490,30
27	01.08.2025 17:07:26	22,11	-0,03	1,93	3,46	1490,28
28	01.08.2025 17:07:27	22,11	-0,03	1,97	3,52	1490,32
29	01.08.2025 17:07:28	22,11	-0,03	1,90	3,41	1490,24
30	01.08.2025 17:07:29	22,11	-0,03	1,95	3,49	1490,30
31	01.08.2025 17:07:30	22,08	-0,01	1,92	3,43	1490,18
32	01.08.2025 17:07:31	22,08	-0,03	1,95	3,49	1490,22
33	01.08.2025 17:07:32	22,08	-0,03	1,95	3,49	1490,22
34	01.08.2025 17:07:33	22,08	-0,01	1,95	3,49	1490,22
35	01.08.2025 17:07:34	22,08	-0,03	1,93	3,46	1490,20
36	01.08.2025 17:07:35	22,08	-0,01	1,93	3,46	1490,20
37	01.08.2025 17:07:36	22,08	-0,03	1,95	3,49	1490,22
38	01.08.2025 17:07:37	22,05	-0,03	1,95	3,49	1490,13
39	01.08.2025 17:07:38	22,05	-0,01	1,95	3,49	1490,14
40	01.08.2025 17:07:39	22,05	-0,01	1,85	3,32	1490,02
41	01.08.2025 17:07:40	22,05	-0,05	1,87	3,35	1490,04
42	01.08.2025 17:07:41	22,05	-0,03	1,85	3,32	1490,02
43	01.08.2025 17:07:42	22,05	-0,03	1,92	3,43	1490,09
44	01.08.2025 17:07:43	22,05	-0,03	1,90	3,41	1490,08
45	01.08.2025 17:07:44	22,05	-0,01	1,94	3,46	1490,12
46	01.08.2025 17:07:45	22,02	-0,03	1,92	3,43	1490,01
47	01.08.2025 17:07:46	22,02	-0,01	1,95	3,49	1490,05
48	01.08.2025 17:07:47	22,02	-0,01	1,95	3,49	1490,05
49	01.08.2025 17:07:48	22,02	-0,03	1,92	3,43	1490,01
50	01.08.2025 17:07:49	22,02	-0,03	1,94	3,46	1490,03
51	01.08.2025 17:07:50	22,02	-0,03	1,94	3,46	1490,03
52	01.08.2025 17:07:51	22,02	-0,01	1,94	3,46	1490,03
53	01.08.2025 17:07:52	22,02	-0,03	1,92	3,43	1490,01
54	01.08.2025 17:07:53	22,02	-0,03	1,90	3,40	1489,99
55	01.08.2025 17:07:54	22,02	-0,01	1,90	3,40	1489,99
56	01.08.2025 17:07:55	21,99	-0,03	1,92	3,43	1489,93
57	01.08.2025 17:07:56	21,99	-0,03	1,95	3,49	1489,96
58	01.08.2025 17:07:57	21,99	-0,03	1,90	3,40	1489,91
59	01.08.2025 17:07:58	21,99	-0,05	1,95	3,49	1489,96
60	01.08.2025 17:07:59	21,99	-0,03	1,89	3,38	1489,89
61	01.08.2025 17:08:00	21,99	-0,05	1,92	3,43	1489,92
62	01.08.2025 17:08:01	21,99	-0,03	1,92	3,43	1489,93
63	01.08.2025 17:08:02	21,99	-0,03	1,90	3,40	1489,91
64	01.08.2025 17:08:03	21,99	-0,05	1,95	3,49	1489,96
65	01.08.2025 17:08:04	21,96	-0,03	1,94	3,46	1489,86
66	01.08.2025 17:08:05	21,96	-0,03	1,92	3,43	1489,84
67	01.08.2025 17:08:06	21,96	-0,03	1,96	3,49	1489,88
68	01.08.2025 17:08:07	21,96	-0,05	1,92	3,43	1489,84
69	01.08.2025 17:08:08	21,96	-0,03	1,94	3,46	1489,86
70	01.08.2025 17:08:09	21,96	-0,03	1,91	3,40	1489,82
71	01.08.2025 17:08:10	21,96	-0,05	1,94	3,46	1489,86
72	01.08.2025 17:08:11	21,96	-0,05	1,92	3,43	1489,84
73	01.08.2025 17:08:12	21,93	-0,03	1,94	3,46	1489,78
74	01.08.2025 17:08:13	21,93	-0,05	1,96	3,49	1489,79
75	01.08.2025 17:08:14	21,93	-0,05	1,89	3,38	1489,72
76	01.08.2025 17:08:15	21,93	-0,03	1,96	3,49	1489,79
77	01.08.2025 17:08:16	21,93	-0,05	1,92	3,43	1489,75
78	01.08.2025 17:08:17	21,93	-0,05	1,91	3,40	1489,73
79	01.08.2025 17:08:18	21,93	-0,05	1,94	3,46	1489,77
80	01.08.2025 17:08:19	21,91	-0,03	1,94	3,46	1489,69
81	01.08.2025 17:08:20	21,91	-0,03	1,91	3,40	1489,65
82	01.08.2025 17:08:21	21,91	-0,03	1,92	3,43	1489,67
83	01.08.2025 17:08:22	21,91	-0,03	1,92	3,43	1489,67
84	01.08.2025 17:08:23	21,91	-0,03	1,92	3,43	1489,67
85	01.08.2025 17:08:24	21,91	-0,03	1,91	3,40	1489,65
86	01.08.2025 17:08:25	21,91	-0,03	1,94	3,46	1489,69
87	01.08.2025 17:08:26	21,91	-0,05	1,94	3,46	1489,69
88	01.08.2025 17:08:27	21,88	-0,03	1,93	3,43	1489,59
89	01.08.2025 17:08:28	21,88	-0,03	1,94	3,46	1489,61
90	01.08.2025 17:08:29	21,88	-0,03	1,93	3,43	1489,59
91	01.08.2025 17:08:30	21,88	-0,03	1,93	3,43	1489,59
92	01.08.2025 17:08:31	21,88	-0,05	1,94	3,46	1489,60
93	01.08.2025 17:08:32	21,88	-0,03	1,93	3,43	1489,59
94	01.08.2025 17:08:33	21,88	-0,03	1,94	3,46	1489,61
95	01.08.2025 17:08:34	21,85	-0,03	1,93	3,43	1489,50
96	01.08.2025 17:08:35	21,85	-0,05	1,94	3,46	1489,52
97	01.08.2025 17:08:36	21,85	-0,03	1,94	3,46	1489,52
98	01.08.2025 17:08:37	21,85	-0,03	1,91	3,40	1489,48
99	01.08.2025 17:08:38	21,85	-0,03	1,93	3,43	1489,50
100	01.08.2025 17:08:39	21,85	-0,03	1,91	3,40	1489,48
101	01.08.2025 17:08:40	21,85	-0,03	1,93	3,43	1489,50
102	01.08.2025 17:08:41	21,82	-0,03	1,95	3,46	1489,44
103	01.08.2025 17:08:42	21,82	-0,03	1,93	3,43	1489,42
104	01.08.2025 17:08:43	21,82	-0,03	1,93	3,43	1489,42
105	01.08.2025 17:08:44	21,82	-0,03	1,95	3,46	1489,44
106	01.08.2025 17:08:45	21,82	-0,03	1,95	3,46	1489,44
107	01.08.2025 17:08:46	21,82	-0,03	1,93	3,43	1489,42
108	01.08.2025 17:08:47	21,82	-0,03	1,93	3,43	1489,42
109	01.08.2025 17:08:48	21,79	-0,03	1,95	3,46	1489,35
110	01.08.2025 17:08:49	21,79	-0,03	1,93	3,43	1489,33
111	01.08.2025 17:08:50	21,79	-0,03	1,95	3,46	1489,35
112	01.08.2025 17:08:51	21,79	-0,03	1,93	3,43	1489,33
113	01.08.2025 17:08:52	21,79	-0,03	1,93	3,43	1489,33
114	01.08.2025 17:08:53	21,79	-0,03	1,95	3,46	1489,35
115	01.08.2025 17:08:54	21,79	-0,03	1,93	3,43	1489,33
116	01.08.2025 17:08:55	21,76	-0,03	1,93	3,43	1489,25
117	01.08.2025 17:08:56	21,76	-0,03	1,95	3,46	1489,27
118	01.08.2025 17:08:57	21,76	-0,03	1,91	3,40	1489,23
119	01.08.2025 17:08:58	21,76	-0,03	1,93	3,43	1489,25
120	01.08.2025 17:08:59	21,76	-0,03	1,93	3,43	1489,25
121	01.08.2025 17:09:00	21,76	-0,03	1,93	3,43	1489,25
122	01.08.2025 17:09:01	21,76	-0,03	1,95	3,46	1489,27
123	01.08.2025 17:09:02	21,73	-0,01	1,93	3,43	1489,16
124	01.08.2025 17:09:03	21,73	-0,03	1,93	3,43	1489,16
125	01.08.2025 17:09:04	21,73	-0,03	1,91	3,40	1489,14
126	01.08.2025 17:09:05	21,73	-0,03	1,93	3,43	1489,16
127	01.08.2025 17:09:06	21,73	-0,03	1,93	3,43	1489,16
128	01.08.2025 17:09:07	21,73	-0,03	1,93	3,43	1489,16
129	01.08.2025 17:09:08	21,73	-0,03	1,91	3,40	1489,14
130	01.08.2025 17:09:09	21,73	-0,03	1,91	3,40	1489,14
131	01.08.2025 17:09:10	21,70	-0,01	1,93	3,43	1489,08
132	01.08.2025 17:09:11	21,70	-0,01	1,92	3,40	1489,06
133	01.08.2025 17:09:12	21,70	-0,03	1,93	3,43	1489,08
134	01.08.2025 17:09:13	21,70	-0,01	1,93	3,43	1489,08
135	01.08.2025 17:09:14	21,67	-0,03	1,92	3,40	1488,97
136	01.08.2025 17:09:15	21,67	-0,01	1,92	3,40	1488,97
137	01.08.2025 17:09:16	21,67	-0,03	1,90	3,37	1488,95
138	01.08.2025 17:09:17	21,67	-0,03	1,93	3,43	1488,99
139	01.08.2025 17:09:18	21,64	-0,01	1,90	3,37	1488,87
140	01.08.2025 17:09:19	21,64	-0,01	1,94	3,43	1488,91
141	01.08.2025 17:09:20	21,64	-0,03	1,92	3,40	1488,89
142	01.08.2025 17:09:21	21,64	-0,05	1,92	3,40	1488,88
143	01.08.2025 17:09:22	21,61	-0,05	1,90	3,37	1488,78
144	01.08.2025 17:09:23	21,61	-0,05	1,92	3,40	1488,80
145	01.08.2025 17:09:24	21,61	-0,05	1,92	3,40	1488,80
146	01.08.2025 17:09:25	21,61	-0,03	1,92	3,40	1488,80
147	01.08.2025 17:09:26	21,58	-0,03	1,92	3,40	1488,72
148	01.08.2025 17:09:27	21,58	-0,05	1,92	3,40	1488,71
149	01.08.2025 17:09:28	21,58	-0,05	1,92	3,40	1488,71
150	01.08.2025 17:09:29	21,55	-0,05	1,92	3,40	1488,63
151	01.08.2025 17:09:30	21,55	-0,05	1,89	3,34	1488,59
152	01.08.2025 17:09:31	21,55	-0,05	1,90	3,37	1488,61
153	01.08.2025 17:09:32	21,55	-0,03	1,89	3,34	1488,59
154	01.08.2025 17:09:33	21,53	-0,05	1,91	3,37	1488,52
155	01.08.2025 17:09:34	21,53	-0,03	1,91	3,37	1488,53
156	01.08.2025 17:09:35	21,53	-0,03	1,89	3,34	1488,51
157	01.08.2025 17:09:36	21,53	-0,05	1,91	3,37	1488,52
158	01.08.2025 17:09:37	21,50	-0,03	1,89	3,34	1488,42
159	01.08.2025 17:09:38	21,50	-0,05	1,91	3,37	1488,44
160	01.08.2025 17:09:39	21,50	-0,05	1,91	3,37	1488,44
161	01.08.2025 17:09:40	21,50	-0,03	1,91	3,37	1488,44
162	01.08.2025 17:09:41	21,47	-0,05	1,89	3,34	1488,33
163	01.08.2025 17:09:42	21,47	-0,03	1,91	3,37	1488,35
164	01.08.2025 17:09:43	21,47	-0,03	1,91	3,37	1488,35
165	01.08.2025 17:09:44	21,47	-0,03	1,89	3,34	1488,33
166	01.08.2025 17:09:45	21,44	-0,03	1,91	3,37	1488,27
167	01.08.2025 17:09:46	21,44	-0,03	1,89	3,34	1488,25
168	01.08.2025 17:09:47	21,44	-0,03	1,91	3,37	1488,27
169	01.08.2025 17:09:48	21,44	-0,03	1,91	3,37	1488,27
170	01.08.2025 17:09:49	21,44	-0,05	1,91	3,37	1488,26
171	01.08.2025 17:09:50	21,41	-0,03	1,89	3,34	1488,16
172	01.08.2025 17:09:51	21,41	-0,03	1,89	3,34	1488,16
173	01.08.2025 17:09:52	21,41	-0,05	1,91	3,37	1488,18
174	01.08.2025 17:09:53	21,41	-0,05	1,89	3,34	1488,16
175	01.08.2025 17:09:54	21,41	-0,03	1,89	3,34	1488,16
176	01.08.2025 17:09:55	21,38	-0,03	1,89	3,34	1488,08
177	01.08.2025 17:09:56	21,38	-0,03	1,81	3,20	1487,98
178	01.08.2025 17:09:57	21,38	-0,03	1,84	3,26	1488,02
179	01.08.2025 17:09:58	21,38	-0,03	2,07	3,63	1488,27
180	01.08.2025 17:09:59	21,38	-0,03	1,45	2,60	1487,58
181	01.08.2025 17:10:00	21,35	-0,03	2,12	3,71	1488,24
182	01.08.2025 17:10:01	21,35	-0,03	0,77	1,42	1486,73
183	01.08.2025 17:10:02	21,35	-0,03	0,25	0,49	1486,15
184	01.08.2025 17:10:03	21,35	-0,03	0,41	0,77	1486,32
185	01.08.2025 17:10:04	21,35	-0,03	0,77	1,42	1486,73
186	01.08.2025 17:10:05	21,32	-0,03	0,85	1,56	1486,73
187	01.08.2025 17:10:06	21,32	-0,03	0,65	1,20	1486,50
188	01.08.2025 17:10:07	21,32	-0,03	0,74	1,37	1486,61
189	01.08.2025 17:10:08	21,29	-0,03	1,64	2,92	1487,53
190	01.08.2025 17:10:09	21,29	-0,21	26,10	37,85	1514,94
191	01.08.2025 17:10:10	21,06	-0,08	26,22	37,81	1514,44
192	01.08.2025 17:10:11	20,85	-0,05	26,30	37,76	1513,97
193	01.08.2025 17:10:12	20,68	0,00	26,40	37,75	1513,61
194	01.08.2025 17:10:13	20,59	0,04	26,46	37,75	1513,43
195	01.08.2025 17:10:14	20,53	0,04	26,47	37,72	1513,28
196	01.08.2025 17:10:15	20,47	0,04	26,51	37,72	1513,16
197	01.08.2025 17:10:16	20,41	0,02	26,56	37,75	1513,05
198	01.08.2025 17:10:17	20,35	0,02	26,60	37,75	1512,93
199	01.08.2025 17:10:18	20,32	0,02	26,60	37,72	1512,84
200	01.08.2025 17:10:19	20,29	0,02	26,61	37,72	1512,78
201	01.08.2025 17:10:20	20,26	0,02	26,63	37,72	1512,72
202	01.08.2025 17:10:21	20,24	0,02	26,65	37,72	1512,66
203	01.08.2025 17:10:22	20,21	0,02	26,67	37,72	1512,59
204	01.08.2025 17:10:23	20,18	0,00	26,67	37,69	1512,50
205	01.08.2025 17:10:24	20,15	0,04	26,70	37,71	1512,47
206	01.08.2025 17:10:25	20,15	0,04	26,68	37,69	1512,45
207	01.08.2025 17:10:26	20,12	0,04	26,70	37,69	1512,38
208	01.08.2025 17:10:27	20,12	0,04	26,72	37,71	1512,41
209	01.08.2025 17:10:28	20,09	0,06	26,61	37,55	1512,20
210	01.08.2025 17:10:29	20,06	0,04	26,48	37,36	1511,97
211	01.08.2025 17:10:30	20,00	0,06	26,39	37,20	1511,70
212	01.08.2025 17:10:31	19,91	0,08	26,60	37,39	1511,69
213	01.08.2025 17:10:32	19,88	0,11	26,63	37,41	1511,65
214	01.08.2025 17:10:33	19,88	0,11	26,70	37,49	1511,72
215	01.08.2025 17:10:34	19,88	0,09	26,70	37,49	1511,72
216	01.08.2025 17:10:35	19,85	0,13	26,78	37,57	1511,73
217	01.08.2025 17:10:36	19,85	0,09	26,48	37,20	1511,39
218	01.08.2025 17:10:37	19,76	0,06	26,35	36,96	1510,98
219	01.08.2025 17:10:38	19,65	0,06	26,63	37,22	1510,96
220	01.08.2025 17:10:39	19,59	0,16	26,80	37,38	1511,00
221	01.08.2025 17:10:40	19,62	0,16	26,84	37,46	1511,14
222	01.08.2025 17:10:41	19,65	0,16	26,80	37,43	1511,17
223	01.08.2025 17:10:42	19,65	0,15	26,67	37,27	1511,03
224	01.08.2025 17:10:43	19,62	0,13	26,65	37,22	1510,91
225	01.08.2025 17:10:44	19,56	0,15	26,62	37,14	1510,71
226	01.08.2025 17:10:45	19,50	0,15	26,74	37,24	1510,68
227	01.08.2025 17:10:46	19,44	0,20	26,63	37,06	1510,39
228	01.08.2025 17:10:47	19,44	0,22	26,82	37,30	1510,61
229	01.08.2025 17:10:48	19,44	0,22	26,99	37,51	1510,81
230	01.08.2025 17:10:49	19,47	0,22	26,80	37,30	1510,68
231	01.08.2025 17:10:50	19,47	0,20	26,85	37,35	1510,72
232	01.08.2025 17:10:51	19,44	0,18	26,78	37,24	1510,56
233	01.08.2025 17:10:52	19,44	0,15	26,72	37,16	1510,48
234	01.08.2025 17:10:53	19,35	0,20	26,88	37,30	1510,42
235	01.08.2025 17:10:54	19,35	0,20	26,92	37,35	1510,47
236	01.08.2025 17:10:55	19,38	0,18	26,97	37,43	1510,60
237	01.08.2025 17:10:56	19,38	0,16	26,97	37,43	1510,60
238	01.08.2025 17:10:57	19,41	0,18	26,88	37,35	1510,59
239	01.08.2025 17:10:58	19,41	0,11	26,58	36,97	1510,24
240	01.08.2025 17:10:59	19,32	0,20	27,03	37,46	1510,50
241	01.08.2025 17:11:00	19,35	0,15	26,88	37,29	1510,41
242	01.08.2025 17:11:01	19,32	0,15	26,98	37,40	1510,44
243	01.08.2025 17:11:02	19,29	0,15	26,89	37,27	1510,26
244	01.08.2025 17:11:03	19,26	0,15	26,76	37,08	1510,02
245	01.08.2025 17:11:04	19,23	0,15	26,69	36,97	1509,86
246	01.08.2025 17:11:05	19,17	0,13	26,73	36,97	1509,73
247	01.08.2025 17:11:06	19,14	0,16	26,90	37,16	1509,84
248	01.08.2025 17:11:07	19,14	0,20	27,01	37,29	1509,97
249	01.08.2025 17:11:08	19,17	0,13	26,80	37,05	1509,80
250	01.08.2025 17:11:09	19,14	0,15	26,88	37,13	1509,81
251	01.08.2025 17:11:10	19,11	0,18	26,88	37,10	1509,73
252	01.08.2025 17:11:11	19,09	0,16	26,74	36,91	1509,49
253	01.08.2025 17:11:12	19,06	0,18	26,93	37,13	1509,62
254	01.08.2025 17:11:13	19,03	0,22	26,95	37,13	1509,56
255	01.08.2025 17:11:14	19,03	0,22	26,76	36,89	1509,34
256	01.08.2025 17:11:15	19,00	0,25	26,78	36,89	1509,28
257	01.08.2025 17:11:16	18,97	0,29	26,88	36,99	1509,32
258	01.08.2025 17:11:17	18,97	0,29	26,77	36,86	1509,20
259	01.08.2025 17:11:18	18,94	0,30	26,75	36,80	1509,09
260	01.08.2025 17:11:19	18,88	0,34	26,76	36,78	1508,94
261	01.08.2025 17:11:20	18,85	0,36	26,78	36,77	1508,87
262	01.08.2025 17:11:21	18,82	0,41	26,80	36,77	1508,82
263	01.08.2025 17:11:22	18,79	0,44	26,80	36,75	1508,73
264	01.08.2025 17:11:23	18,76	0,46	26,82	36,75	1508,67
265	01.08.2025 17:11:24	18,76	0,48	26,82	36,75	1508,67
266	01.08.2025 17:11:25	18,73	0,51	26,84	36,75	1508,61
267	01.08.2025 17:11:26	18,73	0,52	26,81	36,72	1508,59
268	01.08.2025 17:11:27	18,70	0,56	26,83	36,72	1508,53
269	01.08.2025 17:11:28	18,67	0,57	26,85	36,72	1508,46
270	01.08.2025 17:11:29	18,67	0,63	26,85	36,72	1508,47
271	01.08.2025 17:11:30	18,64	0,64	26,85	36,69	1508,38
272	01.08.2025 17:11:31	18,61	0,66	26,84	36,66	1508,30
273	01.08.2025 17:11:32	18,58	0,69	26,88	36,69	1508,26
274	01.08.2025 17:11:33	18,58	0,73	26,84	36,63	1508,22
275	01.08.2025 17:11:34	18,55	0,76	26,82	36,58	1508,11
276	01.08.2025 17:11:35	18,52	0,78	26,86	36,61	1508,07
277	01.08.2025 17:11:36	18,49	0,81	26,77	36,47	1507,88
278	01.08.2025 17:11:37	18,46	0,83	26,72	36,39	1507,74
279	01.08.2025 17:11:38	18,40	0,88	26,71	36,34	1507,57
280	01.08.2025 17:11:39	18,34	0,91	26,77	36,36	1507,46
281	01.08.2025 17:11:40	18,31	0,94	26,66	36,20	1507,25
282	01.08.2025 17:11:41	18,25	0,96	26,72	36,23	1507,14
283	01.08.2025 17:11:42	18,22	0,99	26,43	35,85	1506,73
284	01.08.2025 17:11:43	18,14	0,95	26,40	35,74	1506,42
285	01.08.2025 17:11:44	18,02	1,05	26,36	35,60	1506,04
286	01.08.2025 17:11:45	17,93	1,08	26,38	35,55	1505,79
287	01.08.2025 17:11:46	17,84	1,09	26,39	35,49	1505,53
288	01.08.2025 17:11:47	17,78	1,14	26,49	35,57	1505,48
289	01.08.2025 17:11:48	17,72	1,16	26,42	35,44	1505,22
290	01.08.2025 17:11:49	17,66	1,23	26,41	35,38	1505,04
291	01.08.2025 17:11:50	17,57	1,19	26,31	35,19	1504,65
292	01.08.2025 17:11:51	17,48	1,20	26,17	34,95	1504,21
293	01.08.2025 17:11:52	17,36	1,26	26,06	34,73	1503,74
294	01.08.2025 17:11:53	17,24	1,28	25,94	34,49	1503,23
295	01.08.2025 17:11:54	17,06	1,27	25,89	34,30	1502,62
296	01.08.2025 17:11:55	16,85	1,29	25,94	34,19	1502,02
297	01.08.2025 17:11:56	16,61	1,35	26,02	34,10	1501,38
298	01.08.2025 17:11:57	16,40	1,36	26,08	34,02	1500,80
299	01.08.2025 17:11:58	16,25	1,40	25,95	33,74	1500,17
300	01.08.2025 17:11:59	16,04	1,41	26,02	33,66	1499,59
301	01.08.2025 17:12:00	15,82	1,49	26,06	33,54	1498,97
302	01.08.2025 17:12:01	15,61	1,46	26,17	33,51	1498,43
303	01.08.2025 17:12:02	15,37	1,47	26,51	33,72	1498,05
304	01.08.2025 17:12:03	15,25	1,44	26,66	33,80	1497,83
305	01.08.2025 17:12:04	15,22	1,44	26,75	33,88	1497,84
306	01.08.2025 17:12:05	15,22	1,43	26,78	33,91	1497,87
307	01.08.2025 17:12:06	15,25	1,41	26,78	33,93	1497,97
308	01.08.2025 17:12:07	15,22	1,41	26,80	33,93	1497,89
309	01.08.2025 17:12:08	15,22	1,39	26,75	33,88	1497,83
310	01.08.2025 17:12:09	15,19	1,39	26,75	33,85	1497,73
311	01.08.2025 17:12:10	15,12	1,40	26,77	33,82	1497,56
312	01.08.2025 17:12:11	15,03	1,40	26,78	33,77	1497,28
313	01.08.2025 17:12:12	14,91	1,41	26,86	33,77	1496,98
314	01.08.2025 17:12:13	14,82	1,42	26,92	33,76	1496,75
315	01.08.2025 17:12:14	14,76	1,46	26,96	33,76	1496,61
316	01.08.2025 17:12:15	14,67	1,45	27,03	33,76	1496,38
317	01.08.2025 17:12:16	14,63	1,45	27,05	33,76	1496,30
318	01.08.2025 17:12:17	14,57	1,45	27,11	33,78	1496,18
319	01.08.2025 17:12:18	14,57	1,45	27,11	33,78	1496,18
320	01.08.2025 17:12:19	14,54	1,43	27,16	33,81	1496,13
321	01.08.2025 17:12:20	14,51	1,43	27,18	33,81	1496,05
322	01.08.2025 17:12:21	14,48	1,43	27,20	33,81	1495,98
323	01.08.2025 17:12:22	14,45	1,42	27,22	33,81	1495,90
324	01.08.2025 17:12:23	14,42	1,42	27,26	33,83	1495,85
325	01.08.2025 17:12:24	14,42	1,40	27,34	33,91	1495,93
326	01.08.2025 17:12:25	14,45	1,41	27,34	33,94	1496,04
327	01.08.2025 17:12:26	14,45	1,39	27,29	33,89	1495,98
328	01.08.2025 17:12:27	14,45	1,39	27,29	33,89	1495,98
329	01.08.2025 17:12:28	14,42	1,39	27,29	33,86	1495,87
330	01.08.2025 17:12:29	14,39	1,39	27,26	33,81	1495,74
331	01.08.2025 17:12:30	14,33	1,40	27,28	33,78	1495,56
332	01.08.2025 17:12:31	14,24	1,41	27,32	33,75	1495,31
333	01.08.2025 17:12:32	14,17	1,45	27,29	33,67	1495,07
334	01.08.2025 17:12:33	14,05	1,44	27,23	33,51	1494,59
335	01.08.2025 17:12:34	13,93	1,45	27,19	33,37	1494,14
336	01.08.2025 17:12:35	13,80	1,48	27,16	33,23	1493,69
337	01.08.2025 17:12:36	13,65	1,49	27,26	33,23	1493,30
338	01.08.2025 17:12:37	13,55	1,52	27,42	33,33	1493,18
339	01.08.2025 17:12:38	13,52	1,50	27,52	33,41	1493,19
340	01.08.2025 17:12:39	13,49	1,50	27,59	33,46	1493,17
341	01.08.2025 17:12:40	13,49	1,47	27,59	33,46	1493,16
342	01.08.2025 17:12:41	13,49	1,47	27,59	33,46	1493,16
343	01.08.2025 17:12:42	13,49	1,45	27,59	33,46	1493,16
344	01.08.2025 17:12:43	13,46	1,45	27,61	33,46	1493,08
345	01.08.2025 17:12:44	13,43	1,45	27,63	33,46	1493,00
346	01.08.2025 17:12:45	13,40	1,44	27,63	33,44	1492,90
347	01.08.2025 17:12:46	13,37	1,46	27,63	33,41	1492,79
348	01.08.2025 17:12:47	13,34	1,44	27,67	33,43	1492,74
349	01.08.2025 17:12:48	13,31	1,44	27,70	33,43	1492,66
350	01.08.2025 17:12:49	13,28	1,46	27,72	33,43	1492,58
351	01.08.2025 17:12:50	13,28	1,46	27,72	33,43	1492,58
352	01.08.2025 17:12:51	13,24	1,45	27,76	33,46	1492,53
353	01.08.2025 17:12:52	13,24	1,45	27,79	33,48	1492,56
354	01.08.2025 17:12:53	13,21	1,45	27,84	33,51	1492,51
355	01.08.2025 17:12:54	13,21	1,45	27,86	33,54	1492,54
356	01.08.2025 17:12:55	13,21	1,45	27,91	33,59	1492,60
357	01.08.2025 17:12:56	13,21	1,45	27,91	33,59	1492,60
358	01.08.2025 17:12:57	13,21	1,45	27,96	33,64	1492,66
359	01.08.2025 17:12:58	13,21	1,45	27,96	33,64	1492,66
360	01.08.2025 17:12:59	13,21	1,45	27,96	33,64	1492,66
361	01.08.2025 17:13:00	13,21	1,45	27,93	33,62	1492,63
362	01.08.2025 17:13:01	13,18	1,45	27,91	33,56	1492,49
363	01.08.2025 17:13:02	13,18	1,45	27,86	33,51	1492,43
364	01.08.2025 17:13:03	13,12	1,45	27,83	33,43	1492,19
365	01.08.2025 17:13:04	13,09	1,46	27,83	33,40	1492,08
366	01.08.2025 17:13:05	13,03	1,46	27,82	33,35	1491,86
367	01.08.2025 17:13:06	12,96	1,48	27,84	33,32	1491,67
368	01.08.2025 17:13:07	12,93	1,47	27,79	33,24	1491,50
369	01.08.2025 17:13:08	12,87	1,47	27,68	33,07	1491,16
370	01.08.2025 17:13:09	12,78	1,47	27,53	32,83	1490,65
371	01.08.2025 17:13:10	12,65	1,48	27,29	32,48	1489,94
372	01.08.2025 17:13:11	12,46	1,47	27,00	32,02	1488,93
373	01.08.2025 17:13:12	12,24	1,48	26,95	31,80	1488,11
374	01.08.2025 17:13:13	12,02	1,52	26,93	31,61	1487,32
375	01.08.2025 17:13:14	11,83	1,54	26,91	31,44	1486,63
376	01.08.2025 17:13:15	11,64	1,57	27,02	31,41	1486,10
377	01.08.2025 17:13:16	11,48	1,60	27,13	31,41	1485,67
378	01.08.2025 17:13:17	11,38	1,61	27,20	31,40	1485,42
379	01.08.2025 17:13:18	11,32	1,64	27,17	31,32	1485,16
380	01.08.2025 17:13:19	11,22	1,64	27,08	31,16	1484,71
381	01.08.2025 17:13:20	11,10	1,65	27,09	31,07	1484,27
382	01.08.2025 17:13:21	10,97	1,66	27,08	30,96	1483,80
383	01.08.2025 17:13:22	10,84	1,66	27,12	30,91	1483,38
384	01.08.2025 17:13:23	10,74	1,69	27,16	30,88	1483,09
385	01.08.2025 17:13:24	10,65	1,70	27,15	30,79	1482,73
386	01.08.2025 17:13:25	10,52	1,73	27,20	30,74	1482,32
387	01.08.2025 17:13:26	10,39	1,74	27,21	30,65	1481,87
388	01.08.2025 17:13:27	10,29	1,75	27,20	30,57	1481,50
389	01.08.2025 17:13:28	10,16	1,76	27,24	30,51	1481,08
390	01.08.2025 17:13:29	10,03	1,77	27,31	30,49	1480,69
391	01.08.2025 17:13:30	9,93	1,82	27,38	30,48	1480,42
392	01.08.2025 17:13:31	9,83	1,82	27,48	30,51	1480,18
393	01.08.2025 17:13:32	9,77	1,85	27,58	30,56	1480,07
394	01.08.2025 17:13:33	9,67	1,86	27,63	30,53	1479,77
395	01.08.2025 17:13:34	9,61	1,88	27,68	30,53	1479,59
396	01.08.2025 17:13:35	9,51	1,89	27,75	30,53	1479,32
397	01.08.2025 17:13:36	9,44	1,92	27,80	30,52	1479,14
398	01.08.2025 17:13:37	9,34	1,92	27,87	30,52	1478,86
399	01.08.2025 17:13:38	9,28	1,95	27,95	30,55	1478,71
400	01.08.2025 17:13:39	9,21	1,96	28,00	30,55	1478,53
401	01.08.2025 17:13:40	9,11	1,99	28,07	30,54	1478,26
402	01.08.2025 17:13:41	9,05	1,99	28,07	30,49	1478,01
403	01.08.2025 17:13:42	8,95	2,02	28,12	30,46	1477,70
404	01.08.2025 17:13:43	8,88	2,04	28,12	30,40	1477,44
405	01.08.2025 17:13:44	8,78	2,05	28,14	30,35	1477,10
406	01.08.2025 17:13:45	8,68	2,08	28,10	30,24	1476,68
407	01.08.2025 17:13:46	8,58	2,07	28,10	30,15	1476,29
408	01.08.2025 17:13:47	8,48	2,12	28,09	30,07	1475,91
409	01.08.2025 17:13:48	8,35	2,13	28,17	30,04	1475,50
410	01.08.2025 17:13:49	8,28	2,15	28,19	30,01	1475,27
411	01.08.2025 17:13:50	8,21	2,18	28,19	29,96	1475,02
412	01.08.2025 17:13:51	8,11	2,19	28,21	29,90	1474,66
413	01.08.2025 17:13:52	8,04	2,19	28,04	29,68	1474,18
414	01.08.2025 17:13:53	7,91	2,22	28,06	29,60	1473,69
415	01.08.2025 17:13:54	7,77	2,25	28,05	29,49	1473,16
416	01.08.2025 17:13:55	7,64	2,26	28,16	29,49	1472,77
417	01.08.2025 17:13:56	7,57	2,31	28,41	29,67	1472,83
418	01.08.2025 17:13:57	7,50	2,32	28,41	29,62	1472,57
419	01.08.2025 17:13:58	7,43	2,32	28,29	29,45	1472,15
420	01.08.2025 17:13:59	7,33	2,36	28,26	29,35	1471,72
421	01.08.2025 17:14:00	7,23	2,36	28,22	29,23	1471,27
422	01.08.2025 17:14:01	7,09	2,39	28,30	29,21	1470,84
423	01.08.2025 17:14:02	6,99	2,44	28,38	29,20	1470,54
424	01.08.2025 17:14:03	6,92	2,43	28,44	29,20	1470,34
425	01.08.2025 17:14:04	6,82	2,46	28,49	29,17	1470,01
426	01.08.2025 17:14:05	6,75	2,46	28,52	29,14	1469,77
427	01.08.2025 17:14:06	6,68	2,49	28,57	29,14	1469,57
428	01.08.2025 17:14:07	6,61	2,50	28,66	29,17	1469,40
429	01.08.2025 17:14:08	6,58	2,52	28,72	29,19	1469,34
430	01.08.2025 17:14:09	6,51	2,53	28,80	29,22	1469,17
431	01.08.2025 17:14:10	6,47	2,55	28,89	29,27	1469,15
432	01.08.2025 17:14:11	6,44	2,57	28,97	29,32	1469,12
433	01.08.2025 17:14:12	6,40	2,56	28,94	29,27	1468,94
434	01.08.2025 17:14:13	6,33	2,58	28,94	29,21	1468,67
435	01.08.2025 17:14:14	6,26	2,59	28,88	29,10	1468,31
436	01.08.2025 17:14:15	6,19	2,62	28,91	29,08	1468,07
437	01.08.2025 17:14:16	6,09	2,62	28,85	28,94	1467,57
438	01.08.2025 17:14:17	6,02	2,63	28,79	28,83	1467,21
439	01.08.2025 17:14:18	5,91	2,66	28,55	28,53	1466,49
440	01.08.2025 17:14:19	5,74	2,65	28,40	28,26	1465,58
441	01.08.2025 17:14:20	5,56	2,68	28,36	28,09	1464,82
442	01.08.2025 17:14:21	5,42	2,71	28,30	27,93	1464,16
443	01.08.2025 17:14:22	5,24	2,75	28,38	27,87	1463,54
444	01.08.2025 17:14:23	5,10	2,78	28,53	27,90	1463,15
445	01.08.2025 17:14:24	4,99	2,81	28,74	28,00	1462,98
446	01.08.2025 17:14:25	4,92	2,84	28,92	28,11	1462,93
447	01.08.2025 17:14:26	4,92	2,84	28,77	27,97	1462,73
448	01.08.2025 17:14:27	4,85	2,84	28,68	27,84	1462,31
449	01.08.2025 17:14:28	4,78	2,87	28,68	27,78	1462,02
450	01.08.2025 17:14:29	4,67	2,88	28,74	27,75	1461,65
451	01.08.2025 17:14:30	4,56	2,91	28,73	27,67	1461,20
452	01.08.2025 17:14:31	4,49	2,92	28,73	27,61	1460,90
453	01.08.2025 17:14:32	4,38	2,94	28,82	27,61	1460,56
454	01.08.2025 17:14:33	4,31	2,97	28,83	27,55	1460,26
455	01.08.2025 17:14:34	4,24	3,00	28,82	27,50	1459,96
456	01.08.2025 17:14:35	4,16	3,01	28,92	27,52	1459,77
457	01.08.2025 17:14:36	4,09	3,03	29,04	27,58	1459,63
458	01.08.2025 17:14:37	4,06	3,06	29,26	27,74	1459,76
459	01.08.2025 17:14:38	4,06	3,06	29,26	27,74	1459,76
460	01.08.2025 17:14:39	4,06	3,08	29,23	27,71	1459,73
461	01.08.2025 17:14:40	3,98	3,09	29,20	27,63	1459,38
462	01.08.2025 17:14:41	3,95	3,09	29,23	27,63	1459,27
463	01.08.2025 17:14:42	3,91	3,12	29,29	27,65	1459,20
464	01.08.2025 17:14:43	3,84	3,14	29,36	27,65	1458,97
465	01.08.2025 17:14:44	3,80	3,17	29,36	27,62	1458,82
466	01.08.2025 17:14:45	3,76	3,17	29,39	27,62	1458,71
467	01.08.2025 17:14:46	3,76	3,20	29,36	27,59	1458,67
468	01.08.2025 17:14:47	3,73	3,22	29,36	27,57	1458,52
469	01.08.2025 17:14:48	3,69	3,23	29,36	27,54	1458,36
470	01.08.2025 17:14:49	3,62	3,25	29,39	27,51	1458,09
471	01.08.2025 17:14:50	3,58	3,26	29,39	27,48	1457,94
472	01.08.2025 17:14:51	3,50	3,28	29,39	27,43	1457,63
473	01.08.2025 17:14:52	3,47	3,31	29,36	27,37	1457,43
474	01.08.2025 17:14:53	3,39	3,32	29,43	27,37	1457,20
475	01.08.2025 17:14:54	3,36	3,34	29,43	27,34	1457,05
476	01.08.2025 17:14:55	3,28	3,35	29,56	27,40	1456,90
477	01.08.2025 17:14:56	3,25	3,40	29,65	27,45	1456,87
478	01.08.2025 17:14:57	3,25	3,40	29,72	27,50	1456,96
479	01.08.2025 17:14:58	3,21	3,44	29,88	27,61	1457,01
480	01.08.2025 17:14:59	3,21	3,45	29,91	27,64	1457,06
481	01.08.2025 17:15:00	3,25	3,46	29,84	27,61	1457,13
482	01.08.2025 17:15:01	3,21	3,49	29,81	27,56	1456,94
483	01.08.2025 17:15:02	3,17	3,49	29,72	27,45	1456,65
484	01.08.2025 17:15:03	3,13	3,50	29,66	27,37	1456,41
485	01.08.2025 17:15:04	3,10	3,52	29,59	27,28	1456,17
486	01.08.2025 17:15:05	3,02	3,53	29,66	27,28	1455,94
487	01.08.2025 17:15:06	2,95	3,56	29,69	27,25	1455,66
488	01.08.2025 17:15:07	2,91	3,60	29,69	27,23	1455,51
489	01.08.2025 17:15:08	2,84	3,61	29,76	27,22	1455,27
490	01.08.2025 17:15:09	2,80	3,63	29,80	27,22	1455,16
491	01.08.2025 17:15:10	2,76	3,66	29,83	27,22	1455,04
492	01.08.2025 17:15:11	2,72	3,67	29,86	27,22	1454,93
493	01.08.2025 17:15:12	2,72	3,71	29,86	27,22	1454,93
494	01.08.2025 17:15:13	2,68	3,71	29,90	27,22	1454,81
495	01.08.2025 17:15:14	2,65	3,74	29,86	27,17	1454,61
496	01.08.2025 17:15:15	2,61	3,76	29,83	27,11	1454,41
497	01.08.2025 17:15:16	2,57	3,77	29,87	27,11	1454,29
498	01.08.2025 17:15:17	2,53	3,80	29,90	27,11	1454,18
499	01.08.2025 17:15:18	2,50	3,82	29,90	27,08	1454,01
500	01.08.2025 17:15:19	2,46	3,84	29,91	27,06	1453,85
501	01.08.2025 17:15:20	2,42	3,85	29,94	27,05	1453,74
502	01.08.2025 17:15:21	2,38	3,88	29,94	27,03	1453,58
503	01.08.2025 17:15:22	2,34	3,92	29,98	27,03	1453,46
504	01.08.2025 17:15:23	2,34	3,93	29,98	27,03	1453,46
505	01.08.2025 17:15:24	2,31	3,95	29,98	27,00	1453,30
506	01.08.2025 17:15:25	2,27	3,97	30,01	27,00	1453,18
507	01.08.2025 17:15:26	2,23	4,00	30,05	27,00	1453,07
508	01.08.2025 17:15:27	2,23	4,02	30,08	27,02	1453,11
509	01.08.2025 17:15:28	2,19	4,03	30,11	27,02	1452,99
510	01.08.2025 17:15:29	2,19	4,07	30,05	26,97	1452,91
511	01.08.2025 17:15:30	2,15	4,06	30,08	26,97	1452,79
512	01.08.2025 17:15:31	2,12	4,08	30,02	26,89	1452,54
513	01.08.2025 17:15:32	2,04	4,11	30,02	26,83	1452,21
514	01.08.2025 17:15:33	2,00	4,13	30,03	26,80	1452,05
515	01.08.2025 17:15:34	1,96	4,16	30,03	26,78	1451,89
516	01.08.2025 17:15:35	1,89	4,17	30,07	26,75	1451,60
517	01.08.2025 17:15:36	1,85	4,21	30,10	26,75	1451,48
518	01.08.2025 17:15:37	1,81	4,22	30,14	26,75	1451,36
519	01.08.2025 17:15:38	1,77	4,24	30,37	26,91	1451,50
520	01.08.2025 17:15:39	1,77	4,27	30,44	26,96	1451,59
521	01.08.2025 17:15:40	1,77	4,31	30,47	26,99	1451,64
522	01.08.2025 17:15:41	1,77	4,31	30,50	27,01	1451,69
523	01.08.2025 17:15:42	1,77	4,34	30,50	27,01	1451,69
524	01.08.2025 17:15:43	1,77	4,36	30,50	27,01	1451,70
525	01.08.2025 17:15:44	1,77	4,38	30,54	27,04	1451,74
526	01.08.2025 17:15:45	1,77	4,41	30,50	27,01	1451,70
527	01.08.2025 17:15:46	1,77	4,43	30,50	27,01	1451,71
528	01.08.2025 17:15:47	1,73	4,44	30,57	27,04	1451,63
529	01.08.2025 17:15:48	1,73	4,46	30,57	27,04	1451,63
530	01.08.2025 17:15:49	1,73	4,50	30,57	27,04	1451,64
531	01.08.2025 17:15:50	1,70	4,53	30,61	27,04	1451,52
532	01.08.2025 17:15:51	1,70	4,55	30,58	27,01	1451,48
533	01.08.2025 17:15:52	1,70	4,57	30,61	27,04	1451,52
534	01.08.2025 17:15:53	1,66	4,58	30,61	27,01	1451,36
535	01.08.2025 17:15:54	1,66	4,60	30,61	27,01	1451,36
536	01.08.2025 17:15:55	1,66	4,60	30,65	27,04	1451,41
537	01.08.2025 17:15:56	1,62	4,63	30,65	27,01	1451,24
538	01.08.2025 17:15:57	1,62	4,65	30,65	27,01	1451,25
539	01.08.2025 17:15:58	1,62	4,67	30,65	27,01	1451,25
540	01.08.2025 17:15:59	1,62	4,68	30,65	27,01	1451,25
541	01.08.2025 17:16:00	1,58	4,70	30,68	27,01	1451,13
542	01.08.2025 17:16:01	1,58	4,72	30,68	27,01	1451,13
543	01.08.2025 17:16:02	1,58	4,73	30,68	27,01	1451,13
544	01.08.2025 17:16:03	1,58	4,75	30,68	27,01	1451,14
545	01.08.2025 17:16:04	1,54	4,78	30,72	27,01	1451,02
546	01.08.2025 17:16:05	1,54	4,80	30,72	27,01	1451,02
547	01.08.2025 17:16:06	1,54	4,82	30,72	27,01	1451,02
548	01.08.2025 17:16:07	1,54	4,84	30,72	27,01	1451,03
549	01.08.2025 17:16:08	1,54	4,85	30,72	27,01	1451,03
550	01.08.2025 17:16:09	1,50	4,89	30,76	27,01	1450,91
551	01.08.2025 17:16:10	1,50	4,90	30,72	26,98	1450,87
552	01.08.2025 17:16:11	1,50	4,94	30,72	26,98	1450,87
553	01.08.2025 17:16:12	1,50	4,96	30,72	26,98	1450,88
554	01.08.2025 17:16:13	1,46	4,99	30,73	26,95	1450,71
555	01.08.2025 17:16:14	1,46	5,03	30,73	26,95	1450,72
556	01.08.2025 17:16:15	1,42	5,04	30,73	26,93	1450,55
557	01.08.2025 17:16:16	1,42	5,08	30,73	26,93	1450,56
558	01.08.2025 17:16:17	1,42	5,08	30,73	26,93	1450,56
559	01.08.2025 17:16:18	1,42	5,11	30,73	26,93	1450,56
560	01.08.2025 17:16:19	1,39	5,14	30,73	26,90	1450,40
561	01.08.2025 17:16:20	1,39	5,16	30,73	26,90	1450,40
562	01.08.2025 17:16:21	1,39	5,18	30,70	26,87	1450,36
563	01.08.2025 17:16:22	1,35	5,21	30,73	26,87	1450,24
564	01.08.2025 17:16:23	1,35	5,23	30,73	26,87	1450,24
565	01.08.2025 17:16:24	1,35	5,26	30,73	26,87	1450,25
566	01.08.2025 17:16:25	1,31	5,30	30,74	26,84	1450,08
567	01.08.2025 17:16:26	1,31	5,31	30,74	26,84	1450,08
568	01.08.2025 17:16:27	1,31	5,33	30,74	26,84	1450,09
569	01.08.2025 17:16:28	1,31	5,38	30,74	26,84	1450,09
570	01.08.2025 17:16:29	1,31	5,40	30,70	26,82	1450,05
571	01.08.2025 17:16:30	1,27	5,44	30,74	26,81	1449,93
572	01.08.2025 17:16:31	1,27	5,45	30,74	26,81	1449,93
573	01.08.2025 17:16:32	1,27	5,49	30,74	26,81	1449,94
574	01.08.2025 17:16:33	1,27	5,51	30,74	26,81	1449,94
575	01.08.2025 17:16:34	1,23	5,54	30,74	26,79	1449,78
576	01.08.2025 17:16:35	1,23	5,57	30,74	26,79	1449,78
577	01.08.2025 17:16:36	1,23	5,59	30,74	26,79	1449,78
578	01.08.2025 17:16:37	1,19	5,61	30,75	26,76	1449,62
579	01.08.2025 17:16:38	1,19	5,64	30,71	26,73	1449,58
580	01.08.2025 17:16:39	1,19	5,68	30,68	26,71	1449,54
581	01.08.2025 17:16:40	1,15	5,69	30,72	26,70	1449,41
582	01.08.2025 17:16:41	1,15	5,73	30,72	26,70	1449,42
583	01.08.2025 17:16:42	1,11	5,74	30,75	26,70	1449,29
584	01.08.2025 17:16:43	1,11	5,78	30,75	26,70	1449,30
585	01.08.2025 17:16:44	1,11	5,81	30,75	26,70	1449,30
586	01.08.2025 17:16:45	1,11	5,83	30,72	26,68	1449,26
587	01.08.2025 17:16:46	1,07	5,86	30,72	26,65	1449,10
588	01.08.2025 17:16:47	1,07	5,88	30,72	26,65	1449,10
589	01.08.2025 17:16:48	1,04	5,89	30,72	26,62	1448,93
590	01.08.2025 17:16:49	1,04	5,93	30,72	26,62	1448,93
591	01.08.2025 17:16:50	1,04	5,95	30,72	26,62	1448,94
592	01.08.2025 17:16:51	1,04	5,98	30,69	26,60	1448,90
593	01.08.2025 17:16:52	1,00	6,00	30,76	26,62	1448,82
594	01.08.2025 17:16:53	1,00	6,02	30,73	26,59	1448,77
595	01.08.2025 17:16:54	0,96	6,03	30,77	26,59	1448,65
596	01.08.2025 17:16:55	0,96	6,05	30,76	26,59	1448,65
597	01.08.2025 17:16:56	0,96	6,07	30,76	26,59	1448,65
598	01.08.2025 17:16:57	0,96	6,08	30,76	26,59	1448,66
599	01.08.2025 17:16:58	0,96	6,10	30,76	26,59	1448,66
600	01.08.2025 17:16:59	0,92	6,10	30,80	26,59	1448,53
601	01.08.2025 17:17:00	0,92	6,12	30,80	26,59	1448,53
602	01.08.2025 17:17:01	0,92	6,13	30,80	26,59	1448,54
603	01.08.2025 17:17:02	0,92	6,13	30,80	26,59	1448,54
604	01.08.2025 17:17:03	0,92	6,15	30,80	26,59	1448,54
605	01.08.2025 17:17:04	0,92	6,17	30,80	26,59	1448,54
606	01.08.2025 17:17:05	0,92	6,17	30,80	26,59	1448,54
607	01.08.2025 17:17:06	0,88	6,17	30,84	26,59	1448,42
608	01.08.2025 17:17:07	0,88	6,17	30,84	26,59	1448,42
609	01.08.2025 17:17:08	0,88	6,18	30,84	26,59	1448,42
610	01.08.2025 17:17:09	0,88	6,17	30,84	26,59	1448,42
611	01.08.2025 17:17:10	0,88	6,18	30,84	26,59	1448,42
612	01.08.2025 17:17:11	0,88	6,17	30,84	26,59	1448,42
613	01.08.2025 17:17:12	0,88	6,18	30,84	26,59	1448,42
614	01.08.2025 17:17:13	0,84	6,20	30,88	26,59	1448,29
615	01.08.2025 17:17:14	0,84	6,16	30,88	26,59	1448,29
616	01.08.2025 17:17:15	0,84	6,18	30,88	26,59	1448,29
617	01.08.2025 17:17:16	0,84	6,20	30,88	26,59	1448,29
618	01.08.2025 17:17:17	0,84	6,18	30,88	26,59	1448,29
619	01.08.2025 17:17:18	0,84	6,18	30,88	26,59	1448,29
620	01.08.2025 17:17:19	0,84	6,20	30,88	26,59	1448,29
621	01.08.2025 17:17:20	0,84	6,18	30,88	26,59	1448,29
622	01.08.2025 17:17:21	0,84	6,20	30,88	26,59	1448,29
623	01.08.2025 17:17:22	0,84	6,18	30,88	26,59	1448,29
624	01.08.2025 17:17:23	0,80	6,18	30,92	26,59	1448,16
625	01.08.2025 17:17:24	0,84	6,18	30,88	26,59	1448,29
626	01.08.2025 17:17:25	0,80	6,20	30,92	26,59	1448,16
627	01.08.2025 17:17:26	0,80	6,20	30,92	26,59	1448,16
628	01.08.2025 17:17:27	0,80	6,21	30,92	26,59	1448,17
629	01.08.2025 17:17:28	0,80	6,21	30,92	26,59	1448,17
630	01.08.2025 17:17:29	0,80	6,21	30,92	26,59	1448,17
631	01.08.2025 17:17:30	0,80	6,21	30,92	26,59	1448,17
632	01.08.2025 17:17:31	0,80	6,21	30,92	26,59	1448,17
633	01.08.2025 17:17:32	0,80	6,21	30,92	26,59	1448,17
634	01.08.2025 17:17:33	0,80	6,21	30,92	26,59	1448,17
635	01.08.2025 17:17:34	0,80	6,21	30,92	26,59	1448,17
636	01.08.2025 17:17:35	0,80	6,23	30,92	26,59	1448,17
637	01.08.2025 17:17:36	0,80	6,21	30,92	26,59	1448,17
638	01.08.2025 17:17:37	0,80	6,23	30,92	26,59	1448,17
639	01.08.2025 17:17:38	0,80	6,23	30,92	26,59	1448,17
640	01.08.2025 17:17:39	0,76	6,23	30,95	26,59	1448,04
641	01.08.2025 17:17:40	0,80	6,21	30,92	26,59	1448,17
642	01.08.2025 17:17:41	0,76	6,23	30,95	26,59	1448,04
643	01.08.2025 17:17:42	0,76	6,23	30,95	26,59	1448,04
644	01.08.2025 17:17:43	0,76	6,23	30,95	26,59	1448,04
645	01.08.2025 17:17:44	0,76	6,23	30,95	26,59	1448,04
646	01.08.2025 17:17:45	0,76	6,23	30,95	26,59	1448,04
647	01.08.2025 17:17:46	0,76	6,23	30,95	26,59	1448,04
648	01.08.2025 17:17:47	0,76	6,21	30,95	26,59	1448,04
649	01.08.2025 17:17:48	0,76	6,23	30,95	26,59	1448,04
650	01.08.2025 17:17:49	0,76	6,23	30,95	26,59	1448,04
651	01.08.2025 17:17:50	0,76	6,21	30,95	26,59	1448,04
652	01.08.2025 17:17:51	0,76	6,21	30,95	26,59	1448,04
653	01.08.2025 17:17:52	0,76	6,23	30,95	26,59	1448,04
654	01.08.2025 17:17:53	0,76	6,21	30,95	26,59	1448,04
655	01.08.2025 17:17:54	0,76	6,23	30,95	26,59	1448,04
656	01.08.2025 17:17:55	0,76	6,21	30,95	26,59	1448,04
657	01.08.2025 17:17:56	0,76	6,21	30,95	26,59	1448,04
658	01.08.2025 17:17:57	0,76	6,21	30,95	26,59	1448,04
659	01.08.2025 17:17:58	0,76	6,21	30,95	26,59	1448,04
660	01.08.2025 17:17:59	0,76	6,21	30,99	26,62	1448,08
661	01.08.2025 17:18:00	0,76	6,21	30,95	26,59	1448,04
662	01.08.2025 17:18:01	0,76	6,21	30,95	26,59	1448,04
663	01.08.2025 17:18:02	0,76	6,21	30,95	26,59	1448,04
664	01.08.2025 17:18:03	0,76	6,21	30,95	26,59	1448,04
665	01.08.2025 17:18:04	0,76	6,21	30,95	26,59	1448,04
666	01.08.2025 17:18:05	0,76	6,21	30,95	26,59	1448,04
667	01.08.2025 17:18:06	0,76	6,19	30,95	26,59	1448,04
668	01.08.2025 17:18:07	0,76	6,21	30,95	26,59	1448,04
669	01.08.2025 17:18:08	0,76	6,21	30,95	26,59	1448,04
670	01.08.2025 17:18:09	0,76	6,19	30,95	26,59	1448,04
671	01.08.2025 17:18:10	0,76	6,19	30,95	26,59	1448,04
672	01.08.2025 17:18:11	0,76	6,21	30,95	26,59	1448,04
673	01.08.2025 17:18:12	0,72	6,19	30,99	26,59	1447,91
674	01.08.2025 17:18:13	0,72	6,19	30,99	26,59	1447,91
675	01.08.2025 17:18:14	0,72	6,19	30,99	26,59	1447,91
676	01.08.2025 17:18:15	0,72	6,19	30,99	26,59	1447,91
677	01.08.2025 17:18:16	0,72	6,17	30,99	26,59	1447,90
678	01.08.2025 17:18:17	0,72	6,17	30,99	26,59	1447,90
679	01.08.2025 17:18:18	0,72	6,17	30,99	26,59	1447,90
680	01.08.2025 17:18:19	0,72	6,17	30,99	26,59	1447,90
681	01.08.2025 17:18:20	0,72	6,17	30,99	26,59	1447,90
682	01.08.2025 17:18:21	0,72	6,17	30,99	26,59	1447,90
683	01.08.2025 17:18:22	0,72	6,17	30,99	26,59	1447,90
684	01.08.2025 17:18:23	0,72	6,17	30,99	26,59	1447,90
685	01.08.2025 17:18:24	0,72	6,16	30,99	26,59	1447,90
686	01.08.2025 17:18:25	0,72	6,17	30,99	26,59	1447,90
687	01.08.2025 17:18:26	0,72	6,17	30,99	26,59	1447,90
688	01.08.2025 17:18:27	0,72	6,17	30,99	26,59	1447,90
689	01.08.2025 17:18:28	0,72	6,17	30,99	26,59	1447,90
690	01.08.2025 17:18:29	0,72	6,17	30,99	26,59	1447,90
691	01.08.2025 17:18:30	0,72	6,17	30,99	26,59	1447,90
692	01.08.2025 17:18:31	0,72	6,17	30,99	26,59	1447,90
693	01.08.2025 17:18:32	0,72	6,17	30,99	26,59	1447,90
694	01.08.2025 17:18:33	0,72	6,16	30,99	26,59	1447,90
695	01.08.2025 17:18:34	0,72	6,16	30,99	26,59	1447,90
696	01.08.2025 17:18:35	0,72	6,16	30,99	26,59	1447,90
697	01.08.2025 17:18:36	0,72	6,16	30,99	26,59	1447,90
698	01.08.2025 17:18:37	0,72	6,16	30,99	26,59	1447,90
699	01.08.2025 17:18:38	0,72	6,17	30,99	26,59	1447,90
700	01.08.2025 17:18:39	0,72	6,16	30,99	26,59	1447,90
701	01.08.2025 17:18:40	0,72	6,17	30,99	26,59	1447,90
702	01.08.2025 17:18:41	0,72	6,16	30,99	26,59	1447,90
703	01.08.2025 17:18:42	0,72	6,16	30,99	26,59	1447,90
704	01.08.2025 17:18:43	0,72	6,16	30,99	26,59	1447,90
705	01.08.2025 17:18:44	0,72	6,16	30,99	26,59	1447,90
706	01.08.2025 17:18:45	0,72	6,16	30,99	26,59	1447,90
707	01.08.2025 17:18:46	0,72	6,16	30,99	26,59	1447,90
708	01.08.2025 17:18:47	0,72	6,16	30,99	26,59	1447,90
709	01.08.2025 17:18:48	0,72	6,16	30,99	26,59	1447,90
710	01.08.2025 17:18:49	0,72	6,16	30,99	26,59	1447,90
711	01.08.2025 17:18:50	0,72	6,16	30,99	26,59	1447,90
712	01.08.2025 17:18:51	0,72	6,16	30,99	26,59	1447,90
713	01.08.2025 17:18:52	0,72	6,16	30,99	26,59	1447,90
714	01.08.2025 17:18:53	0,72	6,17	30,99	26,59	1447,90
715	01.08.2025 17:18:54	0,72	6,16	30,99	26,59	1447,90
716	01.08.2025 17:18:55	0,72	6,16	30,99	26,59	1447,90
717	01.08.2025 17:18:56	0,72	6,16	31,03	26,62	1447,95
718	01.08.2025 17:18:57	0,72	6,16	30,99	26,59	1447,90
719	01.08.2025 17:18:58	0,72	6,17	31,03	26,62	1447,95
720	01.08.2025 17:18:59	0,72	6,16	31,03	26,62	1447,95
721	01.08.2025 17:19:00	0,72	6,16	30,99	26,59	1447,90
722	01.08.2025 17:19:01	0,72	6,17	30,99	26,59	1447,90
723	01.08.2025 17:19:02	0,72	6,16	30,99	26,59	1447,90
724	01.08.2025 17:19:03	0,72	6,16	30,99	26,59	1447,90
725	01.08.2025 17:19:04	0,72	6,17	30,99	26,59	1447,90
726	01.08.2025 17:19:05	0,72	6,17	30,99	26,59	1447,90
727	01.08.2025 17:19:06	0,72	6,14	30,99	26,59	1447,90
728	01.08.2025 17:19:07	0,72	6,16	30,99	26,59	1447,90
729	01.08.2025 17:19:08	0,72	6,16	30,99	26,59	1447,90
730	01.08.2025 17:19:09	0,72	6,17	30,99	26,59	1447,90
731	01.08.2025 17:19:10	0,72	6,17	30,99	26,59	1447,90
732	01.08.2025 17:19:11	0,72	6,17	30,99	26,59	1447,90
733	01.08.2025 17:19:12	0,72	6,14	30,99	26,59	1447,90
734	01.08.2025 17:19:13	0,72	6,16	30,99	26,59	1447,90
735	01.08.2025 17:19:14	0,72	6,17	30,99	26,59	1447,90
736	01.08.2025 17:19:15	0,72	6,17	31,03	26,62	1447,95
737	01.08.2025 17:19:16	0,72	6,19	30,99	26,59	1447,91
738	01.08.2025 17:19:17	0,72	6,19	30,99	26,59	1447,91
739	01.08.2025 17:19:18	0,72	6,16	30,99	26,59	1447,90
740	01.08.2025 17:19:19	0,72	6,12	30,99	26,59	1447,90
741	01.08.2025 17:19:20	0,72	6,09	31,03	26,62	1447,94
742	01.08.2025 17:19:21	0,72	6,05	31,03	26,62	1447,93
743	01.08.2025 17:19:22	0,72	6,03	30,99	26,59	1447,88
744	01.08.2025 17:19:23	0,72	6,02	31,03	26,62	1447,93
745	01.08.2025 17:19:24	0,72	6,00	31,03	26,62	1447,92
746	01.08.2025 17:19:25	0,72	5,98	31,03	26,62	1447,92
747	01.08.2025 17:19:26	0,72	5,98	31,03	26,62	1447,92
748	01.08.2025 17:19:27	0,72	5,96	30,99	26,59	1447,87
749	01.08.2025 17:19:28	0,72	5,98	31,03	26,62	1447,92
750	01.08.2025 17:19:29	0,72	6,00	31,03	26,62	1447,92
751	01.08.2025 17:19:30	0,72	6,02	31,03	26,62	1447,93
752	01.08.2025 17:19:31	0,72	6,03	30,99	26,59	1447,88
753	01.08.2025 17:19:32	0,72	6,03	30,99	26,59	1447,88
754	01.08.2025 17:19:33	0,72	6,05	30,99	26,59	1447,88
755	01.08.2025 17:19:34	0,72	6,07	30,99	26,59	1447,89
756	01.08.2025 17:19:35	0,72	6,09	31,03	26,62	1447,94
757	01.08.2025 17:19:36	0,72	6,07	31,03	26,62	1447,93
758	01.08.2025 17:19:37	0,72	6,07	30,99	26,59	1447,89
759	01.08.2025 17:19:38	0,72	6,09	30,99	26,59	1447,89
760	01.08.2025 17:19:39	0,72	6,07	31,03	26,62	1447,93
761	01.08.2025 17:19:40	0,72	6,07	31,03	26,62	1447,93
762	01.08.2025 17:19:41	0,72	6,07	31,03	26,62	1447,93
763	01.08.2025 17:19:42	0,72	6,09	31,03	26,62	1447,94
764	01.08.2025 17:19:43	0,72	6,07	31,03	26,62	1447,93
765	01.08.2025 17:19:44	0,72	6,09	30,99	26,59	1447,89
766	01.08.2025 17:19:45	0,72	6,09	31,03	26,62	1447,94
767	01.08.2025 17:19:46	0,72	6,09	31,03	26,62	1447,94
768	01.08.2025 17:19:47	0,72	6,10	30,99	26,59	1447,89
769	01.08.2025 17:19:48	0,72	6,10	30,99	26,59	1447,89
770	01.08.2025 17:19:49	0,72	6,14	30,99	26,59	1447,90
771	01.08.2025 17:19:50	0,72	6,12	31,03	26,62	1447,94
772	01.08.2025 17:19:51	0,72	6,12	31,03	26,62	1447,94
773	01.08.2025 17:19:52	0,72	6,12	30,99	26,59	1447,90
774	01.08.2025 17:19:53	0,72	6,12	30,99	26,59	1447,90
775	01.08.2025 17:19:54	0,72	6,12	30,99	26,59	1447,90
776	01.08.2025 17:19:55	0,72	6,12	30,99	26,59	1447,90
777	01.08.2025 17:19:56	0,72	6,12	31,03	26,62	1447,94
778	01.08.2025 17:19:57	0,72	6,12	31,03	26,62	1447,94
779	01.08.2025 17:19:58	0,72	6,12	31,03	26,62	1447,94
780	01.08.2025 17:19:59	0,72	6,12	30,99	26,59	1447,90
781	01.08.2025 17:20:00	0,72	6,12	30,99	26,59	1447,90
782	01.08.2025 17:20:01	0,72	6,12	30,99	26,59	1447,90
783	01.08.2025 17:20:02	0,72	6,12	31,03	26,62	1447,94
784	01.08.2025 17:20:03	0,72	6,12	31,03	26,62	1447,94
785	01.08.2025 17:20:04	0,72	6,12	30,99	26,59	1447,90
786	01.08.2025 17:20:05	0,72	6,12	30,99	26,59	1447,90
787	01.08.2025 17:20:06	0,72	6,12	31,03	26,62	1447,94
788	01.08.2025 17:20:07	0,72	6,12	30,99	26,59	1447,90
789	01.08.2025 17:20:08	0,72	6,12	30,99	26,59	1447,90
790	01.08.2025 17:20:09	0,72	6,12	31,03	26,62	1447,94
791	01.08.2025 17:20:10	0,72	6,12	31,03	26,62	1447,94
792	01.08.2025 17:20:11	0,72	6,12	30,99	26,59	1447,90
793	01.08.2025 17:20:12	0,72	6,12	30,99	26,59	1447,90
794	01.08.2025 17:20:13	0,72	6,12	30,99	26,59	1447,90
795	01.08.2025 17:20:14	0,72	6,12	31,03	26,62	1447,94
796	01.08.2025 17:20:15	0,72	6,14	30,99	26,59	1447,90
797	01.08.2025 17:20:16	0,72	6,14	31,03	26,62	1447,94
798	01.08.2025 17:20:17	0,72	6,16	30,99	26,59	1447,90
799	01.08.2025 17:20:18	0,72	6,14	31,03	26,62	1447,94
800	01.08.2025 17:20:19	0,72	6,12	31,03	26,62	1447,94
801	01.08.2025 17:20:20	0,72	6,12	31,03	26,62	1447,94
802	01.08.2025 17:20:21	0,72	6,14	30,99	26,59	1447,90
803	01.08.2025 17:20:22	0,72	6,14	31,03	26,62	1447,94
804	01.08.2025 17:20:23	0,72	6,14	31,03	26,62	1447,94
805	01.08.2025 17:20:24	0,72	6,14	30,99	26,59	1447,90
806	01.08.2025 17:20:25	0,72	6,12	31,03	26,62	1447,94
807	01.08.2025 17:20:26	0,72	6,12	31,03	26,62	1447,94
808	01.08.2025 17:20:27	0,72	6,12	31,03	26,62	1447,94
809	01.08.2025 17:20:28	0,72	6,12	31,03	26,62	1447,94
810	01.08.2025 17:20:29	0,72	6,12	31,03	26,62	1447,94
811	01.08.2025 17:20:30	0,72	6,12	31,03	26,62	1447,94
812	01.08.2025 17:20:31	0,72	6,12	31,03	26,62	1447,94
813	01.08.2025 17:20:32	0,72	6,10	31,03	26,62	1447,94
814	01.08.2025 17:20:33	0,72	6,10	30,99	26,59	1447,89
815	01.08.2025 17:20:34	0,72	6,10	31,03	26,62	1447,94
816	01.08.2025 17:20:35	0,72	6,07	31,03	26,62	1447,93
817	01.08.2025 17:20:36	0,72	6,07	31,03	26,62	1447,93
818	01.08.2025 17:20:37	0,72	6,05	31,03	26,62	1447,93
819	01.08.2025 17:20:38	0,72	6,02	31,03	26,62	1447,93
820	01.08.2025 17:20:39	0,72	6,03	31,06	26,64	1447,97
821	01.08.2025 17:20:40	0,76	6,00	31,02	26,64	1448,10
822	01.08.2025 17:20:41	0,76	6,00	31,02	26,64	1448,10
823	01.08.2025 17:20:42	0,76	5,97	30,99	26,62	1448,05
824	01.08.2025 17:20:43	0,76	5,98	31,02	26,64	1448,09
825	01.08.2025 17:20:44	0,76	5,97	31,02	26,64	1448,09
826	01.08.2025 17:20:45	0,76	5,95	31,02	26,64	1448,09
827	01.08.2025 17:20:46	0,76	5,95	31,02	26,64	1448,09
828	01.08.2025 17:20:47	0,76	5,95	31,02	26,64	1448,09
829	01.08.2025 17:20:48	0,76	5,95	31,02	26,64	1448,09
830	01.08.2025 17:20:49	0,76	5,95	31,02	26,64	1448,09
831	01.08.2025 17:20:50	0,76	5,93	31,02	26,64	1448,09
832	01.08.2025 17:20:51	0,76	5,93	31,02	26,64	1448,09
833	01.08.2025 17:20:52	0,76	5,95	31,02	26,64	1448,09
834	01.08.2025 17:20:53	0,76	5,95	31,02	26,64	1448,09
835	01.08.2025 17:20:54	0,76	5,95	31,02	26,64	1448,09
836	01.08.2025 17:20:55	0,76	5,93	31,02	26,64	1448,09
837	01.08.2025 17:20:56	0,76	5,95	30,99	26,62	1448,04
838	01.08.2025 17:20:57	0,76	5,95	31,02	26,64	1448,09
839	01.08.2025 17:20:58	0,76	5,93	31,06	26,67	1448,13
840	01.08.2025 17:20:59	0,76	5,95	31,02	26,64	1448,09
841	01.08.2025 17:21:00	0,76	5,95	31,02	26,64	1448,09
842	01.08.2025 17:21:01	0,76	5,93	31,02	26,64	1448,09
843	01.08.2025 17:21:02	0,76	5,93	31,06	26,67	1448,13
844	01.08.2025 17:21:03	0,76	5,95	31,06	26,67	1448,13
845	01.08.2025 17:21:04	0,76	5,95	31,06	26,67	1448,13
846	01.08.2025 17:21:05	0,76	5,93	31,02	26,64	1448,09
847	01.08.2025 17:21:06	0,76	5,95	31,06	26,67	1448,13
848	01.08.2025 17:21:07	0,80	5,93	31,02	26,67	1448,26
849	01.08.2025 17:21:08	0,80	5,93	31,02	26,67	1448,26
850	01.08.2025 17:21:09	0,80	5,93	31,02	26,67	1448,26
851	01.08.2025 17:21:10	0,80	5,93	31,02	26,67	1448,26
852	01.08.2025 17:21:11	0,80	5,93	31,02	26,67	1448,26
853	01.08.2025 17:21:12	0,80	5,93	30,99	26,64	1448,21
854	01.08.2025 17:21:13	0,80	5,93	31,02	26,67	1448,26
855	01.08.2025 17:21:14	0,80	5,92	31,02	26,67	1448,26
856	01.08.2025 17:21:15	0,80	5,93	31,02	26,67	1448,26
857	01.08.2025 17:21:16	0,80	5,93	31,02	26,67	1448,26
858	01.08.2025 17:21:17	0,80	5,92	31,02	26,67	1448,26
859	01.08.2025 17:21:18	0,80	5,90	31,02	26,67	1448,25
860	01.08.2025 17:21:19	0,80	5,88	30,99	26,64	1448,21
861	01.08.2025 17:21:20	0,80	5,86	31,02	26,67	1448,25
862	01.08.2025 17:21:21	0,80	5,86	31,02	26,67	1448,25
863	01.08.2025 17:21:22	0,80	5,86	30,99	26,64	1448,20
864	01.08.2025 17:21:23	0,80	5,85	31,02	26,67	1448,25
865	01.08.2025 17:21:24	0,80	5,83	31,06	26,70	1448,29
866	01.08.2025 17:21:25	0,80	5,79	31,02	26,67	1448,24
867	01.08.2025 17:21:26	0,80	5,78	31,06	26,70	1448,28
868	01.08.2025 17:21:27	0,80	5,74	31,02	26,67	1448,23
869	01.08.2025 17:21:28	0,80	5,74	31,09	26,72	1448,32
870	01.08.2025 17:21:29	0,84	5,73	31,05	26,72	1448,45
871	01.08.2025 17:21:30	0,84	5,69	31,09	26,75	1448,49
872	01.08.2025 17:21:31	0,84	5,66	31,12	26,78	1448,53
873	01.08.2025 17:21:32	0,84	5,66	31,16	26,81	1448,57
874	01.08.2025 17:21:33	0,88	5,62	31,12	26,81	1448,69
875	01.08.2025 17:21:34	0,88	5,61	31,12	26,81	1448,69
876	01.08.2025 17:21:35	0,92	5,59	31,11	26,83	1448,86
877	01.08.2025 17:21:36	0,92	5,54	31,11	26,83	1448,86
878	01.08.2025 17:21:37	0,92	5,49	31,11	26,83	1448,85
879	01.08.2025 17:21:38	0,92	5,45	31,11	26,83	1448,84
880	01.08.2025 17:21:39	0,96	5,42	31,08	26,83	1448,96
881	01.08.2025 17:21:40	0,96	5,36	31,11	26,86	1449,00
882	01.08.2025 17:21:41	0,96	5,33	31,11	26,86	1449,00
883	01.08.2025 17:21:42	0,96	5,28	31,11	26,86	1448,99
884	01.08.2025 17:21:43	0,96	5,22	31,11	26,86	1448,98
885	01.08.2025 17:21:44	0,96	5,19	31,11	26,86	1448,97
886	01.08.2025 17:21:45	0,96	5,14	31,11	26,86	1448,97
887	01.08.2025 17:21:46	0,96	5,08	31,15	26,89	1449,00
888	01.08.2025 17:21:47	1,00	5,03	31,11	26,89	1449,12
889	01.08.2025 17:21:48	1,00	5,00	31,18	26,94	1449,21
890	01.08.2025 17:21:49	1,04	4,95	31,17	26,97	1449,37
891	01.08.2025 17:21:50	1,04	4,91	31,17	26,97	1449,37
892	01.08.2025 17:21:51	1,04	4,86	31,17	26,97	1449,36
893	01.08.2025 17:21:52	1,07	4,81	31,17	27,00	1449,52
894	01.08.2025 17:21:53	1,07	4,76	31,17	27,00	1449,51
895	01.08.2025 17:21:54	1,07	4,71	31,20	27,03	1449,55
896	01.08.2025 17:21:55	1,11	4,66	31,17	27,03	1449,67
897	01.08.2025 17:21:56	1,11	4,62	31,17	27,03	1449,66
898	01.08.2025 17:21:57	1,11	4,57	31,20	27,05	1449,70
899	01.08.2025 17:21:58	1,15	4,52	31,16	27,05	1449,82
900	01.08.2025 17:21:59	1,15	4,48	31,16	27,05	1449,81
901	01.08.2025 17:22:00	1,15	4,43	31,16	27,05	1449,80
902	01.08.2025 17:22:01	1,15	4,41	31,16	27,05	1449,80
903	01.08.2025 17:22:02	1,15	4,39	31,16	27,05	1449,80
904	01.08.2025 17:22:03	1,19	4,36	31,13	27,05	1449,92
905	01.08.2025 17:22:04	1,19	4,34	31,13	27,05	1449,92
906	01.08.2025 17:22:05	1,19	4,33	31,13	27,05	1449,91
907	01.08.2025 17:22:06	1,19	4,29	31,13	27,05	1449,91
908	01.08.2025 17:22:07	1,19	4,27	31,13	27,05	1449,91
909	01.08.2025 17:22:08	1,19	4,27	31,13	27,05	1449,91
910	01.08.2025 17:22:09	1,19	4,24	31,13	27,05	1449,90
911	01.08.2025 17:22:10	1,19	4,22	31,13	27,05	1449,90
912	01.08.2025 17:22:11	1,19	4,20	31,13	27,05	1449,89
913	01.08.2025 17:22:12	1,19	4,22	31,13	27,05	1449,90
914	01.08.2025 17:22:13	1,23	4,17	31,09	27,05	1450,01
915	01.08.2025 17:22:14	1,23	4,15	31,09	27,06	1450,01
916	01.08.2025 17:22:15	1,23	4,17	31,06	27,03	1449,97
917	01.08.2025 17:22:16	1,23	4,15	31,02	27,00	1449,92
918	01.08.2025 17:22:17	1,23	4,10	30,75	26,79	1449,55
919	01.08.2025 17:22:18	1,19	4,12	30,79	26,79	1449,43
920	01.08.2025 17:22:19	1,15	4,11	30,83	26,79	1449,30
921	01.08.2025 17:22:20	1,15	4,10	30,83	26,79	1449,30
922	01.08.2025 17:22:21	1,15	4,08	30,86	26,81	1449,34
923	01.08.2025 17:22:22	1,15	4,06	30,86	26,81	1449,34
924	01.08.2025 17:22:23	1,15	4,03	30,86	26,81	1449,34
925	01.08.2025 17:22:24	1,15	4,01	30,86	26,81	1449,33
926	01.08.2025 17:22:25	1,15	3,99	30,89	26,84	1449,37
927	01.08.2025 17:22:26	1,15	3,97	30,89	26,84	1449,37
928	01.08.2025 17:22:27	1,19	3,94	30,92	26,89	1449,58
929	01.08.2025 17:22:28	1,19	3,92	30,99	26,95	1449,67
930	01.08.2025 17:22:29	1,23	3,89	31,19	27,14	1450,11
931	01.08.2025 17:22:30	1,31	3,86	31,19	27,19	1450,44
932	01.08.2025 17:22:31	1,35	3,81	31,18	27,22	1450,60
933	01.08.2025 17:22:32	1,39	3,76	31,11	27,19	1450,67
934	01.08.2025 17:22:33	1,42	3,73	31,07	27,19	1450,79
935	01.08.2025 17:22:34	1,46	3,68	31,00	27,17	1450,87
936	01.08.2025 17:22:35	1,50	3,64	30,96	27,17	1450,98
937	01.08.2025 17:22:36	1,50	3,61	30,93	27,14	1450,93
938	01.08.2025 17:22:37	1,50	3,56	30,97	27,17	1450,97
939	01.08.2025 17:22:38	1,54	3,54	30,96	27,20	1451,14
940	01.08.2025 17:22:39	1,54	3,49	31,03	27,25	1451,22
941	01.08.2025 17:22:40	1,58	3,45	30,93	27,20	1451,25
942	01.08.2025 17:22:41	1,62	3,39	30,82	27,14	1451,27
943	01.08.2025 17:22:42	1,58	3,33	30,79	27,09	1451,05
944	01.08.2025 17:22:43	1,58	3,31	30,89	27,17	1451,18
945	01.08.2025 17:22:44	1,62	3,28	31,12	27,39	1451,65
946	01.08.2025 17:22:45	1,70	3,25	31,25	27,55	1452,16
947	01.08.2025 17:22:46	1,77	3,22	31,18	27,55	1452,40
948	01.08.2025 17:22:47	1,85	3,15	31,10	27,55	1452,63
949	01.08.2025 17:22:48	1,89	3,10	30,93	27,44	1452,57
950	01.08.2025 17:22:49	1,89	3,05	30,94	27,44	1452,56
951	01.08.2025 17:22:50	1,93	3,02	30,97	27,50	1452,77
952	01.08.2025 17:22:51	1,93	2,98	31,07	27,58	1452,89
953	01.08.2025 17:22:52	1,96	2,97	31,06	27,61	1453,06
954	01.08.2025 17:22:53	2,00	2,95	31,12	27,69	1453,31
955	01.08.2025 17:22:54	2,04	2,92	31,09	27,69	1453,42
956	01.08.2025 17:22:55	2,08	2,90	31,09	27,72	1453,58
957	01.08.2025 17:22:56	2,12	2,92	31,05	27,72	1453,71
958	01.08.2025 17:22:57	2,15	2,92	31,01	27,72	1453,83
959	01.08.2025 17:22:58	2,19	2,94	31,01	27,75	1454,00
960	01.08.2025 17:22:59	2,19	2,93	30,98	27,72	1453,95
961	01.08.2025 17:23:00	2,23	2,95	30,97	27,75	1454,12
962	01.08.2025 17:23:01	2,23	2,95	30,91	27,69	1454,03
963	01.08.2025 17:23:02	2,23	2,95	30,91	27,69	1454,03
964	01.08.2025 17:23:03	2,27	2,95	30,84	27,67	1454,10
965	01.08.2025 17:23:04	2,27	2,97	30,81	27,64	1454,07
966	01.08.2025 17:23:05	2,27	2,95	30,81	27,64	1454,06
967	01.08.2025 17:23:06	2,27	2,97	30,77	27,61	1454,02
968	01.08.2025 17:23:07	2,27	2,97	30,74	27,59	1453,98
969	01.08.2025 17:23:08	2,27	2,97	30,77	27,61	1454,02
970	01.08.2025 17:23:09	2,27	2,97	30,84	27,67	1454,11
971	01.08.2025 17:23:10	2,27	2,97	30,87	27,69	1454,15
972	01.08.2025 17:23:11	2,31	2,93	30,87	27,72	1454,31
973	01.08.2025 17:23:12	2,31	2,92	30,87	27,72	1454,31
974	01.08.2025 17:23:13	2,34	2,90	30,80	27,70	1454,38
975	01.08.2025 17:23:14	2,38	2,85	30,77	27,70	1454,49
976	01.08.2025 17:23:15	2,38	2,83	30,77	27,70	1454,49
977	01.08.2025 17:23:16	2,38	2,81	30,90	27,80	1454,66
978	01.08.2025 17:23:17	2,42	2,78	30,99	27,91	1454,95
979	01.08.2025 17:23:18	2,46	2,78	31,05	27,99	1455,19
980	01.08.2025 17:23:19	2,53	2,75	31,11	28,10	1455,60
981	01.08.2025 17:23:20	2,57	2,74	31,21	28,21	1455,88
982	01.08.2025 17:23:21	2,61	2,70	31,27	28,29	1456,12
983	01.08.2025 17:23:22	2,68	2,69	31,27	28,35	1456,44
984	01.08.2025 17:23:23	2,76	2,68	31,19	28,35	1456,67
985	01.08.2025 17:23:24	2,84	2,65	31,12	28,35	1456,90
986	01.08.2025 17:23:25	2,87	2,65	31,06	28,32	1456,98
987	01.08.2025 17:23:26	2,91	2,61	31,02	28,32	1457,09
988	01.08.2025 17:23:27	2,95	2,63	30,95	28,30	1457,16
989	01.08.2025 17:23:28	2,98	2,60	30,89	28,27	1457,23
990	01.08.2025 17:23:29	2,98	2,60	30,92	28,30	1457,28
991	01.08.2025 17:23:30	3,02	2,60	30,82	28,25	1457,31
992	01.08.2025 17:23:31	3,02	2,60	30,79	28,22	1457,27
993	01.08.2025 17:23:32	3,02	2,59	30,72	28,17	1457,18
994	01.08.2025 17:23:33	3,06	2,57	30,79	28,25	1457,42
995	01.08.2025 17:23:34	3,06	2,60	30,75	28,22	1457,38
996	01.08.2025 17:23:35	3,06	2,62	30,79	28,25	1457,43
997	01.08.2025 17:23:36	3,10	2,64	30,81	28,30	1457,63
998	01.08.2025 17:23:37	3,10	2,64	30,81	28,30	1457,63
999	01.08.2025 17:23:38	3,10	2,68	30,85	28,33	1457,68
1000	01.08.2025 17:23:39	3,13	2,70	30,75	28,28	1457,71
1001	01.08.2025 17:23:40	3,13	2,70	30,81	28,33	1457,79
1002	01.08.2025 17:23:41	3,17	2,68	30,78	28,33	1457,91
1003	01.08.2025 17:23:42	3,17	2,68	30,78	28,33	1457,91
1004	01.08.2025 17:23:43	3,17	2,66	30,78	28,33	1457,90
1005	01.08.2025 17:23:44	3,21	2,65	30,74	28,33	1458,02
1006	01.08.2025 17:23:45	3,21	2,63	30,71	28,30	1457,97
1007	01.08.2025 17:23:46	3,21	2,63	30,71	28,30	1457,97
1008	01.08.2025 17:23:47	3,21	2,60	30,71	28,30	1457,97
1009	01.08.2025 17:23:48	3,25	2,60	30,68	28,31	1458,08
1010	01.08.2025 17:23:49	3,25	2,58	30,74	28,36	1458,16
1011	01.08.2025 17:23:50	3,28	2,58	30,84	28,47	1458,45
1012	01.08.2025 17:23:51	3,32	2,57	31,02	28,65	1458,85
1013	01.08.2025 17:23:52	3,36	2,55	31,09	28,74	1459,09
1014	01.08.2025 17:23:53	3,47	2,54	31,27	28,98	1459,80
1015	01.08.2025 17:23:54	3,58	2,51	31,29	29,09	1460,30
1016	01.08.2025 17:23:55	3,65	2,50	31,29	29,14	1460,60
1017	01.08.2025 17:23:56	3,73	2,46	31,28	29,20	1460,90
1018	01.08.2025 17:23:57	3,80	2,45	31,25	29,23	1461,16
1019	01.08.2025 17:23:58	3,87	2,44	31,34	29,36	1461,59
1020	01.08.2025 17:23:59	3,95	2,41	31,33	29,42	1461,89
1021	01.08.2025 17:24:00	4,06	2,39	31,26	29,45	1462,26
1022	01.08.2025 17:24:01	4,09	2,38	31,23	29,45	1462,36
1023	01.08.2025 17:24:02	4,16	2,35	31,13	29,42	1462,54
1024	01.08.2025 17:24:03	4,24	2,33	31,00	29,37	1462,67
1025	01.08.2025 17:24:04	4,27	2,32	30,97	29,37	1462,78
1026	01.08.2025 17:24:05	4,31	2,28	30,93	29,37	1462,88
1027	01.08.2025 17:24:06	4,35	2,27	30,87	29,35	1462,95
1028	01.08.2025 17:24:07	4,38	2,27	30,90	29,40	1463,14
1029	01.08.2025 17:24:08	4,42	2,24	30,90	29,43	1463,28
1030	01.08.2025 17:24:09	4,49	2,26	30,96	29,54	1463,66
1031	01.08.2025 17:24:10	4,53	2,22	30,99	29,59	1463,85
1032	01.08.2025 17:24:11	4,60	2,19	30,95	29,62	1464,10
1033	01.08.2025 17:24:12	4,67	2,18	30,92	29,65	1464,35
1034	01.08.2025 17:24:13	4,78	2,17	30,85	29,68	1464,71
1035	01.08.2025 17:24:14	4,82	2,13	30,82	29,68	1464,81
1036	01.08.2025 17:24:15	4,89	2,12	30,78	29,71	1465,06
1037	01.08.2025 17:24:16	4,92	2,10	30,78	29,74	1465,21
1038	01.08.2025 17:24:17	4,99	2,07	30,81	29,82	1465,53
1039	01.08.2025 17:24:18	5,03	2,07	30,90	29,93	1465,80
1040	01.08.2025 17:24:19	5,14	2,06	31,08	30,17	1466,46
1041	01.08.2025 17:24:20	5,24	2,07	31,07	30,25	1466,89
1042	01.08.2025 17:24:21	5,35	2,02	31,10	30,36	1467,35
1043	01.08.2025 17:24:22	5,46	1,99	31,03	30,39	1467,70
1044	01.08.2025 17:24:23	5,53	1,96	30,49	29,97	1467,28
1045	01.08.2025 17:24:24	5,63	1,93	30,94	30,45	1468,28
1046	01.08.2025 17:24:25	5,74	1,92	30,81	30,43	1468,55
1047	01.08.2025 17:24:26	5,77	1,88	30,81	30,45	1468,69
1048	01.08.2025 17:24:27	5,84	1,87	30,78	30,48	1468,93
1049	01.08.2025 17:24:28	5,91	1,84	30,75	30,51	1469,17
1050	01.08.2025 17:24:29	5,98	1,82	30,75	30,57	1469,44
1051	01.08.2025 17:24:30	6,05	1,81	30,74	30,62	1469,72
1052	01.08.2025 17:24:31	6,16	1,80	30,68	30,65	1470,06
1053	01.08.2025 17:24:32	6,26	1,77	30,56	30,63	1470,32
1054	01.08.2025 17:24:33	6,33	1,72	30,50	30,63	1470,51
1055	01.08.2025 17:24:34	6,44	1,71	30,41	30,63	1470,81
1056	01.08.2025 17:24:35	6,51	1,69	30,44	30,71	1471,12
1057	01.08.2025 17:24:36	6,58	1,66	30,50	30,82	1471,47
1058	01.08.2025 17:24:37	6,68	1,65	30,49	30,91	1471,87
1059	01.08.2025 17:24:38	6,82	1,62	30,46	30,99	1472,37
1060	01.08.2025 17:24:39	6,92	1,59	30,46	31,07	1472,77
1061	01.08.2025 17:24:40	7,06	1,56	30,46	31,18	1473,31
1062	01.08.2025 17:24:41	7,20	1,53	30,37	31,21	1473,73
1063	01.08.2025 17:24:42	7,33	1,52	30,37	31,32	1474,26
1064	01.08.2025 17:24:43	7,50	1,48	30,37	31,46	1474,91
1065	01.08.2025 17:24:44	7,64	1,47	30,34	31,55	1475,40
1066	01.08.2025 17:24:45	7,81	1,44	30,48	31,82	1476,23
1067	01.08.2025 17:24:46	7,98	1,40	30,68	32,14	1477,12
1068	01.08.2025 17:24:47	8,18	1,37	30,79	32,41	1478,02
1069	01.08.2025 17:24:48	8,38	1,36	30,82	32,61	1478,82
1070	01.08.2025 17:24:49	8,61	1,32	31,12	33,09	1480,08
1071	01.08.2025 17:24:50	8,91	1,35	31,72	33,93	1481,96
1072	01.08.2025 17:24:51	9,31	1,35	31,60	34,15	1483,28
1073	01.08.2025 17:24:52	9,67	1,25	31,30	34,17	1484,22
1074	01.08.2025 17:24:53	9,97	1,19	31,15	34,28	1485,11
1075	01.08.2025 17:24:54	10,19	1,15	30,97	34,29	1485,70
1076	01.08.2025 17:24:55	10,36	1,11	30,73	34,18	1485,98
1077	01.08.2025 17:24:56	10,52	1,10	30,49	34,08	1486,27
1078	01.08.2025 17:24:57	10,65	1,08	30,39	34,09	1486,61
1079	01.08.2025 17:24:58	10,78	1,07	30,36	34,17	1487,04
1080	01.08.2025 17:24:59	10,94	1,08	30,55	34,49	1487,84
1081	01.08.2025 17:25:00	11,16	1,04	30,66	34,79	1488,76
1082	01.08.2025 17:25:01	11,38	1,01	30,66	34,99	1489,55
1083	01.08.2025 17:25:02	11,61	1,01	30,66	35,18	1490,34
1084	01.08.2025 17:25:03	11,86	0,98	30,79	35,53	1491,38
1085	01.08.2025 17:25:04	12,11	0,98	30,77	35,73	1492,23
1086	01.08.2025 17:25:05	12,37	0,96	30,90	36,08	1493,25
1087	01.08.2025 17:25:06	12,62	0,90	30,80	36,20	1493,98
1088	01.08.2025 17:25:07	12,87	0,84	30,63	36,23	1494,62
1089	01.08.2025 17:25:08	13,09	0,78	30,48	36,26	1495,17
1090	01.08.2025 17:25:09	13,28	0,77	30,36	36,29	1495,65
1091	01.08.2025 17:25:10	13,43	0,74	30,27	36,32	1496,06
1092	01.08.2025 17:25:11	13,59	0,70	30,20	36,38	1496,48
1093	01.08.2025 17:25:12	13,74	0,69	30,10	36,41	1496,89
1094	01.08.2025 17:25:13	13,86	0,68	30,03	36,44	1497,21
1095	01.08.2025 17:25:14	13,99	0,68	30,02	36,53	1497,60
1096	01.08.2025 17:25:15	14,14	0,64	29,92	36,56	1497,99
1097	01.08.2025 17:25:16	14,27	0,61	29,86	36,59	1498,31
1098	01.08.2025 17:25:17	14,39	0,60	29,79	36,62	1498,62
1099	01.08.2025 17:25:18	14,51	0,57	29,70	36,62	1498,91
1100	01.08.2025 17:25:19	14,63	0,54	29,63	36,65	1499,23
1101	01.08.2025 17:25:20	14,76	0,51	29,54	36,65	1499,51
1102	01.08.2025 17:25:21	14,85	0,49	29,50	36,68	1499,76
1103	01.08.2025 17:25:22	14,94	0,48	29,43	36,68	1499,97
1104	01.08.2025 17:25:23	15,03	0,44	29,41	36,74	1500,24
1105	01.08.2025 17:25:24	15,15	0,43	29,34	36,77	1500,55
1106	01.08.2025 17:25:25	15,25	0,37	29,28	36,77	1500,75
1107	01.08.2025 17:25:26	15,34	0,36	29,35	36,93	1501,13
1108	01.08.2025 17:25:27	15,43	0,36	29,33	36,99	1501,40
1109	01.08.2025 17:25:28	15,61	0,30	29,16	36,94	1501,76
1110	01.08.2025 17:25:29	15,73	0,27	29,05	36,92	1502,01
1111	01.08.2025 17:25:30	15,82	0,25	29,19	37,16	1502,47
1112	01.08.2025 17:25:31	15,94	0,23	28,99	37,03	1502,61
1113	01.08.2025 17:25:32	16,07	0,20	28,83	36,95	1502,80
1114	01.08.2025 17:25:33	16,13	0,18	28,74	36,90	1502,88
1115	01.08.2025 17:25:34	16,19	0,20	28,70	36,90	1503,02
1116	01.08.2025 17:25:35	16,25	0,18	28,68	36,93	1503,19
1117	01.08.2025 17:25:36	16,31	0,15	28,60	36,88	1503,27
1118	01.08.2025 17:25:37	16,31	0,11	28,67	36,96	1503,34
1119	01.08.2025 17:25:38	16,34	0,15	28,71	37,04	1503,50
1120	01.08.2025 17:25:39	16,40	0,08	28,60	36,96	1503,54
1121	01.08.2025 17:25:40	16,46	0,02	28,51	36,91	1503,62
1122	01.08.2025 17:25:41	16,52	0,00	28,47	36,91	1503,75
1123	01.08.2025 17:25:42	16,58	0,04	28,64	37,15	1504,14
1124	01.08.2025 17:25:43	16,67	0,02	28,62	37,21	1504,40
1125	01.08.2025 17:25:44	16,76	0,04	28,79	37,48	1504,87
1126	01.08.2025 17:25:45	16,88	-0,01	28,63	37,40	1505,05
1127	01.08.2025 17:25:46	17,00	-0,07	28,53	37,38	1505,29
1128	01.08.2025 17:25:47	17,06	-0,08	28,49	37,38	1505,42
1129	01.08.2025 17:25:48	17,12	-0,05	28,58	37,54	1505,72
1130	01.08.2025 17:25:49	17,24	-0,07	28,54	37,59	1506,04
1131	01.08.2025 17:25:50	17,33	-0,07	28,53	37,65	1506,30
1132	01.08.2025 17:25:51	17,42	-0,07	28,49	37,68	1506,52
1133	01.08.2025 17:25:52	17,48	-0,08	28,45	37,68	1506,65
1134	01.08.2025 17:25:53	17,57	-0,08	28,39	37,68	1506,85
1135	01.08.2025 17:25:54	17,63	-0,12	28,30	37,63	1506,93
1136	01.08.2025 17:25:55	17,69	-0,08	28,33	37,71	1507,14
1137	01.08.2025 17:25:56	17,75	-0,08	19,50	26,92	1497,09
1138	01.08.2025 17:25:57	17,78	-0,10	21,78	29,79	1499,83
1139	01.08.2025 17:25:58	17,81	-0,10	21,74	29,76	1499,87
1140	01.08.2025 17:25:59	17,84	-0,10	21,71	29,74	1499,92
1141	01.08.2025 17:26:00	17,87	-0,10	21,69	29,74	1500,00
1142	01.08.2025 17:26:01	17,90	-0,08	21,67	29,74	1500,07
1143	01.08.2025 17:26:02	17,93	-0,10	21,57	29,63	1500,04
1144	01.08.2025 17:26:03	17,96	-0,08	21,56	29,63	1500,12
1145	01.08.2025 17:26:04	17,96	-0,10	21,58	29,66	1500,14
1146	01.08.2025 17:26:05	17,99	-0,10	21,52	29,61	1500,17
1147	01.08.2025 17:26:06	17,99	-0,08	21,54	29,63	1500,19
1148	01.08.2025 17:26:07	18,02	-0,07	21,44	29,52	1500,17
1149	01.08.2025 17:26:08	18,02	-0,05	21,51	29,61	1500,25
1150	01.08.2025 17:26:09	18,02	-0,05	21,46	29,55	1500,20
1151	01.08.2025 17:26:10	18,02	-0,05	21,40	29,47	1500,12
1152	01.08.2025 17:26:11	18,02	-0,05	21,42	29,50	1500,15
1153	01.08.2025 17:26:12	18,02	-0,05	21,40	29,47	1500,12
1154	01.08.2025 17:26:13	18,02	-0,03	21,31	29,36	1500,03
1155	01.08.2025 17:26:14	18,02	-0,05	21,31	29,36	1500,02
1156	01.08.2025 17:26:15	17,99	-0,07	21,35	29,39	1499,97
1157	01.08.2025 17:26:16	17,99	-0,07	19,67	27,28	1498,03
1158	01.08.2025 17:26:17	17,99	-0,07	15,69	22,19	1493,43
1159	01.08.2025 17:26:18	17,99	-0,05	3,52	5,56	1479,37
1160	01.08.2025 17:26:19	17,96	-0,05	0,50	0,88	1475,79
1161	01.08.2025 17:26:20	17,96	-0,05	3,23	5,12	1478,94
1162	01.08.2025 17:26:21	17,93	-0,05	1,78	2,92	1477,17
1163	01.08.2025 17:26:22	17,93	-0,05	0,31	0,54	1475,46
1164	01.08.2025 17:26:23	17,90	-0,05	0,59	1,02	1475,69
1165	01.08.2025 17:26:24	17,90	-0,05	1,12	1,88	1476,30
1166	01.08.2025 17:26:25	17,87	-0,05	1,15	1,94	1476,25
1167	01.08.2025 17:26:26	17,84	-0,05	1,05	1,77	1476,03
1168	01.08.2025 17:26:27	17,84	-0,05	0,98	1,65	1475,95
1169	01.08.2025 17:26:28	17,81	-0,05	0,76	1,29	1475,59
1170	01.08.2025 17:26:29	17,81	-0,05	0,46	0,79	1475,24
1171	01.08.2025 17:26:30	17,78	-0,03	0,24	0,43	1474,90
1172	01.08.2025 17:26:31	17,78	-0,03	0,16	0,29	1474,81
1173	01.08.2025 17:26:32	17,75	-0,03	0,16	0,29	1474,71
1174	01.08.2025 17:26:33	17,75	-0,03	0,16	0,29	1474,71
1175	01.08.2025 17:26:34	17,75	-0,03	0,15	0,27	1474,70
1176	01.08.2025 17:26:35	17,72	-0,03	0,15	0,27	1474,60
1177	01.08.2025 17:26:36	17,72	-0,03	0,15	0,27	1474,60
1178	01.08.2025 17:26:37	17,69	-0,03	0,15	0,27	1474,50
1179	01.08.2025 17:26:38	17,69	-0,03	0,13	0,24	1474,48
1180	01.08.2025 17:26:39	17,66	-0,03	0,13	0,24	1474,38
1181	01.08.2025 17:26:40	17,66	-0,03	0,13	0,24	1474,38
1182	01.08.2025 17:26:41	17,63	-0,05	0,13	0,24	1474,28
1183	01.08.2025 17:26:42	17,63	-0,05	0,13	0,24	1474,28
1184	01.08.2025 17:26:43	17,63	-0,05	0,13	0,24	1474,28
1185	01.08.2025 17:26:44	17,60	-0,05	0,12	0,21	1474,17
1186	01.08.2025 17:26:45	17,60	-0,05	0,12	0,21	1474,17
1187	01.08.2025 17:26:46	17,57	-0,03	0,12	0,21	1474,07
1188	01.08.2025 17:26:47	17,57	-0,03	0,12	0,21	1474,07
1189	01.08.2025 17:26:48	17,57	-0,03	0,12	0,21	1474,07
1190	01.08.2025 17:26:49	17,54	-0,03	0,12	0,21	1473,97
1191	01.08.2025 17:26:50	17,54	-0,03	0,12	0,21	1473,97
1192	01.08.2025 17:26:51	17,51	-0,03	0,12	0,21	1473,87
1193	01.08.2025 17:26:52	17,51	-0,03	0,12	0,21	1473,87
1194	01.08.2025 17:26:53	17,51	-0,03	0,10	0,18	1473,86
1195	01.08.2025 17:26:54	17,48	-0,03	0,10	0,18	1473,76
1196	01.08.2025 17:26:55	17,48	-0,03	0,10	0,18	1473,76
1197	01.08.2025 17:26:56	17,45	-0,03	0,12	0,21	1473,68
1198	01.08.2025 17:26:57	17,45	-0,03	0,10	0,18	1473,66
1199	01.08.2025 17:26:58	17,45	-0,03	0,10	0,18	1473,66
1200	01.08.2025 17:26:59	17,42	-0,03	0,10	0,18	1473,56
1201	01.08.2025 17:27:00	17,42	-0,03	0,10	0,18	1473,56
1202	01.08.2025 17:27:01	17,39	-0,03	0,10	0,18	1473,46
1203	01.08.2025 17:27:02	17,39	-0,03	0,10	0,18	1473,46
1204	01.08.2025 17:27:03	17,39	-0,03	0,10	0,18	1473,46
1205	01.08.2025 17:27:04	17,36	-0,03	0,10	0,18	1473,36
1206	01.08.2025 17:27:05	17,36	-0,03	0,10	0,18	1473,36
1207	01.08.2025 17:27:06	17,36	-0,03	0,10	0,18	1473,36
1208	01.08.2025 17:27:07	17,33	-0,03	0,10	0,18	1473,26
1209	01.08.2025 17:27:08	17,33	-0,03	0,10	0,18	1473,26
1210	01.08.2025 17:27:09	17,33	-0,01	0,31	0,54	1473,50
1211	01.08.2025 17:27:10	17,30	-0,03	0,28	0,49	1473,36
1212	01.08.2025 17:27:11	17,30	-0,03	0,83	1,40	1474,01
1213	01.08.2025 17:27:12	17,30	-0,01	0,94	1,57	1474,13
1214	01.08.2025 17:27:13	17,27	-0,05	0,44	0,77	1473,45
1215	01.08.2025 17:27:14	17,27	-0,03	0,53	0,91	1473,56
1216	01.08.2025 17:27:15	17,27	-0,05	0,30	0,52	1473,28
1217	01.08.2025 17:27:16	17,27	-0,03	0,83	1,40	1473,91
1218	01.08.2025 17:27:17	17,24	-0,03	0,92	1,54	1473,91
1219	01.08.2025 17:27:18	17,24	-0,05	1,22	2,02	1474,26
1220	01.08.2025 17:27:19	17,21	-0,03	0,70	1,18	1473,55
1221	01.08.2025 17:27:20	17,21	-0,03	0,18	0,32	1472,95
1222	01.08.2025 17:27:21	17,21	-0,03	0,31	0,54	1473,10
1223	01.08.2025 17:27:22	17,18	-0,03	1,17	1,93	1474,00
1224	01.08.2025 17:27:23	17,18	-0,03	1,21	1,99	1474,05
1225	01.08.2025 17:27:24	17,18	-0,03	0,43	0,74	1473,14
1226	01.08.2025 17:27:25	17,15	-0,05	0,78	1,32	1473,45
1227	01.08.2025 17:27:26	17,15	-0,03	0,58	0,99	1473,22
1228	01.08.2025 17:27:27	17,12	-0,05	0,84	1,40	1473,41
1229	01.08.2025 17:27:28	17,12	-0,03	0,15	0,27	1472,62
1230	01.08.2025 17:27:29	17,12	-0,03	0,14	0,24	1472,60
1231	01.08.2025 17:27:30	17,12	-0,03	0,14	0,24	1472,60
1232	01.08.2025 17:27:31	17,09	-0,03	0,12	0,21	1472,48
1233	01.08.2025 17:27:32	17,09	-0,03	0,12	0,21	1472,48
1234	01.08.2025 17:27:33	17,06	-0,03	0,12	0,21	1472,38
1235	01.08.2025 17:27:34	17,06	-0,03	0,12	0,21	1472,38
1236	01.08.2025 17:27:35	17,06	-0,03	0,12	0,21	1472,38
1237	01.08.2025 17:27:36	17,06	-0,03	0,10	0,18	1472,36
1238	01.08.2025 17:27:37	17,03	-0,03	0,10	0,18	1472,26
1239	01.08.2025 17:27:38	17,03	-0,03	0,12	0,21	1472,28
1240	01.08.2025 17:27:39	17,03	-0,03	0,10	0,18	1472,26
1241	01.08.2025 17:27:40	17,00	-0,01	0,10	0,18	1472,16
1242	01.08.2025 17:27:41	17,00	-0,03	0,10	0,18	1472,16
1243	01.08.2025 17:27:42	17,00	-0,03	0,10	0,18	1472,16
1244	01.08.2025 17:27:43	17,00	-0,03	0,10	0,18	1472,16
1245	01.08.2025 17:27:44	16,97	-0,03	0,10	0,18	1472,06
1246	01.08.2025 17:27:45	16,97	-0,03	0,10	0,18	1472,06
1247	01.08.2025 17:27:46	16,97	-0,03	0,10	0,18	1472,06
1248	01.08.2025 17:27:47	16,97	-0,03	0,10	0,18	1472,06
1249	01.08.2025 17:27:48	16,94	-0,03	0,10	0,18	1471,96
1250	01.08.2025 17:27:49	16,94	-0,05	0,10	0,18	1471,96
1251	01.08.2025 17:27:50	16,94	-0,01	0,10	0,18	1471,96
1252	01.08.2025 17:27:51	16,94	-0,03	0,10	0,18	1471,96
1253	01.08.2025 17:27:52	16,94	-0,03	0,10	0,18	1471,96
1254	01.08.2025 17:27:53	16,91	-0,03	0,10	0,18	1471,86
1255	01.08.2025 17:27:54	16,91	-0,05	0,10	0,18	1471,86
1256	01.08.2025 17:27:55	16,91	-0,05	0,10	0,18	1471,86
1257	01.08.2025 17:27:56	16,91	-0,05	0,09	0,16	1471,84
1258	01.08.2025 17:27:57	16,88	-0,05	0,09	0,16	1471,74
1259	01.08.2025 17:27:58	16,88	-0,05	0,10	0,18	1471,75
1260	01.08.2025 17:27:59	16,88	-0,05	0,09	0,16	1471,74
1261	01.08.2025 17:28:00	16,88	-0,05	0,09	0,16	1471,74
1262	01.08.2025 17:28:01	16,85	-0,05	0,10	0,18	1471,65
1263	01.08.2025 17:28:02	16,85	-0,05	0,10	0,18	1471,65
1264	01.08.2025 17:28:03	16,85	-0,05	0,09	0,16	1471,64
1265	01.08.2025 17:28:04	16,85	-0,05	0,09	0,16	1471,64
1266	01.08.2025 17:28:05	16,85	-0,03	0,10	0,18	1471,66
1267	01.08.2025 17:28:06	16,82	-0,03	0,09	0,16	1471,54
1268	01.08.2025 17:28:07	16,82	-0,03	0,09	0,16	1471,54
1269	01.08.2025 17:28:08	16,82	-0,05	0,09	0,16	1471,53
1270	01.08.2025 17:28:09	16,82	-0,03	0,10	0,18	1471,56
1271	01.08.2025 17:28:10	16,82	-0,03	0,09	0,16	1471,54
1272	01.08.2025 17:28:11	16,82	-0,03	0,09	0,16	1471,54
1273	01.08.2025 17:28:12	16,82	-0,03	0,09	0,16	1471,54
1274	01.08.2025 17:28:13	16,79	-0,05	0,09	0,16	1471,43
1275	01.08.2025 17:28:14	16,79	-0,05	0,09	0,16	1471,43
1276	01.08.2025 17:28:15	16,79	-0,03	0,09	0,16	1471,44
1277	01.08.2025 17:28:16	16,79	-0,03	0,09	0,16	1471,44
1278	01.08.2025 17:28:17	16,79	-0,05	0,09	0,16	1471,43
1279	01.08.2025 17:28:18	16,79	-0,05	0,09	0,16	1471,43
1280	01.08.2025 17:28:19	16,76	-0,03	0,09	0,16	1471,34
1281	01.08.2025 17:28:20	16,76	-0,05	0,09	0,16	1471,33
1282	01.08.2025 17:28:21	16,76	-0,03	0,11	0,18	1471,35
1283	01.08.2025 17:28:22	16,76	-0,03	0,09	0,16	1471,34
1284	01.08.2025 17:28:23	16,76	-0,03	0,09	0,16	1471,34
1285	01.08.2025 17:28:24	16,76	-0,03	0,09	0,16	1471,34
1286	01.08.2025 17:28:25	16,76	-0,05	0,09	0,16	1471,33
1287	01.08.2025 17:28:26	16,73	-0,03	0,09	0,16	1471,23
1288	01.08.2025 17:28:27	16,73	-0,03	0,09	0,16	1471,23
1289	01.08.2025 17:28:28	16,73	-0,03	0,09	0,16	1471,23
1290	01.08.2025 17:28:29	16,73	-0,05	0,09	0,16	1471,23
1291	01.08.2025 17:28:30	16,73	-0,03	0,09	0,16	1471,23
1292	01.08.2025 17:28:31	16,73	-0,03	0,09	0,16	1471,23
1293	01.08.2025 17:28:32	16,73	-0,03	0,09	0,16	1471,23
1294	01.08.2025 17:28:33	16,70	-0,03	0,09	0,16	1471,13
1295	01.08.2025 17:28:34	16,70	-0,03	0,09	0,16	1471,13
1296	01.08.2025 17:28:35	16,70	-0,05	0,09	0,16	1471,13
1297	01.08.2025 17:28:36	16,70	-0,03	0,09	0,16	1471,13
1298	01.08.2025 17:28:37	16,70	-0,03	0,09	0,16	1471,13
1299	01.08.2025 17:28:38	16,70	-0,05	0,09	0,16	1471,13
1300	01.08.2025 17:28:39	16,70	-0,05	0,09	0,16	1471,13
1301	01.08.2025 17:28:40	16,67	-0,05	0,09	0,16	1471,03
1302	01.08.2025 17:28:41	16,67	-0,03	0,09	0,16	1471,03
1303	01.08.2025 17:28:42	16,67	-0,03	0,09	0,16	1471,03
1304	01.08.2025 17:28:43	16,67	-0,03	0,09	0,16	1471,03
1305	01.08.2025 17:28:44	16,67	-0,03	0,09	0,16	1471,03
1306	01.08.2025 17:28:45	16,67	-0,03	0,09	0,16	1471,03
1307	01.08.2025 17:28:46	16,67	-0,03	0,09	0,16	1471,03
1308	01.08.2025 17:28:47	16,64	-0,03	0,09	0,16	1470,93
1309	01.08.2025 17:28:48	16,64	-0,03	0,09	0,16	1470,93
1310	01.08.2025 17:28:49	16,64	-0,03	0,09	0,16	1470,93
1311	01.08.2025 17:28:50	16,64	-0,05	0,09	0,16	1470,93
1312	01.08.2025 17:28:51	16,64	-0,03	0,09	0,16	1470,93
1313	01.08.2025 17:28:52	16,64	-0,03	0,09	0,16	1470,93
1314	01.08.2025 17:28:53	16,64	-0,03	0,09	0,16	1470,93
1315	01.08.2025 17:28:54	16,64	-0,03	0,09	0,16	1470,93
1316	01.08.2025 17:28:55	16,61	-0,03	0,09	0,16	1470,83
1317	01.08.2025 17:28:56	16,61	-0,03	0,09	0,16	1470,83
1318	01.08.2025 17:28:57	16,61	-0,03	0,09	0,16	1470,83
1319	01.08.2025 17:28:58	16,61	-0,03	0,09	0,16	1470,83
1320	01.08.2025 17:28:59	16,61	-0,03	0,09	0,16	1470,83
1321	01.08.2025 17:29:00	16,61	-0,03	0,09	0,16	1470,83
1322	01.08.2025 17:29:01	16,61	-0,03	0,09	0,16	1470,83
1323	01.08.2025 17:29:02	16,61	-0,03	0,09	0,16	1470,83
1324	01.08.2025 17:29:03	16,61	-0,03	0,09	0,16	1470,83
1325	01.08.2025 17:29:04	16,61	-0,03	0,09	0,16	1470,83
1326	01.08.2025 17:29:05	16,58	-0,03	0,09	0,16	1470,73
1327	01.08.2025 17:29:06	16,58	-0,03	0,09	0,16	1470,73
1328	01.08.2025 17:29:07	16,58	-0,03	0,09	0,16	1470,73
1329	01.08.2025 17:29:08	16,58	-0,03	0,09	0,16	1470,73
1330	01.08.2025 17:29:09	16,58	-0,03	0,09	0,16	1470,73
1331	01.08.2025 17:29:10	16,58	-0,03	0,09	0,16	1470,73
1332	01.08.2025 17:29:11	16,58	-0,03	0,09	0,16	1470,73
1333	01.08.2025 17:29:12	16,58	-0,03	0,09	0,16	1470,73
1334	01.08.2025 17:29:13	16,58	-0,03	0,09	0,16	1470,73
1335	01.08.2025 17:29:14	16,55	-0,07	0,09	0,16	1470,62
1336	01.08.2025 17:29:15	16,55	-0,05	0,09	0,16	1470,62
1337	01.08.2025 17:29:16	16,55	-0,05	0,09	0,16	1470,62
1338	01.08.2025 17:29:17	16,55	-0,03	0,09	0,16	1470,62
1339	01.08.2025 17:29:18	16,55	-0,05	0,09	0,16	1470,62
1340	01.08.2025 17:29:19	16,55	-0,03	0,09	0,16	1470,62
1341	01.08.2025 17:29:20	16,55	-0,05	0,09	0,16	1470,62
1342	01.08.2025 17:29:21	16,55	-0,05	0,09	0,16	1470,62
1343	01.08.2025 17:29:22	16,55	-0,03	0,09	0,16	1470,62
1344	01.08.2025 17:29:23	16,55	-0,05	0,09	0,16	1470,62
1345	01.08.2025 17:29:24	16,55	-0,03	0,09	0,16	1470,62
1346	01.08.2025 17:29:25	16,52	-0,05	0,09	0,16	1470,52
1347	01.08.2025 17:29:26	16,52	-0,05	0,09	0,16	1470,52
1348	01.08.2025 17:29:27	16,52	-0,03	0,09	0,16	1470,52
1349	01.08.2025 17:29:28	16,52	-0,03	0,09	0,16	1470,52
1350	01.08.2025 17:29:29	16,52	-0,05	0,09	0,16	1470,52
1351	01.08.2025 17:29:30	16,52	-0,05	0,09	0,16	1470,52
1352	01.08.2025 17:29:31	16,52	-0,05	0,09	0,16	1470,52
1353	01.08.2025 17:29:32	16,52	-0,05	0,09	0,16	1470,52
1354	01.08.2025 17:29:33	16,52	-0,05	0,09	0,16	1470,52
1355	01.08.2025 17:29:34	16,52	-0,05	0,09	0,16	1470,52
1356	01.08.2025 17:29:35	16,52	-0,03	0,09	0,16	1470,52
1357	01.08.2025 17:29:36	16,52	-0,05	0,09	0,16	1470,52
1358	01.08.2025 17:29:37	16,49	-0,05	0,09	0,16	1470,42
1359	01.08.2025 17:29:38	16,49	-0,05	0,09	0,16	1470,42
1360	01.08.2025 17:29:39	16,49	-0,05	0,09	0,16	1470,42
1361	01.08.2025 17:29:40	16,49	-0,05	0,09	0,16	1470,42
1362	01.08.2025 17:29:41	16,49	-0,05	0,09	0,16	1470,42
1363	01.08.2025 17:29:42	16,49	-0,05	0,09	0,16	1470,42
1364	01.08.2025 17:29:43	16,49	-0,05	0,09	0,16	1470,42
1365	01.08.2025 17:29:44	16,49	-0,03	0,09	0,16	1470,42
1366	01.08.2025 17:29:45	16,49	-0,05	0,09	0,16	1470,42
1367	01.08.2025 17:29:46	16,49	-0,05	0,09	0,16	1470,42
1368	01.08.2025 17:29:47	16,49	-0,03	0,09	0,16	1470,42
1369	01.08.2025 17:29:48	16,49	-0,05	0,09	0,16	1470,42
1370	01.08.2025 17:29:49	16,49	-0,03	0,09	0,16	1470,42
1371	01.08.2025 17:29:50	16,49	-0,05	0,09	0,16	1470,42
1372	01.08.2025 17:29:51	16,46	-0,05	0,09	0,16	1470,31
1373	01.08.2025 17:29:52	16,46	-0,05	0,09	0,16	1470,31
1374	01.08.2025 17:29:53	16,46	-0,03	0,09	0,16	1470,32
1375	01.08.2025 17:29:54	16,46	-0,05	0,09	0,16	1470,31
1376	01.08.2025 17:29:55	16,46	-0,05	0,09	0,16	1470,31
1377	01.08.2025 17:29:56	16,46	-0,05	0,09	0,16	1470,31
1378	01.08.2025 17:29:57	16,46	-0,05	0,09	0,16	1470,31
1379	01.08.2025 17:29:58	16,46	-0,05	0,09	0,16	1470,31
1380	01.08.2025 17:29:59	16,46	-0,05	0,09	0,16	1470,31
1381	01.08.2025 17:30:00	16,46	-0,05	0,09	0,16	1470,31
1382	01.08.2025 17:30:01	16,46	-0,05	0,09	0,16	1470,31
1383	01.08.2025 17:30:02	16,46	-0,05	0,09	0,16	1470,31
1384	01.08.2025 17:30:03	16,46	-0,05	0,09	0,16	1470,31
1385	01.08.2025 17:30:04	16,46	-0,05	0,09	0,16	1470,31
1386	01.08.2025 17:30:05	16,43	-0,03	0,09	0,16	1470,21
1387	01.08.2025 17:30:06	16,43	-0,05	0,09	0,16	1470,21
1388	01.08.2025 17:30:07	16,43	-0,05	0,09	0,16	1470,21
1389	01.08.2025 17:30:08	16,43	-0,05	0,09	0,16	1470,21
1390	01.08.2025 17:30:09	16,43	-0,05	0,09	0,16	1470,21
1391	01.08.2025 17:30:10	16,43	-0,03	0,09	0,16	1470,21
1392	01.08.2025 17:30:11	16,43	-0,03	0,09	0,16	1470,21
1393	01.08.2025 17:30:12	16,43	-0,05	0,09	0,16	1470,21
1394	01.08.2025 17:30:13	16,43	-0,05	0,09	0,16	1470,21
1395	01.08.2025 17:30:14	16,43	-0,05	0,09	0,16	1470,21
1396	01.08.2025 17:30:15	16,43	-0,05	0,09	0,16	1470,21
1397	01.08.2025 17:30:16	16,43	-0,05	0,09	0,16	1470,21
1398	01.08.2025 17:30:17	16,43	-0,05	0,09	0,16	1470,21
1399	01.08.2025 17:30:18	16,43	-0,05	0,09	0,16	1470,21
1400	01.08.2025 17:30:19	16,43	-0,05	0,09	0,16	1470,21
1401	01.08.2025 17:30:20	16,40	-0,05	0,09	0,16	1470,11
1402	01.08.2025 17:30:21	16,40	-0,05	0,09	0,16	1470,11
1403	01.08.2025 17:30:22	16,40	-0,03	0,09	0,16	1470,11
1404	01.08.2025 17:30:23	16,40	-0,05	0,09	0,16	1470,11
1405	01.08.2025 17:30:24	16,40	-0,03	0,09	0,16	1470,11
1406	01.08.2025 17:30:25	16,40	-0,03	0,09	0,16	1470,11
1407	01.08.2025 17:30:26	16,40	-0,03	0,09	0,16	1470,11
1408	01.08.2025 17:30:27	16,40	-0,05	0,09	0,16	1470,11
1409	01.08.2025 17:30:28	16,40	-0,03	0,09	0,16	1470,11
1410	01.08.2025 17:30:29	16,40	-0,05	0,09	0,16	1470,11
1411	01.08.2025 17:30:30	16,40	-0,05	0,09	0,16	1470,11
1412	01.08.2025 17:30:31	16,40	-0,05	0,09	0,16	1470,11
1413	01.08.2025 17:30:32	16,40	-0,05	0,09	0,16	1470,11
1414	01.08.2025 17:30:33	16,40	-0,05	0,09	0,16	1470,11
1415	01.08.2025 17:30:34	16,40	-0,05	0,09	0,16	1470,11
1416	01.08.2025 17:30:35	16,40	-0,05	0,09	0,16	1470,11
1417	01.08.2025 17:30:36	16,40	-0,03	0,09	0,16	1470,11
1418	01.08.2025 17:30:37	16,40	-0,03	0,09	0,16	1470,11
1419	01.08.2025 17:30:38	16,37	-0,03	0,09	0,16	1470,01
1420	01.08.2025 17:30:39	16,37	-0,03	0,09	0,16	1470,01
1421	01.08.2025 17:30:40	16,37	-0,03	0,09	0,16	1470,01
1422	01.08.2025 17:30:41	16,37	-0,03	0,09	0,16	1470,01
1423	01.08.2025 17:30:42	16,37	-0,05	0,09	0,16	1470,01
1424	01.08.2025 17:30:43	16,37	-0,03	0,09	0,16	1470,01
1425	01.08.2025 17:30:44	16,37	-0,05	0,09	0,16	1470,01
1426	01.08.2025 17:30:45	16,37	-0,03	0,09	0,16	1470,01
1427	01.08.2025 17:30:46	16,37	-0,05	0,09	0,16	1470,01
1428	01.08.2025 17:30:47	16,37	-0,03	0,09	0,16	1470,01
1429	01.08.2025 17:30:48	16,37	-0,05	0,09	0,16	1470,01
1430	01.08.2025 17:30:49	16,37	-0,05	0,09	0,16	1470,01
1431	01.08.2025 17:30:50	16,37	-0,05	0,09	0,16	1470,01
1432	01.08.2025 17:30:51	16,37	-0,03	0,09	0,16	1470,01
1433	01.08.2025 17:30:52	16,37	-0,05	0,09	0,16	1470,01
1434	01.08.2025 17:30:53	16,37	-0,03	0,09	0,16	1470,01
1435	01.08.2025 17:30:54	16,37	-0,03	0,09	0,16	1470,01
1436	01.08.2025 17:30:55	16,37	-0,03	0,09	0,16	1470,01
1437	01.08.2025 17:30:56	16,37	-0,05	0,09	0,16	1470,01
1438	01.08.2025 17:30:57	16,37	-0,03	0,09	0,16	1470,01
1439	01.08.2025 17:30:58	16,34	-0,05	0,09	0,16	1469,90
1440	01.08.2025 17:30:59	16,34	-0,03	0,09	0,16	1469,91
1441	01.08.2025 17:31:00	16,34	-0,05	0,09	0,16	1469,90
1442	01.08.2025 17:31:01	16,34	-0,05	0,09	0,16	1469,90
1443	01.08.2025 17:31:02	16,34	-0,03	0,09	0,16	1469,91
1444	01.08.2025 17:31:03	16,34	-0,05	0,09	0,16	1469,90
1445	01.08.2025 17:31:04	16,34	-0,03	0,09	0,16	1469,91
1446	01.08.2025 17:31:05	16,34	-0,05	0,09	0,16	1469,90
1447	01.08.2025 17:31:06	16,34	-0,05	0,09	0,16	1469,90
1448	01.08.2025 17:31:07	16,34	-0,05	0,09	0,16	1469,90
1449	01.08.2025 17:31:08	16,34	-0,05	0,09	0,16	1469,90
1450	01.08.2025 17:31:09	16,34	-0,05	0,09	0,16	1469,90
1451	01.08.2025 17:31:10	16,34	-0,05	0,09	0,16	1469,90
1452	01.08.2025 17:31:11	16,34	-0,05	0,09	0,16	1469,90
1453	01.08.2025 17:31:12	16,34	-0,03	0,09	0,16	1469,91
1454	01.08.2025 17:31:13	16,34	-0,05	0,09	0,16	1469,90
1455	01.08.2025 17:31:14	16,34	-0,03	0,09	0,16	1469,91
1456	01.08.2025 17:31:15	16,34	-0,03	0,09	0,16	1469,91
1457	01.08.2025 17:31:16	16,34	-0,03	0,09	0,16	1469,91
1458	01.08.2025 17:31:17	16,34	-0,03	0,09	0,16	1469,91
1459	01.08.2025 17:31:18	16,34	-0,05	0,09	0,16	1469,90
1460	01.08.2025 17:31:19	16,34	-0,05	0,09	0,16	1469,90
1461	01.08.2025 17:31:20	16,34	-0,03	0,09	0,16	1469,91
1462	01.08.2025 17:31:21	16,34	-0,05	0,09	0,16	1469,90
1463	01.08.2025 17:31:22	16,34	-0,05	0,09	0,16	1469,90
1464	01.08.2025 17:31:23	16,34	-0,03	0,09	0,16	1469,91
1465	01.08.2025 17:31:24	16,34	-0,03	0,09	0,16	1469,91
1466	01.08.2025 17:31:25	16,34	-0,03	0,09	0,16	1469,91
1467	01.08.2025 17:31:26	16,34	-0,03	0,09	0,16	1469,91
1468	01.08.2025 17:31:27	16,34	-0,03	0,09	0,16	1469,91
1469	01.08.2025 17:31:28	16,34	-0,03	0,09	0,16	1469,91
1470	01.08.2025 17:31:29	16,34	-0,03	0,09	0,16	1469,91
1471	01.08.2025 17:31:30	16,34	-0,03	0,09	0,16	1469,91
1472	01.08.2025 17:31:31	16,34	-0,03	0,09	0,16	1469,91
1473	01.08.2025 17:31:32	16,34	-0,03	0,09	0,16	1469,91
1474	01.08.2025 17:31:33	16,34	-0,03	0,09	0,16	1469,91
1475	01.08.2025 17:31:34	16,34	-0,05	0,09	0,16	1469,90
1476	01.08.2025 17:31:35	16,34	-0,03	0,09	0,16	1469,91
1477	01.08.2025 17:31:36	16,34	-0,03	0,09	0,16	1469,91
1478	01.08.2025 17:31:37	16,34	-0,03	0,09	0,16	1469,91
1479	01.08.2025 17:31:38	16,34	-0,03	0,09	0,16	1469,91
1480	01.08.2025 17:31:39	16,34	-0,03	0,09	0,16	1469,91
1481	01.08.2025 17:31:40	16,34	-0,03	0,09	0,16	1469,91
1482	01.08.2025 17:31:41	16,34	-0,03	0,09	0,16	1469,91
1483	01.08.2025 17:31:42	16,34	-0,05	0,90	1,48	1470,86
1484	01.08.2025 17:31:43	16,34	-0,03	0,61	1,02	1470,52
1485	01.08.2025 17:31:44	16,34	-0,03	0,40	0,68	1470,27
1486	01.08.2025 17:31:45	16,34	-0,05	0,63	1,05	1470,54
1487	01.08.2025 17:31:46	16,34	-0,05	0,49	0,82	1470,37
1488	01.08.2025 17:31:47	16,34	-0,03	0,63	1,05	1470,54
1489	01.08.2025 17:31:48	16,34	-0,03	0,71	1,17	1470,63
1490	01.08.2025 17:31:49	16,34	-0,03	0,96	1,56	1470,92
1491	01.08.2025 17:31:50	16,34	-0,03	1,08	1,76	1471,07
1492	01.08.2025 17:31:51	16,34	-0,05	0,56	0,93	1470,45
1493	01.08.2025 17:31:52	16,34	-0,03	0,94	1,54	1470,90
1494	01.08.2025 17:31:53	16,34	-0,05	0,29	0,49	1470,13
1495	01.08.2025 17:31:54	16,34	-0,05	0,34	0,57	1470,19
1496	01.08.2025 17:31:55	16,34	-0,03	0,59	0,99	1470,50
1497	01.08.2025 17:31:56	16,34	-0,03	0,73	1,20	1470,65
1498	01.08.2025 17:31:57	16,34	-0,05	0,87	1,42	1470,82
1499	01.08.2025 17:31:58	16,34	-0,03	0,94	1,54	1470,90
1500	01.08.2025 17:31:59	16,34	-0,05	0,96	1,56	1470,92
1501	01.08.2025 17:32:00	16,34	-0,05	0,80	1,31	1470,73
1502	01.08.2025 17:32:01	16,34	-0,03	0,45	0,77	1470,33
1503	01.08.2025 17:32:02	16,34	-0,05	0,85	1,40	1470,80
1504	01.08.2025 17:32:03	16,34	-0,05	0,24	0,40	1470,07
1505	01.08.2025 17:32:04	16,34	-0,03	0,71	1,17	1470,63
1506	01.08.2025 17:32:05	16,34	-0,05	0,51	0,85	1470,39
1507	01.08.2025 17:32:06	16,34	-0,03	0,47	0,79	1470,35
1508	01.08.2025 17:32:07	16,34	-0,03	0,59	0,99	1470,50
1509	01.08.2025 17:32:08	16,34	-0,03	0,45	0,77	1470,33
1510	01.08.2025 17:32:09	16,34	-0,03	0,70	1,16	1470,62
1511	01.08.2025 17:32:10	16,34	-0,03	0,68	1,13	1470,60
1512	01.08.2025 17:32:11	16,34	-0,05	1,01	1,65	1470,99
1513	01.08.2025 17:32:12	16,34	-0,03	0,76	1,26	1470,69
1514	01.08.2025 17:32:13	16,34	-0,03	0,74	1,23	1470,67
1515	01.08.2025 17:32:14	16,34	-0,03	0,49	0,82	1470,37
1516	01.08.2025 17:32:15	16,34	-0,03	0,68	1,13	1470,60
1517	01.08.2025 17:32:16	16,34	-0,03	1,18	1,90	1471,18
1518	01.08.2025 17:32:17	16,34	-0,03	1,01	1,65	1470,99
1519	01.08.2025 17:32:18	16,34	-0,03	1,01	1,65	1470,99
1520	01.08.2025 17:32:19	16,34	-0,05	1,01	1,65	1470,99
1521	01.08.2025 17:32:20	16,34	-0,05	0,99	1,62	1470,96
1522	01.08.2025 17:32:21	16,34	-0,03	1,01	1,65	1470,99
1523	01.08.2025 17:32:22	16,34	-0,03	1,01	1,65	1470,99
1524	01.08.2025 17:32:23	16,34	-0,03	1,01	1,65	1470,99
1525	01.08.2025 17:32:24	16,34	-0,03	1,03	1,68	1471,01
1526	01.08.2025 17:32:25	16,34	-0,03	1,01	1,65	1470,99
1527	01.08.2025 17:32:26	16,34	-0,03	0,99	1,62	1470,97
1528	01.08.2025 17:32:27	16,34	-0,05	1,01	1,65	1470,99
1529	01.08.2025 17:32:28	16,34	-0,05	1,03	1,68	1471,01
1530	01.08.2025 17:32:29	16,31	-0,03	1,00	1,62	1470,87
1531	01.08.2025 17:32:30	16,34	-0,03	0,99	1,62	1470,97
1532	01.08.2025 17:32:31	16,31	-0,03	1,01	1,65	1470,89
1533	01.08.2025 17:32:32	16,34	-0,03	1,05	1,70	1471,03
1534	01.08.2025 17:32:33	16,31	-0,03	1,01	1,65	1470,89
1535	01.08.2025 17:32:34	16,31	-0,03	0,98	1,59	1470,84
1536	01.08.2025 17:32:35	16,31	-0,03	1,03	1,68	1470,91
1537	01.08.2025 17:32:36	16,31	-0,03	1,03	1,68	1470,91
1538	01.08.2025 17:32:37	16,31	-0,03	0,83	1,37	1470,68
1539	01.08.2025 17:32:38	16,31	-0,03	0,85	1,40	1470,70
1540	01.08.2025 17:32:39	16,31	-0,03	1,07	1,73	1470,95
1541	01.08.2025 17:32:40	16,31	-0,03	0,25	0,43	1469,99
1542	01.08.2025 17:32:41	16,31	-0,03	0,19	0,32	1469,92
1543	01.08.2025 17:32:42	16,34	-0,05	0,92	1,51	1470,88
1544	01.08.2025 17:32:43	16,34	-0,05	0,44	0,74	1470,31
1545	01.08.2025 17:32:44	16,34	-0,03	0,12	0,21	1469,94
1546	01.08.2025 17:32:45	16,34	-0,03	0,15	0,27	1469,98
1547	01.08.2025 17:32:46	16,31	-0,05	0,70	1,16	1470,52
1548	01.08.2025 17:32:47	16,31	-0,05	0,29	0,49	1470,03
1549	01.08.2025 17:32:48	16,34	-0,05	0,17	0,29	1470,00
1550	01.08.2025 17:32:49	16,31	-0,03	0,17	0,29	1469,90
1551	01.08.2025 17:32:50	16,31	0,02	0,17	0,29	1469,91
1552	01.08.2025 17:32:51	16,34	-0,03	0,25	0,43	1470,10
1553	01.08.2025 17:32:52	16,34	-0,05	1,16	1,87	1471,16
1554	01.08.2025 17:32:53	16,34	-0,05	0,35	0,60	1470,21
1555	01.08.2025 17:32:54	16,34	-0,05	0,15	0,27	1469,98
1556	01.08.2025 17:32:55	16,52	0,00	0,12	0,21	1470,56
1557	01.08.2025 17:32:56	16,64	0,00	0,12	0,21	1470,97
1558	01.08.2025 17:32:57	16,76	0,00	0,12	0,21	1471,38
1559	01.08.2025 17:32:58	16,85	-0,03	0,25	0,43	1471,83
1560	01.08.2025 17:32:59	16,91	-0,08	0,47	0,79	1472,27
1561	01.08.2025 17:33:00	17,00	-0,07	1,16	1,90	1473,38
1562	01.08.2025 17:33:01	17,12	-0,12	0,60	1,02	1473,12
1563	01.08.2025 17:33:02	17,24	-0,07	1,24	2,04	1474,28
1564	01.08.2025 17:33:03	17,54	-0,19	1,04	1,73	1475,01
1565	01.08.2025 17:33:04	17,84	-0,24	0,32	0,57	1475,16
1566	01.08.2025 17:33:05	18,11	-0,14	0,18	0,32	1475,89
1567	01.08.2025 17:33:06	18,34	-0,15	1,16	1,97	1477,79
1568	01.08.2025 17:33:07	18,49	-0,14	0,56	0,99	1477,58
1569	01.08.2025 17:33:08	18,61	-0,14	1,26	2,14	1478,76
1570	01.08.2025 17:33:09	18,79	-0,22	1,27	2,16	1479,33
1571	01.08.2025 17:33:10	18,85	-0,21	47,84	61,63	1532,94
