#B	Created:	01.08.2025 19:21:19
##	Version	SeaStar	9.59
#5	Field separation:	0
#2	Date & Time:	1
#6	Decimal point:	,
#7	Date def.:	dd.mm.yyyy	.
#8	Time def.:	:
##	Axis	0	Temperature(°C)	clRed	FALSE
##	Axis	1	Pressure(Bar)	clBlue	FALSE
##	Axis	2	Salinity(psu)	clGreen	FALSE
##	Axis	3	Conductivity(mS/cm)	$00FF80FF	FALSE
##	Axis	4	Sound Velocity(m/sec)	$00404080	FALSE
##	Series	0	Temp(°C)	clRed	0	Temp(°C)	2
##	Series	1	Press(Bar)	clBlue	1	Press(Bar)	2
##	Series	2	Salinity(psu)	clGreen	2	Salinity(psu)	2
##	Series	3	Conduct(mS/cm)	$00FF80FF	3	Conduct(mS/cm)	2
##	Series	4	Sound Velocity(m/sec)	$00404080	4	Velocity(m/sec)	2
##	Recorder	126	DST CTD	13526
##	Chart	126S13526DAT	
#D	Data:	1546	01.08.2025 18:55:00	01.08.2025 19:20:45
1	01.08.2025 18:55:00	19,68	0,00	26,85	37,52	1511,29
2	01.08.2025 18:55:01	19,68	0,00	26,87	37,54	1511,31
3	01.08.2025 18:55:02	19,68	-0,03	26,78	37,44	1511,21
4	01.08.2025 18:55:03	19,65	0,00	26,82	37,46	1511,17
5	01.08.2025 18:55:04	19,65	-0,03	26,78	37,41	1511,12
6	01.08.2025 18:55:05	19,59	0,00	26,86	37,46	1511,05
7	01.08.2025 18:55:06	19,59	0,02	26,86	37,46	1511,05
8	01.08.2025 18:55:07	19,59	0,00	26,88	37,49	1511,07
9	01.08.2025 18:55:08	19,62	0,00	26,86	37,49	1511,13
10	01.08.2025 18:55:09	19,62	0,00	26,88	37,51	1511,16
11	01.08.2025 18:55:10	19,62	0,00	26,88	37,51	1511,16
12	01.08.2025 18:55:11	19,62	-0,01	26,90	37,54	1511,18
13	01.08.2025 18:55:12	19,62	-0,01	26,90	37,54	1511,18
14	01.08.2025 18:55:13	19,62	0,00	26,90	37,54	1511,18
15	01.08.2025 18:55:14	19,62	-0,01	26,86	37,49	1511,13
16	01.08.2025 18:55:15	19,59	0,00	26,88	37,49	1511,07
17	01.08.2025 18:55:16	19,59	0,00	26,86	37,46	1511,05
18	01.08.2025 18:55:17	19,56	0,00	26,88	37,46	1510,98
19	01.08.2025 18:55:18	19,53	0,02	26,83	37,38	1510,85
20	01.08.2025 18:55:19	19,53	0,02	26,83	37,38	1510,85
21	01.08.2025 18:55:20	19,50	0,06	26,89	37,43	1510,84
22	01.08.2025 18:55:21	19,50	0,08	26,89	37,43	1510,84
23	01.08.2025 18:55:22	19,47	0,08	26,83	37,32	1510,68
24	01.08.2025 18:55:23	19,47	0,08	26,76	37,24	1510,61
25	01.08.2025 18:55:24	19,41	0,08	26,86	37,32	1510,55
26	01.08.2025 18:55:25	19,41	0,11	26,82	37,27	1510,51
27	01.08.2025 18:55:26	19,38	0,11	26,71	37,11	1510,30
28	01.08.2025 18:55:27	19,32	0,09	26,64	36,97	1510,04
29	01.08.2025 18:55:28	19,23	0,16	26,78	37,08	1509,96
30	01.08.2025 18:55:29	19,20	0,18	26,80	37,08	1509,90
31	01.08.2025 18:55:30	19,20	0,23	26,93	37,24	1510,05
32	01.08.2025 18:55:31	19,20	0,23	26,88	37,18	1510,00
33	01.08.2025 18:55:32	19,20	0,27	26,86	37,16	1509,99
34	01.08.2025 18:55:33	19,20	0,30	26,91	37,21	1510,04
35	01.08.2025 18:55:34	19,20	0,30	26,84	37,13	1509,97
36	01.08.2025 18:55:35	19,20	0,34	26,78	37,05	1509,90
37	01.08.2025 18:55:36	19,17	0,32	26,58	36,78	1509,59
38	01.08.2025 18:55:37	19,09	0,34	26,61	36,75	1509,37
39	01.08.2025 18:55:38	19,00	0,37	26,65	36,72	1509,15
40	01.08.2025 18:55:39	18,94	0,41	26,66	36,70	1509,00
41	01.08.2025 18:55:40	18,91	0,44	26,68	36,70	1508,94
42	01.08.2025 18:55:41	18,85	0,46	26,70	36,67	1508,79
43	01.08.2025 18:55:42	18,82	0,48	26,74	36,69	1508,75
44	01.08.2025 18:55:43	18,79	0,51	26,75	36,69	1508,69
45	01.08.2025 18:55:44	18,79	0,51	26,75	36,69	1508,69
46	01.08.2025 18:55:45	18,76	0,52	26,77	36,69	1508,63
47	01.08.2025 18:55:46	18,73	0,54	26,81	36,72	1508,59
48	01.08.2025 18:55:47	18,73	0,56	26,81	36,72	1508,59
49	01.08.2025 18:55:48	18,73	0,58	26,83	36,75	1508,62
50	01.08.2025 18:55:49	18,70	0,57	26,85	36,74	1508,56
51	01.08.2025 18:55:50	18,70	0,59	26,85	36,74	1508,56
52	01.08.2025 18:55:51	18,67	0,61	26,87	36,74	1508,49
53	01.08.2025 18:55:52	18,67	0,64	26,89	36,77	1508,53
54	01.08.2025 18:55:53	18,64	0,64	26,89	36,74	1508,43
55	01.08.2025 18:55:54	18,64	0,64	26,83	36,66	1508,36
56	01.08.2025 18:55:55	18,58	0,64	26,82	36,61	1508,18
57	01.08.2025 18:55:56	18,55	0,65	26,79	36,55	1508,06
58	01.08.2025 18:55:57	18,52	0,67	26,79	36,53	1507,97
59	01.08.2025 18:55:58	18,46	0,70	26,81	36,50	1507,82
60	01.08.2025 18:55:59	18,43	0,70	26,83	36,50	1507,76
61	01.08.2025 18:56:00	18,40	0,72	26,84	36,50	1507,69
62	01.08.2025 18:56:01	18,37	0,73	26,86	36,50	1507,63
63	01.08.2025 18:56:02	18,37	0,75	26,86	36,50	1507,63
64	01.08.2025 18:56:03	18,34	0,75	26,86	36,47	1507,54
65	01.08.2025 18:56:04	18,31	0,77	26,90	36,49	1507,50
66	01.08.2025 18:56:05	18,31	0,78	26,88	36,47	1507,48
67	01.08.2025 18:56:06	18,28	0,80	26,90	36,47	1507,41
68	01.08.2025 18:56:07	18,28	0,82	26,90	36,47	1507,42
69	01.08.2025 18:56:08	18,25	0,83	26,92	36,47	1507,35
70	01.08.2025 18:56:09	18,25	0,83	26,92	36,47	1507,35
71	01.08.2025 18:56:10	18,25	0,87	26,92	36,47	1507,36
72	01.08.2025 18:56:11	18,22	0,87	26,87	36,39	1507,22
73	01.08.2025 18:56:12	18,22	0,87	26,74	36,22	1507,06
74	01.08.2025 18:56:13	18,17	0,83	26,49	35,88	1506,59
75	01.08.2025 18:56:14	18,02	0,82	26,50	35,76	1506,15
76	01.08.2025 18:56:15	17,90	0,89	26,55	35,74	1505,87
77	01.08.2025 18:56:16	17,78	0,92	26,62	35,73	1505,60
78	01.08.2025 18:56:17	17,72	0,93	26,64	35,70	1505,44
79	01.08.2025 18:56:18	17,66	0,95	26,68	35,70	1505,31
80	01.08.2025 18:56:19	17,63	0,96	26,70	35,70	1505,24
81	01.08.2025 18:56:20	17,60	0,96	26,69	35,68	1505,15
82	01.08.2025 18:56:21	17,57	0,99	26,69	35,65	1505,06
83	01.08.2025 18:56:22	17,51	0,97	26,71	35,62	1504,89
84	01.08.2025 18:56:23	17,48	0,99	26,68	35,57	1504,77
85	01.08.2025 18:56:24	17,45	1,02	26,68	35,54	1504,68
86	01.08.2025 18:56:25	17,39	1,04	26,67	35,48	1504,50
87	01.08.2025 18:56:26	17,36	1,05	26,67	35,46	1504,40
88	01.08.2025 18:56:27	17,30	1,05	26,48	35,19	1504,00
89	01.08.2025 18:56:28	17,21	1,05	26,45	35,08	1503,69
90	01.08.2025 18:56:29	17,09	1,08	26,48	35,02	1503,37
91	01.08.2025 18:56:30	17,00	1,09	26,54	35,02	1503,16
92	01.08.2025 18:56:31	16,91	1,12	26,62	35,04	1502,98
93	01.08.2025 18:56:32	16,88	1,12	26,66	35,07	1502,93
94	01.08.2025 18:56:33	16,85	1,12	26,70	35,10	1502,89
95	01.08.2025 18:56:34	16,82	1,12	26,74	35,12	1502,84
96	01.08.2025 18:56:35	16,82	1,12	26,81	35,20	1502,92
97	01.08.2025 18:56:36	16,82	1,10	26,79	35,18	1502,89
98	01.08.2025 18:56:37	16,82	1,08	26,77	35,15	1502,87
99	01.08.2025 18:56:38	16,79	1,10	26,81	35,17	1502,82
100	01.08.2025 18:56:39	16,79	1,10	26,94	35,34	1502,98
101	01.08.2025 18:56:40	16,79	1,08	27,03	35,44	1503,09
102	01.08.2025 18:56:41	16,82	1,08	27,01	35,44	1503,16
103	01.08.2025 18:56:42	16,85	1,06	26,97	35,42	1503,20
104	01.08.2025 18:56:43	16,85	1,06	26,81	35,23	1503,01
105	01.08.2025 18:56:44	16,82	1,05	26,70	35,07	1502,78
106	01.08.2025 18:56:45	16,73	1,04	26,62	34,91	1502,41
107	01.08.2025 18:56:46	16,64	1,07	26,59	34,80	1502,10
108	01.08.2025 18:56:47	16,52	1,10	26,60	34,71	1501,74
109	01.08.2025 18:56:48	16,43	1,11	26,52	34,55	1501,36
110	01.08.2025 18:56:49	16,34	1,13	26,46	34,41	1501,02
111	01.08.2025 18:56:50	16,25	1,16	26,41	34,28	1500,67
112	01.08.2025 18:56:51	16,10	1,19	26,50	34,28	1500,32
113	01.08.2025 18:56:52	15,98	1,18	26,54	34,22	1499,97
114	01.08.2025 18:56:53	15,88	1,21	26,66	34,30	1499,84
115	01.08.2025 18:56:54	15,85	1,23	26,78	34,40	1499,88
116	01.08.2025 18:56:55	15,85	1,23	26,80	34,43	1499,90
117	01.08.2025 18:56:56	15,85	1,21	26,82	34,46	1499,93
118	01.08.2025 18:56:57	15,85	1,19	26,80	34,43	1499,90
119	01.08.2025 18:56:58	15,85	1,19	26,80	34,43	1499,90
120	01.08.2025 18:56:59	15,82	1,21	26,75	34,35	1499,75
121	01.08.2025 18:57:00	15,76	1,21	26,74	34,29	1499,54
122	01.08.2025 18:57:01	15,70	1,22	26,76	34,27	1499,37
123	01.08.2025 18:57:02	15,64	1,22	26,78	34,24	1499,20
124	01.08.2025 18:57:03	15,61	1,23	26,84	34,29	1499,18
125	01.08.2025 18:57:04	15,58	1,23	26,89	34,32	1499,14
126	01.08.2025 18:57:05	15,55	1,23	26,88	34,29	1499,04
127	01.08.2025 18:57:06	15,55	1,23	26,86	34,26	1499,01
128	01.08.2025 18:57:07	15,52	1,23	26,79	34,15	1498,82
129	01.08.2025 18:57:08	15,46	1,23	26,71	34,02	1498,54
130	01.08.2025 18:57:09	15,37	1,22	26,58	33,80	1498,10
131	01.08.2025 18:57:10	15,25	1,22	26,55	33,67	1497,66
132	01.08.2025 18:57:11	15,12	1,23	26,46	33,48	1497,17
133	01.08.2025 18:57:12	15,00	1,26	26,45	33,37	1496,76
134	01.08.2025 18:57:13	14,88	1,27	26,51	33,34	1496,43
135	01.08.2025 18:57:14	14,79	1,30	26,49	33,25	1496,12
136	01.08.2025 18:57:15	14,70	1,29	26,49	33,17	1495,81
137	01.08.2025 18:57:16	14,60	1,31	26,47	33,09	1495,50
138	01.08.2025 18:57:17	14,48	1,32	26,46	32,98	1495,08
139	01.08.2025 18:57:18	14,39	1,33	26,45	32,90	1494,76
140	01.08.2025 18:57:19	14,30	1,36	26,68	33,08	1494,74
141	01.08.2025 18:57:20	14,24	1,38	26,72	33,08	1494,58
142	01.08.2025 18:57:21	14,17	1,39	26,71	33,02	1494,38
143	01.08.2025 18:57:22	14,11	1,41	26,66	32,92	1494,11
144	01.08.2025 18:57:23	14,02	1,40	26,70	32,89	1493,84
145	01.08.2025 18:57:24	13,96	1,44	26,71	32,86	1493,66
146	01.08.2025 18:57:25	13,90	1,45	26,75	32,86	1493,51
147	01.08.2025 18:57:26	13,83	1,46	26,87	32,94	1493,44
148	01.08.2025 18:57:27	13,80	1,46	26,72	32,75	1493,16
149	01.08.2025 18:57:28	13,71	1,44	26,61	32,56	1492,72
150	01.08.2025 18:57:29	13,59	1,47	26,55	32,40	1492,23
151	01.08.2025 18:57:30	13,43	1,48	26,58	32,31	1491,75
152	01.08.2025 18:57:31	13,34	1,49	26,50	32,15	1491,33
153	01.08.2025 18:57:32	13,21	1,51	26,31	31,85	1490,69
154	01.08.2025 18:57:33	13,06	1,52	26,22	31,63	1490,05
155	01.08.2025 18:57:34	12,87	1,51	26,27	31,55	1489,46
156	01.08.2025 18:57:35	12,68	1,53	26,25	31,38	1488,80
157	01.08.2025 18:57:36	12,49	1,52	26,13	31,11	1487,99
158	01.08.2025 18:57:37	12,27	1,53	26,15	30,97	1487,26
159	01.08.2025 18:57:38	11,99	1,59	26,34	30,96	1486,51
160	01.08.2025 18:57:39	11,80	1,61	26,43	30,90	1485,94
161	01.08.2025 18:57:40	11,61	1,64	26,48	30,82	1485,33
162	01.08.2025 18:57:41	11,42	1,67	26,66	30,87	1484,89
163	01.08.2025 18:57:42	11,29	1,68	26,83	30,94	1484,63
164	01.08.2025 18:57:43	11,19	1,72	26,87	30,92	1484,35
165	01.08.2025 18:57:44	11,10	1,72	26,91	30,89	1484,06
166	01.08.2025 18:57:45	11,00	1,73	26,95	30,86	1483,77
167	01.08.2025 18:57:46	10,90	1,75	27,00	30,83	1483,47
168	01.08.2025 18:57:47	10,81	1,76	27,04	30,80	1483,18
169	01.08.2025 18:57:48	10,71	1,79	27,08	30,77	1482,89
170	01.08.2025 18:57:49	10,61	1,80	27,13	30,74	1482,60
171	01.08.2025 18:57:50	10,52	1,82	27,20	30,74	1482,33
172	01.08.2025 18:57:51	10,45	1,83	27,24	30,74	1482,16
173	01.08.2025 18:57:52	10,36	1,84	27,31	30,73	1481,89
174	01.08.2025 18:57:53	10,29	1,86	27,25	30,63	1481,58
175	01.08.2025 18:57:54	10,16	1,85	27,27	30,54	1481,13
176	01.08.2025 18:57:55	10,03	1,88	27,29	30,46	1480,67
177	01.08.2025 18:57:56	9,90	1,89	27,33	30,40	1480,24
178	01.08.2025 18:57:57	9,77	1,92	27,37	30,35	1479,82
179	01.08.2025 18:57:58	9,64	1,95	27,46	30,34	1479,46
180	01.08.2025 18:57:59	9,51	1,98	27,51	30,29	1479,03
181	01.08.2025 18:58:00	9,41	1,97	27,42	30,12	1478,55
182	01.08.2025 18:58:01	9,28	2,00	27,46	30,06	1478,12
183	01.08.2025 18:58:02	9,11	2,03	27,50	29,98	1477,55
184	01.08.2025 18:58:03	8,95	2,04	27,60	29,95	1477,05
185	01.08.2025 18:58:04	8,81	2,07	27,65	29,89	1476,61
186	01.08.2025 18:58:05	8,68	2,10	27,75	29,89	1476,24
187	01.08.2025 18:58:06	8,58	2,13	27,82	29,89	1475,96
188	01.08.2025 18:58:07	8,48	2,14	27,90	29,88	1475,67
189	01.08.2025 18:58:08	8,41	2,17	27,95	29,88	1475,49
190	01.08.2025 18:58:09	8,35	2,19	28,00	29,88	1475,30
191	01.08.2025 18:58:10	8,28	2,18	28,08	29,90	1475,14
192	01.08.2025 18:58:11	8,21	2,23	28,13	29,90	1474,95
193	01.08.2025 18:58:12	8,15	2,23	28,16	29,87	1474,73
194	01.08.2025 18:58:13	8,08	2,24	28,18	29,85	1474,50
195	01.08.2025 18:58:14	8,01	2,26	28,12	29,74	1474,17
196	01.08.2025 18:58:15	7,91	2,27	28,17	29,71	1473,84
197	01.08.2025 18:58:16	7,81	2,30	28,31	29,76	1473,63
198	01.08.2025 18:58:17	7,74	2,33	28,33	29,73	1473,40
199	01.08.2025 18:58:18	7,67	2,35	28,38	29,73	1473,21
200	01.08.2025 18:58:19	7,60	2,36	28,44	29,73	1473,01
201	01.08.2025 18:58:20	7,54	2,37	28,46	29,70	1472,78
202	01.08.2025 18:58:21	7,43	2,40	28,52	29,67	1472,45
203	01.08.2025 18:58:22	7,37	2,40	28,51	29,61	1472,18
204	01.08.2025 18:58:23	7,30	2,43	28,51	29,56	1471,92
205	01.08.2025 18:58:24	7,20	2,43	28,51	29,48	1471,51
206	01.08.2025 18:58:25	7,09	2,48	28,56	29,45	1471,18
207	01.08.2025 18:58:26	7,02	2,49	28,61	29,44	1470,98
208	01.08.2025 18:58:27	6,92	2,52	28,58	29,34	1470,54
209	01.08.2025 18:58:28	6,82	2,51	28,58	29,25	1470,12
210	01.08.2025 18:58:29	6,72	2,49	28,11	28,74	1469,12
211	01.08.2025 18:58:30	6,54	2,54	28,13	28,63	1468,46
212	01.08.2025 18:58:31	6,33	2,58	28,13	28,46	1467,62
213	01.08.2025 18:58:32	6,19	2,61	28,12	28,35	1467,06
214	01.08.2025 18:58:33	6,02	2,62	28,02	28,13	1466,23
215	01.08.2025 18:58:34	5,88	2,64	28,13	28,13	1465,81
216	01.08.2025 18:58:35	5,70	2,69	28,16	28,02	1465,13
217	01.08.2025 18:58:36	5,60	2,70	28,24	28,01	1464,81
218	01.08.2025 18:58:37	5,49	2,75	28,57	28,23	1464,80
219	01.08.2025 18:58:38	5,42	2,76	28,54	28,14	1464,47
220	01.08.2025 18:58:39	5,39	2,78	28,42	28,01	1464,18
221	01.08.2025 18:58:40	5,28	2,77	28,35	27,87	1463,66
222	01.08.2025 18:58:41	5,14	2,78	28,35	27,76	1463,07
223	01.08.2025 18:58:42	5,03	2,81	28,38	27,71	1462,66
224	01.08.2025 18:58:43	4,92	2,84	28,34	27,60	1462,18
225	01.08.2025 18:58:44	4,78	2,85	28,37	27,51	1461,62
226	01.08.2025 18:58:45	4,67	2,88	28,25	27,32	1461,01
227	01.08.2025 18:58:46	4,56	2,89	28,27	27,26	1460,60
228	01.08.2025 18:58:47	4,42	2,94	28,46	27,32	1460,24
229	01.08.2025 18:58:48	4,35	2,97	28,58	27,37	1460,09
230	01.08.2025 18:58:49	4,27	3,00	28,76	27,47	1460,03
231	01.08.2025 18:58:50	4,27	3,00	28,64	27,37	1459,87
232	01.08.2025 18:58:51	4,20	3,02	28,61	27,28	1459,53
233	01.08.2025 18:58:52	4,13	3,05	28,79	27,39	1459,46
234	01.08.2025 18:58:53	4,06	3,06	28,89	27,41	1459,28
235	01.08.2025 18:58:54	4,02	3,08	28,98	27,47	1459,25
236	01.08.2025 18:58:55	3,98	3,09	29,01	27,47	1459,14
237	01.08.2025 18:58:56	3,95	3,12	28,98	27,41	1458,95
238	01.08.2025 18:58:57	3,91	3,14	29,01	27,41	1458,83
239	01.08.2025 18:58:58	3,84	3,15	29,10	27,44	1458,65
240	01.08.2025 18:58:59	3,80	3,19	29,17	27,46	1458,58
241	01.08.2025 18:59:00	3,76	3,19	29,23	27,49	1458,50
242	01.08.2025 18:59:01	3,73	3,20	29,26	27,49	1458,39
243	01.08.2025 18:59:02	3,73	3,24	29,20	27,43	1458,31
244	01.08.2025 18:59:03	3,65	3,25	29,26	27,43	1458,09
245	01.08.2025 18:59:04	3,62	3,27	29,14	27,30	1457,77
246	01.08.2025 18:59:05	3,54	3,28	29,27	27,35	1457,62
247	01.08.2025 18:59:06	3,50	3,31	29,26	27,32	1457,47
248	01.08.2025 18:59:07	3,43	3,33	29,17	27,19	1457,03
249	01.08.2025 18:59:08	3,36	3,34	29,08	27,05	1456,59
250	01.08.2025 18:59:09	3,25	3,37	29,21	27,07	1456,29
251	01.08.2025 18:59:10	3,17	3,38	29,27	27,07	1456,05
252	01.08.2025 18:59:11	3,13	3,42	29,34	27,10	1455,98
253	01.08.2025 18:59:12	3,10	3,43	29,37	27,10	1455,86
254	01.08.2025 18:59:13	3,06	3,45	29,43	27,12	1455,79
255	01.08.2025 18:59:14	3,02	3,46	29,50	27,15	1455,72
256	01.08.2025 18:59:15	2,98	3,48	29,56	27,17	1455,64
257	01.08.2025 18:59:16	2,98	3,50	29,60	27,20	1455,69
258	01.08.2025 18:59:17	2,95	3,53	29,66	27,23	1455,62
259	01.08.2025 18:59:18	2,91	3,53	29,69	27,23	1455,50
260	01.08.2025 18:59:19	2,91	3,54	29,73	27,25	1455,54
261	01.08.2025 18:59:20	2,87	3,56	29,76	27,25	1455,43
262	01.08.2025 18:59:21	2,87	3,58	29,70	27,20	1455,34
263	01.08.2025 18:59:22	2,84	3,59	29,79	27,25	1455,31
264	01.08.2025 18:59:23	2,80	3,63	29,92	27,33	1455,33
265	01.08.2025 18:59:24	2,80	3,64	29,96	27,36	1455,37
266	01.08.2025 18:59:25	2,80	3,66	29,92	27,33	1455,33
267	01.08.2025 18:59:26	2,76	3,66	29,89	27,28	1455,13
268	01.08.2025 18:59:27	2,72	3,69	29,93	27,28	1455,01
269	01.08.2025 18:59:28	2,68	3,71	29,86	27,19	1454,77
270	01.08.2025 18:59:29	2,65	3,72	29,87	27,17	1454,61
271	01.08.2025 18:59:30	2,61	3,76	29,90	27,17	1454,49
272	01.08.2025 18:59:31	2,57	3,77	29,90	27,14	1454,33
273	01.08.2025 18:59:32	2,53	3,79	29,93	27,14	1454,22
274	01.08.2025 18:59:33	2,50	3,82	29,97	27,14	1454,10
275	01.08.2025 18:59:34	2,50	3,84	29,94	27,11	1454,06
276	01.08.2025 18:59:35	2,46	3,87	29,84	27,00	1453,77
277	01.08.2025 18:59:36	2,38	3,87	29,84	26,95	1453,44
278	01.08.2025 18:59:37	2,31	3,90	29,88	26,92	1453,16
279	01.08.2025 18:59:38	2,27	3,93	29,85	26,86	1452,96
280	01.08.2025 18:59:39	2,19	3,94	29,85	26,81	1452,63
281	01.08.2025 18:59:40	2,15	3,98	29,89	26,81	1452,51
282	01.08.2025 18:59:41	2,12	3,99	29,89	26,78	1452,35
283	01.08.2025 18:59:42	2,04	4,01	29,96	26,78	1452,11
284	01.08.2025 18:59:43	2,00	4,04	29,99	26,78	1451,99
285	01.08.2025 18:59:44	1,96	4,05	30,03	26,78	1451,87
286	01.08.2025 18:59:45	1,96	4,07	29,96	26,72	1451,78
287	01.08.2025 18:59:46	1,93	4,10	30,00	26,72	1451,67
288	01.08.2025 18:59:47	1,89	4,10	30,03	26,72	1451,54
289	01.08.2025 18:59:48	1,85	4,14	30,07	26,72	1451,42
290	01.08.2025 18:59:49	1,81	4,15	30,17	26,77	1451,39
291	01.08.2025 18:59:50	1,81	4,19	30,14	26,75	1451,35
292	01.08.2025 18:59:51	1,77	4,20	30,17	26,75	1451,23
293	01.08.2025 18:59:52	1,73	4,22	30,24	26,77	1451,15
294	01.08.2025 18:59:53	1,73	4,23	30,24	26,77	1451,16
295	01.08.2025 18:59:54	1,70	4,25	30,28	26,77	1451,03
296	01.08.2025 18:59:55	1,70	4,28	30,28	26,77	1451,04
297	01.08.2025 18:59:56	1,66	4,30	30,35	26,80	1450,96
298	01.08.2025 18:59:57	1,66	4,34	30,38	26,82	1451,01
299	01.08.2025 18:59:58	1,66	4,34	30,41	26,85	1451,06
300	01.08.2025 18:59:59	1,62	4,37	30,48	26,88	1450,98
301	01.08.2025 19:00:00	1,62	4,40	30,52	26,90	1451,03
302	01.08.2025 19:00:01	1,62	4,40	30,55	26,93	1451,07
303	01.08.2025 19:00:02	1,62	4,46	30,58	26,96	1451,13
304	01.08.2025 19:00:03	1,62	4,47	30,62	26,98	1451,17
305	01.08.2025 19:00:04	1,62	4,49	30,58	26,96	1451,13
306	01.08.2025 19:00:05	1,62	4,51	30,58	26,96	1451,13
307	01.08.2025 19:00:06	1,62	4,51	30,58	26,96	1451,13
308	01.08.2025 19:00:07	1,62	4,53	30,62	26,98	1451,18
309	01.08.2025 19:00:08	1,58	4,54	30,65	26,98	1451,06
310	01.08.2025 19:00:09	1,58	4,56	30,69	27,01	1451,11
311	01.08.2025 19:00:10	1,58	4,58	30,65	26,98	1451,07
312	01.08.2025 19:00:11	1,58	4,58	30,69	27,01	1451,11
313	01.08.2025 19:00:12	1,58	4,58	30,69	27,01	1451,11
314	01.08.2025 19:00:13	1,58	4,61	30,65	26,98	1451,07
315	01.08.2025 19:00:14	1,54	4,61	30,69	26,98	1450,95
316	01.08.2025 19:00:15	1,54	4,64	30,69	26,98	1450,95
317	01.08.2025 19:00:16	1,54	4,64	30,69	26,98	1450,95
318	01.08.2025 19:00:17	1,50	4,66	30,73	26,98	1450,83
319	01.08.2025 19:00:18	1,50	4,68	30,69	26,95	1450,79
320	01.08.2025 19:00:19	1,50	4,69	30,72	26,98	1450,84
321	01.08.2025 19:00:20	1,50	4,71	30,72	26,98	1450,84
322	01.08.2025 19:00:21	1,46	4,73	30,76	26,98	1450,72
323	01.08.2025 19:00:22	1,46	4,76	30,79	27,01	1450,77
324	01.08.2025 19:00:23	1,46	4,76	30,79	27,01	1450,77
325	01.08.2025 19:00:24	1,46	4,78	30,73	26,95	1450,68
326	01.08.2025 19:00:25	1,46	4,80	30,73	26,95	1450,68
327	01.08.2025 19:00:26	1,46	4,83	30,76	26,98	1450,73
328	01.08.2025 19:00:27	1,42	4,83	30,80	26,98	1450,61
329	01.08.2025 19:00:28	1,42	4,85	30,80	26,98	1450,61
330	01.08.2025 19:00:29	1,42	4,90	30,80	26,98	1450,62
331	01.08.2025 19:00:30	1,42	4,90	30,80	26,98	1450,62
332	01.08.2025 19:00:31	1,42	4,94	30,80	26,98	1450,62
333	01.08.2025 19:00:32	1,42	4,94	30,80	26,98	1450,62
334	01.08.2025 19:00:33	1,39	4,97	30,83	26,98	1450,50
335	01.08.2025 19:00:34	1,39	4,99	30,83	26,98	1450,51
336	01.08.2025 19:00:35	1,39	5,02	30,83	26,98	1450,51
337	01.08.2025 19:00:36	1,39	5,04	30,83	26,98	1450,51
338	01.08.2025 19:00:37	1,39	5,06	30,83	26,98	1450,52
339	01.08.2025 19:00:38	1,39	5,09	30,83	26,98	1450,52
340	01.08.2025 19:00:39	1,39	5,11	30,83	26,98	1450,53
341	01.08.2025 19:00:40	1,39	5,13	30,83	26,98	1450,53
342	01.08.2025 19:00:41	1,39	5,16	30,80	26,95	1450,49
343	01.08.2025 19:00:42	1,35	5,19	30,87	26,98	1450,41
344	01.08.2025 19:00:43	1,35	5,23	30,84	26,95	1450,37
345	01.08.2025 19:00:44	1,35	5,23	30,87	26,98	1450,42
346	01.08.2025 19:00:45	1,35	5,26	30,84	26,95	1450,38
347	01.08.2025 19:00:46	1,35	5,28	30,87	26,98	1450,43
348	01.08.2025 19:00:47	1,35	5,32	30,84	26,95	1450,39
349	01.08.2025 19:00:48	1,35	5,33	30,84	26,95	1450,39
350	01.08.2025 19:00:49	1,31	5,37	30,87	26,95	1450,27
351	01.08.2025 19:00:50	1,31	5,40	30,87	26,95	1450,28
352	01.08.2025 19:00:51	1,31	5,44	30,87	26,95	1450,28
353	01.08.2025 19:00:52	1,31	5,45	30,87	26,95	1450,28
354	01.08.2025 19:00:53	1,31	5,47	30,87	26,95	1450,29
355	01.08.2025 19:00:54	1,31	5,51	30,84	26,92	1450,25
356	01.08.2025 19:00:55	1,31	5,54	30,80	26,90	1450,21
357	01.08.2025 19:00:56	1,31	5,58	30,80	26,90	1450,21
358	01.08.2025 19:00:57	1,27	5,59	30,84	26,90	1450,09
359	01.08.2025 19:00:58	1,27	5,63	30,81	26,87	1450,05
360	01.08.2025 19:00:59	1,27	5,66	30,81	26,87	1450,06
361	01.08.2025 19:01:00	1,23	5,70	30,81	26,84	1449,89
362	01.08.2025 19:01:01	1,23	5,73	30,78	26,81	1449,85
363	01.08.2025 19:01:02	1,23	5,77	30,78	26,81	1449,86
364	01.08.2025 19:01:03	1,19	5,78	30,78	26,79	1449,69
365	01.08.2025 19:01:04	1,19	5,80	30,78	26,79	1449,69
366	01.08.2025 19:01:05	1,19	5,83	30,75	26,76	1449,65
367	01.08.2025 19:01:06	1,15	5,87	30,78	26,76	1449,53
368	01.08.2025 19:01:07	1,15	5,88	30,75	26,73	1449,49
369	01.08.2025 19:01:08	1,15	5,90	30,71	26,70	1449,45
370	01.08.2025 19:01:09	1,11	5,95	30,75	26,70	1449,33
371	01.08.2025 19:01:10	1,11	5,97	30,75	26,70	1449,33
372	01.08.2025 19:01:11	1,07	5,98	30,76	26,68	1449,16
373	01.08.2025 19:01:12	1,07	6,00	30,75	26,68	1449,16
374	01.08.2025 19:01:13	1,07	6,04	30,72	26,65	1449,12
375	01.08.2025 19:01:14	1,04	6,05	30,76	26,65	1449,00
376	01.08.2025 19:01:15	1,04	6,07	30,76	26,65	1449,00
377	01.08.2025 19:01:16	1,04	6,09	30,76	26,65	1449,00
378	01.08.2025 19:01:17	1,00	6,10	30,80	26,65	1448,88
379	01.08.2025 19:01:18	1,00	6,10	30,80	26,65	1448,88
380	01.08.2025 19:01:19	1,00	6,12	30,76	26,62	1448,84
381	01.08.2025 19:01:20	1,00	6,14	30,79	26,65	1448,88
382	01.08.2025 19:01:21	1,00	6,14	30,76	26,62	1448,84
383	01.08.2025 19:01:22	0,96	6,14	30,80	26,62	1448,71
384	01.08.2025 19:01:23	0,96	6,15	30,80	26,62	1448,71
385	01.08.2025 19:01:24	0,96	6,15	30,80	26,62	1448,71
386	01.08.2025 19:01:25	0,96	6,17	30,80	26,62	1448,72
387	01.08.2025 19:01:26	0,96	6,17	30,80	26,62	1448,72
388	01.08.2025 19:01:27	0,96	6,19	30,80	26,62	1448,72
389	01.08.2025 19:01:28	0,92	6,19	30,84	26,62	1448,59
390	01.08.2025 19:01:29	0,92	6,19	30,84	26,62	1448,59
391	01.08.2025 19:01:30	0,92	6,19	30,84	26,62	1448,59
392	01.08.2025 19:01:31	0,92	6,20	30,84	26,62	1448,59
393	01.08.2025 19:01:32	0,92	6,20	30,84	26,62	1448,59
394	01.08.2025 19:01:33	0,92	6,20	30,84	26,62	1448,59
395	01.08.2025 19:01:34	0,92	6,20	30,84	26,62	1448,59
396	01.08.2025 19:01:35	0,92	6,20	30,84	26,62	1448,59
397	01.08.2025 19:01:36	0,92	6,22	30,84	26,62	1448,60
398	01.08.2025 19:01:37	0,92	6,20	30,84	26,62	1448,59
399	01.08.2025 19:01:38	0,88	6,22	30,87	26,62	1448,47
400	01.08.2025 19:01:39	0,88	6,20	30,87	26,62	1448,47
401	01.08.2025 19:01:40	0,88	6,22	30,87	26,62	1448,47
402	01.08.2025 19:01:41	0,88	6,22	30,87	26,62	1448,47
403	01.08.2025 19:01:42	0,88	6,22	30,87	26,62	1448,47
404	01.08.2025 19:01:43	0,88	6,24	30,87	26,62	1448,47
405	01.08.2025 19:01:44	0,88	6,24	30,87	26,62	1448,47
406	01.08.2025 19:01:45	0,88	6,20	30,87	26,62	1448,47
407	01.08.2025 19:01:46	0,88	6,22	30,87	26,62	1448,47
408	01.08.2025 19:01:47	0,88	6,22	30,87	26,62	1448,47
409	01.08.2025 19:01:48	0,88	6,22	30,87	26,62	1448,47
410	01.08.2025 19:01:49	0,84	6,22	30,91	26,62	1448,34
411	01.08.2025 19:01:50	0,84	6,22	30,91	26,62	1448,34
412	01.08.2025 19:01:51	0,84	6,23	30,91	26,62	1448,34
413	01.08.2025 19:01:52	0,84	6,23	30,91	26,62	1448,34
414	01.08.2025 19:01:53	0,84	6,23	30,91	26,62	1448,34
415	01.08.2025 19:01:54	0,84	6,22	30,91	26,62	1448,34
416	01.08.2025 19:01:55	0,84	6,23	30,91	26,62	1448,34
417	01.08.2025 19:01:56	0,84	6,23	30,91	26,62	1448,34
418	01.08.2025 19:01:57	0,84	6,23	30,91	26,62	1448,34
419	01.08.2025 19:01:58	0,84	6,23	30,91	26,62	1448,34
420	01.08.2025 19:01:59	0,84	6,23	30,91	26,62	1448,34
421	01.08.2025 19:02:00	0,84	6,23	30,91	26,62	1448,34
422	01.08.2025 19:02:01	0,84	6,23	30,91	26,62	1448,34
423	01.08.2025 19:02:02	0,84	6,23	30,91	26,62	1448,34
424	01.08.2025 19:02:03	0,84	6,23	30,91	26,62	1448,34
425	01.08.2025 19:02:04	0,84	6,23	30,95	26,64	1448,39
426	01.08.2025 19:02:05	0,84	6,25	30,91	26,62	1448,35
427	01.08.2025 19:02:06	0,84	6,23	30,95	26,64	1448,39
428	01.08.2025 19:02:07	0,84	6,23	30,91	26,62	1448,34
429	01.08.2025 19:02:08	0,84	6,23	30,91	26,62	1448,34
430	01.08.2025 19:02:09	0,84	6,23	30,91	26,62	1448,34
431	01.08.2025 19:02:10	0,80	6,23	30,95	26,62	1448,21
432	01.08.2025 19:02:11	0,84	6,23	30,95	26,64	1448,39
433	01.08.2025 19:02:12	0,80	6,23	30,95	26,62	1448,21
434	01.08.2025 19:02:13	0,80	6,23	30,95	26,62	1448,21
435	01.08.2025 19:02:14	0,80	6,23	30,95	26,62	1448,21
436	01.08.2025 19:02:15	0,80	6,23	30,95	26,62	1448,21
437	01.08.2025 19:02:16	0,80	6,21	30,95	26,62	1448,21
438	01.08.2025 19:02:17	0,80	6,21	30,95	26,62	1448,21
439	01.08.2025 19:02:18	0,80	6,23	30,95	26,62	1448,21
440	01.08.2025 19:02:19	0,80	6,23	30,98	26,64	1448,26
441	01.08.2025 19:02:20	0,80	6,23	30,98	26,64	1448,26
442	01.08.2025 19:02:21	0,80	6,21	30,98	26,64	1448,26
443	01.08.2025 19:02:22	0,80	6,23	30,98	26,64	1448,26
444	01.08.2025 19:02:23	0,80	6,21	30,98	26,64	1448,26
445	01.08.2025 19:02:24	0,80	6,23	30,95	26,62	1448,21
446	01.08.2025 19:02:25	0,80	6,21	30,98	26,64	1448,26
447	01.08.2025 19:02:26	0,80	6,23	30,98	26,64	1448,26
448	01.08.2025 19:02:27	0,80	6,23	30,98	26,64	1448,26
449	01.08.2025 19:02:28	0,80	6,23	30,98	26,64	1448,26
450	01.08.2025 19:02:29	0,80	6,23	30,98	26,64	1448,26
451	01.08.2025 19:02:30	0,80	6,23	30,98	26,64	1448,26
452	01.08.2025 19:02:31	0,80	6,23	30,98	26,64	1448,26
453	01.08.2025 19:02:32	0,80	6,21	30,98	26,64	1448,26
454	01.08.2025 19:02:33	0,80	6,21	30,98	26,64	1448,26
455	01.08.2025 19:02:34	0,80	6,23	30,98	26,64	1448,26
456	01.08.2025 19:02:35	0,80	6,23	30,98	26,64	1448,26
457	01.08.2025 19:02:36	0,80	6,23	30,98	26,64	1448,26
458	01.08.2025 19:02:37	0,80	6,23	30,98	26,64	1448,26
459	01.08.2025 19:02:38	0,80	6,23	30,98	26,64	1448,26
460	01.08.2025 19:02:39	0,80	6,23	30,98	26,64	1448,26
461	01.08.2025 19:02:40	0,80	6,23	30,98	26,64	1448,26
462	01.08.2025 19:02:41	0,80	6,21	30,98	26,64	1448,26
463	01.08.2025 19:02:42	0,80	6,23	30,98	26,64	1448,26
464	01.08.2025 19:02:43	0,80	6,23	30,98	26,64	1448,26
465	01.08.2025 19:02:44	0,80	6,21	30,98	26,64	1448,26
466	01.08.2025 19:02:45	0,80	6,25	30,98	26,64	1448,26
467	01.08.2025 19:02:46	0,80	6,23	30,98	26,64	1448,26
468	01.08.2025 19:02:47	0,80	6,23	30,98	26,64	1448,26
469	01.08.2025 19:02:48	0,80	6,23	30,98	26,64	1448,26
470	01.08.2025 19:02:49	0,80	6,23	30,98	26,64	1448,26
471	01.08.2025 19:02:50	0,80	6,23	30,98	26,64	1448,26
472	01.08.2025 19:02:51	0,80	6,23	30,98	26,64	1448,26
473	01.08.2025 19:02:52	0,80	6,23	30,98	26,64	1448,26
474	01.08.2025 19:02:53	0,80	6,23	30,98	26,64	1448,26
475	01.08.2025 19:02:54	0,80	6,23	30,98	26,64	1448,26
476	01.08.2025 19:02:55	0,80	6,23	30,98	26,64	1448,26
477	01.08.2025 19:02:56	0,80	6,23	30,98	26,64	1448,26
478	01.08.2025 19:02:57	0,80	6,23	30,98	26,64	1448,26
479	01.08.2025 19:02:58	0,80	6,23	30,98	26,64	1448,26
480	01.08.2025 19:02:59	0,80	6,23	30,98	26,64	1448,26
481	01.08.2025 19:03:00	0,80	6,23	30,98	26,64	1448,26
482	01.08.2025 19:03:01	0,80	6,23	30,98	26,64	1448,26
483	01.08.2025 19:03:02	0,80	6,25	30,98	26,64	1448,26
484	01.08.2025 19:03:03	0,80	6,25	30,98	26,64	1448,26
485	01.08.2025 19:03:04	0,80	6,23	30,98	26,64	1448,26
486	01.08.2025 19:03:05	0,80	6,25	30,98	26,64	1448,26
487	01.08.2025 19:03:06	0,80	6,23	30,98	26,64	1448,26
488	01.08.2025 19:03:07	0,80	6,23	30,98	26,64	1448,26
489	01.08.2025 19:03:08	0,80	6,23	30,98	26,64	1448,26
490	01.08.2025 19:03:09	0,80	6,25	30,98	26,64	1448,26
491	01.08.2025 19:03:10	0,80	6,25	30,98	26,64	1448,26
492	01.08.2025 19:03:11	0,80	6,23	30,95	26,62	1448,21
493	01.08.2025 19:03:12	0,80	6,23	30,98	26,64	1448,26
494	01.08.2025 19:03:13	0,80	6,25	30,98	26,64	1448,26
495	01.08.2025 19:03:14	0,80	6,23	30,98	26,64	1448,26
496	01.08.2025 19:03:15	0,80	6,23	30,98	26,64	1448,26
497	01.08.2025 19:03:16	0,80	6,23	30,98	26,64	1448,26
498	01.08.2025 19:03:17	0,80	6,23	30,98	26,64	1448,26
499	01.08.2025 19:03:18	0,80	6,25	30,98	26,64	1448,26
500	01.08.2025 19:03:19	0,80	6,25	30,98	26,64	1448,26
501	01.08.2025 19:03:20	0,80	6,25	30,98	26,64	1448,26
502	01.08.2025 19:03:21	0,80	6,27	30,98	26,64	1448,27
503	01.08.2025 19:03:22	0,80	6,25	30,98	26,64	1448,26
504	01.08.2025 19:03:23	0,80	6,25	30,98	26,64	1448,26
505	01.08.2025 19:03:24	0,80	6,25	30,98	26,64	1448,26
506	01.08.2025 19:03:25	0,80	6,25	30,98	26,64	1448,26
507	01.08.2025 19:03:26	0,80	6,25	30,98	26,64	1448,26
508	01.08.2025 19:03:27	0,80	6,25	30,98	26,64	1448,26
509	01.08.2025 19:03:28	0,80	6,27	30,98	26,64	1448,27
510	01.08.2025 19:03:29	0,80	6,27	30,98	26,64	1448,27
511	01.08.2025 19:03:30	0,80	6,28	30,98	26,64	1448,27
512	01.08.2025 19:03:31	0,80	6,27	30,98	26,64	1448,27
513	01.08.2025 19:03:32	0,80	6,25	30,98	26,64	1448,26
514	01.08.2025 19:03:33	0,80	6,21	30,98	26,64	1448,26
515	01.08.2025 19:03:34	0,80	6,18	30,98	26,64	1448,25
516	01.08.2025 19:03:35	0,80	6,18	30,98	26,64	1448,25
517	01.08.2025 19:03:36	0,80	6,21	30,98	26,64	1448,26
518	01.08.2025 19:03:37	0,80	6,21	30,98	26,64	1448,26
519	01.08.2025 19:03:38	0,80	6,21	30,98	26,64	1448,26
520	01.08.2025 19:03:39	0,80	6,21	30,98	26,64	1448,26
521	01.08.2025 19:03:40	0,80	6,23	30,98	26,64	1448,26
522	01.08.2025 19:03:41	0,80	6,23	30,98	26,64	1448,26
523	01.08.2025 19:03:42	0,80	6,23	30,98	26,64	1448,26
524	01.08.2025 19:03:43	0,80	6,23	30,98	26,64	1448,26
525	01.08.2025 19:03:44	0,80	6,23	30,98	26,64	1448,26
526	01.08.2025 19:03:45	0,80	6,21	30,98	26,64	1448,26
527	01.08.2025 19:03:46	0,80	6,25	30,98	26,64	1448,26
528	01.08.2025 19:03:47	0,80	6,23	30,98	26,64	1448,26
529	01.08.2025 19:03:48	0,80	6,23	31,02	26,67	1448,31
530	01.08.2025 19:03:49	0,80	6,23	30,98	26,64	1448,26
531	01.08.2025 19:03:50	0,80	6,25	31,02	26,67	1448,31
532	01.08.2025 19:03:51	0,80	6,25	30,98	26,64	1448,26
533	01.08.2025 19:03:52	0,80	6,25	31,02	26,67	1448,31
534	01.08.2025 19:03:53	0,80	6,25	31,02	26,67	1448,31
535	01.08.2025 19:03:54	0,80	6,25	31,02	26,67	1448,31
536	01.08.2025 19:03:55	0,80	6,25	31,02	26,67	1448,31
537	01.08.2025 19:03:56	0,80	6,25	31,02	26,67	1448,31
538	01.08.2025 19:03:57	0,80	6,25	31,02	26,67	1448,31
539	01.08.2025 19:03:58	0,80	6,27	31,02	26,67	1448,31
540	01.08.2025 19:03:59	0,80	6,25	31,02	26,67	1448,31
541	01.08.2025 19:04:00	0,80	6,25	31,02	26,67	1448,31
542	01.08.2025 19:04:01	0,80	6,27	31,02	26,67	1448,31
543	01.08.2025 19:04:02	0,80	6,25	31,02	26,67	1448,31
544	01.08.2025 19:04:03	0,80	6,25	31,02	26,67	1448,31
545	01.08.2025 19:04:04	0,80	6,25	31,02	26,67	1448,31
546	01.08.2025 19:04:05	0,80	6,25	31,02	26,67	1448,31
547	01.08.2025 19:04:06	0,80	6,25	31,02	26,67	1448,31
548	01.08.2025 19:04:07	0,80	6,25	31,02	26,67	1448,31
549	01.08.2025 19:04:08	0,80	6,25	31,02	26,67	1448,31
550	01.08.2025 19:04:09	0,80	6,25	31,02	26,67	1448,31
551	01.08.2025 19:04:10	0,80	6,25	31,02	26,67	1448,31
552	01.08.2025 19:04:11	0,80	6,25	31,02	26,67	1448,31
553	01.08.2025 19:04:12	0,80	6,25	31,02	26,67	1448,31
554	01.08.2025 19:04:13	0,80	6,25	31,02	26,67	1448,31
555	01.08.2025 19:04:14	0,80	6,25	31,02	26,67	1448,31
556	01.08.2025 19:04:15	0,80	6,27	31,02	26,67	1448,31
557	01.08.2025 19:04:16	0,80	6,25	31,02	26,67	1448,31
558	01.08.2025 19:04:17	0,80	6,25	31,02	26,67	1448,31
559	01.08.2025 19:04:18	0,80	6,27	31,02	26,67	1448,31
560	01.08.2025 19:04:19	0,80	6,25	30,98	26,64	1448,26
561	01.08.2025 19:04:20	0,80	6,25	31,02	26,67	1448,31
562	01.08.2025 19:04:21	0,80	6,27	31,02	26,67	1448,31
563	01.08.2025 19:04:22	0,80	6,23	30,98	26,64	1448,26
564	01.08.2025 19:04:23	0,80	6,23	30,98	26,64	1448,26
565	01.08.2025 19:04:24	0,80	6,25	30,98	26,64	1448,26
566	01.08.2025 19:04:25	0,80	6,25	31,02	26,67	1448,31
567	01.08.2025 19:04:26	0,80	6,25	31,02	26,67	1448,31
568	01.08.2025 19:04:27	0,80	6,25	31,02	26,67	1448,31
569	01.08.2025 19:04:28	0,80	6,25	31,02	26,67	1448,31
570	01.08.2025 19:04:29	0,80	6,25	31,02	26,67	1448,31
571	01.08.2025 19:04:30	0,80	6,25	30,98	26,64	1448,26
572	01.08.2025 19:04:31	0,80	6,25	30,98	26,64	1448,26
573	01.08.2025 19:04:32	0,80	6,25	30,98	26,64	1448,26
574	01.08.2025 19:04:33	0,80	6,25	31,02	26,67	1448,31
575	01.08.2025 19:04:34	0,80	6,25	30,98	26,64	1448,26
576	01.08.2025 19:04:35	0,80	6,25	31,02	26,67	1448,31
577	01.08.2025 19:04:36	0,80	6,25	30,98	26,64	1448,26
578	01.08.2025 19:04:37	0,80	6,27	30,98	26,64	1448,27
579	01.08.2025 19:04:38	0,80	6,27	31,02	26,67	1448,31
580	01.08.2025 19:04:39	0,80	6,27	31,02	26,67	1448,31
581	01.08.2025 19:04:40	0,80	6,27	31,02	26,67	1448,31
582	01.08.2025 19:04:41	0,80	6,25	31,02	26,67	1448,31
583	01.08.2025 19:04:42	0,80	6,27	31,02	26,67	1448,31
584	01.08.2025 19:04:43	0,80	6,27	31,02	26,67	1448,31
585	01.08.2025 19:04:44	0,80	6,25	31,02	26,67	1448,31
586	01.08.2025 19:04:45	0,80	6,27	31,02	26,67	1448,31
587	01.08.2025 19:04:46	0,80	6,27	30,98	26,64	1448,27
588	01.08.2025 19:04:47	0,80	6,27	30,98	26,64	1448,27
589	01.08.2025 19:04:48	0,80	6,27	31,02	26,67	1448,31
590	01.08.2025 19:04:49	0,80	6,27	31,02	26,67	1448,31
591	01.08.2025 19:04:50	0,80	6,25	31,02	26,67	1448,31
592	01.08.2025 19:04:51	0,80	6,27	30,98	26,64	1448,27
593	01.08.2025 19:04:52	0,80	6,27	30,98	26,64	1448,27
594	01.08.2025 19:04:53	0,80	6,27	31,02	26,67	1448,31
595	01.08.2025 19:04:54	0,80	6,27	31,02	26,67	1448,31
596	01.08.2025 19:04:55	0,80	6,28	30,98	26,64	1448,27
597	01.08.2025 19:04:56	0,80	6,28	30,98	26,64	1448,27
598	01.08.2025 19:04:57	0,80	6,30	30,98	26,64	1448,27
599	01.08.2025 19:04:58	0,80	6,30	30,98	26,64	1448,27
600	01.08.2025 19:04:59	0,80	6,30	30,98	26,64	1448,27
601	01.08.2025 19:05:00	0,80	6,32	30,98	26,64	1448,27
602	01.08.2025 19:05:01	0,80	6,32	30,98	26,64	1448,27
603	01.08.2025 19:05:02	0,80	6,30	30,98	26,64	1448,27
604	01.08.2025 19:05:03	0,80	6,30	30,98	26,64	1448,27
605	01.08.2025 19:05:04	0,80	6,28	30,98	26,64	1448,27
606	01.08.2025 19:05:05	0,80	6,30	30,98	26,64	1448,27
607	01.08.2025 19:05:06	0,80	6,28	30,98	26,64	1448,27
608	01.08.2025 19:05:07	0,80	6,28	30,98	26,64	1448,27
609	01.08.2025 19:05:08	0,80	6,28	30,98	26,64	1448,27
610	01.08.2025 19:05:09	0,80	6,30	30,98	26,64	1448,27
611	01.08.2025 19:05:10	0,80	6,28	30,98	26,64	1448,27
612	01.08.2025 19:05:11	0,80	6,28	31,02	26,67	1448,31
613	01.08.2025 19:05:12	0,80	6,28	30,98	26,64	1448,27
614	01.08.2025 19:05:13	0,80	6,30	30,95	26,62	1448,23
615	01.08.2025 19:05:14	0,80	6,30	30,98	26,64	1448,27
616	01.08.2025 19:05:15	0,80	6,28	31,02	26,67	1448,31
617	01.08.2025 19:05:16	0,80	6,28	31,02	26,67	1448,31
618	01.08.2025 19:05:17	0,80	6,28	31,02	26,67	1448,31
619	01.08.2025 19:05:18	0,80	6,28	31,02	26,67	1448,31
620	01.08.2025 19:05:19	0,80	6,28	31,02	26,67	1448,31
621	01.08.2025 19:05:20	0,80	6,28	30,98	26,64	1448,27
622	01.08.2025 19:05:21	0,80	6,28	31,02	26,67	1448,31
623	01.08.2025 19:05:22	0,80	6,28	31,02	26,67	1448,31
624	01.08.2025 19:05:23	0,80	6,27	31,02	26,67	1448,31
625	01.08.2025 19:05:24	0,80	6,27	31,02	26,67	1448,31
626	01.08.2025 19:05:25	0,80	6,25	30,98	26,64	1448,26
627	01.08.2025 19:05:26	0,80	6,23	31,02	26,67	1448,31
628	01.08.2025 19:05:27	0,80	6,23	31,02	26,67	1448,31
629	01.08.2025 19:05:28	0,80	6,23	31,02	26,67	1448,31
630	01.08.2025 19:05:29	0,80	6,21	31,02	26,67	1448,30
631	01.08.2025 19:05:30	0,80	6,20	31,02	26,67	1448,30
632	01.08.2025 19:05:31	0,80	6,20	31,02	26,67	1448,30
633	01.08.2025 19:05:32	0,80	6,18	31,02	26,67	1448,30
634	01.08.2025 19:05:33	0,80	6,18	31,02	26,67	1448,30
635	01.08.2025 19:05:34	0,80	6,18	31,02	26,67	1448,30
636	01.08.2025 19:05:35	0,80	6,16	31,02	26,67	1448,30
637	01.08.2025 19:05:36	0,80	6,16	31,02	26,67	1448,30
638	01.08.2025 19:05:37	0,80	6,14	31,02	26,67	1448,29
639	01.08.2025 19:05:38	0,80	6,14	31,02	26,67	1448,29
640	01.08.2025 19:05:39	0,84	6,15	30,98	26,67	1448,42
641	01.08.2025 19:05:40	0,80	6,13	31,02	26,67	1448,29
642	01.08.2025 19:05:41	0,84	6,11	31,01	26,70	1448,46
643	01.08.2025 19:05:42	0,84	6,11	31,02	26,70	1448,46
644	01.08.2025 19:05:43	0,84	6,11	30,98	26,67	1448,42
645	01.08.2025 19:05:44	0,84	6,09	31,02	26,70	1448,46
646	01.08.2025 19:05:45	0,84	6,08	31,02	26,70	1448,46
647	01.08.2025 19:05:46	0,84	6,06	31,02	26,70	1448,45
648	01.08.2025 19:05:47	0,84	6,06	31,02	26,70	1448,45
649	01.08.2025 19:05:48	0,84	6,04	31,02	26,70	1448,45
650	01.08.2025 19:05:49	0,84	6,04	31,02	26,70	1448,45
651	01.08.2025 19:05:50	0,84	6,02	31,02	26,70	1448,45
652	01.08.2025 19:05:51	0,84	6,01	31,05	26,73	1448,49
653	01.08.2025 19:05:52	0,84	5,99	31,05	26,73	1448,49
654	01.08.2025 19:05:53	0,84	5,99	31,05	26,73	1448,49
655	01.08.2025 19:05:54	0,84	5,97	31,05	26,73	1448,49
656	01.08.2025 19:05:55	0,88	5,96	31,01	26,73	1448,61
657	01.08.2025 19:05:56	0,88	5,94	31,05	26,75	1448,65
658	01.08.2025 19:05:57	0,88	5,94	31,01	26,73	1448,61
659	01.08.2025 19:05:58	0,88	5,90	31,01	26,73	1448,60
660	01.08.2025 19:05:59	0,88	5,89	31,01	26,73	1448,60
661	01.08.2025 19:06:00	0,88	5,89	31,01	26,73	1448,60
662	01.08.2025 19:06:01	0,88	5,87	31,05	26,75	1448,64
663	01.08.2025 19:06:02	0,88	5,87	31,05	26,75	1448,64
664	01.08.2025 19:06:03	0,88	5,85	31,05	26,75	1448,64
665	01.08.2025 19:06:04	0,88	5,83	31,05	26,75	1448,64
666	01.08.2025 19:06:05	0,88	5,82	31,05	26,75	1448,63
667	01.08.2025 19:06:06	0,88	5,80	31,08	26,78	1448,68
668	01.08.2025 19:06:07	0,92	5,80	31,04	26,78	1448,80
669	01.08.2025 19:06:08	0,92	5,77	31,04	26,78	1448,80
670	01.08.2025 19:06:09	0,92	5,75	31,04	26,78	1448,80
671	01.08.2025 19:06:10	0,92	5,75	31,04	26,78	1448,80
672	01.08.2025 19:06:11	0,92	5,73	31,04	26,78	1448,79
673	01.08.2025 19:06:12	0,92	5,73	31,04	26,78	1448,79
674	01.08.2025 19:06:13	0,92	5,70	31,04	26,78	1448,79
675	01.08.2025 19:06:14	0,92	5,68	31,04	26,78	1448,79
676	01.08.2025 19:06:15	0,92	5,66	31,08	26,81	1448,83
677	01.08.2025 19:06:16	0,92	5,66	31,08	26,81	1448,83
678	01.08.2025 19:06:17	0,96	5,65	31,04	26,81	1448,95
679	01.08.2025 19:06:18	0,96	5,63	31,07	26,83	1449,00
680	01.08.2025 19:06:19	0,96	5,61	31,07	26,83	1448,99
681	01.08.2025 19:06:20	0,96	5,61	31,07	26,83	1448,99
682	01.08.2025 19:06:21	0,96	5,59	31,07	26,83	1448,99
683	01.08.2025 19:06:22	0,96	5,58	31,08	26,83	1448,99
684	01.08.2025 19:06:23	0,96	5,56	31,08	26,83	1448,99
685	01.08.2025 19:06:24	0,96	5,54	31,11	26,86	1449,03
686	01.08.2025 19:06:25	1,00	5,54	31,07	26,86	1449,15
687	01.08.2025 19:06:26	1,00	5,52	31,07	26,86	1449,15
688	01.08.2025 19:06:27	1,00	5,51	31,11	26,89	1449,19
689	01.08.2025 19:06:28	1,00	5,47	31,11	26,89	1449,19
690	01.08.2025 19:06:29	1,00	5,47	31,14	26,92	1449,23
691	01.08.2025 19:06:30	1,04	5,44	31,10	26,92	1449,36
692	01.08.2025 19:06:31	1,04	5,42	31,10	26,92	1449,35
693	01.08.2025 19:06:32	1,04	5,40	31,07	26,89	1449,31
694	01.08.2025 19:06:33	1,04	5,40	31,07	26,89	1449,31
695	01.08.2025 19:06:34	1,04	5,37	31,14	26,94	1449,39
696	01.08.2025 19:06:35	1,04	5,35	31,10	26,92	1449,34
697	01.08.2025 19:06:36	1,07	5,34	31,10	26,94	1449,51
698	01.08.2025 19:06:37	1,07	5,32	31,10	26,94	1449,51
699	01.08.2025 19:06:38	1,07	5,30	31,13	26,97	1449,55
700	01.08.2025 19:06:39	1,07	5,28	31,13	26,97	1449,55
701	01.08.2025 19:06:40	1,11	5,27	31,10	26,97	1449,67
702	01.08.2025 19:06:41	1,11	5,23	31,10	26,97	1449,67
703	01.08.2025 19:06:42	1,11	5,22	31,10	26,97	1449,66
704	01.08.2025 19:06:43	1,11	5,22	31,10	26,97	1449,66
705	01.08.2025 19:06:44	1,11	5,18	31,10	26,97	1449,66
706	01.08.2025 19:06:45	1,11	5,16	31,10	26,97	1449,66
707	01.08.2025 19:06:46	1,11	5,15	31,13	27,00	1449,70
708	01.08.2025 19:06:47	1,15	5,13	31,06	26,97	1449,78
709	01.08.2025 19:06:48	1,15	5,11	31,09	27,00	1449,82
710	01.08.2025 19:06:49	1,15	5,10	31,09	27,00	1449,82
711	01.08.2025 19:06:50	1,15	5,08	31,06	26,97	1449,77
712	01.08.2025 19:06:51	1,15	5,06	31,09	27,00	1449,81
713	01.08.2025 19:06:52	1,15	5,04	31,09	27,00	1449,81
714	01.08.2025 19:06:53	1,15	5,03	31,13	27,03	1449,85
715	01.08.2025 19:06:54	1,15	5,01	31,13	27,03	1449,85
716	01.08.2025 19:06:55	1,19	4,99	31,09	27,03	1449,97
717	01.08.2025 19:06:56	1,19	4,98	31,12	27,05	1450,01
718	01.08.2025 19:06:57	1,19	4,96	31,12	27,05	1450,01
719	01.08.2025 19:06:58	1,19	4,94	31,09	27,03	1449,96
720	01.08.2025 19:06:59	1,19	4,92	31,12	27,05	1450,01
721	01.08.2025 19:07:00	1,23	4,89	31,09	27,06	1450,13
722	01.08.2025 19:07:01	1,23	4,89	31,09	27,06	1450,13
723	01.08.2025 19:07:02	1,23	4,87	31,09	27,06	1450,12
724	01.08.2025 19:07:03	1,23	4,85	31,09	27,06	1450,12
725	01.08.2025 19:07:04	1,23	4,85	31,09	27,06	1450,12
726	01.08.2025 19:07:05	1,23	4,84	31,09	27,06	1450,12
727	01.08.2025 19:07:06	1,23	4,82	31,09	27,06	1450,12
728	01.08.2025 19:07:07	1,23	4,82	31,09	27,06	1450,12
729	01.08.2025 19:07:08	1,23	4,78	31,09	27,06	1450,11
730	01.08.2025 19:07:09	1,23	4,77	31,09	27,06	1450,11
731	01.08.2025 19:07:10	1,23	4,75	31,09	27,06	1450,10
732	01.08.2025 19:07:11	1,23	4,73	31,09	27,06	1450,10
733	01.08.2025 19:07:12	1,27	4,72	31,05	27,06	1450,22
734	01.08.2025 19:07:13	1,23	4,71	31,09	27,06	1450,10
735	01.08.2025 19:07:14	1,27	4,72	31,05	27,06	1450,22
736	01.08.2025 19:07:15	1,27	4,70	31,05	27,06	1450,22
737	01.08.2025 19:07:16	1,27	4,68	31,05	27,06	1450,22
738	01.08.2025 19:07:17	1,27	4,66	31,05	27,06	1450,22
739	01.08.2025 19:07:18	1,27	4,65	31,05	27,06	1450,21
740	01.08.2025 19:07:19	1,27	4,63	31,05	27,06	1450,21
741	01.08.2025 19:07:20	1,27	4,61	31,05	27,06	1450,21
742	01.08.2025 19:07:21	1,27	4,59	31,05	27,06	1450,21
743	01.08.2025 19:07:22	1,27	4,58	31,05	27,06	1450,20
744	01.08.2025 19:07:23	1,27	4,54	31,05	27,06	1450,20
745	01.08.2025 19:07:24	1,27	4,52	31,05	27,06	1450,19
746	01.08.2025 19:07:25	1,27	4,51	31,05	27,06	1450,19
747	01.08.2025 19:07:26	1,27	4,47	31,05	27,06	1450,19
748	01.08.2025 19:07:27	1,27	4,47	31,05	27,06	1450,19
749	01.08.2025 19:07:28	1,27	4,44	31,05	27,06	1450,18
750	01.08.2025 19:07:29	1,27	4,42	31,05	27,06	1450,18
751	01.08.2025 19:07:30	1,27	4,40	31,05	27,06	1450,18
752	01.08.2025 19:07:31	1,31	4,39	31,01	27,06	1450,30
753	01.08.2025 19:07:32	1,31	4,35	31,01	27,06	1450,29
754	01.08.2025 19:07:33	1,31	4,35	31,01	27,06	1450,29
755	01.08.2025 19:07:34	1,31	4,33	31,01	27,06	1450,29
756	01.08.2025 19:07:35	1,31	4,32	31,01	27,06	1450,29
757	01.08.2025 19:07:36	1,31	4,28	31,01	27,06	1450,28
758	01.08.2025 19:07:37	1,31	4,26	31,01	27,06	1450,28
759	01.08.2025 19:07:38	1,31	4,25	31,01	27,06	1450,28
760	01.08.2025 19:07:39	1,31	4,23	30,88	26,95	1450,09
761	01.08.2025 19:07:40	1,27	4,19	30,81	26,87	1449,83
762	01.08.2025 19:07:41	1,27	4,19	30,78	26,84	1449,78
763	01.08.2025 19:07:42	1,23	4,15	30,82	26,84	1449,65
764	01.08.2025 19:07:43	1,23	4,14	30,78	26,81	1449,60
765	01.08.2025 19:07:44	1,19	4,12	30,79	26,79	1449,43
766	01.08.2025 19:07:45	1,19	4,08	30,79	26,79	1449,42
767	01.08.2025 19:07:46	1,19	4,06	30,75	26,76	1449,38
768	01.08.2025 19:07:47	1,19	4,05	30,79	26,79	1449,42
769	01.08.2025 19:07:48	1,19	4,03	30,79	26,79	1449,42
770	01.08.2025 19:07:49	1,19	3,99	30,82	26,81	1449,46
771	01.08.2025 19:07:50	1,19	3,98	30,86	26,84	1449,50
772	01.08.2025 19:07:51	1,23	3,94	30,85	26,87	1449,66
773	01.08.2025 19:07:52	1,23	3,93	30,92	26,92	1449,75
774	01.08.2025 19:07:53	1,27	3,89	30,95	26,98	1449,96
775	01.08.2025 19:07:54	1,31	3,89	31,05	27,08	1450,27
776	01.08.2025 19:07:55	1,35	3,86	31,01	27,08	1450,39
777	01.08.2025 19:07:56	1,39	3,83	31,04	27,14	1450,60
778	01.08.2025 19:07:57	1,42	3,81	31,04	27,17	1450,76
779	01.08.2025 19:07:58	1,46	3,76	31,00	27,17	1450,88
780	01.08.2025 19:07:59	1,50	3,75	30,90	27,11	1450,91
781	01.08.2025 19:08:00	1,50	3,73	30,86	27,09	1450,86
782	01.08.2025 19:08:01	1,50	3,70	30,86	27,09	1450,86
783	01.08.2025 19:08:02	1,50	3,70	30,90	27,11	1450,90
784	01.08.2025 19:08:03	1,50	3,66	30,90	27,11	1450,90
785	01.08.2025 19:08:04	1,50	3,64	30,93	27,14	1450,94
786	01.08.2025 19:08:05	1,54	3,64	30,89	27,14	1451,06
787	01.08.2025 19:08:06	1,54	3,63	30,90	27,14	1451,06
788	01.08.2025 19:08:07	1,54	3,61	30,93	27,17	1451,10
789	01.08.2025 19:08:08	1,58	3,59	30,89	27,17	1451,22
790	01.08.2025 19:08:09	1,58	3,58	30,93	27,20	1451,27
791	01.08.2025 19:08:10	1,62	3,56	30,92	27,22	1451,43
792	01.08.2025 19:08:11	1,62	3,53	30,96	27,25	1451,47
793	01.08.2025 19:08:12	1,66	3,49	30,89	27,23	1451,54
794	01.08.2025 19:08:13	1,66	3,46	30,95	27,28	1451,63
795	01.08.2025 19:08:14	1,70	3,44	31,05	27,39	1451,93
796	01.08.2025 19:08:15	1,73	3,39	31,11	27,47	1452,17
797	01.08.2025 19:08:16	1,81	3,34	30,87	27,34	1452,19
798	01.08.2025 19:08:17	1,81	3,31	30,71	27,20	1451,96
799	01.08.2025 19:08:18	1,77	3,25	30,51	27,01	1451,52
800	01.08.2025 19:08:19	1,73	3,23	30,58	27,04	1451,44
801	01.08.2025 19:08:20	1,70	3,22	30,62	27,04	1451,31
802	01.08.2025 19:08:21	1,70	3,20	30,65	27,07	1451,36
803	01.08.2025 19:08:22	1,70	3,16	30,85	27,23	1451,62
804	01.08.2025 19:08:23	1,73	3,15	30,95	27,33	1451,91
805	01.08.2025 19:08:24	1,81	3,13	30,97	27,42	1452,29
806	01.08.2025 19:08:25	1,85	3,10	30,94	27,42	1452,40
807	01.08.2025 19:08:26	1,89	3,03	30,80	27,34	1452,39
808	01.08.2025 19:08:27	1,93	3,02	30,83	27,39	1452,59
809	01.08.2025 19:08:28	1,93	3,00	30,97	27,50	1452,77
810	01.08.2025 19:08:29	2,00	2,97	31,02	27,61	1453,18
811	01.08.2025 19:08:30	2,04	2,95	31,09	27,69	1453,43
812	01.08.2025 19:08:31	2,12	2,92	31,02	27,69	1453,66
813	01.08.2025 19:08:32	2,15	2,89	31,01	27,72	1453,82
814	01.08.2025 19:08:33	2,23	2,86	31,04	27,80	1454,19
815	01.08.2025 19:08:34	2,27	2,86	31,17	27,94	1454,53
816	01.08.2025 19:08:35	2,34	2,83	31,33	28,12	1455,06
817	01.08.2025 19:08:36	2,46	2,78	31,35	28,23	1455,58
818	01.08.2025 19:08:37	2,53	2,77	31,34	28,29	1455,90
819	01.08.2025 19:08:38	2,61	2,74	31,14	28,18	1455,96
820	01.08.2025 19:08:39	2,65	2,69	31,11	28,18	1456,07
821	01.08.2025 19:08:40	2,68	2,65	31,04	28,16	1456,14
822	01.08.2025 19:08:41	2,72	2,64	30,97	28,13	1456,21
823	01.08.2025 19:08:42	2,72	2,64	31,10	28,24	1456,38
824	01.08.2025 19:08:43	2,76	2,61	31,16	28,32	1456,62
825	01.08.2025 19:08:44	2,84	2,59	31,12	28,35	1456,89
826	01.08.2025 19:08:45	2,87	2,54	30,99	28,27	1456,87
827	01.08.2025 19:08:46	2,91	2,53	30,92	28,24	1456,95
828	01.08.2025 19:08:47	2,91	2,51	30,89	28,22	1456,90
829	01.08.2025 19:08:48	2,95	2,51	30,95	28,30	1457,15
830	01.08.2025 19:08:49	2,98	2,50	31,21	28,54	1457,64
831	01.08.2025 19:08:50	3,06	2,50	31,40	28,76	1458,21
832	01.08.2025 19:08:51	3,13	2,50	31,45	28,86	1458,60
833	01.08.2025 19:08:52	3,25	2,51	31,48	28,97	1459,12
834	01.08.2025 19:08:53	3,36	2,46	31,05	28,71	1459,03
835	01.08.2025 19:08:54	3,36	2,44	30,83	28,52	1458,74
836	01.08.2025 19:08:55	3,36	2,48	31,31	28,92	1459,37
837	01.08.2025 19:08:56	3,43	2,47	31,34	29,01	1459,72
838	01.08.2025 19:08:57	3,50	2,49	31,46	29,17	1460,19
839	01.08.2025 19:08:58	3,62	2,46	30,91	28,80	1459,95
840	01.08.2025 19:08:59	3,62	2,46	30,47	28,42	1459,37
841	01.08.2025 19:09:00	3,54	2,47	30,34	28,26	1458,90
842	01.08.2025 19:09:01	3,43	2,52	30,61	28,39	1458,77
843	01.08.2025 19:09:02	3,39	2,57	30,61	28,36	1458,62
844	01.08.2025 19:09:03	3,36	2,59	30,61	28,34	1458,47
845	01.08.2025 19:09:04	3,32	2,60	30,58	28,28	1458,27
846	01.08.2025 19:09:05	3,28	2,62	30,55	28,23	1458,08
847	01.08.2025 19:09:06	3,28	2,63	30,48	28,17	1458,00
848	01.08.2025 19:09:07	3,25	2,65	30,52	28,17	1457,88
849	01.08.2025 19:09:08	3,25	2,67	30,52	28,17	1457,89
850	01.08.2025 19:09:09	3,21	2,67	30,58	28,20	1457,81
851	01.08.2025 19:09:10	3,21	2,70	30,58	28,20	1457,82
852	01.08.2025 19:09:11	3,21	2,70	30,58	28,20	1457,82
853	01.08.2025 19:09:12	3,21	2,70	30,62	28,22	1457,86
854	01.08.2025 19:09:13	3,25	2,70	30,61	28,25	1458,02
855	01.08.2025 19:09:14	3,25	2,72	30,68	28,31	1458,10
856	01.08.2025 19:09:15	3,25	2,72	30,65	28,28	1458,06
857	01.08.2025 19:09:16	3,28	2,74	30,58	28,25	1458,14
858	01.08.2025 19:09:17	3,28	2,74	30,55	28,23	1458,09
859	01.08.2025 19:09:18	3,25	2,74	30,52	28,17	1457,90
860	01.08.2025 19:09:19	3,25	2,74	30,55	28,20	1457,94
861	01.08.2025 19:09:20	3,25	2,74	30,65	28,28	1458,06
862	01.08.2025 19:09:21	3,25	2,68	30,61	28,25	1458,01
863	01.08.2025 19:09:22	3,28	2,67	30,52	28,20	1458,04
864	01.08.2025 19:09:23	3,28	2,65	30,48	28,17	1458,00
865	01.08.2025 19:09:24	3,28	2,63	30,58	28,25	1458,12
866	01.08.2025 19:09:25	3,28	2,63	30,64	28,31	1458,20
867	01.08.2025 19:09:26	3,32	2,62	30,64	28,33	1458,36
868	01.08.2025 19:09:27	3,36	2,59	30,64	28,36	1458,51
869	01.08.2025 19:09:28	3,39	2,57	30,61	28,36	1458,62
870	01.08.2025 19:09:29	3,39	2,57	30,61	28,36	1458,62
871	01.08.2025 19:09:30	3,43	2,55	30,48	28,28	1458,61
872	01.08.2025 19:09:31	3,43	2,54	30,48	28,28	1458,61
873	01.08.2025 19:09:32	3,43	2,54	30,54	28,34	1458,69
874	01.08.2025 19:09:33	3,43	2,54	30,51	28,31	1458,65
875	01.08.2025 19:09:34	3,47	2,56	30,57	28,39	1458,89
876	01.08.2025 19:09:35	3,47	2,57	30,63	28,44	1458,97
877	01.08.2025 19:09:36	3,50	2,58	30,60	28,45	1459,09
878	01.08.2025 19:09:37	3,54	2,58	30,66	28,53	1459,33
879	01.08.2025 19:09:38	3,54	2,58	30,53	28,42	1459,16
880	01.08.2025 19:09:39	3,54	2,59	30,57	28,45	1459,21
881	01.08.2025 19:09:40	3,54	2,58	30,53	28,42	1459,16
882	01.08.2025 19:09:41	3,54	2,59	30,50	28,39	1459,12
883	01.08.2025 19:09:42	3,54	2,63	30,44	28,34	1459,05
884	01.08.2025 19:09:43	3,54	2,67	30,38	28,29	1458,97
885	01.08.2025 19:09:44	3,50	2,70	30,22	28,12	1458,61
886	01.08.2025 19:09:45	3,47	2,70	30,35	28,20	1458,62
887	01.08.2025 19:09:46	3,43	2,73	30,16	28,02	1458,22
888	01.08.2025 19:09:47	3,39	2,73	30,29	28,10	1458,23
889	01.08.2025 19:09:48	3,36	2,76	30,32	28,09	1458,12
890	01.08.2025 19:09:49	3,32	2,76	30,26	28,01	1457,88
891	01.08.2025 19:09:50	3,32	2,76	30,19	27,96	1457,80
892	01.08.2025 19:09:51	3,28	2,76	30,32	28,04	1457,81
893	01.08.2025 19:09:52	3,25	2,77	30,39	28,06	1457,73
894	01.08.2025 19:09:53	3,28	2,77	30,32	28,04	1457,81
895	01.08.2025 19:09:54	3,28	2,76	30,32	28,04	1457,81
896	01.08.2025 19:09:55	3,28	2,76	30,52	28,20	1458,06
897	01.08.2025 19:09:56	3,28	2,76	30,55	28,23	1458,10
898	01.08.2025 19:09:57	3,32	2,74	30,54	28,25	1458,25
899	01.08.2025 19:09:58	3,36	2,71	30,54	28,28	1458,40
900	01.08.2025 19:09:59	3,39	2,71	30,51	28,28	1458,52
901	01.08.2025 19:10:00	3,39	2,67	30,45	28,23	1458,43
902	01.08.2025 19:10:01	3,39	2,67	30,48	28,26	1458,47
903	01.08.2025 19:10:02	3,43	2,64	30,48	28,28	1458,62
904	01.08.2025 19:10:03	3,43	2,64	30,57	28,36	1458,75
905	01.08.2025 19:10:04	3,47	2,64	30,60	28,42	1458,94
906	01.08.2025 19:10:05	3,50	2,61	30,54	28,39	1459,01
907	01.08.2025 19:10:06	3,50	2,61	30,54	28,39	1459,01
908	01.08.2025 19:10:07	3,54	2,59	30,63	28,50	1459,29
909	01.08.2025 19:10:08	3,58	2,58	30,63	28,53	1459,44
910	01.08.2025 19:10:09	3,62	2,56	30,50	28,45	1459,43
911	01.08.2025 19:10:10	3,65	2,58	30,59	28,56	1459,71
912	01.08.2025 19:10:11	3,69	2,57	30,84	28,80	1460,19
913	01.08.2025 19:10:12	3,73	2,55	30,94	28,91	1460,46
914	01.08.2025 19:10:13	3,80	2,56	31,09	29,09	1460,97
915	01.08.2025 19:10:14	3,87	2,54	31,05	29,12	1461,24
916	01.08.2025 19:10:15	3,98	2,53	31,11	29,26	1461,77
917	01.08.2025 19:10:16	4,06	2,50	31,04	29,26	1461,99
918	01.08.2025 19:10:17	4,09	2,48	31,07	29,32	1462,18
919	01.08.2025 19:10:18	4,16	2,49	30,94	29,26	1462,32
920	01.08.2025 19:10:19	4,20	2,47	30,94	29,29	1462,46
921	01.08.2025 19:10:20	4,24	2,49	31,00	29,37	1462,70
922	01.08.2025 19:10:21	4,27	2,46	31,00	29,40	1462,84
923	01.08.2025 19:10:22	4,31	2,46	30,93	29,37	1462,91
924	01.08.2025 19:10:23	4,35	2,46	30,96	29,43	1463,10
925	01.08.2025 19:10:24	4,38	2,45	30,96	29,46	1463,25
926	01.08.2025 19:10:25	4,42	2,43	30,90	29,43	1463,31
927	01.08.2025 19:10:26	4,45	2,43	30,86	29,43	1463,42
928	01.08.2025 19:10:27	4,49	2,42	30,86	29,46	1463,57
929	01.08.2025 19:10:28	4,53	2,42	30,80	29,43	1463,64
930	01.08.2025 19:10:29	4,53	2,38	30,80	29,43	1463,63
931	01.08.2025 19:10:30	4,56	2,38	30,71	29,38	1463,66
932	01.08.2025 19:10:31	4,60	2,39	30,67	29,38	1463,77
933	01.08.2025 19:10:32	4,60	2,37	30,64	29,36	1463,73
934	01.08.2025 19:10:33	4,64	2,35	30,52	29,28	1463,71
935	01.08.2025 19:10:34	4,64	2,34	30,52	29,28	1463,71
936	01.08.2025 19:10:35	4,64	2,32	30,52	29,28	1463,71
937	01.08.2025 19:10:36	4,67	2,30	30,49	29,28	1463,81
938	01.08.2025 19:10:37	4,67	2,28	30,49	29,28	1463,81
939	01.08.2025 19:10:38	4,71	2,27	30,48	29,30	1463,96
940	01.08.2025 19:10:39	4,71	2,25	30,61	29,41	1464,11
941	01.08.2025 19:10:40	4,74	2,24	30,58	29,41	1464,22
942	01.08.2025 19:10:41	4,78	2,20	30,73	29,57	1464,56
943	01.08.2025 19:10:42	4,85	2,19	30,72	29,63	1464,85
944	01.08.2025 19:10:43	4,92	2,17	30,66	29,63	1465,06
945	01.08.2025 19:10:44	4,99	2,14	30,57	29,61	1465,23
946	01.08.2025 19:10:45	5,03	2,13	30,69	29,74	1465,53
947	01.08.2025 19:10:46	5,10	2,08	30,65	29,77	1465,77
948	01.08.2025 19:10:47	5,21	2,08	30,68	29,88	1466,24
949	01.08.2025 19:10:48	5,28	2,05	30,68	29,93	1466,53
950	01.08.2025 19:10:49	5,35	2,02	30,68	29,99	1466,81
951	01.08.2025 19:10:50	5,42	2,01	30,73	30,10	1467,17
952	01.08.2025 19:10:51	5,49	1,98	30,67	30,10	1467,38
953	01.08.2025 19:10:52	5,56	1,94	30,76	30,24	1467,77
954	01.08.2025 19:10:53	5,63	1,91	30,85	30,37	1468,17
955	01.08.2025 19:10:54	5,74	1,92	30,84	30,45	1468,59
956	01.08.2025 19:10:55	5,84	1,87	30,81	30,51	1468,97
957	01.08.2025 19:10:56	5,95	1,84	30,84	30,62	1469,42
958	01.08.2025 19:10:57	6,09	1,81	30,74	30,65	1469,86
959	01.08.2025 19:10:58	6,23	1,80	30,65	30,68	1470,30
960	01.08.2025 19:10:59	6,37	1,74	30,56	30,71	1470,73
961	01.08.2025 19:11:00	6,47	1,71	30,53	30,77	1471,10
962	01.08.2025 19:11:01	6,61	1,66	30,41	30,77	1471,49
963	01.08.2025 19:11:02	6,72	1,61	30,35	30,80	1471,82
964	01.08.2025 19:11:03	6,78	1,58	30,26	30,78	1471,97
965	01.08.2025 19:11:04	6,85	1,55	30,14	30,72	1472,09
966	01.08.2025 19:11:05	6,92	1,52	30,06	30,70	1472,25
967	01.08.2025 19:11:06	6,99	1,51	30,00	30,70	1472,44
968	01.08.2025 19:11:07	7,09	1,49	30,00	30,78	1472,85
969	01.08.2025 19:11:08	7,16	1,46	30,49	31,29	1473,73
970	01.08.2025 19:11:09	7,40	1,51	30,88	31,86	1475,17
971	01.08.2025 19:11:10	7,67	1,47	31,17	32,35	1476,57
972	01.08.2025 19:11:11	7,98	1,40	30,48	31,95	1476,87
973	01.08.2025 19:11:12	8,21	1,30	30,14	31,83	1477,33
974	01.08.2025 19:11:13	8,35	1,29	30,14	31,94	1477,84
975	01.08.2025 19:11:14	8,55	1,26	30,20	32,16	1478,67
976	01.08.2025 19:11:15	8,75	1,26	30,48	32,59	1479,77
977	01.08.2025 19:11:16	9,01	1,22	30,87	33,19	1481,24
978	01.08.2025 19:11:17	9,28	1,21	30,94	33,49	1482,32
979	01.08.2025 19:11:18	9,61	1,19	31,13	33,95	1483,77
980	01.08.2025 19:11:19	9,97	1,10	31,02	34,14	1484,93
981	01.08.2025 19:11:20	10,26	1,05	30,94	34,32	1485,89
982	01.08.2025 19:11:21	10,55	1,08	30,94	34,56	1486,94
983	01.08.2025 19:11:22	10,87	1,04	30,94	34,84	1488,09
984	01.08.2025 19:11:23	11,19	0,97	31,18	35,35	1489,50
985	01.08.2025 19:11:24	11,54	0,93	31,18	35,66	1490,74
986	01.08.2025 19:11:25	11,89	0,86	30,92	35,69	1491,63
987	01.08.2025 19:11:26	12,11	0,82	30,97	35,94	1492,45
988	01.08.2025 19:11:27	12,34	0,83	31,00	36,16	1493,25
989	01.08.2025 19:11:28	12,59	0,79	30,95	36,33	1494,04
990	01.08.2025 19:11:29	12,87	0,75	30,85	36,47	1494,88
991	01.08.2025 19:11:30	13,09	0,69	30,76	36,56	1495,49
992	01.08.2025 19:11:31	13,34	0,63	30,59	36,59	1496,11
993	01.08.2025 19:11:32	13,55	0,56	30,42	36,59	1496,63
994	01.08.2025 19:11:33	13,74	0,51	30,30	36,62	1497,09
995	01.08.2025 19:11:34	13,86	0,46	30,18	36,60	1497,35
996	01.08.2025 19:11:35	13,99	0,44	30,14	36,66	1497,70
997	01.08.2025 19:11:36	14,14	0,41	30,05	36,69	1498,10
998	01.08.2025 19:11:37	14,27	0,37	29,98	36,72	1498,41
999	01.08.2025 19:11:38	14,39	0,36	29,93	36,78	1498,76
1000	01.08.2025 19:11:39	14,51	0,34	29,84	36,78	1499,05
1001	01.08.2025 19:11:40	14,63	0,30	29,75	36,78	1499,33
1002	01.08.2025 19:11:41	14,76	0,27	29,66	36,79	1499,62
1003	01.08.2025 19:11:42	14,88	0,25	29,57	36,79	1499,90
1004	01.08.2025 19:11:43	14,97	0,23	29,60	36,90	1500,23
1005	01.08.2025 19:11:44	15,12	0,22	29,77	37,22	1500,92
1006	01.08.2025 19:11:45	15,31	0,23	29,71	37,31	1501,43
1007	01.08.2025 19:11:46	15,46	0,18	29,55	37,26	1501,72
1008	01.08.2025 19:11:47	15,64	0,09	29,20	37,02	1501,88
1009	01.08.2025 19:11:48	15,70	0,02	29,12	36,97	1501,96
1010	01.08.2025 19:11:49	15,76	0,00	29,00	36,89	1502,01
1011	01.08.2025 19:11:50	15,79	0,00	29,03	36,95	1502,14
1012	01.08.2025 19:11:51	15,85	0,04	29,29	37,29	1502,64
1013	01.08.2025 19:11:52	15,98	0,04	29,50	37,65	1503,27
1014	01.08.2025 19:11:53	16,19	0,02	29,37	37,68	1503,78
1015	01.08.2025 19:11:54	16,34	-0,03	29,27	37,68	1504,12
1016	01.08.2025 19:11:55	16,46	-0,05	29,25	37,76	1504,47
1017	01.08.2025 19:11:56	16,61	-0,07	29,14	37,77	1504,81
1018	01.08.2025 19:11:57	16,70	-0,08	29,12	37,82	1505,06
1019	01.08.2025 19:11:58	16,82	-0,08	29,04	37,83	1505,33
1020	01.08.2025 19:11:59	16,91	-0,10	28,98	37,83	1505,53
1021	01.08.2025 19:12:00	17,00	-0,10	28,91	37,83	1505,73
1022	01.08.2025 19:12:01	17,06	-0,10	28,90	37,86	1505,90
1023	01.08.2025 19:12:02	17,15	-0,14	5,22	7,88	1478,61
1024	01.08.2025 19:12:03	17,21	-0,15	6,87	10,19	1480,72
1025	01.08.2025 19:12:04	17,24	-0,15	0,55	0,93	1473,46
1026	01.08.2025 19:12:05	17,27	-0,15	0,34	0,60	1473,32
1027	01.08.2025 19:12:06	17,27	-0,15	0,26	0,46	1473,23
1028	01.08.2025 19:12:07	17,30	-0,12	0,33	0,57	1473,41
1029	01.08.2025 19:12:08	17,30	-0,12	0,39	0,68	1473,48
1030	01.08.2025 19:12:09	17,33	-0,12	0,28	0,49	1473,45
1031	01.08.2025 19:12:10	17,33	-0,12	0,31	0,54	1473,49
1032	01.08.2025 19:12:11	17,33	-0,10	0,46	0,79	1473,66
1033	01.08.2025 19:12:12	17,33	-0,10	0,21	0,38	1473,38
1034	01.08.2025 19:12:13	17,33	-0,10	0,15	0,27	1473,30
1035	01.08.2025 19:12:14	17,33	-0,08	0,15	0,27	1473,31
1036	01.08.2025 19:12:15	17,30	-0,08	0,15	0,27	1473,21
1037	01.08.2025 19:12:16	17,30	-0,10	0,15	0,27	1473,20
1038	01.08.2025 19:12:17	17,30	-0,08	0,15	0,27	1473,21
1039	01.08.2025 19:12:18	17,30	-0,08	0,17	0,29	1473,22
1040	01.08.2025 19:12:19	17,30	-0,07	0,17	0,29	1473,23
1041	01.08.2025 19:12:20	17,27	-0,10	0,20	0,35	1473,16
1042	01.08.2025 19:12:21	17,27	-0,08	0,18	0,32	1473,14
1043	01.08.2025 19:12:22	17,27	-0,10	0,18	0,32	1473,14
1044	01.08.2025 19:12:23	17,24	-0,08	0,18	0,32	1473,04
1045	01.08.2025 19:12:24	17,24	-0,07	0,21	0,38	1473,08
1046	01.08.2025 19:12:25	17,21	-0,07	0,21	0,38	1472,98
1047	01.08.2025 19:12:26	17,21	-0,07	0,58	0,99	1473,41
1048	01.08.2025 19:12:27	17,18	-0,07	0,55	0,93	1473,27
1049	01.08.2025 19:12:28	17,15	-0,07	0,60	1,02	1473,23
1050	01.08.2025 19:12:29	17,15	-0,07	0,62	1,05	1473,25
1051	01.08.2025 19:12:30	17,15	-0,07	0,70	1,18	1473,35
1052	01.08.2025 19:12:31	17,12	-0,07	0,36	0,63	1472,86
1053	01.08.2025 19:12:32	17,12	-0,07	0,20	0,35	1472,67
1054	01.08.2025 19:12:33	17,09	-0,07	0,17	0,29	1472,53
1055	01.08.2025 19:12:34	17,09	-0,05	0,15	0,27	1472,51
1056	01.08.2025 19:12:35	17,06	-0,05	0,15	0,27	1472,41
1057	01.08.2025 19:12:36	17,06	-0,05	0,14	0,24	1472,39
1058	01.08.2025 19:12:37	17,03	-0,05	0,15	0,27	1472,31
1059	01.08.2025 19:12:38	17,03	-0,05	0,15	0,27	1472,31
1060	01.08.2025 19:12:39	17,00	-0,05	0,20	0,35	1472,27
1061	01.08.2025 19:12:40	17,00	-0,05	0,12	0,21	1472,18
1062	01.08.2025 19:12:41	17,00	-0,03	0,10	0,18	1472,16
1063	01.08.2025 19:12:42	16,97	-0,03	0,09	0,16	1472,04
1064	01.08.2025 19:12:43	16,97	-0,05	0,09	0,16	1472,04
1065	01.08.2025 19:12:44	16,94	-0,03	0,07	0,13	1471,92
1066	01.08.2025 19:12:45	16,94	-0,05	0,09	0,16	1471,94
1067	01.08.2025 19:12:46	16,91	-0,05	0,07	0,13	1471,82
1068	01.08.2025 19:12:47	16,91	-0,05	0,07	0,13	1471,82
1069	01.08.2025 19:12:48	16,91	-0,05	0,07	0,13	1471,82
1070	01.08.2025 19:12:49	16,88	-0,05	0,07	0,13	1471,72
1071	01.08.2025 19:12:50	16,88	-0,05	0,07	0,13	1471,72
1072	01.08.2025 19:12:51	16,85	-0,05	0,07	0,13	1471,62
1073	01.08.2025 19:12:52	16,85	-0,05	0,07	0,13	1471,62
1074	01.08.2025 19:12:53	16,85	-0,05	0,06	0,10	1471,60
1075	01.08.2025 19:12:54	16,82	-0,05	0,07	0,13	1471,52
1076	01.08.2025 19:12:55	16,82	-0,05	0,07	0,13	1471,52
1077	01.08.2025 19:12:56	16,82	-0,05	0,07	0,13	1471,52
1078	01.08.2025 19:12:57	16,79	-0,05	0,07	0,13	1471,42
1079	01.08.2025 19:12:58	16,79	-0,05	0,07	0,13	1471,42
1080	01.08.2025 19:12:59	16,79	-0,05	0,06	0,10	1471,40
1081	01.08.2025 19:13:00	16,76	-0,05	0,06	0,10	1471,30
1082	01.08.2025 19:13:01	16,76	-0,05	0,06	0,10	1471,30
1083	01.08.2025 19:13:02	16,73	-0,03	0,06	0,10	1471,20
1084	01.08.2025 19:13:03	16,73	-0,05	0,06	0,10	1471,20
1085	01.08.2025 19:13:04	16,73	-0,05	0,06	0,10	1471,20
1086	01.08.2025 19:13:05	16,70	-0,05	0,06	0,10	1471,09
1087	01.08.2025 19:13:06	16,70	-0,03	0,06	0,10	1471,10
1088	01.08.2025 19:13:07	16,70	-0,03	0,06	0,10	1471,10
1089	01.08.2025 19:13:08	16,67	-0,03	0,06	0,10	1470,99
1090	01.08.2025 19:13:09	16,67	-0,03	0,06	0,10	1470,99
1091	01.08.2025 19:13:10	16,64	-0,03	0,06	0,10	1470,89
1092	01.08.2025 19:13:11	16,64	-0,03	0,06	0,10	1470,89
1093	01.08.2025 19:13:12	16,64	-0,03	0,06	0,10	1470,89
1094	01.08.2025 19:13:13	16,64	-0,03	0,06	0,10	1470,89
1095	01.08.2025 19:13:14	16,61	-0,03	0,06	0,10	1470,79
1096	01.08.2025 19:13:15	16,61	-0,03	0,06	0,10	1470,79
1097	01.08.2025 19:13:16	16,58	-0,03	0,06	0,10	1470,69
1098	01.08.2025 19:13:17	16,58	-0,03	0,06	0,10	1470,69
1099	01.08.2025 19:13:18	16,58	-0,03	0,06	0,10	1470,69
1100	01.08.2025 19:13:19	16,55	-0,05	0,06	0,10	1470,58
1101	01.08.2025 19:13:20	16,55	-0,05	0,06	0,10	1470,58
1102	01.08.2025 19:13:21	16,55	-0,07	0,04	0,07	1470,56
1103	01.08.2025 19:13:22	16,52	-0,05	0,06	0,10	1470,48
1104	01.08.2025 19:13:23	16,52	-0,05	0,06	0,10	1470,48
1105	01.08.2025 19:13:24	16,52	-0,05	0,06	0,10	1470,48
1106	01.08.2025 19:13:25	16,49	-0,05	0,06	0,10	1470,38
1107	01.08.2025 19:13:26	16,49	-0,03	0,06	0,10	1470,38
1108	01.08.2025 19:13:27	16,49	-0,05	0,06	0,10	1470,38
1109	01.08.2025 19:13:28	16,46	-0,03	0,06	0,10	1470,28
1110	01.08.2025 19:13:29	16,46	-0,05	0,06	0,10	1470,28
1111	01.08.2025 19:13:30	16,46	-0,03	0,06	0,10	1470,28
1112	01.08.2025 19:13:31	16,46	-0,05	0,06	0,10	1470,28
1113	01.08.2025 19:13:32	16,43	-0,05	0,06	0,10	1470,18
1114	01.08.2025 19:13:33	16,43	-0,05	0,04	0,07	1470,16
1115	01.08.2025 19:13:34	16,43	-0,03	0,06	0,10	1470,18
1116	01.08.2025 19:13:35	16,40	-0,03	0,06	0,10	1470,08
1117	01.08.2025 19:13:36	16,40	-0,05	0,06	0,10	1470,07
1118	01.08.2025 19:13:37	16,40	-0,03	0,04	0,07	1470,06
1119	01.08.2025 19:13:38	16,37	-0,03	0,06	0,10	1469,97
1120	01.08.2025 19:13:39	16,37	-0,03	0,04	0,07	1469,96
1121	01.08.2025 19:13:40	16,37	-0,03	0,06	0,10	1469,97
1122	01.08.2025 19:13:41	16,37	-0,03	0,06	0,10	1469,97
1123	01.08.2025 19:13:42	16,34	-0,03	0,06	0,10	1469,87
1124	01.08.2025 19:13:43	16,34	-0,03	0,06	0,10	1469,87
1125	01.08.2025 19:13:44	16,34	-0,03	0,06	0,10	1469,87
1126	01.08.2025 19:13:45	16,34	-0,03	0,04	0,07	1469,85
1127	01.08.2025 19:13:46	16,34	-0,03	0,06	0,10	1469,87
1128	01.08.2025 19:13:47	16,34	-0,03	0,04	0,07	1469,85
1129	01.08.2025 19:13:48	16,34	-0,03	0,04	0,07	1469,85
1130	01.08.2025 19:13:49	16,34	-0,03	0,04	0,07	1469,85
1131	01.08.2025 19:13:50	16,34	-0,03	0,06	0,10	1469,87
1132	01.08.2025 19:13:51	16,34	-0,03	0,06	0,10	1469,87
1133	01.08.2025 19:13:52	16,31	-0,03	0,04	0,07	1469,75
1134	01.08.2025 19:13:53	16,31	-0,03	0,04	0,07	1469,75
1135	01.08.2025 19:13:54	16,31	-0,03	0,04	0,07	1469,75
1136	01.08.2025 19:13:55	16,31	-0,03	0,04	0,07	1469,75
1137	01.08.2025 19:13:56	16,31	-0,03	0,04	0,07	1469,75
1138	01.08.2025 19:13:57	16,31	-0,03	0,04	0,07	1469,75
1139	01.08.2025 19:13:58	16,31	-0,03	0,04	0,07	1469,75
1140	01.08.2025 19:13:59	16,28	-0,03	0,04	0,07	1469,65
1141	01.08.2025 19:14:00	16,28	-0,03	0,04	0,07	1469,65
1142	01.08.2025 19:14:01	16,28	-0,03	0,04	0,07	1469,65
1143	01.08.2025 19:14:02	16,28	-0,05	0,04	0,07	1469,64
1144	01.08.2025 19:14:03	16,28	-0,03	0,04	0,07	1469,65
1145	01.08.2025 19:14:04	16,25	-0,03	0,04	0,07	1469,54
1146	01.08.2025 19:14:05	16,25	-0,03	0,04	0,07	1469,54
1147	01.08.2025 19:14:06	16,25	-0,03	0,04	0,07	1469,54
1148	01.08.2025 19:14:07	16,25	-0,03	0,04	0,07	1469,54
1149	01.08.2025 19:14:08	16,25	-0,03	0,04	0,07	1469,54
1150	01.08.2025 19:14:09	16,22	-0,03	0,06	0,10	1469,46
1151	01.08.2025 19:14:10	16,22	-0,03	0,04	0,07	1469,44
1152	01.08.2025 19:14:11	16,22	-0,03	0,04	0,07	1469,44
1153	01.08.2025 19:14:12	16,22	-0,03	0,06	0,10	1469,46
1154	01.08.2025 19:14:13	16,19	-0,03	0,04	0,07	1469,34
1155	01.08.2025 19:14:14	16,19	-0,03	0,04	0,07	1469,34
1156	01.08.2025 19:14:15	16,19	-0,05	0,09	0,16	1469,39
1157	01.08.2025 19:14:16	16,19	-0,03	0,11	0,18	1469,41
1158	01.08.2025 19:14:17	16,19	-0,03	0,11	0,18	1469,41
1159	01.08.2025 19:14:18	16,16	-0,05	0,11	0,18	1469,30
1160	01.08.2025 19:14:19	16,16	-0,05	0,11	0,18	1469,30
1161	01.08.2025 19:14:20	16,16	-0,05	0,09	0,16	1469,29
1162	01.08.2025 19:14:21	16,16	-0,05	0,11	0,18	1469,30
1163	01.08.2025 19:14:22	16,13	-0,05	0,12	0,21	1469,22
1164	01.08.2025 19:14:23	16,13	-0,05	0,11	0,18	1469,20
1165	01.08.2025 19:14:24	16,13	-0,03	0,09	0,16	1469,19
1166	01.08.2025 19:14:25	16,13	-0,05	0,09	0,16	1469,18
1167	01.08.2025 19:14:26	16,13	-0,05	0,09	0,16	1469,18
1168	01.08.2025 19:14:27	16,10	-0,05	0,09	0,16	1469,08
1169	01.08.2025 19:14:28	16,10	-0,05	0,09	0,16	1469,08
1170	01.08.2025 19:14:29	16,10	-0,05	0,09	0,16	1469,08
1171	01.08.2025 19:14:30	16,10	-0,05	0,09	0,16	1469,08
1172	01.08.2025 19:14:31	16,10	-0,05	0,08	0,13	1469,06
1173	01.08.2025 19:14:32	16,07	-0,05	0,09	0,16	1468,98
1174	01.08.2025 19:14:33	16,07	-0,03	0,09	0,16	1468,98
1175	01.08.2025 19:14:34	16,07	-0,05	0,09	0,16	1468,98
1176	01.08.2025 19:14:35	16,07	-0,05	0,09	0,16	1468,98
1177	01.08.2025 19:14:36	16,07	-0,03	0,09	0,16	1468,98
1178	01.08.2025 19:14:37	16,07	-0,03	0,09	0,16	1468,98
1179	01.08.2025 19:14:38	16,04	-0,03	0,08	0,13	1468,86
1180	01.08.2025 19:14:39	16,04	-0,05	0,08	0,13	1468,85
1181	01.08.2025 19:14:40	16,04	-0,05	0,08	0,13	1468,85
1182	01.08.2025 19:14:41	16,04	-0,05	0,08	0,13	1468,85
1183	01.08.2025 19:14:42	16,04	-0,05	0,08	0,13	1468,85
1184	01.08.2025 19:14:43	16,04	-0,05	0,08	0,13	1468,85
1185	01.08.2025 19:14:44	16,01	-0,05	0,09	0,16	1468,77
1186	01.08.2025 19:14:45	16,01	-0,05	0,08	0,13	1468,75
1187	01.08.2025 19:14:46	16,01	-0,05	0,08	0,13	1468,75
1188	01.08.2025 19:14:47	16,01	-0,05	0,08	0,13	1468,75
1189	01.08.2025 19:14:48	16,01	-0,05	0,08	0,13	1468,75
1190	01.08.2025 19:14:49	16,01	-0,05	0,08	0,13	1468,75
1191	01.08.2025 19:14:50	15,98	-0,05	0,08	0,13	1468,65
1192	01.08.2025 19:14:51	15,98	-0,05	0,08	0,13	1468,65
1193	01.08.2025 19:14:52	15,98	-0,05	0,08	0,13	1468,65
1194	01.08.2025 19:14:53	15,98	-0,05	0,08	0,13	1468,65
1195	01.08.2025 19:14:54	15,98	-0,05	0,08	0,13	1468,65
1196	01.08.2025 19:14:55	15,98	-0,05	0,08	0,13	1468,65
1197	01.08.2025 19:14:56	15,98	-0,03	0,08	0,13	1468,65
1198	01.08.2025 19:14:57	15,94	-0,05	0,08	0,13	1468,54
1199	01.08.2025 19:14:58	15,94	-0,05	0,08	0,13	1468,54
1200	01.08.2025 19:14:59	15,94	-0,05	0,08	0,13	1468,54
1201	01.08.2025 19:15:00	15,94	-0,05	0,08	0,13	1468,54
1202	01.08.2025 19:15:01	15,94	-0,05	0,08	0,13	1468,54
1203	01.08.2025 19:15:02	15,94	-0,03	0,08	0,13	1468,54
1204	01.08.2025 19:15:03	15,94	-0,03	0,08	0,13	1468,54
1205	01.08.2025 19:15:04	15,91	-0,05	0,08	0,13	1468,44
1206	01.08.2025 19:15:05	15,91	-0,05	0,08	0,13	1468,44
1207	01.08.2025 19:15:06	15,91	-0,05	0,08	0,13	1468,44
1208	01.08.2025 19:15:07	15,91	-0,05	0,08	0,13	1468,44
1209	01.08.2025 19:15:08	15,91	-0,05	0,08	0,13	1468,44
1210	01.08.2025 19:15:09	15,91	-0,03	0,08	0,13	1468,44
1211	01.08.2025 19:15:10	15,91	-0,05	0,08	0,13	1468,44
1212	01.08.2025 19:15:11	15,88	-0,03	0,08	0,13	1468,34
1213	01.08.2025 19:15:12	15,88	-0,05	0,08	0,13	1468,33
1214	01.08.2025 19:15:13	15,88	-0,05	0,08	0,13	1468,33
1215	01.08.2025 19:15:14	15,88	-0,03	0,08	0,13	1468,34
1216	01.08.2025 19:15:15	15,88	-0,05	0,08	0,13	1468,33
1217	01.08.2025 19:15:16	15,88	-0,05	0,08	0,13	1468,33
1218	01.08.2025 19:15:17	15,88	-0,03	0,08	0,13	1468,34
1219	01.08.2025 19:15:18	15,88	-0,05	0,08	0,13	1468,33
1220	01.08.2025 19:15:19	15,85	-0,03	0,08	0,13	1468,23
1221	01.08.2025 19:15:20	15,85	-0,03	0,08	0,13	1468,23
1222	01.08.2025 19:15:21	15,85	-0,03	0,08	0,13	1468,23
1223	01.08.2025 19:15:22	15,85	-0,03	0,08	0,13	1468,23
1224	01.08.2025 19:15:23	15,85	-0,03	0,08	0,13	1468,23
1225	01.08.2025 19:15:24	15,85	-0,05	0,08	0,13	1468,23
1226	01.08.2025 19:15:25	15,85	-0,05	0,08	0,13	1468,23
1227	01.08.2025 19:15:26	15,85	-0,05	0,08	0,13	1468,23
1228	01.08.2025 19:15:27	15,85	-0,03	0,08	0,13	1468,23
1229	01.08.2025 19:15:28	15,85	-0,03	0,08	0,13	1468,23
1230	01.08.2025 19:15:29	15,85	-0,05	0,08	0,13	1468,23
1231	01.08.2025 19:15:30	15,82	-0,03	0,08	0,13	1468,13
1232	01.08.2025 19:15:31	15,82	-0,05	0,08	0,13	1468,12
1233	01.08.2025 19:15:32	15,82	-0,03	0,08	0,13	1468,13
1234	01.08.2025 19:15:33	15,82	-0,03	0,08	0,13	1468,13
1235	01.08.2025 19:15:34	15,82	-0,03	0,08	0,13	1468,13
1236	01.08.2025 19:15:35	15,82	-0,03	0,08	0,13	1468,13
1237	01.08.2025 19:15:36	15,82	-0,03	0,08	0,13	1468,13
1238	01.08.2025 19:15:37	15,82	-0,03	0,08	0,13	1468,13
1239	01.08.2025 19:15:38	15,82	-0,03	0,08	0,13	1468,13
1240	01.08.2025 19:15:39	15,82	-0,03	0,08	0,13	1468,13
1241	01.08.2025 19:15:40	15,82	-0,03	0,08	0,13	1468,13
1242	01.08.2025 19:15:41	15,82	-0,03	0,08	0,13	1468,13
1243	01.08.2025 19:15:42	15,79	-0,05	0,08	0,13	1468,02
1244	01.08.2025 19:15:43	15,79	-0,05	0,08	0,13	1468,02
1245	01.08.2025 19:15:44	15,79	-0,05	0,08	0,13	1468,02
1246	01.08.2025 19:15:45	15,79	-0,07	0,08	0,13	1468,02
1247	01.08.2025 19:15:46	15,79	-0,05	0,08	0,13	1468,02
1248	01.08.2025 19:15:47	15,79	-0,05	0,08	0,13	1468,02
1249	01.08.2025 19:15:48	15,79	-0,07	0,08	0,13	1468,02
1250	01.08.2025 19:15:49	15,79	-0,05	0,08	0,13	1468,02
1251	01.08.2025 19:15:50	15,79	-0,05	0,08	0,13	1468,02
1252	01.08.2025 19:15:51	15,79	-0,07	0,08	0,13	1468,02
1253	01.08.2025 19:15:52	15,79	-0,05	0,08	0,13	1468,02
1254	01.08.2025 19:15:53	15,76	-0,05	0,08	0,13	1467,92
1255	01.08.2025 19:15:54	15,76	-0,05	0,08	0,13	1467,92
1256	01.08.2025 19:15:55	15,76	-0,07	0,08	0,13	1467,91
1257	01.08.2025 19:15:56	15,76	-0,05	0,08	0,13	1467,92
1258	01.08.2025 19:15:57	15,76	-0,07	0,08	0,13	1467,91
1259	01.08.2025 19:15:58	15,76	-0,07	0,08	0,13	1467,91
1260	01.08.2025 19:15:59	15,76	-0,05	0,08	0,13	1467,92
1261	01.08.2025 19:16:00	15,76	-0,05	0,08	0,13	1467,92
1262	01.08.2025 19:16:01	15,76	-0,05	0,08	0,13	1467,92
1263	01.08.2025 19:16:02	15,76	-0,05	0,08	0,13	1467,92
1264	01.08.2025 19:16:03	15,76	-0,05	0,08	0,13	1467,92
1265	01.08.2025 19:16:04	15,76	-0,07	0,08	0,13	1467,91
1266	01.08.2025 19:16:05	15,76	-0,07	0,08	0,13	1467,91
1267	01.08.2025 19:16:06	15,76	-0,05	0,08	0,13	1467,92
1268	01.08.2025 19:16:07	15,73	-0,05	0,08	0,13	1467,81
1269	01.08.2025 19:16:08	15,73	-0,03	0,08	0,13	1467,81
1270	01.08.2025 19:16:09	15,73	-0,05	0,08	0,13	1467,81
1271	01.08.2025 19:16:10	15,73	-0,05	0,08	0,13	1467,81
1272	01.08.2025 19:16:11	15,73	-0,05	0,08	0,13	1467,81
1273	01.08.2025 19:16:12	15,73	-0,05	0,08	0,13	1467,81
1274	01.08.2025 19:16:13	15,73	-0,05	0,08	0,13	1467,81
1275	01.08.2025 19:16:14	15,73	-0,05	0,08	0,13	1467,81
1276	01.08.2025 19:16:15	15,73	-0,05	0,08	0,13	1467,81
1277	01.08.2025 19:16:16	15,73	-0,05	0,08	0,13	1467,81
1278	01.08.2025 19:16:17	15,73	-0,07	0,08	0,13	1467,81
1279	01.08.2025 19:16:18	15,73	-0,05	0,08	0,13	1467,81
1280	01.08.2025 19:16:19	15,73	-0,05	0,08	0,13	1467,81
1281	01.08.2025 19:16:20	15,73	-0,05	0,08	0,13	1467,81
1282	01.08.2025 19:16:21	15,73	-0,05	0,08	0,13	1467,81
1283	01.08.2025 19:16:22	15,73	-0,05	0,08	0,13	1467,81
1284	01.08.2025 19:16:23	15,73	-0,05	0,08	0,13	1467,81
1285	01.08.2025 19:16:24	15,70	-0,05	0,08	0,13	1467,71
1286	01.08.2025 19:16:25	15,70	-0,05	0,08	0,13	1467,71
1287	01.08.2025 19:16:26	15,70	-0,03	0,08	0,13	1467,71
1288	01.08.2025 19:16:27	15,70	-0,05	0,08	0,13	1467,71
1289	01.08.2025 19:16:28	15,70	-0,05	0,08	0,13	1467,71
1290	01.08.2025 19:16:29	15,70	-0,05	0,08	0,13	1467,71
1291	01.08.2025 19:16:30	15,70	-0,05	0,08	0,13	1467,71
1292	01.08.2025 19:16:31	15,70	-0,05	0,08	0,13	1467,71
1293	01.08.2025 19:16:32	15,70	-0,05	0,08	0,13	1467,71
1294	01.08.2025 19:16:33	15,70	-0,05	0,08	0,13	1467,71
1295	01.08.2025 19:16:34	15,70	-0,05	0,08	0,13	1467,71
1296	01.08.2025 19:16:35	15,70	-0,05	0,08	0,13	1467,71
1297	01.08.2025 19:16:36	15,70	-0,05	0,08	0,13	1467,71
1298	01.08.2025 19:16:37	15,70	-0,05	0,08	0,13	1467,71
1299	01.08.2025 19:16:38	15,70	-0,05	0,08	0,13	1467,71
1300	01.08.2025 19:16:39	15,70	-0,05	0,08	0,13	1467,71
1301	01.08.2025 19:16:40	15,70	-0,05	0,08	0,13	1467,71
1302	01.08.2025 19:16:41	15,70	-0,05	0,08	0,13	1467,71
1303	01.08.2025 19:16:42	15,70	-0,05	0,08	0,13	1467,71
1304	01.08.2025 19:16:43	15,70	-0,05	0,08	0,13	1467,71
1305	01.08.2025 19:16:44	15,70	-0,05	0,08	0,13	1467,71
1306	01.08.2025 19:16:45	15,70	-0,07	0,08	0,13	1467,70
1307	01.08.2025 19:16:46	15,70	-0,05	0,08	0,13	1467,71
1308	01.08.2025 19:16:47	15,67	-0,05	0,08	0,13	1467,60
1309	01.08.2025 19:16:48	15,67	-0,07	0,08	0,13	1467,60
1310	01.08.2025 19:16:49	15,67	-0,05	0,08	0,13	1467,60
1311	01.08.2025 19:16:50	15,67	-0,05	0,08	0,13	1467,60
1312	01.08.2025 19:16:51	15,67	-0,07	0,08	0,13	1467,60
1313	01.08.2025 19:16:52	15,67	-0,07	0,08	0,13	1467,60
1314	01.08.2025 19:16:53	15,67	-0,07	0,08	0,13	1467,60
1315	01.08.2025 19:16:54	15,67	-0,05	0,08	0,13	1467,60
1316	01.08.2025 19:16:55	15,67	-0,05	0,08	0,13	1467,60
1317	01.08.2025 19:16:56	15,67	-0,07	0,08	0,13	1467,60
1318	01.08.2025 19:16:57	15,67	-0,05	0,08	0,13	1467,60
1319	01.08.2025 19:16:58	15,67	-0,07	0,08	0,13	1467,60
1320	01.08.2025 19:16:59	15,67	-0,05	0,08	0,13	1467,60
1321	01.08.2025 19:17:00	15,67	-0,07	0,08	0,13	1467,60
1322	01.08.2025 19:17:01	15,67	-0,05	0,08	0,13	1467,60
1323	01.08.2025 19:17:02	15,67	-0,05	0,08	0,13	1467,60
1324	01.08.2025 19:17:03	15,67	-0,05	0,08	0,13	1467,60
1325	01.08.2025 19:17:04	15,67	-0,05	0,08	0,13	1467,60
1326	01.08.2025 19:17:05	15,67	-0,05	0,08	0,13	1467,60
1327	01.08.2025 19:17:06	15,67	-0,05	0,08	0,13	1467,60
1328	01.08.2025 19:17:07	15,67	-0,05	0,08	0,13	1467,60
1329	01.08.2025 19:17:08	15,67	-0,05	0,08	0,13	1467,60
1330	01.08.2025 19:17:09	15,67	-0,05	0,08	0,13	1467,60
1331	01.08.2025 19:17:10	15,67	-0,05	0,08	0,13	1467,60
1332	01.08.2025 19:17:11	15,67	-0,05	0,08	0,13	1467,60
1333	01.08.2025 19:17:12	15,67	-0,05	0,08	0,13	1467,60
1334	01.08.2025 19:17:13	15,67	-0,05	0,08	0,13	1467,60
1335	01.08.2025 19:17:14	15,67	-0,05	0,08	0,13	1467,60
1336	01.08.2025 19:17:15	15,67	-0,05	0,08	0,13	1467,60
1337	01.08.2025 19:17:16	15,67	-0,05	0,08	0,13	1467,60
1338	01.08.2025 19:17:17	15,67	-0,05	0,08	0,13	1467,60
1339	01.08.2025 19:17:18	15,67	-0,05	0,08	0,13	1467,60
1340	01.08.2025 19:17:19	15,67	-0,05	0,08	0,13	1467,60
1341	01.08.2025 19:17:20	15,64	-0,05	0,08	0,13	1467,50
1342	01.08.2025 19:17:21	15,67	-0,05	0,08	0,13	1467,60
1343	01.08.2025 19:17:22	15,64	-0,05	0,08	0,13	1467,50
1344	01.08.2025 19:17:23	15,64	-0,07	0,08	0,13	1467,49
1345	01.08.2025 19:17:24	15,64	-0,05	0,08	0,13	1467,50
1346	01.08.2025 19:17:25	15,64	-0,05	0,08	0,13	1467,50
1347	01.08.2025 19:17:26	15,64	-0,05	0,08	0,13	1467,50
1348	01.08.2025 19:17:27	15,64	-0,05	0,08	0,13	1467,50
1349	01.08.2025 19:17:28	15,64	-0,05	0,08	0,13	1467,50
1350	01.08.2025 19:17:29	15,64	-0,05	0,08	0,13	1467,50
1351	01.08.2025 19:17:30	15,64	-0,05	0,08	0,13	1467,50
1352	01.08.2025 19:17:31	15,64	-0,05	0,08	0,13	1467,50
1353	01.08.2025 19:17:32	15,64	-0,05	0,08	0,13	1467,50
1354	01.08.2025 19:17:33	15,64	-0,07	0,08	0,13	1467,49
1355	01.08.2025 19:17:34	15,64	-0,05	0,08	0,13	1467,50
1356	01.08.2025 19:17:35	15,64	-0,05	0,08	0,13	1467,50
1357	01.08.2025 19:17:36	15,64	-0,05	0,08	0,13	1467,50
1358	01.08.2025 19:17:37	15,64	-0,05	0,08	0,13	1467,50
1359	01.08.2025 19:17:38	15,64	-0,05	0,08	0,13	1467,50
1360	01.08.2025 19:17:39	15,64	-0,05	0,08	0,13	1467,50
1361	01.08.2025 19:17:40	15,64	-0,05	0,08	0,13	1467,50
1362	01.08.2025 19:17:41	15,64	-0,03	0,08	0,13	1467,50
1363	01.08.2025 19:17:42	15,64	-0,05	0,08	0,13	1467,50
1364	01.08.2025 19:17:43	15,64	-0,05	0,08	0,13	1467,50
1365	01.08.2025 19:17:44	15,64	-0,05	0,08	0,13	1467,50
1366	01.08.2025 19:17:45	15,64	-0,07	0,08	0,13	1467,49
1367	01.08.2025 19:17:46	15,64	-0,05	0,08	0,13	1467,50
1368	01.08.2025 19:17:47	15,64	-0,05	0,08	0,13	1467,50
1369	01.08.2025 19:17:48	15,64	-0,05	0,08	0,13	1467,50
1370	01.08.2025 19:17:49	15,64	-0,05	0,08	0,13	1467,50
1371	01.08.2025 19:17:50	15,64	-0,05	0,08	0,13	1467,50
1372	01.08.2025 19:17:51	15,64	-0,05	0,08	0,13	1467,50
1373	01.08.2025 19:17:52	15,64	-0,05	0,08	0,13	1467,50
1374	01.08.2025 19:17:53	15,64	-0,05	0,08	0,13	1467,50
1375	01.08.2025 19:17:54	15,64	-0,05	0,08	0,13	1467,50
1376	01.08.2025 19:17:55	15,64	-0,05	0,08	0,13	1467,50
1377	01.08.2025 19:17:56	15,64	-0,07	0,08	0,13	1467,49
1378	01.08.2025 19:17:57	15,64	-0,05	0,08	0,13	1467,50
1379	01.08.2025 19:17:58	15,64	-0,05	0,08	0,13	1467,50
1380	01.08.2025 19:17:59	15,64	-0,05	0,08	0,13	1467,50
1381	01.08.2025 19:18:00	15,64	-0,05	0,08	0,13	1467,50
1382	01.08.2025 19:18:01	15,64	-0,05	0,08	0,13	1467,50
1383	01.08.2025 19:18:02	15,64	-0,05	0,08	0,13	1467,50
1384	01.08.2025 19:18:03	15,64	-0,05	0,08	0,13	1467,50
1385	01.08.2025 19:18:04	15,64	-0,05	0,08	0,13	1467,50
1386	01.08.2025 19:18:05	15,64	-0,07	0,08	0,13	1467,49
1387	01.08.2025 19:18:06	15,64	-0,05	0,08	0,13	1467,50
1388	01.08.2025 19:18:07	15,64	-0,05	0,08	0,13	1467,50
1389	01.08.2025 19:18:08	15,64	-0,05	0,08	0,13	1467,50
1390	01.08.2025 19:18:09	15,64	-0,05	0,08	0,13	1467,50
1391	01.08.2025 19:18:10	15,64	-0,03	0,06	0,10	1467,48
1392	01.08.2025 19:18:11	15,64	-0,05	0,08	0,13	1467,50
1393	01.08.2025 19:18:12	15,64	-0,05	0,08	0,13	1467,50
1394	01.08.2025 19:18:13	15,64	-0,05	0,08	0,13	1467,50
1395	01.08.2025 19:18:14	15,64	-0,05	0,08	0,13	1467,50
1396	01.08.2025 19:18:15	15,64	-0,05	0,08	0,13	1467,50
1397	01.08.2025 19:18:16	15,64	-0,07	0,08	0,13	1467,49
1398	01.08.2025 19:18:17	15,64	-0,05	0,08	0,13	1467,50
1399	01.08.2025 19:18:18	15,64	-0,05	0,08	0,13	1467,50
1400	01.08.2025 19:18:19	15,64	-0,05	0,08	0,13	1467,50
1401	01.08.2025 19:18:20	15,64	-0,05	0,08	0,13	1467,50
1402	01.08.2025 19:18:21	15,64	-0,05	0,08	0,13	1467,50
1403	01.08.2025 19:18:22	15,64	-0,05	0,08	0,13	1467,50
1404	01.08.2025 19:18:23	15,64	-0,05	0,08	0,13	1467,50
1405	01.08.2025 19:18:24	15,64	-0,05	0,08	0,13	1467,50
1406	01.08.2025 19:18:25	15,64	-0,05	0,08	0,13	1467,50
1407	01.08.2025 19:18:26	15,64	-0,05	0,08	0,13	1467,50
1408	01.08.2025 19:18:27	15,64	-0,05	0,08	0,13	1467,50
1409	01.08.2025 19:18:28	15,64	-0,05	0,08	0,13	1467,50
1410	01.08.2025 19:18:29	15,64	-0,05	0,08	0,13	1467,50
1411	01.08.2025 19:18:30	15,64	-0,05	0,08	0,13	1467,50
1412	01.08.2025 19:18:31	15,64	-0,05	0,08	0,13	1467,50
1413	01.08.2025 19:18:32	15,64	-0,03	0,08	0,13	1467,50
1414	01.08.2025 19:18:33	15,64	-0,05	0,08	0,13	1467,50
1415	01.08.2025 19:18:34	15,64	-0,05	0,08	0,13	1467,50
1416	01.08.2025 19:18:35	15,64	-0,07	0,08	0,13	1467,49
1417	01.08.2025 19:18:36	15,64	-0,05	0,08	0,13	1467,50
1418	01.08.2025 19:18:37	15,64	-0,05	0,08	0,13	1467,50
1419	01.08.2025 19:18:38	15,64	-0,05	0,08	0,13	1467,50
1420	01.08.2025 19:18:39	15,64	-0,05	0,08	0,13	1467,50
1421	01.08.2025 19:18:40	15,64	-0,05	0,08	0,13	1467,50
1422	01.08.2025 19:18:41	15,64	-0,05	0,08	0,13	1467,50
1423	01.08.2025 19:18:42	15,64	-0,05	0,08	0,13	1467,50
1424	01.08.2025 19:18:43	15,64	-0,05	0,08	0,13	1467,50
1425	01.08.2025 19:18:44	15,64	-0,05	0,08	0,13	1467,50
1426	01.08.2025 19:18:45	15,64	-0,05	0,08	0,13	1467,50
1427	01.08.2025 19:18:46	15,64	-0,05	0,08	0,13	1467,50
1428	01.08.2025 19:18:47	15,64	-0,05	0,08	0,13	1467,50
1429	01.08.2025 19:18:48	15,64	-0,05	0,08	0,13	1467,50
1430	01.08.2025 19:18:49	15,64	-0,05	0,08	0,13	1467,50
1431	01.08.2025 19:18:50	15,64	-0,07	0,06	0,10	1467,47
1432	01.08.2025 19:18:51	15,64	-0,05	0,08	0,13	1467,50
1433	01.08.2025 19:18:52	15,64	-0,05	0,08	0,13	1467,50
1434	01.08.2025 19:18:53	15,64	-0,05	0,08	0,13	1467,50
1435	01.08.2025 19:18:54	15,64	-0,05	0,06	0,10	1467,48
1436	01.08.2025 19:18:55	15,64	-0,07	0,08	0,13	1467,49
1437	01.08.2025 19:18:56	15,64	-0,05	0,08	0,13	1467,50
1438	01.08.2025 19:18:57	15,64	-0,05	0,08	0,13	1467,50
1439	01.08.2025 19:18:58	15,64	-0,05	0,08	0,13	1467,50
1440	01.08.2025 19:18:59	15,64	-0,05	0,08	0,13	1467,50
1441	01.08.2025 19:19:00	15,64	-0,05	0,08	0,13	1467,50
1442	01.08.2025 19:19:01	15,64	-0,05	0,08	0,13	1467,50
1443	01.08.2025 19:19:02	15,64	-0,05	0,08	0,13	1467,50
1444	01.08.2025 19:19:03	15,64	-0,03	0,08	0,13	1467,50
1445	01.08.2025 19:19:04	15,64	-0,03	0,08	0,13	1467,50
1446	01.08.2025 19:19:05	15,64	-0,05	0,08	0,13	1467,50
1447	01.08.2025 19:19:06	15,64	-0,05	0,08	0,13	1467,50
1448	01.08.2025 19:19:07	15,64	-0,07	0,08	0,13	1467,49
1449	01.08.2025 19:19:08	15,64	-0,05	0,08	0,13	1467,50
1450	01.08.2025 19:19:09	15,64	-0,03	0,06	0,10	1467,48
1451	01.08.2025 19:19:10	15,64	-0,05	0,08	0,13	1467,50
1452	01.08.2025 19:19:11	15,64	-0,05	0,08	0,13	1467,50
1453	01.08.2025 19:19:12	15,64	-0,05	0,08	0,13	1467,50
1454	01.08.2025 19:19:13	15,64	-0,05	0,08	0,13	1467,50
1455	01.08.2025 19:19:14	15,64	-0,07	0,08	0,13	1467,49
1456	01.08.2025 19:19:15	15,64	-0,05	0,08	0,13	1467,50
1457	01.08.2025 19:19:16	15,64	-0,05	0,08	0,13	1467,50
1458	01.08.2025 19:19:17	15,64	-0,05	0,08	0,13	1467,50
1459	01.08.2025 19:19:18	15,64	-0,07	0,08	0,13	1467,49
1460	01.08.2025 19:19:19	15,67	-0,05	0,08	0,13	1467,60
1461	01.08.2025 19:19:20	15,64	-0,05	0,08	0,13	1467,50
1462	01.08.2025 19:19:21	15,67	-0,05	0,08	0,13	1467,60
1463	01.08.2025 19:19:22	15,64	-0,05	0,09	0,16	1467,51
1464	01.08.2025 19:19:23	15,67	-0,07	0,09	0,16	1467,62
1465	01.08.2025 19:19:24	15,67	-0,05	0,09	0,16	1467,62
1466	01.08.2025 19:19:25	15,67	-0,05	0,11	0,18	1467,64
1467	01.08.2025 19:19:26	15,67	-0,05	0,11	0,18	1467,64
1468	01.08.2025 19:19:27	15,67	-0,07	0,11	0,18	1467,64
1469	01.08.2025 19:19:28	15,67	-0,07	0,11	0,18	1467,64
1470	01.08.2025 19:19:29	15,67	-0,07	0,11	0,18	1467,64
1471	01.08.2025 19:19:30	15,67	-0,05	0,11	0,18	1467,64
1472	01.08.2025 19:19:31	15,67	-0,05	0,11	0,18	1467,64
1473	01.08.2025 19:19:32	15,67	-0,05	0,11	0,18	1467,64
1474	01.08.2025 19:19:33	15,67	-0,07	0,09	0,16	1467,62
1475	01.08.2025 19:19:34	15,67	-0,05	0,09	0,16	1467,62
1476	01.08.2025 19:19:35	15,67	-0,05	0,09	0,16	1467,62
1477	01.08.2025 19:19:36	15,67	-0,05	0,11	0,18	1467,64
1478	01.08.2025 19:19:37	15,67	-0,05	0,11	0,18	1467,64
1479	01.08.2025 19:19:38	15,67	-0,05	0,09	0,16	1467,62
1480	01.08.2025 19:19:39	15,70	-0,05	0,09	0,16	1467,72
1481	01.08.2025 19:19:40	15,70	-0,05	0,09	0,16	1467,72
1482	01.08.2025 19:19:41	15,70	-0,05	0,09	0,16	1467,72
1483	01.08.2025 19:19:42	15,70	-0,05	0,09	0,16	1467,72
1484	01.08.2025 19:19:43	15,70	-0,05	0,09	0,16	1467,72
1485	01.08.2025 19:19:44	15,70	-0,03	0,11	0,18	1467,75
1486	01.08.2025 19:19:45	15,70	-0,05	0,09	0,16	1467,72
1487	01.08.2025 19:19:46	15,70	-0,05	0,09	0,16	1467,72
1488	01.08.2025 19:19:47	15,70	-0,05	0,09	0,16	1467,72
1489	01.08.2025 19:19:48	15,70	-0,05	0,11	0,18	1467,74
1490	01.08.2025 19:19:49	15,70	-0,05	0,09	0,16	1467,72
1491	01.08.2025 19:19:50	15,70	-0,05	0,09	0,16	1467,72
1492	01.08.2025 19:19:51	15,70	-0,07	0,09	0,16	1467,72
1493	01.08.2025 19:19:52	15,70	-0,05	0,09	0,16	1467,72
1494	01.08.2025 19:19:53	15,70	-0,07	0,11	0,18	1467,74
1495	01.08.2025 19:19:54	15,70	-0,05	0,11	0,18	1467,74
1496	01.08.2025 19:19:55	15,73	-0,05	0,11	0,18	1467,85
1497	01.08.2025 19:19:56	15,73	-0,07	0,09	0,16	1467,83
1498	01.08.2025 19:19:57	15,73	-0,05	0,11	0,18	1467,85
1499	01.08.2025 19:19:58	15,73	-0,07	0,11	0,18	1467,84
1500	01.08.2025 19:19:59	15,73	-0,05	0,09	0,16	1467,83
1501	01.08.2025 19:20:00	15,73	-0,07	0,09	0,16	1467,83
1502	01.08.2025 19:20:01	15,73	-0,05	0,11	0,18	1467,85
1503	01.08.2025 19:20:02	15,73	-0,07	0,11	0,18	1467,84
1504	01.08.2025 19:20:03	15,73	-0,07	0,11	0,18	1467,84
1505	01.08.2025 19:20:04	15,73	-0,05	0,09	0,16	1467,83
1506	01.08.2025 19:20:05	15,73	-0,05	0,09	0,16	1467,83
1507	01.08.2025 19:20:06	15,73	-0,07	0,11	0,18	1467,84
1508	01.08.2025 19:20:07	15,73	-0,05	0,11	0,18	1467,85
1509	01.08.2025 19:20:08	15,76	-0,05	0,09	0,16	1467,93
1510	01.08.2025 19:20:09	15,76	-0,05	0,11	0,18	1467,95
1511	01.08.2025 19:20:10	15,76	-0,05	0,11	0,18	1467,95
1512	01.08.2025 19:20:11	15,76	-0,05	0,09	0,16	1467,93
1513	01.08.2025 19:20:12	15,76	-0,05	0,09	0,16	1467,93
1514	01.08.2025 19:20:13	15,76	-0,05	0,11	0,18	1467,95
1515	01.08.2025 19:20:14	15,76	-0,03	0,17	0,29	1468,03
1516	01.08.2025 19:20:15	15,79	-0,07	0,11	0,18	1468,05
1517	01.08.2025 19:20:16	15,79	-0,05	0,09	0,16	1468,04
1518	01.08.2025 19:20:17	15,79	-0,05	0,09	0,16	1468,04
1519	01.08.2025 19:20:18	15,79	-0,05	0,09	0,16	1468,04
1520	01.08.2025 19:20:19	15,79	-0,05	0,09	0,16	1468,04
1521	01.08.2025 19:20:20	15,79	-0,07	0,09	0,16	1468,04
1522	01.08.2025 19:20:21	15,79	-0,07	0,09	0,16	1468,04
1523	01.08.2025 19:20:22	15,79	-0,05	0,14	0,24	1468,10
1524	01.08.2025 19:20:23	15,79	-0,05	0,11	0,18	1468,06
1525	01.08.2025 19:20:24	15,79	-0,05	0,11	0,18	1468,06
1526	01.08.2025 19:20:25	15,82	-0,05	0,11	0,18	1468,16
1527	01.08.2025 19:20:26	15,82	-0,03	0,11	0,18	1468,16
1528	01.08.2025 19:20:27	15,82	-0,05	0,12	0,21	1468,18
1529	01.08.2025 19:20:28	15,82	-0,03	0,11	0,18	1468,16
1530	01.08.2025 19:20:29	15,82	-0,05	0,09	0,16	1468,14
1531	01.08.2025 19:20:30	15,82	-0,05	0,09	0,16	1468,14
1532	01.08.2025 19:20:31	15,82	-0,03	0,11	0,18	1468,16
1533	01.08.2025 19:20:32	15,82	-0,05	0,09	0,16	1468,14
1534	01.08.2025 19:20:33	15,82	-0,05	0,09	0,16	1468,14
1535	01.08.2025 19:20:34	15,82	-0,03	0,08	0,13	1468,13
1536	01.08.2025 19:20:35	15,85	0,09	0,08	0,13	1468,25
1537	01.08.2025 19:20:36	15,88	-0,10	0,08	0,13	1468,32
1538	01.08.2025 19:20:37	15,98	-0,12	0,16	0,27	1468,73
1539	01.08.2025 19:20:38	16,10	-0,08	0,09	0,16	1469,07
1540	01.08.2025 19:20:39	16,34	-0,08	0,09	0,16	1469,90
1541	01.08.2025 19:20:40	16,58	-0,08	0,11	0,18	1470,74
1542	01.08.2025 19:20:41	16,79	-0,10	0,14	0,24	1471,48
1543	01.08.2025 19:20:42	16,85	-0,10	0,10	0,18	1471,65
1544	01.08.2025 19:20:43	16,91	-0,22	0,14	0,24	1471,86
1545	01.08.2025 19:20:44	17,18	-0,22	0,12	0,21	1472,75
1546	01.08.2025 19:20:45	17,60	-0,12	0,13	0,24	1474,17
