#B	Created:	28.08.2025 13:47:53
##	Version	SeaStar	9.59
#5	Field separation:	0
#2	Date & Time:	1
#6	Decimal point:	,
#7	Date def.:	dd.mm.yyyy	.
#8	Time def.:	:
##	Axis	0	Temperature(°C)	clRed	FALSE
##	Axis	1	Pressure(Bar)	clBlue	FALSE
##	Axis	2	Salinity(psu)	clGreen	FALSE
##	Axis	3	Conductivity(mS/cm)	$00FF80FF	FALSE
##	Axis	4	Sound Velocity(m/sec)	$00404080	FALSE
##	Series	0	Temp(°C)	clRed	0	Temp(°C)	2
##	Series	1	Press(Bar)	clBlue	1	Press(Bar)	2
##	Series	2	Salinity(psu)	clGreen	2	Salinity(psu)	2
##	Series	3	Conduct(mS/cm)	$00FF80FF	3	Conduct(mS/cm)	2
##	Series	4	Sound Velocity(m/sec)	$00404080	4	Velocity(m/sec)	2
##	Recorder	107	DST CTD	13528
##	Chart	107S13528DAT	
#D	Data:	1580	28.08.2025 13:21:00	28.08.2025 13:47:19
1	28.08.2025 13:21:00	21,12	-0,04	0,14	0,27	1485,33
2	28.08.2025 13:21:01	21,12	-0,04	0,14	0,27	1485,33
3	28.08.2025 13:21:02	21,12	-0,04	0,14	0,27	1485,33
4	28.08.2025 13:21:03	21,12	-0,04	0,14	0,27	1485,33
5	28.08.2025 13:21:04	21,09	-0,04	0,14	0,27	1485,24
6	28.08.2025 13:21:05	21,09	-0,04	0,14	0,27	1485,24
7	28.08.2025 13:21:06	21,09	-0,04	0,14	0,27	1485,24
8	28.08.2025 13:21:07	21,06	-0,04	0,14	0,27	1485,15
9	28.08.2025 13:21:08	21,06	-0,04	0,14	0,27	1485,15
10	28.08.2025 13:21:09	21,06	-0,04	0,14	0,27	1485,15
11	28.08.2025 13:21:10	21,06	-0,04	0,14	0,27	1485,15
12	28.08.2025 13:21:11	21,03	-0,04	0,14	0,27	1485,07
13	28.08.2025 13:21:12	21,03	-0,04	0,14	0,27	1485,07
14	28.08.2025 13:21:13	21,03	-0,03	0,14	0,27	1485,07
15	28.08.2025 13:21:14	21,00	-0,06	0,14	0,27	1484,97
16	28.08.2025 13:21:15	21,00	-0,06	0,14	0,27	1484,97
17	28.08.2025 13:21:16	21,00	-0,06	0,14	0,27	1484,97
18	28.08.2025 13:21:17	21,00	-0,04	0,14	0,27	1484,98
19	28.08.2025 13:21:18	20,97	-0,04	0,14	0,27	1484,89
20	28.08.2025 13:21:19	20,97	-0,04	0,14	0,27	1484,89
21	28.08.2025 13:21:20	20,97	-0,04	0,14	0,27	1484,89
22	28.08.2025 13:21:21	20,97	-0,06	0,14	0,27	1484,88
23	28.08.2025 13:21:22	20,97	-0,04	0,15	0,30	1484,90
24	28.08.2025 13:21:23	20,97	-0,04	0,15	0,30	1484,90
25	28.08.2025 13:21:24	20,97	-0,04	0,15	0,30	1484,90
26	28.08.2025 13:21:25	20,97	-0,06	0,15	0,30	1484,90
27	28.08.2025 13:21:26	20,97	-0,06	0,15	0,30	1484,90
28	28.08.2025 13:21:27	20,95	-0,04	0,14	0,27	1484,80
29	28.08.2025 13:21:28	20,95	-0,04	0,14	0,27	1484,80
30	28.08.2025 13:21:29	20,95	-0,06	0,16	0,30	1484,81
31	28.08.2025 13:21:30	20,95	-0,06	0,14	0,27	1484,80
32	28.08.2025 13:21:31	20,92	-0,04	0,14	0,27	1484,71
33	28.08.2025 13:21:32	20,92	-0,06	0,14	0,27	1484,71
34	28.08.2025 13:21:33	20,92	-0,06	0,14	0,27	1484,71
35	28.08.2025 13:21:34	20,92	-0,04	0,16	0,30	1484,72
36	28.08.2025 13:21:35	20,92	-0,04	0,14	0,27	1484,71
37	28.08.2025 13:21:36	20,92	-0,04	0,14	0,27	1484,71
38	28.08.2025 13:21:37	20,89	-0,04	0,14	0,27	1484,62
39	28.08.2025 13:21:38	20,89	-0,04	0,14	0,27	1484,62
40	28.08.2025 13:21:39	20,89	-0,04	0,16	0,30	1484,64
41	28.08.2025 13:21:40	20,89	-0,03	0,14	0,27	1484,62
42	28.08.2025 13:21:41	20,86	-0,04	0,14	0,27	1484,53
43	28.08.2025 13:21:42	20,89	-0,04	0,16	0,30	1484,64
44	28.08.2025 13:21:43	20,86	-0,04	0,16	0,30	1484,55
45	28.08.2025 13:21:44	20,86	-0,04	0,16	0,30	1484,55
46	28.08.2025 13:21:45	20,86	-0,04	0,16	0,30	1484,55
47	28.08.2025 13:21:46	20,86	-0,04	0,16	0,30	1484,55
48	28.08.2025 13:21:47	20,86	-0,04	0,16	0,30	1484,55
49	28.08.2025 13:21:48	20,86	-0,04	0,16	0,30	1484,55
50	28.08.2025 13:21:49	20,86	-0,04	0,14	0,27	1484,53
51	28.08.2025 13:21:50	20,86	-0,04	0,16	0,30	1484,55
52	28.08.2025 13:21:51	20,86	-0,03	0,16	0,30	1484,55
53	28.08.2025 13:21:52	20,86	-0,04	0,16	0,30	1484,55
54	28.08.2025 13:21:53	20,83	-0,04	0,14	0,27	1484,44
55	28.08.2025 13:21:54	20,83	-0,04	0,16	0,30	1484,46
56	28.08.2025 13:21:55	20,83	-0,04	0,16	0,30	1484,46
57	28.08.2025 13:21:56	20,83	-0,04	0,16	0,30	1484,46
58	28.08.2025 13:21:57	20,83	-0,04	0,16	0,30	1484,46
59	28.08.2025 13:21:58	20,83	-0,04	0,16	0,30	1484,46
60	28.08.2025 13:21:59	20,83	-0,04	0,16	0,30	1484,46
61	28.08.2025 13:22:00	20,83	-0,04	0,16	0,30	1484,46
62	28.08.2025 13:22:01	20,83	-0,04	0,16	0,30	1484,46
63	28.08.2025 13:22:02	20,83	-0,04	0,16	0,30	1484,46
64	28.08.2025 13:22:03	20,80	-0,04	0,16	0,30	1484,37
65	28.08.2025 13:22:04	20,83	-0,03	0,16	0,30	1484,46
66	28.08.2025 13:22:05	20,80	-0,06	0,16	0,30	1484,36
67	28.08.2025 13:22:06	20,80	-0,04	0,16	0,30	1484,37
68	28.08.2025 13:22:07	20,80	-0,04	0,16	0,30	1484,37
69	28.08.2025 13:22:08	20,80	-0,04	0,16	0,30	1484,37
70	28.08.2025 13:22:09	20,80	-0,03	0,16	0,30	1484,37
71	28.08.2025 13:22:10	20,80	-0,04	0,16	0,30	1484,37
72	28.08.2025 13:22:11	20,80	-0,04	0,16	0,30	1484,37
73	28.08.2025 13:22:12	20,80	-0,04	0,16	0,30	1484,37
74	28.08.2025 13:22:13	20,80	-0,04	0,16	0,30	1484,37
75	28.08.2025 13:22:14	20,80	-0,04	0,16	0,30	1484,37
76	28.08.2025 13:22:15	20,80	-0,04	0,16	0,30	1484,37
77	28.08.2025 13:22:16	20,80	-0,04	0,16	0,30	1484,37
78	28.08.2025 13:22:17	20,80	-0,03	0,16	0,30	1484,37
79	28.08.2025 13:22:18	20,80	-0,04	0,16	0,30	1484,37
80	28.08.2025 13:22:19	20,80	-0,03	0,16	0,30	1484,37
81	28.08.2025 13:22:20	20,80	-0,03	0,16	0,30	1484,37
82	28.08.2025 13:22:21	20,80	-0,06	0,16	0,30	1484,36
83	28.08.2025 13:22:22	20,77	-0,04	0,16	0,30	1484,28
84	28.08.2025 13:22:23	20,77	-0,04	0,16	0,30	1484,28
85	28.08.2025 13:22:24	20,77	-0,04	0,16	0,30	1484,28
86	28.08.2025 13:22:25	20,77	-0,04	0,16	0,30	1484,28
87	28.08.2025 13:22:26	20,77	-0,04	0,16	0,30	1484,28
88	28.08.2025 13:22:27	20,77	-0,04	0,16	0,30	1484,28
89	28.08.2025 13:22:28	20,77	-0,03	0,16	0,30	1484,28
90	28.08.2025 13:22:29	20,77	-0,04	0,16	0,30	1484,28
91	28.08.2025 13:22:30	20,77	-0,03	0,16	0,30	1484,28
92	28.08.2025 13:22:31	20,74	-0,06	0,16	0,30	1484,18
93	28.08.2025 13:22:32	20,74	-0,04	0,16	0,30	1484,19
94	28.08.2025 13:22:33	20,74	-0,06	0,16	0,30	1484,18
95	28.08.2025 13:22:34	20,74	-0,06	0,16	0,30	1484,18
96	28.08.2025 13:22:35	20,74	-0,06	0,14	0,27	1484,17
97	28.08.2025 13:22:36	20,74	-0,04	0,16	0,30	1484,19
98	28.08.2025 13:22:37	20,74	-0,06	0,16	0,30	1484,18
99	28.08.2025 13:22:38	20,74	-0,06	0,16	0,30	1484,18
100	28.08.2025 13:22:39	20,74	-0,04	0,16	0,30	1484,19
101	28.08.2025 13:22:40	20,74	-0,04	0,16	0,30	1484,19
102	28.08.2025 13:22:41	20,74	-0,04	0,16	0,30	1484,19
103	28.08.2025 13:22:42	20,74	-0,04	0,16	0,30	1484,19
104	28.08.2025 13:22:43	20,74	-0,04	0,16	0,30	1484,19
105	28.08.2025 13:22:44	20,74	-0,04	0,16	0,30	1484,19
106	28.08.2025 13:22:45	20,71	-0,06	0,14	0,27	1484,08
107	28.08.2025 13:22:46	20,71	-0,04	0,14	0,27	1484,08
108	28.08.2025 13:22:47	20,71	-0,04	0,14	0,27	1484,08
109	28.08.2025 13:22:48	20,71	-0,06	0,14	0,27	1484,08
110	28.08.2025 13:22:49	20,71	-0,04	0,14	0,27	1484,08
111	28.08.2025 13:22:50	20,71	-0,04	0,14	0,27	1484,08
112	28.08.2025 13:22:51	20,68	-0,04	0,14	0,27	1483,99
113	28.08.2025 13:22:52	20,68	-0,04	0,16	0,30	1484,01
114	28.08.2025 13:22:53	20,68	-0,06	0,14	0,27	1483,99
115	28.08.2025 13:22:54	20,68	-0,04	0,14	0,27	1483,99
116	28.08.2025 13:22:55	20,68	-0,04	0,16	0,30	1484,01
117	28.08.2025 13:22:56	20,65	-0,04	0,16	0,30	1483,92
118	28.08.2025 13:22:57	20,68	-0,04	0,16	0,30	1484,01
119	28.08.2025 13:22:58	20,68	-0,04	0,16	0,30	1484,01
120	28.08.2025 13:22:59	20,68	-0,04	0,16	0,30	1484,01
121	28.08.2025 13:23:00	20,68	-0,04	0,16	0,30	1484,01
122	28.08.2025 13:23:01	20,68	-0,04	0,14	0,27	1483,99
123	28.08.2025 13:23:02	20,68	-0,06	0,16	0,30	1484,00
124	28.08.2025 13:23:03	20,68	-0,06	0,16	0,30	1484,00
125	28.08.2025 13:23:04	20,68	-0,04	0,16	0,30	1484,01
126	28.08.2025 13:23:05	20,68	-0,04	0,14	0,27	1483,99
127	28.08.2025 13:23:06	20,71	-0,04	0,16	0,30	1484,10
128	28.08.2025 13:23:07	20,71	-0,06	0,16	0,30	1484,09
129	28.08.2025 13:23:08	20,71	-0,06	0,14	0,27	1484,08
130	28.08.2025 13:23:09	20,71	-0,04	0,16	0,30	1484,10
131	28.08.2025 13:23:10	20,71	-0,04	0,16	0,30	1484,10
132	28.08.2025 13:23:11	20,71	-0,06	0,16	0,30	1484,09
133	28.08.2025 13:23:12	20,71	-0,06	0,16	0,30	1484,09
134	28.08.2025 13:23:13	20,74	-0,06	0,16	0,30	1484,18
135	28.08.2025 13:23:14	20,74	-0,04	0,16	0,30	1484,19
136	28.08.2025 13:23:15	20,74	-0,06	0,16	0,30	1484,18
137	28.08.2025 13:23:16	20,74	-0,06	0,16	0,30	1484,18
138	28.08.2025 13:23:17	20,74	-0,06	0,16	0,30	1484,18
139	28.08.2025 13:23:18	20,74	-0,04	0,16	0,30	1484,19
140	28.08.2025 13:23:19	20,77	-0,04	0,16	0,30	1484,28
141	28.08.2025 13:23:20	20,77	-0,04	0,16	0,30	1484,28
142	28.08.2025 13:23:21	20,77	-0,04	0,16	0,30	1484,28
143	28.08.2025 13:23:22	20,77	-0,04	0,16	0,30	1484,28
144	28.08.2025 13:23:23	20,77	-0,03	0,14	0,27	1484,26
145	28.08.2025 13:23:24	20,77	-0,03	0,16	0,30	1484,28
146	28.08.2025 13:23:25	20,77	-0,03	0,16	0,30	1484,28
147	28.08.2025 13:23:26	20,80	-0,04	0,16	0,30	1484,37
148	28.08.2025 13:23:27	20,80	-0,03	0,16	0,30	1484,37
149	28.08.2025 13:23:28	20,80	-0,04	0,16	0,30	1484,37
150	28.08.2025 13:23:29	20,80	-0,03	0,14	0,27	1484,35
151	28.08.2025 13:23:30	20,80	-0,04	0,16	0,30	1484,37
152	28.08.2025 13:23:31	20,80	-0,06	0,16	0,30	1484,36
153	28.08.2025 13:23:32	20,80	-0,06	0,16	0,30	1484,36
154	28.08.2025 13:23:33	20,80	-0,04	0,14	0,27	1484,35
155	28.08.2025 13:23:34	20,80	-0,03	0,14	0,27	1484,35
156	28.08.2025 13:23:35	20,80	-0,06	0,14	0,27	1484,35
157	28.08.2025 13:23:36	20,80	-0,04	0,14	0,27	1484,35
158	28.08.2025 13:23:37	20,80	-0,04	0,16	0,30	1484,37
159	28.08.2025 13:23:38	20,80	-0,04	0,14	0,27	1484,35
160	28.08.2025 13:23:39	20,80	-0,06	0,14	0,27	1484,35
161	28.08.2025 13:23:40	20,80	-0,04	0,14	0,27	1484,35
162	28.08.2025 13:23:41	20,80	-0,04	0,14	0,27	1484,35
163	28.08.2025 13:23:42	20,80	-0,04	0,14	0,27	1484,35
164	28.08.2025 13:23:43	20,80	-0,04	0,14	0,27	1484,35
165	28.08.2025 13:23:44	20,80	-0,04	0,14	0,27	1484,35
166	28.08.2025 13:23:45	20,80	-0,06	0,14	0,27	1484,35
167	28.08.2025 13:23:46	20,80	-0,03	0,14	0,27	1484,35
168	28.08.2025 13:23:47	20,80	-0,04	0,14	0,27	1484,35
169	28.08.2025 13:23:48	20,80	-0,04	0,14	0,27	1484,35
170	28.08.2025 13:23:49	20,80	-0,04	0,14	0,27	1484,35
171	28.08.2025 13:23:50	20,80	-0,04	0,14	0,27	1484,35
172	28.08.2025 13:23:51	20,80	-0,03	0,14	0,27	1484,35
173	28.08.2025 13:23:52	20,80	-0,04	0,14	0,27	1484,35
174	28.08.2025 13:23:53	20,80	-0,04	0,14	0,27	1484,35
175	28.08.2025 13:23:54	20,80	-0,04	0,14	0,27	1484,35
176	28.08.2025 13:23:55	20,80	-0,04	0,14	0,27	1484,35
177	28.08.2025 13:23:56	20,80	-0,04	0,14	0,27	1484,35
178	28.08.2025 13:23:57	20,80	-0,04	0,14	0,27	1484,35
179	28.08.2025 13:23:58	20,80	-0,04	0,14	0,27	1484,35
180	28.08.2025 13:23:59	20,80	-0,04	0,14	0,27	1484,35
181	28.08.2025 13:24:00	20,80	-0,04	0,14	0,27	1484,35
182	28.08.2025 13:24:01	20,83	-0,04	0,14	0,27	1484,44
183	28.08.2025 13:24:02	20,83	-0,03	0,14	0,27	1484,44
184	28.08.2025 13:24:03	20,83	-0,04	0,14	0,27	1484,44
185	28.08.2025 13:24:04	20,83	-0,04	0,16	0,30	1484,46
186	28.08.2025 13:24:05	20,83	-0,06	0,14	0,27	1484,44
187	28.08.2025 13:24:06	20,83	-0,04	0,13	0,24	1484,43
188	28.08.2025 13:24:07	20,80	-0,04	0,14	0,27	1484,35
189	28.08.2025 13:24:08	20,80	-0,03	0,14	0,27	1484,35
190	28.08.2025 13:24:09	20,80	-0,37	26,36	37,79	1513,84
191	28.08.2025 13:24:10	20,33	-0,15	25,89	36,81	1512,02
192	28.08.2025 13:24:11	19,74	0,01	26,14	36,68	1510,66
193	28.08.2025 13:24:12	19,41	0,01	26,18	36,47	1509,76
194	28.08.2025 13:24:13	19,14	0,05	26,26	36,36	1509,09
195	28.08.2025 13:24:14	18,97	0,05	25,32	35,05	1507,49
196	28.08.2025 13:24:15	18,79	0,08	25,37	34,97	1507,03
197	28.08.2025 13:24:16	18,64	0,12	25,48	34,99	1506,72
198	28.08.2025 13:24:17	18,49	0,10	26,64	36,32	1507,62
199	28.08.2025 13:24:18	18,40	0,10	26,66	36,26	1507,37
200	28.08.2025 13:24:19	18,28	0,08	26,75	36,29	1507,12
201	28.08.2025 13:24:20	18,19	0,10	26,79	36,26	1506,90
202	28.08.2025 13:24:21	18,10	0,08	26,82	36,23	1506,67
203	28.08.2025 13:24:22	18,01	0,08	26,88	36,23	1506,47
204	28.08.2025 13:24:23	17,95	0,08	26,90	36,20	1506,31
205	28.08.2025 13:24:24	17,86	0,08	26,83	36,05	1505,96
206	28.08.2025 13:24:25	17,83	0,08	26,95	36,17	1506,01
207	28.08.2025 13:24:26	17,77	0,08	26,99	36,17	1505,88
208	28.08.2025 13:24:27	17,71	0,06	27,05	36,19	1505,76
209	28.08.2025 13:24:28	17,68	0,06	27,09	36,22	1505,71
210	28.08.2025 13:24:29	17,62	0,06	27,15	36,24	1505,60
211	28.08.2025 13:24:30	17,59	0,05	27,17	36,24	1505,53
212	28.08.2025 13:24:31	17,53	0,06	27,21	36,24	1505,40
213	28.08.2025 13:24:32	17,50	0,06	27,23	36,24	1505,33
214	28.08.2025 13:24:33	17,47	0,05	27,25	36,24	1505,26
215	28.08.2025 13:24:34	17,41	0,05	27,28	36,23	1505,12
216	28.08.2025 13:24:35	17,41	0,06	27,26	36,21	1505,10
217	28.08.2025 13:24:36	17,38	0,05	27,28	36,21	1505,03
218	28.08.2025 13:24:37	17,32	0,05	26,34	35,03	1503,74
219	28.08.2025 13:24:38	17,29	0,03	27,32	36,18	1504,79
220	28.08.2025 13:24:39	17,26	0,03	27,36	36,21	1504,75
221	28.08.2025 13:24:40	17,23	0,03	27,38	36,20	1504,68
222	28.08.2025 13:24:41	17,20	0,05	27,42	36,23	1504,64
223	28.08.2025 13:24:42	17,17	0,05	27,44	36,23	1504,57
224	28.08.2025 13:24:43	17,14	0,03	27,46	36,23	1504,50
225	28.08.2025 13:24:44	17,11	0,03	27,48	36,23	1504,43
226	28.08.2025 13:24:45	17,11	0,05	27,48	36,23	1504,43
227	28.08.2025 13:24:46	17,08	0,01	27,50	36,22	1504,35
228	28.08.2025 13:24:47	17,05	-0,01	27,52	36,22	1504,28
229	28.08.2025 13:24:48	17,02	-0,01	27,52	36,20	1504,19
230	28.08.2025 13:24:49	17,02	-0,01	27,52	36,20	1504,19
231	28.08.2025 13:24:50	16,99	-0,01	27,54	36,20	1504,12
232	28.08.2025 13:24:51	16,96	-0,01	27,56	36,20	1504,05
233	28.08.2025 13:24:52	16,96	-0,01	27,58	36,22	1504,07
234	28.08.2025 13:24:53	16,93	-0,01	27,58	36,20	1503,98
235	28.08.2025 13:24:54	16,90	0,01	27,45	36,02	1503,74
236	28.08.2025 13:24:55	16,90	0,01	27,43	36,00	1503,72
237	28.08.2025 13:24:56	16,87	0,01	27,47	36,02	1503,67
238	28.08.2025 13:24:57	16,84	-0,01	27,49	36,02	1503,60
239	28.08.2025 13:24:58	16,84	-0,01	27,53	36,07	1503,65
240	28.08.2025 13:24:59	16,81	-0,01	27,58	36,09	1503,60
241	28.08.2025 13:25:00	16,81	0,01	27,51	36,02	1503,53
242	28.08.2025 13:25:01	16,78	-0,01	27,49	35,97	1503,41
243	28.08.2025 13:25:02	16,78	-0,03	27,49	35,97	1503,41
244	28.08.2025 13:25:03	16,75	-0,03	27,49	35,94	1503,31
245	28.08.2025 13:25:04	16,75	-0,01	27,51	35,97	1503,34
246	28.08.2025 13:25:05	16,72	-0,01	27,53	35,97	1503,27
247	28.08.2025 13:25:06	16,72	-0,01	27,53	35,97	1503,27
248	28.08.2025 13:25:07	16,72	-0,01	27,51	35,94	1503,25
249	28.08.2025 13:25:08	16,72	-0,01	27,53	35,97	1503,27
250	28.08.2025 13:25:09	16,69	0,01	27,55	35,97	1503,20
251	28.08.2025 13:25:10	16,69	-0,01	27,55	35,97	1503,20
252	28.08.2025 13:25:11	16,69	-0,01	27,55	35,97	1503,20
253	28.08.2025 13:25:12	16,69	-0,01	27,55	35,97	1503,20
254	28.08.2025 13:25:13	16,69	0,01	27,55	35,97	1503,20
255	28.08.2025 13:25:14	16,66	0,01	27,57	35,97	1503,13
256	28.08.2025 13:25:15	16,66	0,01	27,57	35,97	1503,13
257	28.08.2025 13:25:16	16,66	0,01	27,57	35,97	1503,13
258	28.08.2025 13:25:17	16,63	0,01	27,57	35,94	1503,04
259	28.08.2025 13:25:18	16,63	0,03	27,59	35,97	1503,07
260	28.08.2025 13:25:19	16,63	0,06	27,59	35,97	1503,07
261	28.08.2025 13:25:20	16,60	0,05	27,63	35,99	1503,02
262	28.08.2025 13:25:21	16,60	0,05	27,65	36,01	1503,05
263	28.08.2025 13:25:22	16,57	0,06	27,67	36,01	1502,98
264	28.08.2025 13:25:23	16,57	0,08	27,67	36,01	1502,98
265	28.08.2025 13:25:24	16,57	0,08	27,67	36,01	1502,98
266	28.08.2025 13:25:25	16,54	0,10	27,69	36,01	1502,92
267	28.08.2025 13:25:26	16,54	0,14	27,69	36,01	1502,92
268	28.08.2025 13:25:27	16,54	0,14	27,69	36,01	1502,92
269	28.08.2025 13:25:28	16,51	0,16	27,71	36,01	1502,85
270	28.08.2025 13:25:29	16,48	0,16	27,73	36,01	1502,78
271	28.08.2025 13:25:30	16,48	0,19	27,82	36,11	1502,89
272	28.08.2025 13:25:31	16,45	0,21	27,94	36,23	1502,94
273	28.08.2025 13:25:32	16,45	0,21	27,92	36,21	1502,92
274	28.08.2025 13:25:33	16,42	0,23	27,94	36,21	1502,85
275	28.08.2025 13:25:34	16,42	0,25	27,94	36,21	1502,85
276	28.08.2025 13:25:35	16,42	0,25	27,96	36,23	1502,88
277	28.08.2025 13:25:36	16,39	0,26	27,98	36,23	1502,81
278	28.08.2025 13:25:37	16,39	0,28	28,00	36,25	1502,84
279	28.08.2025 13:25:38	16,39	0,30	27,98	36,23	1502,82
280	28.08.2025 13:25:39	16,39	0,30	27,98	36,23	1502,82
281	28.08.2025 13:25:40	16,36	0,30	28,02	36,25	1502,77
282	28.08.2025 13:25:41	16,36	0,32	28,00	36,23	1502,75
283	28.08.2025 13:25:42	16,36	0,32	28,00	36,23	1502,75
284	28.08.2025 13:25:43	16,36	0,34	28,00	36,23	1502,75
285	28.08.2025 13:25:44	16,33	0,35	28,07	36,28	1502,73
286	28.08.2025 13:25:45	16,33	0,35	28,09	36,30	1502,76
287	28.08.2025 13:25:46	16,30	0,39	28,11	36,30	1502,69
288	28.08.2025 13:25:47	16,27	0,39	28,13	36,30	1502,62
289	28.08.2025 13:25:48	16,23	0,44	28,15	36,30	1502,56
290	28.08.2025 13:25:49	16,23	0,44	28,08	36,22	1502,49
291	28.08.2025 13:25:50	16,23	0,48	28,06	36,20	1502,47
292	28.08.2025 13:25:51	16,27	0,46	28,11	36,27	1502,61
293	28.08.2025 13:25:52	16,23	0,50	28,27	36,45	1502,72
294	28.08.2025 13:25:53	16,23	0,50	28,17	36,32	1502,59
295	28.08.2025 13:25:54	16,20	0,53	28,30	36,44	1502,65
296	28.08.2025 13:25:55	16,17	0,55	28,40	36,54	1502,68
297	28.08.2025 13:25:56	16,14	0,62	28,34	36,44	1502,52
298	28.08.2025 13:25:57	16,14	0,62	28,68	36,84	1502,92
299	28.08.2025 13:25:58	16,14	0,62	28,63	36,79	1502,87
300	28.08.2025 13:25:59	16,14	0,58	28,17	36,25	1502,32
301	28.08.2025 13:26:00	16,14	0,58	28,23	36,32	1502,39
302	28.08.2025 13:26:01	16,14	0,58	28,23	36,32	1502,39
303	28.08.2025 13:26:02	16,14	0,56	28,29	36,39	1502,47
304	28.08.2025 13:26:03	16,14	0,60	28,23	36,32	1502,40
305	28.08.2025 13:26:04	16,14	0,58	28,15	36,22	1502,30
306	28.08.2025 13:26:05	16,17	0,60	28,13	36,22	1502,37
307	28.08.2025 13:26:06	16,17	0,62	28,13	36,22	1502,37
308	28.08.2025 13:26:07	16,20	0,62	28,17	36,30	1502,52
309	28.08.2025 13:26:08	16,20	0,62	28,32	36,47	1502,69
310	28.08.2025 13:26:09	16,17	0,65	28,61	36,79	1502,95
311	28.08.2025 13:26:10	16,14	0,67	28,68	36,84	1502,93
312	28.08.2025 13:26:11	16,14	0,69	28,70	36,86	1502,96
313	28.08.2025 13:26:12	16,11	0,72	28,80	36,96	1502,99
314	28.08.2025 13:26:13	16,11	0,74	28,87	37,03	1503,07
315	28.08.2025 13:26:14	16,11	0,78	28,91	37,08	1503,13
316	28.08.2025 13:26:15	16,11	0,81	28,97	37,15	1503,21
317	28.08.2025 13:26:16	16,11	0,81	29,06	37,25	1503,31
318	28.08.2025 13:26:17	16,11	0,81	29,06	37,25	1503,31
319	28.08.2025 13:26:18	16,11	0,83	29,06	37,25	1503,31
320	28.08.2025 13:26:19	16,11	0,83	29,06	37,25	1503,31
321	28.08.2025 13:26:20	16,11	0,83	29,06	37,25	1503,31
322	28.08.2025 13:26:21	16,11	0,83	29,06	37,25	1503,31
323	28.08.2025 13:26:22	16,11	0,83	29,06	37,25	1503,31
324	28.08.2025 13:26:23	16,11	0,81	29,08	37,28	1503,33
325	28.08.2025 13:26:24	16,08	0,83	29,10	37,28	1503,27
326	28.08.2025 13:26:25	16,08	0,83	29,10	37,28	1503,27
327	28.08.2025 13:26:26	16,08	0,85	29,08	37,25	1503,24
328	28.08.2025 13:26:27	16,08	0,85	29,10	37,28	1503,27
329	28.08.2025 13:26:28	16,08	0,81	29,10	37,28	1503,26
330	28.08.2025 13:26:29	16,08	0,83	29,08	37,25	1503,24
331	28.08.2025 13:26:30	16,08	0,81	29,10	37,28	1503,26
332	28.08.2025 13:26:31	16,08	0,83	29,10	37,28	1503,27
333	28.08.2025 13:26:32	16,08	0,83	29,10	37,28	1503,27
334	28.08.2025 13:26:33	16,08	0,86	29,10	37,28	1503,27
335	28.08.2025 13:26:34	16,05	0,88	29,12	37,28	1503,20
336	28.08.2025 13:26:35	16,05	0,88	29,10	37,25	1503,18
337	28.08.2025 13:26:36	16,05	0,92	28,95	37,08	1503,01
338	28.08.2025 13:26:37	16,02	0,91	28,95	37,05	1502,91
339	28.08.2025 13:26:38	15,96	0,94	28,97	37,03	1502,75
340	28.08.2025 13:26:39	15,93	0,98	28,97	37,00	1502,66
341	28.08.2025 13:26:40	15,93	0,96	28,99	37,03	1502,69
342	28.08.2025 13:26:41	15,90	0,99	28,99	37,00	1502,60
343	28.08.2025 13:26:42	15,87	1,01	29,02	37,00	1502,53
344	28.08.2025 13:26:43	15,87	1,03	29,02	37,00	1502,53
345	28.08.2025 13:26:44	15,87	1,01	28,99	36,98	1502,50
346	28.08.2025 13:26:45	15,84	1,03	28,99	36,95	1502,41
347	28.08.2025 13:26:46	15,84	1,04	28,99	36,95	1502,41
348	28.08.2025 13:26:47	15,84	1,04	28,97	36,93	1502,39
349	28.08.2025 13:26:48	15,81	1,06	28,99	36,92	1502,32
350	28.08.2025 13:26:49	15,81	1,06	28,99	36,92	1502,32
351	28.08.2025 13:26:50	15,78	1,08	28,99	36,90	1502,22
352	28.08.2025 13:26:51	15,78	1,08	29,02	36,92	1502,25
353	28.08.2025 13:26:52	15,78	1,09	28,99	36,90	1502,23
354	28.08.2025 13:26:53	15,78	1,09	28,99	36,90	1502,23
355	28.08.2025 13:26:54	15,75	1,11	28,99	36,87	1502,13
356	28.08.2025 13:26:55	15,75	1,11	28,97	36,85	1502,11
357	28.08.2025 13:26:56	15,75	1,11	28,95	36,82	1502,08
358	28.08.2025 13:26:57	15,72	1,11	28,95	36,80	1501,99
359	28.08.2025 13:26:58	15,72	1,11	28,93	36,77	1501,96
360	28.08.2025 13:26:59	15,69	1,14	28,95	36,77	1501,90
361	28.08.2025 13:27:00	15,69	1,14	28,93	36,75	1501,87
362	28.08.2025 13:27:01	15,66	1,14	28,95	36,75	1501,80
363	28.08.2025 13:27:02	15,66	1,14	28,93	36,72	1501,77
364	28.08.2025 13:27:03	15,63	1,17	28,93	36,70	1501,68
365	28.08.2025 13:27:04	15,63	1,17	28,82	36,58	1501,56
366	28.08.2025 13:27:05	15,60	1,15	28,78	36,50	1501,40
367	28.08.2025 13:27:06	15,53	1,17	28,76	36,43	1501,19
368	28.08.2025 13:27:07	15,50	1,20	28,76	36,40	1501,10
369	28.08.2025 13:27:08	15,44	1,20	28,78	36,37	1500,92
370	28.08.2025 13:27:09	15,41	1,21	28,76	36,32	1500,80
371	28.08.2025 13:27:10	15,35	1,22	28,76	36,27	1500,61
372	28.08.2025 13:27:11	15,32	1,22	28,76	36,25	1500,51
373	28.08.2025 13:27:12	15,29	1,24	28,76	36,22	1500,42
374	28.08.2025 13:27:13	15,26	1,27	28,71	36,15	1500,27
375	28.08.2025 13:27:14	15,23	1,29	28,69	36,10	1500,15
376	28.08.2025 13:27:15	15,17	1,28	28,65	36,00	1499,90
377	28.08.2025 13:27:16	15,11	1,30	28,63	35,92	1499,68
378	28.08.2025 13:27:17	15,04	1,33	28,65	35,90	1499,52
379	28.08.2025 13:27:18	14,98	1,32	28,67	35,87	1499,34
380	28.08.2025 13:27:19	14,92	1,34	28,74	35,89	1499,22
381	28.08.2025 13:27:20	14,89	1,33	28,85	35,99	1499,25
382	28.08.2025 13:27:21	14,89	1,35	28,89	36,04	1499,31
383	28.08.2025 13:27:22	14,89	1,35	28,89	36,04	1499,31
384	28.08.2025 13:27:23	14,89	1,37	28,85	35,99	1499,26
385	28.08.2025 13:27:24	14,89	1,37	28,76	35,89	1499,15
386	28.08.2025 13:27:25	14,86	1,39	28,76	35,87	1499,06
387	28.08.2025 13:27:26	14,80	1,40	28,80	35,86	1498,91
388	28.08.2025 13:27:27	14,77	1,42	28,82	35,86	1498,84
389	28.08.2025 13:27:28	14,74	1,43	28,82	35,84	1498,74
390	28.08.2025 13:27:29	14,71	1,45	28,82	35,81	1498,65
391	28.08.2025 13:27:30	14,67	1,46	28,87	35,84	1498,60
392	28.08.2025 13:27:31	14,64	1,48	28,87	35,81	1498,50
393	28.08.2025 13:27:32	14,61	1,48	28,91	35,83	1498,45
394	28.08.2025 13:27:33	14,58	1,51	28,93	35,83	1498,39
395	28.08.2025 13:27:34	14,55	1,51	28,89	35,76	1498,23
396	28.08.2025 13:27:35	14,49	1,52	28,89	35,71	1498,03
397	28.08.2025 13:27:36	14,43	1,55	28,89	35,66	1497,84
398	28.08.2025 13:27:37	14,37	1,55	28,83	35,53	1497,56
399	28.08.2025 13:27:38	14,27	1,58	28,85	35,48	1497,28
400	28.08.2025 13:27:39	14,18	1,61	28,78	35,33	1496,90
401	28.08.2025 13:27:40	14,09	1,60	28,56	35,01	1496,33
402	28.08.2025 13:27:41	13,93	1,62	28,56	34,88	1495,82
403	28.08.2025 13:27:42	13,77	1,67	28,65	34,85	1495,41
404	28.08.2025 13:27:43	13,62	1,71	28,76	34,85	1495,04
405	28.08.2025 13:27:44	13,53	1,74	28,81	34,82	1494,78
406	28.08.2025 13:27:45	13,43	1,77	28,88	34,82	1494,56
407	28.08.2025 13:27:46	13,37	1,76	28,92	34,82	1494,40
408	28.08.2025 13:27:47	13,31	1,78	28,95	34,79	1494,22
409	28.08.2025 13:27:48	13,27	1,81	28,88	34,69	1494,04
410	28.08.2025 13:27:49	13,18	1,82	28,86	34,59	1493,69
411	28.08.2025 13:27:50	13,12	1,84	28,86	34,54	1493,48
412	28.08.2025 13:27:51	13,02	1,86	28,86	34,47	1493,17
413	28.08.2025 13:27:52	12,96	1,86	28,88	34,44	1492,98
414	28.08.2025 13:27:53	12,90	1,89	28,86	34,37	1492,75
415	28.08.2025 13:27:54	12,80	1,90	28,72	34,14	1492,26
416	28.08.2025 13:27:55	12,74	1,83	27,63	32,91	1490,71
417	28.08.2025 13:27:56	12,36	1,89	27,39	32,36	1489,13
418	28.08.2025 13:27:57	11,98	1,95	27,09	31,74	1487,43
419	28.08.2025 13:27:58	11,56	1,98	26,58	30,90	1485,36
420	28.08.2025 13:27:59	11,05	2,05	26,74	30,67	1483,71
421	28.08.2025 13:28:00	10,62	2,14	26,91	30,53	1482,42
422	28.08.2025 13:28:01	10,26	2,17	27,03	30,38	1481,26
423	28.08.2025 13:28:02	10,00	2,22	27,10	30,25	1480,39
424	28.08.2025 13:28:03	9,74	2,24	27,17	30,12	1479,51
425	28.08.2025 13:28:04	9,51	2,26	27,07	29,85	1478,53
426	28.08.2025 13:28:05	9,27	2,28	26,97	29,57	1477,54
427	28.08.2025 13:28:06	9,01	2,30	27,04	29,45	1476,62
428	28.08.2025 13:28:07	8,77	2,33	27,14	29,37	1475,87
429	28.08.2025 13:28:08	8,57	2,35	27,22	29,29	1475,20
430	28.08.2025 13:28:09	8,37	2,38	27,22	29,14	1474,43
431	28.08.2025 13:28:10	8,16	2,40	27,20	28,96	1473,62
432	28.08.2025 13:28:11	7,96	2,44	27,20	28,82	1472,84
433	28.08.2025 13:28:12	7,76	2,44	27,33	28,79	1472,21
434	28.08.2025 13:28:13	7,58	2,46	27,46	28,79	1471,71
435	28.08.2025 13:28:14	7,45	2,49	27,54	28,76	1471,28
436	28.08.2025 13:28:15	7,31	2,53	27,65	28,76	1470,89
437	28.08.2025 13:28:16	7,20	2,54	27,73	28,76	1470,58
438	28.08.2025 13:28:17	7,10	2,55	27,81	28,75	1470,28
439	28.08.2025 13:28:18	7,00	2,56	27,90	28,75	1469,97
440	28.08.2025 13:28:19	6,89	2,59	27,98	28,75	1469,67
441	28.08.2025 13:28:20	6,82	2,61	28,04	28,75	1469,47
442	28.08.2025 13:28:21	6,72	2,60	28,12	28,75	1469,16
443	28.08.2025 13:28:22	6,65	2,63	28,20	28,77	1468,99
444	28.08.2025 13:28:23	6,58	2,66	28,23	28,75	1468,76
445	28.08.2025 13:28:24	6,47	2,65	28,32	28,75	1468,44
446	28.08.2025 13:28:25	6,40	2,67	28,38	28,75	1468,24
447	28.08.2025 13:28:26	6,37	2,68	28,33	28,67	1468,03
448	28.08.2025 13:28:27	6,26	2,73	28,33	28,60	1467,62
449	28.08.2025 13:28:28	6,16	2,74	28,45	28,62	1467,35
450	28.08.2025 13:28:29	6,09	2,75	28,48	28,60	1467,10
451	28.08.2025 13:28:30	6,02	2,78	28,54	28,60	1466,90
452	28.08.2025 13:28:31	5,91	2,79	28,57	28,55	1466,51
453	28.08.2025 13:28:32	5,84	2,80	28,63	28,55	1466,30
454	28.08.2025 13:28:33	5,77	2,83	28,69	28,55	1466,10
455	28.08.2025 13:28:34	5,73	2,85	28,69	28,52	1465,96
456	28.08.2025 13:28:35	5,66	2,88	28,75	28,52	1465,75
457	28.08.2025 13:28:36	5,59	2,89	28,76	28,47	1465,47
458	28.08.2025 13:28:37	5,52	2,91	28,85	28,50	1465,29
459	28.08.2025 13:28:38	5,45	2,94	28,80	28,40	1464,94
460	28.08.2025 13:28:39	5,37	2,95	28,89	28,42	1464,76
461	28.08.2025 13:28:40	5,30	2,96	28,89	28,37	1464,48
462	28.08.2025 13:28:41	5,27	3,00	28,92	28,37	1464,37
463	28.08.2025 13:28:42	5,19	3,01	28,93	28,32	1464,09
464	28.08.2025 13:28:43	5,12	3,04	28,94	28,27	1463,80
465	28.08.2025 13:28:44	5,05	3,05	28,97	28,25	1463,55
466	28.08.2025 13:28:45	4,98	3,08	29,03	28,25	1463,34
467	28.08.2025 13:28:46	4,91	3,10	29,01	28,17	1463,01
468	28.08.2025 13:28:47	4,83	3,13	29,08	28,17	1462,80
469	28.08.2025 13:28:48	4,76	3,14	29,11	28,15	1462,54
470	28.08.2025 13:28:49	4,69	3,19	29,03	28,03	1462,15
471	28.08.2025 13:28:50	4,61	3,18	29,01	27,95	1461,82
472	28.08.2025 13:28:51	4,51	3,21	29,03	27,88	1461,38
473	28.08.2025 13:28:52	4,40	3,24	29,09	27,85	1461,01
474	28.08.2025 13:28:53	4,32	3,25	29,07	27,78	1460,68
475	28.08.2025 13:28:54	4,21	3,28	29,14	27,75	1460,31
476	28.08.2025 13:28:55	4,14	3,31	29,18	27,73	1460,05
477	28.08.2025 13:28:56	4,06	3,34	29,19	27,68	1459,75
478	28.08.2025 13:28:57	3,99	3,37	29,19	27,63	1459,46
479	28.08.2025 13:28:58	3,92	3,40	29,23	27,61	1459,20
480	28.08.2025 13:28:59	3,84	3,41	29,27	27,58	1458,93
481	28.08.2025 13:29:00	3,77	3,44	29,31	27,56	1458,67
482	28.08.2025 13:29:01	3,66	3,47	29,38	27,54	1458,29
483	28.08.2025 13:29:02	3,58	3,48	29,42	27,51	1458,03
484	28.08.2025 13:29:03	3,51	3,50	29,43	27,46	1457,72
485	28.08.2025 13:29:04	3,47	3,53	29,37	27,39	1457,50
486	28.08.2025 13:29:05	3,40	3,54	29,35	27,31	1457,15
487	28.08.2025 13:29:06	3,28	3,57	29,46	27,31	1456,81
488	28.08.2025 13:29:07	3,21	3,58	29,50	27,29	1456,54
489	28.08.2025 13:29:08	3,13	3,61	29,57	27,29	1456,31
490	28.08.2025 13:29:09	3,10	3,61	29,60	27,29	1456,19
491	28.08.2025 13:29:10	3,02	3,62	29,64	27,27	1455,92
492	28.08.2025 13:29:11	2,98	3,65	29,62	27,22	1455,73
493	28.08.2025 13:29:12	2,91	3,67	29,69	27,22	1455,50
494	28.08.2025 13:29:13	2,87	3,70	29,69	27,20	1455,34
495	28.08.2025 13:29:14	2,83	3,72	29,64	27,12	1455,11
496	28.08.2025 13:29:15	2,75	3,73	29,68	27,10	1454,84
497	28.08.2025 13:29:16	2,68	3,74	29,72	27,07	1454,56
498	28.08.2025 13:29:17	2,64	3,77	29,70	27,02	1454,37
499	28.08.2025 13:29:18	2,56	3,79	29,77	27,02	1454,13
500	28.08.2025 13:29:19	2,49	3,82	29,84	27,03	1453,90
501	28.08.2025 13:29:20	2,45	3,83	29,88	27,03	1453,78
502	28.08.2025 13:29:21	2,41	3,85	29,89	27,00	1453,62
503	28.08.2025 13:29:22	2,33	3,86	29,96	27,00	1453,38
504	28.08.2025 13:29:23	2,30	3,89	29,96	26,98	1453,23
505	28.08.2025 13:29:24	2,26	3,91	29,94	26,93	1453,03
506	28.08.2025 13:29:25	2,22	3,94	29,95	26,91	1452,87
507	28.08.2025 13:29:26	2,18	3,95	29,92	26,86	1452,67
508	28.08.2025 13:29:27	2,14	3,99	29,96	26,86	1452,56
509	28.08.2025 13:29:28	2,07	4,00	30,00	26,83	1452,28
510	28.08.2025 13:29:29	2,03	4,01	30,04	26,83	1452,16
511	28.08.2025 13:29:30	1,99	4,03	30,05	26,81	1452,00
512	28.08.2025 13:29:31	1,95	4,06	30,09	26,81	1451,88
513	28.08.2025 13:29:32	1,91	4,10	30,12	26,81	1451,76
514	28.08.2025 13:29:33	1,87	4,09	30,16	26,81	1451,64
515	28.08.2025 13:29:34	1,83	4,14	30,23	26,84	1451,57
516	28.08.2025 13:29:35	1,79	4,14	30,27	26,84	1451,45
517	28.08.2025 13:29:36	1,79	4,16	30,27	26,84	1451,45
518	28.08.2025 13:29:37	1,76	4,19	30,31	26,84	1451,33
519	28.08.2025 13:29:38	1,72	4,21	30,31	26,81	1451,17
520	28.08.2025 13:29:39	1,72	4,22	30,28	26,79	1451,13
521	28.08.2025 13:29:40	1,68	4,24	30,26	26,74	1450,93
522	28.08.2025 13:29:41	1,64	4,27	30,33	26,77	1450,85
523	28.08.2025 13:29:42	1,60	4,29	30,33	26,74	1450,69
524	28.08.2025 13:29:43	1,60	4,32	30,33	26,74	1450,69
525	28.08.2025 13:29:44	1,56	4,34	30,37	26,74	1450,57
526	28.08.2025 13:29:45	1,52	4,37	30,41	26,74	1450,46
527	28.08.2025 13:29:46	1,48	4,39	30,42	26,72	1450,29
528	28.08.2025 13:29:47	1,48	4,40	30,39	26,70	1450,25
529	28.08.2025 13:29:48	1,44	4,42	30,46	26,72	1450,17
530	28.08.2025 13:29:49	1,40	4,45	30,59	26,80	1450,18
531	28.08.2025 13:29:50	1,40	4,47	30,59	26,80	1450,18
532	28.08.2025 13:29:51	1,40	4,49	30,59	26,80	1450,19
533	28.08.2025 13:29:52	1,37	4,50	30,63	26,80	1450,06
534	28.08.2025 13:29:53	1,37	4,52	30,63	26,80	1450,07
535	28.08.2025 13:29:54	1,33	4,55	30,70	26,82	1449,99
536	28.08.2025 13:29:55	1,33	4,55	30,67	26,80	1449,95
537	28.08.2025 13:29:56	1,33	4,59	30,70	26,82	1449,99
538	28.08.2025 13:29:57	1,29	4,60	30,74	26,82	1449,87
539	28.08.2025 13:29:58	1,29	4,62	30,74	26,82	1449,88
540	28.08.2025 13:29:59	1,29	4,62	30,74	26,82	1449,88
541	28.08.2025 13:30:00	1,25	4,64	30,78	26,82	1449,75
542	28.08.2025 13:30:01	1,25	4,64	30,78	26,82	1449,75
543	28.08.2025 13:30:02	1,21	4,65	30,82	26,83	1449,63
544	28.08.2025 13:30:03	1,21	4,69	30,85	26,85	1449,68
545	28.08.2025 13:30:04	1,21	4,69	30,85	26,85	1449,68
546	28.08.2025 13:30:05	1,17	4,70	30,89	26,85	1449,56
547	28.08.2025 13:30:06	1,17	4,72	30,92	26,88	1449,60
548	28.08.2025 13:30:07	1,17	4,74	30,92	26,88	1449,61
549	28.08.2025 13:30:08	1,17	4,76	30,92	26,88	1449,61
550	28.08.2025 13:30:09	1,17	4,77	30,95	26,90	1449,65
551	28.08.2025 13:30:10	1,13	4,79	30,99	26,90	1449,53
552	28.08.2025 13:30:11	1,13	4,79	30,99	26,90	1449,53
553	28.08.2025 13:30:12	1,13	4,83	31,03	26,93	1449,58
554	28.08.2025 13:30:13	1,13	4,84	31,03	26,93	1449,58
555	28.08.2025 13:30:14	1,13	4,88	31,03	26,93	1449,59
556	28.08.2025 13:30:15	1,09	4,88	31,07	26,93	1449,46
557	28.08.2025 13:30:16	1,09	4,89	31,07	26,93	1449,46
558	28.08.2025 13:30:17	1,09	4,91	31,07	26,93	1449,47
559	28.08.2025 13:30:18	1,09	4,93	31,07	26,93	1449,47
560	28.08.2025 13:30:19	1,09	4,95	31,07	26,93	1449,47
561	28.08.2025 13:30:20	1,05	4,96	31,11	26,93	1449,35
562	28.08.2025 13:30:21	1,05	4,96	31,11	26,93	1449,35
563	28.08.2025 13:30:22	1,05	5,00	31,11	26,93	1449,36
564	28.08.2025 13:30:23	1,05	5,00	31,11	26,93	1449,36
565	28.08.2025 13:30:24	1,05	5,03	31,11	26,93	1449,36
566	28.08.2025 13:30:25	1,05	5,05	31,11	26,93	1449,36
567	28.08.2025 13:30:26	1,05	5,07	31,11	26,93	1449,37
568	28.08.2025 13:30:27	1,01	5,07	31,15	26,93	1449,24
569	28.08.2025 13:30:28	1,01	5,10	31,15	26,93	1449,25
570	28.08.2025 13:30:29	1,01	5,10	31,15	26,93	1449,25
571	28.08.2025 13:30:30	1,01	5,14	31,18	26,96	1449,30
572	28.08.2025 13:30:31	1,01	5,16	31,15	26,93	1449,26
573	28.08.2025 13:30:32	1,01	5,17	31,18	26,96	1449,30
574	28.08.2025 13:30:33	1,01	5,19	31,18	26,96	1449,30
575	28.08.2025 13:30:34	1,01	5,21	31,18	26,96	1449,31
576	28.08.2025 13:30:35	0,97	5,23	31,22	26,96	1449,19
577	28.08.2025 13:30:36	0,97	5,26	31,22	26,96	1449,19
578	28.08.2025 13:30:37	0,97	5,28	31,22	26,96	1449,19
579	28.08.2025 13:30:38	0,97	5,30	31,22	26,96	1449,20
580	28.08.2025 13:30:39	0,97	5,32	31,22	26,96	1449,20
581	28.08.2025 13:30:40	0,97	5,33	31,22	26,96	1449,20
582	28.08.2025 13:30:41	0,97	5,35	31,22	26,96	1449,20
583	28.08.2025 13:30:42	0,97	5,37	31,22	26,96	1449,21
584	28.08.2025 13:30:43	0,93	5,38	31,29	26,98	1449,13
585	28.08.2025 13:30:44	0,93	5,42	31,29	26,98	1449,13
586	28.08.2025 13:30:45	0,93	5,44	31,29	26,98	1449,14
587	28.08.2025 13:30:46	0,93	5,46	31,29	26,98	1449,14
588	28.08.2025 13:30:47	0,93	5,47	31,29	26,98	1449,14
589	28.08.2025 13:30:48	0,93	5,49	31,32	27,01	1449,19
590	28.08.2025 13:30:49	0,93	5,51	31,29	26,98	1449,15
591	28.08.2025 13:30:50	0,93	5,56	31,29	26,98	1449,15
592	28.08.2025 13:30:51	0,93	5,58	31,32	27,01	1449,20
593	28.08.2025 13:30:52	0,93	5,60	31,32	27,01	1449,20
594	28.08.2025 13:30:53	0,89	5,63	31,36	27,01	1449,08
595	28.08.2025 13:30:54	0,89	5,61	31,36	27,01	1449,08
596	28.08.2025 13:30:55	0,89	5,65	31,36	27,01	1449,09
597	28.08.2025 13:30:56	0,89	5,67	31,36	27,01	1449,09
598	28.08.2025 13:30:57	0,89	5,69	31,39	27,03	1449,13
599	28.08.2025 13:30:58	0,89	5,70	31,39	27,03	1449,14
600	28.08.2025 13:30:59	0,89	5,72	31,43	27,06	1449,18
601	28.08.2025 13:31:00	0,89	5,74	31,39	27,03	1449,14
602	28.08.2025 13:31:01	0,89	5,76	31,39	27,03	1449,14
603	28.08.2025 13:31:02	0,89	5,78	31,39	27,03	1449,15
604	28.08.2025 13:31:03	0,89	5,79	31,39	27,03	1449,15
605	28.08.2025 13:31:04	0,85	5,81	31,43	27,03	1449,03
606	28.08.2025 13:31:05	0,85	5,83	31,43	27,03	1449,03
607	28.08.2025 13:31:06	0,85	5,86	31,43	27,03	1449,04
608	28.08.2025 13:31:07	0,85	5,88	31,43	27,03	1449,04
609	28.08.2025 13:31:08	0,85	5,90	31,43	27,03	1449,04
610	28.08.2025 13:31:09	0,85	5,92	31,43	27,03	1449,04
611	28.08.2025 13:31:10	0,85	5,93	31,43	27,03	1449,05
612	28.08.2025 13:31:11	0,85	5,97	31,43	27,03	1449,05
613	28.08.2025 13:31:12	0,85	5,99	31,43	27,03	1449,06
614	28.08.2025 13:31:13	0,85	6,02	31,43	27,03	1449,06
615	28.08.2025 13:31:14	0,85	6,04	31,43	27,03	1449,06
616	28.08.2025 13:31:15	0,81	6,06	31,48	27,04	1448,94
617	28.08.2025 13:31:16	0,81	6,09	31,47	27,04	1448,95
618	28.08.2025 13:31:17	0,81	6,11	31,47	27,04	1448,95
619	28.08.2025 13:31:18	0,81	6,13	31,47	27,04	1448,95
620	28.08.2025 13:31:19	0,81	6,16	31,47	27,04	1448,96
621	28.08.2025 13:31:20	0,81	6,20	31,47	27,04	1448,96
622	28.08.2025 13:31:21	0,81	6,22	31,51	27,06	1449,01
623	28.08.2025 13:31:22	0,81	6,27	31,47	27,04	1448,97
624	28.08.2025 13:31:23	0,77	6,29	31,52	27,04	1448,85
625	28.08.2025 13:31:24	0,77	6,30	31,52	27,04	1448,85
626	28.08.2025 13:31:25	0,77	6,34	31,52	27,04	1448,86
627	28.08.2025 13:31:26	0,77	6,36	31,52	27,04	1448,86
628	28.08.2025 13:31:27	0,77	6,39	31,55	27,06	1448,91
629	28.08.2025 13:31:28	0,77	6,43	31,55	27,06	1448,92
630	28.08.2025 13:31:29	0,77	6,47	31,55	27,06	1448,92
631	28.08.2025 13:31:30	0,77	6,50	31,55	27,06	1448,93
632	28.08.2025 13:31:31	0,73	6,53	31,59	27,06	1448,81
633	28.08.2025 13:31:32	0,73	6,55	31,56	27,04	1448,77
634	28.08.2025 13:31:33	0,73	6,59	31,56	27,04	1448,77
635	28.08.2025 13:31:34	0,73	6,62	31,56	27,04	1448,78
636	28.08.2025 13:31:35	0,73	6,66	31,56	27,04	1448,78
637	28.08.2025 13:31:36	0,73	6,68	31,52	27,01	1448,74
638	28.08.2025 13:31:37	0,69	6,73	31,57	27,01	1448,63
639	28.08.2025 13:31:38	0,69	6,75	31,60	27,04	1448,67
640	28.08.2025 13:31:39	0,69	6,78	31,56	27,01	1448,64
641	28.08.2025 13:31:40	0,69	6,82	31,56	27,01	1448,64
642	28.08.2025 13:31:41	0,69	6,85	31,60	27,04	1448,69
643	28.08.2025 13:31:42	0,65	6,87	31,70	27,09	1448,65
644	28.08.2025 13:31:43	0,65	6,90	31,70	27,09	1448,66
645	28.08.2025 13:31:44	0,65	6,94	31,73	27,12	1448,71
646	28.08.2025 13:31:45	0,65	6,98	31,73	27,12	1448,71
647	28.08.2025 13:31:46	0,65	7,01	31,77	27,14	1448,76
648	28.08.2025 13:31:47	0,65	7,03	31,80	27,17	1448,81
649	28.08.2025 13:31:48	0,65	7,07	31,80	27,17	1448,81
650	28.08.2025 13:31:49	0,65	7,08	31,80	27,17	1448,81
651	28.08.2025 13:31:50	0,65	7,16	31,83	27,19	1448,87
652	28.08.2025 13:31:51	0,65	7,16	31,89	27,24	1448,95
653	28.08.2025 13:31:52	0,65	7,19	31,89	27,24	1448,96
654	28.08.2025 13:31:53	0,65	7,23	31,89	27,24	1448,97
655	28.08.2025 13:31:54	0,65	7,26	31,89	27,24	1448,97
656	28.08.2025 13:31:55	0,65	7,28	31,93	27,27	1449,02
657	28.08.2025 13:31:56	0,65	7,30	31,93	27,27	1449,02
658	28.08.2025 13:31:57	0,65	7,32	31,99	27,31	1449,11
659	28.08.2025 13:31:58	0,65	7,35	32,05	27,36	1449,20
660	28.08.2025 13:31:59	0,65	7,39	32,09	27,39	1449,25
661	28.08.2025 13:32:00	0,69	7,43	32,11	27,44	1449,46
662	28.08.2025 13:32:01	0,69	7,45	32,14	27,46	1449,51
663	28.08.2025 13:32:02	0,69	7,45	32,20	27,51	1449,59
664	28.08.2025 13:32:03	0,73	7,48	32,19	27,54	1449,77
665	28.08.2025 13:32:04	0,73	7,52	32,26	27,59	1449,86
666	28.08.2025 13:32:05	0,73	7,52	32,26	27,59	1449,86
667	28.08.2025 13:32:06	0,77	7,54	32,25	27,61	1450,03
668	28.08.2025 13:32:07	0,77	7,58	32,25	27,61	1450,03
669	28.08.2025 13:32:08	0,77	7,59	32,25	27,61	1450,04
670	28.08.2025 13:32:09	0,81	7,62	32,23	27,63	1450,20
671	28.08.2025 13:32:10	0,81	7,62	32,23	27,63	1450,21
672	28.08.2025 13:32:11	0,81	7,63	32,27	27,66	1450,25
673	28.08.2025 13:32:12	0,81	7,63	32,27	27,66	1450,25
674	28.08.2025 13:32:13	0,81	7,65	32,27	27,66	1450,25
675	28.08.2025 13:32:14	0,85	7,65	32,26	27,68	1450,42
676	28.08.2025 13:32:15	0,85	7,67	32,26	27,68	1450,42
677	28.08.2025 13:32:16	0,85	7,67	32,29	27,71	1450,47
678	28.08.2025 13:32:17	0,85	7,69	32,32	27,73	1450,51
679	28.08.2025 13:32:18	0,85	7,69	32,32	27,73	1450,51
680	28.08.2025 13:32:19	0,89	7,69	32,28	27,73	1450,63
681	28.08.2025 13:32:20	0,89	7,69	32,31	27,76	1450,68
682	28.08.2025 13:32:21	0,89	7,73	32,31	27,76	1450,68
683	28.08.2025 13:32:22	0,89	7,71	32,28	27,73	1450,64
684	28.08.2025 13:32:23	0,93	7,71	32,26	27,75	1450,80
685	28.08.2025 13:32:24	0,93	7,73	32,30	27,78	1450,85
686	28.08.2025 13:32:25	0,93	7,73	32,30	27,78	1450,85
687	28.08.2025 13:32:26	0,93	7,73	32,30	27,78	1450,85
688	28.08.2025 13:32:27	0,93	7,73	32,30	27,78	1450,85
689	28.08.2025 13:32:28	0,93	7,73	32,30	27,78	1450,85
690	28.08.2025 13:32:29	0,93	7,73	32,30	27,78	1450,85
691	28.08.2025 13:32:30	0,97	7,74	32,25	27,78	1450,97
692	28.08.2025 13:32:31	0,97	7,74	32,25	27,78	1450,97
693	28.08.2025 13:32:32	0,97	7,74	32,25	27,78	1450,97
694	28.08.2025 13:32:33	0,97	7,75	32,25	27,78	1450,97
695	28.08.2025 13:32:34	0,97	7,74	32,25	27,78	1450,97
696	28.08.2025 13:32:35	0,97	7,75	32,25	27,78	1450,97
697	28.08.2025 13:32:36	0,97	7,75	32,25	27,78	1450,97
698	28.08.2025 13:32:37	0,97	7,74	32,25	27,78	1450,97
699	28.08.2025 13:32:38	0,97	7,75	32,25	27,78	1450,97
700	28.08.2025 13:32:39	0,97	7,75	32,25	27,78	1450,97
701	28.08.2025 13:32:40	0,97	7,75	32,25	27,78	1450,97
702	28.08.2025 13:32:41	0,97	7,74	32,25	27,78	1450,97
703	28.08.2025 13:32:42	0,97	7,75	32,25	27,78	1450,97
704	28.08.2025 13:32:43	0,97	7,74	32,25	27,78	1450,97
705	28.08.2025 13:32:44	0,97	7,74	32,25	27,78	1450,97
706	28.08.2025 13:32:45	1,01	7,76	32,21	27,78	1451,09
707	28.08.2025 13:32:46	1,01	7,76	32,21	27,78	1451,10
708	28.08.2025 13:32:47	1,01	7,76	32,21	27,78	1451,10
709	28.08.2025 13:32:48	1,01	7,76	32,21	27,78	1451,10
710	28.08.2025 13:32:49	1,01	7,76	32,21	27,78	1451,10
711	28.08.2025 13:32:50	1,01	7,76	32,21	27,78	1451,10
712	28.08.2025 13:32:51	1,01	7,74	32,21	27,78	1451,09
713	28.08.2025 13:32:52	1,01	7,74	32,21	27,78	1451,09
714	28.08.2025 13:32:53	1,01	7,72	32,21	27,78	1451,09
715	28.08.2025 13:32:54	1,01	7,74	32,21	27,78	1451,09
716	28.08.2025 13:32:55	1,01	7,74	32,21	27,78	1451,09
717	28.08.2025 13:32:56	1,01	7,72	32,21	27,78	1451,09
718	28.08.2025 13:32:57	1,01	7,74	32,21	27,78	1451,09
719	28.08.2025 13:32:58	1,01	7,74	32,21	27,78	1451,09
720	28.08.2025 13:32:59	1,01	7,74	32,21	27,78	1451,09
721	28.08.2025 13:33:00	1,01	7,72	32,21	27,78	1451,09
722	28.08.2025 13:33:01	1,01	7,74	32,21	27,78	1451,09
723	28.08.2025 13:33:02	1,01	7,72	32,21	27,78	1451,09
724	28.08.2025 13:33:03	1,01	7,72	32,21	27,78	1451,09
725	28.08.2025 13:33:04	1,01	7,74	32,21	27,78	1451,09
726	28.08.2025 13:33:05	1,01	7,74	32,21	27,78	1451,09
727	28.08.2025 13:33:06	1,01	7,74	32,21	27,78	1451,09
728	28.08.2025 13:33:07	1,01	7,74	32,21	27,78	1451,09
729	28.08.2025 13:33:08	1,01	7,74	32,21	27,78	1451,09
730	28.08.2025 13:33:09	1,01	7,74	32,21	27,78	1451,09
731	28.08.2025 13:33:10	1,01	7,72	32,21	27,78	1451,09
732	28.08.2025 13:33:11	1,01	7,72	32,21	27,78	1451,09
733	28.08.2025 13:33:12	1,01	7,72	32,21	27,78	1451,09
734	28.08.2025 13:33:13	1,01	7,72	32,21	27,78	1451,09
735	28.08.2025 13:33:14	1,01	7,72	32,21	27,78	1451,09
736	28.08.2025 13:33:15	1,01	7,72	32,21	27,78	1451,09
737	28.08.2025 13:33:16	1,01	7,72	32,21	27,78	1451,09
738	28.08.2025 13:33:17	1,01	7,72	32,21	27,78	1451,09
739	28.08.2025 13:33:18	1,01	7,72	32,21	27,78	1451,09
740	28.08.2025 13:33:19	1,01	7,72	32,21	27,78	1451,09
741	28.08.2025 13:33:20	1,01	7,72	32,24	27,80	1451,13
742	28.08.2025 13:33:21	1,01	7,72	32,21	27,78	1451,09
743	28.08.2025 13:33:22	1,05	7,71	32,17	27,78	1451,21
744	28.08.2025 13:33:23	1,05	7,71	32,17	27,78	1451,21
745	28.08.2025 13:33:24	1,01	7,72	32,21	27,78	1451,09
746	28.08.2025 13:33:25	1,05	7,72	32,17	27,78	1451,21
747	28.08.2025 13:33:26	1,05	7,72	32,17	27,78	1451,21
748	28.08.2025 13:33:27	1,05	7,72	32,17	27,78	1451,21
749	28.08.2025 13:33:28	1,05	7,72	32,17	27,78	1451,21
750	28.08.2025 13:33:29	1,05	7,72	32,17	27,78	1451,21
751	28.08.2025 13:33:30	1,05	7,72	32,17	27,78	1451,21
752	28.08.2025 13:33:31	1,05	7,72	32,17	27,78	1451,21
753	28.08.2025 13:33:32	1,05	7,72	32,17	27,78	1451,21
754	28.08.2025 13:33:33	1,05	7,72	32,17	27,78	1451,21
755	28.08.2025 13:33:34	1,05	7,72	32,17	27,78	1451,21
756	28.08.2025 13:33:35	1,05	7,74	32,17	27,78	1451,22
757	28.08.2025 13:33:36	1,05	7,72	32,17	27,78	1451,21
758	28.08.2025 13:33:37	1,05	7,72	32,17	27,78	1451,21
759	28.08.2025 13:33:38	1,05	7,72	32,17	27,78	1451,21
760	28.08.2025 13:33:39	1,05	7,72	32,17	27,78	1451,21
761	28.08.2025 13:33:40	1,05	7,72	32,17	27,78	1451,21
762	28.08.2025 13:33:41	1,05	7,71	32,17	27,78	1451,21
763	28.08.2025 13:33:42	1,05	7,72	32,17	27,78	1451,21
764	28.08.2025 13:33:43	1,05	7,72	32,17	27,78	1451,21
765	28.08.2025 13:33:44	1,05	7,72	32,17	27,78	1451,21
766	28.08.2025 13:33:45	1,05	7,72	32,17	27,78	1451,21
767	28.08.2025 13:33:46	1,05	7,72	32,17	27,78	1451,21
768	28.08.2025 13:33:47	1,05	7,72	32,17	27,78	1451,21
769	28.08.2025 13:33:48	1,05	7,72	32,17	27,78	1451,21
770	28.08.2025 13:33:49	1,05	7,72	32,17	27,78	1451,21
771	28.08.2025 13:33:50	1,05	7,71	32,17	27,78	1451,21
772	28.08.2025 13:33:51	1,05	7,72	32,17	27,78	1451,21
773	28.08.2025 13:33:52	1,05	7,72	32,17	27,78	1451,21
774	28.08.2025 13:33:53	1,05	7,72	32,17	27,78	1451,21
775	28.08.2025 13:33:54	1,05	7,71	32,17	27,78	1451,21
776	28.08.2025 13:33:55	1,05	7,74	32,17	27,78	1451,22
777	28.08.2025 13:33:56	1,05	7,72	32,17	27,78	1451,21
778	28.08.2025 13:33:57	1,05	7,74	32,17	27,78	1451,22
779	28.08.2025 13:33:58	1,05	7,72	32,17	27,78	1451,21
780	28.08.2025 13:33:59	1,05	7,72	32,17	27,78	1451,21
781	28.08.2025 13:34:00	1,05	7,72	32,17	27,78	1451,21
782	28.08.2025 13:34:01	1,05	7,72	32,17	27,78	1451,21
783	28.08.2025 13:34:02	1,05	7,72	32,17	27,78	1451,21
784	28.08.2025 13:34:03	1,05	7,72	32,20	27,80	1451,25
785	28.08.2025 13:34:04	1,05	7,74	32,17	27,78	1451,22
786	28.08.2025 13:34:05	1,05	7,72	32,17	27,78	1451,21
787	28.08.2025 13:34:06	1,05	7,72	32,17	27,78	1451,21
788	28.08.2025 13:34:07	1,05	7,74	32,17	27,78	1451,22
789	28.08.2025 13:34:08	1,05	7,72	32,17	27,78	1451,21
790	28.08.2025 13:34:09	1,05	7,72	32,17	27,78	1451,21
791	28.08.2025 13:34:10	1,05	7,72	32,17	27,78	1451,21
792	28.08.2025 13:34:11	1,05	7,72	32,17	27,78	1451,21
793	28.08.2025 13:34:12	1,05	7,74	32,17	27,78	1451,22
794	28.08.2025 13:34:13	1,05	7,74	32,20	27,80	1451,26
795	28.08.2025 13:34:14	1,05	7,72	32,17	27,78	1451,21
796	28.08.2025 13:34:15	1,05	7,71	32,20	27,80	1451,25
797	28.08.2025 13:34:16	1,05	7,74	32,17	27,78	1451,22
798	28.08.2025 13:34:17	1,05	7,72	32,17	27,78	1451,21
799	28.08.2025 13:34:18	1,05	7,71	32,17	27,78	1451,21
800	28.08.2025 13:34:19	1,05	7,72	32,17	27,78	1451,21
801	28.08.2025 13:34:20	1,05	7,72	32,20	27,80	1451,25
802	28.08.2025 13:34:21	1,05	7,71	32,17	27,78	1451,21
803	28.08.2025 13:34:22	1,05	7,71	32,17	27,78	1451,21
804	28.08.2025 13:34:23	1,05	7,69	32,17	27,78	1451,21
805	28.08.2025 13:34:24	1,05	7,65	32,17	27,78	1451,20
806	28.08.2025 13:34:25	1,05	7,67	32,17	27,78	1451,20
807	28.08.2025 13:34:26	1,05	7,67	32,17	27,78	1451,20
808	28.08.2025 13:34:27	1,05	7,69	32,17	27,78	1451,21
809	28.08.2025 13:34:28	1,05	7,71	32,17	27,78	1451,21
810	28.08.2025 13:34:29	1,05	7,69	32,17	27,78	1451,21
811	28.08.2025 13:34:30	1,05	7,69	32,17	27,78	1451,21
812	28.08.2025 13:34:31	1,05	7,69	32,17	27,78	1451,21
813	28.08.2025 13:34:32	1,05	7,71	32,17	27,78	1451,21
814	28.08.2025 13:34:33	1,05	7,69	32,17	27,78	1451,21
815	28.08.2025 13:34:34	1,05	7,69	32,17	27,78	1451,21
816	28.08.2025 13:34:35	1,05	7,69	32,17	27,78	1451,21
817	28.08.2025 13:34:36	1,05	7,71	32,17	27,78	1451,21
818	28.08.2025 13:34:37	1,05	7,71	32,17	27,78	1451,21
819	28.08.2025 13:34:38	1,05	7,69	32,17	27,78	1451,21
820	28.08.2025 13:34:39	1,05	7,69	32,17	27,78	1451,21
821	28.08.2025 13:34:40	1,05	7,71	32,17	27,78	1451,21
822	28.08.2025 13:34:41	1,05	7,71	32,17	27,78	1451,21
823	28.08.2025 13:34:42	1,05	7,71	32,17	27,78	1451,21
824	28.08.2025 13:34:43	1,05	7,71	32,17	27,78	1451,21
825	28.08.2025 13:34:44	1,05	7,71	32,17	27,78	1451,21
826	28.08.2025 13:34:45	1,05	7,71	32,17	27,78	1451,21
827	28.08.2025 13:34:46	1,05	7,71	32,17	27,78	1451,21
828	28.08.2025 13:34:47	1,05	7,71	32,17	27,78	1451,21
829	28.08.2025 13:34:48	1,05	7,71	32,17	27,78	1451,21
830	28.08.2025 13:34:49	1,05	7,71	32,17	27,78	1451,21
831	28.08.2025 13:34:50	1,05	7,71	32,17	27,78	1451,21
832	28.08.2025 13:34:51	1,05	7,71	32,17	27,78	1451,21
833	28.08.2025 13:34:52	1,05	7,71	32,17	27,78	1451,21
834	28.08.2025 13:34:53	1,05	7,71	32,17	27,78	1451,21
835	28.08.2025 13:34:54	1,05	7,71	32,17	27,78	1451,21
836	28.08.2025 13:34:55	1,05	7,71	32,17	27,78	1451,21
837	28.08.2025 13:34:56	1,05	7,71	32,17	27,78	1451,21
838	28.08.2025 13:34:57	1,05	7,69	32,17	27,78	1451,21
839	28.08.2025 13:34:58	1,05	7,71	32,17	27,78	1451,21
840	28.08.2025 13:34:59	1,05	7,71	32,17	27,78	1451,21
841	28.08.2025 13:35:00	1,05	7,71	32,17	27,78	1451,21
842	28.08.2025 13:35:01	1,05	7,69	32,17	27,78	1451,21
843	28.08.2025 13:35:02	1,05	7,69	32,17	27,78	1451,21
844	28.08.2025 13:35:03	1,05	7,71	32,17	27,78	1451,21
845	28.08.2025 13:35:04	1,05	7,71	32,17	27,78	1451,21
846	28.08.2025 13:35:05	1,05	7,69	32,17	27,78	1451,21
847	28.08.2025 13:35:06	1,05	7,71	32,17	27,78	1451,21
848	28.08.2025 13:35:07	1,05	7,71	32,17	27,78	1451,21
849	28.08.2025 13:35:08	1,05	7,71	32,17	27,78	1451,21
850	28.08.2025 13:35:09	1,05	7,72	32,17	27,78	1451,21
851	28.08.2025 13:35:10	1,05	7,71	32,17	27,78	1451,21
852	28.08.2025 13:35:11	1,05	7,72	32,17	27,78	1451,21
853	28.08.2025 13:35:12	1,05	7,69	32,17	27,78	1451,21
854	28.08.2025 13:35:13	1,05	7,72	32,17	27,78	1451,21
855	28.08.2025 13:35:14	1,05	7,71	32,17	27,78	1451,21
856	28.08.2025 13:35:15	1,05	7,71	32,17	27,78	1451,21
857	28.08.2025 13:35:16	1,05	7,72	32,17	27,78	1451,21
858	28.08.2025 13:35:17	1,05	7,71	32,17	27,78	1451,21
859	28.08.2025 13:35:18	1,05	7,71	32,17	27,78	1451,21
860	28.08.2025 13:35:19	1,05	7,71	32,17	27,78	1451,21
861	28.08.2025 13:35:20	1,05	7,72	32,17	27,78	1451,21
862	28.08.2025 13:35:21	1,05	7,71	32,17	27,78	1451,21
863	28.08.2025 13:35:22	1,05	7,72	32,17	27,78	1451,21
864	28.08.2025 13:35:23	1,05	7,72	32,17	27,78	1451,21
865	28.08.2025 13:35:24	1,05	7,72	31,31	27,10	1450,07
866	28.08.2025 13:35:25	1,05	7,71	31,63	27,35	1450,49
867	28.08.2025 13:35:26	1,05	7,71	31,82	27,50	1450,75
868	28.08.2025 13:35:27	1,05	7,72	31,92	27,58	1450,87
869	28.08.2025 13:35:28	1,05	7,72	31,92	27,58	1450,87
870	28.08.2025 13:35:29	1,05	7,71	31,88	27,55	1450,83
871	28.08.2025 13:35:30	1,05	7,72	31,92	27,58	1450,87
872	28.08.2025 13:35:31	1,05	7,72	31,98	27,63	1450,96
873	28.08.2025 13:35:32	1,05	7,71	32,01	27,65	1451,00
874	28.08.2025 13:35:33	1,05	7,71	32,07	27,70	1451,08
875	28.08.2025 13:35:34	1,05	7,71	32,07	27,70	1451,08
876	28.08.2025 13:35:35	1,05	7,71	32,07	27,70	1451,08
877	28.08.2025 13:35:36	1,05	7,69	32,17	27,78	1451,21
878	28.08.2025 13:35:37	1,05	7,67	32,17	27,78	1451,20
879	28.08.2025 13:35:38	1,05	7,63	32,14	27,75	1451,16
880	28.08.2025 13:35:39	1,05	7,58	32,11	27,73	1451,11
881	28.08.2025 13:35:40	1,05	7,54	32,04	27,68	1451,02
882	28.08.2025 13:35:41	1,01	7,49	32,02	27,63	1450,80
883	28.08.2025 13:35:42	1,01	7,47	31,93	27,55	1450,67
884	28.08.2025 13:35:43	1,01	7,43	31,86	27,50	1450,58
885	28.08.2025 13:35:44	0,97	7,41	31,87	27,48	1450,41
886	28.08.2025 13:35:45	0,97	7,39	31,84	27,46	1450,37
887	28.08.2025 13:35:46	0,93	7,37	31,88	27,46	1450,24
888	28.08.2025 13:35:47	0,93	7,36	31,88	27,46	1450,24
889	28.08.2025 13:35:48	0,93	7,34	29,82	25,83	1447,48
890	28.08.2025 13:35:49	0,89	7,37	30,21	26,11	1447,83
891	28.08.2025 13:35:50	0,89	7,39	30,27	26,16	1447,91
892	28.08.2025 13:35:51	0,89	7,42	30,43	26,28	1448,13
893	28.08.2025 13:35:52	0,89	7,44	30,40	26,26	1448,09
894	28.08.2025 13:35:53	0,89	7,46	30,43	26,28	1448,14
895	28.08.2025 13:35:54	0,89	7,48	30,46	26,31	1448,18
896	28.08.2025 13:35:55	0,89	7,51	30,56	26,38	1448,31
897	28.08.2025 13:35:56	0,89	7,51	30,71	26,51	1448,53
898	28.08.2025 13:35:57	0,93	7,54	31,60	27,23	1449,88
899	28.08.2025 13:35:58	0,93	7,55	31,63	27,26	1449,93
900	28.08.2025 13:35:59	0,93	7,55	32,20	27,71	1450,69
901	28.08.2025 13:36:00	0,97	7,54	32,10	27,65	1450,73
902	28.08.2025 13:36:01	0,97	7,56	32,16	27,70	1450,82
903	28.08.2025 13:36:02	0,97	7,56	32,16	27,70	1450,82
904	28.08.2025 13:36:03	0,97	7,52	32,13	27,68	1450,77
905	28.08.2025 13:36:04	0,97	7,54	32,13	27,68	1450,77
906	28.08.2025 13:36:05	0,97	7,56	32,16	27,70	1450,82
907	28.08.2025 13:36:06	0,97	7,56	32,13	27,68	1450,77
908	28.08.2025 13:36:07	0,97	7,54	32,10	27,65	1450,73
909	28.08.2025 13:36:08	0,97	7,56	32,10	27,65	1450,73
910	28.08.2025 13:36:09	0,97	7,54	32,13	27,68	1450,77
911	28.08.2025 13:36:10	0,97	7,54	32,13	27,68	1450,77
912	28.08.2025 13:36:11	0,97	7,56	32,13	27,68	1450,77
913	28.08.2025 13:36:12	0,97	7,56	32,13	27,68	1450,77
914	28.08.2025 13:36:13	0,97	7,56	32,13	27,68	1450,77
915	28.08.2025 13:36:14	0,97	7,56	32,13	27,68	1450,77
916	28.08.2025 13:36:15	0,97	7,57	32,16	27,70	1450,82
917	28.08.2025 13:36:16	0,97	7,57	32,13	27,68	1450,78
918	28.08.2025 13:36:17	0,97	7,57	32,16	27,70	1450,82
919	28.08.2025 13:36:18	0,97	7,59	32,19	27,73	1450,86
920	28.08.2025 13:36:19	0,97	7,57	32,19	27,73	1450,86
921	28.08.2025 13:36:20	0,97	7,59	32,19	27,73	1450,86
922	28.08.2025 13:36:21	0,97	7,61	32,22	27,75	1450,91
923	28.08.2025 13:36:22	0,97	7,59	32,19	27,73	1450,86
924	28.08.2025 13:36:23	0,97	7,59	32,19	27,73	1450,86
925	28.08.2025 13:36:24	1,01	7,63	32,18	27,75	1451,03
926	28.08.2025 13:36:25	1,01	7,63	32,21	27,78	1451,08
927	28.08.2025 13:36:26	1,01	7,63	32,21	27,78	1451,08
928	28.08.2025 13:36:27	1,01	7,63	32,21	27,78	1451,08
929	28.08.2025 13:36:28	1,01	7,61	30,69	26,58	1449,05
930	28.08.2025 13:36:29	1,01	7,63	32,21	27,78	1451,08
931	28.08.2025 13:36:30	1,01	7,65	32,21	27,78	1451,08
932	28.08.2025 13:36:31	1,01	7,65	32,21	27,78	1451,08
933	28.08.2025 13:36:32	1,01	7,63	32,21	27,78	1451,08
934	28.08.2025 13:36:33	1,01	7,65	32,21	27,78	1451,08
935	28.08.2025 13:36:34	1,01	7,65	32,21	27,78	1451,08
936	28.08.2025 13:36:35	1,01	7,67	32,21	27,78	1451,08
937	28.08.2025 13:36:36	1,01	7,65	32,21	27,78	1451,08
938	28.08.2025 13:36:37	1,01	7,65	32,21	27,78	1451,08
939	28.08.2025 13:36:38	1,01	7,67	32,21	27,78	1451,08
940	28.08.2025 13:36:39	1,01	7,65	32,21	27,78	1451,08
941	28.08.2025 13:36:40	1,01	7,67	32,21	27,78	1451,08
942	28.08.2025 13:36:41	1,01	7,67	32,21	27,78	1451,08
943	28.08.2025 13:36:42	1,01	7,67	32,21	27,78	1451,08
944	28.08.2025 13:36:43	1,01	7,67	32,21	27,78	1451,08
945	28.08.2025 13:36:44	1,01	7,67	32,21	27,78	1451,08
946	28.08.2025 13:36:45	1,01	7,67	32,21	27,78	1451,08
947	28.08.2025 13:36:46	1,01	7,68	32,21	27,78	1451,08
948	28.08.2025 13:36:47	1,01	7,67	32,21	27,78	1451,08
949	28.08.2025 13:36:48	1,01	7,67	32,21	27,78	1451,08
950	28.08.2025 13:36:49	1,01	7,68	32,21	27,78	1451,08
951	28.08.2025 13:36:50	1,01	7,67	32,21	27,78	1451,08
952	28.08.2025 13:36:51	1,01	7,67	32,21	27,78	1451,08
953	28.08.2025 13:36:52	1,01	7,67	32,21	27,78	1451,08
954	28.08.2025 13:36:53	1,01	7,68	32,21	27,78	1451,08
955	28.08.2025 13:36:54	1,01	7,67	32,21	27,78	1451,08
956	28.08.2025 13:36:55	1,01	7,67	32,21	27,78	1451,08
957	28.08.2025 13:36:56	1,01	7,67	32,21	27,78	1451,08
958	28.08.2025 13:36:57	1,01	7,67	32,21	27,78	1451,08
959	28.08.2025 13:36:58	1,01	7,65	32,21	27,78	1451,08
960	28.08.2025 13:36:59	1,01	7,65	32,21	27,78	1451,08
961	28.08.2025 13:37:00	1,01	7,67	32,21	27,78	1451,08
962	28.08.2025 13:37:01	1,01	7,67	32,21	27,78	1451,08
963	28.08.2025 13:37:02	1,05	7,65	32,17	27,78	1451,20
964	28.08.2025 13:37:03	1,01	7,65	32,21	27,78	1451,08
965	28.08.2025 13:37:04	1,05	7,65	32,17	27,78	1451,20
966	28.08.2025 13:37:05	1,05	7,63	32,17	27,78	1451,20
967	28.08.2025 13:37:06	1,01	7,65	32,21	27,78	1451,08
968	28.08.2025 13:37:07	1,05	7,65	32,17	27,78	1451,20
969	28.08.2025 13:37:08	1,01	7,65	32,21	27,78	1451,08
970	28.08.2025 13:37:09	1,05	7,65	32,17	27,78	1451,20
971	28.08.2025 13:37:10	1,01	7,65	32,21	27,78	1451,08
972	28.08.2025 13:37:11	1,01	7,65	32,21	27,78	1451,08
973	28.08.2025 13:37:12	1,01	7,65	32,21	27,78	1451,08
974	28.08.2025 13:37:13	1,01	7,63	32,21	27,78	1451,08
975	28.08.2025 13:37:14	1,05	7,63	32,17	27,78	1451,20
976	28.08.2025 13:37:15	1,05	7,65	32,17	27,78	1451,20
977	28.08.2025 13:37:16	1,05	7,63	32,17	27,78	1451,20
978	28.08.2025 13:37:17	1,05	7,63	32,17	27,78	1451,20
979	28.08.2025 13:37:18	1,05	7,63	32,14	27,75	1451,16
980	28.08.2025 13:37:19	1,01	7,63	32,15	27,73	1450,99
981	28.08.2025 13:37:20	1,05	7,62	32,11	27,73	1451,11
982	28.08.2025 13:37:21	1,01	7,61	32,15	27,73	1450,99
983	28.08.2025 13:37:22	1,01	7,61	32,15	27,73	1450,99
984	28.08.2025 13:37:23	1,01	7,60	32,15	27,73	1450,99
985	28.08.2025 13:37:24	1,01	7,61	32,15	27,73	1450,99
986	28.08.2025 13:37:25	1,01	7,58	32,15	27,73	1450,98
987	28.08.2025 13:37:26	1,01	7,58	32,15	27,73	1450,98
988	28.08.2025 13:37:27	1,01	7,60	32,12	27,70	1450,94
989	28.08.2025 13:37:28	1,01	7,58	32,15	27,73	1450,98
990	28.08.2025 13:37:29	1,01	7,58	32,15	27,73	1450,98
991	28.08.2025 13:37:30	1,01	7,58	32,15	27,73	1450,98
992	28.08.2025 13:37:31	1,01	7,56	32,15	27,73	1450,98
993	28.08.2025 13:37:32	1,01	7,56	32,12	27,70	1450,94
994	28.08.2025 13:37:33	1,01	7,56	32,12	27,70	1450,94
995	28.08.2025 13:37:34	1,01	7,52	32,09	27,68	1450,89
996	28.08.2025 13:37:35	1,01	7,52	32,12	27,70	1450,93
997	28.08.2025 13:37:36	1,01	7,52	32,09	27,68	1450,89
998	28.08.2025 13:37:37	0,97	7,50	32,10	27,65	1450,72
999	28.08.2025 13:37:38	0,97	7,50	32,06	27,63	1450,68
1000	28.08.2025 13:37:39	0,97	7,50	32,03	27,60	1450,64
1001	28.08.2025 13:37:40	0,97	7,50	32,00	27,58	1450,60
1002	28.08.2025 13:37:41	0,97	7,48	31,94	27,53	1450,51
1003	28.08.2025 13:37:42	0,93	7,48	32,01	27,56	1450,43
1004	28.08.2025 13:37:43	0,93	7,46	31,98	27,53	1450,38
1005	28.08.2025 13:37:44	0,93	7,45	31,92	27,48	1450,29
1006	28.08.2025 13:37:45	0,89	7,42	31,89	27,43	1450,08
1007	28.08.2025 13:37:46	0,89	7,42	31,89	27,43	1450,08
1008	28.08.2025 13:37:47	0,89	7,42	31,86	27,41	1450,04
1009	28.08.2025 13:37:48	0,85	7,40	31,87	27,38	1449,87
1010	28.08.2025 13:37:49	0,85	7,39	31,84	27,36	1449,82
1011	28.08.2025 13:37:50	0,85	7,37	31,84	27,36	1449,82
1012	28.08.2025 13:37:51	0,81	7,36	31,85	27,34	1449,66
1013	28.08.2025 13:37:52	0,81	7,35	31,85	27,34	1449,65
1014	28.08.2025 13:37:53	0,81	7,33	31,82	27,31	1449,61
1015	28.08.2025 13:37:54	0,77	7,33	31,86	27,31	1449,48
1016	28.08.2025 13:37:55	0,77	7,31	31,86	27,31	1449,48
1017	28.08.2025 13:37:56	0,77	7,29	31,83	27,29	1449,43
1018	28.08.2025 13:37:57	0,77	7,29	31,80	27,26	1449,39
1019	28.08.2025 13:37:58	0,77	7,25	31,80	27,26	1449,39
1020	28.08.2025 13:37:59	0,73	7,25	31,84	27,26	1449,26
1021	28.08.2025 13:38:00	0,73	7,23	31,81	27,24	1449,22
1022	28.08.2025 13:38:01	0,73	7,22	31,81	27,24	1449,21
1023	28.08.2025 13:38:02	0,73	7,20	31,78	27,21	1449,17
1024	28.08.2025 13:38:03	0,73	7,18	31,78	27,21	1449,16
1025	28.08.2025 13:38:04	0,73	7,16	31,75	27,19	1449,12
1026	28.08.2025 13:38:05	0,73	7,14	31,75	27,19	1449,12
1027	28.08.2025 13:38:06	0,73	7,13	31,75	27,19	1449,11
1028	28.08.2025 13:38:07	0,69	7,10	31,79	27,19	1448,99
1029	28.08.2025 13:38:08	0,69	7,09	31,76	27,16	1448,94
1030	28.08.2025 13:38:09	0,69	7,07	31,76	27,16	1448,94
1031	28.08.2025 13:38:10	0,69	7,05	31,72	27,14	1448,89
1032	28.08.2025 13:38:11	0,69	7,02	31,72	27,14	1448,89
1033	28.08.2025 13:38:12	0,69	7,02	31,72	27,14	1448,89
1034	28.08.2025 13:38:13	0,69	6,98	31,72	27,14	1448,88
1035	28.08.2025 13:38:14	0,69	6,98	31,72	27,14	1448,88
1036	28.08.2025 13:38:15	0,69	6,94	31,72	27,14	1448,87
1037	28.08.2025 13:38:16	0,69	6,93	31,66	27,09	1448,79
1038	28.08.2025 13:38:17	0,69	6,91	31,63	27,06	1448,74
1039	28.08.2025 13:38:18	0,65	6,87	31,64	27,04	1448,57
1040	28.08.2025 13:38:19	0,65	6,83	31,64	27,04	1448,56
1041	28.08.2025 13:38:20	0,65	6,83	31,64	27,04	1448,56
1042	28.08.2025 13:38:21	0,65	6,78	31,61	27,02	1448,51
1043	28.08.2025 13:38:22	0,65	6,76	31,61	27,02	1448,51
1044	28.08.2025 13:38:23	0,65	6,73	31,61	27,02	1448,50
1045	28.08.2025 13:38:24	0,65	6,73	31,64	27,04	1448,54
1046	28.08.2025 13:38:25	0,65	6,71	31,64	27,04	1448,54
1047	28.08.2025 13:38:26	0,65	6,69	31,64	27,04	1448,54
1048	28.08.2025 13:38:27	0,65	6,64	31,64	27,04	1448,53
1049	28.08.2025 13:38:28	0,65	6,62	31,64	27,04	1448,53
1050	28.08.2025 13:38:29	0,65	6,58	31,67	27,07	1448,57
1051	28.08.2025 13:38:30	0,65	6,55	31,67	27,07	1448,56
1052	28.08.2025 13:38:31	0,65	6,51	31,67	27,07	1448,55
1053	28.08.2025 13:38:32	0,65	6,49	31,67	27,07	1448,55
1054	28.08.2025 13:38:33	0,65	6,44	31,67	27,07	1448,54
1055	28.08.2025 13:38:34	0,69	6,41	31,63	27,06	1448,66
1056	28.08.2025 13:38:35	0,69	6,37	31,63	27,06	1448,66
1057	28.08.2025 13:38:36	0,69	6,33	31,63	27,06	1448,65
1058	28.08.2025 13:38:37	0,69	6,30	31,66	27,09	1448,69
1059	28.08.2025 13:38:38	0,69	6,24	31,66	27,09	1448,68
1060	28.08.2025 13:38:39	0,69	6,19	31,63	27,06	1448,63
1061	28.08.2025 13:38:40	0,73	6,16	31,59	27,06	1448,75
1062	28.08.2025 13:38:41	0,73	6,10	31,59	27,06	1448,74
1063	28.08.2025 13:38:42	0,73	6,07	31,56	27,04	1448,69
1064	28.08.2025 13:38:43	0,73	6,03	31,56	27,04	1448,69
1065	28.08.2025 13:38:44	0,73	5,98	31,56	27,04	1448,68
1066	28.08.2025 13:38:45	0,73	5,94	31,56	27,04	1448,67
1067	28.08.2025 13:38:46	0,73	5,91	31,56	27,04	1448,67
1068	28.08.2025 13:38:47	0,73	5,85	31,53	27,01	1448,62
1069	28.08.2025 13:38:48	0,77	5,82	31,49	27,01	1448,74
1070	28.08.2025 13:38:49	0,77	5,77	31,49	27,01	1448,73
1071	28.08.2025 13:38:50	0,77	5,75	31,49	27,01	1448,73
1072	28.08.2025 13:38:51	0,77	5,69	31,49	27,01	1448,72
1073	28.08.2025 13:38:52	0,77	5,66	31,49	27,01	1448,71
1074	28.08.2025 13:38:53	0,77	5,60	31,49	27,01	1448,70
1075	28.08.2025 13:38:54	0,77	5,57	31,49	27,01	1448,70
1076	28.08.2025 13:38:55	0,77	5,53	31,49	27,01	1448,69
1077	28.08.2025 13:38:56	0,77	5,48	31,46	26,99	1448,64
1078	28.08.2025 13:38:57	0,77	5,44	31,46	26,99	1448,64
1079	28.08.2025 13:38:58	0,77	5,39	31,46	26,99	1448,63
1080	28.08.2025 13:38:59	0,77	5,35	31,46	26,99	1448,62
1081	28.08.2025 13:39:00	0,77	5,30	31,46	26,99	1448,61
1082	28.08.2025 13:39:01	0,77	5,25	31,46	26,99	1448,61
1083	28.08.2025 13:39:02	0,77	5,21	31,43	26,96	1448,56
1084	28.08.2025 13:39:03	0,81	5,16	31,42	26,99	1448,72
1085	28.08.2025 13:39:04	0,81	5,12	31,38	26,96	1448,67
1086	28.08.2025 13:39:05	0,81	5,09	31,38	26,96	1448,66
1087	28.08.2025 13:39:06	0,81	5,03	31,38	26,96	1448,66
1088	28.08.2025 13:39:07	0,81	4,98	31,35	26,94	1448,60
1089	28.08.2025 13:39:08	0,81	4,93	31,35	26,94	1448,60
1090	28.08.2025 13:39:09	0,81	4,89	31,35	26,94	1448,59
1091	28.08.2025 13:39:10	0,81	4,84	31,35	26,94	1448,58
1092	28.08.2025 13:39:11	0,81	4,78	31,35	26,94	1448,57
1093	28.08.2025 13:39:12	0,81	4,73	31,35	26,94	1448,57
1094	28.08.2025 13:39:13	0,81	4,69	31,35	26,94	1448,56
1095	28.08.2025 13:39:14	0,81	4,66	31,35	26,94	1448,55
1096	28.08.2025 13:39:15	0,81	4,62	31,35	26,94	1448,55
1097	28.08.2025 13:39:16	0,81	4,57	31,36	26,94	1448,54
1098	28.08.2025 13:39:17	0,81	4,51	31,32	26,91	1448,49
1099	28.08.2025 13:39:18	0,81	4,48	31,32	26,91	1448,48
1100	28.08.2025 13:39:19	0,81	4,44	31,36	26,94	1448,52
1101	28.08.2025 13:39:20	0,81	4,37	31,36	26,94	1448,51
1102	28.08.2025 13:39:21	0,85	4,35	31,31	26,93	1448,63
1103	28.08.2025 13:39:22	0,85	4,28	31,32	26,93	1448,62
1104	28.08.2025 13:39:23	0,85	4,23	31,32	26,93	1448,61
1105	28.08.2025 13:39:24	0,85	4,14	31,32	26,93	1448,60
1106	28.08.2025 13:39:25	0,85	4,07	31,35	26,96	1448,63
1107	28.08.2025 13:39:26	0,85	4,00	31,51	27,08	1448,83
1108	28.08.2025 13:39:27	0,93	3,89	31,46	27,11	1449,11
1109	28.08.2025 13:39:28	0,97	3,84	31,45	27,13	1449,27
1110	28.08.2025 13:39:29	1,01	3,76	31,53	27,23	1449,55
1111	28.08.2025 13:39:30	1,01	3,67	31,63	27,30	1449,66
1112	28.08.2025 13:39:31	1,09	3,60	31,58	27,33	1449,94
1113	28.08.2025 13:39:32	1,13	3,51	31,57	27,35	1450,09
1114	28.08.2025 13:39:33	1,17	3,45	31,62	27,42	1450,33
1115	28.08.2025 13:39:34	1,21	3,38	31,62	27,45	1450,48
1116	28.08.2025 13:39:35	1,29	3,33	31,66	27,55	1450,89
1117	28.08.2025 13:39:36	1,33	3,26	31,68	27,59	1451,08
1118	28.08.2025 13:39:37	1,40	3,19	31,85	27,79	1451,65
1119	28.08.2025 13:39:38	1,52	3,15	32,14	28,11	1452,54
1120	28.08.2025 13:39:39	1,68	3,07	32,31	28,38	1453,46
1121	28.08.2025 13:39:40	1,91	3,00	32,07	28,38	1454,16
1122	28.08.2025 13:39:41	2,07	2,92	31,94	28,40	1454,66
1123	28.08.2025 13:39:42	2,18	2,86	31,82	28,40	1455,00
1124	28.08.2025 13:39:43	2,26	2,81	31,77	28,42	1455,27
1125	28.08.2025 13:39:44	2,33	2,74	31,70	28,42	1455,49
1126	28.08.2025 13:39:45	2,41	2,70	31,65	28,44	1455,76
1127	28.08.2025 13:39:46	2,45	2,68	32,07	28,81	1456,47
1128	28.08.2025 13:39:47	2,60	2,64	32,12	28,98	1457,20
1129	28.08.2025 13:39:48	2,79	2,60	32,20	29,20	1458,12
1130	28.08.2025 13:39:49	2,94	2,50	32,13	29,27	1458,67
1131	28.08.2025 13:39:50	3,10	2,48	32,19	29,44	1459,40
1132	28.08.2025 13:39:51	3,25	2,43	32,25	29,61	1460,11
1133	28.08.2025 13:39:52	3,40	2,39	32,33	29,81	1460,85
1134	28.08.2025 13:39:53	3,58	2,33	32,20	29,86	1461,47
1135	28.08.2025 13:39:54	3,73	2,27	32,11	29,90	1461,98
1136	28.08.2025 13:39:55	3,84	2,23	32,09	29,98	1462,41
1137	28.08.2025 13:39:56	3,95	2,20	32,07	30,05	1462,84
1138	28.08.2025 13:39:57	4,06	2,15	32,02	30,10	1463,24
1139	28.08.2025 13:39:58	4,14	2,10	31,97	30,12	1463,48
1140	28.08.2025 13:39:59	4,21	2,07	31,93	30,15	1463,73
1141	28.08.2025 13:40:00	4,29	2,04	31,86	30,15	1463,94
1142	28.08.2025 13:40:01	4,36	2,03	31,84	30,20	1464,23
1143	28.08.2025 13:40:02	4,43	2,00	31,80	30,22	1464,47
1144	28.08.2025 13:40:03	4,51	2,01	31,79	30,27	1464,76
1145	28.08.2025 13:40:04	4,58	1,98	31,89	30,42	1465,19
1146	28.08.2025 13:40:05	4,65	1,94	31,96	30,54	1465,58
1147	28.08.2025 13:40:06	4,76	1,93	32,08	30,74	1466,19
1148	28.08.2025 13:40:07	4,91	1,91	32,06	30,83	1466,74
1149	28.08.2025 13:40:08	5,01	1,88	31,92	30,81	1467,02
1150	28.08.2025 13:40:09	5,12	1,87	31,88	30,86	1467,40
1151	28.08.2025 13:40:10	5,23	1,86	32,00	31,05	1467,99
1152	28.08.2025 13:40:11	5,34	1,85	31,89	31,05	1468,30
1153	28.08.2025 13:40:12	5,45	1,84	31,79	31,05	1468,61
1154	28.08.2025 13:40:13	5,52	1,83	31,84	31,15	1468,95
1155	28.08.2025 13:40:14	5,62	1,82	31,93	31,32	1469,50
1156	28.08.2025 13:40:15	5,73	1,81	32,13	31,59	1470,19
1157	28.08.2025 13:40:16	5,87	1,80	32,55	32,09	1471,30
1158	28.08.2025 13:40:17	6,09	1,78	32,64	32,35	1472,27
1159	28.08.2025 13:40:18	6,33	1,78	33,23	33,09	1474,00
1160	28.08.2025 13:40:19	6,65	1,73	33,73	33,83	1475,88
1161	28.08.2025 13:40:20	7,07	1,69	33,92	34,37	1477,74
1162	28.08.2025 13:40:21	7,51	1,63	33,73	34,59	1479,22
1163	28.08.2025 13:40:22	7,93	1,57	33,47	34,72	1480,46
1164	28.08.2025 13:40:23	8,27	1,54	33,54	35,09	1481,83
1165	28.08.2025 13:40:24	8,60	1,47	33,36	35,22	1482,87
1166	28.08.2025 13:40:25	8,94	1,39	33,15	35,32	1483,85
1167	28.08.2025 13:40:26	9,21	1,36	33,08	35,50	1484,75
1168	28.08.2025 13:40:27	9,47	1,32	33,07	35,73	1485,71
1169	28.08.2025 13:40:28	9,74	1,29	32,83	35,73	1486,38
1170	28.08.2025 13:40:29	10,00	1,22	32,62	35,76	1487,07
1171	28.08.2025 13:40:30	10,23	1,20	32,40	35,74	1487,62
1172	28.08.2025 13:40:31	10,43	1,16	32,23	35,75	1488,10
1173	28.08.2025 13:40:32	10,59	1,13	32,06	35,73	1488,48
1174	28.08.2025 13:40:33	10,75	1,13	32,12	35,93	1489,13
1175	28.08.2025 13:40:34	10,95	1,09	32,00	35,98	1489,67
1176	28.08.2025 13:40:35	11,14	1,05	31,89	36,03	1490,21
1177	28.08.2025 13:40:36	11,27	1,04	31,87	36,14	1490,65
1178	28.08.2025 13:40:37	11,46	1,00	31,76	36,19	1491,18
1179	28.08.2025 13:40:38	11,59	0,97	31,68	36,22	1491,53
1180	28.08.2025 13:40:39	11,75	0,95	31,64	36,32	1492,03
1181	28.08.2025 13:40:40	11,88	0,94	31,63	36,42	1492,47
1182	28.08.2025 13:40:41	12,01	0,91	31,64	36,55	1492,92
1183	28.08.2025 13:40:42	12,17	0,90	31,61	36,65	1493,42
1184	28.08.2025 13:40:43	12,30	0,88	31,55	36,70	1493,78
1185	28.08.2025 13:40:44	12,45	0,85	31,51	36,80	1494,28
1186	28.08.2025 13:40:45	12,58	0,84	31,41	36,81	1494,59
1187	28.08.2025 13:40:46	12,71	0,82	31,26	36,76	1494,83
1188	28.08.2025 13:40:47	12,80	0,79	31,16	36,74	1495,03
1189	28.08.2025 13:40:48	12,87	0,76	31,09	36,72	1495,15
1190	28.08.2025 13:40:49	12,96	0,76	30,99	36,69	1495,35
1191	28.08.2025 13:40:50	13,02	0,71	30,92	36,67	1495,47
1192	28.08.2025 13:40:51	13,12	0,72	30,89	36,72	1495,75
1193	28.08.2025 13:40:52	13,18	0,69	30,80	36,68	1495,85
1194	28.08.2025 13:40:53	13,24	0,67	30,63	36,56	1495,86
1195	28.08.2025 13:40:54	13,31	0,64	30,52	36,48	1495,92
1196	28.08.2025 13:40:55	13,34	0,63	30,45	36,44	1495,94
1197	28.08.2025 13:40:56	13,40	0,61	30,35	36,39	1496,04
1198	28.08.2025 13:40:57	13,46	0,60	30,12	36,19	1495,97
1199	28.08.2025 13:40:58	13,49	0,58	30,05	36,15	1495,99
1200	28.08.2025 13:40:59	13,56	0,55	29,98	36,12	1496,11
1201	28.08.2025 13:41:00	13,59	0,54	29,94	36,10	1496,15
1202	28.08.2025 13:41:01	13,65	0,52	29,89	36,10	1496,30
1203	28.08.2025 13:41:02	13,68	0,51	29,87	36,10	1496,38
1204	28.08.2025 13:41:03	13,74	0,51	29,98	36,28	1496,72
1205	28.08.2025 13:41:04	13,81	0,52	29,86	36,20	1496,79
1206	28.08.2025 13:41:05	13,93	0,46	29,79	36,23	1497,10
1207	28.08.2025 13:41:06	14,09	0,44	29,70	36,26	1497,50
1208	28.08.2025 13:41:07	14,18	0,41	29,70	36,34	1497,80
1209	28.08.2025 13:41:08	14,21	0,41	29,65	36,31	1497,85
1210	28.08.2025 13:41:09	14,24	0,39	29,63	36,31	1497,92
1211	28.08.2025 13:41:10	14,27	0,39	29,61	36,32	1497,99
1212	28.08.2025 13:41:11	14,30	0,35	29,52	36,24	1497,98
1213	28.08.2025 13:41:12	14,37	0,35	29,43	36,20	1498,08
1214	28.08.2025 13:41:13	14,40	0,32	29,36	36,15	1498,09
1215	28.08.2025 13:41:14	14,46	0,32	29,36	36,20	1498,29
1216	28.08.2025 13:41:15	14,55	0,32	29,36	36,27	1498,59
1217	28.08.2025 13:41:16	14,64	0,30	29,29	36,28	1498,81
1218	28.08.2025 13:41:17	14,71	0,28	29,18	36,20	1498,88
1219	28.08.2025 13:41:18	14,77	0,28	29,18	36,26	1499,08
1220	28.08.2025 13:41:19	14,83	0,25	29,16	36,28	1499,24
1221	28.08.2025 13:41:20	14,86	0,21	29,11	36,26	1499,29
1222	28.08.2025 13:41:21	14,92	0,21	29,09	36,28	1499,46
1223	28.08.2025 13:41:22	14,95	0,21	29,07	36,29	1499,53
1224	28.08.2025 13:41:23	14,98	0,19	29,07	36,31	1499,63
1225	28.08.2025 13:41:24	15,04	0,17	29,00	36,29	1499,75
1226	28.08.2025 13:41:25	15,07	0,16	28,98	36,29	1499,81
1227	28.08.2025 13:41:26	15,11	0,14	28,98	36,31	1499,91
1228	28.08.2025 13:41:27	15,17	0,14	28,94	36,32	1500,06
1229	28.08.2025 13:41:28	15,20	0,12	28,89	36,29	1500,10
1230	28.08.2025 13:41:29	15,23	0,12	28,87	36,29	1500,17
1231	28.08.2025 13:41:30	15,26	0,06	28,83	36,27	1500,21
1232	28.08.2025 13:41:31	15,29	0,06	28,83	36,30	1500,31
1233	28.08.2025 13:41:32	15,32	0,05	28,83	36,32	1500,40
1234	28.08.2025 13:41:33	15,35	0,03	28,81	36,32	1500,47
1235	28.08.2025 13:41:34	15,38	0,01	28,76	36,30	1500,52
1236	28.08.2025 13:41:35	15,41	-0,01	28,76	36,32	1500,61
1237	28.08.2025 13:41:36	15,44	0,01	28,74	36,32	1500,69
1238	28.08.2025 13:41:37	15,47	-0,03	28,72	36,33	1500,75
1239	28.08.2025 13:41:38	15,50	-0,04	28,70	36,33	1500,82
1240	28.08.2025 13:41:39	15,53	-0,03	28,68	36,33	1500,90
1241	28.08.2025 13:41:40	15,53	-0,06	28,68	36,33	1500,89
1242	28.08.2025 13:41:41	15,56	-0,08	28,65	36,33	1500,96
1243	28.08.2025 13:41:42	15,60	-0,10	28,63	36,33	1501,03
1244	28.08.2025 13:41:43	15,63	-0,12	28,61	36,33	1501,10
1245	28.08.2025 13:41:44	15,66	-0,08	28,61	36,36	1501,20
1246	28.08.2025 13:41:45	15,69	-0,12	28,57	36,33	1501,24
1247	28.08.2025 13:41:46	15,69	-0,12	28,59	36,36	1501,27
1248	28.08.2025 13:41:47	15,72	-0,12	28,55	36,33	1501,31
1249	28.08.2025 13:41:48	15,75	-0,12	28,55	36,36	1501,41
1250	28.08.2025 13:41:49	15,75	-0,12	28,55	36,36	1501,41
1251	28.08.2025 13:41:50	15,78	-0,12	28,51	36,33	1501,46
1252	28.08.2025 13:41:51	15,78	-0,12	28,51	36,33	1501,46
1253	28.08.2025 13:41:52	15,81	-0,13	28,48	36,33	1501,52
1254	28.08.2025 13:41:53	15,81	-0,12	28,48	36,33	1501,53
1255	28.08.2025 13:41:54	15,84	-0,12	28,46	36,34	1501,60
1256	28.08.2025 13:41:55	15,84	-0,12	28,48	36,36	1501,62
1257	28.08.2025 13:41:56	15,87	-0,13	28,44	36,34	1501,67
1258	28.08.2025 13:41:57	15,87	-0,12	28,46	36,36	1501,69
1259	28.08.2025 13:41:58	15,90	-0,12	28,42	36,34	1501,74
1260	28.08.2025 13:41:59	15,90	-0,12	28,42	36,34	1501,74
1261	28.08.2025 13:42:00	15,93	-0,10	28,40	36,34	1501,81
1262	28.08.2025 13:42:01	15,93	-0,10	28,42	36,36	1501,84
1263	28.08.2025 13:42:02	15,96	-0,10	28,38	36,34	1501,89
1264	28.08.2025 13:42:03	15,96	-0,10	28,38	36,34	1501,89
1265	28.08.2025 13:42:04	15,96	-0,10	28,38	36,34	1501,89
1266	28.08.2025 13:42:05	15,99	-0,12	28,36	36,34	1501,95
1267	28.08.2025 13:42:06	15,99	-0,10	28,36	36,34	1501,96
1268	28.08.2025 13:42:07	16,02	-0,10	28,34	36,34	1502,03
1269	28.08.2025 13:42:08	16,02	-0,08	28,36	36,37	1502,06
1270	28.08.2025 13:42:09	16,02	-0,10	28,34	36,34	1502,03
1271	28.08.2025 13:42:10	16,05	-0,12	28,32	36,34	1502,10
1272	28.08.2025 13:42:11	16,05	-0,10	28,34	36,37	1502,12
1273	28.08.2025 13:42:12	16,05	-0,12	28,34	36,37	1502,12
1274	28.08.2025 13:42:13	16,08	-0,13	28,17	36,20	1502,01
1275	28.08.2025 13:42:14	16,08	-0,12	27,83	35,80	1501,62
1276	28.08.2025 13:42:15	16,08	-0,12	10,52	14,73	1481,28
1277	28.08.2025 13:42:16	16,08	-0,12	28,10	36,12	1501,94
1278	28.08.2025 13:42:17	16,11	-0,12	28,27	36,34	1502,24
1279	28.08.2025 13:42:18	16,11	-0,10	28,30	36,37	1502,27
1280	28.08.2025 13:42:19	16,11	-0,13	26,65	34,45	1500,32
1281	28.08.2025 13:42:20	16,14	-0,12	28,17	36,25	1502,21
1282	28.08.2025 13:42:21	16,14	-0,10	28,25	36,34	1502,31
1283	28.08.2025 13:42:22	16,14	-0,10	28,25	36,34	1502,31
1284	28.08.2025 13:42:23	16,14	-0,10	15,71	21,31	1487,58
1285	28.08.2025 13:42:24	16,17	-0,10	15,72	21,34	1487,69
1286	28.08.2025 13:42:25	16,17	-0,10	15,86	21,52	1487,85
1287	28.08.2025 13:42:26	16,17	-0,10	15,88	21,54	1487,88
1288	28.08.2025 13:42:27	16,17	-0,12	28,21	36,32	1502,35
1289	28.08.2025 13:42:28	16,20	-0,10	28,21	36,35	1502,45
1290	28.08.2025 13:42:29	16,20	-0,10	28,19	36,32	1502,43
1291	28.08.2025 13:42:30	16,20	-0,10	7,38	10,64	1478,00
1292	28.08.2025 13:42:31	16,20	-0,10	5,48	8,07	1475,77
1293	28.08.2025 13:42:32	16,20	-0,10	4,30	6,43	1474,38
1294	28.08.2025 13:42:33	16,20	-0,10	4,79	7,12	1474,96
1295	28.08.2025 13:42:34	16,20	-0,10	2,81	4,31	1472,63
1296	28.08.2025 13:42:35	16,20	-0,10	2,93	4,50	1472,78
1297	28.08.2025 13:42:36	16,20	-0,10	2,97	4,55	1472,82
1298	28.08.2025 13:42:37	16,20	-0,12	3,38	5,13	1473,30
1299	28.08.2025 13:42:38	16,20	-0,10	3,51	5,32	1473,45
1300	28.08.2025 13:42:39	16,20	-0,10	3,64	5,50	1473,60
1301	28.08.2025 13:42:40	16,20	-0,08	3,86	5,82	1473,87
1302	28.08.2025 13:42:41	16,20	-0,08	3,66	5,53	1473,63
1303	28.08.2025 13:42:42	16,20	-0,10	3,77	5,69	1473,76
1304	28.08.2025 13:42:43	16,17	-0,10	3,92	5,90	1473,84
1305	28.08.2025 13:42:44	16,17	-0,08	2,14	3,34	1471,74
1306	28.08.2025 13:42:45	16,17	-0,08	3,92	5,90	1473,84
1307	28.08.2025 13:42:46	16,17	-0,10	3,88	5,85	1473,79
1308	28.08.2025 13:42:47	16,17	-0,08	4,05	6,08	1473,99
1309	28.08.2025 13:42:48	16,14	-0,10	3,94	5,92	1473,76
1310	28.08.2025 13:42:49	16,14	-0,10	4,08	6,11	1473,91
1311	28.08.2025 13:42:50	16,14	-0,08	3,91	5,87	1473,72
1312	28.08.2025 13:42:51	16,14	-0,08	3,59	5,42	1473,34
1313	28.08.2025 13:42:52	16,14	-0,08	3,79	5,71	1473,58
1314	28.08.2025 13:42:53	16,11	-0,10	1,66	2,63	1470,98
1315	28.08.2025 13:42:54	16,11	-0,10	4,04	6,06	1473,77
1316	28.08.2025 13:42:55	16,11	-0,12	2,98	4,55	1472,52
1317	28.08.2025 13:42:56	16,11	-0,10	3,33	5,05	1472,93
1318	28.08.2025 13:42:57	16,11	-0,12	4,00	6,00	1473,72
1319	28.08.2025 13:42:58	16,11	-0,10	4,17	6,24	1473,93
1320	28.08.2025 13:42:59	16,11	-0,10	4,19	6,27	1473,95
1321	28.08.2025 13:43:00	16,11	-0,10	3,38	5,13	1473,00
1322	28.08.2025 13:43:01	16,11	-0,08	0,59	0,98	1469,72
1323	28.08.2025 13:43:02	16,08	-0,10	0,48	0,79	1469,48
1324	28.08.2025 13:43:03	16,08	-0,10	2,05	3,20	1471,33
1325	28.08.2025 13:43:04	16,08	-0,10	0,46	0,77	1469,46
1326	28.08.2025 13:43:05	16,08	-0,10	0,77	1,27	1469,83
1327	28.08.2025 13:43:06	16,08	-0,08	2,18	3,39	1471,48
1328	28.08.2025 13:43:07	16,08	-0,10	1,19	1,92	1470,32
1329	28.08.2025 13:43:08	16,05	-0,10	1,16	1,87	1470,18
1330	28.08.2025 13:43:09	16,05	-0,08	1,13	1,81	1470,14
1331	28.08.2025 13:43:10	16,05	-0,08	1,09	1,76	1470,10
1332	28.08.2025 13:43:11	16,05	-0,08	1,09	1,76	1470,10
1333	28.08.2025 13:43:12	16,05	-0,10	1,11	1,79	1470,12
1334	28.08.2025 13:43:13	16,05	-0,08	1,11	1,79	1470,12
1335	28.08.2025 13:43:14	16,05	-0,08	1,11	1,79	1470,12
1336	28.08.2025 13:43:15	16,05	-0,08	1,11	1,79	1470,12
1337	28.08.2025 13:43:16	16,02	-0,08	1,09	1,76	1470,00
1338	28.08.2025 13:43:17	16,02	-0,08	1,11	1,79	1470,02
1339	28.08.2025 13:43:18	16,02	-0,10	1,11	1,79	1470,02
1340	28.08.2025 13:43:19	16,02	-0,08	1,11	1,79	1470,02
1341	28.08.2025 13:43:20	16,02	-0,08	1,11	1,79	1470,02
1342	28.08.2025 13:43:21	16,02	-0,06	1,09	1,76	1470,00
1343	28.08.2025 13:43:22	16,02	-0,08	1,09	1,76	1470,00
1344	28.08.2025 13:43:23	16,02	-0,08	1,09	1,76	1470,00
1345	28.08.2025 13:43:24	15,99	-0,08	1,09	1,76	1469,90
1346	28.08.2025 13:43:25	15,99	-0,08	1,09	1,76	1469,90
1347	28.08.2025 13:43:26	15,99	-0,08	1,09	1,76	1469,90
1348	28.08.2025 13:43:27	15,99	-0,08	1,09	1,76	1469,90
1349	28.08.2025 13:43:28	15,99	-0,08	1,09	1,76	1469,90
1350	28.08.2025 13:43:29	15,99	-0,08	1,09	1,76	1469,90
1351	28.08.2025 13:43:30	15,99	-0,08	1,09	1,76	1469,90
1352	28.08.2025 13:43:31	15,99	-0,10	1,09	1,76	1469,89
1353	28.08.2025 13:43:32	15,99	-0,08	1,08	1,74	1469,88
1354	28.08.2025 13:43:33	15,96	-0,08	1,10	1,76	1469,79
1355	28.08.2025 13:43:34	15,96	-0,08	1,10	1,76	1469,79
1356	28.08.2025 13:43:35	15,96	-0,06	1,10	1,76	1469,80
1357	28.08.2025 13:43:36	15,96	-0,06	1,08	1,74	1469,78
1358	28.08.2025 13:43:37	15,96	-0,08	1,10	1,76	1469,79
1359	28.08.2025 13:43:38	15,96	-0,06	1,10	1,76	1469,80
1360	28.08.2025 13:43:39	15,96	-0,08	1,10	1,76	1469,79
1361	28.08.2025 13:43:40	15,93	-0,08	1,08	1,74	1469,67
1362	28.08.2025 13:43:41	15,93	-0,06	1,10	1,76	1469,69
1363	28.08.2025 13:43:42	15,93	-0,08	1,10	1,76	1469,69
1364	28.08.2025 13:43:43	15,93	-0,08	1,10	1,76	1469,69
1365	28.08.2025 13:43:44	15,93	-0,08	1,08	1,74	1469,67
1366	28.08.2025 13:43:45	15,93	-0,08	0,25	0,43	1468,69
1367	28.08.2025 13:43:46	15,93	-0,08	0,20	0,35	1468,64
1368	28.08.2025 13:43:47	15,93	-0,06	0,20	0,35	1468,64
1369	28.08.2025 13:43:48	15,93	-0,06	0,19	0,32	1468,62
1370	28.08.2025 13:43:49	15,90	-0,08	0,19	0,32	1468,52
1371	28.08.2025 13:43:50	15,90	-0,06	0,19	0,32	1468,52
1372	28.08.2025 13:43:51	15,90	-0,08	0,17	0,30	1468,50
1373	28.08.2025 13:43:52	15,90	-0,08	0,17	0,30	1468,50
1374	28.08.2025 13:43:53	15,90	-0,06	0,17	0,30	1468,50
1375	28.08.2025 13:43:54	15,90	-0,08	0,17	0,30	1468,50
1376	28.08.2025 13:43:55	15,90	-0,08	0,17	0,30	1468,50
1377	28.08.2025 13:43:56	15,90	-0,06	0,17	0,30	1468,50
1378	28.08.2025 13:43:57	15,90	-0,08	0,17	0,30	1468,50
1379	28.08.2025 13:43:58	15,90	-0,08	0,17	0,30	1468,50
1380	28.08.2025 13:43:59	15,90	-0,08	0,16	0,27	1468,48
1381	28.08.2025 13:44:00	15,90	-0,08	0,16	0,27	1468,48
1382	28.08.2025 13:44:01	15,87	-0,10	0,17	0,30	1468,39
1383	28.08.2025 13:44:02	15,87	-0,10	0,16	0,27	1468,37
1384	28.08.2025 13:44:03	15,87	-0,10	0,16	0,27	1468,37
1385	28.08.2025 13:44:04	15,87	-0,08	0,16	0,27	1468,38
1386	28.08.2025 13:44:05	15,87	-0,08	0,16	0,27	1468,38
1387	28.08.2025 13:44:06	15,87	-0,10	0,16	0,27	1468,37
1388	28.08.2025 13:44:07	15,87	-0,10	0,16	0,27	1468,37
1389	28.08.2025 13:44:08	15,87	-0,10	0,89	1,45	1469,24
1390	28.08.2025 13:44:09	15,87	-0,10	0,93	1,50	1469,28
1391	28.08.2025 13:44:10	15,87	-0,08	1,05	1,68	1469,42
1392	28.08.2025 13:44:11	15,87	-0,10	0,84	1,37	1469,18
1393	28.08.2025 13:44:12	15,84	-0,10	0,79	1,29	1469,02
1394	28.08.2025 13:44:13	15,84	-0,08	0,51	0,85	1468,69
1395	28.08.2025 13:44:14	15,84	-0,10	0,73	1,19	1468,94
1396	28.08.2025 13:44:15	15,84	-0,08	0,71	1,16	1468,92
1397	28.08.2025 13:44:16	15,84	-0,10	0,61	1,00	1468,80
1398	28.08.2025 13:44:17	15,84	-0,10	1,08	1,74	1469,36
1399	28.08.2025 13:44:18	15,84	-0,10	0,79	1,29	1469,02
1400	28.08.2025 13:44:19	15,84	-0,10	1,10	1,76	1469,38
1401	28.08.2025 13:44:20	15,84	-0,10	1,08	1,74	1469,36
1402	28.08.2025 13:44:21	15,84	-0,10	1,10	1,76	1469,38
1403	28.08.2025 13:44:22	15,84	-0,10	1,01	1,63	1469,28
1404	28.08.2025 13:44:23	15,81	-0,10	1,05	1,68	1469,21
1405	28.08.2025 13:44:24	15,81	-0,10	1,10	1,76	1469,27
1406	28.08.2025 13:44:25	15,81	-0,08	1,08	1,74	1469,25
1407	28.08.2025 13:44:26	15,81	-0,10	0,86	1,40	1468,99
1408	28.08.2025 13:44:27	15,81	-0,10	0,56	0,93	1468,64
1409	28.08.2025 13:44:28	15,81	-0,08	0,75	1,21	1468,86
1410	28.08.2025 13:44:29	15,81	-0,08	0,75	1,21	1468,86
1411	28.08.2025 13:44:30	15,81	-0,10	0,81	1,32	1468,93
1412	28.08.2025 13:44:31	15,81	-0,08	0,98	1,58	1469,13
1413	28.08.2025 13:44:32	15,81	-0,10	0,88	1,42	1469,01
1414	28.08.2025 13:44:33	15,81	-0,10	1,05	1,68	1469,21
1415	28.08.2025 13:44:34	15,81	-0,10	1,08	1,74	1469,25
1416	28.08.2025 13:44:35	15,81	-0,08	1,03	1,66	1469,19
1417	28.08.2025 13:44:36	15,81	-0,08	1,03	1,66	1469,19
1418	28.08.2025 13:44:37	15,81	-0,10	0,83	1,34	1468,95
1419	28.08.2025 13:44:38	15,81	-0,08	0,75	1,21	1468,86
1420	28.08.2025 13:44:39	15,81	-0,08	0,91	1,48	1469,05
1421	28.08.2025 13:44:40	15,81	-0,10	0,80	1,29	1468,91
1422	28.08.2025 13:44:41	15,81	-0,10	0,90	1,45	1469,03
1423	28.08.2025 13:44:42	15,81	-0,08	0,81	1,32	1468,94
1424	28.08.2025 13:44:43	15,81	-0,08	0,33	0,56	1468,37
1425	28.08.2025 13:44:44	15,81	-0,10	0,36	0,61	1468,41
1426	28.08.2025 13:44:45	15,81	-0,08	0,36	0,61	1468,41
1427	28.08.2025 13:44:46	15,81	-0,08	0,30	0,51	1468,33
1428	28.08.2025 13:44:47	15,81	-0,06	0,28	0,48	1468,32
1429	28.08.2025 13:44:48	15,81	-0,08	0,28	0,48	1468,31
1430	28.08.2025 13:44:49	15,81	-0,06	0,27	0,45	1468,30
1431	28.08.2025 13:44:50	15,81	-0,08	0,25	0,43	1468,28
1432	28.08.2025 13:44:51	15,81	-0,08	0,25	0,43	1468,28
1433	28.08.2025 13:44:52	15,81	-0,08	0,25	0,43	1468,28
1434	28.08.2025 13:44:53	15,81	-0,08	0,24	0,40	1468,26
1435	28.08.2025 13:44:54	15,81	-0,08	0,24	0,40	1468,26
1436	28.08.2025 13:44:55	15,81	-0,08	0,24	0,40	1468,26
1437	28.08.2025 13:44:56	15,78	-0,08	0,22	0,37	1468,13
1438	28.08.2025 13:44:57	15,78	-0,08	0,24	0,40	1468,15
1439	28.08.2025 13:44:58	15,81	-0,06	0,22	0,37	1468,24
1440	28.08.2025 13:44:59	15,78	-0,08	0,24	0,40	1468,15
1441	28.08.2025 13:45:00	15,78	-0,08	0,24	0,40	1468,15
1442	28.08.2025 13:45:01	15,78	-0,08	0,22	0,37	1468,13
1443	28.08.2025 13:45:02	15,78	-0,08	0,22	0,37	1468,13
1444	28.08.2025 13:45:03	15,78	-0,08	0,24	0,40	1468,15
1445	28.08.2025 13:45:04	15,78	-0,06	0,22	0,37	1468,14
1446	28.08.2025 13:45:05	15,78	-0,08	0,22	0,37	1468,13
1447	28.08.2025 13:45:06	15,78	-0,06	0,24	0,40	1468,16
1448	28.08.2025 13:45:07	15,78	-0,08	0,24	0,40	1468,15
1449	28.08.2025 13:45:08	15,78	-0,08	0,24	0,40	1468,15
1450	28.08.2025 13:45:09	15,78	-0,06	0,22	0,37	1468,14
1451	28.08.2025 13:45:10	15,78	-0,08	0,22	0,37	1468,13
1452	28.08.2025 13:45:11	15,78	-0,08	0,22	0,37	1468,13
1453	28.08.2025 13:45:12	15,78	-0,06	0,24	0,40	1468,16
1454	28.08.2025 13:45:13	15,78	-0,08	0,22	0,37	1468,13
1455	28.08.2025 13:45:14	15,78	-0,08	0,24	0,40	1468,15
1456	28.08.2025 13:45:15	15,78	-0,10	0,24	0,40	1468,15
1457	28.08.2025 13:45:16	15,78	-0,08	0,24	0,40	1468,15
1458	28.08.2025 13:45:17	15,78	-0,08	0,22	0,37	1468,13
1459	28.08.2025 13:45:18	15,78	-0,06	0,22	0,37	1468,14
1460	28.08.2025 13:45:19	15,78	-0,06	0,24	0,40	1468,16
1461	28.08.2025 13:45:20	15,78	-0,08	0,24	0,40	1468,15
1462	28.08.2025 13:45:21	15,78	-0,08	0,24	0,40	1468,15
1463	28.08.2025 13:45:22	15,78	-0,08	0,24	0,40	1468,15
1464	28.08.2025 13:45:23	15,78	-0,08	0,22	0,37	1468,13
1465	28.08.2025 13:45:24	15,78	-0,06	0,22	0,37	1468,14
1466	28.08.2025 13:45:25	15,78	-0,06	0,20	0,35	1468,12
1467	28.08.2025 13:45:26	15,78	-0,08	0,20	0,35	1468,12
1468	28.08.2025 13:45:27	15,78	-0,08	0,20	0,35	1468,12
1469	28.08.2025 13:45:28	15,78	-0,08	0,22	0,37	1468,13
1470	28.08.2025 13:45:29	15,78	-0,08	0,20	0,35	1468,12
1471	28.08.2025 13:45:30	15,78	-0,08	0,22	0,37	1468,13
1472	28.08.2025 13:45:31	15,78	-0,06	0,22	0,37	1468,14
1473	28.08.2025 13:45:32	15,78	-0,08	0,20	0,35	1468,12
1474	28.08.2025 13:45:33	15,78	-0,08	0,22	0,37	1468,13
1475	28.08.2025 13:45:34	15,78	-0,08	0,20	0,35	1468,12
1476	28.08.2025 13:45:35	15,78	-0,08	0,20	0,35	1468,12
1477	28.08.2025 13:45:36	15,78	-0,06	0,20	0,35	1468,12
1478	28.08.2025 13:45:37	15,78	-0,06	0,20	0,35	1468,12
1479	28.08.2025 13:45:38	15,78	-0,06	0,20	0,35	1468,12
1480	28.08.2025 13:45:39	15,78	-0,08	0,22	0,37	1468,13
1481	28.08.2025 13:45:40	15,78	-0,08	0,22	0,37	1468,13
1482	28.08.2025 13:45:41	15,78	-0,06	0,22	0,37	1468,14
1483	28.08.2025 13:45:42	15,78	-0,06	0,22	0,37	1468,14
1484	28.08.2025 13:45:43	15,78	-0,06	0,22	0,37	1468,14
1485	28.08.2025 13:45:44	15,75	-0,08	0,21	0,35	1468,01
1486	28.08.2025 13:45:45	15,78	-0,06	0,20	0,35	1468,12
1487	28.08.2025 13:45:46	15,78	-0,08	0,22	0,37	1468,13
1488	28.08.2025 13:45:47	15,78	-0,06	0,22	0,37	1468,14
1489	28.08.2025 13:45:48	15,75	-0,06	0,22	0,37	1468,03
1490	28.08.2025 13:45:49	15,75	-0,08	0,22	0,37	1468,03
1491	28.08.2025 13:45:50	15,78	-0,08	0,20	0,35	1468,12
1492	28.08.2025 13:45:51	15,75	-0,08	0,22	0,37	1468,03
1493	28.08.2025 13:45:52	15,78	-0,08	0,20	0,35	1468,12
1494	28.08.2025 13:45:53	15,78	-0,08	0,22	0,37	1468,13
1495	28.08.2025 13:45:54	15,78	-0,08	0,22	0,37	1468,13
1496	28.08.2025 13:45:55	15,78	-0,08	0,22	0,37	1468,13
1497	28.08.2025 13:45:56	15,75	-0,06	0,22	0,37	1468,03
1498	28.08.2025 13:45:57	15,75	-0,08	0,24	0,40	1468,05
1499	28.08.2025 13:45:58	15,78	-0,06	0,22	0,37	1468,14
1500	28.08.2025 13:45:59	15,78	-0,06	0,22	0,37	1468,14
1501	28.08.2025 13:46:00	15,78	-0,08	0,20	0,35	1468,12
1502	28.08.2025 13:46:01	15,78	-0,06	0,22	0,37	1468,14
1503	28.08.2025 13:46:02	15,78	-0,08	0,22	0,37	1468,13
1504	28.08.2025 13:46:03	15,78	-0,08	0,22	0,37	1468,13
1505	28.08.2025 13:46:04	15,78	-0,08	0,20	0,35	1468,12
1506	28.08.2025 13:46:05	15,78	-0,08	0,22	0,37	1468,13
1507	28.08.2025 13:46:06	15,78	-0,08	0,20	0,35	1468,12
1508	28.08.2025 13:46:07	15,78	-0,08	0,22	0,37	1468,13
1509	28.08.2025 13:46:08	15,78	-0,06	0,20	0,35	1468,12
1510	28.08.2025 13:46:09	15,78	-0,08	0,22	0,37	1468,13
1511	28.08.2025 13:46:10	15,78	-0,10	0,20	0,35	1468,11
1512	28.08.2025 13:46:11	15,78	-0,06	0,22	0,37	1468,14
1513	28.08.2025 13:46:12	15,78	-0,08	0,20	0,35	1468,12
1514	28.08.2025 13:46:13	15,78	-0,08	0,22	0,37	1468,13
1515	28.08.2025 13:46:14	15,78	-0,08	0,22	0,37	1468,13
1516	28.08.2025 13:46:15	15,78	-0,08	0,22	0,37	1468,13
1517	28.08.2025 13:46:16	15,78	-0,08	0,20	0,35	1468,12
1518	28.08.2025 13:46:17	15,78	-0,08	0,22	0,37	1468,13
1519	28.08.2025 13:46:18	15,78	-0,08	0,20	0,35	1468,12
1520	28.08.2025 13:46:19	15,78	-0,08	0,22	0,37	1468,13
1521	28.08.2025 13:46:20	15,78	-0,08	0,22	0,37	1468,13
1522	28.08.2025 13:46:21	15,78	-0,08	0,20	0,35	1468,12
1523	28.08.2025 13:46:22	15,78	-0,08	0,20	0,35	1468,12
1524	28.08.2025 13:46:23	15,78	-0,08	0,20	0,35	1468,12
1525	28.08.2025 13:46:24	15,78	-0,08	0,20	0,35	1468,12
1526	28.08.2025 13:46:25	15,78	-0,10	0,20	0,35	1468,11
1527	28.08.2025 13:46:26	15,78	-0,08	0,20	0,35	1468,12
1528	28.08.2025 13:46:27	15,78	-0,06	0,20	0,35	1468,12
1529	28.08.2025 13:46:28	15,78	-0,06	0,20	0,35	1468,12
1530	28.08.2025 13:46:29	15,78	-0,08	0,20	0,35	1468,12
1531	28.08.2025 13:46:30	15,78	-0,08	0,17	0,30	1468,08
1532	28.08.2025 13:46:31	15,78	-0,08	0,50	0,82	1468,46
1533	28.08.2025 13:46:32	15,78	-0,08	0,48	0,79	1468,44
1534	28.08.2025 13:46:33	15,78	-0,08	0,50	0,82	1468,46
1535	28.08.2025 13:46:34	15,78	-0,08	0,50	0,82	1468,46
1536	28.08.2025 13:46:35	15,78	-0,08	0,48	0,79	1468,44
1537	28.08.2025 13:46:36	15,78	-0,08	0,50	0,82	1468,46
1538	28.08.2025 13:46:37	15,78	-0,08	0,50	0,82	1468,46
1539	28.08.2025 13:46:38	15,78	-0,08	0,48	0,79	1468,44
1540	28.08.2025 13:46:39	15,78	-0,06	0,50	0,82	1468,46
1541	28.08.2025 13:46:40	15,78	-0,08	0,50	0,82	1468,46
1542	28.08.2025 13:46:41	15,81	-0,08	0,48	0,79	1468,54
1543	28.08.2025 13:46:42	15,78	-0,10	0,19	0,32	1468,09
1544	28.08.2025 13:46:43	15,81	-0,10	0,27	0,45	1468,29
1545	28.08.2025 13:46:44	15,81	-0,10	0,27	0,45	1468,29
1546	28.08.2025 13:46:45	15,81	-0,08	0,19	0,32	1468,20
1547	28.08.2025 13:46:46	15,81	-0,08	0,33	0,56	1468,37
1548	28.08.2025 13:46:47	15,81	-0,08	0,49	0,82	1468,56
1549	28.08.2025 13:46:48	15,81	-0,08	0,54	0,90	1468,62
1550	28.08.2025 13:46:49	15,81	-0,08	0,35	0,58	1468,39
1551	28.08.2025 13:46:50	15,81	-0,10	0,41	0,69	1468,46
1552	28.08.2025 13:46:51	15,81	-0,10	0,28	0,48	1468,31
1553	28.08.2025 13:46:52	15,81	-0,08	0,25	0,43	1468,28
1554	28.08.2025 13:46:53	15,81	-0,08	0,33	0,56	1468,37
1555	28.08.2025 13:46:54	15,81	-0,10	0,24	0,40	1468,25
1556	28.08.2025 13:46:55	15,81	-0,10	0,45	0,74	1468,50
1557	28.08.2025 13:46:56	15,81	-0,10	0,58	0,95	1468,66
1558	28.08.2025 13:46:57	15,81	-0,08	0,54	0,90	1468,62
1559	28.08.2025 13:46:58	15,84	-0,10	0,49	0,82	1468,66
1560	28.08.2025 13:46:59	15,84	-0,08	0,59	0,98	1468,78
1561	28.08.2025 13:47:00	15,87	-0,12	0,33	0,56	1468,57
1562	28.08.2025 13:47:01	15,93	-0,10	0,36	0,61	1468,82
1563	28.08.2025 13:47:02	15,99	-0,12	0,58	0,95	1469,28
1564	28.08.2025 13:47:03	16,05	-0,08	0,35	0,58	1469,22
1565	28.08.2025 13:47:04	16,23	-0,10	0,25	0,43	1469,73
1566	28.08.2025 13:47:05	16,45	-0,17	0,49	0,82	1470,72
1567	28.08.2025 13:47:06	16,63	-0,19	0,33	0,56	1471,14
1568	28.08.2025 13:47:07	16,75	-0,21	0,32	0,56	1471,55
1569	28.08.2025 13:47:08	16,87	-0,17	0,28	0,48	1471,90
1570	28.08.2025 13:47:09	16,96	-0,19	0,25	0,43	1472,17
1571	28.08.2025 13:47:10	17,05	-0,17	0,21	0,37	1472,44
1572	28.08.2025 13:47:11	17,11	-0,17	0,35	0,61	1472,80
1573	28.08.2025 13:47:12	17,17	-0,15	0,49	0,85	1473,17
1574	28.08.2025 13:47:13	17,26	-0,21	0,27	0,48	1473,21
1575	28.08.2025 13:47:14	17,32	-0,19	0,32	0,56	1473,46
1576	28.08.2025 13:47:15	17,38	-0,17	0,65	1,11	1474,05
1577	28.08.2025 13:47:16	17,44	-0,19	0,40	0,69	1473,95
1578	28.08.2025 13:47:17	17,50	-0,19	0,43	0,74	1474,18
1579	28.08.2025 13:47:18	17,56	-0,21	0,40	0,69	1474,34
1580	28.08.2025 13:47:19	17,77	-0,21	0,72	1,24	1475,41
