#B	Created:	01.08.2025 09:33:46
##	Version	SeaStar	9.59
#5	Field separation:	0
#2	Date & Time:	1
#6	Decimal point:	,
#7	Date def.:	dd.mm.yyyy	.
#8	Time def.:	:
##	Axis	0	Temperature(°C)	clRed	FALSE
##	Axis	1	Pressure(Bar)	clBlue	FALSE
##	Axis	2	Salinity(psu)	clGreen	FALSE
##	Axis	3	Conductivity(mS/cm)	$00FF80FF	FALSE
##	Axis	4	Sound Velocity(m/sec)	$00404080	FALSE
##	Series	0	Temp(°C)	clRed	0	Temp(°C)	2
##	Series	1	Press(Bar)	clBlue	1	Press(Bar)	2
##	Series	2	Salinity(psu)	clGreen	2	Salinity(psu)	2
##	Series	3	Conduct(mS/cm)	$00FF80FF	3	Conduct(mS/cm)	2
##	Series	4	Sound Velocity(m/sec)	$00404080	4	Velocity(m/sec)	2
##	Recorder	117	DST CTD	13526
##	Chart	117S13526DAT	
#D	Data:	1552	01.08.2025 09:07:00	01.08.2025 09:32:51
1	01.08.2025 09:07:00	22,31	-0,03	0,77	1,46	1489,59
2	01.08.2025 09:07:01	22,31	-0,03	0,82	1,54	1489,64
3	01.08.2025 09:07:02	22,31	-0,05	0,79	1,48	1489,60
4	01.08.2025 09:07:03	22,31	-0,03	0,88	1,65	1489,71
5	01.08.2025 09:07:04	22,31	-0,05	0,80	1,51	1489,62
6	01.08.2025 09:07:05	22,31	-0,05	0,84	1,57	1489,66
7	01.08.2025 09:07:06	22,31	-0,03	0,70	1,32	1489,50
8	01.08.2025 09:07:07	22,31	-0,05	0,79	1,48	1489,60
9	01.08.2025 09:07:08	22,28	-0,03	0,82	1,54	1489,56
10	01.08.2025 09:07:09	22,28	-0,05	0,87	1,62	1489,61
11	01.08.2025 09:07:10	22,28	-0,03	0,58	1,10	1489,29
12	01.08.2025 09:07:11	22,28	-0,03	0,77	1,46	1489,50
13	01.08.2025 09:07:12	22,28	-0,03	0,91	1,71	1489,66
14	01.08.2025 09:07:13	22,28	-0,03	0,93	1,74	1489,68
15	01.08.2025 09:07:14	22,28	-0,03	0,65	1,23	1489,37
16	01.08.2025 09:07:15	22,28	-0,03	0,79	1,48	1489,52
17	01.08.2025 09:07:16	22,28	-0,05	0,68	1,29	1489,40
18	01.08.2025 09:07:17	22,26	-0,03	0,81	1,51	1489,45
19	01.08.2025 09:07:18	22,26	-0,05	0,84	1,57	1489,49
20	01.08.2025 09:07:19	22,26	-0,05	0,70	1,32	1489,33
21	01.08.2025 09:07:20	22,26	-0,05	0,88	1,65	1489,54
22	01.08.2025 09:07:21	22,26	-0,03	0,80	1,51	1489,45
23	01.08.2025 09:07:22	22,26	-0,05	0,73	1,37	1489,37
24	01.08.2025 09:07:23	22,26	-0,05	0,95	1,76	1489,61
25	01.08.2025 09:07:24	22,26	-0,03	0,80	1,51	1489,45
26	01.08.2025 09:07:25	22,23	-0,03	0,92	1,71	1489,49
27	01.08.2025 09:07:26	22,23	-0,05	0,74	1,40	1489,30
28	01.08.2025 09:07:27	22,23	-0,03	0,76	1,43	1489,32
29	01.08.2025 09:07:28	22,23	-0,03	0,71	1,34	1489,27
30	01.08.2025 09:07:29	22,23	-0,03	0,71	1,34	1489,27
31	01.08.2025 09:07:30	22,23	-0,03	0,61	1,16	1489,15
32	01.08.2025 09:07:31	22,23	-0,03	0,76	1,43	1489,32
33	01.08.2025 09:07:32	22,23	-0,03	0,58	1,10	1489,12
34	01.08.2025 09:07:33	22,23	-0,03	0,70	1,32	1489,25
35	01.08.2025 09:07:34	22,20	-0,03	0,77	1,45	1489,25
36	01.08.2025 09:07:35	22,20	-0,03	0,59	1,13	1489,05
37	01.08.2025 09:07:36	22,20	-0,03	0,56	1,07	1489,02
38	01.08.2025 09:07:37	22,20	-0,03	0,59	1,13	1489,05
39	01.08.2025 09:07:38	22,20	-0,03	0,73	1,37	1489,20
40	01.08.2025 09:07:39	22,20	-0,03	0,62	1,18	1489,08
41	01.08.2025 09:07:40	22,20	-0,03	0,73	1,37	1489,20
42	01.08.2025 09:07:41	22,17	-0,05	0,76	1,43	1489,14
43	01.08.2025 09:07:42	22,17	-0,03	0,62	1,18	1488,99
44	01.08.2025 09:07:43	22,17	-0,05	0,76	1,43	1489,14
45	01.08.2025 09:07:44	22,17	-0,03	0,58	1,10	1488,95
46	01.08.2025 09:07:45	22,17	-0,03	0,61	1,16	1488,98
47	01.08.2025 09:07:46	22,17	-0,03	0,85	1,59	1489,25
48	01.08.2025 09:07:47	22,17	-0,03	0,77	1,45	1489,16
49	01.08.2025 09:07:48	22,14	-0,03	0,58	1,10	1488,86
50	01.08.2025 09:07:49	22,14	-0,03	0,65	1,23	1488,94
51	01.08.2025 09:07:50	22,14	-0,03	0,67	1,26	1488,96
52	01.08.2025 09:07:51	22,14	-0,03	0,79	1,48	1489,10
53	01.08.2025 09:07:52	22,14	-0,03	0,41	0,79	1488,68
54	01.08.2025 09:07:53	22,14	-0,03	0,24	0,46	1488,48
55	01.08.2025 09:07:54	22,14	-0,03	0,35	0,68	1488,61
56	01.08.2025 09:07:55	22,11	-0,03	0,57	1,07	1488,76
57	01.08.2025 09:07:56	22,11	-0,03	0,44	0,85	1488,62
58	01.08.2025 09:07:57	22,11	-0,03	0,37	0,71	1488,54
59	01.08.2025 09:07:58	22,11	-0,01	0,47	0,91	1488,66
60	01.08.2025 09:07:59	22,11	-0,03	0,67	1,26	1488,87
61	01.08.2025 09:08:00	22,11	-0,03	0,40	0,77	1488,57
62	01.08.2025 09:08:01	22,08	-0,01	0,65	1,23	1488,77
63	01.08.2025 09:08:02	22,08	-0,01	0,52	0,99	1488,63
64	01.08.2025 09:08:03	22,08	-0,03	0,62	1,17	1488,74
65	01.08.2025 09:08:04	22,08	-0,03	0,85	1,59	1489,00
66	01.08.2025 09:08:05	22,08	-0,03	0,35	0,68	1488,44
67	01.08.2025 09:08:06	22,08	-0,01	0,44	0,85	1488,54
68	01.08.2025 09:08:07	22,08	-0,01	0,79	1,48	1488,93
69	01.08.2025 09:08:08	22,08	-0,01	0,37	0,71	1488,46
70	01.08.2025 09:08:09	22,05	-0,03	0,41	0,79	1488,42
71	01.08.2025 09:08:10	22,05	-0,01	0,44	0,85	1488,45
72	01.08.2025 09:08:11	22,05	-0,01	0,41	0,79	1488,42
73	01.08.2025 09:08:12	22,05	-0,03	0,43	0,82	1488,44
74	01.08.2025 09:08:13	22,05	-0,01	0,81	1,51	1488,86
75	01.08.2025 09:08:14	22,05	-0,01	0,43	0,82	1488,44
76	01.08.2025 09:08:15	22,02	-0,03	0,41	0,79	1488,33
77	01.08.2025 09:08:16	22,02	-0,03	0,67	1,26	1488,62
78	01.08.2025 09:08:17	22,02	-0,01	0,38	0,74	1488,30
79	01.08.2025 09:08:18	22,02	-0,01	0,49	0,93	1488,42
80	01.08.2025 09:08:19	22,02	-0,03	0,32	0,63	1488,23
81	01.08.2025 09:08:20	22,02	-0,01	0,55	1,05	1488,49
82	01.08.2025 09:08:21	22,02	-0,03	0,43	0,82	1488,35
83	01.08.2025 09:08:22	22,02	-0,01	0,44	0,85	1488,37
84	01.08.2025 09:08:23	22,02	-0,03	0,41	0,79	1488,33
85	01.08.2025 09:08:24	21,99	-0,05	0,35	0,68	1488,18
86	01.08.2025 09:08:25	21,99	-0,05	0,35	0,68	1488,18
87	01.08.2025 09:08:26	21,99	-0,05	0,38	0,74	1488,21
88	01.08.2025 09:08:27	21,99	-0,03	0,94	1,73	1488,83
89	01.08.2025 09:08:28	21,99	-0,05	0,31	0,60	1488,13
90	01.08.2025 09:08:29	21,99	-0,03	0,40	0,77	1488,23
91	01.08.2025 09:08:30	21,99	-0,03	0,30	0,57	1488,11
92	01.08.2025 09:08:31	21,96	-0,05	0,32	0,63	1488,06
93	01.08.2025 09:08:32	21,96	-0,05	0,40	0,77	1488,14
94	01.08.2025 09:08:33	21,96	-0,05	0,41	0,79	1488,16
95	01.08.2025 09:08:34	21,96	-0,03	0,34	0,65	1488,08
96	01.08.2025 09:08:35	21,96	-0,03	0,37	0,71	1488,11
97	01.08.2025 09:08:36	21,96	-0,03	0,37	0,71	1488,11
98	01.08.2025 09:08:37	21,96	-0,05	0,41	0,79	1488,16
99	01.08.2025 09:08:38	21,93	-0,05	0,61	1,16	1488,29
100	01.08.2025 09:08:39	21,93	-0,03	0,33	0,63	1487,97
101	01.08.2025 09:08:40	21,93	-0,03	0,45	0,85	1488,11
102	01.08.2025 09:08:41	21,93	-0,03	0,45	0,85	1488,11
103	01.08.2025 09:08:42	21,93	-0,03	0,46	0,88	1488,12
104	01.08.2025 09:08:43	21,93	-0,03	0,46	0,88	1488,12
105	01.08.2025 09:08:44	21,91	-0,05	0,42	0,79	1487,99
106	01.08.2025 09:08:45	21,91	-0,03	0,37	0,71	1487,94
107	01.08.2025 09:08:46	21,91	-0,03	0,70	1,31	1488,31
108	01.08.2025 09:08:47	21,91	-0,05	0,37	0,71	1487,93
109	01.08.2025 09:08:48	21,91	-0,05	0,42	0,79	1487,99
110	01.08.2025 09:08:49	21,88	-0,05	0,33	0,63	1487,80
111	01.08.2025 09:08:50	21,88	-0,03	0,91	1,68	1488,45
112	01.08.2025 09:08:51	21,88	-0,05	0,31	0,60	1487,78
113	01.08.2025 09:08:52	21,88	-0,05	0,28	0,54	1487,75
114	01.08.2025 09:08:53	21,88	-0,03	0,49	0,93	1487,99
115	01.08.2025 09:08:54	21,85	-0,03	0,39	0,74	1487,78
116	01.08.2025 09:08:55	21,85	-0,03	0,33	0,63	1487,72
117	01.08.2025 09:08:56	21,85	-0,03	0,46	0,88	1487,87
118	01.08.2025 09:08:57	21,85	-0,03	0,28	0,54	1487,67
119	01.08.2025 09:08:58	21,85	-0,05	0,39	0,74	1487,78
120	01.08.2025 09:08:59	21,85	-0,05	0,30	0,57	1487,68
121	01.08.2025 09:09:00	21,82	-0,03	0,46	0,88	1487,78
122	01.08.2025 09:09:01	21,82	-0,05	0,52	0,99	1487,85
123	01.08.2025 09:09:02	21,82	-0,03	0,33	0,63	1487,63
124	01.08.2025 09:09:03	21,82	-0,03	0,25	0,49	1487,55
125	01.08.2025 09:09:04	21,82	-0,03	0,28	0,54	1487,58
126	01.08.2025 09:09:05	21,82	-0,03	0,54	1,02	1487,87
127	01.08.2025 09:09:06	21,82	-0,03	0,24	0,46	1487,53
128	01.08.2025 09:09:07	21,79	-0,03	0,30	0,57	1487,51
129	01.08.2025 09:09:08	21,79	-0,03	0,19	0,38	1487,39
130	01.08.2025 09:09:09	21,79	-0,03	0,21	0,40	1487,41
131	01.08.2025 09:09:10	21,79	-0,03	0,30	0,57	1487,51
132	01.08.2025 09:09:11	21,76	-0,03	0,70	1,31	1487,88
133	01.08.2025 09:09:12	21,76	-0,03	0,51	0,96	1487,66
134	01.08.2025 09:09:13	21,76	-0,03	0,72	1,34	1487,89
135	01.08.2025 09:09:14	21,76	-0,01	0,31	0,60	1487,44
136	01.08.2025 09:09:15	21,76	-0,03	0,34	0,65	1487,47
137	01.08.2025 09:09:16	21,76	-0,03	0,36	0,68	1487,49
138	01.08.2025 09:09:17	21,76	-0,03	0,73	1,37	1487,91
139	01.08.2025 09:09:18	21,64	-0,51	25,32	37,10	1514,98
140	01.08.2025 09:09:19	20,97	-0,15	25,61	36,96	1513,51
141	01.08.2025 09:09:20	20,50	-0,12	23,87	34,34	1510,24
142	01.08.2025 09:09:21	20,24	-0,07	25,92	36,78	1511,81
143	01.08.2025 09:09:22	20,06	-0,01	26,13	36,91	1511,56
144	01.08.2025 09:09:23	19,88	-0,05	26,02	36,64	1510,93
145	01.08.2025 09:09:24	19,73	-0,01	26,07	36,58	1510,57
146	01.08.2025 09:09:25	19,59	0,00	26,14	36,55	1510,22
147	01.08.2025 09:09:26	19,44	0,06	26,18	36,49	1509,86
148	01.08.2025 09:09:27	19,29	0,02	26,27	36,49	1509,53
149	01.08.2025 09:09:28	19,17	0,04	26,43	36,59	1509,37
150	01.08.2025 09:09:29	19,09	0,00	26,49	36,59	1509,17
151	01.08.2025 09:09:30	18,97	0,04	26,30	36,27	1508,62
152	01.08.2025 09:09:31	18,91	0,04	26,57	36,56	1508,76
153	01.08.2025 09:09:32	18,82	0,06	26,63	36,56	1508,56
154	01.08.2025 09:09:33	18,76	0,06	26,67	36,56	1508,43
155	01.08.2025 09:09:34	18,70	0,06	26,70	36,56	1508,30
156	01.08.2025 09:09:35	18,64	0,06	26,72	36,53	1508,14
157	01.08.2025 09:09:36	18,58	0,06	26,78	36,55	1508,03
158	01.08.2025 09:09:37	18,52	0,08	26,82	36,55	1507,91
159	01.08.2025 09:09:38	18,49	0,06	26,81	36,53	1507,81
160	01.08.2025 09:09:39	18,43	0,08	26,87	36,55	1507,71
161	01.08.2025 09:09:40	18,40	0,06	26,89	36,55	1507,64
162	01.08.2025 09:09:41	18,34	0,04	26,93	36,55	1507,50
163	01.08.2025 09:09:42	18,31	0,04	26,95	36,55	1507,44
164	01.08.2025 09:09:43	18,28	0,06	26,97	36,55	1507,37
165	01.08.2025 09:09:44	18,25	0,04	26,98	36,55	1507,30
166	01.08.2025 09:09:45	18,22	0,04	27,00	36,55	1507,24
167	01.08.2025 09:09:46	18,20	0,06	27,04	36,57	1507,20
168	01.08.2025 09:09:47	18,14	0,06	27,08	36,57	1507,06
169	01.08.2025 09:09:48	18,11	0,06	27,10	36,57	1507,00
170	01.08.2025 09:09:49	18,08	0,04	27,12	36,57	1506,93
171	01.08.2025 09:09:50	18,05	0,04	27,12	36,54	1506,83
172	01.08.2025 09:09:51	18,02	0,04	27,14	36,54	1506,77
173	01.08.2025 09:09:52	17,99	0,02	27,16	36,54	1506,70
174	01.08.2025 09:09:53	17,96	0,02	27,18	36,54	1506,63
175	01.08.2025 09:09:54	17,93	0,02	27,19	36,54	1506,56
176	01.08.2025 09:09:55	17,90	0,02	27,21	36,54	1506,50
177	01.08.2025 09:09:56	17,87	0,04	27,23	36,54	1506,43
178	01.08.2025 09:09:57	17,84	0,04	27,25	36,54	1506,37
179	01.08.2025 09:09:58	17,84	0,02	27,25	36,54	1506,36
180	01.08.2025 09:09:59	17,81	0,04	27,27	36,54	1506,30
181	01.08.2025 09:10:00	17,78	0,04	27,31	36,56	1506,26
182	01.08.2025 09:10:01	17,75	0,06	27,33	36,56	1506,19
183	01.08.2025 09:10:02	17,75	0,04	27,33	36,56	1506,19
184	01.08.2025 09:10:03	17,72	0,04	27,35	36,56	1506,12
185	01.08.2025 09:10:04	17,69	0,04	27,39	36,59	1506,08
186	01.08.2025 09:10:05	17,69	0,04	27,39	36,59	1506,08
187	01.08.2025 09:10:06	17,66	0,04	27,39	36,56	1505,99
188	01.08.2025 09:10:07	17,66	0,04	27,39	36,56	1505,99
189	01.08.2025 09:10:08	17,63	0,02	27,41	36,56	1505,92
190	01.08.2025 09:10:09	17,60	0,02	27,43	36,56	1505,85
191	01.08.2025 09:10:10	17,57	0,02	27,45	36,56	1505,78
192	01.08.2025 09:10:11	17,57	0,00	27,45	36,56	1505,78
193	01.08.2025 09:10:12	17,54	0,04	27,45	36,53	1505,69
194	01.08.2025 09:10:13	17,51	0,04	27,49	36,56	1505,65
195	01.08.2025 09:10:14	17,51	0,04	27,49	36,56	1505,65
196	01.08.2025 09:10:15	17,48	0,04	27,51	36,56	1505,58
197	01.08.2025 09:10:16	17,48	0,04	27,51	36,56	1505,58
198	01.08.2025 09:10:17	17,45	0,06	27,53	36,56	1505,52
199	01.08.2025 09:10:18	17,45	0,06	27,51	36,53	1505,49
200	01.08.2025 09:10:19	17,42	0,06	27,55	36,56	1505,45
201	01.08.2025 09:10:20	17,42	0,06	27,57	36,58	1505,47
202	01.08.2025 09:10:21	17,39	0,06	27,59	36,58	1505,41
203	01.08.2025 09:10:22	17,39	0,08	27,57	36,55	1505,38
204	01.08.2025 09:10:23	17,36	0,08	27,61	36,58	1505,34
205	01.08.2025 09:10:24	17,36	0,09	27,59	36,55	1505,32
206	01.08.2025 09:10:25	17,33	0,08	27,63	36,58	1505,27
207	01.08.2025 09:10:26	17,33	0,11	27,63	36,58	1505,28
208	01.08.2025 09:10:27	17,33	0,13	27,63	36,58	1505,28
209	01.08.2025 09:10:28	17,30	0,13	27,63	36,55	1505,19
210	01.08.2025 09:10:29	17,30	0,13	27,60	36,53	1505,16
211	01.08.2025 09:10:30	17,30	0,15	27,60	36,53	1505,16
212	01.08.2025 09:10:31	17,27	0,15	27,65	36,55	1505,12
213	01.08.2025 09:10:32	17,27	0,13	27,65	36,55	1505,12
214	01.08.2025 09:10:33	17,27	0,16	27,65	36,55	1505,12
215	01.08.2025 09:10:34	17,24	0,18	27,64	36,52	1505,03
216	01.08.2025 09:10:35	17,24	0,18	27,64	36,52	1505,03
217	01.08.2025 09:10:36	17,21	0,18	27,66	36,52	1504,96
218	01.08.2025 09:10:37	17,21	0,20	27,66	36,52	1504,97
219	01.08.2025 09:10:38	17,18	0,22	27,71	36,55	1504,93
220	01.08.2025 09:10:39	17,18	0,23	27,71	36,55	1504,93
221	01.08.2025 09:10:40	17,18	0,25	27,68	36,52	1504,91
222	01.08.2025 09:10:41	17,18	0,29	27,68	36,52	1504,91
223	01.08.2025 09:10:42	17,15	0,29	27,70	36,52	1504,84
224	01.08.2025 09:10:43	17,15	0,29	27,70	36,52	1504,84
225	01.08.2025 09:10:44	17,12	0,32	27,72	36,52	1504,78
226	01.08.2025 09:10:45	17,12	0,34	27,70	36,49	1504,76
227	01.08.2025 09:10:46	17,12	0,34	27,72	36,52	1504,78
228	01.08.2025 09:10:47	17,12	0,36	27,70	36,49	1504,76
229	01.08.2025 09:10:48	17,09	0,36	27,74	36,52	1504,72
230	01.08.2025 09:10:49	17,09	0,37	27,72	36,49	1504,69
231	01.08.2025 09:10:50	17,06	0,37	27,74	36,49	1504,63
232	01.08.2025 09:10:51	17,06	0,39	27,76	36,52	1504,66
233	01.08.2025 09:10:52	17,06	0,43	27,74	36,49	1504,63
234	01.08.2025 09:10:53	17,06	0,43	27,76	36,52	1504,66
235	01.08.2025 09:10:54	17,03	0,43	27,76	36,49	1504,57
236	01.08.2025 09:10:55	17,03	0,44	27,78	36,52	1504,60
237	01.08.2025 09:10:56	17,03	0,46	27,78	36,52	1504,60
238	01.08.2025 09:10:57	17,03	0,49	27,78	36,52	1504,60
239	01.08.2025 09:10:58	17,03	0,49	27,76	36,49	1504,58
240	01.08.2025 09:10:59	17,00	0,51	27,78	36,49	1504,51
241	01.08.2025 09:11:00	17,00	0,53	27,80	36,52	1504,54
242	01.08.2025 09:11:01	17,00	0,54	27,80	36,52	1504,54
243	01.08.2025 09:11:02	17,00	0,56	27,80	36,52	1504,55
244	01.08.2025 09:11:03	16,97	0,56	27,80	36,49	1504,45
245	01.08.2025 09:11:04	16,97	0,58	27,80	36,49	1504,45
246	01.08.2025 09:11:05	16,97	0,60	27,80	36,49	1504,46
247	01.08.2025 09:11:06	16,97	0,60	27,80	36,49	1504,46
248	01.08.2025 09:11:07	16,97	0,60	27,80	36,49	1504,46
249	01.08.2025 09:11:08	16,94	0,63	27,82	36,49	1504,39
250	01.08.2025 09:11:09	16,94	0,66	27,82	36,49	1504,40
251	01.08.2025 09:11:10	16,94	0,65	27,80	36,46	1504,37
252	01.08.2025 09:11:11	16,94	0,68	27,80	36,46	1504,37
253	01.08.2025 09:11:12	16,91	0,70	27,82	36,46	1504,31
254	01.08.2025 09:11:13	16,91	0,72	27,82	36,46	1504,31
255	01.08.2025 09:11:14	16,91	0,73	27,82	36,46	1504,31
256	01.08.2025 09:11:15	16,91	0,75	27,82	36,46	1504,32
257	01.08.2025 09:11:16	16,88	0,77	27,84	36,46	1504,25
258	01.08.2025 09:11:17	16,88	0,78	27,81	36,44	1504,23
259	01.08.2025 09:11:18	16,88	0,80	27,84	36,46	1504,26
260	01.08.2025 09:11:19	16,88	0,82	27,81	36,44	1504,23
261	01.08.2025 09:11:20	16,85	0,87	27,81	36,41	1504,14
262	01.08.2025 09:11:21	16,85	0,87	27,81	36,41	1504,14
263	01.08.2025 09:11:22	16,85	0,87	27,81	36,41	1504,14
264	01.08.2025 09:11:23	16,82	0,90	27,79	36,35	1504,03
265	01.08.2025 09:11:24	16,82	0,87	27,79	36,35	1504,02
266	01.08.2025 09:11:25	16,79	0,89	27,83	36,38	1503,98
267	01.08.2025 09:11:26	16,79	0,89	27,83	36,38	1503,98
268	01.08.2025 09:11:27	16,79	0,89	27,81	36,35	1503,96
269	01.08.2025 09:11:28	16,79	0,87	27,81	36,35	1503,95
270	01.08.2025 09:11:29	16,79	0,87	27,83	36,38	1503,98
271	01.08.2025 09:11:30	16,76	0,87	27,83	36,35	1503,88
272	01.08.2025 09:11:31	16,76	0,87	27,87	36,41	1503,94
273	01.08.2025 09:11:32	16,76	0,87	27,89	36,43	1503,96
274	01.08.2025 09:11:33	16,76	0,83	27,90	36,43	1503,96
275	01.08.2025 09:11:34	16,79	0,87	27,87	36,43	1504,03
276	01.08.2025 09:11:35	16,79	0,87	27,83	36,38	1503,98
277	01.08.2025 09:11:36	16,76	0,87	27,83	36,35	1503,88
278	01.08.2025 09:11:37	16,76	0,88	27,80	36,33	1503,86
279	01.08.2025 09:11:38	16,73	0,90	27,82	36,33	1503,79
280	01.08.2025 09:11:39	16,73	0,94	27,80	36,30	1503,77
281	01.08.2025 09:11:40	16,70	0,93	27,82	36,30	1503,70
282	01.08.2025 09:11:41	16,70	0,95	27,75	36,22	1503,63
283	01.08.2025 09:11:42	16,64	0,97	27,79	36,22	1503,49
284	01.08.2025 09:11:43	16,64	0,97	27,84	36,27	1503,54
285	01.08.2025 09:11:44	16,64	0,97	27,86	36,30	1503,57
286	01.08.2025 09:11:45	16,64	0,95	27,86	36,30	1503,57
287	01.08.2025 09:11:46	16,64	0,97	27,88	36,32	1503,60
288	01.08.2025 09:11:47	16,64	0,95	27,86	36,30	1503,57
289	01.08.2025 09:11:48	16,64	0,95	27,82	36,24	1503,51
290	01.08.2025 09:11:49	16,61	0,97	27,79	36,19	1503,39
291	01.08.2025 09:11:50	16,58	0,95	27,81	36,19	1503,32
292	01.08.2025 09:11:51	16,55	0,96	27,81	36,16	1503,23
293	01.08.2025 09:11:52	16,55	0,96	27,76	36,11	1503,17
294	01.08.2025 09:11:53	16,49	0,99	27,80	36,11	1503,04
295	01.08.2025 09:11:54	16,46	0,99	27,80	36,08	1502,94
296	01.08.2025 09:11:55	16,46	0,99	27,80	36,08	1502,94
297	01.08.2025 09:11:56	16,43	1,03	27,82	36,08	1502,88
298	01.08.2025 09:11:57	16,43	1,03	27,82	36,08	1502,88
299	01.08.2025 09:11:58	16,40	1,03	27,82	36,05	1502,78
300	01.08.2025 09:11:59	16,40	1,04	27,80	36,02	1502,75
301	01.08.2025 09:12:00	16,40	1,04	27,82	36,05	1502,78
302	01.08.2025 09:12:01	16,37	1,04	27,84	36,05	1502,71
303	01.08.2025 09:12:02	16,37	1,06	27,82	36,02	1502,69
304	01.08.2025 09:12:03	16,34	1,07	27,79	35,97	1502,57
305	01.08.2025 09:12:04	16,34	1,06	27,70	35,86	1502,45
306	01.08.2025 09:12:05	16,31	1,06	27,65	35,78	1502,30
307	01.08.2025 09:12:06	16,28	1,09	27,65	35,75	1502,21
308	01.08.2025 09:12:07	16,22	1,10	27,67	35,72	1502,05
309	01.08.2025 09:12:08	16,16	1,12	27,64	35,64	1501,82
310	01.08.2025 09:12:09	16,13	1,10	27,59	35,56	1501,67
311	01.08.2025 09:12:10	16,04	1,13	27,63	35,53	1501,43
312	01.08.2025 09:12:11	15,98	1,13	27,60	35,45	1501,21
313	01.08.2025 09:12:12	15,88	1,14	27,50	35,26	1500,81
314	01.08.2025 09:12:13	15,79	1,15	27,54	35,23	1500,57
315	01.08.2025 09:12:14	15,70	1,18	27,57	35,20	1500,33
316	01.08.2025 09:12:15	15,61	1,20	27,54	35,09	1500,00
317	01.08.2025 09:12:16	15,52	1,21	27,46	34,93	1499,62
318	01.08.2025 09:12:17	15,40	1,22	27,50	34,88	1499,28
319	01.08.2025 09:12:18	15,31	1,24	27,54	34,85	1499,03
320	01.08.2025 09:12:19	15,19	1,27	27,53	34,74	1498,63
321	01.08.2025 09:12:20	15,06	1,28	27,49	34,60	1498,20
322	01.08.2025 09:12:21	14,94	1,31	27,55	34,57	1497,88
323	01.08.2025 09:12:22	14,85	1,34	27,59	34,54	1497,63
324	01.08.2025 09:12:23	14,76	1,33	27,61	34,49	1497,35
325	01.08.2025 09:12:24	14,67	1,36	27,64	34,46	1497,10
326	01.08.2025 09:12:25	14,60	1,36	27,59	34,35	1496,84
327	01.08.2025 09:12:26	14,48	1,34	27,56	34,21	1496,39
328	01.08.2025 09:12:27	14,36	1,38	27,55	34,10	1495,98
329	01.08.2025 09:12:28	14,24	1,41	27,58	34,04	1495,62
330	01.08.2025 09:12:29	14,08	1,42	27,62	33,96	1495,16
331	01.08.2025 09:12:30	13,96	1,45	27,68	33,93	1494,82
332	01.08.2025 09:12:31	13,86	1,47	27,72	33,90	1494,57
333	01.08.2025 09:12:32	13,80	1,48	27,71	33,85	1494,35
334	01.08.2025 09:12:33	13,71	1,51	27,78	33,84	1494,13
335	01.08.2025 09:12:34	13,62	1,52	27,79	33,79	1493,84
336	01.08.2025 09:12:35	13,52	1,52	27,81	33,73	1493,55
337	01.08.2025 09:12:36	13,43	1,53	27,75	33,60	1493,16
338	01.08.2025 09:12:37	13,31	1,53	27,72	33,46	1492,70
339	01.08.2025 09:12:38	13,12	1,55	27,73	33,32	1492,08
340	01.08.2025 09:12:39	12,99	1,58	27,77	33,27	1491,71
341	01.08.2025 09:12:40	12,87	1,61	27,78	33,18	1491,31
342	01.08.2025 09:12:41	12,71	1,62	27,79	33,07	1490,79
343	01.08.2025 09:12:42	12,56	1,63	27,76	32,91	1490,20
344	01.08.2025 09:12:43	12,40	1,64	27,67	32,69	1489,55
345	01.08.2025 09:12:44	12,24	1,65	27,60	32,50	1488,93
346	01.08.2025 09:12:45	12,05	1,68	27,54	32,28	1488,20
347	01.08.2025 09:12:46	11,86	1,70	27,52	32,11	1487,51
348	01.08.2025 09:12:47	11,64	1,73	27,55	31,97	1486,77
349	01.08.2025 09:12:48	11,48	1,76	27,64	31,94	1486,32
350	01.08.2025 09:12:49	11,29	1,78	27,70	31,86	1485,72
351	01.08.2025 09:12:50	11,13	1,79	27,77	31,80	1485,23
352	01.08.2025 09:12:51	11,00	1,82	27,78	31,72	1484,80
353	01.08.2025 09:12:52	10,84	1,85	27,80	31,60	1484,24
354	01.08.2025 09:12:53	10,65	1,84	27,91	31,57	1483,69
355	01.08.2025 09:12:54	10,48	1,88	27,85	31,38	1483,03
356	01.08.2025 09:12:55	10,32	1,91	27,84	31,24	1482,43
357	01.08.2025 09:12:56	10,16	1,94	27,96	31,24	1481,99
358	01.08.2025 09:12:57	10,03	1,97	28,00	31,18	1481,57
359	01.08.2025 09:12:58	9,90	1,98	28,13	31,21	1481,25
360	01.08.2025 09:12:59	9,80	2,01	28,20	31,20	1480,99
361	01.08.2025 09:13:00	9,74	2,01	28,28	31,23	1480,84
362	01.08.2025 09:13:01	9,64	2,00	28,30	31,17	1480,50
363	01.08.2025 09:13:02	9,57	2,02	28,29	31,12	1480,25
364	01.08.2025 09:13:03	9,47	2,05	28,31	31,06	1479,92
365	01.08.2025 09:13:04	9,38	2,06	28,31	30,98	1479,55
366	01.08.2025 09:13:05	9,28	2,05	28,30	30,90	1479,17
367	01.08.2025 09:13:06	9,18	2,07	28,27	30,78	1478,76
368	01.08.2025 09:13:07	9,08	2,10	28,26	30,70	1478,39
369	01.08.2025 09:13:08	8,95	2,13	28,34	30,67	1477,99
370	01.08.2025 09:13:09	8,85	2,10	28,11	30,38	1477,33
371	01.08.2025 09:13:10	8,68	2,13	28,08	30,21	1476,65
372	01.08.2025 09:13:11	8,51	2,16	28,12	30,13	1476,08
373	01.08.2025 09:13:12	8,38	2,19	28,20	30,09	1475,67
374	01.08.2025 09:13:13	8,25	2,18	28,27	30,07	1475,25
375	01.08.2025 09:13:14	8,15	2,21	28,27	29,98	1474,86
376	01.08.2025 09:13:15	8,04	2,22	28,32	29,95	1474,54
377	01.08.2025 09:13:16	7,94	2,24	28,34	29,90	1474,18
378	01.08.2025 09:13:17	7,84	2,27	28,34	29,81	1473,79
379	01.08.2025 09:13:18	7,74	2,28	28,33	29,73	1473,39
380	01.08.2025 09:13:19	7,67	2,29	28,33	29,68	1473,13
381	01.08.2025 09:13:20	7,54	2,30	28,43	29,67	1472,73
382	01.08.2025 09:13:21	7,43	2,33	28,52	29,67	1472,44
383	01.08.2025 09:13:22	7,37	2,37	28,57	29,67	1472,25
384	01.08.2025 09:13:23	7,30	2,36	28,62	29,67	1472,05
385	01.08.2025 09:13:24	7,23	2,39	28,59	29,58	1471,75
386	01.08.2025 09:13:25	7,16	2,41	28,62	29,56	1471,52
387	01.08.2025 09:13:26	7,09	2,42	28,65	29,53	1471,28
388	01.08.2025 09:13:27	6,99	2,44	28,67	29,47	1470,91
389	01.08.2025 09:13:28	6,92	2,45	28,61	29,36	1470,56
390	01.08.2025 09:13:29	6,82	2,48	28,67	29,33	1470,23
391	01.08.2025 09:13:30	6,72	2,47	28,69	29,28	1469,85
392	01.08.2025 09:13:31	6,65	2,51	28,63	29,17	1469,50
393	01.08.2025 09:13:32	6,54	2,54	28,60	29,06	1469,05
394	01.08.2025 09:13:33	6,44	2,55	28,60	28,97	1468,64
395	01.08.2025 09:13:34	6,30	2,58	28,59	28,86	1468,08
396	01.08.2025 09:13:35	6,16	2,59	28,68	28,83	1467,63
397	01.08.2025 09:13:36	6,05	2,62	28,70	28,78	1467,24
398	01.08.2025 09:13:37	5,98	2,63	28,70	28,72	1466,96
399	01.08.2025 09:13:38	5,88	2,66	28,76	28,69	1466,61
400	01.08.2025 09:13:39	5,81	2,69	28,78	28,66	1466,37
401	01.08.2025 09:13:40	5,70	2,71	28,84	28,63	1466,01
402	01.08.2025 09:13:41	5,63	2,70	28,87	28,61	1465,76
403	01.08.2025 09:13:42	5,56	2,73	28,90	28,58	1465,51
404	01.08.2025 09:13:43	5,49	2,75	28,96	28,58	1465,30
405	01.08.2025 09:13:44	5,42	2,78	28,99	28,55	1465,05
406	01.08.2025 09:13:45	5,35	2,79	29,05	28,55	1464,84
407	01.08.2025 09:13:46	5,28	2,84	29,04	28,49	1464,56
408	01.08.2025 09:13:47	5,21	2,86	29,01	28,41	1464,23
409	01.08.2025 09:13:48	5,14	2,85	28,98	28,32	1463,89
410	01.08.2025 09:13:49	5,07	2,88	28,98	28,27	1463,60
411	01.08.2025 09:13:50	4,96	2,90	28,95	28,16	1463,12
412	01.08.2025 09:13:51	4,89	2,93	28,92	28,08	1462,79
413	01.08.2025 09:13:52	4,78	2,94	28,89	27,97	1462,30
414	01.08.2025 09:13:53	4,67	2,97	28,86	27,86	1461,82
415	01.08.2025 09:13:54	4,56	3,00	28,89	27,80	1461,41
416	01.08.2025 09:13:55	4,45	3,01	28,92	27,75	1461,00
417	01.08.2025 09:13:56	4,38	3,04	28,92	27,69	1460,70
418	01.08.2025 09:13:57	4,31	3,06	28,89	27,61	1460,35
419	01.08.2025 09:13:58	4,20	3,07	28,95	27,58	1459,98
420	01.08.2025 09:13:59	4,13	3,10	29,01	27,58	1459,76
421	01.08.2025 09:14:00	4,06	3,13	29,26	27,74	1459,77
422	01.08.2025 09:14:01	4,02	3,16	29,48	27,90	1459,91
423	01.08.2025 09:14:02	4,02	3,18	29,51	27,92	1459,95
424	01.08.2025 09:14:03	4,02	3,20	29,66	28,06	1460,16
425	01.08.2025 09:14:04	4,06	3,20	29,60	28,03	1460,23
426	01.08.2025 09:14:05	4,02	3,22	29,51	27,92	1459,96
427	01.08.2025 09:14:06	3,98	3,20	29,35	27,76	1459,60
428	01.08.2025 09:14:07	3,87	3,21	29,29	27,63	1459,06
429	01.08.2025 09:14:08	3,76	3,26	29,32	27,57	1458,64
430	01.08.2025 09:14:09	3,73	3,29	29,33	27,54	1458,49
431	01.08.2025 09:14:10	3,62	3,30	29,39	27,51	1458,10
432	01.08.2025 09:14:11	3,58	3,32	29,39	27,48	1457,95
433	01.08.2025 09:14:12	3,50	3,35	29,42	27,45	1457,68
434	01.08.2025 09:14:13	3,43	3,38	29,46	27,43	1457,41
435	01.08.2025 09:14:14	3,39	3,39	29,46	27,40	1457,26
436	01.08.2025 09:14:15	3,32	3,41	29,49	27,37	1456,98
437	01.08.2025 09:14:16	3,25	3,44	29,52	27,34	1456,71
438	01.08.2025 09:14:17	3,21	3,47	29,53	27,31	1456,56
439	01.08.2025 09:14:18	3,13	3,49	29,59	27,31	1456,33
440	01.08.2025 09:14:19	3,10	3,50	29,59	27,28	1456,17
441	01.08.2025 09:14:20	3,06	3,52	29,62	27,28	1456,05
442	01.08.2025 09:14:21	2,98	3,55	29,66	27,26	1455,78
443	01.08.2025 09:14:22	2,95	3,56	29,66	27,23	1455,62
444	01.08.2025 09:14:23	2,91	3,60	29,66	27,20	1455,47
445	01.08.2025 09:14:24	2,84	3,61	29,73	27,20	1455,23
446	01.08.2025 09:14:25	2,80	3,63	29,76	27,20	1455,11
447	01.08.2025 09:14:26	2,76	3,66	29,76	27,17	1454,96
448	01.08.2025 09:14:27	2,72	3,69	29,80	27,17	1454,84
449	01.08.2025 09:14:28	2,68	3,71	29,80	27,14	1454,68
450	01.08.2025 09:14:29	2,65	3,72	29,80	27,11	1454,52
451	01.08.2025 09:14:30	2,61	3,74	29,83	27,11	1454,41
452	01.08.2025 09:14:31	2,57	3,77	29,87	27,11	1454,29
453	01.08.2025 09:14:32	2,53	3,79	29,90	27,11	1454,17
454	01.08.2025 09:14:33	2,50	3,82	29,90	27,08	1454,02
455	01.08.2025 09:14:34	2,46	3,85	29,97	27,11	1453,94
456	01.08.2025 09:14:35	2,42	3,87	30,01	27,11	1453,82
457	01.08.2025 09:14:36	2,38	3,88	30,01	27,08	1453,66
458	01.08.2025 09:14:37	2,34	3,90	30,01	27,05	1453,50
459	01.08.2025 09:14:38	2,31	3,93	30,04	27,05	1453,38
460	01.08.2025 09:14:39	2,27	3,95	30,08	27,05	1453,27
461	01.08.2025 09:14:40	2,23	3,98	30,11	27,05	1453,15
462	01.08.2025 09:14:41	2,19	4,00	30,18	27,08	1453,07
463	01.08.2025 09:14:42	2,19	4,01	30,18	27,08	1453,08
464	01.08.2025 09:14:43	2,15	4,05	30,18	27,05	1452,92
465	01.08.2025 09:14:44	2,15	4,06	30,15	27,02	1452,88
466	01.08.2025 09:14:45	2,12	4,10	30,19	27,02	1452,76
467	01.08.2025 09:14:46	2,08	4,11	30,22	27,02	1452,64
468	01.08.2025 09:14:47	2,04	4,15	30,26	27,02	1452,52
469	01.08.2025 09:14:48	2,00	4,16	30,29	27,02	1452,40
470	01.08.2025 09:14:49	2,00	4,18	30,29	27,02	1452,40
471	01.08.2025 09:14:50	1,96	4,21	30,29	26,99	1452,24
472	01.08.2025 09:14:51	1,96	4,23	30,33	27,02	1452,29
473	01.08.2025 09:14:52	1,93	4,26	30,36	27,02	1452,17
474	01.08.2025 09:14:53	1,93	4,30	30,36	27,02	1452,18
475	01.08.2025 09:14:54	1,89	4,33	30,40	27,02	1452,06
476	01.08.2025 09:14:55	1,89	4,37	30,36	26,99	1452,02
477	01.08.2025 09:14:56	1,85	4,38	30,40	26,99	1451,90
478	01.08.2025 09:14:57	1,85	4,38	30,43	27,01	1451,94
479	01.08.2025 09:14:58	1,81	4,41	30,43	26,99	1451,78
480	01.08.2025 09:14:59	1,81	4,43	30,43	26,99	1451,79
481	01.08.2025 09:15:00	1,77	4,43	30,47	26,99	1451,66
482	01.08.2025 09:15:01	1,77	4,46	30,50	27,01	1451,71
483	01.08.2025 09:15:02	1,73	4,46	30,54	27,01	1451,59
484	01.08.2025 09:15:03	1,73	4,48	30,54	27,01	1451,59
485	01.08.2025 09:15:04	1,73	4,50	30,54	27,01	1451,59
486	01.08.2025 09:15:05	1,70	4,51	30,58	27,01	1451,47
487	01.08.2025 09:15:06	1,70	4,55	30,54	26,98	1451,43
488	01.08.2025 09:15:07	1,66	4,56	30,58	26,98	1451,31
489	01.08.2025 09:15:08	1,66	4,58	30,58	26,98	1451,31
490	01.08.2025 09:15:09	1,66	4,60	30,58	26,98	1451,32
491	01.08.2025 09:15:10	1,62	4,63	30,61	26,98	1451,20
492	01.08.2025 09:15:11	1,62	4,65	30,61	26,98	1451,20
493	01.08.2025 09:15:12	1,62	4,67	30,61	26,98	1451,20
494	01.08.2025 09:15:13	1,58	4,70	30,65	26,98	1451,09
495	01.08.2025 09:15:14	1,58	4,72	30,62	26,96	1451,04
496	01.08.2025 09:15:15	1,54	4,75	30,65	26,96	1450,92
497	01.08.2025 09:15:16	1,54	4,78	30,65	26,95	1450,93
498	01.08.2025 09:15:17	1,50	4,82	30,66	26,93	1450,77
499	01.08.2025 09:15:18	1,50	4,83	30,66	26,93	1450,77
500	01.08.2025 09:15:19	1,50	4,85	30,62	26,90	1450,73
501	01.08.2025 09:15:20	1,46	4,87	30,63	26,87	1450,56
502	01.08.2025 09:15:21	1,42	4,90	30,66	26,87	1450,44
503	01.08.2025 09:15:22	1,39	4,93	30,70	26,87	1450,32
504	01.08.2025 09:15:23	1,39	4,97	30,67	26,84	1450,28
505	01.08.2025 09:15:24	1,35	4,98	30,70	26,84	1450,16
506	01.08.2025 09:15:25	1,35	5,02	30,70	26,84	1450,16
507	01.08.2025 09:15:26	1,35	5,05	30,70	26,84	1450,17
508	01.08.2025 09:15:27	1,31	5,09	30,74	26,84	1450,05
509	01.08.2025 09:15:28	1,31	5,12	30,74	26,84	1450,05
510	01.08.2025 09:15:29	1,31	5,14	30,74	26,84	1450,06
511	01.08.2025 09:15:30	1,31	5,17	30,74	26,84	1450,06
512	01.08.2025 09:15:31	1,27	5,21	30,78	26,84	1449,94
513	01.08.2025 09:15:32	1,27	5,22	30,78	26,84	1449,94
514	01.08.2025 09:15:33	1,23	5,26	30,81	26,84	1449,82
515	01.08.2025 09:15:34	1,23	5,29	30,81	26,84	1449,83
516	01.08.2025 09:15:35	1,23	5,31	30,81	26,84	1449,83
517	01.08.2025 09:15:36	1,23	5,35	30,81	26,84	1449,84
518	01.08.2025 09:15:37	1,19	5,38	30,88	26,87	1449,76
519	01.08.2025 09:15:38	1,19	5,43	30,88	26,87	1449,77
520	01.08.2025 09:15:39	1,19	5,45	30,88	26,87	1449,77
521	01.08.2025 09:15:40	1,19	5,48	30,88	26,87	1449,78
522	01.08.2025 09:15:41	1,15	5,50	30,92	26,87	1449,65
523	01.08.2025 09:15:42	1,15	5,53	30,92	26,87	1449,66
524	01.08.2025 09:15:43	1,15	5,57	30,92	26,87	1449,66
525	01.08.2025 09:15:44	1,11	5,60	30,96	26,87	1449,54
526	01.08.2025 09:15:45	1,11	5,64	30,96	26,87	1449,55
527	01.08.2025 09:15:46	1,11	5,67	30,96	26,87	1449,55
528	01.08.2025 09:15:47	1,07	5,69	31,00	26,86	1449,43
529	01.08.2025 09:15:48	1,07	5,72	30,99	26,86	1449,44
530	01.08.2025 09:15:49	1,07	5,76	30,96	26,84	1449,40
531	01.08.2025 09:15:50	1,07	5,79	30,96	26,84	1449,40
532	01.08.2025 09:15:51	1,07	5,83	30,96	26,84	1449,41
533	01.08.2025 09:15:52	1,04	5,86	31,00	26,84	1449,29
534	01.08.2025 09:15:53	1,04	5,89	31,03	26,86	1449,34
535	01.08.2025 09:15:54	1,04	5,93	31,03	26,86	1449,34
536	01.08.2025 09:15:55	1,04	5,97	31,03	26,86	1449,35
537	01.08.2025 09:15:56	1,04	6,00	31,03	26,86	1449,35
538	01.08.2025 09:15:57	1,04	6,02	31,03	26,86	1449,36
539	01.08.2025 09:15:58	1,00	6,07	31,07	26,86	1449,24
540	01.08.2025 09:15:59	1,00	6,10	31,07	26,86	1449,24
541	01.08.2025 09:16:00	1,00	6,14	31,07	26,86	1449,25
542	01.08.2025 09:16:01	1,00	6,16	31,03	26,84	1449,20
543	01.08.2025 09:16:02	1,00	6,19	31,03	26,84	1449,21
544	01.08.2025 09:16:03	0,96	6,22	31,11	26,86	1449,13
545	01.08.2025 09:16:04	0,96	6,26	31,11	26,86	1449,14
546	01.08.2025 09:16:05	0,96	6,26	31,11	26,86	1449,14
547	01.08.2025 09:16:06	0,96	6,29	31,11	26,86	1449,14
548	01.08.2025 09:16:07	0,96	6,35	31,10	26,86	1449,15
549	01.08.2025 09:16:08	0,96	6,36	31,10	26,86	1449,16
550	01.08.2025 09:16:09	0,96	6,38	31,10	26,86	1449,16
551	01.08.2025 09:16:10	0,96	6,40	31,10	26,86	1449,16
552	01.08.2025 09:16:11	0,96	6,45	31,10	26,86	1449,17
553	01.08.2025 09:16:12	0,92	6,47	31,14	26,86	1449,04
554	01.08.2025 09:16:13	0,92	6,45	31,14	26,86	1449,04
555	01.08.2025 09:16:14	0,92	6,48	31,14	26,86	1449,05
556	01.08.2025 09:16:15	0,92	6,52	31,14	26,86	1449,05
557	01.08.2025 09:16:16	0,92	6,54	31,14	26,86	1449,06
558	01.08.2025 09:16:17	0,92	6,54	31,14	26,86	1449,06
559	01.08.2025 09:16:18	0,92	6,55	31,14	26,86	1449,06
560	01.08.2025 09:16:19	0,92	6,57	31,14	26,86	1449,06
561	01.08.2025 09:16:20	0,92	6,59	31,14	26,86	1449,06
562	01.08.2025 09:16:21	0,92	6,61	31,14	26,86	1449,07
563	01.08.2025 09:16:22	0,92	6,61	31,14	26,86	1449,07
564	01.08.2025 09:16:23	0,88	6,60	31,18	26,86	1448,94
565	01.08.2025 09:16:24	0,88	6,62	31,18	26,86	1448,94
566	01.08.2025 09:16:25	0,88	6,64	31,18	26,86	1448,94
567	01.08.2025 09:16:26	0,88	6,64	31,18	26,86	1448,94
568	01.08.2025 09:16:27	0,88	6,64	31,18	26,86	1448,94
569	01.08.2025 09:16:28	0,88	6,66	31,18	26,86	1448,95
570	01.08.2025 09:16:29	0,88	6,66	31,18	26,86	1448,95
571	01.08.2025 09:16:30	0,88	6,66	31,18	26,86	1448,95
572	01.08.2025 09:16:31	0,88	6,67	31,18	26,86	1448,95
573	01.08.2025 09:16:32	0,88	6,66	31,18	26,86	1448,95
574	01.08.2025 09:16:33	0,88	6,67	31,18	26,86	1448,95
575	01.08.2025 09:16:34	0,88	6,69	31,18	26,86	1448,95
576	01.08.2025 09:16:35	0,88	6,69	31,18	26,86	1448,95
577	01.08.2025 09:16:36	0,88	6,69	31,18	26,86	1448,95
578	01.08.2025 09:16:37	0,88	6,69	31,18	26,86	1448,95
579	01.08.2025 09:16:38	0,88	6,71	31,18	26,86	1448,96
580	01.08.2025 09:16:39	0,88	6,71	31,18	26,86	1448,96
581	01.08.2025 09:16:40	0,88	6,71	31,18	26,86	1448,96
582	01.08.2025 09:16:41	0,84	6,71	31,22	26,86	1448,83
583	01.08.2025 09:16:42	0,84	6,71	31,22	26,86	1448,83
584	01.08.2025 09:16:43	0,84	6,71	31,22	26,86	1448,83
585	01.08.2025 09:16:44	0,84	6,71	31,22	26,86	1448,83
586	01.08.2025 09:16:45	0,84	6,72	31,22	26,86	1448,83
587	01.08.2025 09:16:46	0,84	6,72	31,22	26,86	1448,83
588	01.08.2025 09:16:47	0,84	6,72	31,22	26,86	1448,83
589	01.08.2025 09:16:48	0,84	6,71	31,22	26,86	1448,83
590	01.08.2025 09:16:49	0,84	6,71	31,22	26,86	1448,83
591	01.08.2025 09:16:50	0,84	6,74	31,22	26,86	1448,83
592	01.08.2025 09:16:51	0,84	6,72	31,22	26,86	1448,83
593	01.08.2025 09:16:52	0,84	6,71	31,22	26,86	1448,83
594	01.08.2025 09:16:53	0,84	6,72	31,22	26,86	1448,83
595	01.08.2025 09:16:54	0,84	6,72	31,22	26,86	1448,83
596	01.08.2025 09:16:55	0,84	6,72	31,22	26,86	1448,83
597	01.08.2025 09:16:56	0,84	6,72	31,22	26,86	1448,83
598	01.08.2025 09:16:57	0,84	6,72	31,22	26,86	1448,83
599	01.08.2025 09:16:58	0,84	6,74	31,22	26,86	1448,83
600	01.08.2025 09:16:59	0,84	6,72	31,22	26,86	1448,83
601	01.08.2025 09:17:00	0,84	6,72	31,22	26,86	1448,83
602	01.08.2025 09:17:01	0,84	6,72	31,22	26,86	1448,83
603	01.08.2025 09:17:02	0,84	6,74	31,22	26,86	1448,83
604	01.08.2025 09:17:03	0,84	6,74	31,22	26,86	1448,83
605	01.08.2025 09:17:04	0,84	6,72	31,22	26,86	1448,83
606	01.08.2025 09:17:05	0,84	6,72	31,22	26,86	1448,83
607	01.08.2025 09:17:06	0,84	6,74	31,25	26,89	1448,88
608	01.08.2025 09:17:07	0,84	6,72	31,22	26,86	1448,83
609	01.08.2025 09:17:08	0,84	6,72	31,22	26,86	1448,83
610	01.08.2025 09:17:09	0,84	6,72	31,22	26,86	1448,83
611	01.08.2025 09:17:10	0,84	6,74	31,22	26,86	1448,83
612	01.08.2025 09:17:11	0,80	6,72	31,26	26,86	1448,70
613	01.08.2025 09:17:12	0,80	6,70	31,26	26,86	1448,70
614	01.08.2025 09:17:13	0,84	6,72	31,22	26,86	1448,83
615	01.08.2025 09:17:14	0,80	6,72	31,26	26,86	1448,70
616	01.08.2025 09:17:15	0,80	6,72	31,26	26,86	1448,70
617	01.08.2025 09:17:16	0,80	6,70	31,26	26,86	1448,70
618	01.08.2025 09:17:17	0,80	6,70	31,26	26,86	1448,70
619	01.08.2025 09:17:18	0,80	6,72	31,26	26,86	1448,70
620	01.08.2025 09:17:19	0,80	6,72	31,26	26,86	1448,70
621	01.08.2025 09:17:20	0,80	6,70	31,26	26,86	1448,70
622	01.08.2025 09:17:21	0,80	6,70	31,26	26,86	1448,70
623	01.08.2025 09:17:22	0,80	6,72	31,26	26,86	1448,70
624	01.08.2025 09:17:23	0,80	6,72	31,22	26,83	1448,66
625	01.08.2025 09:17:24	0,80	6,70	31,26	26,86	1448,70
626	01.08.2025 09:17:25	0,80	6,70	31,26	26,86	1448,70
627	01.08.2025 09:17:26	0,80	6,70	31,26	26,86	1448,70
628	01.08.2025 09:17:27	0,80	6,72	31,26	26,86	1448,70
629	01.08.2025 09:17:28	0,80	6,70	31,26	26,86	1448,70
630	01.08.2025 09:17:29	0,80	6,70	31,26	26,86	1448,70
631	01.08.2025 09:17:30	0,80	6,72	31,26	26,86	1448,70
632	01.08.2025 09:17:31	0,80	6,72	31,26	26,86	1448,70
633	01.08.2025 09:17:32	0,80	6,72	31,26	26,86	1448,70
634	01.08.2025 09:17:33	0,80	6,72	31,26	26,86	1448,70
635	01.08.2025 09:17:34	0,80	6,72	31,26	26,86	1448,70
636	01.08.2025 09:17:35	0,80	6,74	31,26	26,86	1448,71
637	01.08.2025 09:17:36	0,80	6,72	31,26	26,86	1448,70
638	01.08.2025 09:17:37	0,80	6,72	31,26	26,86	1448,70
639	01.08.2025 09:17:38	0,80	6,72	31,26	26,86	1448,70
640	01.08.2025 09:17:39	0,80	6,72	31,29	26,89	1448,75
641	01.08.2025 09:17:40	0,80	6,70	31,26	26,86	1448,70
642	01.08.2025 09:17:41	0,80	6,72	31,26	26,86	1448,70
643	01.08.2025 09:17:42	0,80	6,72	31,26	26,86	1448,70
644	01.08.2025 09:17:43	0,80	6,70	31,26	26,86	1448,70
645	01.08.2025 09:17:44	0,80	6,72	31,26	26,86	1448,70
646	01.08.2025 09:17:45	0,80	6,72	31,26	26,86	1448,70
647	01.08.2025 09:17:46	0,80	6,72	31,26	26,86	1448,70
648	01.08.2025 09:17:47	0,80	6,70	31,26	26,86	1448,70
649	01.08.2025 09:17:48	0,80	6,72	31,26	26,86	1448,70
650	01.08.2025 09:17:49	0,80	6,72	31,26	26,86	1448,70
651	01.08.2025 09:17:50	0,80	6,72	31,26	26,86	1448,70
652	01.08.2025 09:17:51	0,80	6,70	31,26	26,86	1448,70
653	01.08.2025 09:17:52	0,80	6,74	31,26	26,86	1448,71
654	01.08.2025 09:17:53	0,80	6,74	31,26	26,86	1448,71
655	01.08.2025 09:17:54	0,80	6,72	31,26	26,86	1448,70
656	01.08.2025 09:17:55	0,80	6,72	31,26	26,86	1448,70
657	01.08.2025 09:17:56	0,80	6,72	31,26	26,86	1448,70
658	01.08.2025 09:17:57	0,80	6,74	31,26	26,86	1448,71
659	01.08.2025 09:17:58	0,80	6,74	31,29	26,89	1448,75
660	01.08.2025 09:17:59	0,80	6,72	31,26	26,86	1448,70
661	01.08.2025 09:18:00	0,80	6,72	31,26	26,86	1448,70
662	01.08.2025 09:18:01	0,80	6,74	31,26	26,86	1448,71
663	01.08.2025 09:18:02	0,80	6,72	31,26	26,86	1448,70
664	01.08.2025 09:18:03	0,80	6,72	31,26	26,86	1448,70
665	01.08.2025 09:18:04	0,80	6,76	31,26	26,86	1448,71
666	01.08.2025 09:18:05	0,80	6,72	31,26	26,86	1448,70
667	01.08.2025 09:18:06	0,80	6,74	31,26	26,86	1448,71
668	01.08.2025 09:18:07	0,80	6,72	31,22	26,83	1448,66
669	01.08.2025 09:18:08	0,80	6,74	31,26	26,86	1448,71
670	01.08.2025 09:18:09	0,80	6,76	31,26	26,86	1448,71
671	01.08.2025 09:18:10	0,80	6,74	31,29	26,89	1448,75
672	01.08.2025 09:18:11	0,80	6,74	31,26	26,86	1448,71
673	01.08.2025 09:18:12	0,80	6,74	31,26	26,86	1448,71
674	01.08.2025 09:18:13	0,80	6,74	31,22	26,83	1448,66
675	01.08.2025 09:18:14	0,80	6,74	31,26	26,86	1448,71
676	01.08.2025 09:18:15	0,80	6,74	31,29	26,89	1448,75
677	01.08.2025 09:18:16	0,80	6,74	31,29	26,89	1448,75
678	01.08.2025 09:18:17	0,80	6,74	31,26	26,86	1448,71
679	01.08.2025 09:18:18	0,80	6,74	31,26	26,86	1448,71
680	01.08.2025 09:18:19	0,80	6,74	31,26	26,86	1448,71
681	01.08.2025 09:18:20	0,80	6,72	31,26	26,86	1448,70
682	01.08.2025 09:18:21	0,80	6,69	31,26	26,86	1448,70
683	01.08.2025 09:18:22	0,80	6,67	31,26	26,86	1448,69
684	01.08.2025 09:18:23	0,80	6,67	31,29	26,89	1448,74
685	01.08.2025 09:18:24	0,80	6,67	31,26	26,86	1448,69
686	01.08.2025 09:18:25	0,80	6,69	31,26	26,86	1448,70
687	01.08.2025 09:18:26	0,80	6,69	31,26	26,86	1448,70
688	01.08.2025 09:18:27	0,80	6,70	31,26	26,86	1448,70
689	01.08.2025 09:18:28	0,80	6,69	31,26	26,86	1448,70
690	01.08.2025 09:18:29	0,80	6,70	31,26	26,86	1448,70
691	01.08.2025 09:18:30	0,80	6,72	31,26	26,86	1448,70
692	01.08.2025 09:18:31	0,80	6,70	31,26	26,86	1448,70
693	01.08.2025 09:18:32	0,80	6,70	31,26	26,86	1448,70
694	01.08.2025 09:18:33	0,80	6,70	31,26	26,86	1448,70
695	01.08.2025 09:18:34	0,80	6,70	31,26	26,86	1448,70
696	01.08.2025 09:18:35	0,80	6,70	31,29	26,89	1448,75
697	01.08.2025 09:18:36	0,80	6,70	31,26	26,86	1448,70
698	01.08.2025 09:18:37	0,80	6,70	31,26	26,86	1448,70
699	01.08.2025 09:18:38	0,80	6,70	31,29	26,89	1448,75
700	01.08.2025 09:18:39	0,80	6,70	31,26	26,86	1448,70
701	01.08.2025 09:18:40	0,80	6,70	31,26	26,86	1448,70
702	01.08.2025 09:18:41	0,80	6,70	31,26	26,86	1448,70
703	01.08.2025 09:18:42	0,80	6,70	31,26	26,86	1448,70
704	01.08.2025 09:18:43	0,80	6,70	31,26	26,86	1448,70
705	01.08.2025 09:18:44	0,80	6,69	31,26	26,86	1448,70
706	01.08.2025 09:18:45	0,80	6,69	31,26	26,86	1448,70
707	01.08.2025 09:18:46	0,80	6,69	31,26	26,86	1448,70
708	01.08.2025 09:18:47	0,80	6,70	31,26	26,86	1448,70
709	01.08.2025 09:18:48	0,80	6,70	31,26	26,86	1448,70
710	01.08.2025 09:18:49	0,80	6,69	31,26	26,86	1448,70
711	01.08.2025 09:18:50	0,80	6,70	31,26	26,86	1448,70
712	01.08.2025 09:18:51	0,80	6,70	31,29	26,89	1448,75
713	01.08.2025 09:18:52	0,80	6,69	31,26	26,86	1448,70
714	01.08.2025 09:18:53	0,80	6,70	31,29	26,89	1448,75
715	01.08.2025 09:18:54	0,80	6,70	31,26	26,86	1448,70
716	01.08.2025 09:18:55	0,80	6,70	31,26	26,86	1448,70
717	01.08.2025 09:18:56	0,80	6,70	31,29	26,89	1448,75
718	01.08.2025 09:18:57	0,80	6,69	31,26	26,86	1448,70
719	01.08.2025 09:18:58	0,80	6,69	31,29	26,89	1448,74
720	01.08.2025 09:18:59	0,80	6,70	31,26	26,86	1448,70
721	01.08.2025 09:19:00	0,80	6,70	31,26	26,86	1448,70
722	01.08.2025 09:19:01	0,80	6,69	31,26	26,86	1448,70
723	01.08.2025 09:19:02	0,80	6,70	31,26	26,86	1448,70
724	01.08.2025 09:19:03	0,80	6,72	31,26	26,86	1448,70
725	01.08.2025 09:19:04	0,80	6,70	31,26	26,86	1448,70
726	01.08.2025 09:19:05	0,80	6,70	31,26	26,86	1448,70
727	01.08.2025 09:19:06	0,80	6,70	31,26	26,86	1448,70
728	01.08.2025 09:19:07	0,80	6,70	31,29	26,89	1448,75
729	01.08.2025 09:19:08	0,80	6,70	31,26	26,86	1448,70
730	01.08.2025 09:19:09	0,80	6,69	31,26	26,86	1448,70
731	01.08.2025 09:19:10	0,80	6,69	31,26	26,86	1448,70
732	01.08.2025 09:19:11	0,80	6,70	31,26	26,86	1448,70
733	01.08.2025 09:19:12	0,80	6,69	31,26	26,86	1448,70
734	01.08.2025 09:19:13	0,80	6,69	31,26	26,86	1448,70
735	01.08.2025 09:19:14	0,80	6,69	31,26	26,86	1448,70
736	01.08.2025 09:19:15	0,80	6,70	31,26	26,86	1448,70
737	01.08.2025 09:19:16	0,80	6,70	31,29	26,89	1448,75
738	01.08.2025 09:19:17	0,80	6,70	31,26	26,86	1448,70
739	01.08.2025 09:19:18	0,80	6,69	31,26	26,86	1448,70
740	01.08.2025 09:19:19	0,80	6,70	31,26	26,86	1448,70
741	01.08.2025 09:19:20	0,80	6,70	31,26	26,86	1448,70
742	01.08.2025 09:19:21	0,80	6,70	31,26	26,86	1448,70
743	01.08.2025 09:19:22	0,80	6,70	31,26	26,86	1448,70
744	01.08.2025 09:19:23	0,80	6,70	31,29	26,89	1448,75
745	01.08.2025 09:19:24	0,80	6,70	31,26	26,86	1448,70
746	01.08.2025 09:19:25	0,80	6,69	31,26	26,86	1448,70
747	01.08.2025 09:19:26	0,80	6,69	31,26	26,86	1448,70
748	01.08.2025 09:19:27	0,80	6,70	31,26	26,86	1448,70
749	01.08.2025 09:19:28	0,80	6,70	31,26	26,86	1448,70
750	01.08.2025 09:19:29	0,80	6,70	31,26	26,86	1448,70
751	01.08.2025 09:19:30	0,80	6,69	31,26	26,86	1448,70
752	01.08.2025 09:19:31	0,80	6,70	31,26	26,86	1448,70
753	01.08.2025 09:19:32	0,80	6,70	31,26	26,86	1448,70
754	01.08.2025 09:19:33	0,80	6,69	31,26	26,86	1448,70
755	01.08.2025 09:19:34	0,80	6,69	31,26	26,86	1448,70
756	01.08.2025 09:19:35	0,80	6,69	31,26	26,86	1448,70
757	01.08.2025 09:19:36	0,80	6,70	31,26	26,86	1448,70
758	01.08.2025 09:19:37	0,80	6,69	31,26	26,86	1448,70
759	01.08.2025 09:19:38	0,80	6,70	31,26	26,86	1448,70
760	01.08.2025 09:19:39	0,80	6,70	31,26	26,86	1448,70
761	01.08.2025 09:19:40	0,80	6,70	31,26	26,86	1448,70
762	01.08.2025 09:19:41	0,80	6,70	31,26	26,86	1448,70
763	01.08.2025 09:19:42	0,80	6,70	31,26	26,86	1448,70
764	01.08.2025 09:19:43	0,80	6,70	31,26	26,86	1448,70
765	01.08.2025 09:19:44	0,80	6,70	31,26	26,86	1448,70
766	01.08.2025 09:19:45	0,80	6,70	31,26	26,86	1448,70
767	01.08.2025 09:19:46	0,80	6,70	31,26	26,86	1448,70
768	01.08.2025 09:19:47	0,80	6,70	31,26	26,86	1448,70
769	01.08.2025 09:19:48	0,80	6,70	31,26	26,86	1448,70
770	01.08.2025 09:19:49	0,80	6,69	31,26	26,86	1448,70
771	01.08.2025 09:19:50	0,80	6,70	31,26	26,86	1448,70
772	01.08.2025 09:19:51	0,80	6,72	31,26	26,86	1448,70
773	01.08.2025 09:19:52	0,80	6,69	31,26	26,86	1448,70
774	01.08.2025 09:19:53	0,80	6,70	31,26	26,86	1448,70
775	01.08.2025 09:19:54	0,80	6,69	31,29	26,89	1448,74
776	01.08.2025 09:19:55	0,80	6,70	31,26	26,86	1448,70
777	01.08.2025 09:19:56	0,80	6,70	31,26	26,86	1448,70
778	01.08.2025 09:19:57	0,80	6,69	31,26	26,86	1448,70
779	01.08.2025 09:19:58	0,80	6,69	31,29	26,89	1448,74
780	01.08.2025 09:19:59	0,80	6,69	31,26	26,86	1448,70
781	01.08.2025 09:20:00	0,80	6,69	31,29	26,89	1448,74
782	01.08.2025 09:20:01	0,80	6,70	31,26	26,86	1448,70
783	01.08.2025 09:20:02	0,80	6,69	31,26	26,86	1448,70
784	01.08.2025 09:20:03	0,80	6,69	31,29	26,89	1448,74
785	01.08.2025 09:20:04	0,80	6,70	31,26	26,86	1448,70
786	01.08.2025 09:20:05	0,80	6,69	31,26	26,86	1448,70
787	01.08.2025 09:20:06	0,80	6,69	31,26	26,86	1448,70
788	01.08.2025 09:20:07	0,80	6,69	31,29	26,89	1448,74
789	01.08.2025 09:20:08	0,80	6,69	31,26	26,86	1448,70
790	01.08.2025 09:20:09	0,80	6,69	31,26	26,86	1448,70
791	01.08.2025 09:20:10	0,80	6,70	31,26	26,86	1448,70
792	01.08.2025 09:20:11	0,80	6,69	31,26	26,86	1448,70
793	01.08.2025 09:20:12	0,80	6,67	31,26	26,86	1448,69
794	01.08.2025 09:20:13	0,80	6,69	31,26	26,86	1448,70
795	01.08.2025 09:20:14	0,80	6,70	31,29	26,89	1448,75
796	01.08.2025 09:20:15	0,80	6,70	31,26	26,86	1448,70
797	01.08.2025 09:20:16	0,80	6,67	31,26	26,86	1448,69
798	01.08.2025 09:20:17	0,80	6,69	31,26	26,86	1448,70
799	01.08.2025 09:20:18	0,80	6,70	31,29	26,89	1448,75
800	01.08.2025 09:20:19	0,80	6,69	31,26	26,86	1448,70
801	01.08.2025 09:20:20	0,80	6,70	31,29	26,89	1448,75
802	01.08.2025 09:20:21	0,80	6,70	31,26	26,86	1448,70
803	01.08.2025 09:20:22	0,80	6,69	31,26	26,86	1448,70
804	01.08.2025 09:20:23	0,80	6,69	31,26	26,86	1448,70
805	01.08.2025 09:20:24	0,80	6,70	31,29	26,89	1448,75
806	01.08.2025 09:20:25	0,80	6,67	31,26	26,86	1448,69
807	01.08.2025 09:20:26	0,80	6,65	31,26	26,86	1448,69
808	01.08.2025 09:20:27	0,80	6,70	31,26	26,86	1448,70
809	01.08.2025 09:20:28	0,80	6,67	31,26	26,86	1448,69
810	01.08.2025 09:20:29	0,80	6,65	31,26	26,86	1448,69
811	01.08.2025 09:20:30	0,80	6,67	31,26	26,86	1448,69
812	01.08.2025 09:20:31	0,80	6,69	31,29	26,89	1448,74
813	01.08.2025 09:20:32	0,80	6,67	31,26	26,86	1448,69
814	01.08.2025 09:20:33	0,80	6,65	31,26	26,86	1448,69
815	01.08.2025 09:20:34	0,80	6,67	31,26	26,86	1448,69
816	01.08.2025 09:20:35	0,80	6,67	31,26	26,86	1448,69
817	01.08.2025 09:20:36	0,80	6,67	31,26	26,86	1448,69
818	01.08.2025 09:20:37	0,80	6,67	31,26	26,86	1448,69
819	01.08.2025 09:20:38	0,80	6,69	31,29	26,89	1448,74
820	01.08.2025 09:20:39	0,80	6,69	31,26	26,86	1448,70
821	01.08.2025 09:20:40	0,80	6,67	31,26	26,86	1448,69
822	01.08.2025 09:20:41	0,80	6,69	31,26	26,86	1448,70
823	01.08.2025 09:20:42	0,80	6,69	31,26	26,86	1448,70
824	01.08.2025 09:20:43	0,80	6,69	31,26	26,86	1448,70
825	01.08.2025 09:20:44	0,80	6,69	31,26	26,86	1448,70
826	01.08.2025 09:20:45	0,80	6,69	31,26	26,86	1448,70
827	01.08.2025 09:20:46	0,80	6,67	31,26	26,86	1448,69
828	01.08.2025 09:20:47	0,80	6,67	31,26	26,86	1448,69
829	01.08.2025 09:20:48	0,80	6,69	31,26	26,86	1448,70
830	01.08.2025 09:20:49	0,80	6,69	31,26	26,86	1448,70
831	01.08.2025 09:20:50	0,80	6,69	31,26	26,86	1448,70
832	01.08.2025 09:20:51	0,80	6,69	31,26	26,86	1448,70
833	01.08.2025 09:20:52	0,80	6,70	31,26	26,86	1448,70
834	01.08.2025 09:20:53	0,80	6,69	31,26	26,86	1448,70
835	01.08.2025 09:20:54	0,80	6,69	31,26	26,86	1448,70
836	01.08.2025 09:20:55	0,80	6,69	31,26	26,86	1448,70
837	01.08.2025 09:20:56	0,80	6,69	31,26	26,86	1448,70
838	01.08.2025 09:20:57	0,80	6,69	31,26	26,86	1448,70
839	01.08.2025 09:20:58	0,80	6,69	31,26	26,86	1448,70
840	01.08.2025 09:20:59	0,80	6,67	31,29	26,89	1448,74
841	01.08.2025 09:21:00	0,80	6,69	31,26	26,86	1448,70
842	01.08.2025 09:21:01	0,80	6,69	31,26	26,86	1448,70
843	01.08.2025 09:21:02	0,80	6,69	31,26	26,86	1448,70
844	01.08.2025 09:21:03	0,80	6,69	31,26	26,86	1448,70
845	01.08.2025 09:21:04	0,80	6,69	31,26	26,86	1448,70
846	01.08.2025 09:21:05	0,80	6,69	31,26	26,86	1448,70
847	01.08.2025 09:21:06	0,80	6,69	31,26	26,86	1448,70
848	01.08.2025 09:21:07	0,80	6,70	31,26	26,86	1448,70
849	01.08.2025 09:21:08	0,80	6,70	31,26	26,86	1448,70
850	01.08.2025 09:21:09	0,80	6,72	31,26	26,86	1448,70
851	01.08.2025 09:21:10	0,80	6,72	31,26	26,86	1448,70
852	01.08.2025 09:21:11	0,80	6,72	31,29	26,89	1448,75
853	01.08.2025 09:21:12	0,80	6,70	31,26	26,86	1448,70
854	01.08.2025 09:21:13	0,80	6,70	31,29	26,89	1448,75
855	01.08.2025 09:21:14	0,80	6,70	31,29	26,89	1448,75
856	01.08.2025 09:21:15	0,80	6,70	31,26	26,86	1448,70
857	01.08.2025 09:21:16	0,80	6,69	31,26	26,86	1448,70
858	01.08.2025 09:21:17	0,80	6,67	31,29	26,89	1448,74
859	01.08.2025 09:21:18	0,80	6,65	31,26	26,86	1448,69
860	01.08.2025 09:21:19	0,80	6,65	31,26	26,86	1448,69
861	01.08.2025 09:21:20	0,80	6,62	31,26	26,86	1448,69
862	01.08.2025 09:21:21	0,80	6,60	31,26	26,86	1448,68
863	01.08.2025 09:21:22	0,80	6,58	31,26	26,86	1448,68
864	01.08.2025 09:21:23	0,80	6,55	31,29	26,89	1448,72
865	01.08.2025 09:21:24	0,80	6,51	31,29	26,89	1448,72
866	01.08.2025 09:21:25	0,80	6,46	31,26	26,86	1448,66
867	01.08.2025 09:21:26	0,80	6,42	31,26	26,86	1448,66
868	01.08.2025 09:21:27	0,80	6,39	31,26	26,86	1448,65
869	01.08.2025 09:21:28	0,80	6,34	31,26	26,86	1448,64
870	01.08.2025 09:21:29	0,80	6,27	31,26	26,86	1448,63
871	01.08.2025 09:21:30	0,80	6,23	31,26	26,86	1448,63
872	01.08.2025 09:21:31	0,80	6,16	31,26	26,86	1448,62
873	01.08.2025 09:21:32	0,80	6,13	31,29	26,89	1448,66
874	01.08.2025 09:21:33	0,80	6,07	31,26	26,86	1448,60
875	01.08.2025 09:21:34	0,80	6,00	31,26	26,86	1448,59
876	01.08.2025 09:21:35	0,80	5,95	31,26	26,86	1448,58
877	01.08.2025 09:21:36	0,80	5,90	31,26	26,86	1448,58
878	01.08.2025 09:21:37	0,80	5,83	31,26	26,86	1448,56
879	01.08.2025 09:21:38	0,80	5,78	31,26	26,86	1448,56
880	01.08.2025 09:21:39	0,80	5,71	31,26	26,86	1448,55
881	01.08.2025 09:21:40	0,80	5,67	31,26	26,86	1448,54
882	01.08.2025 09:21:41	0,80	5,60	31,26	26,86	1448,53
883	01.08.2025 09:21:42	0,80	5,55	31,26	26,86	1448,52
884	01.08.2025 09:21:43	0,80	5,51	31,26	26,86	1448,52
885	01.08.2025 09:21:44	0,80	5,48	31,26	26,86	1448,51
886	01.08.2025 09:21:45	0,80	5,43	31,30	26,89	1448,55
887	01.08.2025 09:21:46	0,80	5,39	31,30	26,89	1448,54
888	01.08.2025 09:21:47	0,84	5,32	31,26	26,89	1448,66
889	01.08.2025 09:21:48	0,84	5,27	31,23	26,86	1448,61
890	01.08.2025 09:21:49	0,84	5,24	31,23	26,86	1448,60
891	01.08.2025 09:21:50	0,84	5,20	31,23	26,86	1448,59
892	01.08.2025 09:21:51	0,84	5,15	31,23	26,86	1448,59
893	01.08.2025 09:21:52	0,84	5,10	31,23	26,86	1448,58
894	01.08.2025 09:21:53	0,84	5,04	31,23	26,86	1448,57
895	01.08.2025 09:21:54	0,88	5,01	31,19	26,86	1448,69
896	01.08.2025 09:21:55	0,88	4,96	31,22	26,89	1448,73
897	01.08.2025 09:21:56	0,88	4,92	31,33	26,97	1448,86
898	01.08.2025 09:21:57	0,92	4,91	31,25	26,94	1448,94
899	01.08.2025 09:21:58	0,96	4,86	31,28	27,00	1449,15
900	01.08.2025 09:21:59	1,00	4,79	31,25	27,00	1449,26
901	01.08.2025 09:22:00	1,00	4,75	31,28	27,02	1449,31
902	01.08.2025 09:22:01	1,04	4,70	31,21	27,00	1449,38
903	01.08.2025 09:22:02	1,04	4,65	31,21	27,00	1449,37
904	01.08.2025 09:22:03	1,04	4,62	31,21	27,00	1449,36
905	01.08.2025 09:22:04	1,04	4,58	31,21	27,00	1449,36
906	01.08.2025 09:22:05	1,04	4,53	31,21	27,00	1449,35
907	01.08.2025 09:22:06	1,07	4,50	31,21	27,03	1449,52
908	01.08.2025 09:22:07	1,07	4,46	31,21	27,03	1449,51
909	01.08.2025 09:22:08	1,07	4,43	31,24	27,05	1449,55
910	01.08.2025 09:22:09	1,07	4,39	31,21	27,03	1449,50
911	01.08.2025 09:22:10	1,11	4,34	31,17	27,03	1449,62
912	01.08.2025 09:22:11	1,11	4,32	31,20	27,05	1449,66
913	01.08.2025 09:22:12	1,11	4,27	31,24	27,08	1449,70
914	01.08.2025 09:22:13	1,15	4,25	31,20	27,08	1449,82
915	01.08.2025 09:22:14	1,15	4,20	31,23	27,11	1449,86
916	01.08.2025 09:22:15	1,19	4,19	31,19	27,11	1449,98
917	01.08.2025 09:22:16	1,19	4,15	31,20	27,11	1449,98
918	01.08.2025 09:22:17	1,19	4,13	31,20	27,11	1449,97
919	01.08.2025 09:22:18	1,19	4,10	31,20	27,11	1449,97
920	01.08.2025 09:22:19	1,23	4,07	31,16	27,11	1450,09
921	01.08.2025 09:22:20	1,23	4,05	31,19	27,14	1450,13
922	01.08.2025 09:22:21	1,23	4,01	31,19	27,14	1450,13
923	01.08.2025 09:22:22	1,23	4,00	31,19	27,14	1450,12
924	01.08.2025 09:22:23	1,27	3,95	31,15	27,14	1450,24
925	01.08.2025 09:22:24	1,27	3,93	31,19	27,16	1450,28
926	01.08.2025 09:22:25	1,27	3,89	31,19	27,16	1450,28
927	01.08.2025 09:22:26	1,27	3,88	31,19	27,16	1450,27
928	01.08.2025 09:22:27	1,31	3,84	31,18	27,19	1450,44
929	01.08.2025 09:22:28	1,31	3,82	31,19	27,19	1450,44
930	01.08.2025 09:22:29	1,31	3,81	31,15	27,16	1450,39
931	01.08.2025 09:22:30	1,31	3,77	31,19	27,19	1450,43
932	01.08.2025 09:22:31	1,31	3,74	31,19	27,19	1450,42
933	01.08.2025 09:22:32	1,35	3,72	31,15	27,19	1450,54
934	01.08.2025 09:22:33	1,35	3,69	31,15	27,19	1450,54
935	01.08.2025 09:22:34	1,35	3,67	31,15	27,19	1450,54
936	01.08.2025 09:22:35	1,35	3,63	31,18	27,22	1450,58
937	01.08.2025 09:22:36	1,39	3,60	31,11	27,19	1450,65
938	01.08.2025 09:22:37	1,39	3,57	31,08	27,17	1450,60
939	01.08.2025 09:22:38	1,39	3,57	31,08	27,17	1450,60
940	01.08.2025 09:22:39	1,39	3,53	31,04	27,14	1450,55
941	01.08.2025 09:22:40	1,39	3,50	31,08	27,17	1450,59
942	01.08.2025 09:22:41	1,39	3,48	31,15	27,22	1450,68
943	01.08.2025 09:22:42	1,42	3,45	31,21	27,30	1450,93
944	01.08.2025 09:22:43	1,46	3,43	31,37	27,46	1451,32
945	01.08.2025 09:22:44	1,54	3,38	31,40	27,54	1451,69
946	01.08.2025 09:22:45	1,62	3,37	31,39	27,60	1452,02
947	01.08.2025 09:22:46	1,70	3,32	31,49	27,73	1452,48
948	01.08.2025 09:22:47	1,81	3,31	31,81	28,08	1453,42
949	01.08.2025 09:22:48	1,93	3,26	31,66	28,06	1453,73
950	01.08.2025 09:22:49	2,04	3,20	31,45	27,98	1453,94
951	01.08.2025 09:22:50	2,08	3,15	31,25	27,85	1453,84
952	01.08.2025 09:22:51	2,08	3,11	31,15	27,77	1453,70
953	01.08.2025 09:22:52	2,08	3,10	31,18	27,80	1453,75
954	01.08.2025 09:22:53	2,08	3,08	31,25	27,85	1453,83
955	01.08.2025 09:22:54	2,12	3,05	31,21	27,85	1453,94
956	01.08.2025 09:22:55	2,15	3,01	31,14	27,82	1454,02
957	01.08.2025 09:22:56	2,15	2,99	31,21	27,88	1454,10
958	01.08.2025 09:22:57	2,19	2,98	31,40	28,07	1454,52
959	01.08.2025 09:22:58	2,27	2,97	31,53	28,23	1455,02
960	01.08.2025 09:22:59	2,34	2,93	31,59	28,34	1455,42
961	01.08.2025 09:23:00	2,46	2,92	31,68	28,50	1456,03
962	01.08.2025 09:23:01	2,53	2,87	31,70	28,58	1456,39
963	01.08.2025 09:23:02	2,65	2,86	31,63	28,61	1456,78
964	01.08.2025 09:23:03	2,72	2,81	31,62	28,67	1457,09
965	01.08.2025 09:23:04	2,80	2,78	31,55	28,67	1457,32
966	01.08.2025 09:23:05	2,87	2,77	31,48	28,67	1457,55
967	01.08.2025 09:23:06	2,91	2,75	31,41	28,65	1457,62
968	01.08.2025 09:23:07	2,95	2,72	31,37	28,65	1457,73
969	01.08.2025 09:23:08	2,98	2,72	31,37	28,67	1457,89
970	01.08.2025 09:23:09	2,98	2,71	31,40	28,70	1457,93
971	01.08.2025 09:23:10	3,06	2,67	31,33	28,70	1458,15
972	01.08.2025 09:23:11	3,10	2,68	31,33	28,73	1458,31
973	01.08.2025 09:23:12	3,10	2,64	31,36	28,76	1458,34
974	01.08.2025 09:23:13	3,13	2,63	31,36	28,78	1458,50
975	01.08.2025 09:23:14	3,17	2,61	31,32	28,79	1458,61
976	01.08.2025 09:23:15	3,21	2,60	31,29	28,79	1458,72
977	01.08.2025 09:23:16	3,25	2,60	31,25	28,79	1458,84
978	01.08.2025 09:23:17	3,28	2,58	31,25	28,81	1458,99
979	01.08.2025 09:23:18	3,28	2,58	31,28	28,84	1459,03
980	01.08.2025 09:23:19	3,32	2,55	31,25	28,84	1459,14
981	01.08.2025 09:23:20	3,36	2,53	31,25	28,87	1459,29
982	01.08.2025 09:23:21	3,39	2,52	31,21	28,87	1459,40
983	01.08.2025 09:23:22	3,43	2,52	31,21	28,90	1459,56
984	01.08.2025 09:23:23	3,47	2,49	31,21	28,93	1459,71
985	01.08.2025 09:23:24	3,47	2,47	31,21	28,93	1459,70
986	01.08.2025 09:23:25	3,50	2,47	31,17	28,93	1459,82
987	01.08.2025 09:23:26	3,54	2,45	31,17	28,95	1459,97
988	01.08.2025 09:23:27	3,58	2,44	31,17	28,98	1460,12
989	01.08.2025 09:23:28	3,62	2,42	31,16	29,01	1460,27
990	01.08.2025 09:23:29	3,62	2,41	31,20	29,04	1460,31
991	01.08.2025 09:23:30	3,65	2,39	31,19	29,06	1460,46
992	01.08.2025 09:23:31	3,69	2,37	31,19	29,09	1460,61
993	01.08.2025 09:23:32	3,73	2,36	31,22	29,15	1460,80
994	01.08.2025 09:23:33	3,76	2,34	31,28	29,23	1461,04
995	01.08.2025 09:23:34	3,84	2,36	31,56	29,52	1461,71
996	01.08.2025 09:23:35	3,95	2,35	31,74	29,77	1462,41
997	01.08.2025 09:23:36	4,09	2,31	31,60	29,77	1462,84
998	01.08.2025 09:23:37	4,20	2,26	31,38	29,66	1463,00
999	01.08.2025 09:23:38	4,27	2,23	31,25	29,61	1463,13
1000	01.08.2025 09:23:39	4,31	2,23	31,21	29,62	1463,24
1001	01.08.2025 09:23:40	4,35	2,20	31,18	29,62	1463,34
1002	01.08.2025 09:23:41	4,35	2,16	31,09	29,54	1463,22
1003	01.08.2025 09:23:42	4,38	2,18	31,09	29,56	1463,37
1004	01.08.2025 09:23:43	4,42	2,17	31,24	29,72	1463,71
1005	01.08.2025 09:23:44	4,49	2,15	31,36	29,89	1464,17
1006	01.08.2025 09:23:45	4,56	2,12	31,42	30,00	1464,54
1007	01.08.2025 09:23:46	4,67	2,09	31,44	30,11	1465,01
1008	01.08.2025 09:23:47	4,78	2,08	31,59	30,32	1465,65
1009	01.08.2025 09:23:48	4,89	2,07	31,70	30,51	1466,24
1010	01.08.2025 09:23:49	5,03	2,04	31,66	30,59	1466,77
1011	01.08.2025 09:23:50	5,14	1,99	31,69	30,70	1467,23
1012	01.08.2025 09:23:51	5,28	2,00	31,74	30,87	1467,88
1013	01.08.2025 09:23:52	5,42	1,97	31,76	31,01	1468,49
1014	01.08.2025 09:23:53	5,56	1,94	31,81	31,17	1469,12
1015	01.08.2025 09:23:54	5,70	1,93	31,92	31,39	1469,84
1016	01.08.2025 09:23:55	5,88	1,89	31,79	31,42	1470,37
1017	01.08.2025 09:23:56	6,02	1,86	31,67	31,42	1470,77
1018	01.08.2025 09:23:57	6,16	1,83	31,66	31,53	1471,31
1019	01.08.2025 09:23:58	6,30	1,82	31,59	31,59	1471,78
1020	01.08.2025 09:23:59	6,40	1,79	31,56	31,65	1472,15
1021	01.08.2025 09:24:00	6,54	1,76	31,55	31,76	1472,69
1022	01.08.2025 09:24:01	6,65	1,77	31,66	31,95	1473,24
1023	01.08.2025 09:24:02	6,82	1,71	31,54	31,98	1473,75
1024	01.08.2025 09:24:03	6,96	1,68	31,53	32,09	1474,28
1025	01.08.2025 09:24:04	7,09	1,65	31,76	32,41	1475,10
1026	01.08.2025 09:24:05	7,30	1,73	32,35	33,14	1476,67
1027	01.08.2025 09:24:06	7,67	1,71	32,45	33,55	1478,23
1028	01.08.2025 09:24:07	8,08	1,63	32,22	33,69	1479,49
1029	01.08.2025 09:24:08	8,38	1,56	32,10	33,84	1480,47
1030	01.08.2025 09:24:09	8,68	1,50	31,92	33,92	1481,36
1031	01.08.2025 09:24:10	8,91	1,44	31,75	33,96	1482,01
1032	01.08.2025 09:24:11	9,11	1,40	31,60	33,99	1482,56
1033	01.08.2025 09:24:12	9,28	1,39	31,55	34,07	1483,10
1034	01.08.2025 09:24:13	9,44	1,38	31,54	34,21	1483,70
1035	01.08.2025 09:24:14	9,64	1,37	31,51	34,35	1484,39
1036	01.08.2025 09:24:15	9,87	1,33	31,40	34,44	1485,08
1037	01.08.2025 09:24:16	10,06	1,32	31,32	34,52	1485,69
1038	01.08.2025 09:24:17	10,26	1,28	31,18	34,55	1486,22
1039	01.08.2025 09:24:18	10,42	1,23	31,07	34,59	1486,67
1040	01.08.2025 09:24:19	10,55	1,20	31,05	34,67	1487,09
1041	01.08.2025 09:24:20	10,71	1,21	31,02	34,78	1487,64
1042	01.08.2025 09:24:21	10,87	1,22	31,02	34,92	1488,21
1043	01.08.2025 09:24:22	11,06	1,17	31,05	35,11	1488,93
1044	01.08.2025 09:24:23	11,29	1,13	30,99	35,25	1489,65
1045	01.08.2025 09:24:24	11,48	1,11	30,94	35,36	1490,25
1046	01.08.2025 09:24:25	11,67	1,08	30,87	35,45	1490,82
1047	01.08.2025 09:24:26	11,86	1,07	30,87	35,61	1491,49
1048	01.08.2025 09:24:27	12,02	1,04	30,79	35,67	1491,94
1049	01.08.2025 09:24:28	12,21	1,04	30,69	35,73	1492,47
1050	01.08.2025 09:24:29	12,37	1,01	30,59	35,76	1492,89
1051	01.08.2025 09:24:30	12,49	1,01	30,47	35,74	1493,17
1052	01.08.2025 09:24:31	12,59	1,00	30,42	35,77	1493,43
1053	01.08.2025 09:24:32	12,71	1,01	30,32	35,77	1493,75
1054	01.08.2025 09:24:33	12,81	0,98	30,33	35,85	1494,06
1055	01.08.2025 09:24:34	12,90	1,00	30,35	35,96	1494,42
1056	01.08.2025 09:24:35	13,03	0,99	30,28	35,99	1494,75
1057	01.08.2025 09:24:36	13,18	0,98	30,21	36,05	1495,19
1058	01.08.2025 09:24:37	13,28	0,95	30,14	36,05	1495,41
1059	01.08.2025 09:24:38	13,37	0,93	30,07	36,06	1495,64
1060	01.08.2025 09:24:39	13,46	0,94	30,00	36,06	1495,87
1061	01.08.2025 09:24:40	13,55	0,94	29,95	36,09	1496,12
1062	01.08.2025 09:24:41	13,65	0,95	29,90	36,12	1496,38
1063	01.08.2025 09:24:42	13,74	0,95	29,83	36,12	1496,60
1064	01.08.2025 09:24:43	13,83	0,94	29,79	36,15	1496,86
1065	01.08.2025 09:24:44	13,90	0,92	29,77	36,18	1497,03
1066	01.08.2025 09:24:45	13,99	0,93	29,72	36,20	1497,28
1067	01.08.2025 09:24:46	14,05	0,93	29,68	36,21	1497,43
1068	01.08.2025 09:24:47	14,14	0,93	29,63	36,24	1497,69
1069	01.08.2025 09:24:48	14,24	0,92	29,59	36,26	1497,93
1070	01.08.2025 09:24:49	14,30	0,92	29,54	36,27	1498,08
1071	01.08.2025 09:24:50	14,36	0,91	29,52	36,29	1498,26
1072	01.08.2025 09:24:51	14,45	0,91	29,45	36,30	1498,48
1073	01.08.2025 09:24:52	14,51	0,86	29,41	36,30	1498,62
1074	01.08.2025 09:24:53	14,57	0,85	29,38	36,33	1498,79
1075	01.08.2025 09:24:54	14,63	0,84	29,34	36,33	1498,93
1076	01.08.2025 09:24:55	14,70	0,82	29,30	36,33	1499,08
1077	01.08.2025 09:24:56	14,76	0,81	29,28	36,36	1499,25
1078	01.08.2025 09:24:57	14,82	0,77	29,25	36,39	1499,42
1079	01.08.2025 09:24:58	14,88	0,76	29,21	36,39	1499,56
1080	01.08.2025 09:24:59	14,94	0,74	29,17	36,39	1499,70
1081	01.08.2025 09:25:00	15,00	0,73	29,15	36,42	1499,87
1082	01.08.2025 09:25:01	15,03	0,71	29,12	36,42	1499,94
1083	01.08.2025 09:25:02	15,09	0,72	29,08	36,42	1500,09
1084	01.08.2025 09:25:03	15,15	0,72	29,06	36,45	1500,26
1085	01.08.2025 09:25:04	15,19	0,69	29,04	36,45	1500,32
1086	01.08.2025 09:25:05	15,25	0,69	29,02	36,48	1500,50
1087	01.08.2025 09:25:06	15,31	0,66	29,00	36,51	1500,66
1088	01.08.2025 09:25:07	15,34	0,66	29,00	36,53	1500,76
1089	01.08.2025 09:25:08	15,40	0,64	28,98	36,56	1500,93
1090	01.08.2025 09:25:09	15,46	0,63	28,96	36,59	1501,10
1091	01.08.2025 09:25:10	15,52	0,61	28,94	36,62	1501,27
1092	01.08.2025 09:25:11	15,55	0,62	28,92	36,62	1501,34
1093	01.08.2025 09:25:12	15,61	0,60	28,87	36,62	1501,48
1094	01.08.2025 09:25:13	15,64	0,58	28,85	36,62	1501,55
1095	01.08.2025 09:25:14	15,70	0,61	28,79	36,60	1501,66
1096	01.08.2025 09:25:15	15,73	0,61	28,79	36,62	1501,76
1097	01.08.2025 09:25:16	15,76	0,59	28,77	36,62	1501,83
1098	01.08.2025 09:25:17	15,82	0,59	28,72	36,62	1501,97
1099	01.08.2025 09:25:18	15,85	0,58	28,70	36,63	1502,04
1100	01.08.2025 09:25:19	15,88	0,56	28,71	36,65	1502,13
1101	01.08.2025 09:25:20	15,91	0,55	28,66	36,63	1502,17
1102	01.08.2025 09:25:21	15,94	0,53	28,64	36,63	1502,24
1103	01.08.2025 09:25:22	15,98	0,51	28,62	36,63	1502,31
1104	01.08.2025 09:25:23	16,01	0,50	28,60	36,63	1502,38
1105	01.08.2025 09:25:24	16,04	0,50	28,58	36,63	1502,45
1106	01.08.2025 09:25:25	16,04	0,48	28,58	36,63	1502,45
1107	01.08.2025 09:25:26	16,07	0,46	28,58	36,66	1502,54
1108	01.08.2025 09:25:27	16,10	0,44	28,51	36,60	1502,55
1109	01.08.2025 09:25:28	16,13	0,43	28,49	36,61	1502,62
1110	01.08.2025 09:25:29	16,16	0,41	28,47	36,61	1502,69
1111	01.08.2025 09:25:30	16,19	0,44	28,47	36,63	1502,79
1112	01.08.2025 09:25:31	16,19	0,41	28,47	36,63	1502,78
1113	01.08.2025 09:25:32	16,22	0,39	28,45	36,63	1502,85
1114	01.08.2025 09:25:33	16,25	0,39	28,43	36,63	1502,92
1115	01.08.2025 09:25:34	16,28	0,39	28,41	36,64	1502,99
1116	01.08.2025 09:25:35	16,28	0,37	28,41	36,64	1502,99
1117	01.08.2025 09:25:36	16,31	0,37	28,39	36,64	1503,06
1118	01.08.2025 09:25:37	16,31	0,36	28,39	36,64	1503,06
1119	01.08.2025 09:25:38	16,34	0,36	28,34	36,61	1503,10
1120	01.08.2025 09:25:39	16,34	0,32	28,37	36,64	1503,12
1121	01.08.2025 09:25:40	16,34	0,32	28,34	36,61	1503,09
1122	01.08.2025 09:25:41	16,34	0,30	28,34	36,61	1503,09
1123	01.08.2025 09:25:42	16,34	0,29	28,34	36,61	1503,09
1124	01.08.2025 09:25:43	16,37	0,25	28,32	36,61	1503,15
1125	01.08.2025 09:25:44	16,37	0,23	28,32	36,61	1503,15
1126	01.08.2025 09:25:45	16,40	0,25	28,33	36,64	1503,25
1127	01.08.2025 09:25:46	16,43	0,23	28,33	36,67	1503,34
1128	01.08.2025 09:25:47	16,43	0,23	28,31	36,64	1503,31
1129	01.08.2025 09:25:48	16,46	0,20	28,28	36,64	1503,38
1130	01.08.2025 09:25:49	16,49	0,20	28,26	36,64	1503,45
1131	01.08.2025 09:25:50	16,49	0,18	28,24	36,61	1503,42
1132	01.08.2025 09:25:51	16,49	0,16	28,29	36,67	1503,47
1133	01.08.2025 09:25:52	16,52	0,13	28,29	36,69	1503,56
1134	01.08.2025 09:25:53	16,55	0,15	28,20	36,62	1503,55
1135	01.08.2025 09:25:54	16,55	0,09	28,22	36,64	1503,57
1136	01.08.2025 09:25:55	16,55	0,08	28,22	36,64	1503,57
1137	01.08.2025 09:25:56	16,58	0,08	28,25	36,70	1503,69
1138	01.08.2025 09:25:57	16,58	0,08	28,23	36,67	1503,66
1139	01.08.2025 09:25:58	16,61	0,08	28,20	36,67	1503,73
1140	01.08.2025 09:25:59	16,61	0,06	28,18	36,64	1503,70
1141	01.08.2025 09:26:00	16,61	0,02	28,18	36,64	1503,70
1142	01.08.2025 09:26:01	16,64	0,00	28,18	36,67	1503,79
1143	01.08.2025 09:26:02	16,64	0,02	28,21	36,70	1503,82
1144	01.08.2025 09:26:03	16,67	0,00	28,16	36,67	1503,86
1145	01.08.2025 09:26:04	16,70	-0,03	28,14	36,67	1503,92
1146	01.08.2025 09:26:05	16,70	-0,01	28,14	36,67	1503,93
1147	01.08.2025 09:26:06	16,70	-0,01	28,14	36,67	1503,93
1148	01.08.2025 09:26:07	16,73	-0,01	28,12	36,67	1503,99
1149	01.08.2025 09:26:08	16,73	-0,03	28,12	36,67	1503,99
1150	01.08.2025 09:26:09	16,73	-0,01	28,12	36,67	1503,99
1151	01.08.2025 09:26:10	16,73	-0,01	28,12	36,67	1503,99
1152	01.08.2025 09:26:11	16,73	-0,01	28,15	36,70	1504,02
1153	01.08.2025 09:26:12	16,76	-0,01	28,08	36,65	1504,04
1154	01.08.2025 09:26:13	16,76	-0,01	28,08	36,65	1504,04
1155	01.08.2025 09:26:14	16,76	-0,01	28,13	36,70	1504,09
1156	01.08.2025 09:26:15	16,76	-0,01	28,08	36,65	1504,04
1157	01.08.2025 09:26:16	16,79	-0,01	28,08	36,67	1504,13
1158	01.08.2025 09:26:17	16,79	-0,01	28,10	36,70	1504,16
1159	01.08.2025 09:26:18	16,79	-0,01	28,10	36,70	1504,16
1160	01.08.2025 09:26:19	16,82	-0,03	28,08	36,70	1504,22
1161	01.08.2025 09:26:20	16,82	-0,01	28,08	36,70	1504,23
1162	01.08.2025 09:26:21	16,82	-0,01	28,11	36,73	1504,25
1163	01.08.2025 09:26:22	16,82	-0,03	28,08	36,70	1504,22
1164	01.08.2025 09:26:23	16,82	-0,03	28,06	36,68	1504,20
1165	01.08.2025 09:26:24	16,85	-0,03	28,04	36,68	1504,27
1166	01.08.2025 09:26:25	16,85	-0,03	28,04	36,68	1504,27
1167	01.08.2025 09:26:26	16,85	-0,05	28,04	36,68	1504,26
1168	01.08.2025 09:26:27	16,85	-0,03	28,02	36,65	1504,24
1169	01.08.2025 09:26:28	16,85	-0,05	28,02	36,65	1504,24
1170	01.08.2025 09:26:29	16,85	-0,03	28,04	36,68	1504,27
1171	01.08.2025 09:26:30	16,85	-0,03	28,04	36,68	1504,27
1172	01.08.2025 09:26:31	16,88	-0,01	28,02	36,68	1504,34
1173	01.08.2025 09:26:32	16,88	-0,03	28,02	36,68	1504,34
1174	01.08.2025 09:26:33	16,88	-0,01	28,02	36,68	1504,34
1175	01.08.2025 09:26:34	16,88	-0,01	28,02	36,68	1504,34
1176	01.08.2025 09:26:35	16,88	-0,03	28,02	36,68	1504,34
1177	01.08.2025 09:26:36	16,91	-0,03	27,98	36,65	1504,38
1178	01.08.2025 09:26:37	16,91	-0,01	28,00	36,68	1504,41
1179	01.08.2025 09:26:38	16,91	-0,03	27,96	36,62	1504,35
1180	01.08.2025 09:26:39	16,88	-0,01	28,02	36,68	1504,34
1181	01.08.2025 09:26:40	16,91	-0,03	28,00	36,68	1504,40
1182	01.08.2025 09:26:41	16,91	-0,01	28,00	36,68	1504,41
1183	01.08.2025 09:26:42	16,91	-0,01	28,00	36,68	1504,41
1184	01.08.2025 09:26:43	16,91	-0,01	28,00	36,68	1504,41
1185	01.08.2025 09:26:44	16,91	-0,03	27,98	36,65	1504,38
1186	01.08.2025 09:26:45	16,94	0,00	28,00	36,70	1504,50
1187	01.08.2025 09:26:46	16,94	0,00	28,00	36,70	1504,50
1188	01.08.2025 09:26:47	16,94	-0,01	28,03	36,73	1504,53
1189	01.08.2025 09:26:48	16,94	-0,01	28,03	36,73	1504,53
1190	01.08.2025 09:26:49	16,97	-0,01	27,98	36,71	1504,57
1191	01.08.2025 09:26:50	16,97	-0,01	28,01	36,73	1504,60
1192	01.08.2025 09:26:51	16,97	-0,01	28,01	36,73	1504,60
1193	01.08.2025 09:26:52	16,97	0,00	27,98	36,71	1504,57
1194	01.08.2025 09:26:53	16,97	-0,01	27,98	36,71	1504,57
1195	01.08.2025 09:26:54	16,97	0,00	28,01	36,73	1504,60
1196	01.08.2025 09:26:55	17,00	-0,01	27,94	36,68	1504,61
1197	01.08.2025 09:26:56	16,97	-0,01	27,96	36,68	1504,54
1198	01.08.2025 09:26:57	16,97	-0,01	27,98	36,71	1504,57
1199	01.08.2025 09:26:58	16,97	0,00	27,98	36,71	1504,57
1200	01.08.2025 09:26:59	16,97	-0,01	27,96	36,68	1504,54
1201	01.08.2025 09:27:00	16,97	0,00	27,98	36,71	1504,57
1202	01.08.2025 09:27:01	17,00	0,00	27,94	36,68	1504,62
1203	01.08.2025 09:27:02	17,00	-0,01	27,96	36,71	1504,64
1204	01.08.2025 09:27:03	17,00	0,00	27,94	36,68	1504,62
1205	01.08.2025 09:27:04	17,00	-0,01	27,96	36,71	1504,64
1206	01.08.2025 09:27:05	17,00	-0,01	27,94	36,68	1504,61
1207	01.08.2025 09:27:06	17,00	-0,01	27,96	36,71	1504,64
1208	01.08.2025 09:27:07	17,00	0,00	27,92	36,65	1504,59
1209	01.08.2025 09:27:08	17,00	-0,01	27,94	36,68	1504,61
1210	01.08.2025 09:27:09	17,00	-0,01	27,96	36,71	1504,64
1211	01.08.2025 09:27:10	17,00	-0,01	27,94	36,68	1504,61
1212	01.08.2025 09:27:11	17,00	-0,01	27,96	36,71	1504,64
1213	01.08.2025 09:27:12	17,00	-0,01	27,96	36,71	1504,64
1214	01.08.2025 09:27:13	17,00	-0,01	27,96	36,71	1504,64
1215	01.08.2025 09:27:14	17,00	-0,03	26,34	34,78	1502,74
1216	01.08.2025 09:27:15	17,03	0,00	27,92	36,68	1504,68
1217	01.08.2025 09:27:16	17,00	-0,01	27,94	36,68	1504,61
1218	01.08.2025 09:27:17	17,00	-0,01	27,94	36,68	1504,61
1219	01.08.2025 09:27:18	17,00	-0,03	27,94	36,68	1504,61
1220	01.08.2025 09:27:19	17,00	-0,01	25,96	34,32	1502,30
1221	01.08.2025 09:27:20	17,00	-0,03	27,96	36,71	1504,64
1222	01.08.2025 09:27:21	17,00	-0,03	27,85	36,57	1504,50
1223	01.08.2025 09:27:22	17,03	-0,03	22,35	29,99	1498,19
1224	01.08.2025 09:27:23	17,03	-0,03	23,99	31,99	1500,10
1225	01.08.2025 09:27:24	17,03	-0,03	19,20	26,12	1494,51
1226	01.08.2025 09:27:25	17,03	-0,03	19,88	26,96	1495,30
1227	01.08.2025 09:27:26	17,03	-0,03	19,44	26,42	1494,79
1228	01.08.2025 09:27:27	17,03	-0,03	19,46	26,44	1494,82
1229	01.08.2025 09:27:28	17,03	-0,05	19,50	26,50	1494,87
1230	01.08.2025 09:27:29	17,03	-0,05	19,48	26,47	1494,84
1231	01.08.2025 09:27:30	17,03	-0,03	19,53	26,53	1494,89
1232	01.08.2025 09:27:31	17,03	-0,03	19,55	26,55	1494,92
1233	01.08.2025 09:27:32	17,03	-0,05	19,50	26,50	1494,87
1234	01.08.2025 09:27:33	17,03	-0,05	19,55	26,55	1494,92
1235	01.08.2025 09:27:34	17,03	-0,05	19,55	26,55	1494,92
1236	01.08.2025 09:27:35	17,03	-0,03	19,53	26,53	1494,89
1237	01.08.2025 09:27:36	17,03	-0,05	19,53	26,53	1494,89
1238	01.08.2025 09:27:37	17,03	-0,03	19,53	26,53	1494,89
1239	01.08.2025 09:27:38	17,03	-0,03	19,48	26,47	1494,84
1240	01.08.2025 09:27:39	17,03	-0,03	19,39	26,36	1494,74
1241	01.08.2025 09:27:40	17,03	-0,03	19,50	26,50	1494,87
1242	01.08.2025 09:27:41	17,03	-0,03	19,50	26,50	1494,87
1243	01.08.2025 09:27:42	17,03	-0,03	19,53	26,53	1494,89
1244	01.08.2025 09:27:43	17,03	-0,03	19,44	26,42	1494,79
1245	01.08.2025 09:27:44	17,03	-0,03	19,53	26,53	1494,89
1246	01.08.2025 09:27:45	17,03	-0,03	19,50	26,50	1494,87
1247	01.08.2025 09:27:46	17,03	-0,03	19,50	26,50	1494,87
1248	01.08.2025 09:27:47	17,03	-0,03	19,53	26,53	1494,89
1249	01.08.2025 09:27:48	17,03	-0,05	19,50	26,50	1494,87
1250	01.08.2025 09:27:49	17,03	-0,05	19,50	26,50	1494,87
1251	01.08.2025 09:27:50	17,03	-0,05	19,50	26,50	1494,87
1252	01.08.2025 09:27:51	17,03	-0,03	19,53	26,53	1494,89
1253	01.08.2025 09:27:52	17,03	-0,03	18,14	24,81	1493,28
1254	01.08.2025 09:27:53	17,03	-0,03	1,95	3,12	1474,41
1255	01.08.2025 09:27:54	17,03	-0,05	1,99	3,17	1474,45
1256	01.08.2025 09:27:55	17,03	-0,05	1,61	2,61	1474,02
1257	01.08.2025 09:27:56	17,03	-0,03	1,97	3,15	1474,43
1258	01.08.2025 09:27:57	17,03	-0,05	2,02	3,23	1474,50
1259	01.08.2025 09:27:58	17,03	-0,05	1,52	2,47	1473,91
1260	01.08.2025 09:27:59	17,03	-0,05	1,34	2,18	1473,70
1261	01.08.2025 09:28:00	17,03	-0,05	2,01	3,20	1474,47
1262	01.08.2025 09:28:01	17,03	-0,05	1,93	3,09	1474,39
1263	01.08.2025 09:28:02	17,03	-0,03	0,28	0,49	1472,47
1264	01.08.2025 09:28:03	17,03	-0,05	2,08	3,32	1474,56
1265	01.08.2025 09:28:04	17,03	-0,05	1,91	3,06	1474,36
1266	01.08.2025 09:28:05	17,03	-0,03	1,84	2,95	1474,28
1267	01.08.2025 09:28:06	17,03	-0,03	1,82	2,92	1474,26
1268	01.08.2025 09:28:07	17,03	-0,03	1,78	2,86	1474,21
1269	01.08.2025 09:28:08	17,03	-0,05	1,34	2,18	1473,70
1270	01.08.2025 09:28:09	17,03	-0,05	0,18	0,32	1472,35
1271	01.08.2025 09:28:10	17,03	-0,05	0,15	0,27	1472,31
1272	01.08.2025 09:28:11	17,03	-0,03	0,14	0,24	1472,30
1273	01.08.2025 09:28:12	17,03	-0,05	0,15	0,27	1472,31
1274	01.08.2025 09:28:13	17,00	-0,03	0,14	0,24	1472,20
1275	01.08.2025 09:28:14	17,00	-0,03	0,14	0,24	1472,20
1276	01.08.2025 09:28:15	17,00	-0,03	0,14	0,24	1472,20
1277	01.08.2025 09:28:16	17,00	-0,03	0,15	0,27	1472,22
1278	01.08.2025 09:28:17	17,00	-0,03	0,14	0,24	1472,20
1279	01.08.2025 09:28:18	17,00	-0,05	0,12	0,21	1472,18
1280	01.08.2025 09:28:19	17,00	-0,03	0,14	0,24	1472,20
1281	01.08.2025 09:28:20	17,00	-0,03	0,14	0,24	1472,20
1282	01.08.2025 09:28:21	17,00	-0,05	0,12	0,21	1472,18
1283	01.08.2025 09:28:22	17,00	-0,05	0,14	0,24	1472,19
1284	01.08.2025 09:28:23	17,00	-0,05	0,14	0,24	1472,19
1285	01.08.2025 09:28:24	17,00	-0,03	0,14	0,24	1472,20
1286	01.08.2025 09:28:25	17,00	-0,03	0,12	0,21	1472,18
1287	01.08.2025 09:28:26	17,00	-0,03	0,14	0,24	1472,20
1288	01.08.2025 09:28:27	17,00	-0,03	0,14	0,24	1472,20
1289	01.08.2025 09:28:28	17,00	-0,05	0,12	0,21	1472,18
1290	01.08.2025 09:28:29	17,00	-0,05	0,14	0,24	1472,19
1291	01.08.2025 09:28:30	17,00	-0,03	0,14	0,24	1472,20
1292	01.08.2025 09:28:31	16,97	-0,03	0,14	0,24	1472,10
1293	01.08.2025 09:28:32	17,00	-0,03	0,14	0,24	1472,20
1294	01.08.2025 09:28:33	16,97	-0,07	0,12	0,21	1472,07
1295	01.08.2025 09:28:34	16,97	-0,03	0,12	0,21	1472,08
1296	01.08.2025 09:28:35	16,97	-0,03	0,12	0,21	1472,08
1297	01.08.2025 09:28:36	16,97	-0,03	0,14	0,24	1472,10
1298	01.08.2025 09:28:37	16,97	-0,03	0,12	0,21	1472,08
1299	01.08.2025 09:28:38	16,97	-0,03	0,12	0,21	1472,08
1300	01.08.2025 09:28:39	16,97	-0,05	0,14	0,24	1472,09
1301	01.08.2025 09:28:40	16,97	-0,03	0,12	0,21	1472,08
1302	01.08.2025 09:28:41	16,97	-0,05	0,12	0,21	1472,08
1303	01.08.2025 09:28:42	16,97	-0,03	0,12	0,21	1472,08
1304	01.08.2025 09:28:43	16,97	-0,03	0,12	0,21	1472,08
1305	01.08.2025 09:28:44	16,97	-0,03	0,14	0,24	1472,10
1306	01.08.2025 09:28:45	16,97	-0,03	0,12	0,21	1472,08
1307	01.08.2025 09:28:46	16,97	-0,03	0,12	0,21	1472,08
1308	01.08.2025 09:28:47	16,97	-0,05	0,14	0,24	1472,09
1309	01.08.2025 09:28:48	16,97	-0,03	0,12	0,21	1472,08
1310	01.08.2025 09:28:49	16,97	-0,05	0,12	0,21	1472,08
1311	01.08.2025 09:28:50	16,97	-0,03	0,12	0,21	1472,08
1312	01.08.2025 09:28:51	16,97	-0,03	0,12	0,21	1472,08
1313	01.08.2025 09:28:52	16,97	-0,03	0,12	0,21	1472,08
1314	01.08.2025 09:28:53	16,97	-0,03	0,12	0,21	1472,08
1315	01.08.2025 09:28:54	16,97	-0,03	0,12	0,21	1472,08
1316	01.08.2025 09:28:55	16,97	-0,03	0,12	0,21	1472,08
1317	01.08.2025 09:28:56	16,97	-0,03	0,12	0,21	1472,08
1318	01.08.2025 09:28:57	16,94	-0,03	0,12	0,21	1471,98
1319	01.08.2025 09:28:58	16,94	-0,03	0,12	0,21	1471,98
1320	01.08.2025 09:28:59	16,94	-0,05	0,12	0,21	1471,97
1321	01.08.2025 09:29:00	16,94	-0,03	0,12	0,21	1471,98
1322	01.08.2025 09:29:01	16,94	-0,03	0,12	0,21	1471,98
1323	01.08.2025 09:29:02	16,94	-0,03	0,12	0,21	1471,98
1324	01.08.2025 09:29:03	16,94	-0,03	0,12	0,21	1471,98
1325	01.08.2025 09:29:04	16,94	-0,03	0,12	0,21	1471,98
1326	01.08.2025 09:29:05	16,94	-0,03	0,12	0,21	1471,98
1327	01.08.2025 09:29:06	16,94	-0,03	0,12	0,21	1471,98
1328	01.08.2025 09:29:07	16,94	-0,03	0,12	0,21	1471,98
1329	01.08.2025 09:29:08	16,94	-0,03	0,12	0,21	1471,98
1330	01.08.2025 09:29:09	16,94	-0,03	0,12	0,21	1471,98
1331	01.08.2025 09:29:10	16,94	-0,03	0,12	0,21	1471,98
1332	01.08.2025 09:29:11	16,94	-0,03	0,12	0,21	1471,98
1333	01.08.2025 09:29:12	16,94	-0,03	0,12	0,21	1471,98
1334	01.08.2025 09:29:13	16,94	-0,03	0,67	1,13	1472,62
1335	01.08.2025 09:29:14	16,94	-0,03	0,28	0,49	1472,17
1336	01.08.2025 09:29:15	16,94	-0,03	0,23	0,40	1472,11
1337	01.08.2025 09:29:16	16,94	-0,03	0,23	0,40	1472,11
1338	01.08.2025 09:29:17	16,94	-0,03	0,22	0,38	1472,09
1339	01.08.2025 09:29:18	16,94	-0,01	0,20	0,35	1472,07
1340	01.08.2025 09:29:19	16,94	-0,03	0,20	0,35	1472,07
1341	01.08.2025 09:29:20	16,94	-0,03	0,18	0,32	1472,05
1342	01.08.2025 09:29:21	16,94	-0,03	0,20	0,35	1472,07
1343	01.08.2025 09:29:22	16,94	-0,03	0,18	0,32	1472,05
1344	01.08.2025 09:29:23	16,94	-0,03	0,17	0,29	1472,03
1345	01.08.2025 09:29:24	16,94	-0,03	0,18	0,32	1472,05
1346	01.08.2025 09:29:25	16,94	-0,03	0,17	0,29	1472,03
1347	01.08.2025 09:29:26	16,94	-0,03	0,17	0,29	1472,03
1348	01.08.2025 09:29:27	16,94	-0,03	0,17	0,29	1472,03
1349	01.08.2025 09:29:28	16,94	-0,03	0,17	0,29	1472,03
1350	01.08.2025 09:29:29	16,94	-0,05	0,15	0,27	1472,01
1351	01.08.2025 09:29:30	16,94	-0,03	0,15	0,27	1472,01
1352	01.08.2025 09:29:31	16,94	-0,03	0,20	0,35	1472,07
1353	01.08.2025 09:29:32	16,94	-0,03	0,18	0,32	1472,05
1354	01.08.2025 09:29:33	16,94	-0,03	0,15	0,27	1472,01
1355	01.08.2025 09:29:34	16,94	-0,03	0,15	0,27	1472,01
1356	01.08.2025 09:29:35	16,94	-0,03	0,15	0,27	1472,01
1357	01.08.2025 09:29:36	16,91	-0,07	0,15	0,27	1471,91
1358	01.08.2025 09:29:37	16,91	-0,05	0,14	0,24	1471,89
1359	01.08.2025 09:29:38	16,91	-0,05	0,15	0,27	1471,91
1360	01.08.2025 09:29:39	16,91	-0,05	0,15	0,27	1471,91
1361	01.08.2025 09:29:40	16,91	-0,05	0,15	0,27	1471,91
1362	01.08.2025 09:29:41	16,91	-0,07	0,14	0,24	1471,89
1363	01.08.2025 09:29:42	16,91	-0,05	0,14	0,24	1471,89
1364	01.08.2025 09:29:43	16,91	-0,05	0,15	0,27	1471,91
1365	01.08.2025 09:29:44	16,91	-0,05	0,14	0,24	1471,89
1366	01.08.2025 09:29:45	16,91	-0,05	0,14	0,24	1471,89
1367	01.08.2025 09:29:46	16,91	-0,05	0,14	0,24	1471,89
1368	01.08.2025 09:29:47	16,91	-0,05	0,14	0,24	1471,89
1369	01.08.2025 09:29:48	16,91	-0,05	0,14	0,24	1471,89
1370	01.08.2025 09:29:49	16,91	-0,05	0,14	0,24	1471,89
1371	01.08.2025 09:29:50	16,91	-0,05	0,15	0,27	1471,91
1372	01.08.2025 09:29:51	16,91	-0,03	0,14	0,24	1471,90
1373	01.08.2025 09:29:52	16,91	-0,07	0,12	0,21	1471,87
1374	01.08.2025 09:29:53	16,91	-0,05	0,15	0,27	1471,91
1375	01.08.2025 09:29:54	16,91	-0,07	0,15	0,27	1471,91
1376	01.08.2025 09:29:55	16,91	-0,05	0,14	0,24	1471,89
1377	01.08.2025 09:29:56	16,91	-0,05	0,14	0,24	1471,89
1378	01.08.2025 09:29:57	16,91	-0,05	0,14	0,24	1471,89
1379	01.08.2025 09:29:58	16,91	-0,03	0,15	0,27	1471,91
1380	01.08.2025 09:29:59	16,91	-0,05	0,14	0,24	1471,89
1381	01.08.2025 09:30:00	16,91	-0,05	0,14	0,24	1471,89
1382	01.08.2025 09:30:01	16,91	-0,05	0,14	0,24	1471,89
1383	01.08.2025 09:30:02	16,91	-0,05	0,14	0,24	1471,89
1384	01.08.2025 09:30:03	16,91	-0,05	0,14	0,24	1471,89
1385	01.08.2025 09:30:04	16,91	-0,05	0,14	0,24	1471,89
1386	01.08.2025 09:30:05	16,91	-0,05	0,15	0,27	1471,91
1387	01.08.2025 09:30:06	16,91	-0,05	0,14	0,24	1471,89
1388	01.08.2025 09:30:07	16,91	-0,05	0,14	0,24	1471,89
1389	01.08.2025 09:30:08	16,91	-0,05	0,14	0,24	1471,89
1390	01.08.2025 09:30:09	16,91	-0,05	0,53	0,91	1472,36
1391	01.08.2025 09:30:10	16,91	-0,05	0,52	0,88	1472,34
1392	01.08.2025 09:30:11	16,91	-0,05	2,01	3,20	1474,08
1393	01.08.2025 09:30:12	16,91	-0,05	0,33	0,57	1472,12
1394	01.08.2025 09:30:13	16,91	-0,05	0,28	0,49	1472,06
1395	01.08.2025 09:30:14	16,91	-0,05	0,25	0,43	1472,02
1396	01.08.2025 09:30:15	16,91	-0,05	0,23	0,40	1472,00
1397	01.08.2025 09:30:16	16,91	-0,05	0,22	0,38	1471,99
1398	01.08.2025 09:30:17	16,91	-0,05	0,20	0,35	1471,97
1399	01.08.2025 09:30:18	16,91	-0,05	0,18	0,32	1471,95
1400	01.08.2025 09:30:19	16,91	-0,07	0,20	0,35	1471,96
1401	01.08.2025 09:30:20	16,91	-0,03	0,20	0,35	1471,97
1402	01.08.2025 09:30:21	16,91	-0,05	0,18	0,32	1471,95
1403	01.08.2025 09:30:22	16,91	-0,05	0,17	0,29	1471,93
1404	01.08.2025 09:30:23	16,91	-0,07	0,17	0,29	1471,93
1405	01.08.2025 09:30:24	16,91	-0,05	0,17	0,29	1471,93
1406	01.08.2025 09:30:25	16,91	-0,05	0,17	0,29	1471,93
1407	01.08.2025 09:30:26	16,91	-0,05	0,17	0,29	1471,93
1408	01.08.2025 09:30:27	16,91	-0,05	0,17	0,29	1471,93
1409	01.08.2025 09:30:28	16,91	-0,05	0,17	0,29	1471,93
1410	01.08.2025 09:30:29	16,91	-0,05	0,15	0,27	1471,91
1411	01.08.2025 09:30:30	16,91	-0,05	0,15	0,27	1471,91
1412	01.08.2025 09:30:31	16,91	-0,03	0,15	0,27	1471,91
1413	01.08.2025 09:30:32	16,91	-0,05	0,15	0,27	1471,91
1414	01.08.2025 09:30:33	16,91	-0,05	0,15	0,27	1471,91
1415	01.08.2025 09:30:34	16,91	-0,05	0,15	0,27	1471,91
1416	01.08.2025 09:30:35	16,91	-0,05	0,14	0,24	1471,89
1417	01.08.2025 09:30:36	16,91	-0,03	0,15	0,27	1471,91
1418	01.08.2025 09:30:37	16,88	-0,05	0,14	0,24	1471,79
1419	01.08.2025 09:30:38	16,91	-0,05	0,14	0,24	1471,89
1420	01.08.2025 09:30:39	16,91	-0,05	0,14	0,24	1471,89
1421	01.08.2025 09:30:40	16,91	-0,05	0,14	0,24	1471,89
1422	01.08.2025 09:30:41	16,91	-0,05	0,14	0,24	1471,89
1423	01.08.2025 09:30:42	16,88	-0,05	0,14	0,24	1471,79
1424	01.08.2025 09:30:43	16,91	-0,07	0,14	0,24	1471,89
1425	01.08.2025 09:30:44	16,88	-0,05	0,14	0,24	1471,79
1426	01.08.2025 09:30:45	16,88	-0,05	0,14	0,24	1471,79
1427	01.08.2025 09:30:46	16,88	-0,05	0,14	0,24	1471,79
1428	01.08.2025 09:30:47	16,88	-0,05	0,14	0,24	1471,79
1429	01.08.2025 09:30:48	16,91	-0,05	0,14	0,24	1471,89
1430	01.08.2025 09:30:49	16,88	-0,05	0,12	0,21	1471,77
1431	01.08.2025 09:30:50	16,88	-0,05	1,25	2,04	1473,09
1432	01.08.2025 09:30:51	16,88	-0,05	1,51	2,44	1473,39
1433	01.08.2025 09:30:52	16,88	-0,05	1,94	3,09	1473,89
1434	01.08.2025 09:30:53	16,88	-0,07	1,67	2,69	1473,58
1435	01.08.2025 09:30:54	16,88	-0,05	0,47	0,79	1472,18
1436	01.08.2025 09:30:55	16,88	-0,05	0,30	0,52	1471,98
1437	01.08.2025 09:30:56	16,88	-0,05	0,25	0,43	1471,92
1438	01.08.2025 09:30:57	16,88	-0,05	0,22	0,38	1471,88
1439	01.08.2025 09:30:58	16,88	-0,05	0,20	0,35	1471,87
1440	01.08.2025 09:30:59	16,88	-0,07	0,18	0,32	1471,84
1441	01.08.2025 09:31:00	16,88	-0,05	0,20	0,35	1471,87
1442	01.08.2025 09:31:01	16,88	-0,05	0,18	0,32	1471,85
1443	01.08.2025 09:31:02	16,88	-0,05	0,17	0,29	1471,83
1444	01.08.2025 09:31:03	16,88	-0,05	0,15	0,27	1471,81
1445	01.08.2025 09:31:04	16,88	-0,05	0,15	0,27	1471,81
1446	01.08.2025 09:31:05	16,88	-0,05	0,15	0,27	1471,81
1447	01.08.2025 09:31:06	16,88	-0,05	0,17	0,29	1471,83
1448	01.08.2025 09:31:07	16,88	-0,07	0,15	0,27	1471,81
1449	01.08.2025 09:31:08	16,88	-0,05	0,14	0,24	1471,79
1450	01.08.2025 09:31:09	16,88	-0,05	0,14	0,24	1471,79
1451	01.08.2025 09:31:10	16,88	-0,05	0,14	0,24	1471,79
1452	01.08.2025 09:31:11	16,88	-0,05	0,15	0,27	1471,81
1453	01.08.2025 09:31:12	16,88	-0,05	0,14	0,24	1471,79
1454	01.08.2025 09:31:13	16,88	-0,05	0,14	0,24	1471,79
1455	01.08.2025 09:31:14	16,88	-0,07	0,14	0,24	1471,79
1456	01.08.2025 09:31:15	16,88	-0,05	0,14	0,24	1471,79
1457	01.08.2025 09:31:16	16,88	-0,05	0,14	0,24	1471,79
1458	01.08.2025 09:31:17	16,88	-0,05	0,14	0,24	1471,79
1459	01.08.2025 09:31:18	16,88	-0,05	0,14	0,24	1471,79
1460	01.08.2025 09:31:19	16,88	-0,05	0,14	0,24	1471,79
1461	01.08.2025 09:31:20	16,88	-0,05	0,12	0,21	1471,77
1462	01.08.2025 09:31:21	16,88	-0,05	0,12	0,21	1471,77
1463	01.08.2025 09:31:22	16,88	-0,05	0,12	0,21	1471,77
1464	01.08.2025 09:31:23	16,88	-0,07	0,12	0,21	1471,77
1465	01.08.2025 09:31:24	16,88	-0,05	0,12	0,21	1471,77
1466	01.08.2025 09:31:25	16,88	-0,05	0,12	0,21	1471,77
1467	01.08.2025 09:31:26	16,88	-0,05	0,12	0,21	1471,77
1468	01.08.2025 09:31:27	16,88	-0,05	0,12	0,21	1471,77
1469	01.08.2025 09:31:28	16,88	-0,05	0,12	0,21	1471,77
1470	01.08.2025 09:31:29	16,88	-0,05	0,12	0,21	1471,77
1471	01.08.2025 09:31:30	16,88	-0,05	0,12	0,21	1471,77
1472	01.08.2025 09:31:31	16,88	-0,05	1,66	2,66	1473,56
1473	01.08.2025 09:31:32	16,88	-0,05	1,81	2,89	1473,74
1474	01.08.2025 09:31:33	16,88	-0,07	1,77	2,83	1473,69
1475	01.08.2025 09:31:34	16,88	-0,05	1,62	2,61	1473,52
1476	01.08.2025 09:31:35	16,88	-0,05	1,36	2,21	1473,22
1477	01.08.2025 09:31:36	16,88	-0,05	1,60	2,58	1473,50
1478	01.08.2025 09:31:37	16,88	-0,05	1,49	2,41	1473,37
1479	01.08.2025 09:31:38	16,88	-0,05	1,43	2,32	1473,31
1480	01.08.2025 09:31:39	16,88	-0,05	1,47	2,38	1473,35
1481	01.08.2025 09:31:40	16,88	-0,07	1,49	2,41	1473,37
1482	01.08.2025 09:31:41	16,88	-0,05	0,81	1,34	1472,57
1483	01.08.2025 09:31:42	16,88	-0,05	1,53	2,47	1473,41
1484	01.08.2025 09:31:43	16,88	-0,07	1,02	1,68	1472,82
1485	01.08.2025 09:31:44	16,88	-0,05	1,29	2,10	1473,14
1486	01.08.2025 09:31:45	16,88	-0,05	1,47	2,38	1473,35
1487	01.08.2025 09:31:46	16,88	-0,05	1,82	2,92	1473,76
1488	01.08.2025 09:31:47	16,88	-0,05	1,22	1,99	1473,05
1489	01.08.2025 09:31:48	16,88	-0,05	1,34	2,18	1473,20
1490	01.08.2025 09:31:49	16,88	-0,05	1,49	2,41	1473,37
1491	01.08.2025 09:31:50	16,88	-0,05	1,60	2,58	1473,50
1492	01.08.2025 09:31:51	16,88	-0,03	1,51	2,44	1473,39
1493	01.08.2025 09:31:52	16,85	-0,05	1,64	2,63	1473,44
1494	01.08.2025 09:31:53	16,88	-0,05	1,62	2,61	1473,52
1495	01.08.2025 09:31:54	16,88	-0,05	1,60	2,58	1473,50
1496	01.08.2025 09:31:55	16,88	-0,03	1,47	2,38	1473,35
1497	01.08.2025 09:31:56	16,85	-0,05	1,31	2,13	1473,06
1498	01.08.2025 09:31:57	16,88	-0,03	1,71	2,75	1473,63
1499	01.08.2025 09:31:58	16,85	-0,05	1,60	2,58	1473,40
1500	01.08.2025 09:31:59	16,85	-0,05	1,45	2,35	1473,23
1501	01.08.2025 09:32:00	16,85	-0,05	1,55	2,49	1473,34
1502	01.08.2025 09:32:01	16,85	-0,05	1,64	2,63	1473,44
1503	01.08.2025 09:32:02	16,85	-0,05	1,81	2,89	1473,64
1504	01.08.2025 09:32:03	16,85	-0,05	1,13	1,85	1472,85
1505	01.08.2025 09:32:04	16,85	-0,05	1,86	2,97	1473,71
1506	01.08.2025 09:32:05	16,88	-0,07	1,80	2,89	1473,74
1507	01.08.2025 09:32:06	16,85	-0,07	1,73	2,78	1473,55
1508	01.08.2025 09:32:07	16,88	-0,05	1,88	3,00	1473,83
1509	01.08.2025 09:32:08	16,85	-0,05	0,89	1,48	1472,58
1510	01.08.2025 09:32:09	16,85	-0,05	0,75	1,26	1472,41
1511	01.08.2025 09:32:10	16,88	-0,05	0,79	1,32	1472,55
1512	01.08.2025 09:32:11	16,88	-0,05	0,89	1,48	1472,68
1513	01.08.2025 09:32:12	16,85	-0,05	0,75	1,26	1472,41
1514	01.08.2025 09:32:13	16,88	-0,05	0,74	1,23	1472,49
1515	01.08.2025 09:32:14	16,85	-0,05	0,75	1,26	1472,41
1516	01.08.2025 09:32:15	16,85	-0,05	0,75	1,26	1472,41
1517	01.08.2025 09:32:16	16,88	-0,07	0,79	1,32	1472,55
1518	01.08.2025 09:32:17	16,88	-0,07	0,79	1,32	1472,55
1519	01.08.2025 09:32:18	16,85	-0,05	0,75	1,26	1472,41
1520	01.08.2025 09:32:19	16,88	-0,05	0,75	1,26	1472,51
1521	01.08.2025 09:32:20	16,88	-0,05	0,77	1,29	1472,53
1522	01.08.2025 09:32:21	16,85	-0,05	0,81	1,34	1472,47
1523	01.08.2025 09:32:22	16,88	-0,05	0,47	0,79	1472,18
1524	01.08.2025 09:32:23	16,85	-0,05	0,72	1,20	1472,37
1525	01.08.2025 09:32:24	16,85	-0,05	0,33	0,57	1471,92
1526	01.08.2025 09:32:25	16,88	-0,05	0,74	1,23	1472,49
1527	01.08.2025 09:32:26	16,88	-0,05	1,73	2,78	1473,65
1528	01.08.2025 09:32:27	16,88	-0,05	1,77	2,83	1473,70
1529	01.08.2025 09:32:28	16,85	-0,07	1,75	2,80	1473,57
1530	01.08.2025 09:32:29	16,88	-0,05	1,53	2,47	1473,41
1531	01.08.2025 09:32:30	16,88	-0,07	1,18	1,93	1473,01
1532	01.08.2025 09:32:31	16,88	-0,05	0,86	1,43	1472,63
1533	01.08.2025 09:32:32	16,88	-0,05	1,69	2,72	1473,61
1534	01.08.2025 09:32:33	16,88	-0,05	1,42	2,30	1473,28
1535	01.08.2025 09:32:34	16,88	-0,05	0,20	0,35	1471,87
1536	01.08.2025 09:32:35	16,88	-0,07	0,17	0,29	1471,83
1537	01.08.2025 09:32:36	16,88	-0,10	0,45	0,77	1472,15
1538	01.08.2025 09:32:37	16,91	-0,10	0,23	0,40	1472,00
1539	01.08.2025 09:32:38	16,97	-0,05	0,25	0,43	1472,22
1540	01.08.2025 09:32:39	17,21	-0,03	0,15	0,27	1472,92
1541	01.08.2025 09:32:40	17,45	-0,03	0,76	1,29	1474,42
1542	01.08.2025 09:32:41	17,63	-0,05	1,09	1,82	1475,39
1543	01.08.2025 09:32:42	17,78	-0,05	2,20	3,55	1477,16
1544	01.08.2025 09:32:43	17,96	-0,07	2,05	3,35	1477,58
1545	01.08.2025 09:32:44	18,14	-0,07	1,43	2,39	1477,44
1546	01.08.2025 09:32:45	18,22	-0,14	2,15	3,52	1478,55
1547	01.08.2025 09:32:46	18,34	-0,14	0,42	0,74	1476,93
1548	01.08.2025 09:32:47	18,43	-0,14	1,74	2,90	1478,75
1549	01.08.2025 09:32:48	18,64	-0,28	2,52	4,12	1480,29
1550	01.08.2025 09:32:49	19,00	-0,15	2,50	4,12	1481,41
1551	01.08.2025 09:32:50	19,20	-0,12	1,29	2,22	1480,70
1552	01.08.2025 09:32:51	19,32	-0,17	2,19	3,67	1482,09
