#B	Created:	31.07.2025 05:55:28
##	Version	SeaStar	9.59
#5	Field separation:	0
#2	Date & Time:	1
#6	Decimal point:	,
#7	Date def.:	dd.mm.yyyy	.
#8	Time def.:	:
##	Axis	0	Temperature(°C)	clRed	FALSE
##	Axis	1	Pressure(Bar)	clBlue	FALSE
##	Axis	2	Salinity(psu)	clGreen	FALSE
##	Axis	3	Conductivity(mS/cm)	$00FF80FF	FALSE
##	Axis	4	Sound Velocity(m/sec)	$00404080	FALSE
##	Series	0	Temp(°C)	clRed	0	Temp(°C)	2
##	Series	1	Press(Bar)	clBlue	1	Press(Bar)	2
##	Series	2	Salinity(psu)	clGreen	2	Salinity(psu)	2
##	Series	3	Conduct(mS/cm)	$00FF80FF	3	Conduct(mS/cm)	2
##	Series	4	Sound Velocity(m/sec)	$00404080	4	Velocity(m/sec)	2
##	Recorder	101	DST CTD	13526
##	Chart	101S13526DAT	
#D	Data:	1677	31.07.2025 05:27:00	31.07.2025 05:54:56
1	31.07.2025 05:27:00	23,54	-0,05	0,19	0,38	1492,47
2	31.07.2025 05:27:01	23,54	-0,05	0,19	0,38	1492,47
3	31.07.2025 05:27:02	23,54	-0,05	0,19	0,38	1492,47
4	31.07.2025 05:27:03	23,54	-0,03	0,19	0,38	1492,47
5	31.07.2025 05:27:04	23,54	-0,05	0,19	0,38	1492,47
6	31.07.2025 05:27:05	23,54	-0,03	0,19	0,38	1492,47
7	31.07.2025 05:27:06	23,54	-0,05	0,19	0,38	1492,47
8	31.07.2025 05:27:07	23,54	-0,05	0,19	0,38	1492,47
9	31.07.2025 05:27:08	23,54	-0,03	0,19	0,38	1492,47
10	31.07.2025 05:27:09	23,54	-0,05	0,19	0,38	1492,47
11	31.07.2025 05:27:10	23,54	-0,05	0,19	0,38	1492,47
12	31.07.2025 05:27:11	23,54	-0,05	0,19	0,38	1492,47
13	31.07.2025 05:27:12	23,54	-0,05	0,19	0,38	1492,47
14	31.07.2025 05:27:13	23,54	-0,05	0,19	0,38	1492,47
15	31.07.2025 05:27:14	23,51	-0,05	0,19	0,38	1492,39
16	31.07.2025 05:27:15	23,51	-0,05	0,19	0,38	1492,39
17	31.07.2025 05:27:16	23,51	-0,05	0,19	0,38	1492,39
18	31.07.2025 05:27:17	23,51	-0,03	0,19	0,38	1492,39
19	31.07.2025 05:27:18	23,51	-0,05	0,19	0,38	1492,39
20	31.07.2025 05:27:19	23,51	-0,05	0,19	0,38	1492,39
21	31.07.2025 05:27:20	23,51	-0,05	0,19	0,38	1492,39
22	31.07.2025 05:27:21	23,51	-0,05	0,19	0,38	1492,39
23	31.07.2025 05:27:22	23,51	-0,05	0,19	0,38	1492,39
24	31.07.2025 05:27:23	23,51	-0,05	0,19	0,38	1492,39
25	31.07.2025 05:27:24	23,51	-0,05	0,19	0,38	1492,39
26	31.07.2025 05:27:25	23,51	-0,05	0,19	0,38	1492,39
27	31.07.2025 05:27:26	23,51	-0,03	0,19	0,38	1492,39
28	31.07.2025 05:27:27	23,48	-0,03	0,19	0,38	1492,31
29	31.07.2025 05:27:28	23,48	-0,03	0,19	0,38	1492,31
30	31.07.2025 05:27:29	23,48	-0,05	0,19	0,38	1492,31
31	31.07.2025 05:27:30	23,48	-0,03	0,19	0,38	1492,31
32	31.07.2025 05:27:31	23,48	-0,03	0,19	0,38	1492,31
33	31.07.2025 05:27:32	23,48	-0,03	0,19	0,38	1492,31
34	31.07.2025 05:27:33	23,48	-0,03	0,19	0,38	1492,31
35	31.07.2025 05:27:34	23,48	-0,05	0,19	0,38	1492,31
36	31.07.2025 05:27:35	23,45	-0,03	0,19	0,38	1492,23
37	31.07.2025 05:27:36	23,45	-0,03	0,19	0,38	1492,23
38	31.07.2025 05:27:37	23,45	-0,03	0,19	0,38	1492,23
39	31.07.2025 05:27:38	23,45	-0,05	0,19	0,38	1492,22
40	31.07.2025 05:27:39	23,45	-0,03	0,19	0,38	1492,23
41	31.07.2025 05:27:40	23,45	-0,05	0,17	0,35	1492,21
42	31.07.2025 05:27:41	23,42	-0,07	0,19	0,38	1492,14
43	31.07.2025 05:27:42	23,42	-0,05	0,17	0,35	1492,12
44	31.07.2025 05:27:43	23,42	-0,05	0,19	0,38	1492,14
45	31.07.2025 05:27:44	23,42	-0,07	0,19	0,38	1492,14
46	31.07.2025 05:27:45	23,42	-0,05	0,17	0,35	1492,12
47	31.07.2025 05:27:46	23,42	-0,05	0,17	0,35	1492,12
48	31.07.2025 05:27:47	23,42	-0,05	0,17	0,35	1492,12
49	31.07.2025 05:27:48	23,39	-0,05	0,17	0,35	1492,04
50	31.07.2025 05:27:49	23,39	-0,05	0,17	0,35	1492,04
51	31.07.2025 05:27:50	23,39	-0,05	0,17	0,35	1492,04
52	31.07.2025 05:27:51	23,39	-0,07	0,17	0,35	1492,04
53	31.07.2025 05:27:52	23,39	-0,07	0,17	0,35	1492,04
54	31.07.2025 05:27:53	23,39	-0,05	0,17	0,35	1492,04
55	31.07.2025 05:27:54	23,39	-0,05	0,19	0,38	1492,06
56	31.07.2025 05:27:55	23,39	-0,05	0,19	0,38	1492,06
57	31.07.2025 05:27:56	23,39	-0,05	0,17	0,35	1492,04
58	31.07.2025 05:27:57	23,39	-0,05	0,17	0,35	1492,04
59	31.07.2025 05:27:58	23,36	-0,05	0,19	0,38	1491,97
60	31.07.2025 05:27:59	23,36	-0,05	0,19	0,38	1491,97
61	31.07.2025 05:28:00	23,36	-0,05	0,17	0,35	1491,96
62	31.07.2025 05:28:01	23,36	-0,05	0,17	0,35	1491,96
63	31.07.2025 05:28:02	23,36	-0,05	0,17	0,35	1491,96
64	31.07.2025 05:28:03	23,36	-0,05	0,17	0,35	1491,96
65	31.07.2025 05:28:04	23,36	-0,05	0,17	0,35	1491,96
66	31.07.2025 05:28:05	23,36	-0,05	0,17	0,35	1491,96
67	31.07.2025 05:28:06	23,36	-0,05	0,17	0,35	1491,96
68	31.07.2025 05:28:07	23,36	-0,05	0,19	0,38	1491,97
69	31.07.2025 05:28:08	23,33	-0,05	0,17	0,35	1491,88
70	31.07.2025 05:28:09	23,33	-0,05	0,17	0,35	1491,88
71	31.07.2025 05:28:10	23,33	-0,03	0,17	0,35	1491,88
72	31.07.2025 05:28:11	23,33	-0,05	0,19	0,38	1491,89
73	31.07.2025 05:28:12	23,33	-0,05	0,17	0,35	1491,88
74	31.07.2025 05:28:13	23,33	-0,05	0,17	0,35	1491,88
75	31.07.2025 05:28:14	23,33	-0,05	0,17	0,35	1491,88
76	31.07.2025 05:28:15	23,33	-0,05	0,17	0,35	1491,88
77	31.07.2025 05:28:16	23,33	-0,05	0,17	0,35	1491,88
78	31.07.2025 05:28:17	23,33	-0,05	0,17	0,35	1491,88
79	31.07.2025 05:28:18	23,33	-0,05	0,17	0,35	1491,88
80	31.07.2025 05:28:19	23,30	-0,05	0,17	0,35	1491,79
81	31.07.2025 05:28:20	23,30	-0,05	0,17	0,35	1491,79
82	31.07.2025 05:28:21	23,30	-0,05	0,17	0,35	1491,79
83	31.07.2025 05:28:22	23,30	-0,05	0,17	0,35	1491,79
84	31.07.2025 05:28:23	23,30	-0,05	0,17	0,35	1491,79
85	31.07.2025 05:28:24	23,30	-0,05	0,17	0,35	1491,79
86	31.07.2025 05:28:25	23,30	-0,03	0,17	0,35	1491,80
87	31.07.2025 05:28:26	23,30	-0,05	0,17	0,35	1491,79
88	31.07.2025 05:28:27	23,30	-0,05	0,17	0,35	1491,79
89	31.07.2025 05:28:28	23,30	-0,05	0,17	0,35	1491,79
90	31.07.2025 05:28:29	23,30	-0,05	0,17	0,35	1491,79
91	31.07.2025 05:28:30	23,27	-0,05	0,19	0,38	1491,72
92	31.07.2025 05:28:31	23,27	-0,05	0,17	0,35	1491,71
93	31.07.2025 05:28:32	23,27	-0,05	0,17	0,35	1491,71
94	31.07.2025 05:28:33	23,27	-0,05	0,17	0,35	1491,71
95	31.07.2025 05:28:34	23,27	-0,07	0,17	0,35	1491,71
96	31.07.2025 05:28:35	23,27	-0,05	0,17	0,35	1491,71
97	31.07.2025 05:28:36	23,27	-0,03	0,17	0,35	1491,71
98	31.07.2025 05:28:37	23,27	-0,05	0,17	0,35	1491,71
99	31.07.2025 05:28:38	23,27	-0,05	0,17	0,35	1491,71
100	31.07.2025 05:28:39	23,27	-0,05	0,17	0,35	1491,71
101	31.07.2025 05:28:40	23,25	-0,05	0,17	0,35	1491,63
102	31.07.2025 05:28:41	23,27	-0,05	0,17	0,35	1491,71
103	31.07.2025 05:28:42	23,25	-0,05	0,17	0,35	1491,63
104	31.07.2025 05:28:43	23,25	-0,07	0,17	0,35	1491,62
105	31.07.2025 05:28:44	23,25	-0,05	0,17	0,35	1491,63
106	31.07.2025 05:28:45	23,25	-0,05	0,17	0,35	1491,63
107	31.07.2025 05:28:46	23,25	-0,05	0,17	0,35	1491,63
108	31.07.2025 05:28:47	23,25	-0,03	0,17	0,35	1491,63
109	31.07.2025 05:28:48	23,25	-0,05	0,17	0,35	1491,63
110	31.07.2025 05:28:49	23,25	-0,03	0,17	0,35	1491,63
111	31.07.2025 05:28:50	23,25	-0,05	0,17	0,35	1491,63
112	31.07.2025 05:28:51	23,25	-0,05	0,17	0,35	1491,63
113	31.07.2025 05:28:52	23,25	-0,05	0,17	0,35	1491,63
114	31.07.2025 05:28:53	23,22	-0,05	0,17	0,35	1491,54
115	31.07.2025 05:28:54	23,22	-0,03	0,17	0,35	1491,55
116	31.07.2025 05:28:55	23,22	-0,05	0,17	0,35	1491,54
117	31.07.2025 05:28:56	23,22	-0,05	0,17	0,35	1491,54
118	31.07.2025 05:28:57	23,22	-0,05	0,17	0,35	1491,54
119	31.07.2025 05:28:58	23,22	-0,05	0,17	0,35	1491,54
120	31.07.2025 05:28:59	23,22	-0,03	0,17	0,35	1491,55
121	31.07.2025 05:29:00	23,22	-0,05	0,17	0,35	1491,54
122	31.07.2025 05:29:01	23,22	-0,05	0,17	0,35	1491,54
123	31.07.2025 05:29:02	23,22	-0,05	0,17	0,35	1491,54
124	31.07.2025 05:29:03	23,22	-0,05	0,17	0,35	1491,54
125	31.07.2025 05:29:04	23,22	-0,05	0,17	0,35	1491,54
126	31.07.2025 05:29:05	23,19	-0,07	0,17	0,35	1491,46
127	31.07.2025 05:29:06	23,19	-0,05	0,17	0,35	1491,46
128	31.07.2025 05:29:07	23,19	-0,05	0,17	0,35	1491,46
129	31.07.2025 05:29:08	23,19	-0,05	0,17	0,35	1491,46
130	31.07.2025 05:29:09	23,19	-0,05	0,19	0,38	1491,47
131	31.07.2025 05:29:10	23,19	-0,05	0,17	0,35	1491,46
132	31.07.2025 05:29:11	23,19	-0,05	0,17	0,35	1491,46
133	31.07.2025 05:29:12	23,19	-0,05	0,19	0,38	1491,47
134	31.07.2025 05:29:13	23,19	-0,03	0,19	0,38	1491,48
135	31.07.2025 05:29:14	23,19	-0,05	0,19	0,38	1491,47
136	31.07.2025 05:29:15	23,19	-0,03	0,17	0,35	1491,46
137	31.07.2025 05:29:16	23,19	-0,05	0,19	0,38	1491,47
138	31.07.2025 05:29:17	23,16	-0,05	0,17	0,35	1491,38
139	31.07.2025 05:29:18	23,16	-0,05	0,19	0,38	1491,39
140	31.07.2025 05:29:19	23,16	-0,05	0,19	0,38	1491,39
141	31.07.2025 05:29:20	23,16	-0,03	0,17	0,35	1491,38
142	31.07.2025 05:29:21	23,16	-0,05	0,19	0,38	1491,39
143	31.07.2025 05:29:22	23,16	-0,05	0,17	0,35	1491,38
144	31.07.2025 05:29:23	23,16	-0,03	0,19	0,38	1491,39
145	31.07.2025 05:29:24	23,16	-0,03	0,19	0,38	1491,39
146	31.07.2025 05:29:25	23,16	-0,05	0,17	0,35	1491,38
147	31.07.2025 05:29:26	23,16	-0,03	0,19	0,38	1491,39
148	31.07.2025 05:29:27	23,16	-0,03	0,19	0,38	1491,39
149	31.07.2025 05:29:28	23,13	-0,05	0,17	0,35	1491,29
150	31.07.2025 05:29:29	23,13	-0,03	0,19	0,38	1491,31
151	31.07.2025 05:29:30	23,13	-0,05	0,19	0,38	1491,31
152	31.07.2025 05:29:31	23,13	-0,03	0,17	0,35	1491,30
153	31.07.2025 05:29:32	23,13	-0,05	0,19	0,38	1491,31
154	31.07.2025 05:29:33	23,13	-0,03	0,17	0,35	1491,30
155	31.07.2025 05:29:34	23,13	-0,03	0,19	0,38	1491,31
156	31.07.2025 05:29:35	23,13	-0,03	0,17	0,35	1491,30
157	31.07.2025 05:29:36	23,13	-0,05	0,17	0,35	1491,29
158	31.07.2025 05:29:37	23,10	-0,05	0,17	0,35	1491,21
159	31.07.2025 05:29:38	23,10	-0,05	0,19	0,38	1491,22
160	31.07.2025 05:29:39	23,10	-0,05	0,19	0,38	1491,22
161	31.07.2025 05:29:40	23,10	-0,05	0,17	0,35	1491,21
162	31.07.2025 05:29:41	23,10	-0,05	0,17	0,35	1491,21
163	31.07.2025 05:29:42	23,10	-0,05	0,19	0,38	1491,22
164	31.07.2025 05:29:43	23,10	-0,05	0,19	0,38	1491,22
165	31.07.2025 05:29:44	23,10	-0,03	0,17	0,35	1491,21
166	31.07.2025 05:29:45	23,10	-0,03	0,17	0,35	1491,21
167	31.07.2025 05:29:46	23,10	-0,03	0,19	0,38	1491,23
168	31.07.2025 05:29:47	23,10	-0,03	0,17	0,35	1491,21
169	31.07.2025 05:29:48	23,07	-0,05	0,19	0,38	1491,14
170	31.07.2025 05:29:49	23,07	-0,07	0,19	0,38	1491,14
171	31.07.2025 05:29:50	23,07	-0,05	0,18	0,35	1491,12
172	31.07.2025 05:29:51	23,07	-0,05	0,18	0,35	1491,12
173	31.07.2025 05:29:52	23,07	-0,07	0,18	0,35	1491,12
174	31.07.2025 05:29:53	23,07	-0,07	0,18	0,35	1491,12
175	31.07.2025 05:29:54	23,07	-0,07	0,19	0,38	1491,14
176	31.07.2025 05:29:55	23,07	-0,07	0,19	0,38	1491,14
177	31.07.2025 05:29:56	23,07	-0,07	0,19	0,38	1491,14
178	31.07.2025 05:29:57	23,07	-0,07	0,18	0,35	1491,12
179	31.07.2025 05:29:58	23,07	-0,07	0,19	0,38	1491,14
180	31.07.2025 05:29:59	23,04	-0,05	0,18	0,35	1491,04
181	31.07.2025 05:30:00	23,04	-0,05	0,19	0,38	1491,06
182	31.07.2025 05:30:01	23,04	-0,05	0,19	0,38	1491,06
183	31.07.2025 05:30:02	23,04	-0,05	0,19	0,38	1491,06
184	31.07.2025 05:30:03	23,04	-0,05	0,19	0,38	1491,06
185	31.07.2025 05:30:04	23,04	-0,05	0,18	0,35	1491,04
186	31.07.2025 05:30:05	23,04	-0,05	0,19	0,38	1491,06
187	31.07.2025 05:30:06	23,04	-0,07	0,19	0,38	1491,05
188	31.07.2025 05:30:07	23,01	-0,05	0,19	0,38	1490,97
189	31.07.2025 05:30:08	23,01	-0,05	0,19	0,38	1490,97
190	31.07.2025 05:30:09	23,01	-0,05	0,19	0,38	1490,97
191	31.07.2025 05:30:10	23,01	-0,05	0,19	0,38	1490,97
192	31.07.2025 05:30:11	23,01	-0,07	0,19	0,38	1490,97
193	31.07.2025 05:30:12	23,01	-0,07	0,18	0,35	1490,95
194	31.07.2025 05:30:13	23,01	-0,07	0,19	0,38	1490,97
195	31.07.2025 05:30:14	23,01	-0,05	0,19	0,38	1490,97
196	31.07.2025 05:30:15	22,98	-0,05	0,18	0,35	1490,87
197	31.07.2025 05:30:16	22,98	-0,05	0,18	0,35	1490,87
198	31.07.2025 05:30:17	22,98	-0,05	0,18	0,35	1490,87
199	31.07.2025 05:30:18	22,98	-0,07	0,18	0,35	1490,87
200	31.07.2025 05:30:19	22,98	-0,07	0,18	0,35	1490,87
201	31.07.2025 05:30:20	22,98	-0,05	0,18	0,35	1490,87
202	31.07.2025 05:30:21	22,98	-0,05	0,18	0,35	1490,87
203	31.07.2025 05:30:22	22,98	-0,07	0,18	0,35	1490,87
204	31.07.2025 05:30:23	22,95	-0,05	0,19	0,38	1490,81
205	31.07.2025 05:30:24	22,95	-0,05	26,58	39,81	1519,95
206	31.07.2025 05:30:25	22,72	-0,29	25,08	37,61	1517,65
207	31.07.2025 05:30:26	22,28	-0,19	24,98	37,14	1516,39
208	31.07.2025 05:30:27	21,99	-0,12	25,17	37,17	1515,82
209	31.07.2025 05:30:28	21,73	-0,03	25,23	37,05	1515,20
210	31.07.2025 05:30:29	21,55	-0,08	25,36	37,08	1514,85
211	31.07.2025 05:30:30	21,29	-0,01	25,48	37,04	1514,28
212	31.07.2025 05:30:31	21,12	0,00	25,59	37,04	1513,91
213	31.07.2025 05:30:32	20,97	-0,01	25,63	36,98	1513,55
214	31.07.2025 05:30:33	20,85	0,00	25,70	36,98	1513,31
215	31.07.2025 05:30:34	20,73	0,02	25,77	36,98	1513,06
216	31.07.2025 05:30:35	20,65	0,04	25,76	36,89	1512,80
217	31.07.2025 05:30:36	20,59	0,04	25,85	36,97	1512,75
218	31.07.2025 05:30:37	20,53	0,02	25,89	36,97	1512,62
219	31.07.2025 05:30:38	20,47	0,04	25,92	36,97	1512,50
220	31.07.2025 05:30:39	20,41	0,04	25,96	36,97	1512,37
221	31.07.2025 05:30:40	20,35	0,06	25,99	36,97	1512,25
222	31.07.2025 05:30:41	20,29	0,04	26,03	36,97	1512,12
223	31.07.2025 05:30:42	20,26	0,06	26,04	36,97	1512,06
224	31.07.2025 05:30:43	20,21	0,04	26,10	36,99	1511,95
225	31.07.2025 05:30:44	20,18	0,02	26,10	36,96	1511,86
226	31.07.2025 05:30:45	20,15	0,04	26,14	36,99	1511,83
227	31.07.2025 05:30:46	20,12	0,04	26,15	36,99	1511,76
228	31.07.2025 05:30:47	20,09	0,04	26,17	36,99	1511,70
229	31.07.2025 05:30:48	20,03	0,02	26,21	36,99	1511,57
230	31.07.2025 05:30:49	20,00	0,02	26,22	36,99	1511,51
231	31.07.2025 05:30:50	19,97	0,02	26,24	36,99	1511,44
232	31.07.2025 05:30:51	19,94	0,04	26,26	36,99	1511,38
233	31.07.2025 05:30:52	19,91	0,02	26,28	36,99	1511,32
234	31.07.2025 05:30:53	19,88	0,02	26,30	36,98	1511,25
235	31.07.2025 05:30:54	19,85	0,02	26,31	36,98	1511,19
236	31.07.2025 05:30:55	19,82	0,02	26,33	36,98	1511,12
237	31.07.2025 05:30:56	19,79	0,02	26,35	36,98	1511,06
238	31.07.2025 05:30:57	19,76	0,02	26,37	36,98	1511,00
239	31.07.2025 05:30:58	19,76	0,02	26,39	37,01	1511,02
240	31.07.2025 05:30:59	19,73	0,02	26,39	36,98	1510,93
241	31.07.2025 05:31:00	19,71	0,02	26,40	36,98	1510,87
242	31.07.2025 05:31:01	19,68	0,00	26,44	37,01	1510,83
243	31.07.2025 05:31:02	19,68	0,02	26,44	37,01	1510,83
244	31.07.2025 05:31:03	19,65	0,02	26,46	37,01	1510,77
245	31.07.2025 05:31:04	19,62	0,02	26,48	37,01	1510,70
246	31.07.2025 05:31:05	19,59	0,00	26,50	37,01	1510,63
247	31.07.2025 05:31:06	19,59	0,00	26,50	37,00	1510,63
248	31.07.2025 05:31:07	19,56	0,02	26,52	37,00	1510,57
249	31.07.2025 05:31:08	19,53	0,02	26,53	37,00	1510,51
250	31.07.2025 05:31:09	19,53	0,00	26,53	37,00	1510,51
251	31.07.2025 05:31:10	19,50	0,02	26,55	37,00	1510,44
252	31.07.2025 05:31:11	19,50	0,02	26,55	37,00	1510,44
253	31.07.2025 05:31:12	19,47	0,02	26,57	37,00	1510,38
254	31.07.2025 05:31:13	19,44	0,00	26,59	37,00	1510,31
255	31.07.2025 05:31:14	19,44	-0,01	26,59	37,00	1510,31
256	31.07.2025 05:31:15	19,41	0,00	26,61	37,00	1510,25
257	31.07.2025 05:31:16	19,41	-0,01	26,61	37,00	1510,25
258	31.07.2025 05:31:17	19,38	0,00	26,62	37,00	1510,18
259	31.07.2025 05:31:18	19,38	0,00	26,62	37,00	1510,18
260	31.07.2025 05:31:19	19,35	0,00	26,64	37,00	1510,12
261	31.07.2025 05:31:20	19,35	0,00	26,64	37,00	1510,12
262	31.07.2025 05:31:21	19,32	0,00	26,66	37,00	1510,06
263	31.07.2025 05:31:22	19,32	0,00	26,66	37,00	1510,05
264	31.07.2025 05:31:23	19,29	0,02	26,68	37,00	1509,99
265	31.07.2025 05:31:24	19,29	0,02	26,68	37,00	1509,99
266	31.07.2025 05:31:25	19,26	0,02	26,70	37,00	1509,93
267	31.07.2025 05:31:26	19,26	0,04	26,70	37,00	1509,93
268	31.07.2025 05:31:27	19,26	0,04	26,70	37,00	1509,93
269	31.07.2025 05:31:28	19,23	0,08	26,72	37,00	1509,87
270	31.07.2025 05:31:29	19,23	0,09	26,72	37,00	1509,88
271	31.07.2025 05:31:30	19,20	0,09	26,73	37,00	1509,81
272	31.07.2025 05:31:31	19,20	0,11	26,73	37,00	1509,81
273	31.07.2025 05:31:32	19,20	0,13	26,73	37,00	1509,82
274	31.07.2025 05:31:33	19,17	0,13	26,75	37,00	1509,75
275	31.07.2025 05:31:34	19,17	0,16	26,73	36,97	1509,73
276	31.07.2025 05:31:35	19,17	0,16	26,73	36,97	1509,73
277	31.07.2025 05:31:36	19,14	0,18	26,75	36,97	1509,67
278	31.07.2025 05:31:37	19,11	0,22	26,77	36,97	1509,61
279	31.07.2025 05:31:38	19,11	0,22	26,77	36,97	1509,61
280	31.07.2025 05:31:39	19,11	0,23	26,77	36,97	1509,61
281	31.07.2025 05:31:40	19,09	0,22	26,76	36,94	1509,52
282	31.07.2025 05:31:41	19,09	0,23	26,70	36,86	1509,45
283	31.07.2025 05:31:42	19,06	0,25	26,76	36,91	1509,44
284	31.07.2025 05:31:43	19,03	0,27	26,76	36,89	1509,35
285	31.07.2025 05:31:44	19,00	0,29	26,73	36,83	1509,24
286	31.07.2025 05:31:45	18,97	0,32	26,80	36,88	1509,23
287	31.07.2025 05:31:46	18,97	0,34	26,79	36,88	1509,23
288	31.07.2025 05:31:47	18,97	0,36	26,84	36,94	1509,28
289	31.07.2025 05:31:48	18,97	0,37	26,84	36,94	1509,29
290	31.07.2025 05:31:49	18,97	0,37	26,79	36,88	1509,24
291	31.07.2025 05:31:50	18,94	0,37	26,64	36,67	1508,97
292	31.07.2025 05:31:51	18,88	0,39	26,61	36,59	1508,77
293	31.07.2025 05:31:52	18,82	0,43	26,65	36,59	1508,65
294	31.07.2025 05:31:53	18,76	0,44	26,64	36,53	1508,47
295	31.07.2025 05:31:54	18,73	0,46	26,64	36,50	1508,38
296	31.07.2025 05:31:55	18,67	0,48	26,63	36,45	1508,20
297	31.07.2025 05:31:56	18,64	0,50	26,63	36,42	1508,11
298	31.07.2025 05:31:57	18,58	0,53	26,67	36,42	1507,99
299	31.07.2025 05:31:58	18,55	0,57	26,60	36,31	1507,82
300	31.07.2025 05:31:59	18,52	0,53	26,25	35,86	1507,33
301	31.07.2025 05:32:00	18,37	0,56	26,23	35,72	1506,87
302	31.07.2025 05:32:01	18,22	0,60	26,28	35,66	1506,49
303	31.07.2025 05:32:02	18,14	0,63	26,31	35,63	1506,27
304	31.07.2025 05:32:03	18,05	0,68	26,35	35,61	1506,05
305	31.07.2025 05:32:04	17,99	0,72	26,38	35,60	1505,92
306	31.07.2025 05:32:05	17,93	0,75	26,42	35,60	1505,79
307	31.07.2025 05:32:06	17,87	0,78	26,48	35,63	1505,68
308	31.07.2025 05:32:07	17,84	0,80	26,50	35,63	1505,61
309	31.07.2025 05:32:08	17,81	0,79	26,49	35,60	1505,52
310	31.07.2025 05:32:09	17,78	0,81	26,51	35,60	1505,46
311	31.07.2025 05:32:10	17,75	0,83	26,55	35,62	1505,41
312	31.07.2025 05:32:11	17,75	0,83	26,55	35,62	1505,41
313	31.07.2025 05:32:12	17,72	0,84	26,57	35,62	1505,35
314	31.07.2025 05:32:13	17,69	0,88	26,59	35,62	1505,29
315	31.07.2025 05:32:14	17,69	0,89	26,59	35,62	1505,29
316	31.07.2025 05:32:15	17,66	0,91	26,61	35,62	1505,22
317	31.07.2025 05:32:16	17,63	0,91	26,63	35,62	1505,15
318	31.07.2025 05:32:17	17,60	0,94	26,65	35,62	1505,09
319	31.07.2025 05:32:18	17,60	0,96	26,67	35,65	1505,12
320	31.07.2025 05:32:19	17,57	0,99	26,69	35,65	1505,06
321	31.07.2025 05:32:20	17,57	1,01	26,69	35,65	1505,06
322	31.07.2025 05:32:21	17,54	1,03	26,71	35,65	1504,99
323	31.07.2025 05:32:22	17,51	1,06	26,71	35,62	1504,90
324	31.07.2025 05:32:23	17,51	1,08	26,71	35,62	1504,91
325	31.07.2025 05:32:24	17,48	1,09	26,59	35,46	1504,69
326	31.07.2025 05:32:25	17,42	1,11	26,61	35,43	1504,52
327	31.07.2025 05:32:26	17,36	1,14	26,73	35,54	1504,49
328	31.07.2025 05:32:27	17,33	1,16	26,71	35,48	1504,38
329	31.07.2025 05:32:28	17,30	1,16	26,66	35,40	1504,23
330	31.07.2025 05:32:29	17,27	1,17	26,72	35,45	1504,21
331	31.07.2025 05:32:30	17,24	1,17	26,70	35,40	1504,09
332	31.07.2025 05:32:31	17,18	1,17	26,71	35,37	1503,93
333	31.07.2025 05:32:32	17,15	1,18	26,73	35,37	1503,86
334	31.07.2025 05:32:33	17,12	1,18	26,73	35,34	1503,76
335	31.07.2025 05:32:34	17,09	1,18	26,77	35,37	1503,72
336	31.07.2025 05:32:35	17,06	1,18	26,79	35,37	1503,65
337	31.07.2025 05:32:36	17,03	1,18	26,81	35,37	1503,58
338	31.07.2025 05:32:37	17,03	1,18	26,81	35,37	1503,58
339	31.07.2025 05:32:38	17,00	1,18	26,83	35,37	1503,51
340	31.07.2025 05:32:39	17,00	1,21	26,81	35,34	1503,49
341	31.07.2025 05:32:40	16,97	1,23	26,83	35,34	1503,42
342	31.07.2025 05:32:41	16,94	1,23	26,82	35,31	1503,33
343	31.07.2025 05:32:42	16,91	1,26	26,78	35,23	1503,18
344	31.07.2025 05:32:43	16,88	1,26	26,79	35,23	1503,11
345	31.07.2025 05:32:44	16,82	1,29	26,86	35,26	1503,00
346	31.07.2025 05:32:45	16,79	1,29	26,85	35,23	1502,91
347	31.07.2025 05:32:46	16,73	1,30	26,78	35,09	1502,64
348	31.07.2025 05:32:47	16,67	1,27	26,70	34,96	1502,36
349	31.07.2025 05:32:48	16,55	1,31	26,76	34,93	1502,05
350	31.07.2025 05:32:49	16,46	1,34	26,82	34,93	1501,85
351	31.07.2025 05:32:50	16,40	1,34	26,83	34,90	1501,68
352	31.07.2025 05:32:51	16,37	1,34	26,83	34,87	1501,58
353	31.07.2025 05:32:52	16,34	1,36	26,83	34,84	1501,48
354	31.07.2025 05:32:53	16,31	1,35	26,71	34,68	1501,25
355	31.07.2025 05:32:54	16,25	1,35	26,70	34,63	1501,05
356	31.07.2025 05:32:55	16,13	1,33	26,71	34,54	1500,68
357	31.07.2025 05:32:56	16,01	1,34	26,72	34,46	1500,31
358	31.07.2025 05:32:57	15,85	1,37	26,75	34,38	1499,87
359	31.07.2025 05:32:58	15,73	1,40	26,79	34,32	1499,53
360	31.07.2025 05:32:59	15,61	1,41	26,87	34,32	1499,24
361	31.07.2025 05:33:00	15,52	1,42	27,00	34,40	1499,10
362	31.07.2025 05:33:01	15,49	1,44	27,09	34,48	1499,11
363	31.07.2025 05:33:02	15,52	1,42	27,07	34,48	1499,19
364	31.07.2025 05:33:03	15,52	1,42	27,09	34,50	1499,21
365	31.07.2025 05:33:04	15,52	1,40	27,07	34,48	1499,18
366	31.07.2025 05:33:05	15,49	1,39	27,06	34,45	1499,08
367	31.07.2025 05:33:06	15,46	1,38	27,06	34,42	1498,98
368	31.07.2025 05:33:07	15,40	1,40	27,08	34,39	1498,81
369	31.07.2025 05:33:08	15,34	1,40	27,09	34,36	1498,63
370	31.07.2025 05:33:09	15,28	1,39	27,14	34,36	1498,48
371	31.07.2025 05:33:10	15,25	1,41	27,09	34,28	1498,33
372	31.07.2025 05:33:11	15,19	1,39	27,08	34,23	1498,12
373	31.07.2025 05:33:12	15,09	1,38	27,09	34,17	1497,84
374	31.07.2025 05:33:13	15,03	1,40	27,09	34,12	1497,64
375	31.07.2025 05:33:14	14,94	1,39	27,13	34,09	1497,38
376	31.07.2025 05:33:15	14,88	1,39	27,12	34,03	1497,18
377	31.07.2025 05:33:16	14,79	1,40	27,04	33,87	1496,79
378	31.07.2025 05:33:17	14,67	1,40	27,00	33,73	1496,34
379	31.07.2025 05:33:18	14,51	1,43	27,11	33,73	1495,97
380	31.07.2025 05:33:19	14,39	1,46	27,21	33,75	1495,70
381	31.07.2025 05:33:20	14,36	1,51	27,35	33,89	1495,77
382	31.07.2025 05:33:21	14,36	1,49	27,35	33,89	1495,77
383	31.07.2025 05:33:22	14,36	1,47	27,23	33,75	1495,62
384	31.07.2025 05:33:23	14,30	1,43	27,06	33,51	1495,21
385	31.07.2025 05:33:24	14,14	1,41	26,76	33,05	1494,33
386	31.07.2025 05:33:25	13,90	1,43	26,78	32,89	1493,54
387	31.07.2025 05:33:26	13,68	1,46	26,78	32,72	1492,82
388	31.07.2025 05:33:27	13,49	1,50	26,76	32,55	1492,17
389	31.07.2025 05:33:28	13,31	1,51	26,79	32,44	1491,58
390	31.07.2025 05:33:29	13,15	1,54	26,80	32,33	1491,06
391	31.07.2025 05:33:30	12,99	1,56	26,85	32,27	1490,60
392	31.07.2025 05:33:31	12,87	1,58	26,79	32,11	1490,10
393	31.07.2025 05:33:32	12,71	1,57	26,80	32,00	1489,57
394	31.07.2025 05:33:33	12,59	1,58	26,79	31,89	1489,13
395	31.07.2025 05:33:34	12,46	1,61	26,67	31,67	1488,56
396	31.07.2025 05:33:35	12,30	1,58	26,61	31,48	1487,93
397	31.07.2025 05:33:36	12,11	1,61	26,64	31,37	1487,31
398	31.07.2025 05:33:37	11,96	1,64	26,62	31,23	1486,74
399	31.07.2025 05:33:38	11,83	1,67	26,65	31,17	1486,34
400	31.07.2025 05:33:39	11,67	1,68	26,69	31,09	1485,82
401	31.07.2025 05:33:40	11,54	1,71	26,80	31,11	1485,52
402	31.07.2025 05:33:41	11,45	1,72	26,87	31,11	1485,26
403	31.07.2025 05:33:42	11,35	1,73	26,91	31,08	1484,97
404	31.07.2025 05:33:43	11,26	1,75	27,06	31,16	1484,81
405	31.07.2025 05:33:44	11,19	1,78	27,15	31,21	1484,71
406	31.07.2025 05:33:45	11,13	1,79	27,23	31,24	1484,57
407	31.07.2025 05:33:46	11,06	1,79	27,24	31,21	1484,36
408	31.07.2025 05:33:47	10,97	1,80	27,31	31,21	1484,10
409	31.07.2025 05:33:48	10,87	1,81	27,36	31,18	1483,81
410	31.07.2025 05:33:49	10,81	1,85	27,40	31,17	1483,64
411	31.07.2025 05:33:50	10,74	1,84	27,42	31,15	1483,43
412	31.07.2025 05:33:51	10,65	1,84	27,49	31,14	1483,17
413	31.07.2025 05:33:52	10,58	1,87	27,54	31,14	1483,00
414	31.07.2025 05:33:53	10,52	1,87	27,59	31,14	1482,82
415	31.07.2025 05:33:54	10,45	1,87	27,64	31,14	1482,65
416	31.07.2025 05:33:55	10,42	1,88	27,69	31,16	1482,59
417	31.07.2025 05:33:56	10,36	1,90	27,68	31,11	1482,35
418	31.07.2025 05:33:57	10,26	1,89	27,65	31,00	1481,96
419	31.07.2025 05:33:58	10,16	1,89	27,59	30,86	1481,52
420	31.07.2025 05:33:59	10,00	1,90	27,55	30,70	1480,88
421	31.07.2025 05:34:00	9,87	1,92	27,59	30,64	1480,46
422	31.07.2025 05:34:01	9,70	1,95	27,63	30,56	1479,91
423	31.07.2025 05:34:02	9,57	1,96	27,62	30,45	1479,41
424	31.07.2025 05:34:03	9,44	1,97	27,58	30,31	1478,88
425	31.07.2025 05:34:04	9,31	1,99	27,55	30,17	1478,34
426	31.07.2025 05:34:05	9,14	1,98	27,45	29,95	1477,61
427	31.07.2025 05:34:06	8,98	2,01	27,49	29,87	1477,04
428	31.07.2025 05:34:07	8,78	2,05	27,56	29,79	1476,38
429	31.07.2025 05:34:08	8,65	2,08	27,63	29,75	1475,97
430	31.07.2025 05:34:09	8,51	2,09	27,68	29,70	1475,52
431	31.07.2025 05:34:10	8,41	2,12	27,70	29,64	1475,16
432	31.07.2025 05:34:11	8,28	2,15	27,72	29,56	1474,68
433	31.07.2025 05:34:12	8,21	2,13	27,63	29,42	1474,31
434	31.07.2025 05:34:13	8,08	2,15	27,62	29,31	1473,79
435	31.07.2025 05:34:14	7,91	2,18	27,72	29,28	1473,26
436	31.07.2025 05:34:15	7,81	2,21	27,80	29,28	1472,97
437	31.07.2025 05:34:16	7,71	2,22	27,85	29,25	1472,64
438	31.07.2025 05:34:17	7,64	2,24	27,90	29,25	1472,45
439	31.07.2025 05:34:18	7,54	2,25	27,98	29,24	1472,15
440	31.07.2025 05:34:19	7,50	2,27	28,01	29,24	1472,06
441	31.07.2025 05:34:20	7,43	2,30	28,06	29,24	1471,86
442	31.07.2025 05:34:21	7,37	2,31	28,12	29,24	1471,67
443	31.07.2025 05:34:22	7,30	2,31	28,17	29,24	1471,47
444	31.07.2025 05:34:23	7,26	2,33	28,14	29,18	1471,30
445	31.07.2025 05:34:24	7,20	2,36	28,13	29,13	1471,03
446	31.07.2025 05:34:25	7,13	2,35	28,13	29,07	1470,75
447	31.07.2025 05:34:26	7,02	2,38	28,21	29,07	1470,46
448	31.07.2025 05:34:27	6,96	2,42	28,50	29,28	1470,55
449	31.07.2025 05:34:28	6,92	2,43	28,55	29,31	1470,49
450	31.07.2025 05:34:29	6,89	2,45	28,70	29,41	1470,54
451	31.07.2025 05:34:30	6,89	2,47	28,70	29,41	1470,54
452	31.07.2025 05:34:31	6,85	2,48	28,72	29,41	1470,44
453	31.07.2025 05:34:32	6,82	2,50	28,72	29,39	1470,30
454	31.07.2025 05:34:33	6,78	2,48	28,46	29,12	1469,83
455	31.07.2025 05:34:34	6,68	2,49	28,31	28,90	1469,23
456	31.07.2025 05:34:35	6,58	2,52	28,28	28,79	1468,78
457	31.07.2025 05:34:36	6,44	2,55	28,36	28,76	1468,34
458	31.07.2025 05:34:37	6,33	2,58	28,42	28,73	1467,99
459	31.07.2025 05:34:38	6,23	2,59	28,44	28,67	1467,61
460	31.07.2025 05:34:39	6,16	2,62	28,44	28,62	1467,33
461	31.07.2025 05:34:40	6,05	2,62	28,58	28,67	1467,09
462	31.07.2025 05:34:41	6,02	2,67	28,67	28,72	1467,07
463	31.07.2025 05:34:42	5,98	2,68	28,76	28,77	1467,04
464	31.07.2025 05:34:43	5,95	2,68	28,76	28,75	1466,90
465	31.07.2025 05:34:44	5,91	2,72	28,79	28,75	1466,80
466	31.07.2025 05:34:45	5,88	2,71	28,76	28,69	1466,62
467	31.07.2025 05:34:46	5,81	2,73	28,66	28,56	1466,22
468	31.07.2025 05:34:47	5,74	2,74	28,63	28,47	1465,89
469	31.07.2025 05:34:48	5,63	2,77	28,63	28,39	1465,46
470	31.07.2025 05:34:49	5,56	2,79	28,69	28,39	1465,25
471	31.07.2025 05:34:50	5,49	2,83	29,05	28,66	1465,43
472	31.07.2025 05:34:51	5,46	2,83	28,81	28,41	1464,98
473	31.07.2025 05:34:52	5,42	2,83	28,63	28,22	1464,60
474	31.07.2025 05:34:53	5,31	2,84	28,53	28,06	1464,05
475	31.07.2025 05:34:54	5,17	2,89	28,74	28,14	1463,74
476	31.07.2025 05:34:55	5,10	2,92	28,71	28,06	1463,41
477	31.07.2025 05:34:56	5,03	2,92	28,65	27,95	1463,03
478	31.07.2025 05:34:57	4,92	2,95	28,65	27,87	1462,59
479	31.07.2025 05:34:58	4,85	2,98	28,61	27,78	1462,25
480	31.07.2025 05:34:59	4,74	3,01	28,64	27,73	1461,85
481	31.07.2025 05:35:00	4,67	3,02	28,67	27,70	1461,59
482	31.07.2025 05:35:01	4,60	3,04	28,73	27,70	1461,37
483	31.07.2025 05:35:02	4,53	3,07	28,79	27,69	1461,15
484	31.07.2025 05:35:03	4,45	3,10	29,07	27,88	1461,21
485	31.07.2025 05:35:04	4,45	3,13	29,10	27,91	1461,25
486	31.07.2025 05:35:05	4,45	3,12	29,13	27,93	1461,29
487	31.07.2025 05:35:06	4,42	3,11	29,13	27,91	1461,14
488	31.07.2025 05:35:07	4,42	3,11	29,16	27,93	1461,18
489	31.07.2025 05:35:08	4,38	3,13	29,22	27,96	1461,11
490	31.07.2025 05:35:09	4,38	3,13	29,26	27,98	1461,15
491	31.07.2025 05:35:10	4,35	3,13	29,29	27,98	1461,04
492	31.07.2025 05:35:11	4,35	3,15	29,29	27,98	1461,04
493	31.07.2025 05:35:12	4,31	3,14	29,29	27,96	1460,89
494	31.07.2025 05:35:13	4,31	3,13	29,26	27,93	1460,85
495	31.07.2025 05:35:14	4,27	3,14	29,26	27,90	1460,70
496	31.07.2025 05:35:15	4,24	3,17	29,29	27,90	1460,59
497	31.07.2025 05:35:16	4,20	3,19	29,29	27,87	1460,44
498	31.07.2025 05:35:17	4,16	3,21	29,35	27,90	1460,37
499	31.07.2025 05:35:18	4,13	3,22	29,41	27,93	1460,30
500	31.07.2025 05:35:19	4,09	3,24	29,41	27,90	1460,15
501	31.07.2025 05:35:20	4,06	3,24	29,41	27,87	1459,99
502	31.07.2025 05:35:21	4,02	3,25	29,38	27,82	1459,80
503	31.07.2025 05:35:22	3,98	3,28	29,41	27,81	1459,69
504	31.07.2025 05:35:23	3,95	3,30	29,45	27,81	1459,58
505	31.07.2025 05:35:24	3,91	3,32	29,51	27,84	1459,51
506	31.07.2025 05:35:25	3,91	3,35	29,51	27,84	1459,52
507	31.07.2025 05:35:26	3,87	3,35	29,54	27,84	1459,40
508	31.07.2025 05:35:27	3,87	3,37	29,54	27,84	1459,41
509	31.07.2025 05:35:28	3,84	3,40	29,60	27,86	1459,34
510	31.07.2025 05:35:29	3,80	3,43	29,64	27,86	1459,23
511	31.07.2025 05:35:30	3,80	3,43	29,54	27,78	1459,11
512	31.07.2025 05:35:31	3,76	3,47	29,54	27,76	1458,96
513	31.07.2025 05:35:32	3,73	3,48	29,58	27,75	1458,84
514	31.07.2025 05:35:33	3,69	3,51	29,61	27,75	1458,74
515	31.07.2025 05:35:34	3,65	3,53	29,64	27,75	1458,62
516	31.07.2025 05:35:35	3,65	3,55	29,70	27,81	1458,71
517	31.07.2025 05:35:36	3,62	3,58	29,70	27,78	1458,56
518	31.07.2025 05:35:37	3,58	3,61	29,74	27,78	1458,45
519	31.07.2025 05:35:38	3,58	3,63	29,77	27,80	1458,49
520	31.07.2025 05:35:39	3,54	3,66	29,77	27,78	1458,34
521	31.07.2025 05:35:40	3,54	3,68	29,74	27,75	1458,30
522	31.07.2025 05:35:41	3,50	3,70	29,77	27,75	1458,19
523	31.07.2025 05:35:42	3,47	3,75	29,83	27,78	1458,12
524	31.07.2025 05:35:43	3,47	3,77	29,80	27,75	1458,08
525	31.07.2025 05:35:44	3,43	3,80	29,80	27,72	1457,93
526	31.07.2025 05:35:45	3,39	3,81	29,74	27,64	1457,69
527	31.07.2025 05:35:46	3,36	3,83	29,65	27,53	1457,41
528	31.07.2025 05:35:47	3,28	3,86	29,62	27,45	1457,06
529	31.07.2025 05:35:48	3,21	3,91	29,71	27,47	1456,88
530	31.07.2025 05:35:49	3,17	3,93	29,65	27,39	1456,64
531	31.07.2025 05:35:50	3,13	3,96	29,59	27,31	1456,40
532	31.07.2025 05:35:51	3,06	3,99	29,59	27,26	1456,09
533	31.07.2025 05:35:52	3,02	4,02	29,59	27,23	1455,93
534	31.07.2025 05:35:53	2,95	4,05	29,63	27,20	1455,66
535	31.07.2025 05:35:54	2,91	4,09	29,66	27,20	1455,54
536	31.07.2025 05:35:55	2,84	4,12	29,69	27,17	1455,27
537	31.07.2025 05:35:56	2,80	4,13	29,73	27,17	1455,15
538	31.07.2025 05:35:57	2,76	4,18	29,76	27,17	1455,04
539	31.07.2025 05:35:58	2,72	4,22	29,83	27,20	1454,97
540	31.07.2025 05:35:59	2,72	4,24	29,89	27,25	1455,05
541	31.07.2025 05:36:00	2,68	4,27	30,02	27,33	1455,07
542	31.07.2025 05:36:01	2,68	4,29	30,06	27,36	1455,11
543	31.07.2025 05:36:02	2,68	4,32	30,06	27,36	1455,12
544	31.07.2025 05:36:03	2,65	4,35	30,15	27,41	1455,09
545	31.07.2025 05:36:04	2,65	4,37	30,15	27,41	1455,09
546	31.07.2025 05:36:05	2,65	4,41	30,19	27,43	1455,14
547	31.07.2025 05:36:06	2,61	4,42	30,19	27,41	1454,98
548	31.07.2025 05:36:07	2,61	4,44	30,19	27,41	1454,98
549	31.07.2025 05:36:08	2,61	4,47	30,19	27,41	1454,99
550	31.07.2025 05:36:09	2,57	4,51	30,22	27,41	1454,88
551	31.07.2025 05:36:10	2,57	4,54	30,22	27,41	1454,88
552	31.07.2025 05:36:11	2,57	4,56	30,22	27,41	1454,88
553	31.07.2025 05:36:12	2,53	4,59	30,26	27,41	1454,77
554	31.07.2025 05:36:13	2,53	4,61	30,26	27,41	1454,77
555	31.07.2025 05:36:14	2,53	4,63	30,26	27,41	1454,77
556	31.07.2025 05:36:15	2,50	4,66	30,29	27,41	1454,66
557	31.07.2025 05:36:16	2,50	4,70	30,29	27,40	1454,67
558	31.07.2025 05:36:17	2,50	4,71	30,29	27,40	1454,67
559	31.07.2025 05:36:18	2,46	4,73	30,33	27,40	1454,55
560	31.07.2025 05:36:19	2,46	4,76	30,33	27,40	1454,56
561	31.07.2025 05:36:20	2,46	4,78	30,33	27,40	1454,56
562	31.07.2025 05:36:21	2,42	4,81	30,36	27,40	1454,44
563	31.07.2025 05:36:22	2,42	4,83	30,33	27,38	1454,40
564	31.07.2025 05:36:23	2,42	4,87	30,33	27,38	1454,41
565	31.07.2025 05:36:24	2,42	4,89	30,36	27,40	1454,45
566	31.07.2025 05:36:25	2,38	4,90	30,36	27,38	1454,29
567	31.07.2025 05:36:26	2,38	4,94	30,36	27,38	1454,30
568	31.07.2025 05:36:27	2,38	4,95	30,36	27,38	1454,30
569	31.07.2025 05:36:28	2,34	4,95	30,43	27,40	1454,22
570	31.07.2025 05:36:29	2,34	4,99	30,40	27,37	1454,19
571	31.07.2025 05:36:30	2,34	4,99	30,43	27,40	1454,23
572	31.07.2025 05:36:31	2,34	5,00	30,43	27,40	1454,23
573	31.07.2025 05:36:32	2,31	5,02	30,43	27,37	1454,07
574	31.07.2025 05:36:33	2,31	5,02	30,46	27,40	1454,11
575	31.07.2025 05:36:34	2,31	5,04	30,46	27,40	1454,12
576	31.07.2025 05:36:35	2,31	5,04	30,46	27,40	1454,12
577	31.07.2025 05:36:36	2,31	5,04	30,46	27,40	1454,12
578	31.07.2025 05:36:37	2,27	5,03	30,50	27,40	1454,00
579	31.07.2025 05:36:38	2,27	5,05	30,50	27,40	1454,00
580	31.07.2025 05:36:39	2,27	5,05	30,50	27,40	1454,00
581	31.07.2025 05:36:40	2,27	5,05	30,50	27,40	1454,00
582	31.07.2025 05:36:41	2,27	5,05	30,50	27,40	1454,00
583	31.07.2025 05:36:42	2,27	5,07	30,50	27,40	1454,00
584	31.07.2025 05:36:43	2,27	5,07	30,50	27,40	1454,00
585	31.07.2025 05:36:44	2,23	5,07	30,53	27,40	1453,88
586	31.07.2025 05:36:45	2,23	5,07	30,53	27,40	1453,88
587	31.07.2025 05:36:46	2,23	5,07	30,50	27,37	1453,84
588	31.07.2025 05:36:47	2,23	5,07	30,53	27,40	1453,88
589	31.07.2025 05:36:48	2,23	5,07	30,53	27,40	1453,88
590	31.07.2025 05:36:49	2,23	5,07	30,53	27,40	1453,88
591	31.07.2025 05:36:50	2,19	5,07	30,57	27,40	1453,76
592	31.07.2025 05:36:51	2,19	5,07	30,57	27,40	1453,76
593	31.07.2025 05:36:52	2,19	5,07	30,57	27,40	1453,76
594	31.07.2025 05:36:53	2,19	5,07	30,57	27,40	1453,76
595	31.07.2025 05:36:54	2,19	5,07	30,57	27,40	1453,76
596	31.07.2025 05:36:55	2,19	5,08	30,57	27,40	1453,76
597	31.07.2025 05:36:56	2,19	5,07	30,57	27,40	1453,76
598	31.07.2025 05:36:57	2,19	5,07	30,57	27,40	1453,76
599	31.07.2025 05:36:58	2,19	5,08	30,57	27,40	1453,76
600	31.07.2025 05:36:59	2,15	5,10	30,61	27,40	1453,65
601	31.07.2025 05:37:00	2,15	5,08	30,61	27,40	1453,64
602	31.07.2025 05:37:01	2,15	5,08	30,61	27,40	1453,64
603	31.07.2025 05:37:02	2,15	5,10	30,61	27,40	1453,64
604	31.07.2025 05:37:03	2,15	5,08	30,61	27,40	1453,64
605	31.07.2025 05:37:04	2,15	5,10	30,61	27,40	1453,64
606	31.07.2025 05:37:05	2,15	5,10	30,61	27,40	1453,64
607	31.07.2025 05:37:06	2,15	5,12	30,61	27,40	1453,65
608	31.07.2025 05:37:07	2,15	5,10	30,61	27,40	1453,64
609	31.07.2025 05:37:08	2,15	5,08	30,61	27,40	1453,64
610	31.07.2025 05:37:09	2,12	5,10	30,64	27,40	1453,52
611	31.07.2025 05:37:10	2,15	5,10	30,61	27,40	1453,64
612	31.07.2025 05:37:11	2,12	5,10	30,64	27,40	1453,52
613	31.07.2025 05:37:12	2,12	5,11	30,64	27,40	1453,53
614	31.07.2025 05:37:13	2,12	5,11	30,64	27,40	1453,53
615	31.07.2025 05:37:14	2,12	5,10	30,64	27,40	1453,52
616	31.07.2025 05:37:15	2,12	5,10	30,64	27,40	1453,52
617	31.07.2025 05:37:16	2,12	5,11	30,64	27,40	1453,53
618	31.07.2025 05:37:17	2,12	5,13	30,64	27,40	1453,53
619	31.07.2025 05:37:18	2,12	5,11	30,64	27,40	1453,53
620	31.07.2025 05:37:19	2,12	5,13	30,67	27,42	1453,57
621	31.07.2025 05:37:20	2,12	5,15	30,64	27,40	1453,53
622	31.07.2025 05:37:21	2,12	5,11	30,64	27,40	1453,53
623	31.07.2025 05:37:22	2,12	5,13	30,64	27,40	1453,53
624	31.07.2025 05:37:23	2,12	5,13	30,64	27,40	1453,53
625	31.07.2025 05:37:24	2,12	5,11	30,64	27,40	1453,53
626	31.07.2025 05:37:25	2,08	5,11	30,68	27,40	1453,40
627	31.07.2025 05:37:26	2,08	5,13	30,68	27,40	1453,41
628	31.07.2025 05:37:27	2,08	5,11	30,68	27,40	1453,40
629	31.07.2025 05:37:28	2,08	5,09	30,68	27,40	1453,40
630	31.07.2025 05:37:29	2,08	5,11	30,68	27,40	1453,40
631	31.07.2025 05:37:30	2,08	5,11	30,68	27,40	1453,40
632	31.07.2025 05:37:31	2,08	5,09	30,68	27,40	1453,40
633	31.07.2025 05:37:32	2,08	5,11	30,68	27,40	1453,40
634	31.07.2025 05:37:33	2,08	5,09	30,71	27,42	1453,44
635	31.07.2025 05:37:34	2,08	5,09	30,71	27,42	1453,44
636	31.07.2025 05:37:35	2,08	5,09	30,68	27,40	1453,40
637	31.07.2025 05:37:36	2,08	5,09	30,68	27,40	1453,40
638	31.07.2025 05:37:37	2,08	5,09	30,68	27,40	1453,40
639	31.07.2025 05:37:38	2,08	5,09	30,68	27,40	1453,40
640	31.07.2025 05:37:39	2,08	5,09	30,68	27,40	1453,40
641	31.07.2025 05:37:40	2,08	5,09	30,68	27,40	1453,40
642	31.07.2025 05:37:41	2,08	5,08	30,71	27,42	1453,44
643	31.07.2025 05:37:42	2,08	5,09	30,71	27,42	1453,44
644	31.07.2025 05:37:43	2,08	5,11	30,68	27,40	1453,40
645	31.07.2025 05:37:44	2,08	5,09	30,71	27,42	1453,44
646	31.07.2025 05:37:45	2,08	5,09	30,71	27,42	1453,44
647	31.07.2025 05:37:46	2,08	5,09	30,71	27,42	1453,44
648	31.07.2025 05:37:47	2,08	5,09	30,68	27,40	1453,40
649	31.07.2025 05:37:48	2,08	5,11	30,68	27,40	1453,40
650	31.07.2025 05:37:49	2,08	5,11	30,68	27,40	1453,40
651	31.07.2025 05:37:50	2,08	5,11	30,68	27,40	1453,40
652	31.07.2025 05:37:51	2,08	5,09	30,71	27,42	1453,44
653	31.07.2025 05:37:52	2,08	5,11	30,68	27,40	1453,40
654	31.07.2025 05:37:53	2,08	5,11	30,68	27,40	1453,40
655	31.07.2025 05:37:54	2,08	5,11	30,71	27,42	1453,45
656	31.07.2025 05:37:55	2,08	5,11	30,68	27,40	1453,40
657	31.07.2025 05:37:56	2,04	5,11	30,71	27,39	1453,28
658	31.07.2025 05:37:57	2,04	5,11	30,71	27,39	1453,28
659	31.07.2025 05:37:58	2,04	5,11	30,71	27,39	1453,28
660	31.07.2025 05:37:59	2,04	5,11	30,71	27,39	1453,28
661	31.07.2025 05:38:00	2,04	5,11	30,71	27,39	1453,28
662	31.07.2025 05:38:01	2,04	5,13	30,75	27,42	1453,33
663	31.07.2025 05:38:02	2,04	5,11	30,71	27,39	1453,28
664	31.07.2025 05:38:03	2,04	5,11	30,75	27,42	1453,33
665	31.07.2025 05:38:04	2,04	5,09	30,71	27,39	1453,28
666	31.07.2025 05:38:05	2,04	5,11	30,71	27,39	1453,28
667	31.07.2025 05:38:06	2,04	5,09	30,75	27,42	1453,32
668	31.07.2025 05:38:07	2,04	5,11	30,71	27,39	1453,28
669	31.07.2025 05:38:08	2,04	5,09	30,71	27,39	1453,28
670	31.07.2025 05:38:09	2,04	5,13	30,71	27,39	1453,29
671	31.07.2025 05:38:10	2,04	5,11	30,71	27,39	1453,28
672	31.07.2025 05:38:11	2,04	5,11	30,71	27,39	1453,28
673	31.07.2025 05:38:12	2,04	5,11	30,71	27,39	1453,28
674	31.07.2025 05:38:13	2,04	5,13	30,71	27,39	1453,29
675	31.07.2025 05:38:14	2,04	5,11	30,71	27,39	1453,28
676	31.07.2025 05:38:15	2,04	5,09	30,75	27,42	1453,32
677	31.07.2025 05:38:16	2,04	5,11	30,75	27,42	1453,33
678	31.07.2025 05:38:17	2,04	5,11	30,75	27,42	1453,33
679	31.07.2025 05:38:18	2,04	5,09	30,71	27,39	1453,28
680	31.07.2025 05:38:19	2,04	5,11	30,71	27,39	1453,28
681	31.07.2025 05:38:20	2,04	5,11	30,71	27,39	1453,28
682	31.07.2025 05:38:21	2,04	5,09	30,75	27,42	1453,32
683	31.07.2025 05:38:22	2,04	5,09	30,71	27,39	1453,28
684	31.07.2025 05:38:23	2,04	5,09	30,71	27,39	1453,28
685	31.07.2025 05:38:24	2,04	5,09	30,71	27,39	1453,28
686	31.07.2025 05:38:25	2,04	5,09	30,71	27,39	1453,28
687	31.07.2025 05:38:26	2,04	5,11	30,71	27,39	1453,28
688	31.07.2025 05:38:27	2,04	5,11	30,71	27,39	1453,28
689	31.07.2025 05:38:28	2,04	5,09	30,75	27,42	1453,32
690	31.07.2025 05:38:29	2,04	5,09	30,71	27,39	1453,28
691	31.07.2025 05:38:30	2,04	5,11	30,75	27,42	1453,33
692	31.07.2025 05:38:31	2,04	5,09	30,71	27,39	1453,28
693	31.07.2025 05:38:32	2,04	5,09	30,75	27,42	1453,32
694	31.07.2025 05:38:33	2,04	5,07	30,75	27,42	1453,32
695	31.07.2025 05:38:34	2,04	5,09	30,71	27,39	1453,28
696	31.07.2025 05:38:35	2,04	5,07	30,75	27,42	1453,32
697	31.07.2025 05:38:36	2,04	5,07	30,71	27,39	1453,28
698	31.07.2025 05:38:37	2,04	5,07	30,71	27,39	1453,28
699	31.07.2025 05:38:38	2,04	5,09	30,75	27,42	1453,32
700	31.07.2025 05:38:39	2,04	5,07	30,75	27,42	1453,32
701	31.07.2025 05:38:40	2,04	5,09	30,71	27,39	1453,28
702	31.07.2025 05:38:41	2,04	5,07	30,71	27,39	1453,28
703	31.07.2025 05:38:42	2,04	5,07	30,71	27,39	1453,28
704	31.07.2025 05:38:43	2,04	5,07	30,71	27,39	1453,28
705	31.07.2025 05:38:44	2,04	5,09	30,71	27,39	1453,28
706	31.07.2025 05:38:45	2,04	5,09	30,71	27,39	1453,28
707	31.07.2025 05:38:46	2,04	5,09	30,71	27,39	1453,28
708	31.07.2025 05:38:47	2,04	5,09	30,71	27,39	1453,28
709	31.07.2025 05:38:48	2,04	5,09	30,71	27,39	1453,28
710	31.07.2025 05:38:49	2,04	5,09	30,71	27,39	1453,28
711	31.07.2025 05:38:50	2,04	5,09	30,71	27,39	1453,28
712	31.07.2025 05:38:51	2,04	5,09	30,71	27,39	1453,28
713	31.07.2025 05:38:52	2,04	5,09	30,71	27,39	1453,28
714	31.07.2025 05:38:53	2,04	5,09	30,71	27,39	1453,28
715	31.07.2025 05:38:54	2,04	5,09	30,71	27,39	1453,28
716	31.07.2025 05:38:55	2,04	5,11	30,71	27,39	1453,28
717	31.07.2025 05:38:56	2,04	5,09	30,71	27,39	1453,28
718	31.07.2025 05:38:57	2,04	5,09	30,71	27,39	1453,28
719	31.07.2025 05:38:58	2,04	5,11	30,71	27,39	1453,28
720	31.07.2025 05:38:59	2,04	5,11	30,71	27,39	1453,28
721	31.07.2025 05:39:00	2,04	5,11	30,71	27,39	1453,28
722	31.07.2025 05:39:01	2,04	5,11	30,71	27,39	1453,28
723	31.07.2025 05:39:02	2,04	5,09	30,75	27,42	1453,32
724	31.07.2025 05:39:03	2,04	5,11	30,71	27,39	1453,28
725	31.07.2025 05:39:04	2,04	5,09	30,75	27,42	1453,32
726	31.07.2025 05:39:05	2,04	5,11	30,75	27,42	1453,33
727	31.07.2025 05:39:06	2,04	5,09	30,75	27,42	1453,32
728	31.07.2025 05:39:07	2,04	5,09	30,75	27,42	1453,32
729	31.07.2025 05:39:08	2,04	5,09	30,71	27,39	1453,28
730	31.07.2025 05:39:09	2,04	5,09	30,71	27,39	1453,28
731	31.07.2025 05:39:10	2,04	5,09	30,71	27,39	1453,28
732	31.07.2025 05:39:11	2,04	5,09	30,71	27,39	1453,28
733	31.07.2025 05:39:12	2,04	5,09	30,71	27,39	1453,28
734	31.07.2025 05:39:13	2,04	5,09	30,71	27,39	1453,28
735	31.07.2025 05:39:14	2,04	5,09	30,75	27,42	1453,32
736	31.07.2025 05:39:15	2,00	5,09	30,78	27,42	1453,20
737	31.07.2025 05:39:16	2,04	5,09	30,75	27,42	1453,32
738	31.07.2025 05:39:17	2,04	5,09	30,71	27,39	1453,28
739	31.07.2025 05:39:18	2,04	5,09	30,71	27,39	1453,28
740	31.07.2025 05:39:19	2,04	5,09	30,75	27,42	1453,32
741	31.07.2025 05:39:20	2,04	5,07	30,75	27,42	1453,32
742	31.07.2025 05:39:21	2,04	5,07	30,75	27,42	1453,32
743	31.07.2025 05:39:22	2,04	5,09	30,71	27,39	1453,28
744	31.07.2025 05:39:23	2,04	5,07	30,71	27,39	1453,28
745	31.07.2025 05:39:24	2,04	5,09	30,71	27,39	1453,28
746	31.07.2025 05:39:25	2,00	5,07	30,75	27,39	1453,16
747	31.07.2025 05:39:26	2,04	5,09	30,71	27,39	1453,28
748	31.07.2025 05:39:27	2,04	5,09	30,75	27,42	1453,32
749	31.07.2025 05:39:28	2,04	5,07	30,75	27,42	1453,32
750	31.07.2025 05:39:29	2,04	5,11	30,75	27,42	1453,33
751	31.07.2025 05:39:30	2,04	5,11	30,75	27,42	1453,33
752	31.07.2025 05:39:31	2,00	5,09	30,75	27,39	1453,16
753	31.07.2025 05:39:32	2,04	5,07	30,75	27,42	1453,32
754	31.07.2025 05:39:33	2,00	5,09	30,75	27,39	1453,16
755	31.07.2025 05:39:34	2,00	5,11	30,75	27,39	1453,16
756	31.07.2025 05:39:35	2,00	5,11	30,75	27,39	1453,16
757	31.07.2025 05:39:36	2,04	5,11	30,71	27,39	1453,28
758	31.07.2025 05:39:37	2,00	5,13	30,78	27,42	1453,21
759	31.07.2025 05:39:38	2,04	5,13	30,71	27,39	1453,29
760	31.07.2025 05:39:39	2,00	5,13	30,75	27,39	1453,16
761	31.07.2025 05:39:40	2,00	5,14	30,75	27,39	1453,17
762	31.07.2025 05:39:41	2,00	5,13	30,75	27,39	1453,16
763	31.07.2025 05:39:42	2,00	5,11	30,78	27,42	1453,20
764	31.07.2025 05:39:43	2,00	5,09	30,75	27,39	1453,16
765	31.07.2025 05:39:44	2,00	5,11	30,75	27,39	1453,16
766	31.07.2025 05:39:45	2,00	5,11	30,75	27,39	1453,16
767	31.07.2025 05:39:46	2,00	5,14	30,75	27,39	1453,17
768	31.07.2025 05:39:47	2,00	5,14	30,75	27,39	1453,17
769	31.07.2025 05:39:48	2,04	5,14	30,75	27,42	1453,33
770	31.07.2025 05:39:49	2,00	5,13	30,75	27,39	1453,16
771	31.07.2025 05:39:50	2,00	5,13	30,78	27,42	1453,21
772	31.07.2025 05:39:51	2,00	5,09	30,78	27,42	1453,20
773	31.07.2025 05:39:52	2,00	5,11	30,78	27,42	1453,20
774	31.07.2025 05:39:53	2,00	5,11	30,75	27,39	1453,16
775	31.07.2025 05:39:54	2,00	5,09	30,75	27,39	1453,16
776	31.07.2025 05:39:55	2,00	5,09	30,75	27,39	1453,16
777	31.07.2025 05:39:56	2,00	5,09	30,75	27,39	1453,16
778	31.07.2025 05:39:57	2,00	5,06	30,75	27,39	1453,15
779	31.07.2025 05:39:58	2,00	5,07	30,78	27,42	1453,20
780	31.07.2025 05:39:59	2,00	5,06	30,78	27,42	1453,20
781	31.07.2025 05:40:00	2,00	5,04	30,75	27,39	1453,15
782	31.07.2025 05:40:01	2,00	5,02	30,75	27,39	1453,15
783	31.07.2025 05:40:02	2,00	5,02	30,75	27,39	1453,15
784	31.07.2025 05:40:03	2,00	5,02	30,75	27,39	1453,15
785	31.07.2025 05:40:04	2,00	5,02	30,75	27,39	1453,15
786	31.07.2025 05:40:05	2,04	4,99	30,75	27,42	1453,31
787	31.07.2025 05:40:06	2,00	4,98	30,78	27,42	1453,19
788	31.07.2025 05:40:07	2,00	4,97	30,78	27,42	1453,18
789	31.07.2025 05:40:08	2,00	4,95	30,78	27,42	1453,18
790	31.07.2025 05:40:09	2,00	4,93	30,75	27,39	1453,13
791	31.07.2025 05:40:10	2,00	4,93	30,75	27,39	1453,13
792	31.07.2025 05:40:11	2,00	4,91	30,78	27,42	1453,17
793	31.07.2025 05:40:12	2,00	4,90	30,78	27,42	1453,17
794	31.07.2025 05:40:13	2,00	4,90	30,75	27,39	1453,13
795	31.07.2025 05:40:14	2,00	4,90	30,75	27,39	1453,13
796	31.07.2025 05:40:15	2,00	4,91	30,75	27,39	1453,13
797	31.07.2025 05:40:16	2,00	4,90	30,75	27,39	1453,13
798	31.07.2025 05:40:17	2,00	4,91	30,78	27,42	1453,17
799	31.07.2025 05:40:18	2,00	4,95	30,75	27,39	1453,14
800	31.07.2025 05:40:19	2,00	4,95	30,75	27,39	1453,14
801	31.07.2025 05:40:20	2,00	4,95	30,75	27,39	1453,14
802	31.07.2025 05:40:21	2,00	4,97	30,75	27,39	1453,14
803	31.07.2025 05:40:22	2,00	4,98	30,75	27,39	1453,14
804	31.07.2025 05:40:23	2,00	4,98	30,75	27,39	1453,14
805	31.07.2025 05:40:24	2,00	4,98	30,75	27,39	1453,14
806	31.07.2025 05:40:25	2,00	5,00	30,75	27,39	1453,14
807	31.07.2025 05:40:26	2,00	5,00	30,75	27,39	1453,14
808	31.07.2025 05:40:27	2,00	5,02	30,75	27,39	1453,15
809	31.07.2025 05:40:28	2,00	5,00	30,75	27,39	1453,14
810	31.07.2025 05:40:29	2,00	5,02	30,78	27,42	1453,19
811	31.07.2025 05:40:30	2,00	5,00	30,75	27,39	1453,14
812	31.07.2025 05:40:31	2,00	5,00	30,75	27,39	1453,14
813	31.07.2025 05:40:32	2,00	5,00	30,75	27,39	1453,14
814	31.07.2025 05:40:33	2,00	5,02	30,75	27,39	1453,15
815	31.07.2025 05:40:34	2,00	5,00	30,75	27,39	1453,14
816	31.07.2025 05:40:35	2,00	5,02	30,75	27,39	1453,15
817	31.07.2025 05:40:36	2,00	5,02	30,75	27,39	1453,15
818	31.07.2025 05:40:37	2,00	5,00	30,75	27,39	1453,14
819	31.07.2025 05:40:38	2,00	5,02	30,75	27,39	1453,15
820	31.07.2025 05:40:39	2,00	5,02	30,75	27,39	1453,15
821	31.07.2025 05:40:40	2,00	5,00	30,78	27,42	1453,19
822	31.07.2025 05:40:41	2,00	5,00	30,75	27,39	1453,14
823	31.07.2025 05:40:42	2,00	5,02	30,75	27,39	1453,15
824	31.07.2025 05:40:43	2,00	5,00	30,75	27,39	1453,14
825	31.07.2025 05:40:44	2,00	5,02	30,75	27,39	1453,15
826	31.07.2025 05:40:45	2,00	5,02	30,75	27,39	1453,15
827	31.07.2025 05:40:46	2,00	5,00	30,75	27,39	1453,14
828	31.07.2025 05:40:47	2,00	5,04	30,75	27,39	1453,15
829	31.07.2025 05:40:48	2,00	5,02	30,75	27,39	1453,15
830	31.07.2025 05:40:49	2,00	5,02	30,75	27,39	1453,15
831	31.07.2025 05:40:50	2,00	5,02	30,75	27,39	1453,15
832	31.07.2025 05:40:51	2,00	5,02	30,75	27,39	1453,15
833	31.07.2025 05:40:52	2,00	5,02	30,75	27,39	1453,15
834	31.07.2025 05:40:53	2,00	5,04	30,75	27,39	1453,15
835	31.07.2025 05:40:54	2,00	5,04	30,75	27,39	1453,15
836	31.07.2025 05:40:55	2,00	5,04	30,75	27,39	1453,15
837	31.07.2025 05:40:56	2,00	5,04	30,75	27,39	1453,15
838	31.07.2025 05:40:57	2,00	5,04	30,75	27,39	1453,15
839	31.07.2025 05:40:58	2,00	5,04	30,75	27,39	1453,15
840	31.07.2025 05:40:59	2,00	5,04	30,75	27,39	1453,15
841	31.07.2025 05:41:00	2,00	5,04	30,75	27,39	1453,15
842	31.07.2025 05:41:01	2,00	5,02	30,75	27,39	1453,15
843	31.07.2025 05:41:02	2,00	5,04	30,75	27,39	1453,15
844	31.07.2025 05:41:03	2,00	5,04	30,75	27,39	1453,15
845	31.07.2025 05:41:04	2,00	5,04	30,75	27,39	1453,15
846	31.07.2025 05:41:05	2,00	5,04	30,75	27,39	1453,15
847	31.07.2025 05:41:06	2,00	5,04	30,75	27,39	1453,15
848	31.07.2025 05:41:07	2,00	5,04	30,78	27,42	1453,19
849	31.07.2025 05:41:08	2,00	5,06	30,78	27,42	1453,20
850	31.07.2025 05:41:09	2,00	5,06	30,75	27,39	1453,15
851	31.07.2025 05:41:10	2,00	5,04	30,75	27,39	1453,15
852	31.07.2025 05:41:11	2,00	5,04	30,75	27,39	1453,15
853	31.07.2025 05:41:12	2,00	5,06	30,75	27,39	1453,15
854	31.07.2025 05:41:13	2,00	5,06	30,75	27,39	1453,15
855	31.07.2025 05:41:14	2,00	5,06	30,75	27,39	1453,15
856	31.07.2025 05:41:15	2,00	5,04	30,75	27,39	1453,15
857	31.07.2025 05:41:16	2,00	5,06	30,75	27,39	1453,15
858	31.07.2025 05:41:17	2,00	5,06	30,75	27,39	1453,15
859	31.07.2025 05:41:18	2,00	5,06	30,75	27,39	1453,15
860	31.07.2025 05:41:19	2,00	5,09	30,75	27,39	1453,16
861	31.07.2025 05:41:20	2,00	5,09	30,75	27,39	1453,16
862	31.07.2025 05:41:21	2,00	5,11	30,75	27,39	1453,16
863	31.07.2025 05:41:22	2,00	5,11	30,75	27,39	1453,16
864	31.07.2025 05:41:23	2,00	5,11	30,75	27,39	1453,16
865	31.07.2025 05:41:24	2,00	5,11	30,75	27,39	1453,16
866	31.07.2025 05:41:25	2,00	5,09	30,75	27,39	1453,16
867	31.07.2025 05:41:26	2,00	5,09	30,78	27,42	1453,20
868	31.07.2025 05:41:27	2,00	5,09	30,75	27,39	1453,16
869	31.07.2025 05:41:28	2,00	5,07	30,75	27,39	1453,16
870	31.07.2025 05:41:29	2,00	5,06	30,75	27,39	1453,15
871	31.07.2025 05:41:30	2,00	5,04	30,75	27,39	1453,15
872	31.07.2025 05:41:31	2,00	5,00	30,75	27,39	1453,14
873	31.07.2025 05:41:32	2,00	5,00	30,75	27,39	1453,14
874	31.07.2025 05:41:33	2,00	4,98	30,75	27,39	1453,14
875	31.07.2025 05:41:34	2,00	4,95	30,75	27,39	1453,14
876	31.07.2025 05:41:35	2,00	4,90	30,75	27,39	1453,13
877	31.07.2025 05:41:36	2,00	4,88	30,75	27,39	1453,13
878	31.07.2025 05:41:37	2,00	4,86	30,75	27,39	1453,12
879	31.07.2025 05:41:38	2,00	4,81	30,75	27,39	1453,11
880	31.07.2025 05:41:39	2,00	4,76	30,78	27,42	1453,15
881	31.07.2025 05:41:40	2,00	4,74	30,75	27,39	1453,10
882	31.07.2025 05:41:41	2,00	4,69	30,78	27,42	1453,14
883	31.07.2025 05:41:42	2,00	4,65	30,78	27,42	1453,13
884	31.07.2025 05:41:43	2,00	4,60	30,78	27,42	1453,13
885	31.07.2025 05:41:44	2,00	4,55	30,79	27,42	1453,12
886	31.07.2025 05:41:45	2,00	4,51	30,75	27,39	1453,07
887	31.07.2025 05:41:46	2,00	4,44	30,79	27,42	1453,10
888	31.07.2025 05:41:47	2,00	4,39	30,79	27,42	1453,09
889	31.07.2025 05:41:48	2,04	4,34	30,75	27,42	1453,21
890	31.07.2025 05:41:49	2,04	4,30	30,68	27,37	1453,11
891	31.07.2025 05:41:50	2,04	4,23	30,62	27,31	1453,02
892	31.07.2025 05:41:51	2,00	4,18	30,66	27,31	1452,89
893	31.07.2025 05:41:52	2,00	4,14	30,59	27,26	1452,79
894	31.07.2025 05:41:53	1,96	4,09	30,53	27,18	1452,53
895	31.07.2025 05:41:54	1,96	4,05	30,59	27,23	1452,61
896	31.07.2025 05:41:55	1,96	4,02	30,49	27,15	1452,48
897	31.07.2025 05:41:56	1,96	3,98	30,56	27,21	1452,56
898	31.07.2025 05:41:57	2,00	3,95	30,56	27,23	1452,72
899	31.07.2025 05:41:58	2,00	3,90	30,59	27,26	1452,75
900	31.07.2025 05:41:59	2,04	3,87	30,62	27,31	1452,96
901	31.07.2025 05:42:00	2,08	3,83	30,62	27,34	1453,12
902	31.07.2025 05:42:01	2,12	3,78	30,61	27,37	1453,27
903	31.07.2025 05:42:02	2,15	3,77	30,65	27,42	1453,48
904	31.07.2025 05:42:03	2,19	3,75	30,74	27,53	1453,77
905	31.07.2025 05:42:04	2,23	3,72	30,84	27,64	1454,06
906	31.07.2025 05:42:05	2,31	3,70	31,00	27,83	1454,60
907	31.07.2025 05:42:06	2,38	3,67	30,89	27,80	1454,79
908	31.07.2025 05:42:07	2,46	3,62	30,75	27,75	1454,94
909	31.07.2025 05:42:08	2,50	3,59	30,75	27,78	1455,09
910	31.07.2025 05:42:09	2,50	3,57	30,72	27,75	1455,05
911	31.07.2025 05:42:10	2,53	3,56	30,78	27,83	1455,29
912	31.07.2025 05:42:11	2,53	3,54	30,78	27,83	1455,29
913	31.07.2025 05:42:12	2,57	3,53	30,78	27,86	1455,45
914	31.07.2025 05:42:13	2,61	3,51	30,78	27,89	1455,61
915	31.07.2025 05:42:14	2,61	3,49	30,81	27,92	1455,65
916	31.07.2025 05:42:15	2,65	3,48	30,81	27,94	1455,81
917	31.07.2025 05:42:16	2,68	3,46	30,84	28,00	1456,01
918	31.07.2025 05:42:17	2,72	3,46	30,80	28,00	1456,13
919	31.07.2025 05:42:18	2,76	3,43	30,80	28,03	1456,28
920	31.07.2025 05:42:19	2,80	3,42	30,77	28,03	1456,39
921	31.07.2025 05:42:20	2,80	3,40	30,77	28,03	1456,39
922	31.07.2025 05:42:21	2,84	3,40	30,73	28,03	1456,51
923	31.07.2025 05:42:22	2,84	3,38	30,70	28,00	1456,47
924	31.07.2025 05:42:23	2,87	3,35	30,66	28,00	1456,58
925	31.07.2025 05:42:24	2,87	3,37	30,63	27,98	1456,54
926	31.07.2025 05:42:25	2,87	3,35	30,63	27,98	1456,53
927	31.07.2025 05:42:26	2,87	3,33	30,63	27,98	1456,53
928	31.07.2025 05:42:27	2,91	3,32	30,60	27,98	1456,65
929	31.07.2025 05:42:28	2,91	3,32	30,57	27,95	1456,60
930	31.07.2025 05:42:29	2,91	3,30	30,53	27,92	1456,56
931	31.07.2025 05:42:30	2,91	3,28	30,53	27,92	1456,56
932	31.07.2025 05:42:31	2,91	3,28	30,53	27,92	1456,56
933	31.07.2025 05:42:32	2,91	3,26	30,57	27,95	1456,60
934	31.07.2025 05:42:33	2,95	3,25	30,53	27,95	1456,71
935	31.07.2025 05:42:34	2,95	3,25	30,56	27,98	1456,75
936	31.07.2025 05:42:35	2,95	3,23	30,60	28,00	1456,79
937	31.07.2025 05:42:36	2,98	3,20	30,59	28,03	1456,95
938	31.07.2025 05:42:37	3,02	3,20	30,56	28,03	1457,06
939	31.07.2025 05:42:38	3,02	3,18	30,56	28,03	1457,06
940	31.07.2025 05:42:39	3,06	3,18	30,52	28,03	1457,18
941	31.07.2025 05:42:40	3,06	3,15	30,53	28,03	1457,17
942	31.07.2025 05:42:41	3,06	3,15	30,59	28,09	1457,26
943	31.07.2025 05:42:42	3,10	3,13	30,59	28,11	1457,41
944	31.07.2025 05:42:43	3,13	3,13	30,62	28,17	1457,61
945	31.07.2025 05:42:44	3,13	3,10	30,62	28,17	1457,61
946	31.07.2025 05:42:45	3,17	3,08	30,62	28,20	1457,76
947	31.07.2025 05:42:46	3,21	3,07	30,58	28,20	1457,87
948	31.07.2025 05:42:47	3,21	3,05	30,61	28,22	1457,91
949	31.07.2025 05:42:48	3,25	3,04	30,61	28,25	1458,07
950	31.07.2025 05:42:49	3,28	3,02	30,61	28,28	1458,22
951	31.07.2025 05:42:50	3,28	3,02	30,71	28,36	1458,35
952	31.07.2025 05:42:51	3,36	3,01	30,70	28,41	1458,66
953	31.07.2025 05:42:52	3,39	2,99	30,79	28,52	1458,94
954	31.07.2025 05:42:53	3,47	2,98	30,82	28,60	1459,28
955	31.07.2025 05:42:54	3,50	2,94	30,76	28,58	1459,35
956	31.07.2025 05:42:55	3,54	2,93	30,72	28,58	1459,46
957	31.07.2025 05:42:56	3,58	2,93	30,75	28,63	1459,66
958	31.07.2025 05:42:57	3,62	2,90	30,78	28,69	1459,85
959	31.07.2025 05:42:58	3,65	2,90	30,84	28,77	1460,09
960	31.07.2025 05:42:59	3,73	2,87	30,87	28,85	1460,43
961	31.07.2025 05:43:00	3,76	2,85	30,77	28,80	1460,46
962	31.07.2025 05:43:01	3,80	2,84	30,83	28,88	1460,69
963	31.07.2025 05:43:02	3,84	2,82	30,90	28,96	1460,92
964	31.07.2025 05:43:03	3,87	2,79	30,77	28,88	1460,91
965	31.07.2025 05:43:04	3,91	2,75	30,45	28,64	1460,65
966	31.07.2025 05:43:05	3,91	2,72	30,36	28,56	1460,52
967	31.07.2025 05:43:06	3,87	2,72	30,55	28,70	1460,61
968	31.07.2025 05:43:07	3,87	2,72	30,77	28,88	1460,90
969	31.07.2025 05:43:08	3,95	2,69	30,64	28,83	1461,03
970	31.07.2025 05:43:09	3,98	2,65	30,51	28,75	1461,02
971	31.07.2025 05:43:10	4,02	2,62	30,48	28,75	1461,12
972	31.07.2025 05:43:11	4,02	2,58	30,45	28,73	1461,08
973	31.07.2025 05:43:12	4,02	2,57	30,35	28,65	1460,95
974	31.07.2025 05:43:13	4,02	2,55	30,39	28,67	1460,99
975	31.07.2025 05:43:14	4,06	2,52	30,48	28,78	1461,26
976	31.07.2025 05:43:15	4,09	2,52	30,57	28,89	1461,53
977	31.07.2025 05:43:16	4,16	2,49	30,66	29,02	1461,95
978	31.07.2025 05:43:17	4,24	2,46	30,69	29,11	1462,29
979	31.07.2025 05:43:18	4,31	2,42	30,78	29,24	1462,70
980	31.07.2025 05:43:19	4,38	2,39	30,93	29,43	1463,20
981	31.07.2025 05:43:20	4,49	2,38	30,92	29,51	1463,64
982	31.07.2025 05:43:21	4,60	2,35	31,01	29,68	1464,20
983	31.07.2025 05:43:22	4,71	2,30	30,95	29,71	1464,56
984	31.07.2025 05:43:23	4,78	2,26	30,60	29,47	1464,41
985	31.07.2025 05:43:24	4,78	2,20	30,30	29,20	1464,00
986	31.07.2025 05:43:25	4,74	2,20	30,36	29,23	1463,94
987	31.07.2025 05:43:26	4,74	2,18	30,42	29,28	1464,01
988	31.07.2025 05:43:27	4,78	2,17	30,48	29,36	1464,23
989	31.07.2025 05:43:28	4,85	2,14	30,48	29,42	1464,52
990	31.07.2025 05:43:29	4,89	2,10	30,48	29,44	1464,67
991	31.07.2025 05:43:30	4,92	2,09	30,51	29,50	1464,85
992	31.07.2025 05:43:31	4,99	2,06	30,60	29,63	1465,25
993	31.07.2025 05:43:32	5,07	2,04	30,84	29,90	1465,86
994	31.07.2025 05:43:33	5,21	2,07	31,16	30,30	1466,87
995	31.07.2025 05:43:34	5,46	2,04	31,31	30,63	1468,06
996	31.07.2025 05:43:35	5,74	1,99	31,38	30,93	1469,29
997	31.07.2025 05:43:36	6,05	1,93	31,19	31,02	1470,31
998	31.07.2025 05:43:37	6,30	1,86	30,94	31,00	1470,96
999	31.07.2025 05:43:38	6,51	1,80	30,82	31,06	1471,62
1000	31.07.2025 05:43:39	6,61	1,77	30,73	31,06	1471,91
1001	31.07.2025 05:43:40	6,75	1,72	30,61	31,07	1472,30
1002	31.07.2025 05:43:41	6,85	1,71	30,49	31,04	1472,56
1003	31.07.2025 05:43:42	6,96	1,68	30,40	31,05	1472,85
1004	31.07.2025 05:43:43	7,02	1,66	30,32	31,02	1473,01
1005	31.07.2025 05:43:44	7,13	1,62	30,26	31,05	1473,33
1006	31.07.2025 05:43:45	7,23	1,59	30,29	31,16	1473,76
1007	31.07.2025 05:43:46	7,33	1,57	30,29	31,24	1474,16
1008	31.07.2025 05:43:47	7,43	1,56	30,34	31,38	1474,63
1009	31.07.2025 05:43:48	7,57	1,55	30,40	31,54	1475,22
1010	31.07.2025 05:43:49	7,71	1,50	30,40	31,65	1475,74
1011	31.07.2025 05:43:50	7,84	1,49	30,65	32,01	1476,58
1012	31.07.2025 05:43:51	8,01	1,59	31,47	32,92	1478,27
1013	31.07.2025 05:43:52	8,38	1,66	32,05	33,78	1480,41
1014	31.07.2025 05:43:53	8,95	1,53	31,58	33,82	1481,93
1015	31.07.2025 05:43:54	9,34	1,39	31,00	33,60	1482,66
1016	31.07.2025 05:43:55	9,51	1,31	30,37	33,12	1482,48
1017	31.07.2025 05:43:56	9,54	1,31	29,99	32,77	1482,13
1018	31.07.2025 05:43:57	9,47	1,29	29,64	32,37	1481,45
1019	31.07.2025 05:43:58	9,34	1,34	29,53	32,15	1480,83
1020	31.07.2025 05:43:59	9,21	1,38	29,85	32,37	1480,75
1021	31.07.2025 05:44:00	9,18	1,47	30,40	32,87	1481,32
1022	31.07.2025 05:44:01	9,31	1,55	31,03	33,59	1482,60
1023	31.07.2025 05:44:02	9,64	1,60	31,24	34,08	1484,09
1024	31.07.2025 05:44:03	10,10	1,57	31,34	34,57	1485,87
1025	31.07.2025 05:44:04	10,61	1,50	31,28	34,97	1487,67
1026	31.07.2025 05:44:05	11,10	1,37	30,89	34,98	1488,87
1027	31.07.2025 05:44:06	11,45	1,28	30,63	35,02	1489,79
1028	31.07.2025 05:44:07	11,73	1,24	30,43	35,05	1490,54
1029	31.07.2025 05:44:08	11,96	1,22	30,25	35,06	1491,09
1030	31.07.2025 05:44:09	12,11	1,21	30,13	35,06	1491,49
1031	31.07.2025 05:44:10	12,27	1,20	29,98	35,04	1491,85
1032	31.07.2025 05:44:11	12,40	1,19	29,88	35,04	1492,17
1033	31.07.2025 05:44:12	12,52	1,21	29,81	35,07	1492,52
1034	31.07.2025 05:44:13	12,65	1,20	29,77	35,13	1492,89
1035	31.07.2025 05:44:14	12,78	1,20	29,67	35,13	1493,20
1036	31.07.2025 05:44:15	12,90	1,17	29,58	35,13	1493,51
1037	31.07.2025 05:44:16	12,99	1,18	29,51	35,14	1493,74
1038	31.07.2025 05:44:17	13,09	1,17	29,44	35,14	1493,97
1039	31.07.2025 05:44:18	13,18	1,17	29,37	35,14	1494,21
1040	31.07.2025 05:44:19	13,28	1,16	29,30	35,14	1494,43
1041	31.07.2025 05:44:20	13,37	1,16	29,23	35,15	1494,67
1042	31.07.2025 05:44:21	13,43	1,16	29,18	35,15	1494,82
1043	31.07.2025 05:44:22	13,49	1,17	29,13	35,15	1494,97
1044	31.07.2025 05:44:23	13,59	1,17	29,07	35,15	1495,20
1045	31.07.2025 05:44:24	13,65	1,16	29,02	35,15	1495,35
1046	31.07.2025 05:44:25	13,71	1,16	28,97	35,15	1495,50
1047	31.07.2025 05:44:26	13,77	1,16	28,93	35,16	1495,66
1048	31.07.2025 05:44:27	13,83	1,17	28,88	35,16	1495,81
1049	31.07.2025 05:44:28	13,90	1,15	28,84	35,16	1495,96
1050	31.07.2025 05:44:29	13,96	1,15	28,79	35,16	1496,11
1051	31.07.2025 05:44:30	14,02	1,16	28,75	35,16	1496,26
1052	31.07.2025 05:44:31	14,08	1,16	28,70	35,16	1496,41
1053	31.07.2025 05:44:32	14,14	1,16	28,66	35,17	1496,56
1054	31.07.2025 05:44:33	14,20	1,15	28,62	35,17	1496,71
1055	31.07.2025 05:44:34	14,24	1,15	28,57	35,14	1496,76
1056	31.07.2025 05:44:35	14,30	1,17	28,53	35,14	1496,91
1057	31.07.2025 05:44:36	14,33	1,15	28,53	35,17	1497,01
1058	31.07.2025 05:44:37	14,39	1,16	28,46	35,14	1497,13
1059	31.07.2025 05:44:38	14,42	1,16	28,44	35,15	1497,21
1060	31.07.2025 05:44:39	14,45	1,18	28,42	35,15	1497,29
1061	31.07.2025 05:44:40	14,51	1,16	28,37	35,15	1497,43
1062	31.07.2025 05:44:41	14,54	1,18	28,35	35,15	1497,51
1063	31.07.2025 05:44:42	14,60	1,17	28,31	35,15	1497,66
1064	31.07.2025 05:44:43	14,63	1,19	28,29	35,15	1497,73
1065	31.07.2025 05:44:44	14,67	1,19	28,26	35,15	1497,81
1066	31.07.2025 05:44:45	14,70	1,21	28,22	35,13	1497,86
1067	31.07.2025 05:44:46	14,76	1,19	28,18	35,13	1498,00
1068	31.07.2025 05:44:47	14,79	1,21	28,15	35,13	1498,08
1069	31.07.2025 05:44:48	14,82	1,21	28,13	35,13	1498,16
1070	31.07.2025 05:44:49	14,85	1,21	28,11	35,13	1498,23
1071	31.07.2025 05:44:50	14,88	1,23	28,09	35,13	1498,31
1072	31.07.2025 05:44:51	14,88	1,23	28,07	35,10	1498,28
1073	31.07.2025 05:44:52	14,91	1,25	28,05	35,10	1498,35
1074	31.07.2025 05:44:53	14,94	1,25	28,02	35,10	1498,43
1075	31.07.2025 05:44:54	14,97	1,26	28,00	35,11	1498,50
1076	31.07.2025 05:44:55	15,00	1,26	27,96	35,08	1498,55
1077	31.07.2025 05:44:56	15,03	1,29	27,94	35,08	1498,63
1078	31.07.2025 05:44:57	15,03	1,29	27,87	35,00	1498,54
1079	31.07.2025 05:44:58	15,03	1,29	27,87	35,00	1498,54
1080	31.07.2025 05:44:59	15,03	1,33	27,84	34,97	1498,52
1081	31.07.2025 05:45:00	15,06	1,33	27,84	35,00	1498,62
1082	31.07.2025 05:45:01	15,06	1,35	27,84	35,00	1498,63
1083	31.07.2025 05:45:02	15,06	1,37	27,84	35,00	1498,63
1084	31.07.2025 05:45:03	15,06	1,37	27,82	34,97	1498,60
1085	31.07.2025 05:45:04	15,06	1,37	27,59	34,71	1498,32
1086	31.07.2025 05:45:05	15,00	1,33	27,49	34,54	1498,00
1087	31.07.2025 05:45:06	14,88	1,32	27,33	34,27	1497,42
1088	31.07.2025 05:45:07	14,73	1,33	27,22	34,03	1496,79
1089	31.07.2025 05:45:08	14,51	1,34	27,18	33,81	1496,04
1090	31.07.2025 05:45:09	14,30	1,35	27,16	33,62	1495,31
1091	31.07.2025 05:45:10	14,05	1,35	26,84	33,08	1494,12
1092	31.07.2025 05:45:11	13,74	1,35	26,55	32,51	1492,73
1093	31.07.2025 05:45:12	13,40	1,39	26,48	32,18	1491,50
1094	31.07.2025 05:45:13	13,09	1,41	26,35	31,79	1490,29
1095	31.07.2025 05:45:14	12,74	1,48	26,48	31,68	1489,28
1096	31.07.2025 05:45:15	12,49	1,54	26,55	31,57	1488,51
1097	31.07.2025 05:45:16	12,27	1,60	26,60	31,45	1487,82
1098	31.07.2025 05:45:17	12,11	1,59	26,61	31,34	1487,27
1099	31.07.2025 05:45:18	11,92	1,62	26,67	31,25	1486,68
1100	31.07.2025 05:45:19	11,80	1,63	26,73	31,23	1486,31
1101	31.07.2025 05:45:20	11,64	1,64	26,79	31,17	1485,82
1102	31.07.2025 05:45:21	11,51	1,67	26,85	31,14	1485,46
1103	31.07.2025 05:45:22	11,42	1,68	26,89	31,11	1485,17
1104	31.07.2025 05:45:23	11,32	1,68	26,91	31,05	1484,85
1105	31.07.2025 05:45:24	11,22	1,69	26,98	31,05	1484,59
1106	31.07.2025 05:45:25	11,16	1,69	26,97	31,00	1484,35
1107	31.07.2025 05:45:26	11,03	1,70	27,01	30,94	1483,94
1108	31.07.2025 05:45:27	10,97	1,71	27,06	30,94	1483,77
1109	31.07.2025 05:45:28	10,87	1,73	27,10	30,91	1483,48
1110	31.07.2025 05:45:29	10,81	1,72	27,14	30,91	1483,30
1111	31.07.2025 05:45:30	10,74	1,74	27,19	30,90	1483,13
1112	31.07.2025 05:45:31	10,68	1,75	27,24	30,90	1482,96
1113	31.07.2025 05:45:32	10,61	1,77	27,28	30,90	1482,78
1114	31.07.2025 05:45:33	10,55	1,78	27,30	30,87	1482,58
1115	31.07.2025 05:45:34	10,48	1,76	27,38	30,90	1482,43
1116	31.07.2025 05:45:35	10,45	1,76	27,40	30,90	1482,34
1117	31.07.2025 05:45:36	10,42	1,72	27,45	30,92	1482,28
1118	31.07.2025 05:45:37	10,39	1,70	27,50	30,95	1482,22
1119	31.07.2025 05:45:38	10,36	1,70	27,60	31,03	1482,23
1120	31.07.2025 05:45:39	10,36	1,67	27,71	31,14	1482,35
1121	31.07.2025 05:45:40	10,36	1,68	27,81	31,24	1482,48
1122	31.07.2025 05:45:41	10,36	1,65	27,81	31,24	1482,48
1123	31.07.2025 05:45:42	10,39	1,62	28,00	31,46	1482,82
1124	31.07.2025 05:45:43	10,45	1,65	28,14	31,65	1483,23
1125	31.07.2025 05:45:44	10,52	1,64	28,25	31,81	1483,60
1126	31.07.2025 05:45:45	10,65	1,66	28,65	32,32	1484,56
1127	31.07.2025 05:45:46	10,87	1,64	29,37	33,24	1486,25
1128	31.07.2025 05:45:47	11,19	1,67	29,40	33,54	1487,44
1129	31.07.2025 05:45:48	11,54	1,57	29,47	33,90	1488,75
1130	31.07.2025 05:45:49	11,89	1,55	29,43	34,14	1489,92
1131	31.07.2025 05:45:50	12,24	1,49	29,35	34,34	1491,02
1132	31.07.2025 05:45:51	12,52	1,47	29,21	34,43	1491,82
1133	31.07.2025 05:45:52	12,81	1,47	29,32	34,78	1492,93
1134	31.07.2025 05:45:53	13,09	1,41	29,21	34,90	1493,74
1135	31.07.2025 05:45:54	13,34	1,39	29,08	34,96	1494,42
1136	31.07.2025 05:45:55	13,52	1,36	28,84	34,85	1494,75
1137	31.07.2025 05:45:56	13,62	1,30	28,63	34,70	1494,80
1138	31.07.2025 05:45:57	13,68	1,26	28,43	34,54	1494,77
1139	31.07.2025 05:45:58	13,62	1,26	28,36	34,40	1494,47
1140	31.07.2025 05:45:59	13,55	1,35	28,50	34,51	1494,45
1141	31.07.2025 05:46:00	13,59	1,35	28,48	34,51	1494,52
1142	31.07.2025 05:46:01	13,62	1,42	28,55	34,62	1494,73
1143	31.07.2025 05:46:02	13,74	1,35	28,78	34,97	1495,41
1144	31.07.2025 05:46:03	13,86	1,36	28,69	34,97	1495,71
1145	31.07.2025 05:46:04	14,02	1,33	28,60	35,00	1496,12
1146	31.07.2025 05:46:05	14,14	1,30	28,54	35,03	1496,44
1147	31.07.2025 05:46:06	14,24	1,27	28,52	35,09	1496,72
1148	31.07.2025 05:46:07	14,33	1,26	28,46	35,09	1496,94
1149	31.07.2025 05:46:08	14,42	1,23	28,39	35,09	1497,16
1150	31.07.2025 05:46:09	14,48	1,21	28,35	35,09	1497,31
1151	31.07.2025 05:46:10	14,54	1,20	28,33	35,12	1497,49
1152	31.07.2025 05:46:11	14,60	1,19	28,28	35,12	1497,63
1153	31.07.2025 05:46:12	14,67	1,17	28,26	35,15	1497,81
1154	31.07.2025 05:46:13	14,70	1,15	28,22	35,13	1497,85
1155	31.07.2025 05:46:14	14,76	1,14	28,20	35,15	1498,02
1156	31.07.2025 05:46:15	14,79	1,14	28,18	35,15	1498,10
1157	31.07.2025 05:46:16	14,85	1,11	28,14	35,16	1498,24
1158	31.07.2025 05:46:17	14,88	1,08	28,11	35,16	1498,31
1159	31.07.2025 05:46:18	14,94	1,08	28,10	35,19	1498,49
1160	31.07.2025 05:46:19	15,00	1,08	28,10	35,24	1498,69
1161	31.07.2025 05:46:20	15,06	1,07	28,11	35,30	1498,89
1162	31.07.2025 05:46:21	15,19	1,05	28,04	35,32	1499,21
1163	31.07.2025 05:46:22	15,28	1,04	28,05	35,41	1499,51
1164	31.07.2025 05:46:23	15,37	1,01	28,01	35,44	1499,75
1165	31.07.2025 05:46:24	15,46	0,96	28,00	35,49	1500,02
1166	31.07.2025 05:46:25	15,55	0,95	27,96	35,52	1500,26
1167	31.07.2025 05:46:26	15,64	0,92	27,92	35,55	1500,50
1168	31.07.2025 05:46:27	15,70	0,90	27,88	35,55	1500,64
1169	31.07.2025 05:46:28	15,76	0,87	27,86	35,58	1500,80
1170	31.07.2025 05:46:29	15,82	0,87	27,82	35,58	1500,95
1171	31.07.2025 05:46:30	15,85	0,86	27,82	35,61	1501,04
1172	31.07.2025 05:46:31	15,91	0,83	27,78	35,61	1501,18
1173	31.07.2025 05:46:32	15,94	0,81	27,76	35,61	1501,25
1174	31.07.2025 05:46:33	15,98	0,79	27,74	35,61	1501,32
1175	31.07.2025 05:46:34	16,04	0,76	27,70	35,61	1501,46
1176	31.07.2025 05:46:35	16,07	0,75	27,68	35,61	1501,53
1177	31.07.2025 05:46:36	16,10	0,73	27,70	35,67	1501,65
1178	31.07.2025 05:46:37	16,16	0,73	27,68	35,70	1501,82
1179	31.07.2025 05:46:38	16,19	0,72	27,66	35,70	1501,89
1180	31.07.2025 05:46:39	16,25	0,70	27,65	35,72	1502,05
1181	31.07.2025 05:46:40	16,28	0,67	27,65	35,75	1502,14
1182	31.07.2025 05:46:41	16,31	0,67	27,63	35,75	1502,22
1183	31.07.2025 05:46:42	16,34	0,64	27,63	35,78	1502,31
1184	31.07.2025 05:46:43	16,37	0,64	27,61	35,78	1502,38
1185	31.07.2025 05:46:44	16,40	0,62	27,59	35,78	1502,45
1186	31.07.2025 05:46:45	16,43	0,61	27,64	35,86	1502,59
1187	31.07.2025 05:46:46	16,46	0,61	27,69	35,94	1502,75
1188	31.07.2025 05:46:47	16,52	0,57	27,62	35,92	1502,85
1189	31.07.2025 05:46:48	16,58	0,56	27,61	35,95	1503,02
1190	31.07.2025 05:46:49	16,61	0,54	27,61	35,97	1503,11
1191	31.07.2025 05:46:50	16,67	0,56	27,68	36,11	1503,39
1192	31.07.2025 05:46:51	16,73	0,53	27,82	36,32	1503,73
1193	31.07.2025 05:46:52	16,82	0,55	27,86	36,43	1504,05
1194	31.07.2025 05:46:53	16,91	0,46	27,75	36,38	1504,19
1195	31.07.2025 05:46:54	16,97	0,48	27,62	36,28	1504,23
1196	31.07.2025 05:46:55	17,03	0,44	27,60	36,30	1504,38
1197	31.07.2025 05:46:56	17,06	0,48	27,85	36,63	1504,77
1198	31.07.2025 05:46:57	17,18	0,43	27,70	36,55	1504,96
1199	31.07.2025 05:46:58	17,21	0,34	27,69	36,55	1505,02
1200	31.07.2025 05:46:59	17,24	0,36	27,80	36,71	1505,24
1201	31.07.2025 05:47:00	17,30	0,36	27,56	36,47	1505,14
1202	31.07.2025 05:47:01	17,30	0,32	27,54	36,45	1505,11
1203	31.07.2025 05:47:02	17,30	0,36	27,69	36,63	1505,30
1204	31.07.2025 05:47:03	17,36	0,32	27,70	36,69	1505,48
1205	31.07.2025 05:47:04	17,42	0,29	27,70	36,74	1505,67
1206	31.07.2025 05:47:05	17,51	0,27	27,76	36,88	1506,00
1207	31.07.2025 05:47:06	17,57	0,25	27,76	36,93	1506,18
1208	31.07.2025 05:47:07	17,66	0,18	27,43	36,61	1506,06
1209	31.07.2025 05:47:08	17,63	0,15	27,43	36,59	1505,96
1210	31.07.2025 05:47:09	17,60	0,18	27,59	36,75	1506,05
1211	31.07.2025 05:47:10	17,66	0,16	27,61	36,83	1506,26
1212	31.07.2025 05:47:11	17,72	0,09	27,57	36,83	1506,39
1213	31.07.2025 05:47:12	17,75	0,13	27,67	36,96	1506,59
1214	31.07.2025 05:47:13	17,81	0,11	27,63	36,97	1506,72
1215	31.07.2025 05:47:14	17,90	0,06	27,55	36,94	1506,89
1216	31.07.2025 05:47:15	17,93	0,02	27,53	36,94	1506,95
1217	31.07.2025 05:47:16	17,96	0,02	27,49	36,92	1506,99
1218	31.07.2025 05:47:17	17,99	-0,01	27,51	36,97	1507,10
1219	31.07.2025 05:47:18	18,02	0,00	27,51	37,00	1507,20
1220	31.07.2025 05:47:19	18,05	-0,01	27,49	37,00	1507,26
1221	31.07.2025 05:47:20	18,08	-0,05	27,47	37,00	1507,32
1222	31.07.2025 05:47:21	18,11	-0,05	27,43	36,97	1507,36
1223	31.07.2025 05:47:22	18,14	-0,05	27,41	36,97	1507,43
1224	31.07.2025 05:47:23	18,17	-0,05	27,39	36,97	1507,49
1225	31.07.2025 05:47:24	18,20	-0,05	27,37	36,97	1507,56
1226	31.07.2025 05:47:25	18,20	-0,05	27,37	36,97	1507,56
1227	31.07.2025 05:47:26	18,22	-0,05	27,36	36,97	1507,63
1228	31.07.2025 05:47:27	18,25	-0,05	27,34	36,98	1507,69
1229	31.07.2025 05:47:28	18,25	-0,05	27,34	36,98	1507,69
1230	31.07.2025 05:47:29	18,25	-0,05	27,34	36,98	1507,69
1231	31.07.2025 05:47:30	18,28	-0,05	27,29	36,95	1507,73
1232	31.07.2025 05:47:31	18,31	-0,03	27,28	36,95	1507,80
1233	31.07.2025 05:47:32	18,31	-0,05	27,30	36,98	1507,83
1234	31.07.2025 05:47:33	18,34	-0,05	27,23	36,92	1507,84
1235	31.07.2025 05:47:34	18,34	-0,05	27,26	36,95	1507,87
1236	31.07.2025 05:47:35	18,34	-0,05	27,23	36,92	1507,84
1237	31.07.2025 05:47:36	18,37	-0,05	27,24	36,95	1507,93
1238	31.07.2025 05:47:37	18,37	-0,05	27,26	36,98	1507,96
1239	31.07.2025 05:47:38	18,40	-0,01	27,22	36,95	1508,00
1240	31.07.2025 05:47:39	18,40	-0,03	27,24	36,98	1508,03
1241	31.07.2025 05:47:40	18,43	-0,03	27,22	36,98	1508,09
1242	31.07.2025 05:47:41	18,43	-0,05	27,22	36,98	1508,09
1243	31.07.2025 05:47:42	18,46	-0,03	27,20	36,98	1508,16
1244	31.07.2025 05:47:43	18,46	-0,03	27,18	36,95	1508,13
1245	31.07.2025 05:47:44	18,49	-0,03	27,16	36,95	1508,20
1246	31.07.2025 05:47:45	18,49	-0,03	27,16	36,95	1508,20
1247	31.07.2025 05:47:46	18,49	-0,05	27,16	36,95	1508,20
1248	31.07.2025 05:47:47	18,52	-0,05	27,14	36,95	1508,26
1249	31.07.2025 05:47:48	18,52	-0,03	27,14	36,95	1508,26
1250	31.07.2025 05:47:49	18,52	-0,07	27,14	36,95	1508,26
1251	31.07.2025 05:47:50	18,55	-0,05	27,12	36,96	1508,33
1252	31.07.2025 05:47:51	18,55	-0,03	27,12	36,96	1508,33
1253	31.07.2025 05:47:52	18,55	-0,03	27,12	36,96	1508,33
1254	31.07.2025 05:47:53	18,58	-0,05	27,10	36,96	1508,39
1255	31.07.2025 05:47:54	18,58	-0,03	27,10	36,96	1508,40
1256	31.07.2025 05:47:55	18,58	-0,03	27,10	36,96	1508,40
1257	31.07.2025 05:47:56	18,61	-0,05	27,09	36,96	1508,46
1258	31.07.2025 05:47:57	18,61	-0,05	27,09	36,96	1508,46
1259	31.07.2025 05:47:58	18,61	-0,05	27,09	36,96	1508,46
1260	31.07.2025 05:47:59	18,61	-0,05	27,09	36,96	1508,46
1261	31.07.2025 05:48:00	18,64	-0,05	27,07	36,96	1508,52
1262	31.07.2025 05:48:01	18,64	-0,05	27,07	36,96	1508,52
1263	31.07.2025 05:48:02	18,64	-0,05	27,07	36,96	1508,52
1264	31.07.2025 05:48:03	18,64	-0,05	27,02	36,90	1508,47
1265	31.07.2025 05:48:04	18,67	-0,05	26,63	36,45	1508,12
1266	31.07.2025 05:48:05	18,67	-0,07	26,70	36,53	1508,19
1267	31.07.2025 05:48:06	18,67	-0,07	19,56	27,56	1499,99
1268	31.07.2025 05:48:07	18,67	-0,07	19,90	27,99	1500,38
1269	31.07.2025 05:48:08	18,67	-0,07	19,90	27,99	1500,38
1270	31.07.2025 05:48:09	18,67	-0,07	19,92	28,02	1500,41
1271	31.07.2025 05:48:10	18,70	-0,07	19,89	27,99	1500,46
1272	31.07.2025 05:48:11	18,70	-0,07	19,91	28,02	1500,48
1273	31.07.2025 05:48:12	18,70	-0,05	19,91	28,02	1500,48
1274	31.07.2025 05:48:13	18,70	-0,05	19,89	27,99	1500,46
1275	31.07.2025 05:48:14	18,70	-0,07	19,89	27,99	1500,46
1276	31.07.2025 05:48:15	18,70	-0,07	19,91	28,02	1500,48
1277	31.07.2025 05:48:16	18,70	-0,07	19,89	27,99	1500,46
1278	31.07.2025 05:48:17	18,70	-0,05	19,89	27,99	1500,46
1279	31.07.2025 05:48:18	18,70	-0,05	19,89	27,99	1500,46
1280	31.07.2025 05:48:19	18,67	-0,07	19,90	27,99	1500,38
1281	31.07.2025 05:48:20	18,67	-0,05	19,90	27,99	1500,38
1282	31.07.2025 05:48:21	18,67	-0,05	19,88	27,97	1500,36
1283	31.07.2025 05:48:22	18,67	-0,07	19,88	27,97	1500,36
1284	31.07.2025 05:48:23	18,67	-0,05	19,88	27,97	1500,36
1285	31.07.2025 05:48:24	18,67	-0,05	19,88	27,97	1500,36
1286	31.07.2025 05:48:25	18,67	-0,05	19,88	27,97	1500,36
1287	31.07.2025 05:48:26	18,67	-0,07	19,86	27,94	1500,33
1288	31.07.2025 05:48:27	18,67	-0,05	19,86	27,94	1500,34
1289	31.07.2025 05:48:28	18,67	-0,05	19,86	27,94	1500,34
1290	31.07.2025 05:48:29	18,67	-0,05	19,86	27,94	1500,34
1291	31.07.2025 05:48:30	18,67	-0,05	19,86	27,94	1500,34
1292	31.07.2025 05:48:31	18,67	-0,05	19,86	27,94	1500,34
1293	31.07.2025 05:48:32	18,67	-0,07	19,84	27,91	1500,31
1294	31.07.2025 05:48:33	18,67	-0,05	19,86	27,94	1500,34
1295	31.07.2025 05:48:34	18,64	-0,05	19,85	27,91	1500,24
1296	31.07.2025 05:48:35	18,64	-0,05	19,81	27,86	1500,19
1297	31.07.2025 05:48:36	18,64	-0,05	19,85	27,91	1500,24
1298	31.07.2025 05:48:37	18,64	-0,05	19,81	27,86	1500,19
1299	31.07.2025 05:48:38	18,64	-0,05	19,83	27,89	1500,21
1300	31.07.2025 05:48:39	18,64	-0,05	19,83	27,89	1500,21
1301	31.07.2025 05:48:40	18,64	-0,07	19,85	27,91	1500,24
1302	31.07.2025 05:48:41	18,64	-0,05	19,88	27,94	1500,26
1303	31.07.2025 05:48:42	18,64	-0,05	19,85	27,91	1500,24
1304	31.07.2025 05:48:43	18,61	-0,05	19,66	27,64	1499,92
1305	31.07.2025 05:48:44	18,61	-0,05	19,89	27,94	1500,19
1306	31.07.2025 05:48:45	18,61	-0,05	19,89	27,94	1500,19
1307	31.07.2025 05:48:46	18,61	-0,05	19,89	27,94	1500,19
1308	31.07.2025 05:48:47	18,61	-0,07	19,87	27,91	1500,16
1309	31.07.2025 05:48:48	18,61	-0,05	19,89	27,94	1500,19
1310	31.07.2025 05:48:49	18,61	-0,05	19,89	27,94	1500,19
1311	31.07.2025 05:48:50	18,61	-0,05	19,87	27,91	1500,16
1312	31.07.2025 05:48:51	18,61	-0,05	19,87	27,91	1500,16
1313	31.07.2025 05:48:52	18,61	-0,05	19,87	27,91	1500,16
1314	31.07.2025 05:48:53	18,58	-0,05	19,88	27,91	1500,09
1315	31.07.2025 05:48:54	18,58	-0,07	19,88	27,91	1500,09
1316	31.07.2025 05:48:55	18,58	-0,05	19,97	28,02	1500,19
1317	31.07.2025 05:48:56	18,58	-0,05	19,95	27,99	1500,16
1318	31.07.2025 05:48:57	18,58	-0,05	19,95	27,99	1500,16
1319	31.07.2025 05:48:58	18,58	-0,05	19,95	27,99	1500,16
1320	31.07.2025 05:48:59	18,58	-0,05	13,02	18,95	1492,20
1321	31.07.2025 05:49:00	18,58	-0,05	11,89	17,44	1490,91
1322	31.07.2025 05:49:01	18,58	-0,05	12,96	18,87	1492,13
1323	31.07.2025 05:49:02	18,55	-0,05	12,76	18,59	1491,81
1324	31.07.2025 05:49:03	18,55	-0,05	2,51	4,10	1480,03
1325	31.07.2025 05:49:04	18,55	-0,05	2,38	3,90	1479,88
1326	31.07.2025 05:49:05	18,55	-0,05	1,49	2,50	1478,85
1327	31.07.2025 05:49:06	18,55	-0,05	2,88	4,67	1480,46
1328	31.07.2025 05:49:07	18,55	-0,05	2,96	4,78	1480,54
1329	31.07.2025 05:49:08	18,55	-0,05	2,83	4,58	1480,39
1330	31.07.2025 05:49:09	18,52	-0,05	0,45	0,79	1477,56
1331	31.07.2025 05:49:10	18,52	-0,05	2,77	4,50	1480,23
1332	31.07.2025 05:49:11	18,52	-0,07	2,77	4,50	1480,23
1333	31.07.2025 05:49:12	18,52	-0,07	2,79	4,52	1480,25
1334	31.07.2025 05:49:13	18,52	-0,05	2,85	4,61	1480,32
1335	31.07.2025 05:49:14	18,52	-0,05	2,85	4,61	1480,32
1336	31.07.2025 05:49:15	18,52	-0,05	2,85	4,61	1480,32
1337	31.07.2025 05:49:16	18,52	-0,05	2,92	4,73	1480,41
1338	31.07.2025 05:49:17	18,52	-0,05	2,94	4,75	1480,43
1339	31.07.2025 05:49:18	18,52	-0,05	2,90	4,70	1480,39
1340	31.07.2025 05:49:19	18,52	-0,05	2,92	4,73	1480,41
1341	31.07.2025 05:49:20	18,52	-0,05	2,96	4,78	1480,45
1342	31.07.2025 05:49:21	18,52	-0,05	3,00	4,84	1480,49
1343	31.07.2025 05:49:22	18,49	-0,05	3,02	4,87	1480,42
1344	31.07.2025 05:49:23	18,49	-0,05	3,00	4,84	1480,40
1345	31.07.2025 05:49:24	18,49	-0,05	3,00	4,84	1480,40
1346	31.07.2025 05:49:25	18,49	-0,05	3,00	4,84	1480,40
1347	31.07.2025 05:49:26	18,49	-0,05	2,98	4,81	1480,38
1348	31.07.2025 05:49:27	18,49	-0,05	2,98	4,81	1480,38
1349	31.07.2025 05:49:28	18,49	-0,05	2,96	4,78	1480,36
1350	31.07.2025 05:49:29	18,49	-0,05	2,96	4,78	1480,36
1351	31.07.2025 05:49:30	18,49	-0,05	2,94	4,75	1480,34
1352	31.07.2025 05:49:31	18,49	-0,05	2,94	4,75	1480,34
1353	31.07.2025 05:49:32	18,49	-0,05	2,91	4,70	1480,29
1354	31.07.2025 05:49:33	18,49	-0,03	2,89	4,67	1480,27
1355	31.07.2025 05:49:34	18,49	-0,05	2,89	4,67	1480,27
1356	31.07.2025 05:49:35	18,46	-0,03	2,93	4,73	1480,22
1357	31.07.2025 05:49:36	18,46	-0,05	2,93	4,73	1480,22
1358	31.07.2025 05:49:37	18,46	-0,03	2,91	4,70	1480,20
1359	31.07.2025 05:49:38	18,46	-0,05	2,91	4,70	1480,20
1360	31.07.2025 05:49:39	18,46	-0,05	2,97	4,78	1480,26
1361	31.07.2025 05:49:40	18,46	-0,05	2,98	4,81	1480,29
1362	31.07.2025 05:49:41	18,46	-0,05	2,95	4,75	1480,24
1363	31.07.2025 05:49:42	18,46	-0,05	2,97	4,78	1480,26
1364	31.07.2025 05:49:43	18,46	-0,05	2,98	4,81	1480,29
1365	31.07.2025 05:49:44	18,46	-0,05	2,97	4,78	1480,26
1366	31.07.2025 05:49:45	18,46	-0,05	2,93	4,73	1480,22
1367	31.07.2025 05:49:46	18,46	-0,05	2,97	4,78	1480,26
1368	31.07.2025 05:49:47	18,46	-0,03	3,16	5,07	1480,49
1369	31.07.2025 05:49:48	18,43	-0,05	3,14	5,04	1480,37
1370	31.07.2025 05:49:49	18,46	-0,05	3,14	5,04	1480,46
1371	31.07.2025 05:49:50	18,43	-0,03	3,14	5,04	1480,37
1372	31.07.2025 05:49:51	18,43	-0,03	3,14	5,04	1480,37
1373	31.07.2025 05:49:52	18,43	-0,05	3,14	5,04	1480,37
1374	31.07.2025 05:49:53	18,43	-0,03	3,14	5,04	1480,37
1375	31.07.2025 05:49:54	18,43	-0,03	3,14	5,04	1480,37
1376	31.07.2025 05:49:55	18,43	-0,03	3,14	5,04	1480,37
1377	31.07.2025 05:49:56	18,43	-0,05	3,14	5,04	1480,37
1378	31.07.2025 05:49:57	18,43	-0,03	3,14	5,04	1480,37
1379	31.07.2025 05:49:58	18,43	-0,03	3,14	5,04	1480,37
1380	31.07.2025 05:49:59	18,43	-0,05	3,14	5,04	1480,37
1381	31.07.2025 05:50:00	18,43	-0,05	3,14	5,04	1480,37
1382	31.07.2025 05:50:01	18,43	-0,05	3,14	5,04	1480,37
1383	31.07.2025 05:50:02	18,43	-0,05	3,14	5,04	1480,37
1384	31.07.2025 05:50:03	18,43	-0,05	3,12	5,01	1480,35
1385	31.07.2025 05:50:04	18,43	-0,05	3,12	5,01	1480,35
1386	31.07.2025 05:50:05	18,43	-0,05	3,14	5,04	1480,37
1387	31.07.2025 05:50:06	18,43	-0,05	3,14	5,04	1480,37
1388	31.07.2025 05:50:07	18,43	-0,05	3,14	5,04	1480,37
1389	31.07.2025 05:50:08	18,43	-0,03	3,14	5,04	1480,37
1390	31.07.2025 05:50:09	18,40	-0,05	3,14	5,04	1480,28
1391	31.07.2025 05:50:10	18,40	-0,05	3,14	5,04	1480,28
1392	31.07.2025 05:50:11	18,40	-0,05	3,08	4,95	1480,21
1393	31.07.2025 05:50:12	18,40	-0,05	3,10	4,98	1480,23
1394	31.07.2025 05:50:13	18,40	-0,05	3,08	4,95	1480,21
1395	31.07.2025 05:50:14	18,40	-0,05	3,10	4,98	1480,23
1396	31.07.2025 05:50:15	18,40	-0,05	3,10	4,98	1480,23
1397	31.07.2025 05:50:16	18,40	-0,05	3,08	4,95	1480,21
1398	31.07.2025 05:50:17	18,40	-0,05	3,06	4,93	1480,19
1399	31.07.2025 05:50:18	18,40	-0,05	2,93	4,72	1480,04
1400	31.07.2025 05:50:19	18,40	-0,05	2,93	4,72	1480,04
1401	31.07.2025 05:50:20	18,40	-0,05	2,89	4,67	1479,99
1402	31.07.2025 05:50:21	18,40	-0,05	2,93	4,72	1480,04
1403	31.07.2025 05:50:22	18,40	-0,05	2,93	4,72	1480,04
1404	31.07.2025 05:50:23	18,40	-0,03	2,91	4,70	1480,02
1405	31.07.2025 05:50:24	18,40	-0,05	2,93	4,72	1480,04
1406	31.07.2025 05:50:25	18,40	-0,03	2,89	4,67	1479,99
1407	31.07.2025 05:50:26	18,40	-0,05	2,93	4,72	1480,04
1408	31.07.2025 05:50:27	18,40	-0,05	2,93	4,72	1480,04
1409	31.07.2025 05:50:28	18,40	-0,05	2,91	4,70	1480,01
1410	31.07.2025 05:50:29	18,40	-0,05	2,93	4,72	1480,04
1411	31.07.2025 05:50:30	18,40	-0,05	2,91	4,70	1480,01
1412	31.07.2025 05:50:31	18,40	-0,05	2,91	4,70	1480,01
1413	31.07.2025 05:50:32	18,40	-0,03	2,93	4,72	1480,04
1414	31.07.2025 05:50:33	18,40	-0,05	2,89	4,67	1479,99
1415	31.07.2025 05:50:34	18,40	-0,03	2,91	4,70	1480,02
1416	31.07.2025 05:50:35	18,40	-0,03	2,93	4,72	1480,04
1417	31.07.2025 05:50:36	18,40	-0,05	2,89	4,67	1479,99
1418	31.07.2025 05:50:37	18,40	-0,03	2,91	4,70	1480,02
1419	31.07.2025 05:50:38	18,40	-0,03	2,93	4,72	1480,04
1420	31.07.2025 05:50:39	18,40	-0,05	2,91	4,70	1480,01
1421	31.07.2025 05:50:40	18,40	-0,05	2,89	4,67	1479,99
1422	31.07.2025 05:50:41	18,40	-0,03	2,91	4,70	1480,02
1423	31.07.2025 05:50:42	18,37	-0,05	2,93	4,72	1479,94
1424	31.07.2025 05:50:43	18,37	-0,07	2,90	4,67	1479,90
1425	31.07.2025 05:50:44	18,37	-0,05	2,91	4,70	1479,92
1426	31.07.2025 05:50:45	18,37	-0,07	2,93	4,72	1479,94
1427	31.07.2025 05:50:46	18,37	-0,07	2,91	4,70	1479,92
1428	31.07.2025 05:50:47	18,37	-0,05	2,91	4,70	1479,92
1429	31.07.2025 05:50:48	18,37	-0,05	2,91	4,70	1479,92
1430	31.07.2025 05:50:49	18,37	-0,07	2,91	4,70	1479,92
1431	31.07.2025 05:50:50	18,37	-0,07	2,91	4,70	1479,92
1432	31.07.2025 05:50:51	18,37	-0,07	2,93	4,72	1479,94
1433	31.07.2025 05:50:52	18,37	-0,05	2,91	4,70	1479,92
1434	31.07.2025 05:50:53	18,37	-0,07	2,93	4,72	1479,94
1435	31.07.2025 05:50:54	18,37	-0,07	2,93	4,72	1479,94
1436	31.07.2025 05:50:55	18,37	-0,05	2,90	4,67	1479,90
1437	31.07.2025 05:50:56	18,37	-0,07	2,91	4,70	1479,92
1438	31.07.2025 05:50:57	18,37	-0,07	2,93	4,72	1479,94
1439	31.07.2025 05:50:58	18,37	-0,05	2,91	4,70	1479,92
1440	31.07.2025 05:50:59	18,37	-0,07	2,93	4,72	1479,94
1441	31.07.2025 05:51:00	18,37	-0,07	2,93	4,72	1479,94
1442	31.07.2025 05:51:01	18,37	-0,07	2,93	4,72	1479,94
1443	31.07.2025 05:51:02	18,37	-0,07	2,91	4,70	1479,92
1444	31.07.2025 05:51:03	18,37	-0,07	2,91	4,70	1479,92
1445	31.07.2025 05:51:04	18,37	-0,05	2,91	4,70	1479,92
1446	31.07.2025 05:51:05	18,37	-0,07	2,91	4,70	1479,92
1447	31.07.2025 05:51:06	18,37	-0,05	2,93	4,72	1479,94
1448	31.07.2025 05:51:07	18,37	-0,05	2,93	4,72	1479,94
1449	31.07.2025 05:51:08	18,37	-0,05	2,91	4,70	1479,92
1450	31.07.2025 05:51:09	18,37	-0,05	2,93	4,72	1479,94
1451	31.07.2025 05:51:10	18,37	-0,07	2,93	4,72	1479,94
1452	31.07.2025 05:51:11	18,37	-0,07	2,91	4,70	1479,92
1453	31.07.2025 05:51:12	18,37	-0,07	2,91	4,70	1479,92
1454	31.07.2025 05:51:13	18,37	-0,07	2,93	4,72	1479,94
1455	31.07.2025 05:51:14	18,37	-0,05	2,93	4,72	1479,94
1456	31.07.2025 05:51:15	18,37	-0,05	2,93	4,72	1479,94
1457	31.07.2025 05:51:16	18,37	-0,07	2,93	4,72	1479,94
1458	31.07.2025 05:51:17	18,37	-0,07	2,91	4,70	1479,92
1459	31.07.2025 05:51:18	18,37	-0,07	2,93	4,72	1479,94
1460	31.07.2025 05:51:19	18,37	-0,05	2,91	4,70	1479,92
1461	31.07.2025 05:51:20	18,37	-0,05	2,93	4,72	1479,94
1462	31.07.2025 05:51:21	18,37	-0,05	2,93	4,72	1479,94
1463	31.07.2025 05:51:22	18,37	-0,05	2,91	4,70	1479,92
1464	31.07.2025 05:51:23	18,37	-0,05	2,91	4,70	1479,92
1465	31.07.2025 05:51:24	18,37	-0,05	2,93	4,72	1479,94
1466	31.07.2025 05:51:25	18,37	-0,05	2,91	4,70	1479,92
1467	31.07.2025 05:51:26	18,37	-0,07	2,93	4,72	1479,94
1468	31.07.2025 05:51:27	18,37	-0,07	2,93	4,72	1479,94
1469	31.07.2025 05:51:28	18,37	-0,05	2,91	4,70	1479,92
1470	31.07.2025 05:51:29	18,37	-0,05	2,91	4,70	1479,92
1471	31.07.2025 05:51:30	18,37	-0,07	2,91	4,70	1479,92
1472	31.07.2025 05:51:31	18,37	-0,07	2,91	4,70	1479,92
1473	31.07.2025 05:51:32	18,37	-0,05	2,93	4,72	1479,94
1474	31.07.2025 05:51:33	18,37	-0,07	2,91	4,70	1479,92
1475	31.07.2025 05:51:34	18,37	-0,07	2,93	4,72	1479,94
1476	31.07.2025 05:51:35	18,37	-0,07	2,93	4,72	1479,94
1477	31.07.2025 05:51:36	18,37	-0,07	2,91	4,70	1479,92
1478	31.07.2025 05:51:37	18,37	-0,05	2,91	4,70	1479,92
1479	31.07.2025 05:51:38	18,37	-0,07	2,93	4,72	1479,94
1480	31.07.2025 05:51:39	18,37	-0,07	2,90	4,67	1479,90
1481	31.07.2025 05:51:40	18,37	-0,07	2,91	4,70	1479,92
1482	31.07.2025 05:51:41	18,37	-0,07	2,93	4,72	1479,94
1483	31.07.2025 05:51:42	18,37	-0,05	2,91	4,70	1479,92
1484	31.07.2025 05:51:43	18,37	-0,07	2,93	4,72	1479,94
1485	31.07.2025 05:51:44	18,37	-0,07	2,93	4,72	1479,94
1486	31.07.2025 05:51:45	18,37	-0,05	2,91	4,70	1479,92
1487	31.07.2025 05:51:46	18,37	-0,05	2,93	4,72	1479,94
1488	31.07.2025 05:51:47	18,37	-0,05	2,91	4,70	1479,92
1489	31.07.2025 05:51:48	18,37	-0,05	2,91	4,70	1479,92
1490	31.07.2025 05:51:49	18,37	-0,07	2,93	4,72	1479,94
1491	31.07.2025 05:51:50	18,37	-0,07	2,93	4,72	1479,94
1492	31.07.2025 05:51:51	18,37	-0,07	2,93	4,72	1479,94
1493	31.07.2025 05:51:52	18,37	-0,07	2,93	4,72	1479,94
1494	31.07.2025 05:51:53	18,37	-0,05	2,93	4,72	1479,94
1495	31.07.2025 05:51:54	18,37	-0,05	2,91	4,70	1479,92
1496	31.07.2025 05:51:55	18,37	-0,07	2,91	4,70	1479,92
1497	31.07.2025 05:51:56	18,37	-0,07	2,91	4,70	1479,92
1498	31.07.2025 05:51:57	18,37	-0,05	2,93	4,72	1479,94
1499	31.07.2025 05:51:58	18,37	-0,07	2,91	4,70	1479,92
1500	31.07.2025 05:51:59	18,37	-0,07	2,91	4,70	1479,92
1501	31.07.2025 05:52:00	18,37	-0,05	2,91	4,70	1479,92
1502	31.07.2025 05:52:01	18,37	-0,05	2,91	4,70	1479,92
1503	31.07.2025 05:52:02	18,37	-0,07	2,91	4,70	1479,92
1504	31.07.2025 05:52:03	18,37	-0,07	2,91	4,70	1479,92
1505	31.07.2025 05:52:04	18,37	-0,05	2,93	4,72	1479,94
1506	31.07.2025 05:52:05	18,37	-0,05	2,91	4,70	1479,92
1507	31.07.2025 05:52:06	18,37	-0,07	2,91	4,70	1479,92
1508	31.07.2025 05:52:07	18,37	-0,05	2,91	4,70	1479,92
1509	31.07.2025 05:52:08	18,37	-0,05	2,90	4,67	1479,90
1510	31.07.2025 05:52:09	18,37	-0,07	2,91	4,70	1479,92
1511	31.07.2025 05:52:10	18,37	-0,07	2,41	3,92	1479,33
1512	31.07.2025 05:52:11	18,37	-0,07	2,20	3,61	1479,10
1513	31.07.2025 05:52:12	18,37	-0,05	2,86	4,61	1479,85
1514	31.07.2025 05:52:13	18,37	-0,05	2,73	4,41	1479,70
1515	31.07.2025 05:52:14	18,37	-0,05	2,84	4,58	1479,83
1516	31.07.2025 05:52:15	18,37	-0,05	2,80	4,52	1479,79
1517	31.07.2025 05:52:16	18,37	-0,07	2,74	4,44	1479,72
1518	31.07.2025 05:52:17	18,37	-0,07	2,76	4,47	1479,74
1519	31.07.2025 05:52:18	18,37	-0,07	2,82	4,55	1479,81
1520	31.07.2025 05:52:19	18,37	-0,07	2,71	4,38	1479,68
1521	31.07.2025 05:52:20	18,37	-0,05	2,73	4,41	1479,70
1522	31.07.2025 05:52:21	18,37	-0,07	2,82	4,55	1479,81
1523	31.07.2025 05:52:22	18,37	-0,07	2,74	4,44	1479,72
1524	31.07.2025 05:52:23	18,37	-0,07	2,78	4,50	1479,76
1525	31.07.2025 05:52:24	18,37	-0,05	2,74	4,44	1479,72
1526	31.07.2025 05:52:25	18,37	-0,07	2,80	4,52	1479,79
1527	31.07.2025 05:52:26	18,37	-0,05	2,74	4,44	1479,72
1528	31.07.2025 05:52:27	18,37	-0,05	2,76	4,47	1479,75
1529	31.07.2025 05:52:28	18,37	-0,05	2,80	4,52	1479,79
1530	31.07.2025 05:52:29	18,37	-0,05	2,78	4,50	1479,77
1531	31.07.2025 05:52:30	18,37	-0,07	2,82	4,55	1479,81
1532	31.07.2025 05:52:31	18,37	-0,07	2,82	4,55	1479,81
1533	31.07.2025 05:52:32	18,37	-0,05	2,80	4,52	1479,79
1534	31.07.2025 05:52:33	18,37	-0,07	2,76	4,47	1479,74
1535	31.07.2025 05:52:34	18,37	-0,07	2,82	4,55	1479,81
1536	31.07.2025 05:52:35	18,37	-0,05	2,86	4,61	1479,85
1537	31.07.2025 05:52:36	18,37	-0,05	2,82	4,55	1479,81
1538	31.07.2025 05:52:37	18,37	-0,05	2,90	4,67	1479,90
1539	31.07.2025 05:52:38	18,37	-0,07	2,86	4,61	1479,85
1540	31.07.2025 05:52:39	18,37	-0,07	2,91	4,70	1479,92
1541	31.07.2025 05:52:40	18,37	-0,07	2,91	4,70	1479,92
1542	31.07.2025 05:52:41	18,37	-0,07	2,91	4,70	1479,92
1543	31.07.2025 05:52:42	18,37	-0,05	2,93	4,72	1479,94
1544	31.07.2025 05:52:43	18,37	-0,07	2,91	4,70	1479,92
1545	31.07.2025 05:52:44	18,37	-0,07	2,91	4,70	1479,92
1546	31.07.2025 05:52:45	18,37	-0,07	2,88	4,64	1479,87
1547	31.07.2025 05:52:46	18,37	-0,07	2,90	4,67	1479,90
1548	31.07.2025 05:52:47	18,37	-0,05	2,88	4,64	1479,88
1549	31.07.2025 05:52:48	18,37	-0,07	2,86	4,61	1479,85
1550	31.07.2025 05:52:49	18,37	-0,07	2,91	4,70	1479,92
1551	31.07.2025 05:52:50	18,37	-0,05	2,88	4,64	1479,88
1552	31.07.2025 05:52:51	18,37	-0,05	2,90	4,67	1479,90
1553	31.07.2025 05:52:52	18,37	-0,07	2,82	4,55	1479,81
1554	31.07.2025 05:52:53	18,37	-0,05	2,86	4,61	1479,85
1555	31.07.2025 05:52:54	18,37	-0,05	2,86	4,61	1479,85
1556	31.07.2025 05:52:55	18,37	-0,05	2,86	4,61	1479,85
1557	31.07.2025 05:52:56	18,37	-0,05	2,88	4,64	1479,88
1558	31.07.2025 05:52:57	18,37	-0,07	2,86	4,61	1479,85
1559	31.07.2025 05:52:58	18,37	-0,07	2,84	4,58	1479,83
1560	31.07.2025 05:52:59	18,37	-0,07	2,86	4,61	1479,85
1561	31.07.2025 05:53:00	18,37	-0,07	2,82	4,55	1479,81
1562	31.07.2025 05:53:01	18,37	-0,07	2,88	4,64	1479,87
1563	31.07.2025 05:53:02	18,37	-0,07	2,80	4,52	1479,79
1564	31.07.2025 05:53:03	18,37	-0,07	2,82	4,55	1479,81
1565	31.07.2025 05:53:04	18,37	-0,07	2,78	4,50	1479,76
1566	31.07.2025 05:53:05	18,37	-0,05	2,84	4,58	1479,83
1567	31.07.2025 05:53:06	18,37	-0,05	2,86	4,61	1479,85
1568	31.07.2025 05:53:07	18,37	-0,07	2,78	4,50	1479,76
1569	31.07.2025 05:53:08	18,37	-0,07	2,86	4,61	1479,85
1570	31.07.2025 05:53:09	18,37	-0,07	2,78	4,50	1479,76
1571	31.07.2025 05:53:10	18,37	-0,05	4,09	6,45	1481,27
1572	31.07.2025 05:53:11	18,40	-0,05	3,27	5,24	1480,43
1573	31.07.2025 05:53:12	18,37	-0,07	4,07	6,42	1481,25
1574	31.07.2025 05:53:13	18,37	-0,07	3,86	6,11	1481,00
1575	31.07.2025 05:53:14	18,37	-0,05	3,91	6,19	1481,07
1576	31.07.2025 05:53:15	18,37	-0,07	3,84	6,08	1480,98
1577	31.07.2025 05:53:16	18,40	-0,03	3,80	6,02	1481,03
1578	31.07.2025 05:53:17	18,40	-0,07	3,85	6,11	1481,09
1579	31.07.2025 05:53:18	18,40	-0,05	3,83	6,08	1481,07
1580	31.07.2025 05:53:19	18,40	-0,05	3,81	6,05	1481,05
1581	31.07.2025 05:53:20	18,40	-0,03	3,80	6,02	1481,03
1582	31.07.2025 05:53:21	18,40	-0,05	3,76	5,96	1480,99
1583	31.07.2025 05:53:22	18,40	-0,03	3,93	6,22	1481,19
1584	31.07.2025 05:53:23	18,40	-0,05	3,72	5,90	1480,94
1585	31.07.2025 05:53:24	18,40	-0,05	3,33	5,33	1480,50
1586	31.07.2025 05:53:25	18,40	-0,05	2,80	4,52	1479,88
1587	31.07.2025 05:53:26	18,40	-0,05	3,91	6,19	1481,16
1588	31.07.2025 05:53:27	18,40	-0,05	2,28	3,72	1479,28
1589	31.07.2025 05:53:28	18,40	-0,05	1,00	1,71	1477,82
1590	31.07.2025 05:53:29	18,40	-0,03	3,37	5,39	1480,54
1591	31.07.2025 05:53:30	18,40	-0,05	3,99	6,31	1481,25
1592	31.07.2025 05:53:31	18,40	-0,05	4,22	6,65	1481,52
1593	31.07.2025 05:53:32	18,40	-0,03	3,72	5,90	1480,94
1594	31.07.2025 05:53:33	18,40	-0,03	3,99	6,31	1481,26
1595	31.07.2025 05:53:34	18,40	-0,05	4,28	6,74	1481,59
1596	31.07.2025 05:53:35	18,40	-0,05	4,28	6,74	1481,59
1597	31.07.2025 05:53:36	18,40	-0,05	4,26	6,71	1481,57
1598	31.07.2025 05:53:37	18,40	-0,05	4,21	6,62	1481,50
1599	31.07.2025 05:53:38	18,40	-0,03	3,97	6,28	1481,23
1600	31.07.2025 05:53:39	18,40	-0,05	4,30	6,77	1481,61
1601	31.07.2025 05:53:40	18,40	-0,05	4,22	6,65	1481,52
1602	31.07.2025 05:53:41	18,40	-0,05	4,28	6,74	1481,59
1603	31.07.2025 05:53:42	18,40	-0,03	4,15	6,54	1481,44
1604	31.07.2025 05:53:43	18,40	-0,05	4,07	6,42	1481,34
1605	31.07.2025 05:53:44	18,40	-0,05	4,19	6,60	1481,48
1606	31.07.2025 05:53:45	18,40	-0,05	4,13	6,51	1481,41
1607	31.07.2025 05:53:46	18,40	-0,05	4,15	6,54	1481,43
1608	31.07.2025 05:53:47	18,40	-0,03	4,15	6,54	1481,44
1609	31.07.2025 05:53:48	18,40	-0,05	3,72	5,90	1480,94
1610	31.07.2025 05:53:49	18,40	-0,05	3,51	5,59	1480,70
1611	31.07.2025 05:53:50	18,40	-0,05	3,60	5,73	1480,81
1612	31.07.2025 05:53:51	18,40	-0,05	3,35	5,36	1480,52
1613	31.07.2025 05:53:52	18,40	-0,05	1,89	3,13	1478,84
1614	31.07.2025 05:53:53	18,40	-0,05	2,72	4,41	1479,80
1615	31.07.2025 05:53:54	18,40	-0,05	2,35	3,84	1479,37
1616	31.07.2025 05:53:55	18,40	-0,05	2,09	3,44	1479,07
1617	31.07.2025 05:53:56	18,40	-0,05	2,16	3,55	1479,15
1618	31.07.2025 05:53:57	18,40	-0,05	2,15	3,52	1479,13
1619	31.07.2025 05:53:58	18,40	-0,05	2,07	3,41	1479,05
1620	31.07.2025 05:53:59	18,40	-0,05	2,11	3,47	1479,09
1621	31.07.2025 05:54:00	18,40	-0,05	2,15	3,52	1479,13
1622	31.07.2025 05:54:01	18,40	-0,05	1,96	3,24	1478,92
1623	31.07.2025 05:54:02	18,40	-0,05	2,11	3,47	1479,09
1624	31.07.2025 05:54:03	18,40	-0,05	1,94	3,21	1478,90
1625	31.07.2025 05:54:04	18,40	-0,03	1,94	3,21	1478,90
1626	31.07.2025 05:54:05	18,40	-0,05	2,04	3,35	1479,00
1627	31.07.2025 05:54:06	18,40	-0,05	1,87	3,10	1478,82
1628	31.07.2025 05:54:07	18,40	-0,05	1,87	3,10	1478,82
1629	31.07.2025 05:54:08	18,40	-0,05	1,87	3,10	1478,82
1630	31.07.2025 05:54:09	18,40	-0,03	1,73	2,87	1478,65
1631	31.07.2025 05:54:10	18,40	-0,05	1,80	2,98	1478,73
1632	31.07.2025 05:54:11	18,40	-0,05	1,55	2,59	1478,44
1633	31.07.2025 05:54:12	18,40	-0,05	1,60	2,67	1478,50
1634	31.07.2025 05:54:13	18,40	-0,03	1,42	2,39	1478,30
1635	31.07.2025 05:54:14	18,40	-0,05	1,26	2,13	1478,12
1636	31.07.2025 05:54:15	18,40	-0,05	0,83	1,43	1477,62
1637	31.07.2025 05:54:16	18,40	-0,05	2,37	3,87	1479,39
1638	31.07.2025 05:54:17	18,40	-0,03	1,07	1,83	1477,90
1639	31.07.2025 05:54:18	18,43	-0,05	0,60	1,05	1477,44
1640	31.07.2025 05:54:19	18,43	-0,05	4,07	6,42	1481,44
1641	31.07.2025 05:54:20	18,43	-0,05	3,62	5,76	1480,92
1642	31.07.2025 05:54:21	18,43	-0,05	3,35	5,36	1480,61
1643	31.07.2025 05:54:22	18,43	-0,05	2,76	4,47	1479,93
1644	31.07.2025 05:54:23	18,43	-0,05	3,21	5,16	1480,46
1645	31.07.2025 05:54:24	18,43	-0,05	4,56	7,14	1482,00
1646	31.07.2025 05:54:25	18,43	-0,05	2,95	4,75	1480,15
1647	31.07.2025 05:54:26	18,43	-0,03	2,26	3,69	1479,36
1648	31.07.2025 05:54:27	18,43	-0,05	2,33	3,81	1479,44
1649	31.07.2025 05:54:28	18,43	-0,05	0,87	1,49	1477,75
1650	31.07.2025 05:54:29	18,43	-0,05	4,07	6,42	1481,44
1651	31.07.2025 05:54:30	18,43	-0,05	3,83	6,08	1481,17
1652	31.07.2025 05:54:31	18,43	-0,03	3,91	6,19	1481,26
1653	31.07.2025 05:54:32	18,43	-0,05	0,45	0,79	1477,27
1654	31.07.2025 05:54:33	18,43	-0,05	0,55	0,96	1477,39
1655	31.07.2025 05:54:34	18,43	0,00	0,51	0,91	1477,36
1656	31.07.2025 05:54:35	18,55	-0,10	0,55	0,96	1477,76
1657	31.07.2025 05:54:36	18,70	-0,10	0,43	0,77	1478,10
1658	31.07.2025 05:54:37	18,82	-0,08	1,18	2,02	1479,35
1659	31.07.2025 05:54:38	18,91	-0,08	0,72	1,27	1479,11
1660	31.07.2025 05:54:39	18,91	-0,21	0,28	0,52	1478,58
1661	31.07.2025 05:54:40	18,97	-0,21	0,22	0,40	1478,70
1662	31.07.2025 05:54:41	19,00	-0,21	0,46	0,82	1479,07
1663	31.07.2025 05:54:42	19,06	-0,21	1,11	1,91	1480,00
1664	31.07.2025 05:54:43	19,17	-0,12	0,87	1,52	1480,11
1665	31.07.2025 05:54:44	19,29	-0,17	0,22	0,40	1479,74
1666	31.07.2025 05:54:45	19,38	-0,10	0,24	0,43	1480,05
1667	31.07.2025 05:54:46	19,50	-0,08	1,07	1,86	1481,37
1668	31.07.2025 05:54:47	19,59	-0,14	0,33	0,60	1480,80
1669	31.07.2025 05:54:48	19,68	-0,12	0,89	1,58	1481,72
1670	31.07.2025 05:54:49	19,79	-0,14	0,31	0,57	1481,43
1671	31.07.2025 05:54:50	19,91	-0,14	0,26	0,49	1481,74
1672	31.07.2025 05:54:51	20,06	-0,19	0,42	0,77	1482,36
1673	31.07.2025 05:54:52	20,21	-0,17	0,25	0,46	1482,63
1674	31.07.2025 05:54:53	20,38	-0,14	1,06	1,89	1484,10
1675	31.07.2025 05:54:54	20,53	-0,17	1,13	2,01	1484,62
1676	31.07.2025 05:54:55	20,71	-0,22	1,12	2,00	1485,14
1677	31.07.2025 05:54:56	20,85	-0,35	44,71	60,58	1534,66
