#B	Created:	01.08.2025 10:18:16
##	Version	SeaStar	9.59
#5	Field separation:	0
#2	Date & Time:	1
#6	Decimal point:	,
#7	Date def.:	dd.mm.yyyy	.
#8	Time def.:	:
##	Axis	0	Temperature(°C)	clRed	FALSE
##	Axis	1	Pressure(Bar)	clBlue	FALSE
##	Axis	2	Salinity(psu)	clGreen	FALSE
##	Axis	3	Conductivity(mS/cm)	$00FF80FF	FALSE
##	Axis	4	Sound Velocity(m/sec)	$00404080	FALSE
##	Series	0	Temp(°C)	clRed	0	Temp(°C)	2
##	Series	1	Press(Bar)	clBlue	1	Press(Bar)	2
##	Series	2	Salinity(psu)	clGreen	2	Salinity(psu)	2
##	Series	3	Conduct(mS/cm)	$00FF80FF	3	Conduct(mS/cm)	2
##	Series	4	Sound Velocity(m/sec)	$00404080	4	Velocity(m/sec)	2
##	Recorder	118	DST CTD	13526
##	Chart	118S13526DAT	
#D	Data:	1778	01.08.2025 09:48:00	01.08.2025 10:17:37
1	01.08.2025 09:48:00	17,69	0,04	27,44	36,64	1506,13
2	01.08.2025 09:48:01	17,66	0,04	27,44	36,61	1506,04
3	01.08.2025 09:48:02	17,66	0,04	27,46	36,64	1506,06
4	01.08.2025 09:48:03	17,63	0,02	27,48	36,64	1505,99
5	01.08.2025 09:48:04	17,60	0,02	27,50	36,64	1505,93
6	01.08.2025 09:48:05	17,60	0,02	27,50	36,64	1505,93
7	01.08.2025 09:48:06	17,60	0,02	27,50	36,64	1505,93
8	01.08.2025 09:48:07	17,57	0,02	27,52	36,64	1505,86
9	01.08.2025 09:48:08	17,54	0,02	27,54	36,64	1505,79
10	01.08.2025 09:48:09	17,54	0,00	27,54	36,64	1505,79
11	01.08.2025 09:48:10	17,54	0,00	27,51	36,61	1505,76
12	01.08.2025 09:48:11	17,51	0,02	27,53	36,61	1505,70
13	01.08.2025 09:48:12	17,51	0,02	27,56	36,64	1505,72
14	01.08.2025 09:48:13	17,48	0,04	27,58	36,64	1505,66
15	01.08.2025 09:48:14	17,48	0,02	27,55	36,61	1505,63
16	01.08.2025 09:48:15	17,48	0,04	27,58	36,64	1505,66
17	01.08.2025 09:48:16	17,45	0,04	27,60	36,64	1505,59
18	01.08.2025 09:48:17	17,45	0,06	27,60	36,64	1505,59
19	01.08.2025 09:48:18	17,42	0,06	27,64	36,66	1505,55
20	01.08.2025 09:48:19	17,42	0,06	27,62	36,64	1505,53
21	01.08.2025 09:48:20	17,42	0,06	27,62	36,64	1505,53
22	01.08.2025 09:48:21	17,42	0,04	27,62	36,64	1505,52
23	01.08.2025 09:48:22	17,39	0,06	27,63	36,63	1505,46
24	01.08.2025 09:48:23	17,39	0,04	27,64	36,63	1505,45
25	01.08.2025 09:48:24	17,39	0,06	27,66	36,66	1505,48
26	01.08.2025 09:48:25	17,39	0,04	27,61	36,61	1505,43
27	01.08.2025 09:48:26	17,36	0,04	27,65	36,63	1505,39
28	01.08.2025 09:48:27	17,36	0,08	27,65	36,63	1505,39
29	01.08.2025 09:48:28	17,33	0,06	27,67	36,63	1505,32
30	01.08.2025 09:48:29	17,33	0,09	27,67	36,63	1505,33
31	01.08.2025 09:48:30	17,33	0,09	27,65	36,61	1505,30
32	01.08.2025 09:48:31	17,30	0,09	27,67	36,61	1505,23
33	01.08.2025 09:48:32	17,30	0,13	27,65	36,58	1505,21
34	01.08.2025 09:48:33	17,30	0,15	27,67	36,61	1505,24
35	01.08.2025 09:48:34	17,30	0,15	27,67	36,61	1505,24
36	01.08.2025 09:48:35	17,27	0,13	27,67	36,58	1505,14
37	01.08.2025 09:48:36	17,27	0,16	27,67	36,58	1505,15
38	01.08.2025 09:48:37	17,27	0,18	27,67	36,58	1505,15
39	01.08.2025 09:48:38	17,24	0,18	27,71	36,60	1505,11
40	01.08.2025 09:48:39	17,24	0,20	27,71	36,60	1505,11
41	01.08.2025 09:48:40	17,24	0,22	27,71	36,60	1505,12
42	01.08.2025 09:48:41	17,24	0,22	27,69	36,58	1505,09
43	01.08.2025 09:48:42	17,24	0,23	27,69	36,58	1505,09
44	01.08.2025 09:48:43	17,21	0,25	27,73	36,60	1505,05
45	01.08.2025 09:48:44	17,21	0,27	27,71	36,58	1505,03
46	01.08.2025 09:48:45	17,21	0,27	27,75	36,63	1505,08
47	01.08.2025 09:48:46	17,21	0,27	27,73	36,60	1505,06
48	01.08.2025 09:48:47	17,21	0,29	27,75	36,63	1505,09
49	01.08.2025 09:48:48	17,18	0,29	27,75	36,60	1504,99
50	01.08.2025 09:48:49	17,18	0,29	27,73	36,58	1504,97
51	01.08.2025 09:48:50	17,18	0,30	27,75	36,60	1504,99
52	01.08.2025 09:48:51	17,18	0,32	27,75	36,60	1505,00
53	01.08.2025 09:48:52	17,15	0,32	27,75	36,58	1504,90
54	01.08.2025 09:48:53	17,15	0,36	27,75	36,58	1504,91
55	01.08.2025 09:48:54	17,15	0,34	27,73	36,55	1504,88
56	01.08.2025 09:48:55	17,12	0,34	27,75	36,55	1504,81
57	01.08.2025 09:48:56	17,12	0,34	27,75	36,55	1504,81
58	01.08.2025 09:48:57	17,12	0,34	27,75	36,55	1504,81
59	01.08.2025 09:48:58	17,12	0,36	27,75	36,55	1504,81
60	01.08.2025 09:48:59	17,12	0,34	27,72	36,52	1504,78
61	01.08.2025 09:49:00	17,09	0,34	27,74	36,52	1504,72
62	01.08.2025 09:49:01	17,09	0,37	27,72	36,49	1504,69
63	01.08.2025 09:49:02	17,09	0,36	27,74	36,52	1504,72
64	01.08.2025 09:49:03	17,09	0,36	27,74	36,52	1504,72
65	01.08.2025 09:49:04	17,09	0,37	27,72	36,49	1504,69
66	01.08.2025 09:49:05	17,06	0,39	27,74	36,49	1504,63
67	01.08.2025 09:49:06	17,06	0,39	27,74	36,49	1504,63
68	01.08.2025 09:49:07	17,06	0,41	27,76	36,52	1504,66
69	01.08.2025 09:49:08	17,06	0,43	27,65	36,39	1504,53
70	01.08.2025 09:49:09	17,06	0,44	26,84	35,42	1503,59
71	01.08.2025 09:49:10	17,06	0,44	27,00	35,61	1503,77
72	01.08.2025 09:49:11	17,03	0,48	26,95	35,53	1503,63
73	01.08.2025 09:49:12	17,03	0,48	26,84	35,39	1503,50
74	01.08.2025 09:49:13	17,03	0,49	26,90	35,47	1503,58
75	01.08.2025 09:49:14	17,03	0,51	26,88	35,45	1503,55
76	01.08.2025 09:49:15	17,03	0,49	26,79	35,34	1503,45
77	01.08.2025 09:49:16	17,00	0,49	26,81	35,34	1503,38
78	01.08.2025 09:49:17	17,00	0,51	26,76	35,29	1503,33
79	01.08.2025 09:49:18	17,00	0,51	26,72	35,23	1503,27
80	01.08.2025 09:49:19	17,00	0,53	26,70	35,21	1503,25
81	01.08.2025 09:49:20	17,00	0,53	26,67	35,18	1503,22
82	01.08.2025 09:49:21	16,97	0,56	26,69	35,18	1503,16
83	01.08.2025 09:49:22	16,97	0,56	26,67	35,15	1503,13
84	01.08.2025 09:49:23	16,97	0,56	26,67	35,15	1503,13
85	01.08.2025 09:49:24	16,97	0,56	26,76	35,26	1503,24
86	01.08.2025 09:49:25	16,97	0,58	26,78	35,29	1503,27
87	01.08.2025 09:49:26	16,97	0,58	26,81	35,31	1503,29
88	01.08.2025 09:49:27	16,97	0,60	26,81	35,31	1503,30
89	01.08.2025 09:49:28	16,97	0,60	26,69	35,18	1503,17
90	01.08.2025 09:49:29	16,97	0,61	26,65	35,13	1503,12
91	01.08.2025 09:49:30	16,94	0,63	26,67	35,12	1503,05
92	01.08.2025 09:49:31	16,94	0,66	26,64	35,10	1503,03
93	01.08.2025 09:49:32	16,94	0,68	26,64	35,10	1503,03
94	01.08.2025 09:49:33	16,94	0,70	26,64	35,10	1503,03
95	01.08.2025 09:49:34	16,94	0,74	26,64	35,10	1503,04
96	01.08.2025 09:49:35	16,91	0,75	26,66	35,10	1502,97
97	01.08.2025 09:49:36	16,91	0,75	26,64	35,07	1502,94
98	01.08.2025 09:49:37	16,91	0,77	26,64	35,07	1502,95
99	01.08.2025 09:49:38	16,91	0,77	26,64	35,07	1502,95
100	01.08.2025 09:49:39	16,91	0,77	26,64	35,07	1502,95
101	01.08.2025 09:49:40	16,88	0,78	26,66	35,07	1502,88
102	01.08.2025 09:49:41	16,88	0,78	26,68	35,10	1502,91
103	01.08.2025 09:49:42	16,88	0,80	26,66	35,07	1502,88
104	01.08.2025 09:49:43	16,88	0,82	26,64	35,04	1502,86
105	01.08.2025 09:49:44	16,88	0,82	26,64	35,04	1502,86
106	01.08.2025 09:49:45	16,88	0,82	26,64	35,04	1502,86
107	01.08.2025 09:49:46	16,85	0,84	26,66	35,04	1502,79
108	01.08.2025 09:49:47	16,85	0,85	26,66	35,04	1502,79
109	01.08.2025 09:49:48	16,85	0,85	26,66	35,04	1502,79
110	01.08.2025 09:49:49	16,85	0,87	26,63	35,02	1502,77
111	01.08.2025 09:49:50	16,85	0,89	26,61	34,99	1502,75
112	01.08.2025 09:49:51	16,82	0,89	26,63	34,99	1502,68
113	01.08.2025 09:49:52	16,82	0,92	26,63	34,99	1502,68
114	01.08.2025 09:49:53	16,82	0,92	26,63	34,99	1502,68
115	01.08.2025 09:49:54	16,82	0,92	26,63	34,99	1502,68
116	01.08.2025 09:49:55	16,82	0,94	26,63	34,99	1502,68
117	01.08.2025 09:49:56	16,82	0,96	26,63	34,99	1502,69
118	01.08.2025 09:49:57	16,79	0,96	26,65	34,99	1502,62
119	01.08.2025 09:49:58	16,79	0,97	26,63	34,96	1502,59
120	01.08.2025 09:49:59	16,79	0,99	26,60	34,93	1502,57
121	01.08.2025 09:50:00	16,79	0,99	26,58	34,91	1502,54
122	01.08.2025 09:50:01	16,79	0,99	26,58	34,91	1502,54
123	01.08.2025 09:50:02	16,79	1,01	26,56	34,88	1502,52
124	01.08.2025 09:50:03	16,79	1,01	26,54	34,85	1502,49
125	01.08.2025 09:50:04	16,76	1,02	26,56	34,85	1502,42
126	01.08.2025 09:50:05	16,76	1,04	26,51	34,80	1502,37
127	01.08.2025 09:50:06	16,73	1,04	26,51	34,77	1502,28
128	01.08.2025 09:50:07	16,70	1,06	26,50	34,74	1502,18
129	01.08.2025 09:50:08	16,67	1,07	26,52	34,74	1502,11
130	01.08.2025 09:50:09	16,67	1,07	26,50	34,72	1502,09
131	01.08.2025 09:50:10	16,64	1,09	26,47	34,66	1501,97
132	01.08.2025 09:50:11	16,61	1,11	26,52	34,69	1501,92
133	01.08.2025 09:50:12	16,58	1,10	26,49	34,63	1501,80
134	01.08.2025 09:50:13	16,55	1,12	26,44	34,55	1501,65
135	01.08.2025 09:50:14	16,52	1,15	26,37	34,44	1501,48
136	01.08.2025 09:50:15	16,46	1,13	26,34	34,36	1501,25
137	01.08.2025 09:50:16	16,40	1,15	26,36	34,34	1501,08
138	01.08.2025 09:50:17	16,34	1,16	26,39	34,33	1500,94
139	01.08.2025 09:50:18	16,34	1,18	26,39	34,33	1500,95
140	01.08.2025 09:50:19	16,31	1,18	26,39	34,31	1500,85
141	01.08.2025 09:50:20	16,28	1,21	26,39	34,28	1500,75
142	01.08.2025 09:50:21	16,25	1,21	26,34	34,20	1500,60
143	01.08.2025 09:50:22	16,19	1,21	26,31	34,12	1500,37
144	01.08.2025 09:50:23	16,13	1,24	26,30	34,06	1500,18
145	01.08.2025 09:50:24	16,04	1,25	26,27	33,95	1499,86
146	01.08.2025 09:50:25	15,94	1,25	26,19	33,79	1499,47
147	01.08.2025 09:50:26	15,85	1,28	26,20	33,73	1499,20
148	01.08.2025 09:50:27	15,73	1,29	26,19	33,62	1498,80
149	01.08.2025 09:50:28	15,61	1,32	26,15	33,49	1498,38
150	01.08.2025 09:50:29	15,49	1,32	26,18	33,43	1498,02
151	01.08.2025 09:50:30	15,37	1,34	26,21	33,37	1497,67
152	01.08.2025 09:50:31	15,28	1,36	26,15	33,24	1497,31
153	01.08.2025 09:50:32	15,12	1,39	26,20	33,18	1496,89
154	01.08.2025 09:50:33	15,00	1,41	26,26	33,15	1496,56
155	01.08.2025 09:50:34	14,91	1,43	26,30	33,12	1496,31
156	01.08.2025 09:50:35	14,82	1,46	26,31	33,07	1496,03
157	01.08.2025 09:50:36	14,73	1,47	26,32	33,01	1495,74
158	01.08.2025 09:50:37	14,63	1,49	26,36	32,98	1495,49
159	01.08.2025 09:50:38	14,57	1,52	26,35	32,93	1495,28
160	01.08.2025 09:50:39	14,48	1,53	26,36	32,87	1495,00
161	01.08.2025 09:50:40	14,39	1,54	26,35	32,79	1494,68
162	01.08.2025 09:50:41	14,33	1,58	26,37	32,76	1494,51
163	01.08.2025 09:50:42	14,20	1,59	26,38	32,68	1494,11
164	01.08.2025 09:50:43	14,11	1,60	26,42	32,65	1493,85
165	01.08.2025 09:50:44	14,02	1,63	26,41	32,56	1493,53
166	01.08.2025 09:50:45	13,90	1,63	26,42	32,48	1493,13
167	01.08.2025 09:50:46	13,80	1,62	26,38	32,37	1492,78
168	01.08.2025 09:50:47	13,65	1,65	26,39	32,26	1492,27
169	01.08.2025 09:50:48	13,49	1,69	26,44	32,20	1491,82
170	01.08.2025 09:50:49	13,37	1,71	26,40	32,07	1491,36
171	01.08.2025 09:50:50	13,24	1,72	26,34	31,90	1490,86
172	01.08.2025 09:50:51	13,06	1,71	26,29	31,71	1490,17
173	01.08.2025 09:50:52	12,87	1,73	26,25	31,52	1489,47
174	01.08.2025 09:50:53	12,68	1,78	26,18	31,30	1488,75
175	01.08.2025 09:50:54	12,49	1,79	26,13	31,11	1488,04
176	01.08.2025 09:50:55	12,34	1,81	26,03	30,89	1487,38
177	01.08.2025 09:50:56	12,11	1,79	26,01	30,70	1486,57
178	01.08.2025 09:50:57	11,86	1,83	26,10	30,61	1485,81
179	01.08.2025 09:50:58	11,67	1,89	26,26	30,63	1485,33
180	01.08.2025 09:50:59	11,51	1,92	26,34	30,60	1484,87
181	01.08.2025 09:51:00	11,35	1,93	26,37	30,52	1484,35
182	01.08.2025 09:51:01	11,22	1,95	26,44	30,49	1483,97
183	01.08.2025 09:51:02	11,10	1,97	26,45	30,40	1483,53
184	01.08.2025 09:51:03	10,97	2,00	26,51	30,37	1483,15
185	01.08.2025 09:51:04	10,84	1,99	26,42	30,18	1482,57
186	01.08.2025 09:51:05	10,68	2,00	26,40	30,05	1481,97
187	01.08.2025 09:51:06	10,52	2,04	26,30	29,83	1481,27
188	01.08.2025 09:51:07	10,32	2,05	26,39	29,77	1480,67
189	01.08.2025 09:51:08	10,19	2,08	26,48	29,76	1480,31
190	01.08.2025 09:51:09	10,06	2,09	26,55	29,74	1479,91
191	01.08.2025 09:51:10	9,93	2,12	26,61	29,70	1479,52
192	01.08.2025 09:51:11	9,80	2,13	26,76	29,76	1479,22
193	01.08.2025 09:51:12	9,70	2,13	26,80	29,73	1478,91
194	01.08.2025 09:51:13	9,57	2,16	26,74	29,56	1478,34
195	01.08.2025 09:51:14	9,47	2,17	26,75	29,51	1478,00
196	01.08.2025 09:51:15	9,38	2,18	26,55	29,24	1477,39
197	01.08.2025 09:51:16	9,21	2,16	26,38	28,93	1476,54
198	01.08.2025 09:51:17	9,01	2,20	26,44	28,85	1475,88
199	01.08.2025 09:51:18	8,81	2,23	26,52	28,79	1475,23
200	01.08.2025 09:51:19	8,68	2,25	26,54	28,71	1474,75
201	01.08.2025 09:51:20	8,51	2,26	26,66	28,70	1474,27
202	01.08.2025 09:51:21	8,38	2,31	26,68	28,62	1473,78
203	01.08.2025 09:51:22	8,25	2,32	26,69	28,54	1473,29
204	01.08.2025 09:51:23	8,15	2,35	26,71	28,48	1472,93
205	01.08.2025 09:51:24	8,04	2,35	26,75	28,45	1472,59
206	01.08.2025 09:51:25	7,91	2,37	26,80	28,39	1472,13
207	01.08.2025 09:51:26	7,81	2,37	26,76	28,28	1471,69
208	01.08.2025 09:51:27	7,71	2,42	26,89	28,34	1471,47
209	01.08.2025 09:51:28	7,60	2,41	26,83	28,20	1470,99
210	01.08.2025 09:51:29	7,47	2,44	26,93	28,20	1470,59
211	01.08.2025 09:51:30	7,37	2,45	26,89	28,08	1470,14
212	01.08.2025 09:51:31	7,26	2,47	26,94	28,06	1469,81
213	01.08.2025 09:51:32	7,16	2,50	26,93	27,97	1469,39
214	01.08.2025 09:51:33	7,06	2,51	26,93	27,89	1468,98
215	01.08.2025 09:51:34	6,92	2,52	26,97	27,83	1468,49
216	01.08.2025 09:51:35	6,82	2,55	27,02	27,80	1468,15
217	01.08.2025 09:51:36	6,68	2,56	27,13	27,80	1467,74
218	01.08.2025 09:51:37	6,58	2,57	27,15	27,74	1467,35
219	01.08.2025 09:51:38	6,51	2,62	27,17	27,71	1467,11
220	01.08.2025 09:51:39	6,40	2,63	27,17	27,63	1466,69
221	01.08.2025 09:51:40	6,30	2,65	27,27	27,66	1466,41
222	01.08.2025 09:51:41	6,23	2,66	27,21	27,55	1466,05
223	01.08.2025 09:51:42	6,12	2,69	27,29	27,54	1465,74
224	01.08.2025 09:51:43	6,05	2,71	27,26	27,46	1465,41
225	01.08.2025 09:51:44	5,95	2,73	27,31	27,43	1465,06
226	01.08.2025 09:51:45	5,88	2,75	27,34	27,40	1464,81
227	01.08.2025 09:51:46	5,77	2,78	27,36	27,35	1464,41
228	01.08.2025 09:51:47	5,70	2,79	27,39	27,32	1464,16
229	01.08.2025 09:51:48	5,60	2,81	27,38	27,24	1463,72
230	01.08.2025 09:51:49	5,53	2,84	27,41	27,21	1463,47
231	01.08.2025 09:51:50	5,46	2,85	27,37	27,12	1463,14
232	01.08.2025 09:51:51	5,35	2,88	27,37	27,04	1462,70
233	01.08.2025 09:51:52	5,24	2,89	27,39	26,99	1462,29
234	01.08.2025 09:51:53	5,14	2,90	27,41	26,93	1461,88
235	01.08.2025 09:51:54	5,03	2,93	27,41	26,85	1461,43
236	01.08.2025 09:51:55	4,96	2,97	27,44	26,82	1461,18
237	01.08.2025 09:51:56	4,89	2,98	27,37	26,71	1460,80
238	01.08.2025 09:51:57	4,78	2,99	27,43	26,68	1460,42
239	01.08.2025 09:51:58	4,67	3,00	27,36	26,54	1459,89
240	01.08.2025 09:51:59	4,56	3,05	27,42	26,51	1459,52
241	01.08.2025 09:52:00	4,45	3,05	27,50	26,51	1459,17
242	01.08.2025 09:52:01	4,38	3,08	27,56	26,51	1458,95
243	01.08.2025 09:52:02	4,31	3,09	27,59	26,48	1458,68
244	01.08.2025 09:52:03	4,24	3,12	27,71	26,53	1458,53
245	01.08.2025 09:52:04	4,20	3,14	27,80	26,58	1458,50
246	01.08.2025 09:52:05	4,16	3,15	27,92	26,66	1458,51
247	01.08.2025 09:52:06	4,13	3,19	28,05	26,74	1458,52
248	01.08.2025 09:52:07	4,09	3,20	28,17	26,82	1458,53
249	01.08.2025 09:52:08	4,09	3,20	28,23	26,88	1458,61
250	01.08.2025 09:52:09	4,09	3,22	28,20	26,85	1458,57
251	01.08.2025 09:52:10	4,06	3,24	28,20	26,82	1458,42
252	01.08.2025 09:52:11	4,06	3,25	28,11	26,74	1458,30
253	01.08.2025 09:52:12	3,98	3,27	28,04	26,63	1457,91
254	01.08.2025 09:52:13	3,91	3,30	27,98	26,52	1457,52
255	01.08.2025 09:52:14	3,84	3,31	27,95	26,44	1457,16
256	01.08.2025 09:52:15	3,76	3,33	28,01	26,44	1456,93
257	01.08.2025 09:52:16	3,69	3,36	27,97	26,36	1456,58
258	01.08.2025 09:52:17	3,62	3,39	28,00	26,33	1456,31
259	01.08.2025 09:52:18	3,54	3,40	28,00	26,27	1455,99
260	01.08.2025 09:52:19	3,47	3,42	28,00	26,22	1455,68
261	01.08.2025 09:52:20	3,39	3,45	28,03	26,19	1455,40
262	01.08.2025 09:52:21	3,32	3,46	28,06	26,16	1455,12
263	01.08.2025 09:52:22	3,25	3,49	28,09	26,13	1454,85
264	01.08.2025 09:52:23	3,17	3,51	28,12	26,10	1454,57
265	01.08.2025 09:52:24	3,13	3,54	28,15	26,10	1454,45
266	01.08.2025 09:52:25	3,10	3,55	28,18	26,10	1454,34
267	01.08.2025 09:52:26	3,02	3,57	28,25	26,10	1454,10
268	01.08.2025 09:52:27	2,98	3,60	28,28	26,10	1453,98
269	01.08.2025 09:52:28	2,95	3,62	28,28	26,07	1453,82
270	01.08.2025 09:52:29	2,91	3,63	28,31	26,07	1453,70
271	01.08.2025 09:52:30	2,87	3,66	28,31	26,04	1453,54
272	01.08.2025 09:52:31	2,80	3,68	28,38	26,04	1453,30
273	01.08.2025 09:52:32	2,76	3,69	28,41	26,04	1453,18
274	01.08.2025 09:52:33	2,72	3,73	28,41	26,01	1453,02
275	01.08.2025 09:52:34	2,68	3,74	28,44	26,01	1452,90
276	01.08.2025 09:52:35	2,65	3,76	28,47	26,01	1452,78
277	01.08.2025 09:52:36	2,57	3,77	28,54	26,01	1452,54
278	01.08.2025 09:52:37	2,57	3,81	28,54	26,01	1452,55
279	01.08.2025 09:52:38	2,53	3,82	28,50	25,96	1452,34
280	01.08.2025 09:52:39	2,50	3,85	28,54	25,96	1452,22
281	01.08.2025 09:52:40	2,46	3,89	28,57	25,95	1452,10
282	01.08.2025 09:52:41	2,42	3,90	28,57	25,93	1451,94
283	01.08.2025 09:52:42	2,38	3,92	28,60	25,93	1451,82
284	01.08.2025 09:52:43	2,34	3,95	28,67	25,95	1451,74
285	01.08.2025 09:52:44	2,31	3,95	28,73	25,98	1451,66
286	01.08.2025 09:52:45	2,31	3,98	28,73	25,98	1451,67
287	01.08.2025 09:52:46	2,27	4,02	28,77	25,98	1451,55
288	01.08.2025 09:52:47	2,23	4,03	28,77	25,95	1451,39
289	01.08.2025 09:52:48	2,19	4,07	28,80	25,95	1451,27
290	01.08.2025 09:52:49	2,19	4,08	28,77	25,92	1451,23
291	01.08.2025 09:52:50	2,15	4,10	28,80	25,92	1451,10
292	01.08.2025 09:52:51	2,12	4,13	28,83	25,92	1450,98
293	01.08.2025 09:52:52	2,08	4,15	28,87	25,92	1450,86
294	01.08.2025 09:52:53	2,04	4,18	28,90	25,92	1450,74
295	01.08.2025 09:52:54	2,04	4,22	28,90	25,92	1450,75
296	01.08.2025 09:52:55	2,00	4,23	28,94	25,92	1450,63
297	01.08.2025 09:52:56	1,96	4,25	28,97	25,92	1450,50
298	01.08.2025 09:52:57	1,96	4,25	29,00	25,94	1450,55
299	01.08.2025 09:52:58	1,96	4,26	29,00	25,94	1450,55
300	01.08.2025 09:52:59	1,93	4,30	29,04	25,94	1450,43
301	01.08.2025 09:53:00	1,93	4,31	29,00	25,92	1450,39
302	01.08.2025 09:53:01	1,89	4,31	29,07	25,94	1450,31
303	01.08.2025 09:53:02	1,89	4,33	29,07	25,94	1450,31
304	01.08.2025 09:53:03	1,85	4,36	29,10	25,94	1450,19
305	01.08.2025 09:53:04	1,85	4,36	29,10	25,94	1450,19
306	01.08.2025 09:53:05	1,81	4,40	29,14	25,94	1450,07
307	01.08.2025 09:53:06	1,81	4,40	29,14	25,94	1450,07
308	01.08.2025 09:53:07	1,77	4,43	29,17	25,94	1449,95
309	01.08.2025 09:53:08	1,77	4,45	29,14	25,91	1449,90
310	01.08.2025 09:53:09	1,77	4,48	29,14	25,91	1449,91
311	01.08.2025 09:53:10	1,73	4,50	29,14	25,88	1449,74
312	01.08.2025 09:53:11	1,73	4,53	29,14	25,88	1449,75
313	01.08.2025 09:53:12	1,70	4,55	29,17	25,88	1449,62
314	01.08.2025 09:53:13	1,66	4,58	29,21	25,88	1449,50
315	01.08.2025 09:53:14	1,66	4,60	29,21	25,88	1449,51
316	01.08.2025 09:53:15	1,66	4,62	29,21	25,88	1449,51
317	01.08.2025 09:53:16	1,62	4,65	29,24	25,88	1449,39
318	01.08.2025 09:53:17	1,62	4,67	29,21	25,86	1449,34
319	01.08.2025 09:53:18	1,58	4,68	29,21	25,83	1449,18
320	01.08.2025 09:53:19	1,58	4,72	29,18	25,80	1449,14
321	01.08.2025 09:53:20	1,54	4,75	29,25	25,83	1449,06
322	01.08.2025 09:53:21	1,54	4,77	29,25	25,83	1449,06
323	01.08.2025 09:53:22	1,50	4,80	29,25	25,80	1448,90
324	01.08.2025 09:53:23	1,50	4,82	29,25	25,80	1448,90
325	01.08.2025 09:53:24	1,50	4,83	29,28	25,83	1448,95
326	01.08.2025 09:53:25	1,46	4,89	29,28	25,80	1448,78
327	01.08.2025 09:53:26	1,46	4,92	29,28	25,80	1448,79
328	01.08.2025 09:53:27	1,42	4,94	29,28	25,77	1448,62
329	01.08.2025 09:53:28	1,39	4,97	29,32	25,77	1448,49
330	01.08.2025 09:53:29	1,39	4,99	29,32	25,77	1448,50
331	01.08.2025 09:53:30	1,35	5,00	29,35	25,77	1448,37
332	01.08.2025 09:53:31	1,35	5,05	29,35	25,77	1448,38
333	01.08.2025 09:53:32	1,35	5,07	29,35	25,77	1448,38
334	01.08.2025 09:53:33	1,31	5,10	29,39	25,77	1448,26
335	01.08.2025 09:53:34	1,31	5,12	29,39	25,77	1448,26
336	01.08.2025 09:53:35	1,31	5,17	29,39	25,77	1448,27
337	01.08.2025 09:53:36	1,31	5,19	29,42	25,79	1448,32
338	01.08.2025 09:53:37	1,27	5,22	29,42	25,77	1448,15
339	01.08.2025 09:53:38	1,27	5,24	29,42	25,77	1448,15
340	01.08.2025 09:53:39	1,27	5,29	29,42	25,77	1448,16
341	01.08.2025 09:53:40	1,23	5,31	29,49	25,79	1448,08
342	01.08.2025 09:53:41	1,23	5,35	29,49	25,79	1448,08
343	01.08.2025 09:53:42	1,23	5,38	29,46	25,77	1448,05
344	01.08.2025 09:53:43	1,23	5,40	29,49	25,79	1448,09
345	01.08.2025 09:53:44	1,19	5,43	29,49	25,77	1447,92
346	01.08.2025 09:53:45	1,19	5,47	29,53	25,79	1447,97
347	01.08.2025 09:53:46	1,19	5,50	29,49	25,77	1447,94
348	01.08.2025 09:53:47	1,15	5,52	29,53	25,77	1447,81
349	01.08.2025 09:53:48	1,15	5,57	29,53	25,76	1447,82
350	01.08.2025 09:53:49	1,15	5,59	29,53	25,76	1447,82
351	01.08.2025 09:53:50	1,11	5,62	29,56	25,76	1447,70
352	01.08.2025 09:53:51	1,11	5,65	29,56	25,76	1447,70
353	01.08.2025 09:53:52	1,11	5,69	29,56	25,76	1447,71
354	01.08.2025 09:53:53	1,11	5,72	29,56	25,76	1447,71
355	01.08.2025 09:53:54	1,11	5,76	29,56	25,76	1447,72
356	01.08.2025 09:53:55	1,07	5,77	29,63	25,79	1447,64
357	01.08.2025 09:53:56	1,07	5,81	29,63	25,79	1447,64
358	01.08.2025 09:53:57	1,07	5,84	29,63	25,79	1447,65
359	01.08.2025 09:53:58	1,07	5,86	29,63	25,79	1447,65
360	01.08.2025 09:53:59	1,07	5,90	29,60	25,76	1447,61
361	01.08.2025 09:54:00	1,04	5,95	29,67	25,79	1447,53
362	01.08.2025 09:54:01	1,04	5,97	29,63	25,76	1447,49
363	01.08.2025 09:54:02	1,04	6,00	29,67	25,79	1447,54
364	01.08.2025 09:54:03	1,04	6,02	29,67	25,79	1447,54
365	01.08.2025 09:54:04	1,04	6,05	29,67	25,79	1447,55
366	01.08.2025 09:54:05	1,04	6,11	29,67	25,79	1447,56
367	01.08.2025 09:54:06	1,00	6,12	29,70	25,79	1447,43
368	01.08.2025 09:54:07	1,00	6,14	29,70	25,79	1447,43
369	01.08.2025 09:54:08	1,00	6,17	29,70	25,79	1447,44
370	01.08.2025 09:54:09	1,00	6,21	29,70	25,79	1447,44
371	01.08.2025 09:54:10	1,00	6,23	29,70	25,79	1447,45
372	01.08.2025 09:54:11	1,00	6,26	29,70	25,79	1447,45
373	01.08.2025 09:54:12	0,96	6,28	29,74	25,79	1447,33
374	01.08.2025 09:54:13	0,96	6,31	29,77	25,81	1447,38
375	01.08.2025 09:54:14	0,96	6,35	29,74	25,79	1447,34
376	01.08.2025 09:54:15	0,96	6,36	29,74	25,79	1447,34
377	01.08.2025 09:54:16	0,96	6,38	29,77	25,81	1447,39
378	01.08.2025 09:54:17	0,96	6,38	29,74	25,79	1447,34
379	01.08.2025 09:54:18	0,96	6,42	29,74	25,79	1447,35
380	01.08.2025 09:54:19	0,96	6,43	29,71	25,76	1447,30
381	01.08.2025 09:54:20	0,92	6,43	29,74	25,76	1447,17
382	01.08.2025 09:54:21	0,92	6,45	29,71	25,73	1447,13
383	01.08.2025 09:54:22	0,92	6,48	29,71	25,73	1447,14
384	01.08.2025 09:54:23	0,92	6,48	29,74	25,76	1447,18
385	01.08.2025 09:54:24	0,92	6,52	29,74	25,76	1447,19
386	01.08.2025 09:54:25	0,92	6,52	29,74	25,76	1447,19
387	01.08.2025 09:54:26	0,92	6,52	29,74	25,76	1447,19
388	01.08.2025 09:54:27	0,92	6,52	29,74	25,76	1447,19
389	01.08.2025 09:54:28	0,92	6,54	29,78	25,79	1447,24
390	01.08.2025 09:54:29	0,92	6,54	29,74	25,76	1447,19
391	01.08.2025 09:54:30	0,92	6,55	29,74	25,76	1447,19
392	01.08.2025 09:54:31	0,92	6,57	29,74	25,76	1447,20
393	01.08.2025 09:54:32	0,92	6,57	29,74	25,76	1447,20
394	01.08.2025 09:54:33	0,88	6,57	29,78	25,76	1447,07
395	01.08.2025 09:54:34	0,88	6,59	29,78	25,76	1447,07
396	01.08.2025 09:54:35	0,88	6,59	29,78	25,76	1447,07
397	01.08.2025 09:54:36	0,88	6,59	29,78	25,76	1447,07
398	01.08.2025 09:54:37	0,88	6,60	29,78	25,76	1447,07
399	01.08.2025 09:54:38	0,88	6,60	29,81	25,79	1447,12
400	01.08.2025 09:54:39	0,88	6,62	29,78	25,76	1447,07
401	01.08.2025 09:54:40	0,88	6,62	29,78	25,76	1447,07
402	01.08.2025 09:54:41	0,88	6,64	29,78	25,76	1447,08
403	01.08.2025 09:54:42	0,88	6,64	29,78	25,76	1447,08
404	01.08.2025 09:54:43	0,88	6,64	29,78	25,76	1447,08
405	01.08.2025 09:54:44	0,88	6,66	29,78	25,76	1447,08
406	01.08.2025 09:54:45	0,88	6,66	29,78	25,76	1447,08
407	01.08.2025 09:54:46	0,88	6,67	29,78	25,76	1447,08
408	01.08.2025 09:54:47	0,88	6,67	29,78	25,76	1447,08
409	01.08.2025 09:54:48	0,88	6,66	29,78	25,76	1447,08
410	01.08.2025 09:54:49	0,88	6,67	29,78	25,76	1447,08
411	01.08.2025 09:54:50	0,88	6,67	29,78	25,76	1447,08
412	01.08.2025 09:54:51	0,88	6,67	29,78	25,76	1447,08
413	01.08.2025 09:54:52	0,84	6,69	29,81	25,76	1446,95
414	01.08.2025 09:54:53	0,84	6,69	29,81	25,76	1446,95
415	01.08.2025 09:54:54	0,84	6,69	29,81	25,76	1446,95
416	01.08.2025 09:54:55	0,84	6,69	29,81	25,76	1446,95
417	01.08.2025 09:54:56	0,84	6,69	29,85	25,79	1447,00
418	01.08.2025 09:54:57	0,84	6,69	29,81	25,76	1446,95
419	01.08.2025 09:54:58	0,84	6,69	29,81	25,76	1446,95
420	01.08.2025 09:54:59	0,84	6,69	29,81	25,76	1446,95
421	01.08.2025 09:55:00	0,84	6,71	29,81	25,76	1446,96
422	01.08.2025 09:55:01	0,84	6,71	29,81	25,76	1446,96
423	01.08.2025 09:55:02	0,84	6,69	29,81	25,76	1446,95
424	01.08.2025 09:55:03	0,84	6,69	29,81	25,76	1446,95
425	01.08.2025 09:55:04	0,84	6,71	29,81	25,76	1446,96
426	01.08.2025 09:55:05	0,84	6,71	29,81	25,76	1446,96
427	01.08.2025 09:55:06	0,84	6,71	29,81	25,76	1446,96
428	01.08.2025 09:55:07	0,84	6,71	29,81	25,76	1446,96
429	01.08.2025 09:55:08	0,84	6,69	29,81	25,76	1446,95
430	01.08.2025 09:55:09	0,84	6,71	29,81	25,76	1446,96
431	01.08.2025 09:55:10	0,84	6,69	29,81	25,76	1446,95
432	01.08.2025 09:55:11	0,84	6,71	29,81	25,76	1446,96
433	01.08.2025 09:55:12	0,84	6,69	29,81	25,76	1446,95
434	01.08.2025 09:55:13	0,84	6,71	29,81	25,76	1446,96
435	01.08.2025 09:55:14	0,84	6,71	29,81	25,76	1446,96
436	01.08.2025 09:55:15	0,84	6,71	29,81	25,76	1446,96
437	01.08.2025 09:55:16	0,84	6,71	29,81	25,76	1446,96
438	01.08.2025 09:55:17	0,84	6,69	29,81	25,76	1446,95
439	01.08.2025 09:55:18	0,84	6,71	29,81	25,76	1446,96
440	01.08.2025 09:55:19	0,84	6,71	29,81	25,76	1446,96
441	01.08.2025 09:55:20	0,84	6,69	29,81	25,76	1446,95
442	01.08.2025 09:55:21	0,84	6,69	29,81	25,76	1446,95
443	01.08.2025 09:55:22	0,84	6,71	29,81	25,76	1446,96
444	01.08.2025 09:55:23	0,84	6,71	29,81	25,76	1446,96
445	01.08.2025 09:55:24	0,84	6,69	29,81	25,76	1446,95
446	01.08.2025 09:55:25	0,84	6,71	29,81	25,76	1446,96
447	01.08.2025 09:55:26	0,84	6,71	29,78	25,73	1446,91
448	01.08.2025 09:55:27	0,84	6,69	29,78	25,73	1446,91
449	01.08.2025 09:55:28	0,84	6,69	29,78	25,73	1446,91
450	01.08.2025 09:55:29	0,84	6,71	29,81	25,76	1446,96
451	01.08.2025 09:55:30	0,84	6,71	29,81	25,76	1446,96
452	01.08.2025 09:55:31	0,84	6,71	29,81	25,76	1446,96
453	01.08.2025 09:55:32	0,80	6,69	29,85	25,76	1446,82
454	01.08.2025 09:55:33	0,80	6,70	29,85	25,76	1446,83
455	01.08.2025 09:55:34	0,80	6,70	29,85	25,76	1446,83
456	01.08.2025 09:55:35	0,80	6,70	29,85	25,76	1446,83
457	01.08.2025 09:55:36	0,80	6,70	29,85	25,76	1446,83
458	01.08.2025 09:55:37	0,80	6,69	29,85	25,76	1446,82
459	01.08.2025 09:55:38	0,80	6,69	29,85	25,76	1446,82
460	01.08.2025 09:55:39	0,80	6,69	29,85	25,76	1446,82
461	01.08.2025 09:55:40	0,80	6,69	29,85	25,76	1446,82
462	01.08.2025 09:55:41	0,80	6,69	29,85	25,76	1446,82
463	01.08.2025 09:55:42	0,80	6,69	29,85	25,76	1446,82
464	01.08.2025 09:55:43	0,80	6,69	29,85	25,76	1446,82
465	01.08.2025 09:55:44	0,80	6,69	29,85	25,76	1446,82
466	01.08.2025 09:55:45	0,80	6,70	29,85	25,76	1446,83
467	01.08.2025 09:55:46	0,80	6,70	29,85	25,76	1446,83
468	01.08.2025 09:55:47	0,80	6,69	29,85	25,76	1446,82
469	01.08.2025 09:55:48	0,80	6,69	29,85	25,76	1446,82
470	01.08.2025 09:55:49	0,80	6,70	29,85	25,76	1446,83
471	01.08.2025 09:55:50	0,80	6,69	29,85	25,76	1446,82
472	01.08.2025 09:55:51	0,80	6,69	29,85	25,76	1446,82
473	01.08.2025 09:55:52	0,80	6,69	29,85	25,76	1446,82
474	01.08.2025 09:55:53	0,80	6,70	29,85	25,76	1446,83
475	01.08.2025 09:55:54	0,80	6,70	29,85	25,76	1446,83
476	01.08.2025 09:55:55	0,80	6,69	29,85	25,76	1446,82
477	01.08.2025 09:55:56	0,80	6,70	29,85	25,76	1446,83
478	01.08.2025 09:55:57	0,80	6,70	29,85	25,76	1446,83
479	01.08.2025 09:55:58	0,80	6,70	29,85	25,76	1446,83
480	01.08.2025 09:55:59	0,80	6,70	29,85	25,76	1446,83
481	01.08.2025 09:56:00	0,80	6,70	29,85	25,76	1446,83
482	01.08.2025 09:56:01	0,80	6,70	29,85	25,76	1446,83
483	01.08.2025 09:56:02	0,80	6,70	29,85	25,76	1446,83
484	01.08.2025 09:56:03	0,80	6,70	29,85	25,76	1446,83
485	01.08.2025 09:56:04	0,80	6,69	29,85	25,76	1446,82
486	01.08.2025 09:56:05	0,80	6,69	29,85	25,76	1446,82
487	01.08.2025 09:56:06	0,80	6,70	29,85	25,76	1446,83
488	01.08.2025 09:56:07	0,80	6,70	29,85	25,76	1446,83
489	01.08.2025 09:56:08	0,80	6,69	29,85	25,76	1446,82
490	01.08.2025 09:56:09	0,80	6,70	29,85	25,76	1446,83
491	01.08.2025 09:56:10	0,80	6,72	29,85	25,76	1446,83
492	01.08.2025 09:56:11	0,80	6,70	29,85	25,76	1446,83
493	01.08.2025 09:56:12	0,80	6,70	29,85	25,76	1446,83
494	01.08.2025 09:56:13	0,80	6,70	29,85	25,76	1446,83
495	01.08.2025 09:56:14	0,80	6,70	29,85	25,76	1446,83
496	01.08.2025 09:56:15	0,80	6,70	29,85	25,76	1446,83
497	01.08.2025 09:56:16	0,80	6,70	29,85	25,76	1446,83
498	01.08.2025 09:56:17	0,80	6,70	29,85	25,76	1446,83
499	01.08.2025 09:56:18	0,80	6,72	29,85	25,76	1446,83
500	01.08.2025 09:56:19	0,80	6,72	29,85	25,76	1446,83
501	01.08.2025 09:56:20	0,80	6,70	29,85	25,76	1446,83
502	01.08.2025 09:56:21	0,80	6,72	29,85	25,76	1446,83
503	01.08.2025 09:56:22	0,80	6,70	29,85	25,76	1446,83
504	01.08.2025 09:56:23	0,80	6,70	29,85	25,76	1446,83
505	01.08.2025 09:56:24	0,80	6,72	29,85	25,76	1446,83
506	01.08.2025 09:56:25	0,80	6,70	29,85	25,76	1446,83
507	01.08.2025 09:56:26	0,80	6,72	29,82	25,73	1446,78
508	01.08.2025 09:56:27	0,80	6,70	29,85	25,76	1446,83
509	01.08.2025 09:56:28	0,80	6,70	29,85	25,76	1446,83
510	01.08.2025 09:56:29	0,80	6,70	29,85	25,76	1446,83
511	01.08.2025 09:56:30	0,80	6,70	29,85	25,76	1446,83
512	01.08.2025 09:56:31	0,80	6,70	29,85	25,76	1446,83
513	01.08.2025 09:56:32	0,80	6,70	29,85	25,76	1446,83
514	01.08.2025 09:56:33	0,80	6,70	29,85	25,76	1446,83
515	01.08.2025 09:56:34	0,80	6,70	29,85	25,76	1446,83
516	01.08.2025 09:56:35	0,80	6,70	29,85	25,76	1446,83
517	01.08.2025 09:56:36	0,80	6,70	29,85	25,76	1446,83
518	01.08.2025 09:56:37	0,80	6,70	29,85	25,76	1446,83
519	01.08.2025 09:56:38	0,80	6,69	29,85	25,76	1446,82
520	01.08.2025 09:56:39	0,80	6,69	29,85	25,76	1446,82
521	01.08.2025 09:56:40	0,80	6,70	29,85	25,76	1446,83
522	01.08.2025 09:56:41	0,80	6,70	29,85	25,76	1446,83
523	01.08.2025 09:56:42	0,80	6,69	29,85	25,76	1446,82
524	01.08.2025 09:56:43	0,80	6,69	29,85	25,76	1446,82
525	01.08.2025 09:56:44	0,80	6,70	29,85	25,76	1446,83
526	01.08.2025 09:56:45	0,80	6,69	29,85	25,76	1446,82
527	01.08.2025 09:56:46	0,80	6,70	29,85	25,76	1446,83
528	01.08.2025 09:56:47	0,80	6,70	29,85	25,76	1446,83
529	01.08.2025 09:56:48	0,80	6,70	29,85	25,76	1446,83
530	01.08.2025 09:56:49	0,80	6,70	29,85	25,76	1446,83
531	01.08.2025 09:56:50	0,80	6,70	29,85	25,76	1446,83
532	01.08.2025 09:56:51	0,80	6,70	29,85	25,76	1446,83
533	01.08.2025 09:56:52	0,80	6,70	29,85	25,76	1446,83
534	01.08.2025 09:56:53	0,80	6,70	29,85	25,76	1446,83
535	01.08.2025 09:56:54	0,80	6,70	29,85	25,76	1446,83
536	01.08.2025 09:56:55	0,80	6,69	29,85	25,76	1446,82
537	01.08.2025 09:56:56	0,80	6,72	29,85	25,76	1446,83
538	01.08.2025 09:56:57	0,80	6,70	29,85	25,76	1446,83
539	01.08.2025 09:56:58	0,80	6,70	29,85	25,76	1446,83
540	01.08.2025 09:56:59	0,80	6,70	29,85	25,76	1446,83
541	01.08.2025 09:57:00	0,80	6,70	29,85	25,76	1446,83
542	01.08.2025 09:57:01	0,80	6,70	29,85	25,76	1446,83
543	01.08.2025 09:57:02	0,80	6,70	29,85	25,76	1446,83
544	01.08.2025 09:57:03	0,80	6,70	29,85	25,76	1446,83
545	01.08.2025 09:57:04	0,80	6,70	29,85	25,76	1446,83
546	01.08.2025 09:57:05	0,80	6,70	29,85	25,76	1446,83
547	01.08.2025 09:57:06	0,80	6,70	29,85	25,76	1446,83
548	01.08.2025 09:57:07	0,80	6,70	29,85	25,76	1446,83
549	01.08.2025 09:57:08	0,80	6,72	29,85	25,76	1446,83
550	01.08.2025 09:57:09	0,80	6,70	29,85	25,76	1446,83
551	01.08.2025 09:57:10	0,80	6,72	29,85	25,76	1446,83
552	01.08.2025 09:57:11	0,80	6,70	29,85	25,76	1446,83
553	01.08.2025 09:57:12	0,80	6,70	29,85	25,76	1446,83
554	01.08.2025 09:57:13	0,80	6,70	29,85	25,76	1446,83
555	01.08.2025 09:57:14	0,80	6,70	29,85	25,76	1446,83
556	01.08.2025 09:57:15	0,80	6,72	29,88	25,78	1446,88
557	01.08.2025 09:57:16	0,80	6,70	29,85	25,76	1446,83
558	01.08.2025 09:57:17	0,80	6,70	29,85	25,76	1446,83
559	01.08.2025 09:57:18	0,80	6,70	29,85	25,76	1446,83
560	01.08.2025 09:57:19	0,80	6,70	29,85	25,76	1446,83
561	01.08.2025 09:57:20	0,80	6,72	29,85	25,76	1446,83
562	01.08.2025 09:57:21	0,80	6,70	29,85	25,76	1446,83
563	01.08.2025 09:57:22	0,80	6,70	29,85	25,76	1446,83
564	01.08.2025 09:57:23	0,80	6,70	29,88	25,78	1446,87
565	01.08.2025 09:57:24	0,80	6,70	29,85	25,76	1446,83
566	01.08.2025 09:57:25	0,80	6,70	29,85	25,76	1446,83
567	01.08.2025 09:57:26	0,80	6,70	29,85	25,76	1446,83
568	01.08.2025 09:57:27	0,80	6,70	29,85	25,76	1446,83
569	01.08.2025 09:57:28	0,80	6,70	29,85	25,76	1446,83
570	01.08.2025 09:57:29	0,80	6,72	29,85	25,76	1446,83
571	01.08.2025 09:57:30	0,80	6,70	29,85	25,76	1446,83
572	01.08.2025 09:57:31	0,80	6,70	29,85	25,76	1446,83
573	01.08.2025 09:57:32	0,80	6,70	29,85	25,76	1446,83
574	01.08.2025 09:57:33	0,80	6,70	29,85	25,76	1446,83
575	01.08.2025 09:57:34	0,80	6,70	29,85	25,76	1446,83
576	01.08.2025 09:57:35	0,80	6,70	29,85	25,76	1446,83
577	01.08.2025 09:57:36	0,80	6,70	29,85	25,76	1446,83
578	01.08.2025 09:57:37	0,80	6,70	29,85	25,76	1446,83
579	01.08.2025 09:57:38	0,80	6,70	29,85	25,76	1446,83
580	01.08.2025 09:57:39	0,80	6,70	29,85	25,76	1446,83
581	01.08.2025 09:57:40	0,80	6,70	29,85	25,76	1446,83
582	01.08.2025 09:57:41	0,80	6,72	29,85	25,76	1446,83
583	01.08.2025 09:57:42	0,80	6,70	29,85	25,76	1446,83
584	01.08.2025 09:57:43	0,80	6,72	29,85	25,76	1446,83
585	01.08.2025 09:57:44	0,80	6,70	29,85	25,76	1446,83
586	01.08.2025 09:57:45	0,80	6,70	29,85	25,76	1446,83
587	01.08.2025 09:57:46	0,80	6,70	29,85	25,76	1446,83
588	01.08.2025 09:57:47	0,80	6,72	29,85	25,76	1446,83
589	01.08.2025 09:57:48	0,80	6,70	29,85	25,76	1446,83
590	01.08.2025 09:57:49	0,80	6,70	29,85	25,76	1446,83
591	01.08.2025 09:57:50	0,80	6,70	29,85	25,76	1446,83
592	01.08.2025 09:57:51	0,80	6,69	29,85	25,76	1446,82
593	01.08.2025 09:57:52	0,80	6,70	29,85	25,76	1446,83
594	01.08.2025 09:57:53	0,80	6,70	29,85	25,76	1446,83
595	01.08.2025 09:57:54	0,80	6,70	29,85	25,76	1446,83
596	01.08.2025 09:57:55	0,80	6,70	29,85	25,76	1446,83
597	01.08.2025 09:57:56	0,80	6,69	29,85	25,76	1446,82
598	01.08.2025 09:57:57	0,80	6,70	29,85	25,76	1446,83
599	01.08.2025 09:57:58	0,80	6,70	29,85	25,76	1446,83
600	01.08.2025 09:57:59	0,80	6,72	29,88	25,78	1446,88
601	01.08.2025 09:58:00	0,80	6,70	29,85	25,76	1446,83
602	01.08.2025 09:58:01	0,80	6,70	29,85	25,76	1446,83
603	01.08.2025 09:58:02	0,80	6,70	29,85	25,76	1446,83
604	01.08.2025 09:58:03	0,80	6,70	29,85	25,76	1446,83
605	01.08.2025 09:58:04	0,80	6,70	29,85	25,76	1446,83
606	01.08.2025 09:58:05	0,80	6,70	29,85	25,76	1446,83
607	01.08.2025 09:58:06	0,80	6,69	29,85	25,76	1446,82
608	01.08.2025 09:58:07	0,80	6,70	29,85	25,76	1446,83
609	01.08.2025 09:58:08	0,80	6,72	29,85	25,76	1446,83
610	01.08.2025 09:58:09	0,80	6,70	29,85	25,76	1446,83
611	01.08.2025 09:58:10	0,80	6,70	29,85	25,76	1446,83
612	01.08.2025 09:58:11	0,80	6,70	29,85	25,76	1446,83
613	01.08.2025 09:58:12	0,80	6,70	29,85	25,76	1446,83
614	01.08.2025 09:58:13	0,80	6,70	29,85	25,76	1446,83
615	01.08.2025 09:58:14	0,80	6,69	29,85	25,76	1446,82
616	01.08.2025 09:58:15	0,80	6,70	29,85	25,76	1446,83
617	01.08.2025 09:58:16	0,80	6,70	29,85	25,76	1446,83
618	01.08.2025 09:58:17	0,80	6,70	29,85	25,76	1446,83
619	01.08.2025 09:58:18	0,80	6,70	29,88	25,78	1446,87
620	01.08.2025 09:58:19	0,80	6,70	29,85	25,76	1446,83
621	01.08.2025 09:58:20	0,80	6,70	29,85	25,76	1446,83
622	01.08.2025 09:58:21	0,80	6,69	29,85	25,76	1446,82
623	01.08.2025 09:58:22	0,80	6,70	29,85	25,76	1446,83
624	01.08.2025 09:58:23	0,80	6,70	29,85	25,76	1446,83
625	01.08.2025 09:58:24	0,80	6,70	29,85	25,76	1446,83
626	01.08.2025 09:58:25	0,80	6,70	29,85	25,76	1446,83
627	01.08.2025 09:58:26	0,80	6,70	29,85	25,76	1446,83
628	01.08.2025 09:58:27	0,80	6,70	29,85	25,76	1446,83
629	01.08.2025 09:58:28	0,80	6,70	29,85	25,76	1446,83
630	01.08.2025 09:58:29	0,80	6,70	29,85	25,76	1446,83
631	01.08.2025 09:58:30	0,80	6,70	29,85	25,76	1446,83
632	01.08.2025 09:58:31	0,80	6,70	29,85	25,76	1446,83
633	01.08.2025 09:58:32	0,80	6,70	29,85	25,76	1446,83
634	01.08.2025 09:58:33	0,80	6,70	29,85	25,76	1446,83
635	01.08.2025 09:58:34	0,80	6,70	29,85	25,76	1446,83
636	01.08.2025 09:58:35	0,80	6,70	29,85	25,76	1446,83
637	01.08.2025 09:58:36	0,80	6,70	29,85	25,76	1446,83
638	01.08.2025 09:58:37	0,80	6,70	29,85	25,76	1446,83
639	01.08.2025 09:58:38	0,80	6,70	29,85	25,76	1446,83
640	01.08.2025 09:58:39	0,80	6,70	29,85	25,76	1446,83
641	01.08.2025 09:58:40	0,80	6,70	29,85	25,76	1446,83
642	01.08.2025 09:58:41	0,80	6,70	29,85	25,76	1446,83
643	01.08.2025 09:58:42	0,80	6,69	29,85	25,76	1446,82
644	01.08.2025 09:58:43	0,80	6,69	29,85	25,76	1446,82
645	01.08.2025 09:58:44	0,80	6,69	29,85	25,76	1446,82
646	01.08.2025 09:58:45	0,80	6,69	29,85	25,76	1446,82
647	01.08.2025 09:58:46	0,80	6,69	29,85	25,76	1446,82
648	01.08.2025 09:58:47	0,80	6,69	29,85	25,76	1446,82
649	01.08.2025 09:58:48	0,80	6,70	29,85	25,76	1446,83
650	01.08.2025 09:58:49	0,80	6,70	29,85	25,76	1446,83
651	01.08.2025 09:58:50	0,80	6,69	29,85	25,76	1446,82
652	01.08.2025 09:58:51	0,80	6,70	29,85	25,76	1446,83
653	01.08.2025 09:58:52	0,80	6,70	29,85	25,76	1446,83
654	01.08.2025 09:58:53	0,80	6,69	29,85	25,76	1446,82
655	01.08.2025 09:58:54	0,80	6,70	29,85	25,76	1446,83
656	01.08.2025 09:58:55	0,80	6,70	29,85	25,76	1446,83
657	01.08.2025 09:58:56	0,80	6,69	29,85	25,76	1446,82
658	01.08.2025 09:58:57	0,80	6,69	29,85	25,76	1446,82
659	01.08.2025 09:58:58	0,80	6,69	29,85	25,76	1446,82
660	01.08.2025 09:58:59	0,80	6,70	29,85	25,76	1446,83
661	01.08.2025 09:59:00	0,80	6,69	29,85	25,76	1446,82
662	01.08.2025 09:59:01	0,80	6,70	29,85	25,76	1446,83
663	01.08.2025 09:59:02	0,80	6,72	29,88	25,78	1446,88
664	01.08.2025 09:59:03	0,80	6,72	29,92	25,81	1446,92
665	01.08.2025 09:59:04	0,80	6,72	29,88	25,78	1446,88
666	01.08.2025 09:59:05	0,80	6,72	29,92	25,81	1446,92
667	01.08.2025 09:59:06	0,80	6,72	29,92	25,81	1446,92
668	01.08.2025 09:59:07	0,80	6,72	29,92	25,81	1446,92
669	01.08.2025 09:59:08	0,80	6,72	29,88	25,78	1446,88
670	01.08.2025 09:59:09	0,80	6,70	29,88	25,78	1446,87
671	01.08.2025 09:59:10	0,80	6,72	29,95	25,84	1446,97
672	01.08.2025 09:59:11	0,80	6,70	29,88	25,78	1446,87
673	01.08.2025 09:59:12	0,80	6,69	29,88	25,78	1446,87
674	01.08.2025 09:59:13	0,80	6,67	29,88	25,78	1446,87
675	01.08.2025 09:59:14	0,80	6,63	29,99	25,87	1447,00
676	01.08.2025 09:59:15	0,80	6,62	29,88	25,78	1446,86
677	01.08.2025 09:59:16	0,80	6,58	29,85	25,76	1446,81
678	01.08.2025 09:59:17	0,80	6,53	29,75	25,68	1446,66
679	01.08.2025 09:59:18	0,80	6,49	29,78	25,70	1446,70
680	01.08.2025 09:59:19	0,80	6,46	29,78	25,70	1446,70
681	01.08.2025 09:59:20	0,80	6,42	29,75	25,68	1446,65
682	01.08.2025 09:59:21	0,80	6,35	29,72	25,65	1446,59
683	01.08.2025 09:59:22	0,80	6,30	29,72	25,65	1446,58
684	01.08.2025 09:59:23	0,80	6,27	29,72	25,65	1446,58
685	01.08.2025 09:59:24	0,80	6,21	29,89	25,78	1446,80
686	01.08.2025 09:59:25	0,80	6,18	29,82	25,73	1446,70
687	01.08.2025 09:59:26	0,80	6,13	29,82	25,73	1446,69
688	01.08.2025 09:59:27	0,80	6,09	29,78	25,70	1446,64
689	01.08.2025 09:59:28	0,80	6,04	29,85	25,76	1446,72
690	01.08.2025 09:59:29	0,80	6,00	29,79	25,70	1446,63
691	01.08.2025 09:59:30	0,80	5,97	29,82	25,73	1446,67
692	01.08.2025 09:59:31	0,80	5,92	29,75	25,68	1446,57
693	01.08.2025 09:59:32	0,80	5,88	29,79	25,70	1446,61
694	01.08.2025 09:59:33	0,80	5,85	29,82	25,73	1446,65
695	01.08.2025 09:59:34	0,80	5,81	29,79	25,70	1446,60
696	01.08.2025 09:59:35	0,80	5,78	29,82	25,73	1446,64
697	01.08.2025 09:59:36	0,80	5,74	29,86	25,76	1446,68
698	01.08.2025 09:59:37	0,80	5,71	29,96	25,84	1446,81
699	01.08.2025 09:59:38	0,80	5,67	29,96	25,84	1446,80
700	01.08.2025 09:59:39	0,80	5,65	29,96	25,84	1446,80
701	01.08.2025 09:59:40	0,80	5,62	29,99	25,87	1446,84
702	01.08.2025 09:59:41	0,80	5,58	30,16	26,00	1447,06
703	01.08.2025 09:59:42	0,80	5,55	30,27	26,08	1447,20
704	01.08.2025 09:59:43	0,80	5,53	30,85	26,54	1447,97
705	01.08.2025 09:59:44	0,80	5,50	30,92	26,59	1448,06
706	01.08.2025 09:59:45	0,80	5,48	30,99	26,64	1448,14
707	01.08.2025 09:59:46	0,80	5,44	30,95	26,62	1448,09
708	01.08.2025 09:59:47	0,80	5,43	31,09	26,72	1448,27
709	01.08.2025 09:59:48	0,80	5,39	31,09	26,72	1448,27
710	01.08.2025 09:59:49	0,80	5,37	31,09	26,72	1448,26
711	01.08.2025 09:59:50	0,80	5,34	30,82	26,51	1447,89
712	01.08.2025 09:59:51	0,80	5,32	29,93	25,81	1446,70
713	01.08.2025 09:59:52	0,80	5,30	29,93	25,81	1446,70
714	01.08.2025 09:59:53	0,80	5,29	29,99	25,87	1446,79
715	01.08.2025 09:59:54	0,80	5,27	29,99	25,87	1446,79
716	01.08.2025 09:59:55	0,80	5,23	29,93	25,81	1446,69
717	01.08.2025 09:59:56	0,80	5,22	30,00	25,87	1446,78
718	01.08.2025 09:59:57	0,80	5,20	30,03	25,89	1446,82
719	01.08.2025 09:59:58	0,84	5,17	30,03	25,92	1446,99
720	01.08.2025 09:59:59	0,84	5,15	30,03	25,92	1446,99
721	01.08.2025 10:00:00	0,84	5,15	30,03	25,92	1446,99
722	01.08.2025 10:00:01	0,84	5,13	30,03	25,92	1446,99
723	01.08.2025 10:00:02	0,84	5,10	30,03	25,92	1446,98
724	01.08.2025 10:00:03	0,84	5,10	29,89	25,81	1446,80
725	01.08.2025 10:00:04	0,84	5,08	29,96	25,87	1446,89
726	01.08.2025 10:00:05	0,84	5,04	29,89	25,81	1446,79
727	01.08.2025 10:00:06	0,84	5,01	29,93	25,84	1446,83
728	01.08.2025 10:00:07	0,84	5,01	29,89	25,81	1446,78
729	01.08.2025 10:00:08	0,84	4,97	29,93	25,84	1446,83
730	01.08.2025 10:00:09	0,84	4,96	29,96	25,87	1446,87
731	01.08.2025 10:00:10	0,84	4,94	29,96	25,87	1446,87
732	01.08.2025 10:00:11	0,88	4,92	30,09	26,00	1447,22
733	01.08.2025 10:00:12	0,88	4,90	29,96	25,89	1447,04
734	01.08.2025 10:00:13	0,88	4,89	29,96	25,89	1447,03
735	01.08.2025 10:00:14	0,88	4,87	29,92	25,87	1446,98
736	01.08.2025 10:00:15	0,88	4,83	29,92	25,87	1446,98
737	01.08.2025 10:00:16	0,88	4,82	29,92	25,87	1446,98
738	01.08.2025 10:00:17	0,88	4,80	29,86	25,81	1446,88
739	01.08.2025 10:00:18	0,92	4,78	29,82	25,81	1447,01
740	01.08.2025 10:00:19	0,92	4,75	29,85	25,84	1447,05
741	01.08.2025 10:00:20	0,92	4,73	29,82	25,81	1447,00
742	01.08.2025 10:00:21	0,92	4,70	29,85	25,84	1447,04
743	01.08.2025 10:00:22	0,96	4,68	29,82	25,84	1447,17
744	01.08.2025 10:00:23	0,96	4,66	29,82	25,84	1447,17
745	01.08.2025 10:00:24	0,96	4,63	29,82	25,84	1447,16
746	01.08.2025 10:00:25	0,96	4,61	30,64	26,49	1448,25
747	01.08.2025 10:00:26	0,96	4,59	29,85	25,87	1447,20
748	01.08.2025 10:00:27	1,00	4,56	29,81	25,87	1447,32
749	01.08.2025 10:00:28	1,00	4,54	29,88	25,92	1447,41
750	01.08.2025 10:00:29	1,00	4,53	29,92	25,95	1447,46
751	01.08.2025 10:00:30	1,04	4,48	29,88	25,95	1447,58
752	01.08.2025 10:00:31	1,04	4,46	29,88	25,95	1447,57
753	01.08.2025 10:00:32	1,04	4,44	30,26	26,25	1448,07
754	01.08.2025 10:00:33	1,07	4,43	29,78	25,90	1447,61
755	01.08.2025 10:00:34	1,07	4,39	29,81	25,92	1447,65
756	01.08.2025 10:00:35	1,07	4,37	29,81	25,92	1447,64
757	01.08.2025 10:00:36	1,07	4,36	29,84	25,95	1447,69
758	01.08.2025 10:00:37	1,07	4,32	29,81	25,92	1447,64
759	01.08.2025 10:00:38	1,11	4,30	29,81	25,95	1447,81
760	01.08.2025 10:00:39	1,11	4,27	29,81	25,95	1447,80
761	01.08.2025 10:00:40	1,11	4,25	29,81	25,95	1447,80
762	01.08.2025 10:00:41	1,11	4,22	29,78	25,93	1447,75
763	01.08.2025 10:00:42	1,15	4,20	29,77	25,95	1447,92
764	01.08.2025 10:00:43	1,15	4,18	29,81	25,98	1447,96
765	01.08.2025 10:00:44	1,15	4,17	29,77	25,95	1447,91
766	01.08.2025 10:00:45	1,15	4,13	29,84	26,01	1448,00
767	01.08.2025 10:00:46	1,19	4,12	29,81	26,01	1448,12
768	01.08.2025 10:00:47	1,19	4,08	29,81	26,01	1448,12
769	01.08.2025 10:00:48	1,19	4,06	29,81	26,01	1448,12
770	01.08.2025 10:00:49	1,19	4,05	29,81	26,01	1448,11
771	01.08.2025 10:00:50	1,19	4,03	29,84	26,03	1448,16
772	01.08.2025 10:00:51	1,23	4,01	29,80	26,03	1448,28
773	01.08.2025 10:00:52	1,23	3,98	29,84	26,06	1448,32
774	01.08.2025 10:00:53	1,23	3,94	29,80	26,04	1448,27
775	01.08.2025 10:00:54	1,23	3,91	29,80	26,04	1448,27
776	01.08.2025 10:00:55	1,27	3,89	29,73	26,01	1448,35
777	01.08.2025 10:00:56	1,27	3,86	29,73	26,01	1448,34
778	01.08.2025 10:00:57	1,27	3,84	29,73	26,01	1448,34
779	01.08.2025 10:00:58	1,27	3,81	29,77	26,04	1448,38
780	01.08.2025 10:00:59	1,27	3,77	29,73	26,01	1448,33
781	01.08.2025 10:01:00	1,27	3,75	29,73	26,01	1448,32
782	01.08.2025 10:01:01	1,27	3,74	29,73	26,01	1448,32
783	01.08.2025 10:01:02	1,31	3,70	29,70	26,01	1448,44
784	01.08.2025 10:01:03	1,31	3,68	29,70	26,01	1448,44
785	01.08.2025 10:01:04	1,31	3,67	29,67	25,98	1448,39
786	01.08.2025 10:01:05	1,31	3,61	29,70	26,01	1448,43
787	01.08.2025 10:01:06	1,31	3,60	29,70	26,01	1448,43
788	01.08.2025 10:01:07	1,31	3,58	29,70	26,01	1448,43
789	01.08.2025 10:01:08	1,31	3,54	29,70	26,01	1448,42
790	01.08.2025 10:01:09	1,31	3,53	29,70	26,01	1448,42
791	01.08.2025 10:01:10	1,35	3,51	29,66	26,01	1448,54
792	01.08.2025 10:01:11	1,35	3,46	29,70	26,04	1448,58
793	01.08.2025 10:01:12	1,35	3,44	29,77	26,09	1448,67
794	01.08.2025 10:01:13	1,39	3,43	29,86	26,20	1448,97
795	01.08.2025 10:01:14	1,42	3,41	30,06	26,39	1449,41
796	01.08.2025 10:01:15	1,50	3,38	30,13	26,50	1449,83
797	01.08.2025 10:01:16	1,58	3,35	30,22	26,63	1450,30
798	01.08.2025 10:01:17	1,66	3,34	30,35	26,80	1450,81
799	01.08.2025 10:01:18	1,73	3,30	31,52	27,79	1452,69
800	01.08.2025 10:01:19	1,89	3,26	31,33	27,76	1453,12
801	01.08.2025 10:01:20	1,96	3,21	31,26	27,77	1453,36
802	01.08.2025 10:01:21	2,04	3,18	30,82	27,47	1453,11
803	01.08.2025 10:01:22	2,08	3,15	30,62	27,34	1453,01
804	01.08.2025 10:01:23	2,04	3,13	30,33	27,07	1452,45
805	01.08.2025 10:01:24	2,04	3,13	30,16	26,94	1452,23
806	01.08.2025 10:01:25	2,00	3,11	30,13	26,88	1452,02
807	01.08.2025 10:01:26	2,00	3,09	30,10	26,86	1451,97
808	01.08.2025 10:01:27	2,04	3,09	29,86	26,70	1451,83
809	01.08.2025 10:01:28	2,04	3,06	30,00	26,80	1452,00
810	01.08.2025 10:01:29	2,12	3,03	29,99	26,86	1452,33
811	01.08.2025 10:01:30	2,15	3,01	30,16	27,02	1452,71
812	01.08.2025 10:01:31	2,23	2,96	30,28	27,18	1453,21
813	01.08.2025 10:01:32	2,27	2,95	30,38	27,29	1453,50
814	01.08.2025 10:01:33	2,31	2,92	30,51	27,43	1453,83
815	01.08.2025 10:01:34	2,38	2,88	30,11	27,16	1453,64
816	01.08.2025 10:01:35	2,42	2,85	30,24	27,30	1453,97
817	01.08.2025 10:01:36	2,46	2,84	31,09	28,02	1455,25
818	01.08.2025 10:01:37	2,53	2,79	31,11	28,10	1455,60
819	01.08.2025 10:01:38	2,57	2,77	31,14	28,16	1455,80
820	01.08.2025 10:01:39	2,65	2,72	30,75	27,89	1455,60
821	01.08.2025 10:01:40	2,68	2,71	30,78	27,94	1455,81
822	01.08.2025 10:01:41	2,76	2,69	30,06	27,41	1455,19
823	01.08.2025 10:01:42	2,80	2,64	30,03	27,41	1455,30
824	01.08.2025 10:01:43	2,87	2,61	30,02	27,47	1455,61
825	01.08.2025 10:01:44	2,91	2,58	30,05	27,52	1455,81
826	01.08.2025 10:01:45	2,98	2,55	29,98	27,52	1456,04
827	01.08.2025 10:01:46	3,02	2,51	30,02	27,58	1456,24
828	01.08.2025 10:01:47	3,10	2,48	29,98	27,61	1456,51
829	01.08.2025 10:01:48	3,13	2,47	30,01	27,66	1456,71
830	01.08.2025 10:01:49	3,17	2,44	30,04	27,71	1456,91
831	01.08.2025 10:01:50	3,25	2,42	30,26	27,96	1457,51
832	01.08.2025 10:01:51	3,39	2,41	30,67	28,41	1458,68
833	01.08.2025 10:01:52	3,54	2,38	31,01	28,82	1459,75
834	01.08.2025 10:01:53	3,69	2,32	30,81	28,77	1460,11
835	01.08.2025 10:01:54	3,80	2,27	30,74	28,80	1460,48
836	01.08.2025 10:01:55	3,91	2,23	30,49	28,67	1460,60
837	01.08.2025 10:01:56	3,98	2,21	30,83	29,02	1461,36
838	01.08.2025 10:01:57	4,06	2,20	31,26	29,45	1462,22
839	01.08.2025 10:01:58	4,16	2,17	31,38	29,64	1462,83
840	01.08.2025 10:01:59	4,27	2,12	31,59	29,91	1463,55
841	01.08.2025 10:02:00	4,35	2,08	31,74	30,10	1464,05
842	01.08.2025 10:02:01	4,45	2,06	31,86	30,29	1464,65
843	01.08.2025 10:02:02	4,56	2,05	31,91	30,42	1465,17
844	01.08.2025 10:02:03	4,71	2,04	31,93	30,56	1465,79
845	01.08.2025 10:02:04	4,85	1,98	32,01	30,75	1466,48
846	01.08.2025 10:02:05	4,99	1,95	31,91	30,78	1466,93
847	01.08.2025 10:02:06	5,14	1,92	31,90	30,89	1467,50
848	01.08.2025 10:02:07	5,28	1,89	31,92	31,03	1468,10
849	01.08.2025 10:02:08	5,39	1,86	32,07	31,25	1468,72
850	01.08.2025 10:02:09	5,56	1,87	32,14	31,46	1469,53
851	01.08.2025 10:02:10	5,77	1,78	31,95	31,47	1470,13
852	01.08.2025 10:02:11	5,95	1,75	31,85	31,53	1470,70
853	01.08.2025 10:02:12	6,05	1,70	32,08	31,82	1471,41
854	01.08.2025 10:02:13	6,23	1,70	32,16	32,04	1472,21
855	01.08.2025 10:02:14	6,47	1,67	32,41	32,47	1473,49
856	01.08.2025 10:02:15	6,75	1,77	33,27	33,49	1475,69
857	01.08.2025 10:02:16	7,26	1,68	33,08	33,78	1477,45
858	01.08.2025 10:02:17	7,74	1,54	32,73	33,87	1478,81
859	01.08.2025 10:02:18	8,15	1,46	32,48	33,99	1480,03
860	01.08.2025 10:02:19	8,41	1,42	32,32	34,07	1480,85
861	01.08.2025 10:02:20	8,68	1,36	32,23	34,22	1481,73
862	01.08.2025 10:02:21	8,95	1,34	32,02	34,25	1482,46
863	01.08.2025 10:02:22	9,21	1,30	31,41	33,89	1482,67
864	01.08.2025 10:02:23	9,41	1,25	31,35	34,00	1483,32
865	01.08.2025 10:02:24	9,61	1,25	31,24	34,06	1483,91
866	01.08.2025 10:02:25	9,80	1,22	31,18	34,17	1484,56
867	01.08.2025 10:02:26	9,97	1,23	31,13	34,25	1485,09
868	01.08.2025 10:02:27	10,16	1,20	31,02	34,31	1485,66
869	01.08.2025 10:02:28	10,32	1,21	30,97	34,40	1486,18
870	01.08.2025 10:02:29	10,45	1,20	30,91	34,45	1486,58
871	01.08.2025 10:02:30	10,58	1,19	30,97	34,62	1487,11
872	01.08.2025 10:02:31	10,74	1,21	31,05	34,84	1487,79
873	01.08.2025 10:02:32	10,97	1,19	31,13	35,11	1488,68
874	01.08.2025 10:02:33	11,19	1,16	31,10	35,27	1489,44
875	01.08.2025 10:02:34	11,42	1,14	30,97	35,34	1490,07
876	01.08.2025 10:02:35	11,64	1,08	30,79	35,34	1490,62
877	01.08.2025 10:02:36	11,83	1,05	30,79	35,51	1491,28
878	01.08.2025 10:02:37	11,99	1,04	30,77	35,62	1491,80
879	01.08.2025 10:02:38	12,18	1,02	30,64	35,65	1492,30
880	01.08.2025 10:02:39	12,34	1,01	30,54	35,68	1492,72
881	01.08.2025 10:02:40	12,49	0,98	30,47	35,74	1493,17
882	01.08.2025 10:02:41	12,65	0,97	30,35	35,74	1493,55
883	01.08.2025 10:02:42	12,78	0,96	30,28	35,77	1493,89
884	01.08.2025 10:02:43	12,90	0,96	30,18	35,78	1494,20
885	01.08.2025 10:02:44	12,99	0,93	30,11	35,78	1494,43
886	01.08.2025 10:02:45	13,12	0,94	30,01	35,78	1494,73
887	01.08.2025 10:02:46	13,21	0,91	29,94	35,78	1494,96
888	01.08.2025 10:02:47	13,31	0,91	29,84	35,76	1495,16
889	01.08.2025 10:02:48	13,37	0,92	29,82	35,79	1495,34
890	01.08.2025 10:02:49	13,46	0,92	29,72	35,76	1495,54
891	01.08.2025 10:02:50	13,55	0,89	29,63	35,74	1495,73
892	01.08.2025 10:02:51	13,65	0,88	29,58	35,77	1495,98
893	01.08.2025 10:02:52	13,74	0,86	29,54	35,80	1496,24
894	01.08.2025 10:02:53	13,83	0,83	29,47	35,80	1496,46
895	01.08.2025 10:02:54	13,93	0,82	29,43	35,83	1496,71
896	01.08.2025 10:02:55	14,02	0,81	29,38	35,86	1496,96
897	01.08.2025 10:02:56	14,08	0,79	29,34	35,86	1497,11
898	01.08.2025 10:02:57	14,17	0,78	29,27	35,86	1497,33
899	01.08.2025 10:02:58	14,24	0,78	29,22	35,86	1497,48
900	01.08.2025 10:02:59	14,30	0,77	29,20	35,89	1497,65
901	01.08.2025 10:03:00	14,36	0,73	29,16	35,89	1497,80
902	01.08.2025 10:03:01	14,42	0,72	29,11	35,89	1497,94
903	01.08.2025 10:03:02	14,48	0,71	29,07	35,90	1498,09
904	01.08.2025 10:03:03	14,54	0,71	29,05	35,92	1498,26
905	01.08.2025 10:03:04	14,60	0,69	29,12	36,06	1498,55
906	01.08.2025 10:03:05	14,70	0,68	28,34	35,26	1497,92
907	01.08.2025 10:03:06	14,76	0,67	28,27	35,23	1498,03
908	01.08.2025 10:03:07	14,82	0,65	28,21	35,21	1498,15
909	01.08.2025 10:03:08	14,88	0,64	28,19	35,24	1498,32
910	01.08.2025 10:03:09	14,94	0,62	28,17	35,27	1498,50
911	01.08.2025 10:03:10	15,00	0,62	28,15	35,29	1498,67
912	01.08.2025 10:03:11	15,06	0,63	28,08	35,27	1498,79
913	01.08.2025 10:03:12	15,12	0,61	28,02	35,24	1498,91
914	01.08.2025 10:03:13	15,15	0,63	28,00	35,24	1498,98
915	01.08.2025 10:03:14	15,22	0,63	27,95	35,25	1499,13
916	01.08.2025 10:03:15	15,25	0,64	27,91	35,22	1499,18
917	01.08.2025 10:03:16	15,31	0,62	28,71	36,18	1500,32
918	01.08.2025 10:03:17	15,34	0,62	28,74	36,24	1500,45
919	01.08.2025 10:03:18	15,37	0,61	28,72	36,24	1500,52
920	01.08.2025 10:03:19	15,43	0,59	28,70	36,27	1500,69
921	01.08.2025 10:03:20	15,46	0,59	28,63	36,21	1500,70
922	01.08.2025 10:03:21	15,49	0,58	28,63	36,24	1500,80
923	01.08.2025 10:03:22	15,55	0,56	28,59	36,24	1500,94
924	01.08.2025 10:03:23	15,58	0,56	28,59	36,27	1501,04
925	01.08.2025 10:03:24	15,64	0,55	28,55	36,27	1501,18
926	01.08.2025 10:03:25	15,67	0,55	28,53	36,27	1501,25
927	01.08.2025 10:03:26	15,73	0,54	28,51	36,30	1501,42
928	01.08.2025 10:03:27	15,76	0,52	28,46	36,28	1501,46
929	01.08.2025 10:03:28	15,79	0,50	28,44	36,28	1501,53
930	01.08.2025 10:03:29	15,82	0,51	28,42	36,28	1501,60
931	01.08.2025 10:03:30	15,85	0,49	28,40	36,28	1501,67
932	01.08.2025 10:03:31	15,88	0,48	28,40	36,31	1501,77
933	01.08.2025 10:03:32	15,91	0,48	28,38	36,31	1501,84
934	01.08.2025 10:03:33	15,94	0,46	28,36	36,31	1501,90
935	01.08.2025 10:03:34	15,98	0,46	28,34	36,31	1501,97
936	01.08.2025 10:03:35	16,01	0,44	28,30	36,28	1502,02
937	01.08.2025 10:03:36	16,04	0,43	28,30	36,31	1502,11
938	01.08.2025 10:03:37	16,07	0,41	28,28	36,31	1502,18
939	01.08.2025 10:03:38	16,10	0,41	28,21	36,26	1502,19
940	01.08.2025 10:03:39	16,13	0,41	28,24	36,31	1502,32
941	01.08.2025 10:03:40	16,16	0,39	28,19	36,29	1502,36
942	01.08.2025 10:03:41	16,16	0,37	28,17	36,26	1502,33
943	01.08.2025 10:03:42	16,19	0,37	27,85	35,91	1502,05
944	01.08.2025 10:03:43	16,22	0,37	27,74	35,80	1502,01
945	01.08.2025 10:03:44	16,22	0,34	27,74	35,80	1502,01
946	01.08.2025 10:03:45	16,25	0,34	27,62	35,70	1501,97
947	01.08.2025 10:03:46	16,28	0,32	27,56	35,65	1501,98
948	01.08.2025 10:03:47	16,31	0,32	27,56	35,67	1502,08
949	01.08.2025 10:03:48	16,31	0,30	27,54	35,65	1502,05
950	01.08.2025 10:03:49	16,31	0,29	27,31	35,38	1501,78
951	01.08.2025 10:03:50	16,34	0,27	27,29	35,38	1501,85
952	01.08.2025 10:03:51	16,34	0,23	27,31	35,41	1501,87
953	01.08.2025 10:03:52	16,34	0,23	27,36	35,46	1501,92
954	01.08.2025 10:03:53	16,37	0,23	27,41	35,54	1502,07
955	01.08.2025 10:03:54	16,37	0,22	27,36	35,49	1502,02
956	01.08.2025 10:03:55	16,40	0,18	27,32	35,46	1502,05
957	01.08.2025 10:03:56	16,40	0,16	27,34	35,49	1502,08
958	01.08.2025 10:03:57	16,43	0,16	27,30	35,46	1502,12
959	01.08.2025 10:03:58	16,43	0,16	27,21	35,35	1502,02
960	01.08.2025 10:03:59	16,46	0,13	27,19	35,35	1502,08
961	01.08.2025 10:04:00	16,46	0,11	27,21	35,38	1502,10
962	01.08.2025 10:04:01	16,49	0,09	27,17	35,36	1502,15
963	01.08.2025 10:04:02	16,52	0,09	27,19	35,41	1502,27
964	01.08.2025 10:04:03	16,52	0,08	27,17	35,38	1502,24
965	01.08.2025 10:04:04	16,55	0,02	27,13	35,36	1502,28
966	01.08.2025 10:04:05	16,55	0,04	27,54	35,84	1502,76
967	01.08.2025 10:04:06	16,58	0,02	27,13	35,38	1502,37
968	01.08.2025 10:04:07	16,58	0,02	27,22	35,49	1502,48
969	01.08.2025 10:04:08	16,61	0,00	27,73	36,11	1503,16
970	01.08.2025 10:04:09	16,61	-0,01	27,75	36,13	1503,18
971	01.08.2025 10:04:10	16,64	-0,01	27,68	36,08	1503,20
972	01.08.2025 10:04:11	16,67	-0,01	27,68	36,11	1503,30
973	01.08.2025 10:04:12	16,67	-0,01	27,66	36,08	1503,27
974	01.08.2025 10:04:13	16,70	-0,01	27,62	36,06	1503,31
975	01.08.2025 10:04:14	16,70	-0,03	27,64	36,08	1503,34
976	01.08.2025 10:04:15	16,70	-0,03	27,62	36,06	1503,31
977	01.08.2025 10:04:16	16,73	-0,03	27,60	36,06	1503,38
978	01.08.2025 10:04:17	16,73	-0,01	27,60	36,06	1503,38
979	01.08.2025 10:04:18	16,76	-0,03	27,60	36,08	1503,48
980	01.08.2025 10:04:19	16,76	-0,03	27,60	36,08	1503,48
981	01.08.2025 10:04:20	16,79	-0,05	27,63	36,14	1503,60
982	01.08.2025 10:04:21	16,79	-0,03	27,63	36,14	1503,60
983	01.08.2025 10:04:22	16,82	-0,03	27,61	36,14	1503,67
984	01.08.2025 10:04:23	16,82	-0,03	27,63	36,17	1503,69
985	01.08.2025 10:04:24	16,82	-0,05	27,93	36,51	1504,04
986	01.08.2025 10:04:25	16,82	-0,05	27,95	36,54	1504,06
987	01.08.2025 10:04:26	16,85	-0,03	27,97	36,60	1504,19
988	01.08.2025 10:04:27	16,85	-0,03	27,97	36,60	1504,19
989	01.08.2025 10:04:28	16,88	-0,05	27,95	36,60	1504,25
990	01.08.2025 10:04:29	16,88	-0,03	27,91	36,54	1504,20
991	01.08.2025 10:04:30	16,88	-0,03	27,86	36,49	1504,15
992	01.08.2025 10:04:31	16,91	-0,03	27,91	36,57	1504,30
993	01.08.2025 10:04:32	16,91	-0,03	27,89	36,54	1504,27
994	01.08.2025 10:04:33	16,91	-0,03	27,82	36,46	1504,19
995	01.08.2025 10:04:34	16,91	-0,05	27,84	36,49	1504,22
996	01.08.2025 10:04:35	16,91	-0,03	27,84	36,49	1504,22
997	01.08.2025 10:04:36	16,91	-0,03	27,89	36,54	1504,27
998	01.08.2025 10:04:37	16,91	-0,03	27,89	36,54	1504,27
999	01.08.2025 10:04:38	16,91	-0,03	27,91	36,57	1504,30
1000	01.08.2025 10:04:39	16,94	-0,01	27,89	36,57	1504,37
1001	01.08.2025 10:04:40	16,94	-0,01	27,91	36,60	1504,40
1002	01.08.2025 10:04:41	16,94	-0,01	27,89	36,57	1504,37
1003	01.08.2025 10:04:42	16,94	-0,03	28,03	36,73	1504,53
1004	01.08.2025 10:04:43	16,97	-0,01	27,96	36,68	1504,54
1005	01.08.2025 10:04:44	16,97	-0,01	27,96	36,68	1504,54
1006	01.08.2025 10:04:45	16,97	-0,01	27,96	36,68	1504,54
1007	01.08.2025 10:04:46	17,00	-0,03	27,89	36,63	1504,56
1008	01.08.2025 10:04:47	17,00	-0,01	27,85	36,57	1504,51
1009	01.08.2025 10:04:48	17,00	-0,03	27,89	36,63	1504,56
1010	01.08.2025 10:04:49	17,00	-0,01	27,99	36,73	1504,67
1011	01.08.2025 10:04:50	17,00	-0,03	28,01	36,76	1504,69
1012	01.08.2025 10:04:51	17,03	-0,03	28,01	36,79	1504,78
1013	01.08.2025 10:04:52	17,03	-0,03	28,03	36,81	1504,81
1014	01.08.2025 10:04:53	17,03	-0,03	28,01	36,79	1504,78
1015	01.08.2025 10:04:54	17,06	-0,05	27,99	36,79	1504,85
1016	01.08.2025 10:04:55	17,06	-0,01	28,01	36,81	1504,88
1017	01.08.2025 10:04:56	17,06	-0,03	27,99	36,79	1504,85
1018	01.08.2025 10:04:57	17,06	-0,05	27,99	36,79	1504,85
1019	01.08.2025 10:04:58	17,06	-0,03	27,94	36,73	1504,80
1020	01.08.2025 10:04:59	17,06	-0,05	27,97	36,76	1504,82
1021	01.08.2025 10:05:00	17,06	-0,03	10,28	14,74	1484,22
1022	01.08.2025 10:05:01	17,06	-0,05	11,63	16,52	1485,79
1023	01.08.2025 10:05:02	17,09	-0,05	24,92	33,14	1501,36
1024	01.08.2025 10:05:03	17,09	-0,05	27,59	36,33	1504,47
1025	01.08.2025 10:05:04	17,09	-0,03	12,29	17,39	1486,66
1026	01.08.2025 10:05:05	17,09	-0,05	8,07	11,80	1481,74
1027	01.08.2025 10:05:06	17,09	-0,05	8,12	11,86	1481,79
1028	01.08.2025 10:05:07	17,09	-0,05	27,70	36,47	1504,60
1029	01.08.2025 10:05:08	17,09	-0,03	26,78	35,37	1503,53
1030	01.08.2025 10:05:09	17,12	-0,05	6,87	10,16	1480,43
1031	01.08.2025 10:05:10	17,12	-0,05	26,60	35,18	1503,41
1032	01.08.2025 10:05:11	17,12	-0,03	27,54	36,31	1504,52
1033	01.08.2025 10:05:12	17,12	-0,05	18,13	24,84	1493,55
1034	01.08.2025 10:05:13	17,12	-0,05	18,13	24,84	1493,55
1035	01.08.2025 10:05:14	17,12	-0,05	18,06	24,76	1493,47
1036	01.08.2025 10:05:15	17,12	-0,05	18,00	24,67	1493,39
1037	01.08.2025 10:05:16	17,12	-0,05	18,06	24,76	1493,47
1038	01.08.2025 10:05:17	17,12	-0,05	18,10	24,81	1493,52
1039	01.08.2025 10:05:18	17,12	-0,05	18,13	24,84	1493,55
1040	01.08.2025 10:05:19	17,12	-0,03	18,13	24,84	1493,55
1041	01.08.2025 10:05:20	17,12	-0,03	18,13	24,84	1493,55
1042	01.08.2025 10:05:21	17,12	-0,05	6,18	9,21	1479,63
1043	01.08.2025 10:05:22	17,12	-0,05	6,07	9,07	1479,51
1044	01.08.2025 10:05:23	17,12	-0,05	4,61	7,02	1477,81
1045	01.08.2025 10:05:24	17,12	-0,05	5,78	8,66	1479,17
1046	01.08.2025 10:05:25	17,12	-0,05	3,33	5,18	1476,32
1047	01.08.2025 10:05:26	17,12	-0,05	2,27	3,60	1475,08
1048	01.08.2025 10:05:27	17,09	-0,05	0,23	0,40	1472,61
1049	01.08.2025 10:05:28	17,09	-0,05	0,30	0,52	1472,68
1050	01.08.2025 10:05:29	17,09	-0,03	0,30	0,52	1472,69
1051	01.08.2025 10:05:30	17,09	-0,05	0,26	0,46	1472,64
1052	01.08.2025 10:05:31	17,09	-0,03	0,41	0,71	1472,82
1053	01.08.2025 10:05:32	17,09	-0,05	0,31	0,54	1472,70
1054	01.08.2025 10:05:33	17,09	-0,03	0,45	0,77	1472,86
1055	01.08.2025 10:05:34	17,09	-0,03	0,45	0,77	1472,86
1056	01.08.2025 10:05:35	17,06	-0,05	0,45	0,77	1472,76
1057	01.08.2025 10:05:36	17,06	-0,03	0,40	0,68	1472,70
1058	01.08.2025 10:05:37	17,06	-0,03	0,20	0,35	1472,47
1059	01.08.2025 10:05:38	17,06	-0,05	0,14	0,24	1472,39
1060	01.08.2025 10:05:39	17,06	-0,03	0,22	0,38	1472,49
1061	01.08.2025 10:05:40	17,06	-0,03	0,14	0,24	1472,40
1062	01.08.2025 10:05:41	17,06	-0,03	0,10	0,18	1472,36
1063	01.08.2025 10:05:42	17,06	-0,05	0,14	0,24	1472,39
1064	01.08.2025 10:05:43	17,06	-0,03	0,23	0,40	1472,51
1065	01.08.2025 10:05:44	17,06	-0,03	0,22	0,38	1472,49
1066	01.08.2025 10:05:45	17,06	-0,05	0,15	0,27	1472,41
1067	01.08.2025 10:05:46	17,03	-0,05	0,14	0,24	1472,29
1068	01.08.2025 10:05:47	17,03	-0,03	0,14	0,24	1472,30
1069	01.08.2025 10:05:48	17,03	-0,03	0,14	0,24	1472,30
1070	01.08.2025 10:05:49	17,03	-0,03	0,14	0,24	1472,30
1071	01.08.2025 10:05:50	17,03	-0,05	0,12	0,21	1472,28
1072	01.08.2025 10:05:51	17,03	-0,03	0,12	0,21	1472,28
1073	01.08.2025 10:05:52	17,03	-0,03	0,12	0,21	1472,28
1074	01.08.2025 10:05:53	17,03	-0,03	0,12	0,21	1472,28
1075	01.08.2025 10:05:54	17,03	-0,03	0,12	0,21	1472,28
1076	01.08.2025 10:05:55	17,03	-0,03	0,12	0,21	1472,28
1077	01.08.2025 10:05:56	17,00	-0,03	0,12	0,21	1472,18
1078	01.08.2025 10:05:57	17,00	-0,03	0,12	0,21	1472,18
1079	01.08.2025 10:05:58	17,00	-0,03	0,12	0,21	1472,18
1080	01.08.2025 10:05:59	17,00	-0,05	0,12	0,21	1472,18
1081	01.08.2025 10:06:00	17,00	-0,03	0,10	0,18	1472,16
1082	01.08.2025 10:06:01	17,00	-0,03	0,10	0,18	1472,16
1083	01.08.2025 10:06:02	17,00	-0,03	0,10	0,18	1472,16
1084	01.08.2025 10:06:03	17,00	-0,03	0,10	0,18	1472,16
1085	01.08.2025 10:06:04	17,00	-0,03	0,10	0,18	1472,16
1086	01.08.2025 10:06:05	17,00	-0,03	0,10	0,18	1472,16
1087	01.08.2025 10:06:06	17,00	-0,03	0,09	0,16	1472,14
1088	01.08.2025 10:06:07	17,00	-0,05	0,09	0,16	1472,14
1089	01.08.2025 10:06:08	17,00	-0,05	0,10	0,18	1472,16
1090	01.08.2025 10:06:09	16,97	-0,03	0,09	0,16	1472,04
1091	01.08.2025 10:06:10	16,97	-0,05	0,09	0,16	1472,04
1092	01.08.2025 10:06:11	16,97	-0,05	0,10	0,18	1472,06
1093	01.08.2025 10:06:12	16,97	-0,03	0,18	0,32	1472,15
1094	01.08.2025 10:06:13	16,97	-0,05	0,20	0,35	1472,17
1095	01.08.2025 10:06:14	16,97	-0,05	0,18	0,32	1472,15
1096	01.08.2025 10:06:15	16,97	-0,03	0,18	0,32	1472,15
1097	01.08.2025 10:06:16	16,97	-0,03	0,20	0,35	1472,17
1098	01.08.2025 10:06:17	16,97	-0,05	0,20	0,35	1472,17
1099	01.08.2025 10:06:18	16,97	-0,03	0,18	0,32	1472,15
1100	01.08.2025 10:06:19	16,97	-0,03	0,18	0,32	1472,15
1101	01.08.2025 10:06:20	16,97	-0,03	0,22	0,38	1472,19
1102	01.08.2025 10:06:21	16,97	-0,03	0,36	0,63	1472,36
1103	01.08.2025 10:06:22	16,97	-0,03	0,31	0,54	1472,30
1104	01.08.2025 10:06:23	16,94	-0,03	0,33	0,57	1472,22
1105	01.08.2025 10:06:24	16,94	-0,03	0,35	0,60	1472,24
1106	01.08.2025 10:06:25	16,94	-0,03	0,33	0,57	1472,22
1107	01.08.2025 10:06:26	16,94	-0,03	0,31	0,54	1472,20
1108	01.08.2025 10:06:27	16,94	-0,05	0,36	0,63	1472,26
1109	01.08.2025 10:06:28	16,94	-0,05	0,33	0,57	1472,22
1110	01.08.2025 10:06:29	16,94	-0,03	0,31	0,54	1472,20
1111	01.08.2025 10:06:30	16,94	-0,03	0,35	0,60	1472,24
1112	01.08.2025 10:06:31	16,94	-0,03	0,38	0,65	1472,28
1113	01.08.2025 10:06:32	16,94	-0,03	0,36	0,63	1472,26
1114	01.08.2025 10:06:33	16,94	-0,03	0,36	0,63	1472,26
1115	01.08.2025 10:06:34	16,94	-0,05	0,40	0,68	1472,30
1116	01.08.2025 10:06:35	16,94	-0,03	0,40	0,68	1472,30
1117	01.08.2025 10:06:36	16,94	-0,03	0,38	0,65	1472,28
1118	01.08.2025 10:06:37	16,94	-0,03	0,38	0,65	1472,28
1119	01.08.2025 10:06:38	16,94	-0,05	0,38	0,65	1472,28
1120	01.08.2025 10:06:39	16,94	-0,05	0,36	0,63	1472,26
1121	01.08.2025 10:06:40	16,94	-0,03	0,38	0,65	1472,28
1122	01.08.2025 10:06:41	16,91	-0,07	0,38	0,65	1472,18
1123	01.08.2025 10:06:42	16,91	-0,07	0,36	0,63	1472,16
1124	01.08.2025 10:06:43	16,91	-0,05	0,40	0,68	1472,20
1125	01.08.2025 10:06:44	16,91	-0,05	0,38	0,65	1472,18
1126	01.08.2025 10:06:45	16,91	-0,07	0,38	0,65	1472,18
1127	01.08.2025 10:06:46	16,91	-0,07	0,40	0,68	1472,19
1128	01.08.2025 10:06:47	16,91	-0,03	0,38	0,65	1472,18
1129	01.08.2025 10:06:48	16,91	-0,05	0,40	0,68	1472,20
1130	01.08.2025 10:06:49	16,91	-0,05	0,43	0,74	1472,24
1131	01.08.2025 10:06:50	16,91	-0,07	0,36	0,63	1472,16
1132	01.08.2025 10:06:51	16,91	-0,05	0,31	0,54	1472,10
1133	01.08.2025 10:06:52	16,91	-0,05	0,31	0,54	1472,10
1134	01.08.2025 10:06:53	16,91	-0,05	0,20	0,35	1471,97
1135	01.08.2025 10:06:54	16,91	-0,05	0,14	0,24	1471,89
1136	01.08.2025 10:06:55	16,91	-0,05	0,14	0,24	1471,89
1137	01.08.2025 10:06:56	16,91	-0,05	0,14	0,24	1471,89
1138	01.08.2025 10:06:57	16,91	-0,05	0,14	0,24	1471,89
1139	01.08.2025 10:06:58	16,91	-0,05	0,14	0,24	1471,89
1140	01.08.2025 10:06:59	16,91	-0,05	0,12	0,21	1471,87
1141	01.08.2025 10:07:00	16,91	-0,05	0,14	0,24	1471,89
1142	01.08.2025 10:07:01	16,91	-0,05	0,12	0,21	1471,87
1143	01.08.2025 10:07:02	16,88	-0,05	0,12	0,21	1471,77
1144	01.08.2025 10:07:03	16,88	-0,05	0,12	0,21	1471,77
1145	01.08.2025 10:07:04	16,88	-0,05	0,12	0,21	1471,77
1146	01.08.2025 10:07:05	16,88	-0,05	0,12	0,21	1471,77
1147	01.08.2025 10:07:06	16,88	-0,05	0,12	0,21	1471,77
1148	01.08.2025 10:07:07	16,88	-0,07	0,12	0,21	1471,77
1149	01.08.2025 10:07:08	16,88	-0,07	0,12	0,21	1471,77
1150	01.08.2025 10:07:09	16,88	-0,07	0,12	0,21	1471,77
1151	01.08.2025 10:07:10	16,88	-0,05	0,12	0,21	1471,77
1152	01.08.2025 10:07:11	16,88	-0,05	0,12	0,21	1471,77
1153	01.08.2025 10:07:12	16,88	-0,07	0,12	0,21	1471,77
1154	01.08.2025 10:07:13	16,88	-0,07	0,12	0,21	1471,77
1155	01.08.2025 10:07:14	16,88	-0,05	0,12	0,21	1471,77
1156	01.08.2025 10:07:15	16,88	-0,05	0,14	0,24	1471,79
1157	01.08.2025 10:07:16	16,88	-0,05	0,14	0,24	1471,79
1158	01.08.2025 10:07:17	16,88	-0,05	0,15	0,27	1471,81
1159	01.08.2025 10:07:18	16,88	-0,05	0,15	0,27	1471,81
1160	01.08.2025 10:07:19	16,88	-0,05	0,14	0,24	1471,79
1161	01.08.2025 10:07:20	16,88	-0,05	0,14	0,24	1471,79
1162	01.08.2025 10:07:21	16,88	-0,05	0,12	0,21	1471,77
1163	01.08.2025 10:07:22	16,88	-0,05	0,12	0,21	1471,77
1164	01.08.2025 10:07:23	16,88	-0,05	0,12	0,21	1471,77
1165	01.08.2025 10:07:24	16,88	-0,05	0,12	0,21	1471,77
1166	01.08.2025 10:07:25	16,88	-0,05	0,14	0,24	1471,79
1167	01.08.2025 10:07:26	16,88	-0,07	0,15	0,27	1471,81
1168	01.08.2025 10:07:27	16,88	-0,05	0,15	0,27	1471,81
1169	01.08.2025 10:07:28	16,88	-0,05	0,15	0,27	1471,81
1170	01.08.2025 10:07:29	16,88	-0,05	0,18	0,32	1471,85
1171	01.08.2025 10:07:30	16,88	-0,05	0,18	0,32	1471,85
1172	01.08.2025 10:07:31	16,88	-0,05	0,20	0,35	1471,87
1173	01.08.2025 10:07:32	16,88	-0,05	0,20	0,35	1471,87
1174	01.08.2025 10:07:33	16,88	-0,05	0,18	0,32	1471,85
1175	01.08.2025 10:07:34	16,88	-0,05	0,20	0,35	1471,87
1176	01.08.2025 10:07:35	16,88	-0,07	0,20	0,35	1471,86
1177	01.08.2025 10:07:36	16,88	-0,05	0,18	0,32	1471,85
1178	01.08.2025 10:07:37	16,85	-0,05	0,18	0,32	1471,75
1179	01.08.2025 10:07:38	16,85	-0,07	0,18	0,32	1471,74
1180	01.08.2025 10:07:39	16,85	-0,05	0,18	0,32	1471,75
1181	01.08.2025 10:07:40	16,85	-0,07	0,18	0,32	1471,74
1182	01.08.2025 10:07:41	16,85	-0,05	0,18	0,32	1471,75
1183	01.08.2025 10:07:42	16,85	-0,05	0,18	0,32	1471,75
1184	01.08.2025 10:07:43	16,85	-0,07	0,18	0,32	1471,74
1185	01.08.2025 10:07:44	16,85	-0,05	0,18	0,32	1471,75
1186	01.08.2025 10:07:45	16,85	-0,05	0,18	0,32	1471,75
1187	01.08.2025 10:07:46	16,85	-0,05	0,18	0,32	1471,75
1188	01.08.2025 10:07:47	16,85	-0,05	0,17	0,29	1471,73
1189	01.08.2025 10:07:48	16,85	-0,05	0,15	0,27	1471,71
1190	01.08.2025 10:07:49	16,85	-0,05	0,15	0,27	1471,71
1191	01.08.2025 10:07:50	16,85	-0,05	0,15	0,27	1471,71
1192	01.08.2025 10:07:51	16,85	-0,05	0,17	0,29	1471,73
1193	01.08.2025 10:07:52	16,85	-0,05	0,18	0,32	1471,75
1194	01.08.2025 10:07:53	16,85	-0,05	0,18	0,32	1471,75
1195	01.08.2025 10:07:54	16,85	-0,05	0,18	0,32	1471,75
1196	01.08.2025 10:07:55	16,85	-0,05	0,18	0,32	1471,75
1197	01.08.2025 10:07:56	16,85	-0,03	0,18	0,32	1471,75
1198	01.08.2025 10:07:57	16,85	-0,07	0,17	0,29	1471,72
1199	01.08.2025 10:07:58	16,85	-0,05	0,15	0,27	1471,71
1200	01.08.2025 10:07:59	16,85	-0,05	0,15	0,27	1471,71
1201	01.08.2025 10:08:00	16,85	-0,05	0,15	0,27	1471,71
1202	01.08.2025 10:08:01	16,85	-0,05	0,15	0,27	1471,71
1203	01.08.2025 10:08:02	16,85	-0,05	0,15	0,27	1471,71
1204	01.08.2025 10:08:03	16,85	-0,05	0,17	0,29	1471,73
1205	01.08.2025 10:08:04	16,85	-0,05	0,17	0,29	1471,73
1206	01.08.2025 10:08:05	16,85	-0,05	0,17	0,29	1471,73
1207	01.08.2025 10:08:06	16,85	-0,05	0,18	0,32	1471,75
1208	01.08.2025 10:08:07	16,85	-0,05	0,18	0,32	1471,75
1209	01.08.2025 10:08:08	16,85	-0,07	0,18	0,32	1471,74
1210	01.08.2025 10:08:09	16,85	-0,05	0,18	0,32	1471,75
1211	01.08.2025 10:08:10	16,85	-0,05	0,18	0,32	1471,75
1212	01.08.2025 10:08:11	16,85	-0,03	0,18	0,32	1471,75
1213	01.08.2025 10:08:12	16,85	-0,05	0,18	0,32	1471,75
1214	01.08.2025 10:08:13	16,85	-0,05	0,20	0,35	1471,77
1215	01.08.2025 10:08:14	16,85	-0,05	0,18	0,32	1471,75
1216	01.08.2025 10:08:15	16,85	-0,05	0,18	0,32	1471,75
1217	01.08.2025 10:08:16	16,85	-0,05	0,18	0,32	1471,75
1218	01.08.2025 10:08:17	16,85	-0,05	0,17	0,29	1471,73
1219	01.08.2025 10:08:18	16,85	-0,05	0,17	0,29	1471,73
1220	01.08.2025 10:08:19	16,85	-0,05	0,17	0,29	1471,73
1221	01.08.2025 10:08:20	16,85	-0,07	0,18	0,32	1471,74
1222	01.08.2025 10:08:21	16,85	-0,05	0,18	0,32	1471,75
1223	01.08.2025 10:08:22	16,85	-0,05	0,20	0,35	1471,77
1224	01.08.2025 10:08:23	16,85	-0,07	0,20	0,35	1471,76
1225	01.08.2025 10:08:24	16,85	-0,05	0,20	0,35	1471,77
1226	01.08.2025 10:08:25	16,85	-0,07	0,20	0,35	1471,76
1227	01.08.2025 10:08:26	16,85	-0,03	0,18	0,32	1471,75
1228	01.08.2025 10:08:27	16,85	-0,05	0,17	0,29	1471,73
1229	01.08.2025 10:08:28	16,85	-0,05	0,17	0,29	1471,73
1230	01.08.2025 10:08:29	16,85	-0,05	0,17	0,29	1471,73
1231	01.08.2025 10:08:30	16,85	-0,03	0,17	0,29	1471,73
1232	01.08.2025 10:08:31	16,85	-0,05	0,17	0,29	1471,73
1233	01.08.2025 10:08:32	16,85	-0,05	0,18	0,32	1471,75
1234	01.08.2025 10:08:33	16,85	-0,05	0,18	0,32	1471,75
1235	01.08.2025 10:08:34	16,85	-0,05	0,18	0,32	1471,75
1236	01.08.2025 10:08:35	16,85	-0,05	0,20	0,35	1471,77
1237	01.08.2025 10:08:36	16,85	-0,05	0,18	0,32	1471,75
1238	01.08.2025 10:08:37	16,85	-0,05	0,18	0,32	1471,75
1239	01.08.2025 10:08:38	16,85	-0,05	0,18	0,32	1471,75
1240	01.08.2025 10:08:39	16,85	-0,05	0,17	0,29	1471,73
1241	01.08.2025 10:08:40	16,85	-0,05	0,17	0,29	1471,73
1242	01.08.2025 10:08:41	16,85	-0,05	0,18	0,32	1471,75
1243	01.08.2025 10:08:42	16,85	-0,05	0,18	0,32	1471,75
1244	01.08.2025 10:08:43	16,85	-0,05	0,20	0,35	1471,77
1245	01.08.2025 10:08:44	16,85	-0,05	0,20	0,35	1471,77
1246	01.08.2025 10:08:45	16,85	-0,05	0,18	0,32	1471,75
1247	01.08.2025 10:08:46	16,85	-0,05	0,18	0,32	1471,75
1248	01.08.2025 10:08:47	16,85	-0,05	0,20	0,35	1471,77
1249	01.08.2025 10:08:48	16,85	-0,07	0,18	0,32	1471,74
1250	01.08.2025 10:08:49	16,85	-0,05	0,18	0,32	1471,75
1251	01.08.2025 10:08:50	16,85	-0,05	0,18	0,32	1471,75
1252	01.08.2025 10:08:51	16,85	-0,05	0,20	0,35	1471,77
1253	01.08.2025 10:08:52	16,85	-0,07	0,18	0,32	1471,74
1254	01.08.2025 10:08:53	16,85	-0,07	0,18	0,32	1471,74
1255	01.08.2025 10:08:54	16,85	-0,05	0,18	0,32	1471,75
1256	01.08.2025 10:08:55	16,85	-0,05	0,18	0,32	1471,75
1257	01.08.2025 10:08:56	16,85	-0,05	0,18	0,32	1471,75
1258	01.08.2025 10:08:57	16,85	-0,05	0,18	0,32	1471,75
1259	01.08.2025 10:08:58	16,85	-0,07	0,17	0,29	1471,72
1260	01.08.2025 10:08:59	16,85	-0,05	0,17	0,29	1471,73
1261	01.08.2025 10:09:00	16,85	-0,07	0,18	0,32	1471,74
1262	01.08.2025 10:09:01	16,85	-0,05	0,18	0,32	1471,75
1263	01.08.2025 10:09:02	16,85	-0,05	0,20	0,35	1471,77
1264	01.08.2025 10:09:03	16,85	-0,05	0,20	0,35	1471,77
1265	01.08.2025 10:09:04	16,85	-0,05	0,20	0,35	1471,77
1266	01.08.2025 10:09:05	16,85	-0,05	0,20	0,35	1471,77
1267	01.08.2025 10:09:06	16,85	-0,05	0,18	0,32	1471,75
1268	01.08.2025 10:09:07	16,85	-0,07	0,18	0,32	1471,74
1269	01.08.2025 10:09:08	16,85	-0,05	0,18	0,32	1471,75
1270	01.08.2025 10:09:09	16,85	-0,05	0,20	0,35	1471,77
1271	01.08.2025 10:09:10	16,85	-0,05	0,22	0,38	1471,78
1272	01.08.2025 10:09:11	16,85	-0,07	0,20	0,35	1471,76
1273	01.08.2025 10:09:12	16,85	-0,05	0,18	0,32	1471,75
1274	01.08.2025 10:09:13	16,85	-0,05	0,18	0,32	1471,75
1275	01.08.2025 10:09:14	16,85	-0,05	0,18	0,32	1471,75
1276	01.08.2025 10:09:15	16,85	-0,05	0,17	0,29	1471,73
1277	01.08.2025 10:09:16	16,85	-0,05	0,17	0,29	1471,73
1278	01.08.2025 10:09:17	16,85	-0,07	0,17	0,29	1471,72
1279	01.08.2025 10:09:18	16,85	-0,05	0,18	0,32	1471,75
1280	01.08.2025 10:09:19	16,85	-0,05	0,18	0,32	1471,75
1281	01.08.2025 10:09:20	16,85	-0,05	0,18	0,32	1471,75
1282	01.08.2025 10:09:21	16,85	-0,05	0,18	0,32	1471,75
1283	01.08.2025 10:09:22	16,85	-0,05	0,20	0,35	1471,77
1284	01.08.2025 10:09:23	16,85	-0,05	0,20	0,35	1471,77
1285	01.08.2025 10:09:24	16,85	-0,05	0,20	0,35	1471,77
1286	01.08.2025 10:09:25	16,85	-0,05	0,20	0,35	1471,77
1287	01.08.2025 10:09:26	16,85	-0,05	0,18	0,32	1471,75
1288	01.08.2025 10:09:27	16,85	-0,05	0,18	0,32	1471,75
1289	01.08.2025 10:09:28	16,85	-0,05	0,18	0,32	1471,75
1290	01.08.2025 10:09:29	16,85	-0,05	0,18	0,32	1471,75
1291	01.08.2025 10:09:30	16,85	-0,05	0,18	0,32	1471,75
1292	01.08.2025 10:09:31	16,88	-0,05	0,20	0,35	1471,87
1293	01.08.2025 10:09:32	16,85	-0,05	0,18	0,32	1471,75
1294	01.08.2025 10:09:33	16,88	-0,05	0,18	0,32	1471,85
1295	01.08.2025 10:09:34	16,88	-0,05	0,17	0,29	1471,83
1296	01.08.2025 10:09:35	16,88	-0,05	0,17	0,29	1471,83
1297	01.08.2025 10:09:36	16,88	-0,05	0,18	0,32	1471,85
1298	01.08.2025 10:09:37	16,88	-0,05	0,20	0,35	1471,87
1299	01.08.2025 10:09:38	16,88	-0,05	0,20	0,35	1471,87
1300	01.08.2025 10:09:39	16,88	-0,05	0,20	0,35	1471,87
1301	01.08.2025 10:09:40	16,88	-0,05	0,22	0,38	1471,88
1302	01.08.2025 10:09:41	16,88	-0,07	0,22	0,38	1471,88
1303	01.08.2025 10:09:42	16,88	-0,05	0,22	0,38	1471,88
1304	01.08.2025 10:09:43	16,88	-0,05	0,20	0,35	1471,87
1305	01.08.2025 10:09:44	16,88	-0,05	0,20	0,35	1471,87
1306	01.08.2025 10:09:45	16,88	-0,05	0,20	0,35	1471,87
1307	01.08.2025 10:09:46	16,88	-0,05	0,18	0,32	1471,85
1308	01.08.2025 10:09:47	16,88	-0,05	0,17	0,29	1471,83
1309	01.08.2025 10:09:48	16,88	-0,05	0,18	0,32	1471,85
1310	01.08.2025 10:09:49	16,88	-0,05	0,20	0,35	1471,87
1311	01.08.2025 10:09:50	16,88	-0,05	0,20	0,35	1471,87
1312	01.08.2025 10:09:51	16,88	-0,05	0,22	0,38	1471,88
1313	01.08.2025 10:09:52	16,88	-0,05	0,20	0,35	1471,87
1314	01.08.2025 10:09:53	16,88	-0,05	0,20	0,35	1471,87
1315	01.08.2025 10:09:54	16,88	-0,05	0,20	0,35	1471,87
1316	01.08.2025 10:09:55	16,88	-0,05	0,18	0,32	1471,85
1317	01.08.2025 10:09:56	16,88	-0,05	0,18	0,32	1471,85
1318	01.08.2025 10:09:57	16,88	-0,07	0,17	0,29	1471,83
1319	01.08.2025 10:09:58	16,88	-0,07	0,17	0,29	1471,83
1320	01.08.2025 10:09:59	16,88	-0,07	0,18	0,32	1471,84
1321	01.08.2025 10:10:00	16,88	-0,05	0,20	0,35	1471,87
1322	01.08.2025 10:10:01	16,88	-0,05	0,20	0,35	1471,87
1323	01.08.2025 10:10:02	16,88	-0,05	0,20	0,35	1471,87
1324	01.08.2025 10:10:03	16,88	-0,05	0,20	0,35	1471,87
1325	01.08.2025 10:10:04	16,88	-0,05	0,20	0,35	1471,87
1326	01.08.2025 10:10:05	16,88	-0,05	0,22	0,38	1471,88
1327	01.08.2025 10:10:06	16,88	-0,05	0,18	0,32	1471,85
1328	01.08.2025 10:10:07	16,88	-0,05	0,18	0,32	1471,85
1329	01.08.2025 10:10:08	16,88	-0,07	0,18	0,32	1471,84
1330	01.08.2025 10:10:09	16,88	-0,07	0,17	0,29	1471,83
1331	01.08.2025 10:10:10	16,88	-0,05	0,17	0,29	1471,83
1332	01.08.2025 10:10:11	16,88	-0,05	0,18	0,32	1471,85
1333	01.08.2025 10:10:12	16,88	-0,05	0,17	0,29	1471,83
1334	01.08.2025 10:10:13	16,88	-0,05	0,18	0,32	1471,85
1335	01.08.2025 10:10:14	16,88	-0,05	0,20	0,35	1471,87
1336	01.08.2025 10:10:15	16,88	-0,05	0,20	0,35	1471,87
1337	01.08.2025 10:10:16	16,88	-0,05	0,23	0,40	1471,90
1338	01.08.2025 10:10:17	16,88	-0,05	0,25	0,43	1471,92
1339	01.08.2025 10:10:18	16,88	-0,07	0,25	0,43	1471,92
1340	01.08.2025 10:10:19	16,88	-0,05	0,22	0,38	1471,88
1341	01.08.2025 10:10:20	16,88	-0,05	0,22	0,38	1471,88
1342	01.08.2025 10:10:21	16,88	-0,07	0,22	0,38	1471,88
1343	01.08.2025 10:10:22	16,88	-0,05	0,18	0,32	1471,85
1344	01.08.2025 10:10:23	16,88	-0,07	0,18	0,32	1471,84
1345	01.08.2025 10:10:24	16,88	-0,05	0,18	0,32	1471,85
1346	01.08.2025 10:10:25	16,88	-0,07	0,20	0,35	1471,86
1347	01.08.2025 10:10:26	16,88	-0,05	0,20	0,35	1471,87
1348	01.08.2025 10:10:27	16,88	-0,05	0,18	0,32	1471,85
1349	01.08.2025 10:10:28	16,88	-0,07	0,20	0,35	1471,86
1350	01.08.2025 10:10:29	16,88	-0,03	0,20	0,35	1471,87
1351	01.08.2025 10:10:30	16,88	-0,05	0,20	0,35	1471,87
1352	01.08.2025 10:10:31	16,88	-0,05	0,22	0,38	1471,88
1353	01.08.2025 10:10:32	16,88	-0,05	0,22	0,38	1471,88
1354	01.08.2025 10:10:33	16,88	-0,05	0,22	0,38	1471,88
1355	01.08.2025 10:10:34	16,88	-0,05	0,22	0,38	1471,88
1356	01.08.2025 10:10:35	16,88	-0,05	0,22	0,38	1471,88
1357	01.08.2025 10:10:36	16,91	-0,05	0,22	0,38	1471,99
1358	01.08.2025 10:10:37	16,88	-0,05	0,25	0,43	1471,92
1359	01.08.2025 10:10:38	16,88	-0,05	0,25	0,43	1471,92
1360	01.08.2025 10:10:39	16,88	-0,07	0,23	0,40	1471,90
1361	01.08.2025 10:10:40	16,91	-0,07	0,23	0,40	1472,00
1362	01.08.2025 10:10:41	16,91	-0,05	0,23	0,40	1472,00
1363	01.08.2025 10:10:42	16,91	-0,05	0,22	0,38	1471,99
1364	01.08.2025 10:10:43	16,88	-0,05	0,23	0,40	1471,90
1365	01.08.2025 10:10:44	16,91	-0,07	0,25	0,43	1472,02
1366	01.08.2025 10:10:45	16,91	-0,05	0,25	0,43	1472,02
1367	01.08.2025 10:10:46	16,91	-0,05	0,27	0,46	1472,04
1368	01.08.2025 10:10:47	16,91	-0,05	0,27	0,46	1472,04
1369	01.08.2025 10:10:48	16,91	-0,05	0,27	0,46	1472,04
1370	01.08.2025 10:10:49	16,91	-0,05	0,31	0,54	1472,10
1371	01.08.2025 10:10:50	16,91	-0,05	0,33	0,57	1472,12
1372	01.08.2025 10:10:51	16,91	-0,05	0,31	0,54	1472,10
1373	01.08.2025 10:10:52	16,91	-0,05	0,33	0,57	1472,12
1374	01.08.2025 10:10:53	16,91	-0,05	0,31	0,54	1472,10
1375	01.08.2025 10:10:54	16,91	-0,05	0,30	0,52	1472,08
1376	01.08.2025 10:10:55	16,91	-0,05	0,36	0,63	1472,16
1377	01.08.2025 10:10:56	16,91	-0,05	0,35	0,60	1472,14
1378	01.08.2025 10:10:57	16,91	-0,05	0,27	0,46	1472,04
1379	01.08.2025 10:10:58	16,91	-0,05	0,30	0,52	1472,08
1380	01.08.2025 10:10:59	16,91	-0,05	0,28	0,49	1472,06
1381	01.08.2025 10:11:00	16,91	-0,05	0,27	0,46	1472,04
1382	01.08.2025 10:11:01	16,91	-0,05	0,27	0,46	1472,04
1383	01.08.2025 10:11:02	16,91	-0,05	0,28	0,49	1472,06
1384	01.08.2025 10:11:03	16,91	-0,05	0,25	0,43	1472,02
1385	01.08.2025 10:11:04	16,91	-0,05	0,27	0,46	1472,04
1386	01.08.2025 10:11:05	16,91	-0,05	0,25	0,43	1472,02
1387	01.08.2025 10:11:06	16,91	-0,07	0,27	0,46	1472,04
1388	01.08.2025 10:11:07	16,91	-0,05	0,28	0,49	1472,06
1389	01.08.2025 10:11:08	16,91	-0,05	0,25	0,43	1472,02
1390	01.08.2025 10:11:09	16,91	-0,07	0,23	0,40	1472,00
1391	01.08.2025 10:11:10	16,91	-0,05	0,23	0,40	1472,00
1392	01.08.2025 10:11:11	16,91	-0,05	0,25	0,43	1472,02
1393	01.08.2025 10:11:12	16,91	-0,05	0,23	0,40	1472,00
1394	01.08.2025 10:11:13	16,91	-0,07	0,23	0,40	1472,00
1395	01.08.2025 10:11:14	16,91	-0,05	0,25	0,43	1472,02
1396	01.08.2025 10:11:15	16,91	-0,07	0,25	0,43	1472,02
1397	01.08.2025 10:11:16	16,91	-0,05	0,25	0,43	1472,02
1398	01.08.2025 10:11:17	16,91	-0,05	0,23	0,40	1472,00
1399	01.08.2025 10:11:18	16,91	-0,05	0,22	0,38	1471,99
1400	01.08.2025 10:11:19	16,91	-0,05	0,22	0,38	1471,99
1401	01.08.2025 10:11:20	16,91	-0,05	0,23	0,40	1472,00
1402	01.08.2025 10:11:21	16,91	-0,07	0,25	0,43	1472,02
1403	01.08.2025 10:11:22	16,91	-0,07	0,23	0,40	1472,00
1404	01.08.2025 10:11:23	16,91	-0,05	0,23	0,40	1472,00
1405	01.08.2025 10:11:24	16,91	-0,05	0,23	0,40	1472,00
1406	01.08.2025 10:11:25	16,91	-0,05	0,22	0,38	1471,99
1407	01.08.2025 10:11:26	16,91	-0,05	0,23	0,40	1472,00
1408	01.08.2025 10:11:27	16,91	-0,05	0,23	0,40	1472,00
1409	01.08.2025 10:11:28	16,91	-0,05	0,25	0,43	1472,02
1410	01.08.2025 10:11:29	16,91	-0,05	0,23	0,40	1472,00
1411	01.08.2025 10:11:30	16,91	-0,05	0,20	0,35	1471,97
1412	01.08.2025 10:11:31	16,91	-0,05	0,22	0,38	1471,99
1413	01.08.2025 10:11:32	16,91	-0,05	0,23	0,40	1472,00
1414	01.08.2025 10:11:33	16,91	-0,05	0,25	0,43	1472,02
1415	01.08.2025 10:11:34	16,91	-0,05	0,23	0,40	1472,00
1416	01.08.2025 10:11:35	16,94	-0,03	0,20	0,35	1472,07
1417	01.08.2025 10:11:36	16,91	-0,05	0,22	0,38	1471,99
1418	01.08.2025 10:11:37	16,91	-0,07	0,25	0,43	1472,02
1419	01.08.2025 10:11:38	16,91	-0,05	0,23	0,40	1472,00
1420	01.08.2025 10:11:39	16,91	-0,05	0,22	0,38	1471,99
1421	01.08.2025 10:11:40	16,91	-0,05	0,22	0,38	1471,99
1422	01.08.2025 10:11:41	16,94	-0,01	0,25	0,43	1472,13
1423	01.08.2025 10:11:42	16,94	-0,03	0,25	0,43	1472,13
1424	01.08.2025 10:11:43	16,94	-0,03	0,25	0,43	1472,13
1425	01.08.2025 10:11:44	16,94	-0,05	0,25	0,43	1472,12
1426	01.08.2025 10:11:45	16,94	-0,03	0,22	0,38	1472,09
1427	01.08.2025 10:11:46	16,94	-0,03	0,20	0,35	1472,07
1428	01.08.2025 10:11:47	16,94	-0,03	0,23	0,40	1472,11
1429	01.08.2025 10:11:48	16,94	-0,03	0,25	0,43	1472,13
1430	01.08.2025 10:11:49	16,94	-0,03	0,23	0,40	1472,11
1431	01.08.2025 10:11:50	16,94	-0,03	0,22	0,38	1472,09
1432	01.08.2025 10:11:51	16,94	-0,03	0,23	0,40	1472,11
1433	01.08.2025 10:11:52	16,94	-0,03	0,25	0,43	1472,13
1434	01.08.2025 10:11:53	16,94	-0,03	0,23	0,40	1472,11
1435	01.08.2025 10:11:54	16,94	-0,03	0,25	0,43	1472,13
1436	01.08.2025 10:11:55	16,94	-0,03	0,23	0,40	1472,11
1437	01.08.2025 10:11:56	16,94	-0,03	0,22	0,38	1472,09
1438	01.08.2025 10:11:57	16,94	-0,03	0,22	0,38	1472,09
1439	01.08.2025 10:11:58	16,94	-0,03	0,25	0,43	1472,13
1440	01.08.2025 10:11:59	16,94	-0,03	0,23	0,40	1472,11
1441	01.08.2025 10:12:00	16,94	-0,01	0,22	0,38	1472,09
1442	01.08.2025 10:12:01	16,94	-0,03	0,23	0,40	1472,11
1443	01.08.2025 10:12:02	16,94	-0,05	0,23	0,40	1472,11
1444	01.08.2025 10:12:03	16,94	-0,03	0,22	0,38	1472,09
1445	01.08.2025 10:12:04	16,94	-0,05	0,20	0,35	1472,07
1446	01.08.2025 10:12:05	16,94	-0,05	0,23	0,40	1472,11
1447	01.08.2025 10:12:06	16,94	-0,03	0,25	0,43	1472,13
1448	01.08.2025 10:12:07	16,94	-0,03	0,23	0,40	1472,11
1449	01.08.2025 10:12:08	16,94	-0,03	0,22	0,38	1472,09
1450	01.08.2025 10:12:09	16,94	-0,03	0,20	0,35	1472,07
1451	01.08.2025 10:12:10	16,94	-0,03	0,22	0,38	1472,09
1452	01.08.2025 10:12:11	16,94	-0,03	0,25	0,43	1472,13
1453	01.08.2025 10:12:12	16,94	-0,05	0,26	0,46	1472,14
1454	01.08.2025 10:12:13	16,94	-0,03	0,22	0,38	1472,09
1455	01.08.2025 10:12:14	16,94	-0,05	0,20	0,35	1472,07
1456	01.08.2025 10:12:15	16,94	-0,03	0,22	0,38	1472,09
1457	01.08.2025 10:12:16	16,94	-0,03	0,25	0,43	1472,13
1458	01.08.2025 10:12:17	16,94	-0,03	0,23	0,40	1472,11
1459	01.08.2025 10:12:18	16,94	-0,05	0,25	0,43	1472,12
1460	01.08.2025 10:12:19	16,94	-0,03	0,20	0,35	1472,07
1461	01.08.2025 10:12:20	16,94	-0,03	0,20	0,35	1472,07
1462	01.08.2025 10:12:21	16,94	-0,03	0,23	0,40	1472,11
1463	01.08.2025 10:12:22	16,94	-0,03	0,25	0,43	1472,13
1464	01.08.2025 10:12:23	16,94	-0,03	0,23	0,40	1472,11
1465	01.08.2025 10:12:24	16,94	-0,03	0,23	0,40	1472,11
1466	01.08.2025 10:12:25	16,94	-0,03	0,22	0,38	1472,09
1467	01.08.2025 10:12:26	16,94	-0,03	0,23	0,40	1472,11
1468	01.08.2025 10:12:27	16,94	-0,03	0,22	0,38	1472,09
1469	01.08.2025 10:12:28	16,94	-0,03	0,22	0,38	1472,09
1470	01.08.2025 10:12:29	16,94	-0,03	0,25	0,43	1472,13
1471	01.08.2025 10:12:30	16,94	-0,03	0,23	0,40	1472,11
1472	01.08.2025 10:12:31	16,97	-0,03	0,22	0,38	1472,19
1473	01.08.2025 10:12:32	16,94	-0,03	0,25	0,43	1472,13
1474	01.08.2025 10:12:33	16,97	-0,05	0,23	0,40	1472,21
1475	01.08.2025 10:12:34	16,97	-0,03	0,22	0,38	1472,19
1476	01.08.2025 10:12:35	16,97	-0,03	0,23	0,40	1472,21
1477	01.08.2025 10:12:36	16,97	-0,03	0,25	0,43	1472,23
1478	01.08.2025 10:12:37	16,97	-0,05	0,20	0,35	1472,17
1479	01.08.2025 10:12:38	16,97	-0,03	0,22	0,38	1472,19
1480	01.08.2025 10:12:39	16,97	-0,03	0,25	0,43	1472,23
1481	01.08.2025 10:12:40	16,97	-0,03	0,23	0,40	1472,21
1482	01.08.2025 10:12:41	16,97	-0,05	0,22	0,38	1472,19
1483	01.08.2025 10:12:42	16,97	-0,05	0,23	0,40	1472,21
1484	01.08.2025 10:12:43	16,97	-0,03	0,23	0,40	1472,21
1485	01.08.2025 10:12:44	16,97	-0,03	0,25	0,43	1472,23
1486	01.08.2025 10:12:45	16,97	-0,03	0,22	0,38	1472,19
1487	01.08.2025 10:12:46	16,97	-0,03	0,20	0,35	1472,17
1488	01.08.2025 10:12:47	16,97	-0,05	0,23	0,40	1472,21
1489	01.08.2025 10:12:48	16,97	-0,03	0,25	0,43	1472,23
1490	01.08.2025 10:12:49	16,97	-0,03	0,26	0,46	1472,25
1491	01.08.2025 10:12:50	16,97	-0,05	0,22	0,38	1472,19
1492	01.08.2025 10:12:51	16,97	-0,03	0,20	0,35	1472,17
1493	01.08.2025 10:12:52	16,97	-0,05	0,25	0,43	1472,22
1494	01.08.2025 10:12:53	16,97	-0,03	0,23	0,40	1472,21
1495	01.08.2025 10:12:54	16,97	-0,03	0,22	0,38	1472,19
1496	01.08.2025 10:12:55	16,97	-0,05	0,23	0,40	1472,21
1497	01.08.2025 10:12:56	16,97	-0,03	0,25	0,43	1472,23
1498	01.08.2025 10:12:57	16,97	-0,03	0,23	0,40	1472,21
1499	01.08.2025 10:12:58	16,97	-0,03	0,23	0,40	1472,21
1500	01.08.2025 10:12:59	16,97	-0,03	0,22	0,38	1472,19
1501	01.08.2025 10:13:00	16,97	-0,05	0,23	0,40	1472,21
1502	01.08.2025 10:13:01	16,97	-0,05	0,23	0,40	1472,21
1503	01.08.2025 10:13:02	16,97	-0,05	0,22	0,38	1472,19
1504	01.08.2025 10:13:03	16,97	-0,05	0,22	0,38	1472,19
1505	01.08.2025 10:13:04	16,97	-0,05	0,25	0,43	1472,22
1506	01.08.2025 10:13:05	16,97	-0,05	0,23	0,40	1472,21
1507	01.08.2025 10:13:06	16,97	-0,05	0,23	0,40	1472,21
1508	01.08.2025 10:13:07	16,97	-0,05	0,25	0,43	1472,22
1509	01.08.2025 10:13:08	16,97	-0,03	0,22	0,38	1472,19
1510	01.08.2025 10:13:09	16,97	-0,05	0,20	0,35	1472,17
1511	01.08.2025 10:13:10	16,97	-0,03	0,23	0,40	1472,21
1512	01.08.2025 10:13:11	16,97	-0,05	0,23	0,40	1472,21
1513	01.08.2025 10:13:12	16,97	-0,03	0,22	0,38	1472,19
1514	01.08.2025 10:13:13	17,00	-0,05	0,25	0,43	1472,33
1515	01.08.2025 10:13:14	16,97	-0,05	0,23	0,40	1472,21
1516	01.08.2025 10:13:15	17,00	-0,03	0,22	0,38	1472,29
1517	01.08.2025 10:13:16	17,00	-0,05	0,25	0,43	1472,33
1518	01.08.2025 10:13:17	17,00	-0,05	0,25	0,43	1472,33
1519	01.08.2025 10:13:18	16,97	-0,03	0,22	0,38	1472,19
1520	01.08.2025 10:13:19	17,00	-0,03	0,23	0,40	1472,31
1521	01.08.2025 10:13:20	17,00	-0,03	0,23	0,40	1472,31
1522	01.08.2025 10:13:21	17,00	-0,03	0,25	0,43	1472,33
1523	01.08.2025 10:13:22	17,00	-0,05	0,23	0,40	1472,31
1524	01.08.2025 10:13:23	17,00	-0,05	0,22	0,38	1472,29
1525	01.08.2025 10:13:24	17,00	-0,05	0,25	0,43	1472,33
1526	01.08.2025 10:13:25	17,00	-0,05	0,25	0,43	1472,33
1527	01.08.2025 10:13:26	17,00	-0,05	0,23	0,40	1472,31
1528	01.08.2025 10:13:27	17,00	-0,03	0,22	0,38	1472,29
1529	01.08.2025 10:13:28	17,00	-0,03	0,23	0,40	1472,31
1530	01.08.2025 10:13:29	17,00	-0,03	0,25	0,43	1472,33
1531	01.08.2025 10:13:30	17,00	-0,03	0,23	0,40	1472,31
1532	01.08.2025 10:13:31	17,00	-0,05	0,25	0,43	1472,33
1533	01.08.2025 10:13:32	17,00	-0,05	0,23	0,40	1472,31
1534	01.08.2025 10:13:33	17,00	-0,03	0,23	0,40	1472,31
1535	01.08.2025 10:13:34	17,00	-0,03	0,23	0,40	1472,31
1536	01.08.2025 10:13:35	17,00	-0,05	0,22	0,38	1472,29
1537	01.08.2025 10:13:36	17,00	-0,03	0,22	0,38	1472,29
1538	01.08.2025 10:13:37	17,00	-0,05	0,23	0,40	1472,31
1539	01.08.2025 10:13:38	17,00	-0,05	0,23	0,40	1472,31
1540	01.08.2025 10:13:39	17,00	-0,03	0,22	0,38	1472,29
1541	01.08.2025 10:13:40	17,00	-0,03	0,22	0,38	1472,29
1542	01.08.2025 10:13:41	17,00	-0,03	0,23	0,40	1472,31
1543	01.08.2025 10:13:42	17,00	-0,03	0,25	0,43	1472,33
1544	01.08.2025 10:13:43	17,00	-0,05	0,23	0,40	1472,31
1545	01.08.2025 10:13:44	17,00	-0,05	0,20	0,35	1472,27
1546	01.08.2025 10:13:45	17,00	-0,03	0,20	0,35	1472,27
1547	01.08.2025 10:13:46	17,00	-0,03	0,23	0,40	1472,31
1548	01.08.2025 10:13:47	17,00	-0,03	0,25	0,43	1472,33
1549	01.08.2025 10:13:48	17,00	-0,05	0,23	0,40	1472,31
1550	01.08.2025 10:13:49	17,00	-0,03	0,20	0,35	1472,27
1551	01.08.2025 10:13:50	17,00	-0,03	0,25	0,43	1472,33
1552	01.08.2025 10:13:51	17,00	-0,03	0,25	0,43	1472,33
1553	01.08.2025 10:13:52	17,00	-0,05	0,22	0,38	1472,29
1554	01.08.2025 10:13:53	17,03	-0,03	0,22	0,38	1472,39
1555	01.08.2025 10:13:54	17,03	-0,05	0,23	0,40	1472,41
1556	01.08.2025 10:13:55	17,00	-0,05	0,23	0,40	1472,31
1557	01.08.2025 10:13:56	17,00	-0,05	0,23	0,40	1472,31
1558	01.08.2025 10:13:57	17,03	-0,05	0,25	0,43	1472,43
1559	01.08.2025 10:13:58	17,03	-0,03	0,23	0,40	1472,41
1560	01.08.2025 10:13:59	17,03	-0,03	0,22	0,38	1472,39
1561	01.08.2025 10:14:00	17,03	-0,03	0,23	0,40	1472,41
1562	01.08.2025 10:14:01	17,03	-0,05	0,23	0,40	1472,41
1563	01.08.2025 10:14:02	17,03	-0,03	0,22	0,38	1472,39
1564	01.08.2025 10:14:03	17,03	-0,05	0,22	0,38	1472,39
1565	01.08.2025 10:14:04	17,03	-0,05	0,25	0,43	1472,43
1566	01.08.2025 10:14:05	17,03	-0,05	0,23	0,40	1472,41
1567	01.08.2025 10:14:06	17,03	-0,05	0,22	0,38	1472,39
1568	01.08.2025 10:14:07	17,03	-0,05	0,23	0,40	1472,41
1569	01.08.2025 10:14:08	17,03	-0,05	0,25	0,43	1472,43
1570	01.08.2025 10:14:09	17,03	-0,03	0,23	0,40	1472,41
1571	01.08.2025 10:14:10	17,03	-0,03	0,23	0,40	1472,41
1572	01.08.2025 10:14:11	17,03	-0,03	0,23	0,40	1472,41
1573	01.08.2025 10:14:12	17,03	-0,05	0,22	0,38	1472,39
1574	01.08.2025 10:14:13	17,03	-0,05	0,25	0,43	1472,43
1575	01.08.2025 10:14:14	17,03	-0,03	0,25	0,43	1472,43
1576	01.08.2025 10:14:15	17,03	-0,05	0,22	0,38	1472,39
1577	01.08.2025 10:14:16	17,03	-0,03	0,22	0,38	1472,39
1578	01.08.2025 10:14:17	17,03	-0,05	0,25	0,43	1472,43
1579	01.08.2025 10:14:18	17,03	-0,05	0,25	0,43	1472,43
1580	01.08.2025 10:14:19	17,03	-0,05	0,22	0,38	1472,39
1581	01.08.2025 10:14:20	17,03	-0,05	0,22	0,38	1472,39
1582	01.08.2025 10:14:21	17,03	-0,05	0,25	0,43	1472,43
1583	01.08.2025 10:14:22	17,03	-0,05	0,25	0,43	1472,43
1584	01.08.2025 10:14:23	17,03	-0,05	0,25	0,43	1472,43
1585	01.08.2025 10:14:24	17,03	-0,03	0,23	0,40	1472,41
1586	01.08.2025 10:14:25	17,03	-0,05	0,22	0,38	1472,39
1587	01.08.2025 10:14:26	17,03	-0,03	0,23	0,40	1472,41
1588	01.08.2025 10:14:27	17,03	-0,05	0,25	0,43	1472,43
1589	01.08.2025 10:14:28	17,03	-0,05	0,23	0,40	1472,41
1590	01.08.2025 10:14:29	17,03	-0,05	0,20	0,35	1472,37
1591	01.08.2025 10:14:30	17,06	-0,05	0,23	0,40	1472,51
1592	01.08.2025 10:14:31	17,03	-0,03	0,25	0,43	1472,43
1593	01.08.2025 10:14:32	17,03	-0,05	0,23	0,40	1472,41
1594	01.08.2025 10:14:33	17,06	-0,03	0,22	0,38	1472,49
1595	01.08.2025 10:14:34	17,06	-0,05	0,25	0,43	1472,53
1596	01.08.2025 10:14:35	17,06	-0,05	0,23	0,40	1472,51
1597	01.08.2025 10:14:36	17,06	-0,03	0,22	0,38	1472,49
1598	01.08.2025 10:14:37	17,06	-0,03	0,23	0,40	1472,51
1599	01.08.2025 10:14:38	17,06	-0,05	0,25	0,43	1472,53
1600	01.08.2025 10:14:39	17,06	-0,05	0,25	0,43	1472,53
1601	01.08.2025 10:14:40	17,06	-0,03	0,22	0,38	1472,49
1602	01.08.2025 10:14:41	17,06	-0,03	0,22	0,38	1472,49
1603	01.08.2025 10:14:42	17,06	-0,03	0,25	0,43	1472,53
1604	01.08.2025 10:14:43	17,06	-0,03	0,25	0,43	1472,53
1605	01.08.2025 10:14:44	17,06	-0,05	0,22	0,38	1472,49
1606	01.08.2025 10:14:45	17,06	-0,03	0,22	0,38	1472,49
1607	01.08.2025 10:14:46	17,06	-0,03	0,23	0,40	1472,51
1608	01.08.2025 10:14:47	17,06	-0,05	0,25	0,43	1472,53
1609	01.08.2025 10:14:48	17,06	-0,03	0,25	0,43	1472,53
1610	01.08.2025 10:14:49	17,06	-0,03	0,20	0,35	1472,47
1611	01.08.2025 10:14:50	17,06	-0,05	0,22	0,38	1472,49
1612	01.08.2025 10:14:51	17,06	-0,03	0,25	0,43	1472,53
1613	01.08.2025 10:14:52	17,06	-0,05	0,25	0,43	1472,53
1614	01.08.2025 10:14:53	17,06	-0,05	0,20	0,35	1472,47
1615	01.08.2025 10:14:54	17,06	-0,05	0,22	0,38	1472,49
1616	01.08.2025 10:14:55	17,06	-0,03	0,25	0,43	1472,53
1617	01.08.2025 10:14:56	17,06	-0,05	0,25	0,43	1472,53
1618	01.08.2025 10:14:57	17,06	-0,05	0,23	0,40	1472,51
1619	01.08.2025 10:14:58	17,06	-0,05	0,22	0,38	1472,49
1620	01.08.2025 10:14:59	17,06	-0,03	0,38	0,65	1472,68
1621	01.08.2025 10:15:00	17,06	-0,03	0,38	0,65	1472,68
1622	01.08.2025 10:15:01	17,06	-0,03	0,18	0,32	1472,45
1623	01.08.2025 10:15:02	17,06	-0,05	0,28	0,49	1472,56
1624	01.08.2025 10:15:03	17,06	-0,05	0,25	0,43	1472,53
1625	01.08.2025 10:15:04	17,06	-0,05	0,41	0,71	1472,72
1626	01.08.2025 10:15:05	17,06	-0,05	0,22	0,38	1472,49
1627	01.08.2025 10:15:06	17,06	-0,03	0,18	0,32	1472,45
1628	01.08.2025 10:15:07	17,06	-0,05	0,17	0,29	1472,43
1629	01.08.2025 10:15:08	17,06	-0,03	0,17	0,29	1472,43
1630	01.08.2025 10:15:09	17,06	-0,05	0,17	0,29	1472,43
1631	01.08.2025 10:15:10	17,06	-0,05	0,15	0,27	1472,41
1632	01.08.2025 10:15:11	17,06	-0,03	0,15	0,27	1472,42
1633	01.08.2025 10:15:12	17,06	-0,03	0,15	0,27	1472,42
1634	01.08.2025 10:15:13	17,06	-0,05	0,15	0,27	1472,41
1635	01.08.2025 10:15:14	17,06	-0,03	0,15	0,27	1472,42
1636	01.08.2025 10:15:15	17,06	-0,03	0,15	0,27	1472,42
1637	01.08.2025 10:15:16	17,06	-0,05	0,15	0,27	1472,41
1638	01.08.2025 10:15:17	17,06	-0,05	0,15	0,27	1472,41
1639	01.08.2025 10:15:18	17,06	-0,05	0,15	0,27	1472,41
1640	01.08.2025 10:15:19	17,06	-0,05	0,15	0,27	1472,41
1641	01.08.2025 10:15:20	17,06	-0,05	0,15	0,27	1472,41
1642	01.08.2025 10:15:21	17,06	-0,03	0,15	0,27	1472,42
1643	01.08.2025 10:15:22	17,06	-0,05	0,15	0,27	1472,41
1644	01.08.2025 10:15:23	17,06	-0,05	0,15	0,27	1472,41
1645	01.08.2025 10:15:24	17,06	-0,03	0,15	0,27	1472,42
1646	01.08.2025 10:15:25	17,06	-0,03	0,15	0,27	1472,42
1647	01.08.2025 10:15:26	17,06	-0,03	0,15	0,27	1472,42
1648	01.08.2025 10:15:27	17,06	-0,03	0,15	0,27	1472,42
1649	01.08.2025 10:15:28	17,06	-0,05	0,15	0,27	1472,41
1650	01.08.2025 10:15:29	17,06	-0,03	0,15	0,27	1472,42
1651	01.08.2025 10:15:30	17,06	-0,05	0,15	0,27	1472,41
1652	01.08.2025 10:15:31	17,06	-0,03	0,15	0,27	1472,42
1653	01.08.2025 10:15:32	17,06	-0,05	0,15	0,27	1472,41
1654	01.08.2025 10:15:33	17,06	-0,03	0,14	0,24	1472,40
1655	01.08.2025 10:15:34	17,06	-0,03	0,15	0,27	1472,42
1656	01.08.2025 10:15:35	17,06	-0,05	0,15	0,27	1472,41
1657	01.08.2025 10:15:36	17,06	-0,03	0,15	0,27	1472,42
1658	01.08.2025 10:15:37	17,06	-0,03	0,15	0,27	1472,42
1659	01.08.2025 10:15:38	17,06	-0,05	0,15	0,27	1472,41
1660	01.08.2025 10:15:39	17,06	-0,05	0,15	0,27	1472,41
1661	01.08.2025 10:15:40	17,06	-0,03	0,15	0,27	1472,42
1662	01.08.2025 10:15:41	17,09	-0,05	0,15	0,27	1472,51
1663	01.08.2025 10:15:42	17,09	-0,05	0,15	0,27	1472,51
1664	01.08.2025 10:15:43	17,09	-0,05	0,15	0,27	1472,51
1665	01.08.2025 10:15:44	17,09	-0,05	0,15	0,27	1472,51
1666	01.08.2025 10:15:45	17,09	-0,05	0,15	0,27	1472,51
1667	01.08.2025 10:15:46	17,09	-0,05	0,17	0,29	1472,53
1668	01.08.2025 10:15:47	17,09	-0,05	0,15	0,27	1472,51
1669	01.08.2025 10:15:48	17,09	-0,05	0,15	0,27	1472,51
1670	01.08.2025 10:15:49	17,09	-0,03	0,15	0,27	1472,52
1671	01.08.2025 10:15:50	17,09	-0,05	0,15	0,27	1472,51
1672	01.08.2025 10:15:51	17,09	-0,05	0,15	0,27	1472,51
1673	01.08.2025 10:15:52	17,09	-0,03	0,15	0,27	1472,52
1674	01.08.2025 10:15:53	17,09	-0,05	0,17	0,29	1472,53
1675	01.08.2025 10:15:54	17,09	-0,05	0,17	0,29	1472,53
1676	01.08.2025 10:15:55	17,09	-0,03	0,17	0,29	1472,53
1677	01.08.2025 10:15:56	17,09	-0,03	0,15	0,27	1472,52
1678	01.08.2025 10:15:57	17,09	-0,05	0,17	0,29	1472,53
1679	01.08.2025 10:15:58	17,09	-0,05	0,15	0,27	1472,51
1680	01.08.2025 10:15:59	17,09	-0,05	0,17	0,29	1472,53
1681	01.08.2025 10:16:00	17,09	-0,05	0,17	0,29	1472,53
1682	01.08.2025 10:16:01	17,09	-0,05	0,17	0,29	1472,53
1683	01.08.2025 10:16:02	17,09	-0,05	0,17	0,29	1472,53
1684	01.08.2025 10:16:03	17,09	-0,05	0,17	0,29	1472,53
1685	01.08.2025 10:16:04	17,09	-0,03	0,17	0,29	1472,53
1686	01.08.2025 10:16:05	17,09	-0,05	0,15	0,27	1472,51
1687	01.08.2025 10:16:06	17,09	-0,05	0,17	0,29	1472,53
1688	01.08.2025 10:16:07	17,09	-0,05	0,15	0,27	1472,51
1689	01.08.2025 10:16:08	17,09	-0,05	0,15	0,27	1472,51
1690	01.08.2025 10:16:09	17,12	-0,03	0,17	0,29	1472,63
1691	01.08.2025 10:16:10	17,12	-0,05	0,17	0,29	1472,63
1692	01.08.2025 10:16:11	17,12	-0,03	0,15	0,27	1472,62
1693	01.08.2025 10:16:12	17,12	-0,05	0,15	0,27	1472,61
1694	01.08.2025 10:16:13	17,12	-0,03	0,17	0,29	1472,63
1695	01.08.2025 10:16:14	17,12	-0,05	0,17	0,29	1472,63
1696	01.08.2025 10:16:15	17,12	-0,05	0,15	0,27	1472,61
1697	01.08.2025 10:16:16	17,12	-0,03	0,17	0,29	1472,63
1698	01.08.2025 10:16:17	17,12	-0,05	0,17	0,29	1472,63
1699	01.08.2025 10:16:18	17,12	-0,03	0,15	0,27	1472,62
1700	01.08.2025 10:16:19	17,12	-0,03	0,17	0,29	1472,63
1701	01.08.2025 10:16:20	17,12	-0,05	0,17	0,29	1472,63
1702	01.08.2025 10:16:21	17,12	-0,05	0,17	0,29	1472,63
1703	01.08.2025 10:16:22	17,12	-0,05	0,17	0,29	1472,63
1704	01.08.2025 10:16:23	17,12	-0,03	0,15	0,27	1472,62
1705	01.08.2025 10:16:24	17,12	-0,05	0,17	0,29	1472,63
1706	01.08.2025 10:16:25	17,12	-0,03	0,12	0,21	1472,58
1707	01.08.2025 10:16:26	17,12	-0,03	0,14	0,24	1472,60
1708	01.08.2025 10:16:27	17,12	-0,05	0,14	0,24	1472,60
1709	01.08.2025 10:16:28	17,12	-0,05	0,20	0,35	1472,67
1710	01.08.2025 10:16:29	17,12	-0,05	0,14	0,24	1472,60
1711	01.08.2025 10:16:30	17,12	-0,05	0,18	0,32	1472,65
1712	01.08.2025 10:16:31	17,12	-0,03	0,20	0,35	1472,67
1713	01.08.2025 10:16:32	17,12	-0,05	0,18	0,32	1472,65
1714	01.08.2025 10:16:33	17,15	-0,05	0,15	0,27	1472,71
1715	01.08.2025 10:16:34	17,15	-0,05	0,17	0,29	1472,73
1716	01.08.2025 10:16:35	17,15	-0,05	0,15	0,27	1472,71
1717	01.08.2025 10:16:36	17,15	-0,05	0,14	0,24	1472,70
1718	01.08.2025 10:16:37	17,15	-0,05	0,14	0,24	1472,70
1719	01.08.2025 10:16:38	17,15	-0,05	0,15	0,27	1472,71
1720	01.08.2025 10:16:39	17,15	-0,05	0,15	0,27	1472,71
1721	01.08.2025 10:16:40	17,15	-0,05	0,17	0,29	1472,73
1722	01.08.2025 10:16:41	17,15	-0,05	0,15	0,27	1472,71
1723	01.08.2025 10:16:42	17,15	-0,05	0,14	0,24	1472,70
1724	01.08.2025 10:16:43	17,15	-0,05	0,17	0,29	1472,73
1725	01.08.2025 10:16:44	17,15	-0,03	0,15	0,27	1472,72
1726	01.08.2025 10:16:45	17,15	-0,05	0,14	0,24	1472,70
1727	01.08.2025 10:16:46	17,15	-0,05	0,14	0,24	1472,70
1728	01.08.2025 10:16:47	17,15	-0,03	0,14	0,24	1472,70
1729	01.08.2025 10:16:48	17,15	-0,05	0,15	0,27	1472,71
1730	01.08.2025 10:16:49	17,15	-0,05	0,15	0,27	1472,71
1731	01.08.2025 10:16:50	17,15	-0,05	0,15	0,27	1472,71
1732	01.08.2025 10:16:51	17,15	-0,03	0,15	0,27	1472,72
1733	01.08.2025 10:16:52	17,15	-0,03	0,17	0,29	1472,73
1734	01.08.2025 10:16:53	17,15	-0,05	0,15	0,27	1472,71
1735	01.08.2025 10:16:54	17,15	-0,03	0,14	0,24	1472,70
1736	01.08.2025 10:16:55	17,15	-0,05	0,15	0,27	1472,71
1737	01.08.2025 10:16:56	17,15	-0,05	0,15	0,27	1472,71
1738	01.08.2025 10:16:57	17,15	-0,05	0,14	0,24	1472,70
1739	01.08.2025 10:16:58	17,15	-0,05	0,17	0,29	1472,73
1740	01.08.2025 10:16:59	17,15	-0,05	0,14	0,24	1472,70
1741	01.08.2025 10:17:00	17,15	-0,05	0,14	0,24	1472,70
1742	01.08.2025 10:17:01	17,15	-0,05	0,14	0,24	1472,70
1743	01.08.2025 10:17:02	17,15	-0,05	0,12	0,21	1472,68
1744	01.08.2025 10:17:03	17,15	-0,03	0,12	0,21	1472,68
1745	01.08.2025 10:17:04	17,18	-0,05	0,12	0,21	1472,78
1746	01.08.2025 10:17:05	17,18	-0,05	0,40	0,68	1473,10
1747	01.08.2025 10:17:06	17,18	-0,05	0,43	0,74	1473,14
1748	01.08.2025 10:17:07	17,18	-0,05	0,17	0,29	1472,83
1749	01.08.2025 10:17:08	17,18	-0,03	0,12	0,21	1472,78
1750	01.08.2025 10:17:09	17,18	-0,05	0,21	0,38	1472,89
1751	01.08.2025 10:17:10	17,18	-0,05	0,30	0,52	1472,98
1752	01.08.2025 10:17:11	17,18	-0,05	0,15	0,27	1472,81
1753	01.08.2025 10:17:12	17,18	-0,05	0,15	0,27	1472,81
1754	01.08.2025 10:17:13	17,18	-0,05	0,14	0,24	1472,80
1755	01.08.2025 10:17:14	17,18	-0,05	0,14	0,24	1472,80
1756	01.08.2025 10:17:15	17,18	-0,05	0,18	0,32	1472,85
1757	01.08.2025 10:17:16	17,18	-0,05	0,15	0,27	1472,81
1758	01.08.2025 10:17:17	17,18	-0,05	0,17	0,29	1472,83
1759	01.08.2025 10:17:18	17,18	-0,05	0,10	0,18	1472,76
1760	01.08.2025 10:17:19	17,18	-0,03	0,09	0,16	1472,74
1761	01.08.2025 10:17:20	17,18	-0,05	0,10	0,18	1472,76
1762	01.08.2025 10:17:21	17,18	-0,05	0,35	0,60	1473,04
1763	01.08.2025 10:17:22	17,18	-0,05	0,33	0,57	1473,02
1764	01.08.2025 10:17:23	17,30	-0,05	0,18	0,32	1473,25
1765	01.08.2025 10:17:24	17,45	-0,05	0,33	0,57	1473,91
1766	01.08.2025 10:17:25	17,48	-0,15	0,18	0,32	1473,83
1767	01.08.2025 10:17:26	17,60	-0,17	0,38	0,65	1474,44
1768	01.08.2025 10:17:27	17,72	-0,15	0,36	0,63	1474,82
1769	01.08.2025 10:17:28	17,81	-0,15	0,47	0,82	1475,25
1770	01.08.2025 10:17:29	17,90	-0,10	0,16	0,29	1475,19
1771	01.08.2025 10:17:30	18,02	-0,08	0,18	0,32	1475,60
1772	01.08.2025 10:17:31	18,05	-0,08	0,15	0,27	1475,66
1773	01.08.2025 10:17:32	18,08	-0,12	0,19	0,35	1475,81
1774	01.08.2025 10:17:33	18,37	-0,08	0,34	0,60	1476,95
1775	01.08.2025 10:17:34	18,55	-0,08	0,22	0,40	1477,39
1776	01.08.2025 10:17:35	18,67	-0,12	0,48	0,85	1478,06
1777	01.08.2025 10:17:36	18,76	-0,12	0,58	1,02	1478,46
1778	01.08.2025 10:17:37	18,94	-0,21	0,59	1,05	1479,03
