#B	Created:	29.08.2025 09:11:49
##	Version	SeaStar	9.59
#5	Field separation:	0
#2	Date & Time:	1
#6	Decimal point:	,
#7	Date def.:	dd.mm.yyyy	.
#8	Time def.:	:
##	Axis	0	Temperature(°C)	clRed	FALSE
##	Axis	1	Pressure(Bar)	clBlue	FALSE
##	Axis	2	Salinity(psu)	clGreen	FALSE
##	Axis	3	Conductivity(mS/cm)	$00FF80FF	FALSE
##	Axis	4	Sound Velocity(m/sec)	$00404080	FALSE
##	Series	0	Temp(°C)	clRed	0	Temp(°C)	2
##	Series	1	Press(Bar)	clBlue	1	Press(Bar)	2
##	Series	2	Salinity(psu)	clGreen	2	Salinity(psu)	2
##	Series	3	Conduct(mS/cm)	$00FF80FF	3	Conduct(mS/cm)	2
##	Series	4	Sound Velocity(m/sec)	$00404080	4	Velocity(m/sec)	2
##	Recorder	114	DST CTD	13528
##	Chart	114S13528DAT	
#D	Data:	1700	29.08.2025 08:43:00	29.08.2025 09:11:19
1	29.08.2025 08:43:00	23,40	-0,10	0,23	0,45	1492,12
2	29.08.2025 08:43:01	23,40	-0,10	0,23	0,45	1492,12
3	29.08.2025 08:43:02	23,40	-0,10	0,23	0,45	1492,12
4	29.08.2025 08:43:03	23,40	-0,12	0,23	0,45	1492,12
5	29.08.2025 08:43:04	23,40	-0,12	0,23	0,45	1492,12
6	29.08.2025 08:43:05	23,40	-0,10	0,23	0,45	1492,12
7	29.08.2025 08:43:06	23,40	-0,12	0,23	0,45	1492,12
8	29.08.2025 08:43:07	23,40	-0,12	0,23	0,45	1492,12
9	29.08.2025 08:43:08	23,40	-0,12	0,23	0,45	1492,12
10	29.08.2025 08:43:09	23,37	-0,12	0,23	0,45	1492,04
11	29.08.2025 08:43:10	23,37	-0,12	0,23	0,45	1492,04
12	29.08.2025 08:43:11	23,37	-0,12	0,21	0,43	1492,02
13	29.08.2025 08:43:12	23,37	-0,12	0,21	0,43	1492,02
14	29.08.2025 08:43:13	23,37	-0,12	0,23	0,45	1492,04
15	29.08.2025 08:43:14	23,37	-0,12	0,23	0,45	1492,04
16	29.08.2025 08:43:15	23,37	-0,12	0,23	0,45	1492,04
17	29.08.2025 08:43:16	23,34	-0,10	0,23	0,45	1491,96
18	29.08.2025 08:43:17	23,34	-0,10	0,23	0,45	1491,96
19	29.08.2025 08:43:18	23,34	-0,08	0,21	0,43	1491,95
20	29.08.2025 08:43:19	23,34	-0,10	0,23	0,45	1491,96
21	29.08.2025 08:43:20	23,34	-0,10	0,23	0,45	1491,96
22	29.08.2025 08:43:21	23,34	-0,12	0,23	0,45	1491,95
23	29.08.2025 08:43:22	23,34	-0,12	0,21	0,43	1491,94
24	29.08.2025 08:43:23	23,34	-0,12	0,21	0,43	1491,94
25	29.08.2025 08:43:24	23,34	-0,10	0,23	0,45	1491,96
26	29.08.2025 08:43:25	23,34	-0,12	0,23	0,45	1491,95
27	29.08.2025 08:43:26	23,32	-0,12	0,23	0,45	1491,87
28	29.08.2025 08:43:27	23,32	-0,12	0,23	0,45	1491,87
29	29.08.2025 08:43:28	23,32	-0,12	0,23	0,45	1491,87
30	29.08.2025 08:43:29	23,32	-0,10	0,21	0,43	1491,86
31	29.08.2025 08:43:30	23,32	-0,12	0,23	0,45	1491,87
32	29.08.2025 08:43:31	23,32	-0,12	0,23	0,45	1491,87
33	29.08.2025 08:43:32	23,32	-0,10	0,21	0,43	1491,86
34	29.08.2025 08:43:33	23,32	-0,10	0,23	0,45	1491,87
35	29.08.2025 08:43:34	23,29	-0,10	0,21	0,43	1491,78
36	29.08.2025 08:43:35	23,29	-0,10	0,21	0,43	1491,78
37	29.08.2025 08:43:36	23,29	-0,10	0,23	0,45	1491,79
38	29.08.2025 08:43:37	23,29	-0,10	0,23	0,45	1491,79
39	29.08.2025 08:43:38	23,29	-0,10	0,23	0,45	1491,79
40	29.08.2025 08:43:39	23,29	-0,10	0,21	0,43	1491,78
41	29.08.2025 08:43:40	23,29	-0,12	0,21	0,43	1491,77
42	29.08.2025 08:43:41	23,26	-0,10	0,21	0,43	1491,69
43	29.08.2025 08:43:42	23,26	-0,10	0,21	0,43	1491,69
44	29.08.2025 08:43:43	23,26	-0,10	0,21	0,43	1491,69
45	29.08.2025 08:43:44	23,26	-0,10	0,21	0,43	1491,69
46	29.08.2025 08:43:45	23,26	-0,10	0,21	0,43	1491,69
47	29.08.2025 08:43:46	23,26	-0,08	0,21	0,43	1491,70
48	29.08.2025 08:43:47	23,26	-0,10	0,21	0,43	1491,69
49	29.08.2025 08:43:48	23,26	-0,10	0,21	0,43	1491,69
50	29.08.2025 08:43:49	23,26	-0,12	0,21	0,43	1491,69
51	29.08.2025 08:43:50	23,23	-0,10	0,21	0,43	1491,61
52	29.08.2025 08:43:51	23,23	-0,10	0,21	0,43	1491,61
53	29.08.2025 08:43:52	23,23	-0,10	0,21	0,43	1491,61
54	29.08.2025 08:43:53	23,23	-0,10	0,21	0,43	1491,61
55	29.08.2025 08:43:54	23,23	-0,10	0,23	0,45	1491,62
56	29.08.2025 08:43:55	23,23	-0,10	0,23	0,45	1491,62
57	29.08.2025 08:43:56	23,23	-0,10	0,23	0,45	1491,62
58	29.08.2025 08:43:57	23,23	-0,10	0,23	0,45	1491,62
59	29.08.2025 08:43:58	23,23	-0,10	0,21	0,43	1491,61
60	29.08.2025 08:43:59	23,23	-0,10	0,21	0,43	1491,61
61	29.08.2025 08:44:00	23,20	-0,10	0,23	0,45	1491,54
62	29.08.2025 08:44:01	23,20	-0,10	0,21	0,43	1491,53
63	29.08.2025 08:44:02	23,20	-0,10	0,21	0,43	1491,53
64	29.08.2025 08:44:03	23,20	-0,10	0,23	0,45	1491,54
65	29.08.2025 08:44:04	23,20	-0,10	0,21	0,43	1491,53
66	29.08.2025 08:44:05	23,20	-0,10	0,21	0,43	1491,53
67	29.08.2025 08:44:06	23,20	-0,10	0,23	0,45	1491,54
68	29.08.2025 08:44:07	23,20	-0,10	0,23	0,45	1491,54
69	29.08.2025 08:44:08	23,17	-0,12	0,23	0,45	1491,45
70	29.08.2025 08:44:09	23,17	-0,12	0,21	0,43	1491,44
71	29.08.2025 08:44:10	23,17	-0,10	0,21	0,43	1491,44
72	29.08.2025 08:44:11	23,17	-0,10	0,21	0,43	1491,44
73	29.08.2025 08:44:12	23,17	-0,12	0,23	0,45	1491,45
74	29.08.2025 08:44:13	23,17	-0,12	0,23	0,45	1491,45
75	29.08.2025 08:44:14	23,17	-0,13	0,21	0,43	1491,44
76	29.08.2025 08:44:15	23,14	-0,10	0,21	0,43	1491,36
77	29.08.2025 08:44:16	23,14	-0,12	0,21	0,43	1491,36
78	29.08.2025 08:44:17	23,14	-0,10	0,23	0,45	1491,37
79	29.08.2025 08:44:18	23,14	-0,10	0,23	0,45	1491,37
80	29.08.2025 08:44:19	23,14	-0,12	0,21	0,43	1491,36
81	29.08.2025 08:44:20	23,11	-0,12	0,21	0,43	1491,27
82	29.08.2025 08:44:21	23,11	-0,12	0,21	0,43	1491,27
83	29.08.2025 08:44:22	23,11	-0,12	0,21	0,43	1491,27
84	29.08.2025 08:44:23	23,11	-0,12	0,23	0,45	1491,29
85	29.08.2025 08:44:24	23,11	-0,12	0,21	0,43	1491,27
86	29.08.2025 08:44:25	23,11	-0,12	0,21	0,43	1491,27
87	29.08.2025 08:44:26	23,08	-0,10	0,21	0,43	1491,19
88	29.08.2025 08:44:27	23,08	-0,12	0,21	0,43	1491,19
89	29.08.2025 08:44:28	23,08	-0,13	0,21	0,43	1491,19
90	29.08.2025 08:44:29	23,08	-0,10	0,21	0,43	1491,19
91	29.08.2025 08:44:30	23,05	-0,10	0,21	0,43	1491,11
92	29.08.2025 08:44:31	23,05	-0,10	0,21	0,43	1491,11
93	29.08.2025 08:44:32	23,05	-0,12	0,21	0,43	1491,10
94	29.08.2025 08:44:33	23,05	-0,10	0,21	0,43	1491,11
95	29.08.2025 08:44:34	23,05	-0,12	0,21	0,43	1491,10
96	29.08.2025 08:44:35	23,05	-0,10	0,21	0,43	1491,11
97	29.08.2025 08:44:36	23,02	-0,10	0,21	0,43	1491,02
98	29.08.2025 08:44:37	23,02	-0,10	0,21	0,43	1491,02
99	29.08.2025 08:44:38	23,02	-0,10	0,21	0,43	1491,02
100	29.08.2025 08:44:39	23,02	-0,10	0,21	0,43	1491,02
101	29.08.2025 08:44:40	23,02	-0,10	0,21	0,43	1491,02
102	29.08.2025 08:44:41	23,02	-0,10	0,21	0,43	1491,02
103	29.08.2025 08:44:42	23,02	-0,10	0,21	0,43	1491,02
104	29.08.2025 08:44:43	23,02	-0,10	0,21	0,43	1491,02
105	29.08.2025 08:44:44	22,99	-0,10	0,21	0,43	1490,94
106	29.08.2025 08:44:45	22,99	-0,10	0,21	0,43	1490,94
107	29.08.2025 08:44:46	22,99	-0,10	0,21	0,43	1490,94
108	29.08.2025 08:44:47	22,99	-0,12	0,21	0,43	1490,94
109	29.08.2025 08:44:48	22,99	-0,10	0,23	0,45	1490,95
110	29.08.2025 08:44:49	22,99	-0,10	0,21	0,43	1490,94
111	29.08.2025 08:44:50	22,99	-0,10	0,21	0,43	1490,94
112	29.08.2025 08:44:51	22,97	-0,10	0,21	0,43	1490,86
113	29.08.2025 08:44:52	22,97	-0,10	0,21	0,43	1490,86
114	29.08.2025 08:44:53	22,97	-0,10	0,21	0,43	1490,86
115	29.08.2025 08:44:54	22,97	-0,10	0,21	0,43	1490,86
116	29.08.2025 08:44:55	22,97	-0,10	0,23	0,45	1490,87
117	29.08.2025 08:44:56	22,97	-0,10	0,21	0,43	1490,86
118	29.08.2025 08:44:57	22,97	-0,10	0,21	0,43	1490,86
119	29.08.2025 08:44:58	22,94	-0,12	0,22	0,43	1490,77
120	29.08.2025 08:44:59	22,94	-0,12	0,22	0,43	1490,77
121	29.08.2025 08:45:00	22,94	-0,12	0,23	0,45	1490,78
122	29.08.2025 08:45:01	22,94	-0,12	0,22	0,43	1490,77
123	29.08.2025 08:45:02	22,94	-0,12	0,22	0,43	1490,77
124	29.08.2025 08:45:03	22,94	-0,12	0,22	0,43	1490,77
125	29.08.2025 08:45:04	22,94	-0,13	0,22	0,43	1490,77
126	29.08.2025 08:45:05	22,91	-0,12	0,22	0,43	1490,68
127	29.08.2025 08:45:06	22,91	-0,10	0,22	0,43	1490,69
128	29.08.2025 08:45:07	22,91	-0,12	0,22	0,43	1490,68
129	29.08.2025 08:45:08	22,91	-0,10	0,22	0,43	1490,69
130	29.08.2025 08:45:09	22,88	-0,12	0,22	0,43	1490,60
131	29.08.2025 08:45:10	22,88	-0,12	0,22	0,43	1490,60
132	29.08.2025 08:45:11	22,88	-0,12	0,22	0,43	1490,60
133	29.08.2025 08:45:12	22,88	-0,10	0,22	0,43	1490,60
134	29.08.2025 08:45:13	22,88	-0,10	0,22	0,43	1490,60
135	29.08.2025 08:45:14	22,88	-0,10	0,22	0,43	1490,60
136	29.08.2025 08:45:15	22,88	-0,12	0,22	0,43	1490,60
137	29.08.2025 08:45:16	22,88	-0,12	0,22	0,43	1490,60
138	29.08.2025 08:45:17	22,88	-0,10	0,22	0,43	1490,60
139	29.08.2025 08:45:18	22,85	-0,12	0,22	0,43	1490,52
140	29.08.2025 08:45:19	22,85	-0,10	0,22	0,43	1490,52
141	29.08.2025 08:45:20	22,85	-0,10	0,22	0,43	1490,52
142	29.08.2025 08:45:21	22,85	-0,10	0,22	0,43	1490,52
143	29.08.2025 08:45:22	22,85	-0,10	0,22	0,43	1490,52
144	29.08.2025 08:45:23	22,82	-0,10	0,22	0,43	1490,43
145	29.08.2025 08:45:24	22,82	-0,10	0,22	0,43	1490,43
146	29.08.2025 08:45:25	22,82	-0,10	0,22	0,43	1490,43
147	29.08.2025 08:45:26	22,82	-0,10	0,22	0,43	1490,43
148	29.08.2025 08:45:27	22,82	-0,10	0,22	0,43	1490,43
149	29.08.2025 08:45:28	22,79	-0,10	0,22	0,43	1490,35
150	29.08.2025 08:45:29	22,79	-0,12	0,22	0,43	1490,35
151	29.08.2025 08:45:30	22,79	-0,10	0,22	0,43	1490,35
152	29.08.2025 08:45:31	22,79	-0,10	0,22	0,43	1490,35
153	29.08.2025 08:45:32	22,79	-0,10	0,22	0,43	1490,35
154	29.08.2025 08:45:33	22,79	-0,10	0,22	0,43	1490,35
155	29.08.2025 08:45:34	22,79	-0,10	0,22	0,43	1490,35
156	29.08.2025 08:45:35	22,76	-0,10	0,22	0,43	1490,27
157	29.08.2025 08:45:36	22,76	-0,10	0,22	0,43	1490,27
158	29.08.2025 08:45:37	22,76	-0,10	0,22	0,43	1490,27
159	29.08.2025 08:45:38	22,76	-0,10	0,22	0,43	1490,27
160	29.08.2025 08:45:39	22,76	-0,10	0,22	0,43	1490,27
161	29.08.2025 08:45:40	22,76	-0,10	0,22	0,43	1490,27
162	29.08.2025 08:45:41	22,76	-0,10	0,22	0,43	1490,27
163	29.08.2025 08:45:42	22,73	-0,10	0,22	0,43	1490,18
164	29.08.2025 08:45:43	22,73	-0,08	0,22	0,43	1490,18
165	29.08.2025 08:45:44	22,73	-0,08	0,22	0,43	1490,18
166	29.08.2025 08:45:45	22,73	-0,08	0,22	0,43	1490,18
167	29.08.2025 08:45:46	22,73	-0,10	0,22	0,43	1490,18
168	29.08.2025 08:45:47	22,73	-0,12	0,22	0,43	1490,18
169	29.08.2025 08:45:48	22,70	-0,12	0,22	0,43	1490,09
170	29.08.2025 08:45:49	22,70	-0,10	0,22	0,43	1490,10
171	29.08.2025 08:45:50	22,70	-0,12	0,22	0,43	1490,09
172	29.08.2025 08:45:51	22,70	-0,12	0,22	0,43	1490,09
173	29.08.2025 08:45:52	22,67	-0,12	0,22	0,43	1490,01
174	29.08.2025 08:45:53	22,67	-0,12	0,22	0,43	1490,01
175	29.08.2025 08:45:54	22,67	-0,12	0,22	0,43	1490,01
176	29.08.2025 08:45:55	22,67	-0,10	0,22	0,43	1490,01
177	29.08.2025 08:45:56	22,67	-0,12	0,22	0,43	1490,01
178	29.08.2025 08:45:57	22,67	-0,10	0,22	0,43	1490,01
179	29.08.2025 08:45:58	22,64	-0,10	0,22	0,43	1489,93
180	29.08.2025 08:45:59	22,64	-0,12	0,22	0,43	1489,92
181	29.08.2025 08:46:00	22,64	-0,10	0,22	0,43	1489,93
182	29.08.2025 08:46:01	22,64	-0,10	0,22	0,43	1489,93
183	29.08.2025 08:46:02	22,64	-0,12	0,22	0,43	1489,92
184	29.08.2025 08:46:03	22,64	-0,12	0,22	0,43	1489,92
185	29.08.2025 08:46:04	22,64	-0,10	0,22	0,43	1489,93
186	29.08.2025 08:46:05	22,61	-0,10	0,22	0,43	1489,84
187	29.08.2025 08:46:06	22,61	-0,12	0,22	0,43	1489,84
188	29.08.2025 08:46:07	22,61	-0,12	0,22	0,43	1489,84
189	29.08.2025 08:46:08	22,61	-0,12	0,22	0,43	1489,84
190	29.08.2025 08:46:09	22,61	-0,12	0,22	0,43	1489,84
191	29.08.2025 08:46:10	22,61	-0,10	0,22	0,43	1489,84
192	29.08.2025 08:46:11	22,59	-0,12	0,22	0,43	1489,75
193	29.08.2025 08:46:12	22,59	-0,12	0,22	0,43	1489,75
194	29.08.2025 08:46:13	22,59	-0,10	0,22	0,43	1489,76
195	29.08.2025 08:46:14	22,59	-0,12	0,22	0,43	1489,75
196	29.08.2025 08:46:15	22,59	-0,12	0,22	0,43	1489,75
197	29.08.2025 08:46:16	22,59	-0,10	0,22	0,43	1489,76
198	29.08.2025 08:46:17	22,56	-0,10	0,22	0,43	1489,67
199	29.08.2025 08:46:18	22,56	-0,10	0,22	0,43	1489,67
200	29.08.2025 08:46:19	22,56	-0,10	0,22	0,43	1489,67
201	29.08.2025 08:46:20	22,56	-0,10	0,22	0,43	1489,67
202	29.08.2025 08:46:21	22,56	-0,08	0,22	0,43	1489,67
203	29.08.2025 08:46:22	22,56	-0,10	0,22	0,43	1489,67
204	29.08.2025 08:46:23	22,56	-0,10	0,22	0,43	1489,67
205	29.08.2025 08:46:24	22,56	-0,10	0,22	0,43	1489,67
206	29.08.2025 08:46:25	22,53	-0,10	0,22	0,43	1489,59
207	29.08.2025 08:46:26	22,53	-0,10	0,22	0,43	1489,59
208	29.08.2025 08:46:27	22,53	-0,10	0,22	0,43	1489,59
209	29.08.2025 08:46:28	22,53	-0,10	0,22	0,43	1489,59
210	29.08.2025 08:46:29	22,53	-0,10	0,22	0,43	1489,59
211	29.08.2025 08:46:30	22,53	-0,10	0,22	0,43	1489,59
212	29.08.2025 08:46:31	22,53	-0,10	0,22	0,43	1489,59
213	29.08.2025 08:46:32	22,53	-0,10	0,22	0,43	1489,59
214	29.08.2025 08:46:33	22,53	-0,10	0,22	0,43	1489,59
215	29.08.2025 08:46:34	22,50	-0,10	0,22	0,43	1489,50
216	29.08.2025 08:46:35	22,50	-0,10	0,22	0,43	1489,50
217	29.08.2025 08:46:36	22,50	-0,10	0,22	0,43	1489,50
218	29.08.2025 08:46:37	22,50	-0,10	0,22	0,43	1489,50
219	29.08.2025 08:46:38	22,47	-0,10	0,22	0,43	1489,42
220	29.08.2025 08:46:39	22,47	-0,10	0,22	0,43	1489,42
221	29.08.2025 08:46:40	22,47	-0,10	0,22	0,43	1489,42
222	29.08.2025 08:46:41	22,47	-0,10	0,22	0,43	1489,42
223	29.08.2025 08:46:42	22,44	-0,13	0,22	0,43	1489,32
224	29.08.2025 08:46:43	22,44	-0,10	0,22	0,43	1489,33
225	29.08.2025 08:46:44	22,44	-0,12	0,22	0,43	1489,33
226	29.08.2025 08:46:45	22,44	-0,10	0,22	0,43	1489,33
227	29.08.2025 08:46:46	22,41	-0,12	0,22	0,43	1489,24
228	29.08.2025 08:46:47	22,41	-0,10	0,22	0,43	1489,25
229	29.08.2025 08:46:48	22,41	-0,10	0,22	0,43	1489,25
230	29.08.2025 08:46:49	22,41	-0,12	0,22	0,43	1489,24
231	29.08.2025 08:46:50	22,41	-0,12	0,22	0,43	1489,24
232	29.08.2025 08:46:51	22,41	-0,12	0,22	0,43	1489,24
233	29.08.2025 08:46:52	22,38	-0,12	0,22	0,43	1489,16
234	29.08.2025 08:46:53	22,38	-0,12	0,22	0,43	1489,16
235	29.08.2025 08:46:54	22,38	-0,10	0,22	0,43	1489,16
236	29.08.2025 08:46:55	22,38	-0,10	0,22	0,43	1489,16
237	29.08.2025 08:46:56	22,38	-0,10	0,22	0,43	1489,16
238	29.08.2025 08:46:57	22,38	-0,12	0,22	0,43	1489,16
239	29.08.2025 08:46:58	22,35	-0,12	0,22	0,43	1489,07
240	29.08.2025 08:46:59	22,35	-0,12	0,22	0,43	1489,07
241	29.08.2025 08:47:00	22,35	-0,10	0,22	0,43	1489,07
242	29.08.2025 08:47:01	22,35	-0,12	0,22	0,43	1489,07
243	29.08.2025 08:47:02	22,35	-0,10	0,22	0,43	1489,07
244	29.08.2025 08:47:03	22,32	-0,10	0,22	0,43	1488,99
245	29.08.2025 08:47:04	22,32	-0,10	0,22	0,43	1488,99
246	29.08.2025 08:47:05	22,32	-0,12	0,22	0,43	1488,99
247	29.08.2025 08:47:06	22,32	-0,12	0,22	0,43	1488,99
248	29.08.2025 08:47:07	22,32	-0,12	0,22	0,43	1488,99
249	29.08.2025 08:47:08	22,29	-0,10	0,22	0,43	1488,90
250	29.08.2025 08:47:09	22,29	-0,10	0,22	0,43	1488,90
251	29.08.2025 08:47:10	22,29	-0,10	0,22	0,43	1488,90
252	29.08.2025 08:47:11	22,29	-0,12	0,22	0,43	1488,90
253	29.08.2025 08:47:12	22,29	-0,12	0,22	0,43	1488,90
254	29.08.2025 08:47:13	22,26	-0,10	0,22	0,43	1488,82
255	29.08.2025 08:47:14	22,26	-0,10	0,22	0,43	1488,82
256	29.08.2025 08:47:15	22,26	-0,08	0,22	0,43	1488,82
257	29.08.2025 08:47:16	22,26	-0,10	0,22	0,43	1488,82
258	29.08.2025 08:47:17	22,26	-0,10	0,20	0,40	1488,80
259	29.08.2025 08:47:18	22,23	-0,10	0,20	0,40	1488,72
260	29.08.2025 08:47:19	22,23	-0,12	0,22	0,43	1488,73
261	29.08.2025 08:47:20	22,23	-0,10	0,22	0,43	1488,73
262	29.08.2025 08:47:21	22,23	-0,10	0,20	0,40	1488,72
263	29.08.2025 08:47:22	22,21	-0,12	0,20	0,40	1488,63
264	29.08.2025 08:47:23	22,21	-0,12	0,22	0,43	1488,64
265	29.08.2025 08:47:24	22,21	-0,10	0,20	0,40	1488,63
266	29.08.2025 08:47:25	22,21	-0,12	0,20	0,40	1488,63
267	29.08.2025 08:47:26	22,18	-0,12	0,20	0,40	1488,54
268	29.08.2025 08:47:27	22,18	-0,10	0,20	0,40	1488,54
269	29.08.2025 08:47:28	22,18	-0,12	0,22	0,43	1488,56
270	29.08.2025 08:47:29	22,18	-0,10	0,22	0,43	1488,56
271	29.08.2025 08:47:30	22,18	-0,12	0,22	0,43	1488,56
272	29.08.2025 08:47:31	22,18	-0,12	0,20	0,40	1488,54
273	29.08.2025 08:47:32	22,15	-0,10	0,22	0,43	1488,47
274	29.08.2025 08:47:33	22,15	-0,12	0,22	0,43	1488,47
275	29.08.2025 08:47:34	22,15	-0,10	0,21	0,40	1488,46
276	29.08.2025 08:47:35	22,15	-0,12	0,21	0,40	1488,46
277	29.08.2025 08:47:36	22,15	-0,10	0,22	0,43	1488,47
278	29.08.2025 08:47:37	22,15	-0,10	0,22	0,43	1488,47
279	29.08.2025 08:47:38	22,12	-0,10	0,22	0,43	1488,39
280	29.08.2025 08:47:39	22,12	-0,10	0,21	0,40	1488,37
281	29.08.2025 08:47:40	22,12	-0,10	0,21	0,40	1488,37
282	29.08.2025 08:47:41	22,12	-0,12	0,21	0,40	1488,37
283	29.08.2025 08:47:42	22,12	-0,12	0,21	0,40	1488,37
284	29.08.2025 08:47:43	22,09	-0,08	0,22	0,43	1488,30
285	29.08.2025 08:47:44	22,09	-0,12	0,22	0,43	1488,30
286	29.08.2025 08:47:45	22,09	-0,12	0,22	0,43	1488,30
287	29.08.2025 08:47:46	22,09	-0,10	0,21	0,40	1488,29
288	29.08.2025 08:47:47	22,09	-0,10	0,21	0,40	1488,29
289	29.08.2025 08:47:48	22,09	-0,10	0,22	0,43	1488,30
290	29.08.2025 08:47:49	22,06	-0,10	0,21	0,40	1488,20
291	29.08.2025 08:47:50	22,06	-0,10	0,22	0,43	1488,21
292	29.08.2025 08:47:51	22,06	-0,10	0,22	0,43	1488,21
293	29.08.2025 08:47:52	22,06	-0,10	0,21	0,40	1488,20
294	29.08.2025 08:47:53	22,03	-0,10	0,21	0,40	1488,11
295	29.08.2025 08:47:54	22,03	-0,10	0,21	0,40	1488,11
296	29.08.2025 08:47:55	22,03	-0,12	0,22	0,43	1488,13
297	29.08.2025 08:47:56	22,03	-0,10	0,21	0,40	1488,11
298	29.08.2025 08:47:57	22,00	-0,10	0,21	0,40	1488,03
299	29.08.2025 08:47:58	22,00	-0,08	0,21	0,40	1488,03
300	29.08.2025 08:47:59	22,00	-0,10	0,21	0,40	1488,03
301	29.08.2025 08:48:00	22,00	-0,12	0,21	0,40	1488,02
302	29.08.2025 08:48:01	22,00	-0,10	0,21	0,40	1488,03
303	29.08.2025 08:48:02	22,00	-0,10	0,21	0,40	1488,03
304	29.08.2025 08:48:03	21,97	-0,12	0,21	0,40	1487,94
305	29.08.2025 08:48:04	21,97	-0,12	0,21	0,40	1487,94
306	29.08.2025 08:48:05	21,97	-0,12	0,21	0,40	1487,94
307	29.08.2025 08:48:06	21,97	-0,12	0,22	0,43	1487,95
308	29.08.2025 08:48:07	21,97	-0,12	0,21	0,40	1487,94
309	29.08.2025 08:48:08	21,97	-0,12	0,21	0,40	1487,94
310	29.08.2025 08:48:09	21,94	-0,12	0,21	0,40	1487,85
311	29.08.2025 08:48:10	21,94	-0,10	0,22	0,43	1487,87
312	29.08.2025 08:48:11	21,94	-0,12	0,21	0,40	1487,85
313	29.08.2025 08:48:12	21,94	-0,12	0,21	0,40	1487,85
314	29.08.2025 08:48:13	21,94	-0,12	0,21	0,40	1487,85
315	29.08.2025 08:48:14	21,94	-0,12	0,21	0,40	1487,85
316	29.08.2025 08:48:15	21,94	-0,12	0,21	0,40	1487,85
317	29.08.2025 08:48:16	21,91	-0,12	0,21	0,40	1487,76
318	29.08.2025 08:48:17	21,91	-0,12	0,21	0,40	1487,76
319	29.08.2025 08:48:18	21,91	-0,12	0,21	0,40	1487,76
320	29.08.2025 08:48:19	21,91	-0,12	0,21	0,40	1487,76
321	29.08.2025 08:48:20	21,91	-0,12	0,21	0,40	1487,76
322	29.08.2025 08:48:21	21,91	-0,12	0,21	0,40	1487,76
323	29.08.2025 08:48:22	21,88	-0,13	0,22	0,43	1487,69
324	29.08.2025 08:48:23	21,88	-0,10	0,21	0,40	1487,68
325	29.08.2025 08:48:24	21,88	-0,12	0,21	0,40	1487,68
326	29.08.2025 08:48:25	21,88	-0,12	0,21	0,40	1487,68
327	29.08.2025 08:48:26	21,88	-0,12	0,21	0,40	1487,68
328	29.08.2025 08:48:27	21,88	-0,12	0,22	0,43	1487,69
329	29.08.2025 08:48:28	21,85	-0,12	0,21	0,40	1487,59
330	29.08.2025 08:48:29	21,85	-0,10	0,21	0,40	1487,59
331	29.08.2025 08:48:30	21,85	-0,10	0,21	0,40	1487,59
332	29.08.2025 08:48:31	21,85	-0,12	0,22	0,43	1487,61
333	29.08.2025 08:48:32	21,85	-0,12	0,21	0,40	1487,59
334	29.08.2025 08:48:33	21,83	-0,12	0,21	0,40	1487,50
335	29.08.2025 08:48:34	21,83	-0,12	0,21	0,40	1487,50
336	29.08.2025 08:48:35	21,83	-0,12	0,22	0,43	1487,52
337	29.08.2025 08:48:36	21,83	-0,12	0,21	0,40	1487,50
338	29.08.2025 08:48:37	21,83	-0,10	0,21	0,40	1487,51
339	29.08.2025 08:48:38	21,83	-0,12	0,21	0,40	1487,50
340	29.08.2025 08:48:39	21,80	-0,10	0,21	0,40	1487,42
341	29.08.2025 08:48:40	21,80	-0,10	0,21	0,40	1487,42
342	29.08.2025 08:48:41	21,80	-0,10	0,21	0,40	1487,42
343	29.08.2025 08:48:42	21,80	-0,10	0,21	0,40	1487,42
344	29.08.2025 08:48:43	21,80	-0,10	0,21	0,40	1487,42
345	29.08.2025 08:48:44	21,80	-0,10	0,21	0,40	1487,42
346	29.08.2025 08:48:45	21,77	-0,10	0,21	0,40	1487,33
347	29.08.2025 08:48:46	21,77	-0,10	0,21	0,40	1487,33
348	29.08.2025 08:48:47	21,77	-0,10	0,21	0,40	1487,33
349	29.08.2025 08:48:48	21,77	-0,10	0,21	0,40	1487,33
350	29.08.2025 08:48:49	21,77	-0,10	0,22	0,43	1487,35
351	29.08.2025 08:48:50	21,77	-0,08	0,21	0,40	1487,34
352	29.08.2025 08:48:51	21,77	-0,10	0,21	0,40	1487,33
353	29.08.2025 08:48:52	21,77	-0,10	0,21	0,40	1487,33
354	29.08.2025 08:48:53	21,74	-0,12	0,21	0,40	1487,24
355	29.08.2025 08:48:54	21,74	-0,10	0,21	0,40	1487,25
356	29.08.2025 08:48:55	21,74	-0,12	0,22	0,43	1487,26
357	29.08.2025 08:48:56	21,74	-0,12	0,21	0,40	1487,24
358	29.08.2025 08:48:57	21,74	-0,12	0,21	0,40	1487,24
359	29.08.2025 08:48:58	21,71	-0,12	0,21	0,40	1487,16
360	29.08.2025 08:48:59	21,71	-0,12	0,21	0,40	1487,16
361	29.08.2025 08:49:00	21,71	-0,12	0,21	0,40	1487,16
362	29.08.2025 08:49:01	21,71	-0,10	0,21	0,40	1487,16
363	29.08.2025 08:49:02	21,71	-0,10	0,21	0,40	1487,16
364	29.08.2025 08:49:03	21,68	-0,12	0,21	0,40	1487,07
365	29.08.2025 08:49:04	21,68	-0,12	0,21	0,40	1487,07
366	29.08.2025 08:49:05	21,68	-0,12	0,21	0,40	1487,07
367	29.08.2025 08:49:06	21,68	-0,12	0,21	0,40	1487,07
368	29.08.2025 08:49:07	21,68	-0,12	0,21	0,40	1487,07
369	29.08.2025 08:49:08	21,68	-0,12	0,21	0,40	1487,07
370	29.08.2025 08:49:09	21,68	-0,10	0,21	0,40	1487,07
371	29.08.2025 08:49:10	21,65	-0,10	0,21	0,40	1486,98
372	29.08.2025 08:49:11	21,65	-0,12	0,21	0,40	1486,98
373	29.08.2025 08:49:12	21,65	-0,10	0,21	0,40	1486,98
374	29.08.2025 08:49:13	21,65	-0,10	0,22	0,43	1487,00
375	29.08.2025 08:49:14	21,65	-0,12	0,21	0,40	1486,98
376	29.08.2025 08:49:15	21,65	-0,10	0,21	0,40	1486,98
377	29.08.2025 08:49:16	21,65	-0,10	0,21	0,40	1486,98
378	29.08.2025 08:49:17	21,62	-0,12	0,21	0,40	1486,89
379	29.08.2025 08:49:18	21,62	-0,12	0,21	0,40	1486,89
380	29.08.2025 08:49:19	21,62	-0,12	0,21	0,40	1486,89
381	29.08.2025 08:49:20	21,62	-0,10	0,22	0,43	1486,91
382	29.08.2025 08:49:21	21,62	-0,12	0,21	0,40	1486,89
383	29.08.2025 08:49:22	21,62	-0,10	0,21	0,40	1486,90
384	29.08.2025 08:49:23	21,59	-0,10	0,21	0,40	1486,81
385	29.08.2025 08:49:24	21,59	-0,10	0,21	0,40	1486,81
386	29.08.2025 08:49:25	21,59	-0,10	0,21	0,40	1486,81
387	29.08.2025 08:49:26	21,59	-0,12	0,22	0,43	1486,82
388	29.08.2025 08:49:27	21,59	-0,10	0,22	0,43	1486,83
389	29.08.2025 08:49:28	21,59	-0,12	0,21	0,40	1486,81
390	29.08.2025 08:49:29	21,59	-0,10	0,21	0,40	1486,81
391	29.08.2025 08:49:30	21,56	-0,10	0,22	0,43	1486,74
392	29.08.2025 08:49:31	21,56	-0,10	0,21	0,40	1486,72
393	29.08.2025 08:49:32	21,56	-0,10	0,21	0,40	1486,72
394	29.08.2025 08:49:33	21,56	-0,12	0,21	0,40	1486,72
395	29.08.2025 08:49:34	21,56	-0,10	0,21	0,40	1486,72
396	29.08.2025 08:49:35	21,56	-0,10	0,21	0,40	1486,72
397	29.08.2025 08:49:36	21,53	-0,12	0,21	0,40	1486,63
398	29.08.2025 08:49:37	21,53	-0,10	0,21	0,40	1486,63
399	29.08.2025 08:49:38	21,53	-0,10	0,21	0,40	1486,63
400	29.08.2025 08:49:39	21,53	-0,10	0,21	0,40	1486,63
401	29.08.2025 08:49:40	21,53	-0,10	0,21	0,40	1486,63
402	29.08.2025 08:49:41	21,53	-0,10	0,21	0,40	1486,63
403	29.08.2025 08:49:42	21,53	-0,10	0,21	0,40	1486,63
404	29.08.2025 08:49:43	21,50	-0,10	0,21	0,40	1486,55
405	29.08.2025 08:49:44	21,50	-0,10	0,21	0,40	1486,55
406	29.08.2025 08:49:45	21,50	-0,12	0,21	0,40	1486,54
407	29.08.2025 08:49:46	21,50	-0,10	0,22	0,43	1486,56
408	29.08.2025 08:49:47	21,50	-0,10	0,22	0,43	1486,56
409	29.08.2025 08:49:48	21,50	-0,10	0,22	0,43	1486,56
410	29.08.2025 08:49:49	21,47	-0,12	0,21	0,40	1486,46
411	29.08.2025 08:49:50	21,47	-0,12	0,21	0,40	1486,46
412	29.08.2025 08:49:51	21,47	-0,12	0,21	0,40	1486,46
413	29.08.2025 08:49:52	21,47	-0,12	0,21	0,40	1486,46
414	29.08.2025 08:49:53	21,47	-0,12	0,21	0,40	1486,46
415	29.08.2025 08:49:54	21,47	-0,12	0,21	0,40	1486,46
416	29.08.2025 08:49:55	21,44	-0,10	0,22	0,43	1486,39
417	29.08.2025 08:49:56	21,44	-0,12	0,22	0,43	1486,38
418	29.08.2025 08:49:57	21,44	-0,10	0,21	0,40	1486,37
419	29.08.2025 08:49:58	21,44	-0,12	0,21	0,40	1486,37
420	29.08.2025 08:49:59	21,44	-0,12	0,21	0,40	1486,37
421	29.08.2025 08:50:00	21,44	-0,10	0,21	0,40	1486,37
422	29.08.2025 08:50:01	21,44	-0,12	0,22	0,43	1486,38
423	29.08.2025 08:50:02	21,41	-0,12	0,22	0,43	1486,30
424	29.08.2025 08:50:03	21,41	-0,12	0,21	0,40	1486,28
425	29.08.2025 08:50:04	21,41	-0,12	0,22	0,43	1486,30
426	29.08.2025 08:50:05	21,41	-0,12	0,22	0,43	1486,30
427	29.08.2025 08:50:06	21,41	-0,12	0,21	0,40	1486,28
428	29.08.2025 08:50:07	21,41	-0,12	0,21	0,40	1486,28
429	29.08.2025 08:50:08	21,39	-0,12	0,21	0,40	1486,19
430	29.08.2025 08:50:09	21,39	-0,10	0,22	0,43	1486,21
431	29.08.2025 08:50:10	21,39	-0,10	0,21	0,40	1486,20
432	29.08.2025 08:50:11	21,39	-0,12	0,21	0,40	1486,19
433	29.08.2025 08:50:12	21,39	-0,10	0,22	0,43	1486,21
434	29.08.2025 08:50:13	21,39	-0,12	0,21	0,40	1486,19
435	29.08.2025 08:50:14	21,36	-0,10	0,21	0,40	1486,11
436	29.08.2025 08:50:15	21,36	-0,10	0,22	0,43	1486,12
437	29.08.2025 08:50:16	21,36	-0,12	0,22	0,43	1486,12
438	29.08.2025 08:50:17	21,36	-0,12	0,22	0,43	1486,12
439	29.08.2025 08:50:18	21,36	-0,10	0,21	0,40	1486,11
440	29.08.2025 08:50:19	21,36	-0,10	0,22	0,43	1486,12
441	29.08.2025 08:50:20	21,36	-0,12	0,21	0,40	1486,10
442	29.08.2025 08:50:21	21,33	-0,10	0,22	0,43	1486,03
443	29.08.2025 08:50:22	21,33	-0,10	0,21	0,40	1486,02
444	29.08.2025 08:50:23	21,33	-0,08	0,21	0,40	1486,02
445	29.08.2025 08:50:24	21,33	-0,12	0,21	0,40	1486,02
446	29.08.2025 08:50:25	21,33	-0,10	0,21	0,40	1486,02
447	29.08.2025 08:50:26	21,30	-0,10	0,21	0,40	1485,93
448	29.08.2025 08:50:27	21,30	-0,10	0,21	0,40	1485,93
449	29.08.2025 08:50:28	21,30	-0,10	0,21	0,40	1485,93
450	29.08.2025 08:50:29	21,30	-0,10	0,22	0,43	1485,95
451	29.08.2025 08:50:30	21,30	-0,10	0,22	0,43	1485,95
452	29.08.2025 08:50:31	21,30	-0,12	0,21	0,40	1485,93
453	29.08.2025 08:50:32	21,30	-0,10	0,21	0,40	1485,93
454	29.08.2025 08:50:33	21,27	-0,10	0,21	0,40	1485,84
455	29.08.2025 08:50:34	21,27	-0,10	0,21	0,40	1485,84
456	29.08.2025 08:50:35	21,27	-0,10	0,21	0,40	1485,84
457	29.08.2025 08:50:36	21,27	-0,12	0,21	0,40	1485,84
458	29.08.2025 08:50:37	21,27	-0,08	0,21	0,40	1485,85
459	29.08.2025 08:50:38	21,27	-0,10	0,21	0,40	1485,84
460	29.08.2025 08:50:39	21,27	-0,10	0,21	0,40	1485,84
461	29.08.2025 08:50:40	21,27	-0,10	0,22	0,43	1485,86
462	29.08.2025 08:50:41	21,24	-0,12	0,21	0,40	1485,75
463	29.08.2025 08:50:42	21,24	-0,12	0,21	0,40	1485,75
464	29.08.2025 08:50:43	21,24	-0,12	0,21	0,40	1485,75
465	29.08.2025 08:50:44	21,24	-0,12	0,22	0,43	1485,77
466	29.08.2025 08:50:45	21,24	-0,12	0,21	0,40	1485,75
467	29.08.2025 08:50:46	21,24	-0,12	0,22	0,43	1485,77
468	29.08.2025 08:50:47	21,24	-0,12	0,21	0,40	1485,75
469	29.08.2025 08:50:48	21,21	-0,12	0,21	0,40	1485,66
470	29.08.2025 08:50:49	21,21	-0,10	0,22	0,43	1485,68
471	29.08.2025 08:50:50	21,21	-0,10	0,22	0,43	1485,68
472	29.08.2025 08:50:51	21,21	-0,10	0,21	0,40	1485,67
473	29.08.2025 08:50:52	21,21	-0,10	0,22	0,43	1485,68
474	29.08.2025 08:50:53	21,21	-0,12	0,21	0,40	1485,66
475	29.08.2025 08:50:54	21,18	-0,12	0,21	0,40	1485,57
476	29.08.2025 08:50:55	21,18	-0,12	0,21	0,40	1485,57
477	29.08.2025 08:50:56	21,18	-0,10	0,21	0,40	1485,58
478	29.08.2025 08:50:57	21,18	-0,10	0,21	0,40	1485,58
479	29.08.2025 08:50:58	21,18	-0,12	0,22	0,43	1485,59
480	29.08.2025 08:50:59	21,18	-0,10	0,21	0,40	1485,58
481	29.08.2025 08:51:00	21,18	-0,12	0,21	0,40	1485,57
482	29.08.2025 08:51:01	21,18	-0,12	0,21	0,40	1485,57
483	29.08.2025 08:51:02	21,18	-0,12	0,22	0,43	1485,59
484	29.08.2025 08:51:03	21,15	-0,10	0,21	0,40	1485,49
485	29.08.2025 08:51:04	21,15	-0,12	0,21	0,40	1485,49
486	29.08.2025 08:51:05	21,15	-0,12	0,22	0,43	1485,50
487	29.08.2025 08:51:06	21,15	-0,10	0,22	0,43	1485,50
488	29.08.2025 08:51:07	21,15	-0,10	0,22	0,43	1485,50
489	29.08.2025 08:51:08	21,15	-0,12	0,22	0,43	1485,50
490	29.08.2025 08:51:09	21,15	-0,10	0,21	0,40	1485,49
491	29.08.2025 08:51:10	21,12	-0,10	0,21	0,40	1485,40
492	29.08.2025 08:51:11	21,12	-0,12	0,21	0,40	1485,40
493	29.08.2025 08:51:12	21,12	-0,12	0,21	0,40	1485,40
494	29.08.2025 08:51:13	21,12	-0,12	0,21	0,40	1485,40
495	29.08.2025 08:51:14	21,12	-0,10	0,21	0,40	1485,40
496	29.08.2025 08:51:15	21,12	-0,12	0,22	0,43	1485,41
497	29.08.2025 08:51:16	21,12	-0,12	0,21	0,40	1485,40
498	29.08.2025 08:51:17	21,09	-0,12	0,21	0,40	1485,31
499	29.08.2025 08:51:18	21,09	-0,10	0,21	0,40	1485,31
500	29.08.2025 08:51:19	21,09	-0,12	0,22	0,43	1485,32
501	29.08.2025 08:51:20	21,09	-0,12	0,22	0,43	1485,32
502	29.08.2025 08:51:21	21,09	-0,10	0,22	0,43	1485,33
503	29.08.2025 08:51:22	21,09	-0,12	0,21	0,40	1485,31
504	29.08.2025 08:51:23	21,06	-0,10	0,21	0,40	1485,22
505	29.08.2025 08:51:24	21,06	-0,10	0,21	0,40	1485,22
506	29.08.2025 08:51:25	21,06	-0,12	0,22	0,43	1485,24
507	29.08.2025 08:51:26	21,06	-0,10	0,22	0,43	1485,24
508	29.08.2025 08:51:27	21,06	-0,10	0,22	0,43	1485,24
509	29.08.2025 08:51:28	21,06	-0,10	0,21	0,40	1485,22
510	29.08.2025 08:51:29	21,06	-0,12	0,21	0,40	1485,22
511	29.08.2025 08:51:30	21,06	-0,10	0,21	0,40	1485,22
512	29.08.2025 08:51:31	21,06	-0,10	0,22	0,43	1485,24
513	29.08.2025 08:51:32	21,03	-0,10	0,22	0,43	1485,15
514	29.08.2025 08:51:33	21,03	-0,10	0,21	0,40	1485,13
515	29.08.2025 08:51:34	21,03	-0,10	0,21	0,40	1485,13
516	29.08.2025 08:51:35	21,03	-0,10	0,21	0,40	1485,13
517	29.08.2025 08:51:36	21,03	-0,10	0,22	0,43	1485,15
518	29.08.2025 08:51:37	21,03	-0,10	0,21	0,40	1485,13
519	29.08.2025 08:51:38	21,03	-0,10	0,21	0,40	1485,13
520	29.08.2025 08:51:39	21,03	-0,12	0,21	0,40	1485,13
521	29.08.2025 08:51:40	21,03	-0,12	0,21	0,40	1485,13
522	29.08.2025 08:51:41	21,03	-0,10	0,22	0,43	1485,15
523	29.08.2025 08:51:42	21,00	-0,12	0,21	0,40	1485,04
524	29.08.2025 08:51:43	21,00	-0,12	0,21	0,40	1485,04
525	29.08.2025 08:51:44	21,00	-0,12	0,21	0,40	1485,04
526	29.08.2025 08:51:45	21,00	-0,12	0,22	0,43	1485,06
527	29.08.2025 08:51:46	21,00	-0,12	0,22	0,43	1485,06
528	29.08.2025 08:51:47	21,00	-0,12	0,22	0,43	1485,06
529	29.08.2025 08:51:48	21,00	-0,12	0,21	0,40	1485,04
530	29.08.2025 08:51:49	21,00	-0,12	0,21	0,40	1485,04
531	29.08.2025 08:51:50	21,00	-0,12	0,21	0,40	1485,04
532	29.08.2025 08:51:51	21,00	-0,10	0,21	0,40	1485,05
533	29.08.2025 08:51:52	20,97	-0,12	0,21	0,40	1484,95
534	29.08.2025 08:51:53	20,97	-0,12	0,21	0,40	1484,95
535	29.08.2025 08:51:54	20,97	-0,12	0,21	0,40	1484,95
536	29.08.2025 08:51:55	20,97	-0,12	0,22	0,43	1484,97
537	29.08.2025 08:51:56	20,97	-0,12	0,21	0,40	1484,95
538	29.08.2025 08:51:57	20,97	-0,12	0,22	0,43	1484,97
539	29.08.2025 08:51:58	20,97	-0,13	0,22	0,43	1484,97
540	29.08.2025 08:51:59	20,97	-0,12	0,21	0,40	1484,95
541	29.08.2025 08:52:00	20,97	-0,12	0,22	0,43	1484,97
542	29.08.2025 08:52:01	20,95	-0,12	0,22	0,43	1484,88
543	29.08.2025 08:52:02	20,95	-0,12	0,21	0,40	1484,86
544	29.08.2025 08:52:03	20,95	-0,12	0,21	0,40	1484,86
545	29.08.2025 08:52:04	20,95	-0,12	0,21	0,40	1484,86
546	29.08.2025 08:52:05	20,95	-0,12	0,22	0,43	1484,88
547	29.08.2025 08:52:06	20,95	-0,10	0,21	0,40	1484,87
548	29.08.2025 08:52:07	20,95	-0,10	0,21	0,40	1484,87
549	29.08.2025 08:52:08	20,95	-0,12	0,21	0,40	1484,86
550	29.08.2025 08:52:09	20,95	-0,12	0,21	0,40	1484,86
551	29.08.2025 08:52:10	20,95	-0,12	0,21	0,40	1484,86
552	29.08.2025 08:52:11	20,95	-0,10	0,22	0,43	1484,88
553	29.08.2025 08:52:12	20,92	-0,12	0,22	0,43	1484,79
554	29.08.2025 08:52:13	20,92	-0,10	0,22	0,43	1484,79
555	29.08.2025 08:52:14	20,92	-0,10	0,22	0,43	1484,79
556	29.08.2025 08:52:15	20,92	-0,12	0,21	0,40	1484,78
557	29.08.2025 08:52:16	20,92	-0,10	0,21	0,40	1484,78
558	29.08.2025 08:52:17	20,92	-0,10	0,22	0,43	1484,79
559	29.08.2025 08:52:18	20,92	-0,12	0,21	0,40	1484,78
560	29.08.2025 08:52:19	20,92	-0,10	0,21	0,40	1484,78
561	29.08.2025 08:52:20	20,92	-0,12	0,21	0,40	1484,78
562	29.08.2025 08:52:21	20,92	-0,10	0,21	0,40	1484,78
563	29.08.2025 08:52:22	20,89	-0,12	0,22	0,43	1484,70
564	29.08.2025 08:52:23	20,89	-0,12	0,21	0,40	1484,69
565	29.08.2025 08:52:24	20,89	-0,12	0,21	0,40	1484,69
566	29.08.2025 08:52:25	20,89	-0,10	0,21	0,40	1484,69
567	29.08.2025 08:52:26	20,89	-0,10	0,21	0,40	1484,69
568	29.08.2025 08:52:27	20,89	-0,10	0,21	0,40	1484,69
569	29.08.2025 08:52:28	20,89	-0,12	0,22	0,43	1484,70
570	29.08.2025 08:52:29	20,89	-0,10	0,22	0,43	1484,70
571	29.08.2025 08:52:30	20,89	-0,10	0,22	0,43	1484,70
572	29.08.2025 08:52:31	20,89	-0,10	0,21	0,40	1484,69
573	29.08.2025 08:52:32	20,86	-0,12	0,21	0,40	1484,60
574	29.08.2025 08:52:33	20,86	-0,10	0,21	0,40	1484,60
575	29.08.2025 08:52:34	20,86	-0,10	0,21	0,40	1484,60
576	29.08.2025 08:52:35	20,86	-0,12	0,21	0,40	1484,60
577	29.08.2025 08:52:36	20,86	-0,10	0,21	0,40	1484,60
578	29.08.2025 08:52:37	20,86	-0,12	0,21	0,40	1484,60
579	29.08.2025 08:52:38	20,86	-0,12	0,21	0,40	1484,60
580	29.08.2025 08:52:39	20,86	-0,12	0,21	0,40	1484,60
581	29.08.2025 08:52:40	20,86	-0,10	0,22	0,43	1484,62
582	29.08.2025 08:52:41	20,86	-0,12	0,22	0,43	1484,61
583	29.08.2025 08:52:42	20,86	-0,10	0,21	0,40	1484,60
584	29.08.2025 08:52:43	20,86	-0,12	0,21	0,40	1484,60
585	29.08.2025 08:52:44	20,86	-0,10	0,21	0,40	1484,60
586	29.08.2025 08:52:45	20,83	-0,10	0,21	0,40	1484,51
587	29.08.2025 08:52:46	20,83	-0,10	0,21	0,40	1484,51
588	29.08.2025 08:52:47	20,83	-0,10	0,21	0,40	1484,51
589	29.08.2025 08:52:48	20,83	-0,10	0,21	0,40	1484,51
590	29.08.2025 08:52:49	20,83	-0,10	0,21	0,40	1484,51
591	29.08.2025 08:52:50	20,83	-0,10	0,22	0,43	1484,53
592	29.08.2025 08:52:51	20,83	-0,12	0,21	0,40	1484,51
593	29.08.2025 08:52:52	20,83	-0,12	0,21	0,40	1484,51
594	29.08.2025 08:52:53	20,83	-0,12	0,22	0,43	1484,52
595	29.08.2025 08:52:54	20,83	-0,10	0,21	0,40	1484,51
596	29.08.2025 08:52:55	20,83	-0,12	0,21	0,40	1484,51
597	29.08.2025 08:52:56	20,83	-0,12	0,21	0,40	1484,51
598	29.08.2025 08:52:57	20,83	-0,12	0,21	0,40	1484,51
599	29.08.2025 08:52:58	20,80	-0,12	0,21	0,40	1484,42
600	29.08.2025 08:52:59	20,80	-0,12	0,21	0,40	1484,42
601	29.08.2025 08:53:00	20,80	-0,10	0,21	0,40	1484,42
602	29.08.2025 08:53:01	20,80	-0,10	0,23	0,43	1484,44
603	29.08.2025 08:53:02	20,80	-0,10	0,21	0,40	1484,42
604	29.08.2025 08:53:03	20,80	-0,10	0,21	0,40	1484,42
605	29.08.2025 08:53:04	20,80	-0,10	0,21	0,40	1484,42
606	29.08.2025 08:53:05	20,80	-0,10	0,21	0,40	1484,42
607	29.08.2025 08:53:06	20,80	-0,10	0,21	0,40	1484,42
608	29.08.2025 08:53:07	20,80	-0,10	0,21	0,40	1484,42
609	29.08.2025 08:53:08	20,77	-0,10	0,21	0,40	1484,33
610	29.08.2025 08:53:09	20,77	-0,10	0,21	0,40	1484,33
611	29.08.2025 08:53:10	20,77	-0,10	0,21	0,40	1484,33
612	29.08.2025 08:53:11	20,77	-0,10	0,21	0,40	1484,33
613	29.08.2025 08:53:12	20,77	-0,10	0,21	0,40	1484,33
614	29.08.2025 08:53:13	20,77	-0,10	0,21	0,40	1484,33
615	29.08.2025 08:53:14	20,77	-0,10	0,21	0,40	1484,33
616	29.08.2025 08:53:15	20,77	-0,10	0,21	0,40	1484,33
617	29.08.2025 08:53:16	20,77	-0,10	0,20	0,37	1484,32
618	29.08.2025 08:53:17	20,77	-0,10	0,20	0,37	1484,32
619	29.08.2025 08:53:18	20,74	-0,12	27,25	38,90	1514,73
620	29.08.2025 08:53:19	20,42	-0,31	26,97	38,27	1513,47
621	29.08.2025 08:53:20	19,85	-0,19	27,16	38,06	1512,12
622	29.08.2025 08:53:21	19,32	-0,04	27,46	37,99	1510,96
623	29.08.2025 08:53:22	18,94	0,05	27,74	38,03	1510,18
624	29.08.2025 08:53:23	18,73	0,08	27,83	37,97	1509,68
625	29.08.2025 08:53:24	18,58	0,05	27,89	37,92	1509,30
626	29.08.2025 08:53:25	18,40	0,05	28,01	37,91	1508,91
627	29.08.2025 08:53:26	18,25	0,05	28,08	37,88	1508,56
628	29.08.2025 08:53:27	18,13	0,05	28,16	37,88	1508,30
629	29.08.2025 08:53:28	18,04	0,05	28,22	37,88	1508,10
630	29.08.2025 08:53:29	17,98	0,06	28,26	37,87	1507,97
631	29.08.2025 08:53:30	17,89	0,06	28,32	37,87	1507,77
632	29.08.2025 08:53:31	17,83	0,05	28,36	37,87	1507,63
633	29.08.2025 08:53:32	17,77	0,03	28,40	37,87	1507,50
634	29.08.2025 08:53:33	17,71	0,05	28,44	37,87	1507,37
635	29.08.2025 08:53:34	17,68	0,03	28,46	37,87	1507,30
636	29.08.2025 08:53:35	17,65	0,03	28,48	37,86	1507,23
637	29.08.2025 08:53:36	17,59	-0,01	28,52	37,86	1507,09
638	29.08.2025 08:53:37	17,53	-0,01	28,58	37,89	1506,98
639	29.08.2025 08:53:38	17,50	-0,01	28,60	37,88	1506,91
640	29.08.2025 08:53:39	17,44	0,01	28,62	37,86	1506,76
641	29.08.2025 08:53:40	17,41	-0,01	28,66	37,88	1506,71
642	29.08.2025 08:53:41	17,38	-0,01	28,69	37,88	1506,65
643	29.08.2025 08:53:42	17,32	-0,03	28,73	37,88	1506,51
644	29.08.2025 08:53:43	17,29	-0,03	28,75	37,88	1506,44
645	29.08.2025 08:53:44	17,26	-0,03	28,77	37,88	1506,37
646	29.08.2025 08:53:45	17,23	-0,03	28,79	37,88	1506,31
647	29.08.2025 08:53:46	17,20	-0,01	28,81	37,87	1506,24
648	29.08.2025 08:53:47	17,17	-0,03	28,83	37,87	1506,17
649	29.08.2025 08:53:48	17,14	-0,01	28,85	37,87	1506,11
650	29.08.2025 08:53:49	17,11	-0,01	28,87	37,87	1506,04
651	29.08.2025 08:53:50	17,08	-0,03	28,89	37,87	1505,97
652	29.08.2025 08:53:51	17,05	-0,04	28,91	37,87	1505,90
653	29.08.2025 08:53:52	17,02	-0,03	28,93	37,87	1505,83
654	29.08.2025 08:53:53	17,02	-0,04	28,93	37,87	1505,83
655	29.08.2025 08:53:54	16,99	-0,03	28,97	37,89	1505,79
656	29.08.2025 08:53:55	16,96	-0,04	29,00	37,89	1505,72
657	29.08.2025 08:53:56	16,93	-0,04	29,02	37,89	1505,65
658	29.08.2025 08:53:57	16,90	-0,03	29,04	37,89	1505,59
659	29.08.2025 08:53:58	16,90	-0,04	29,04	37,89	1505,58
660	29.08.2025 08:53:59	16,87	-0,04	29,06	37,89	1505,52
661	29.08.2025 08:54:00	16,84	-0,06	29,08	37,89	1505,44
662	29.08.2025 08:54:01	16,81	-0,06	29,10	37,89	1505,38
663	29.08.2025 08:54:02	16,81	-0,06	29,10	37,89	1505,38
664	29.08.2025 08:54:03	16,78	-0,06	29,12	37,89	1505,31
665	29.08.2025 08:54:04	16,78	-0,06	29,12	37,89	1505,31
666	29.08.2025 08:54:05	16,75	-0,04	29,14	37,89	1505,24
667	29.08.2025 08:54:06	16,72	-0,04	29,16	37,88	1505,17
668	29.08.2025 08:54:07	16,72	-0,03	29,16	37,88	1505,18
669	29.08.2025 08:54:08	16,72	-0,04	29,16	37,88	1505,17
670	29.08.2025 08:54:09	16,72	-0,03	29,16	37,88	1505,18
671	29.08.2025 08:54:10	16,69	-0,03	29,19	37,88	1505,11
672	29.08.2025 08:54:11	16,69	-0,03	29,19	37,88	1505,11
673	29.08.2025 08:54:12	16,69	-0,03	29,19	37,88	1505,11
674	29.08.2025 08:54:13	16,66	0,01	29,21	37,88	1505,05
675	29.08.2025 08:54:14	16,66	-0,01	29,21	37,88	1505,04
676	29.08.2025 08:54:15	16,63	-0,01	29,23	37,88	1504,98
677	29.08.2025 08:54:16	16,63	0,01	29,23	37,88	1504,98
678	29.08.2025 08:54:17	16,60	0,01	29,25	37,88	1504,91
679	29.08.2025 08:54:18	16,60	0,03	29,25	37,88	1504,91
680	29.08.2025 08:54:19	16,60	0,03	29,25	37,88	1504,91
681	29.08.2025 08:54:20	16,57	0,03	29,27	37,88	1504,84
682	29.08.2025 08:54:21	16,57	0,06	29,27	37,88	1504,85
683	29.08.2025 08:54:22	16,54	0,08	29,29	37,88	1504,78
684	29.08.2025 08:54:23	16,54	0,08	29,29	37,88	1504,78
685	29.08.2025 08:54:24	16,54	0,10	29,29	37,88	1504,79
686	29.08.2025 08:54:25	16,51	0,10	29,31	37,88	1504,72
687	29.08.2025 08:54:26	16,51	0,10	29,31	37,88	1504,72
688	29.08.2025 08:54:27	16,51	0,12	29,31	37,88	1504,72
689	29.08.2025 08:54:28	16,48	0,14	29,33	37,88	1504,66
690	29.08.2025 08:54:29	16,48	0,14	29,33	37,88	1504,66
691	29.08.2025 08:54:30	16,48	0,16	29,33	37,88	1504,66
692	29.08.2025 08:54:31	16,48	0,16	29,33	37,88	1504,66
693	29.08.2025 08:54:32	16,45	0,16	29,36	37,88	1504,59
694	29.08.2025 08:54:33	16,45	0,17	29,36	37,88	1504,59
695	29.08.2025 08:54:34	16,45	0,17	29,36	37,88	1504,59
696	29.08.2025 08:54:35	16,45	0,19	29,36	37,88	1504,60
697	29.08.2025 08:54:36	16,42	0,21	29,38	37,88	1504,53
698	29.08.2025 08:54:37	16,42	0,23	29,38	37,88	1504,53
699	29.08.2025 08:54:38	16,42	0,25	29,38	37,88	1504,54
700	29.08.2025 08:54:39	16,42	0,25	29,38	37,88	1504,54
701	29.08.2025 08:54:40	16,39	0,26	29,42	37,90	1504,49
702	29.08.2025 08:54:41	16,39	0,28	29,42	37,90	1504,50
703	29.08.2025 08:54:42	16,39	0,30	29,40	37,87	1504,47
704	29.08.2025 08:54:43	16,39	0,32	29,40	37,87	1504,48
705	29.08.2025 08:54:44	16,39	0,34	29,40	37,87	1504,48
706	29.08.2025 08:54:45	16,36	0,34	29,42	37,87	1504,41
707	29.08.2025 08:54:46	16,36	0,35	29,42	37,87	1504,41
708	29.08.2025 08:54:47	16,36	0,39	29,42	37,87	1504,42
709	29.08.2025 08:54:48	16,36	0,39	29,42	37,87	1504,42
710	29.08.2025 08:54:49	16,36	0,39	29,42	37,87	1504,42
711	29.08.2025 08:54:50	16,36	0,43	29,42	37,87	1504,43
712	29.08.2025 08:54:51	16,33	0,43	29,44	37,87	1504,36
713	29.08.2025 08:54:52	16,33	0,43	29,44	37,87	1504,36
714	29.08.2025 08:54:53	16,33	0,44	29,44	37,87	1504,36
715	29.08.2025 08:54:54	16,33	0,46	29,44	37,87	1504,36
716	29.08.2025 08:54:55	16,33	0,48	29,44	37,87	1504,37
717	29.08.2025 08:54:56	16,33	0,50	29,44	37,87	1504,37
718	29.08.2025 08:54:57	16,30	0,52	29,46	37,87	1504,30
719	29.08.2025 08:54:58	16,30	0,56	29,46	37,87	1504,31
720	29.08.2025 08:54:59	16,30	0,54	29,46	37,87	1504,31
721	29.08.2025 08:55:00	16,30	0,54	29,46	37,87	1504,31
722	29.08.2025 08:55:01	16,30	0,56	29,46	37,87	1504,31
723	29.08.2025 08:55:02	16,30	0,61	29,48	37,90	1504,34
724	29.08.2025 08:55:03	16,30	0,63	29,46	37,87	1504,32
725	29.08.2025 08:55:04	16,30	0,61	29,46	37,87	1504,32
726	29.08.2025 08:55:05	16,27	0,62	29,46	37,85	1504,23
727	29.08.2025 08:55:06	16,27	0,68	29,46	37,85	1504,23
728	29.08.2025 08:55:07	16,27	0,68	29,44	37,82	1504,21
729	29.08.2025 08:55:08	16,27	0,68	29,44	37,82	1504,21
730	29.08.2025 08:55:09	16,23	0,69	29,44	37,80	1504,12
731	29.08.2025 08:55:10	16,23	0,71	29,44	37,80	1504,12
732	29.08.2025 08:55:11	16,23	0,73	29,44	37,80	1504,12
733	29.08.2025 08:55:12	16,20	0,76	29,46	37,80	1504,06
734	29.08.2025 08:55:13	16,20	0,78	29,44	37,77	1504,04
735	29.08.2025 08:55:14	16,20	0,80	29,42	37,75	1504,02
736	29.08.2025 08:55:15	16,17	0,82	29,44	37,75	1503,95
737	29.08.2025 08:55:16	16,17	0,82	29,42	37,72	1503,92
738	29.08.2025 08:55:17	16,17	0,82	29,42	37,72	1503,92
739	29.08.2025 08:55:18	16,14	0,81	29,46	37,74	1503,88
740	29.08.2025 08:55:19	16,14	0,80	29,46	37,74	1503,88
741	29.08.2025 08:55:20	16,14	0,81	29,46	37,74	1503,88
742	29.08.2025 08:55:21	16,14	0,81	29,46	37,74	1503,88
743	29.08.2025 08:55:22	16,14	0,80	29,48	37,77	1503,90
744	29.08.2025 08:55:23	16,14	0,81	29,53	37,82	1503,95
745	29.08.2025 08:55:24	16,14	0,83	29,46	37,74	1503,88
746	29.08.2025 08:55:25	16,14	0,81	29,46	37,74	1503,88
747	29.08.2025 08:55:26	16,14	0,80	29,46	37,74	1503,88
748	29.08.2025 08:55:27	16,11	0,81	29,46	37,72	1503,78
749	29.08.2025 08:55:28	16,11	0,83	29,46	37,72	1503,79
750	29.08.2025 08:55:29	16,11	0,83	29,44	37,69	1503,76
751	29.08.2025 08:55:30	16,11	0,83	29,44	37,69	1503,76
752	29.08.2025 08:55:31	16,08	0,86	29,44	37,67	1503,67
753	29.08.2025 08:55:32	16,08	0,90	29,42	37,64	1503,65
754	29.08.2025 08:55:33	16,05	0,90	29,44	37,64	1503,58
755	29.08.2025 08:55:34	16,05	0,93	29,42	37,62	1503,56
756	29.08.2025 08:55:35	16,02	0,95	29,42	37,59	1503,47
757	29.08.2025 08:55:36	16,02	0,97	29,42	37,59	1503,47
758	29.08.2025 08:55:37	15,99	0,98	29,44	37,59	1503,41
759	29.08.2025 08:55:38	15,99	1,00	29,42	37,57	1503,38
760	29.08.2025 08:55:39	15,96	1,03	29,44	37,57	1503,32
761	29.08.2025 08:55:40	15,96	1,02	29,44	37,57	1503,32
762	29.08.2025 08:55:41	15,96	1,02	29,46	37,59	1503,34
763	29.08.2025 08:55:42	15,93	1,00	29,49	37,59	1503,27
764	29.08.2025 08:55:43	15,93	1,01	29,49	37,59	1503,27
765	29.08.2025 08:55:44	15,93	1,01	29,49	37,59	1503,27
766	29.08.2025 08:55:45	15,93	1,01	29,49	37,59	1503,27
767	29.08.2025 08:55:46	15,93	1,00	29,49	37,59	1503,27
768	29.08.2025 08:55:47	15,93	1,00	29,46	37,57	1503,24
769	29.08.2025 08:55:48	15,93	1,01	29,46	37,57	1503,25
770	29.08.2025 08:55:49	15,90	1,01	29,49	37,57	1503,18
771	29.08.2025 08:55:50	15,90	1,01	29,49	37,57	1503,18
772	29.08.2025 08:55:51	15,90	1,01	29,49	37,57	1503,18
773	29.08.2025 08:55:52	15,90	1,01	29,49	37,57	1503,18
774	29.08.2025 08:55:53	15,90	1,01	29,46	37,54	1503,15
775	29.08.2025 08:55:54	15,87	1,03	29,49	37,54	1503,08
776	29.08.2025 08:55:55	15,87	1,03	29,51	37,56	1503,11
777	29.08.2025 08:55:56	15,87	1,05	29,51	37,56	1503,11
778	29.08.2025 08:55:57	15,87	1,03	29,51	37,56	1503,11
779	29.08.2025 08:55:58	15,87	1,05	29,51	37,56	1503,11
780	29.08.2025 08:55:59	15,87	1,05	29,51	37,56	1503,11
781	29.08.2025 08:56:00	15,87	1,05	29,51	37,56	1503,11
782	29.08.2025 08:56:01	15,87	1,05	29,51	37,56	1503,11
783	29.08.2025 08:56:02	15,87	1,06	29,49	37,54	1503,09
784	29.08.2025 08:56:03	15,87	1,06	29,49	37,54	1503,09
785	29.08.2025 08:56:04	15,84	1,06	29,49	37,51	1502,99
786	29.08.2025 08:56:05	15,84	1,08	29,49	37,51	1503,00
787	29.08.2025 08:56:06	15,81	1,08	29,51	37,51	1502,93
788	29.08.2025 08:56:07	15,81	1,10	29,55	37,56	1502,98
789	29.08.2025 08:56:08	15,78	1,11	29,57	37,56	1502,91
790	29.08.2025 08:56:09	15,75	1,11	29,60	37,56	1502,84
791	29.08.2025 08:56:10	15,75	1,13	29,60	37,56	1502,84
792	29.08.2025 08:56:11	15,75	1,13	29,60	37,56	1502,84
793	29.08.2025 08:56:12	15,72	1,14	29,62	37,56	1502,78
794	29.08.2025 08:56:13	15,72	1,14	29,62	37,56	1502,78
795	29.08.2025 08:56:14	15,72	1,18	29,62	37,56	1502,78
796	29.08.2025 08:56:15	15,69	1,16	29,64	37,56	1502,71
797	29.08.2025 08:56:16	15,69	1,18	29,64	37,56	1502,71
798	29.08.2025 08:56:17	15,69	1,19	29,62	37,53	1502,69
799	29.08.2025 08:56:18	15,66	1,17	29,60	37,48	1502,57
800	29.08.2025 08:56:19	15,66	1,19	29,58	37,46	1502,54
801	29.08.2025 08:56:20	15,66	1,19	29,60	37,48	1502,57
802	29.08.2025 08:56:21	15,63	1,21	29,62	37,48	1502,50
803	29.08.2025 08:56:22	15,63	1,21	29,58	37,43	1502,45
804	29.08.2025 08:56:23	15,60	1,22	29,58	37,41	1502,36
805	29.08.2025 08:56:24	15,60	1,24	29,58	37,41	1502,36
806	29.08.2025 08:56:25	15,56	1,24	29,60	37,41	1502,29
807	29.08.2025 08:56:26	15,56	1,24	29,58	37,38	1502,26
808	29.08.2025 08:56:27	15,53	1,26	29,60	37,38	1502,19
809	29.08.2025 08:56:28	15,53	1,27	29,60	37,38	1502,20
810	29.08.2025 08:56:29	15,53	1,27	29,60	37,38	1502,20
811	29.08.2025 08:56:30	15,53	1,29	29,60	37,38	1502,20
812	29.08.2025 08:56:31	15,50	1,31	29,60	37,36	1502,11
813	29.08.2025 08:56:32	15,50	1,33	29,62	37,38	1502,13
814	29.08.2025 08:56:33	15,50	1,33	29,62	37,38	1502,13
815	29.08.2025 08:56:34	15,50	1,34	29,62	37,38	1502,14
816	29.08.2025 08:56:35	15,47	1,36	29,66	37,41	1502,09
817	29.08.2025 08:56:36	15,47	1,36	29,69	37,43	1502,12
818	29.08.2025 08:56:37	15,47	1,38	29,69	37,43	1502,12
819	29.08.2025 08:56:38	15,47	1,38	29,66	37,41	1502,10
820	29.08.2025 08:56:39	15,47	1,40	29,62	37,36	1502,05
821	29.08.2025 08:56:40	15,44	1,41	29,58	37,28	1501,90
822	29.08.2025 08:56:41	15,44	1,43	29,51	37,21	1501,83
823	29.08.2025 08:56:42	15,38	1,44	29,54	37,18	1501,66
824	29.08.2025 08:56:43	15,35	1,48	29,64	37,28	1501,70
825	29.08.2025 08:56:44	15,32	1,47	29,60	37,20	1501,55
826	29.08.2025 08:56:45	15,29	1,47	29,36	36,91	1501,17
827	29.08.2025 08:56:46	15,23	1,45	29,06	36,51	1500,61
828	29.08.2025 08:56:47	15,11	1,48	28,91	36,24	1500,05
829	29.08.2025 08:56:48	14,95	1,52	28,89	36,09	1499,53
830	29.08.2025 08:56:49	14,80	1,54	28,76	35,82	1498,88
831	29.08.2025 08:56:50	14,64	1,57	28,74	35,66	1498,36
832	29.08.2025 08:56:51	14,49	1,59	28,63	35,41	1497,73
833	29.08.2025 08:56:52	14,33	1,62	28,56	35,21	1497,15
834	29.08.2025 08:56:53	14,18	1,62	28,36	34,87	1496,40
835	29.08.2025 08:56:54	13,99	1,67	28,23	34,57	1495,63
836	29.08.2025 08:56:55	13,77	1,67	28,14	34,29	1494,80
837	29.08.2025 08:56:56	13,56	1,69	27,80	33,74	1493,67
838	29.08.2025 08:56:57	13,27	1,69	27,57	33,27	1492,44
839	29.08.2025 08:56:58	12,96	1,75	27,63	33,09	1491,46
840	29.08.2025 08:56:59	12,68	1,80	27,63	32,87	1490,49
841	29.08.2025 08:57:00	12,42	1,82	27,69	32,73	1489,70
842	29.08.2025 08:57:01	12,20	1,88	27,76	32,63	1489,02
843	29.08.2025 08:57:02	11,98	1,90	27,74	32,43	1488,21
844	29.08.2025 08:57:03	11,75	1,90	27,71	32,23	1487,40
845	29.08.2025 08:57:04	11,50	1,93	27,69	32,00	1486,47
846	29.08.2025 08:57:05	11,24	1,95	27,76	31,87	1485,64
847	29.08.2025 08:57:06	10,98	1,99	27,78	31,70	1484,75
848	29.08.2025 08:57:07	10,79	2,01	27,80	31,57	1484,08
849	29.08.2025 08:57:08	10,59	2,03	27,75	31,37	1483,32
850	29.08.2025 08:57:09	10,36	2,05	27,78	31,22	1482,53
851	29.08.2025 08:57:10	10,13	2,07	27,76	31,01	1481,66
852	29.08.2025 08:57:11	9,94	2,07	27,78	30,89	1480,97
853	29.08.2025 08:57:12	9,70	2,11	27,86	30,79	1480,22
854	29.08.2025 08:57:13	9,54	2,12	27,86	30,66	1479,61
855	29.08.2025 08:57:14	9,34	2,12	27,79	30,43	1478,78
856	29.08.2025 08:57:15	9,14	2,12	27,77	30,26	1478,00
857	29.08.2025 08:57:16	8,94	2,15	27,77	30,11	1477,25
858	29.08.2025 08:57:17	8,70	2,17	27,90	30,06	1476,53
859	29.08.2025 08:57:18	8,54	2,19	27,93	29,95	1475,93
860	29.08.2025 08:57:19	8,37	2,20	27,91	29,81	1475,26
861	29.08.2025 08:57:20	8,20	2,20	27,88	29,65	1474,58
862	29.08.2025 08:57:21	7,99	2,24	27,94	29,55	1473,88
863	29.08.2025 08:57:22	7,82	2,25	28,02	29,50	1473,32
864	29.08.2025 08:57:23	7,65	2,27	28,08	29,43	1472,73
865	29.08.2025 08:57:24	7,51	2,31	28,16	29,40	1472,31
866	29.08.2025 08:57:25	7,38	2,30	28,22	29,35	1471,84
867	29.08.2025 08:57:26	7,24	2,31	28,31	29,32	1471,41
868	29.08.2025 08:57:27	7,10	2,34	28,39	29,30	1470,98
869	29.08.2025 08:57:28	7,00	2,37	28,45	29,27	1470,64
870	29.08.2025 08:57:29	6,89	2,36	28,54	29,27	1470,34
871	29.08.2025 08:57:30	6,79	2,37	28,60	29,24	1470,00
872	29.08.2025 08:57:31	6,72	2,38	28,60	29,19	1469,73
873	29.08.2025 08:57:32	6,61	2,41	28,69	29,19	1469,43
874	29.08.2025 08:57:33	6,51	2,42	28,75	29,17	1469,09
875	29.08.2025 08:57:34	6,44	2,43	28,78	29,14	1468,85
876	29.08.2025 08:57:35	6,37	2,45	28,78	29,09	1468,58
877	29.08.2025 08:57:36	6,26	2,46	28,79	29,02	1468,17
878	29.08.2025 08:57:37	6,16	2,45	28,77	28,92	1467,72
879	29.08.2025 08:57:38	6,05	2,48	28,78	28,84	1467,30
880	29.08.2025 08:57:39	5,91	2,50	28,85	28,79	1466,82
881	29.08.2025 08:57:40	5,80	2,51	28,88	28,74	1466,43
882	29.08.2025 08:57:41	5,70	2,54	28,94	28,72	1466,08
883	29.08.2025 08:57:42	5,62	2,55	28,92	28,64	1465,77
884	29.08.2025 08:57:43	5,52	2,57	29,01	28,64	1465,45
885	29.08.2025 08:57:44	5,41	2,59	29,02	28,57	1465,02
886	29.08.2025 08:57:45	5,30	2,60	29,01	28,47	1464,56
887	29.08.2025 08:57:46	5,23	2,62	29,04	28,45	1464,31
888	29.08.2025 08:57:47	5,12	2,64	28,97	28,30	1463,78
889	29.08.2025 08:57:48	5,01	2,65	28,98	28,22	1463,34
890	29.08.2025 08:57:49	4,87	2,68	28,99	28,13	1462,77
891	29.08.2025 08:57:50	4,76	2,69	29,06	28,10	1462,40
892	29.08.2025 08:57:51	4,65	2,72	29,04	28,00	1461,93
893	29.08.2025 08:57:52	4,54	2,73	29,08	27,95	1461,52
894	29.08.2025 08:57:53	4,43	2,76	29,12	27,90	1461,12
895	29.08.2025 08:57:54	4,32	2,78	29,19	27,88	1460,75
896	29.08.2025 08:57:55	4,25	2,81	29,23	27,85	1460,50
897	29.08.2025 08:57:56	4,14	2,82	29,29	27,83	1460,12
898	29.08.2025 08:57:57	4,06	2,82	29,33	27,81	1459,86
899	29.08.2025 08:57:58	4,03	2,85	29,34	27,78	1459,71
900	29.08.2025 08:57:59	3,95	2,88	29,40	27,78	1459,49
901	29.08.2025 08:58:00	3,88	2,89	29,41	27,73	1459,19
902	29.08.2025 08:58:01	3,81	2,91	29,48	27,73	1458,97
903	29.08.2025 08:58:02	3,73	2,92	29,52	27,71	1458,70
904	29.08.2025 08:58:03	3,66	2,93	29,59	27,71	1458,48
905	29.08.2025 08:58:04	3,58	2,96	29,62	27,68	1458,21
906	29.08.2025 08:58:05	3,51	2,98	29,69	27,68	1457,99
907	29.08.2025 08:58:06	3,47	2,99	29,73	27,68	1457,87
908	29.08.2025 08:58:07	3,43	3,02	29,73	27,66	1457,72
909	29.08.2025 08:58:08	3,36	3,02	29,80	27,66	1457,49
910	29.08.2025 08:58:09	3,32	3,05	29,81	27,64	1457,34
911	29.08.2025 08:58:10	3,25	3,06	29,88	27,64	1457,11
912	29.08.2025 08:58:11	3,21	3,08	29,88	27,61	1456,96
913	29.08.2025 08:58:12	3,13	3,09	29,92	27,59	1456,69
914	29.08.2025 08:58:13	3,10	3,12	29,99	27,61	1456,62
915	29.08.2025 08:58:14	3,06	3,14	29,99	27,59	1456,47
916	29.08.2025 08:58:15	2,98	3,15	30,07	27,59	1456,24
917	29.08.2025 08:58:16	2,94	3,17	30,10	27,59	1456,12
918	29.08.2025 08:58:17	2,91	3,20	30,14	27,59	1456,01
919	29.08.2025 08:58:18	2,87	3,23	30,17	27,59	1455,90
920	29.08.2025 08:58:19	2,83	3,25	30,21	27,59	1455,78
921	29.08.2025 08:58:20	2,79	3,26	30,25	27,59	1455,67
922	29.08.2025 08:58:21	2,75	3,30	30,28	27,59	1455,56
923	29.08.2025 08:58:22	2,75	3,33	30,28	27,59	1455,56
924	29.08.2025 08:58:23	2,72	3,35	30,32	27,59	1455,45
925	29.08.2025 08:58:24	2,68	3,36	30,35	27,59	1455,33
926	29.08.2025 08:58:25	2,64	3,38	30,39	27,59	1455,21
927	29.08.2025 08:58:26	2,60	3,41	30,43	27,60	1455,10
928	29.08.2025 08:58:27	2,56	3,41	30,47	27,60	1454,98
929	29.08.2025 08:58:28	2,53	3,44	30,50	27,60	1454,87
930	29.08.2025 08:58:29	2,53	3,46	30,50	27,60	1454,87
931	29.08.2025 08:58:30	2,49	3,49	30,51	27,57	1454,72
932	29.08.2025 08:58:31	2,45	3,51	30,55	27,57	1454,60
933	29.08.2025 08:58:32	2,41	3,52	30,58	27,57	1454,49
934	29.08.2025 08:58:33	2,41	3,54	30,58	27,57	1454,49
935	29.08.2025 08:58:34	2,37	3,57	30,62	27,57	1454,38
936	29.08.2025 08:58:35	2,33	3,59	30,63	27,55	1454,22
937	29.08.2025 08:58:36	2,33	3,61	30,63	27,55	1454,22
938	29.08.2025 08:58:37	2,30	3,64	30,67	27,55	1454,11
939	29.08.2025 08:58:38	2,26	3,65	30,70	27,55	1453,99
940	29.08.2025 08:58:39	2,26	3,67	30,67	27,53	1453,96
941	29.08.2025 08:58:40	2,22	3,69	30,71	27,53	1453,84
942	29.08.2025 08:58:41	2,22	3,71	30,71	27,53	1453,84
943	29.08.2025 08:58:42	2,18	3,74	30,72	27,50	1453,69
944	29.08.2025 08:58:43	2,14	3,75	30,73	27,48	1453,53
945	29.08.2025 08:58:44	2,14	3,79	30,72	27,48	1453,53
946	29.08.2025 08:58:45	2,10	3,80	30,76	27,48	1453,42
947	29.08.2025 08:58:46	2,07	3,82	30,80	27,48	1453,30
948	29.08.2025 08:58:47	2,07	3,86	30,74	27,43	1453,22
949	29.08.2025 08:58:48	2,03	3,89	30,72	27,38	1453,03
950	29.08.2025 08:58:49	1,99	3,90	30,72	27,36	1452,87
951	29.08.2025 08:58:50	1,95	3,92	30,73	27,33	1452,71
952	29.08.2025 08:58:51	1,91	3,92	30,74	27,31	1452,55
953	29.08.2025 08:58:52	1,87	3,93	30,75	27,28	1452,39
954	29.08.2025 08:58:53	1,83	3,95	30,72	27,24	1452,19
955	29.08.2025 08:58:54	1,79	3,96	30,73	27,21	1452,03
956	29.08.2025 08:58:55	1,76	3,98	30,77	27,21	1451,91
957	29.08.2025 08:58:56	1,72	4,01	30,78	27,19	1451,75
958	29.08.2025 08:58:57	1,68	4,02	30,79	27,16	1451,59
959	29.08.2025 08:58:58	1,64	4,04	30,83	27,16	1451,47
960	29.08.2025 08:58:59	1,64	4,06	30,82	27,16	1451,48
961	29.08.2025 08:59:00	1,60	4,07	30,80	27,12	1451,27
962	29.08.2025 08:59:01	1,56	4,07	30,81	27,09	1451,11
963	29.08.2025 08:59:02	1,52	4,08	30,82	27,07	1450,95
964	29.08.2025 08:59:03	1,48	4,12	30,80	27,02	1450,75
965	29.08.2025 08:59:04	1,44	4,13	30,83	27,02	1450,63
966	29.08.2025 08:59:05	1,44	4,17	30,80	26,99	1450,59
967	29.08.2025 08:59:06	1,40	4,18	30,84	27,00	1450,47
968	29.08.2025 08:59:07	1,37	4,22	30,88	27,00	1450,35
969	29.08.2025 08:59:08	1,33	4,25	30,92	27,00	1450,23
970	29.08.2025 08:59:09	1,33	4,27	30,89	26,97	1450,19
971	29.08.2025 08:59:10	1,29	4,30	30,90	26,95	1450,03
972	29.08.2025 08:59:11	1,25	4,31	30,91	26,93	1449,87
973	29.08.2025 08:59:12	1,21	4,33	30,95	26,93	1449,75
974	29.08.2025 08:59:13	1,21	4,36	30,95	26,93	1449,75
975	29.08.2025 08:59:14	1,17	4,40	30,96	26,90	1449,59
976	29.08.2025 08:59:15	1,13	4,41	31,00	26,90	1449,47
977	29.08.2025 08:59:16	1,13	4,45	30,96	26,88	1449,44
978	29.08.2025 08:59:17	1,09	4,46	31,01	26,88	1449,31
979	29.08.2025 08:59:18	1,05	4,51	31,01	26,85	1449,15
980	29.08.2025 08:59:19	1,05	4,53	31,01	26,85	1449,16
981	29.08.2025 08:59:20	1,01	4,56	31,02	26,83	1449,00
982	29.08.2025 08:59:21	1,01	4,60	31,05	26,86	1449,04
983	29.08.2025 08:59:22	0,97	4,62	31,06	26,83	1448,88
984	29.08.2025 08:59:23	0,97	4,65	31,06	26,83	1448,88
985	29.08.2025 08:59:24	0,97	4,69	31,06	26,83	1448,89
986	29.08.2025 08:59:25	0,93	4,74	31,07	26,81	1448,73
987	29.08.2025 08:59:26	0,89	4,75	31,11	26,81	1448,61
988	29.08.2025 08:59:27	0,89	4,81	31,11	26,81	1448,62
989	29.08.2025 08:59:28	0,89	4,82	31,08	26,78	1448,58
990	29.08.2025 08:59:29	0,85	4,88	31,15	26,81	1448,50
991	29.08.2025 08:59:30	0,81	4,91	31,23	26,84	1448,42
992	29.08.2025 08:59:31	0,81	4,94	31,23	26,84	1448,43
993	29.08.2025 08:59:32	0,77	4,98	31,27	26,84	1448,31
994	29.08.2025 08:59:33	0,77	5,01	31,27	26,84	1448,31
995	29.08.2025 08:59:34	0,73	5,05	31,31	26,84	1448,19
996	29.08.2025 08:59:35	0,73	5,08	31,31	26,84	1448,20
997	29.08.2025 08:59:36	0,73	5,12	31,31	26,84	1448,20
998	29.08.2025 08:59:37	0,69	5,13	31,35	26,84	1448,08
999	29.08.2025 08:59:38	0,69	5,17	31,35	26,84	1448,09
1000	29.08.2025 08:59:39	0,69	5,20	31,35	26,84	1448,09
1001	29.08.2025 08:59:40	0,65	5,24	31,39	26,84	1447,97
1002	29.08.2025 08:59:41	0,65	5,27	31,39	26,84	1447,98
1003	29.08.2025 08:59:42	0,65	5,31	31,39	26,84	1447,98
1004	29.08.2025 08:59:43	0,65	5,33	31,39	26,84	1447,98
1005	29.08.2025 08:59:44	0,61	5,38	31,46	26,87	1447,91
1006	29.08.2025 08:59:45	0,61	5,38	31,46	26,87	1447,91
1007	29.08.2025 08:59:46	0,61	5,43	31,43	26,84	1447,88
1008	29.08.2025 08:59:47	0,61	5,45	31,46	26,87	1447,92
1009	29.08.2025 08:59:48	0,57	5,46	31,47	26,84	1447,75
1010	29.08.2025 08:59:49	0,57	5,52	31,51	26,87	1447,81
1011	29.08.2025 08:59:50	0,57	5,54	31,51	26,87	1447,81
1012	29.08.2025 08:59:51	0,57	5,57	31,51	26,87	1447,81
1013	29.08.2025 08:59:52	0,57	5,59	31,51	26,87	1447,82
1014	29.08.2025 08:59:53	0,57	5,61	31,50	26,87	1447,82
1015	29.08.2025 08:59:54	0,53	5,64	31,55	26,87	1447,70
1016	29.08.2025 08:59:55	0,53	5,68	31,55	26,87	1447,70
1017	29.08.2025 08:59:56	0,53	5,69	31,55	26,87	1447,71
1018	29.08.2025 08:59:57	0,53	5,73	31,55	26,87	1447,71
1019	29.08.2025 08:59:58	0,53	5,75	31,55	26,87	1447,71
1020	29.08.2025 08:59:59	0,53	5,78	31,55	26,87	1447,72
1021	29.08.2025 09:00:00	0,49	5,82	31,59	26,87	1447,60
1022	29.08.2025 09:00:01	0,49	5,83	31,59	26,87	1447,60
1023	29.08.2025 09:00:02	0,49	5,87	31,59	26,87	1447,61
1024	29.08.2025 09:00:03	0,49	5,91	31,59	26,87	1447,61
1025	29.08.2025 09:00:04	0,49	5,92	31,59	26,87	1447,62
1026	29.08.2025 09:00:05	0,49	5,96	31,59	26,87	1447,62
1027	29.08.2025 09:00:06	0,49	5,98	31,59	26,87	1447,62
1028	29.08.2025 09:00:07	0,49	6,00	31,59	26,87	1447,63
1029	29.08.2025 09:00:08	0,45	6,01	31,63	26,87	1447,50
1030	29.08.2025 09:00:09	0,45	6,05	31,63	26,87	1447,51
1031	29.08.2025 09:00:10	0,45	6,08	31,63	26,87	1447,51
1032	29.08.2025 09:00:11	0,45	6,08	31,63	26,87	1447,51
1033	29.08.2025 09:00:12	0,45	6,12	31,63	26,87	1447,52
1034	29.08.2025 09:00:13	0,45	6,15	31,63	26,87	1447,53
1035	29.08.2025 09:00:14	0,45	6,19	31,63	26,87	1447,53
1036	29.08.2025 09:00:15	0,45	6,19	31,63	26,87	1447,53
1037	29.08.2025 09:00:16	0,45	6,21	31,63	26,87	1447,53
1038	29.08.2025 09:00:17	0,45	6,23	31,63	26,87	1447,54
1039	29.08.2025 09:00:18	0,41	6,24	31,67	26,87	1447,41
1040	29.08.2025 09:00:19	0,41	6,26	31,67	26,87	1447,41
1041	29.08.2025 09:00:20	0,41	6,26	31,67	26,87	1447,41
1042	29.08.2025 09:00:21	0,41	6,28	31,67	26,87	1447,42
1043	29.08.2025 09:00:22	0,41	6,29	31,67	26,87	1447,42
1044	29.08.2025 09:00:23	0,41	6,31	31,67	26,87	1447,42
1045	29.08.2025 09:00:24	0,41	6,29	31,67	26,87	1447,42
1046	29.08.2025 09:00:25	0,41	6,29	31,67	26,87	1447,42
1047	29.08.2025 09:00:26	0,41	6,31	31,67	26,87	1447,42
1048	29.08.2025 09:00:27	0,41	6,33	31,67	26,87	1447,43
1049	29.08.2025 09:00:28	0,41	6,33	31,67	26,87	1447,43
1050	29.08.2025 09:00:29	0,41	6,35	31,67	26,87	1447,43
1051	29.08.2025 09:00:30	0,41	6,35	31,67	26,87	1447,43
1052	29.08.2025 09:00:31	0,41	6,35	31,67	26,87	1447,43
1053	29.08.2025 09:00:32	0,41	6,35	31,67	26,87	1447,43
1054	29.08.2025 09:00:33	0,41	6,35	31,67	26,87	1447,43
1055	29.08.2025 09:00:34	0,41	6,35	31,67	26,87	1447,43
1056	29.08.2025 09:00:35	0,41	6,37	31,67	26,87	1447,43
1057	29.08.2025 09:00:36	0,41	6,37	31,67	26,87	1447,43
1058	29.08.2025 09:00:37	0,41	6,37	31,67	26,87	1447,43
1059	29.08.2025 09:00:38	0,41	6,31	31,67	26,87	1447,42
1060	29.08.2025 09:00:39	0,41	6,31	31,67	26,87	1447,42
1061	29.08.2025 09:00:40	0,41	6,29	31,70	26,90	1447,46
1062	29.08.2025 09:00:41	0,41	6,26	31,70	26,90	1447,46
1063	29.08.2025 09:00:42	0,41	6,22	31,67	26,87	1447,41
1064	29.08.2025 09:00:43	0,41	6,19	31,67	26,87	1447,40
1065	29.08.2025 09:00:44	0,41	6,15	31,67	26,87	1447,40
1066	29.08.2025 09:00:45	0,37	6,15	31,72	26,87	1447,27
1067	29.08.2025 09:00:46	0,37	6,13	31,72	26,87	1447,27
1068	29.08.2025 09:00:47	0,37	6,11	31,75	26,90	1447,31
1069	29.08.2025 09:00:48	0,37	6,08	31,72	26,87	1447,26
1070	29.08.2025 09:00:49	0,37	6,08	31,72	26,87	1447,26
1071	29.08.2025 09:00:50	0,37	6,06	31,72	26,87	1447,26
1072	29.08.2025 09:00:51	0,37	6,04	31,72	26,87	1447,25
1073	29.08.2025 09:00:52	0,37	6,06	31,72	26,87	1447,26
1074	29.08.2025 09:00:53	0,37	6,04	31,75	26,90	1447,30
1075	29.08.2025 09:00:54	0,37	6,02	31,75	26,90	1447,30
1076	29.08.2025 09:00:55	0,37	6,00	31,75	26,90	1447,29
1077	29.08.2025 09:00:56	0,37	6,02	31,75	26,90	1447,30
1078	29.08.2025 09:00:57	0,37	6,00	31,72	26,87	1447,25
1079	29.08.2025 09:00:58	0,37	6,00	31,72	26,87	1447,25
1080	29.08.2025 09:00:59	0,37	5,99	31,72	26,87	1447,25
1081	29.08.2025 09:01:00	0,37	5,97	31,72	26,87	1447,24
1082	29.08.2025 09:01:01	0,37	5,97	31,72	26,87	1447,24
1083	29.08.2025 09:01:02	0,37	5,97	31,72	26,87	1447,24
1084	29.08.2025 09:01:03	0,37	5,95	31,75	26,90	1447,28
1085	29.08.2025 09:01:04	0,37	5,95	31,75	26,90	1447,28
1086	29.08.2025 09:01:05	0,37	5,95	31,72	26,87	1447,24
1087	29.08.2025 09:01:06	0,37	5,95	31,72	26,87	1447,24
1088	29.08.2025 09:01:07	0,37	5,93	31,75	26,90	1447,28
1089	29.08.2025 09:01:08	0,37	5,95	31,72	26,87	1447,24
1090	29.08.2025 09:01:09	0,37	5,93	31,75	26,90	1447,28
1091	29.08.2025 09:01:10	0,37	5,93	31,72	26,87	1447,24
1092	29.08.2025 09:01:11	0,37	5,93	31,72	26,87	1447,24
1093	29.08.2025 09:01:12	0,37	5,95	31,75	26,90	1447,28
1094	29.08.2025 09:01:13	0,37	5,93	31,75	26,90	1447,28
1095	29.08.2025 09:01:14	0,37	5,93	31,72	26,87	1447,24
1096	29.08.2025 09:01:15	0,37	5,95	31,75	26,90	1447,28
1097	29.08.2025 09:01:16	0,37	5,93	31,72	26,87	1447,24
1098	29.08.2025 09:01:17	0,37	5,91	31,75	26,90	1447,28
1099	29.08.2025 09:01:18	0,37	5,93	31,72	26,87	1447,24
1100	29.08.2025 09:01:19	0,37	5,93	31,75	26,90	1447,28
1101	29.08.2025 09:01:20	0,37	5,91	31,75	26,90	1447,28
1102	29.08.2025 09:01:21	0,37	5,91	31,72	26,87	1447,23
1103	29.08.2025 09:01:22	0,37	5,93	31,75	26,90	1447,28
1104	29.08.2025 09:01:23	0,37	5,91	31,72	26,87	1447,23
1105	29.08.2025 09:01:24	0,37	5,91	31,75	26,90	1447,28
1106	29.08.2025 09:01:25	0,37	5,90	31,72	26,87	1447,23
1107	29.08.2025 09:01:26	0,37	5,91	31,72	26,87	1447,23
1108	29.08.2025 09:01:27	0,37	5,91	31,75	26,90	1447,28
1109	29.08.2025 09:01:28	0,37	5,90	31,75	26,90	1447,28
1110	29.08.2025 09:01:29	0,37	5,91	31,75	26,90	1447,28
1111	29.08.2025 09:01:30	0,37	5,91	31,75	26,90	1447,28
1112	29.08.2025 09:01:31	0,37	5,91	31,72	26,87	1447,23
1113	29.08.2025 09:01:32	0,37	5,91	31,75	26,90	1447,28
1114	29.08.2025 09:01:33	0,37	5,91	31,75	26,90	1447,28
1115	29.08.2025 09:01:34	0,37	5,90	31,72	26,87	1447,23
1116	29.08.2025 09:01:35	0,37	5,91	31,75	26,90	1447,28
1117	29.08.2025 09:01:36	0,37	5,91	31,75	26,90	1447,28
1118	29.08.2025 09:01:37	0,37	5,91	31,72	26,87	1447,23
1119	29.08.2025 09:01:38	0,37	5,91	31,72	26,87	1447,23
1120	29.08.2025 09:01:39	0,37	5,91	31,75	26,90	1447,28
1121	29.08.2025 09:01:40	0,37	5,90	31,75	26,90	1447,28
1122	29.08.2025 09:01:41	0,37	5,91	31,75	26,90	1447,28
1123	29.08.2025 09:01:42	0,37	5,91	31,75	26,90	1447,28
1124	29.08.2025 09:01:43	0,37	5,91	31,75	26,90	1447,28
1125	29.08.2025 09:01:44	0,37	5,90	31,75	26,90	1447,28
1126	29.08.2025 09:01:45	0,37	5,90	31,75	26,90	1447,28
1127	29.08.2025 09:01:46	0,37	5,90	31,75	26,90	1447,28
1128	29.08.2025 09:01:47	0,37	5,90	31,75	26,90	1447,28
1129	29.08.2025 09:01:48	0,37	5,90	31,75	26,90	1447,28
1130	29.08.2025 09:01:49	0,37	5,90	31,75	26,90	1447,28
1131	29.08.2025 09:01:50	0,37	5,88	31,75	26,90	1447,27
1132	29.08.2025 09:01:51	0,37	5,88	31,75	26,90	1447,27
1133	29.08.2025 09:01:52	0,37	5,90	31,75	26,90	1447,28
1134	29.08.2025 09:01:53	0,37	5,90	31,72	26,87	1447,23
1135	29.08.2025 09:01:54	0,37	5,90	31,75	26,90	1447,28
1136	29.08.2025 09:01:55	0,37	5,90	31,75	26,90	1447,28
1137	29.08.2025 09:01:56	0,37	5,90	31,75	26,90	1447,28
1138	29.08.2025 09:01:57	0,37	5,90	31,72	26,87	1447,23
1139	29.08.2025 09:01:58	0,37	5,90	31,75	26,90	1447,28
1140	29.08.2025 09:01:59	0,37	5,88	31,72	26,87	1447,23
1141	29.08.2025 09:02:00	0,37	5,88	31,72	26,87	1447,23
1142	29.08.2025 09:02:01	0,37	5,88	31,75	26,90	1447,27
1143	29.08.2025 09:02:02	0,37	5,90	31,72	26,87	1447,23
1144	29.08.2025 09:02:03	0,37	5,91	31,72	26,87	1447,23
1145	29.08.2025 09:02:04	0,37	5,91	31,72	26,87	1447,23
1146	29.08.2025 09:02:05	0,37	5,91	31,75	26,90	1447,28
1147	29.08.2025 09:02:06	0,37	5,91	31,72	26,87	1447,23
1148	29.08.2025 09:02:07	0,37	5,93	31,72	26,87	1447,24
1149	29.08.2025 09:02:08	0,37	5,97	31,72	26,87	1447,24
1150	29.08.2025 09:02:09	0,37	5,99	31,72	26,87	1447,25
1151	29.08.2025 09:02:10	0,37	6,02	31,72	26,87	1447,25
1152	29.08.2025 09:02:11	0,37	6,04	31,72	26,87	1447,25
1153	29.08.2025 09:02:12	0,37	6,08	31,72	26,87	1447,26
1154	29.08.2025 09:02:13	0,37	6,11	31,72	26,87	1447,27
1155	29.08.2025 09:02:14	0,37	6,09	31,72	26,87	1447,26
1156	29.08.2025 09:02:15	0,37	6,09	31,72	26,87	1447,26
1157	29.08.2025 09:02:16	0,37	6,09	31,72	26,87	1447,26
1158	29.08.2025 09:02:17	0,37	6,13	31,72	26,87	1447,27
1159	29.08.2025 09:02:18	0,37	6,13	31,72	26,87	1447,27
1160	29.08.2025 09:02:19	0,37	6,13	31,72	26,87	1447,27
1161	29.08.2025 09:02:20	0,37	6,15	31,75	26,90	1447,31
1162	29.08.2025 09:02:21	0,37	6,15	31,72	26,87	1447,27
1163	29.08.2025 09:02:22	0,37	6,17	31,72	26,87	1447,27
1164	29.08.2025 09:02:23	0,37	6,17	31,72	26,87	1447,27
1165	29.08.2025 09:02:24	0,37	6,20	31,72	26,87	1447,28
1166	29.08.2025 09:02:25	0,37	6,20	31,75	26,90	1447,32
1167	29.08.2025 09:02:26	0,37	6,20	31,72	26,87	1447,28
1168	29.08.2025 09:02:27	0,37	6,20	31,72	26,87	1447,28
1169	29.08.2025 09:02:28	0,37	6,22	31,72	26,87	1447,28
1170	29.08.2025 09:02:29	0,37	6,24	31,71	26,87	1447,28
1171	29.08.2025 09:02:30	0,37	6,24	31,71	26,87	1447,28
1172	29.08.2025 09:02:31	0,37	6,26	31,71	26,87	1447,29
1173	29.08.2025 09:02:32	0,37	6,26	31,75	26,90	1447,33
1174	29.08.2025 09:02:33	0,37	6,26	31,71	26,87	1447,29
1175	29.08.2025 09:02:34	0,37	6,26	31,71	26,87	1447,29
1176	29.08.2025 09:02:35	0,37	6,26	31,71	26,87	1447,29
1177	29.08.2025 09:02:36	0,37	6,26	31,71	26,87	1447,29
1178	29.08.2025 09:02:37	0,37	6,26	31,71	26,87	1447,29
1179	29.08.2025 09:02:38	0,37	6,24	31,71	26,87	1447,28
1180	29.08.2025 09:02:39	0,37	6,22	31,72	26,87	1447,28
1181	29.08.2025 09:02:40	0,37	6,22	31,75	26,90	1447,33
1182	29.08.2025 09:02:41	0,37	6,22	31,72	26,87	1447,28
1183	29.08.2025 09:02:42	0,33	6,20	31,79	26,90	1447,20
1184	29.08.2025 09:02:43	0,37	6,18	31,71	26,87	1447,28
1185	29.08.2025 09:02:44	0,37	6,17	31,72	26,87	1447,27
1186	29.08.2025 09:02:45	0,37	6,15	31,72	26,87	1447,27
1187	29.08.2025 09:02:46	0,37	6,13	31,72	26,87	1447,27
1188	29.08.2025 09:02:47	0,37	6,09	31,72	26,87	1447,26
1189	29.08.2025 09:02:48	0,37	6,09	31,72	26,87	1447,26
1190	29.08.2025 09:02:49	0,37	6,08	31,72	26,87	1447,26
1191	29.08.2025 09:02:50	0,33	6,05	31,76	26,88	1447,13
1192	29.08.2025 09:02:51	0,37	6,02	31,75	26,90	1447,29
1193	29.08.2025 09:02:52	0,33	6,00	31,76	26,88	1447,12
1194	29.08.2025 09:02:53	0,33	5,98	31,76	26,88	1447,12
1195	29.08.2025 09:02:54	0,33	5,97	31,79	26,90	1447,16
1196	29.08.2025 09:02:55	0,33	5,95	31,76	26,88	1447,11
1197	29.08.2025 09:02:56	0,33	5,93	31,56	26,73	1446,85
1198	29.08.2025 09:02:57	0,33	5,91	31,76	26,88	1447,11
1199	29.08.2025 09:02:58	0,33	5,88	31,76	26,88	1447,10
1200	29.08.2025 09:02:59	0,33	5,88	31,76	26,88	1447,10
1201	29.08.2025 09:03:00	0,33	5,86	31,79	26,90	1447,14
1202	29.08.2025 09:03:01	0,33	5,84	31,79	26,90	1447,14
1203	29.08.2025 09:03:02	0,33	5,82	31,76	26,88	1447,09
1204	29.08.2025 09:03:03	0,33	5,80	31,76	26,88	1447,09
1205	29.08.2025 09:03:04	0,33	5,80	31,76	26,88	1447,09
1206	29.08.2025 09:03:05	0,33	5,79	31,76	26,88	1447,09
1207	29.08.2025 09:03:06	0,33	5,75	31,76	26,88	1447,08
1208	29.08.2025 09:03:07	0,33	5,71	31,76	26,88	1447,08
1209	29.08.2025 09:03:08	0,33	5,71	31,76	26,88	1447,08
1210	29.08.2025 09:03:09	0,33	5,70	31,76	26,88	1447,07
1211	29.08.2025 09:03:10	0,33	5,68	31,76	26,88	1447,07
1212	29.08.2025 09:03:11	0,33	5,66	31,79	26,90	1447,11
1213	29.08.2025 09:03:12	0,33	5,62	31,79	26,90	1447,11
1214	29.08.2025 09:03:13	0,33	5,61	31,76	26,88	1447,06
1215	29.08.2025 09:03:14	0,33	5,57	31,76	26,88	1447,06
1216	29.08.2025 09:03:15	0,33	5,55	31,76	26,88	1447,05
1217	29.08.2025 09:03:16	0,33	5,55	31,76	26,88	1447,05
1218	29.08.2025 09:03:17	0,33	5,50	31,76	26,88	1447,04
1219	29.08.2025 09:03:18	0,33	5,46	31,76	26,88	1447,04
1220	29.08.2025 09:03:19	0,33	5,44	31,76	26,88	1447,04
1221	29.08.2025 09:03:20	0,33	5,43	31,76	26,88	1447,03
1222	29.08.2025 09:03:21	0,33	5,41	31,76	26,88	1447,03
1223	29.08.2025 09:03:22	0,33	5,37	31,76	26,88	1447,02
1224	29.08.2025 09:03:23	0,33	5,34	31,76	26,88	1447,02
1225	29.08.2025 09:03:24	0,33	5,30	31,76	26,88	1447,01
1226	29.08.2025 09:03:25	0,33	5,27	31,76	26,88	1447,01
1227	29.08.2025 09:03:26	0,33	5,25	31,76	26,88	1447,01
1228	29.08.2025 09:03:27	0,33	5,21	31,76	26,88	1447,00
1229	29.08.2025 09:03:28	0,33	5,18	31,76	26,88	1446,99
1230	29.08.2025 09:03:29	0,33	5,16	31,76	26,88	1446,99
1231	29.08.2025 09:03:30	0,33	5,12	31,76	26,88	1446,99
1232	29.08.2025 09:03:31	0,33	5,09	31,76	26,88	1446,98
1233	29.08.2025 09:03:32	0,33	5,05	31,76	26,88	1446,97
1234	29.08.2025 09:03:33	0,33	5,01	31,77	26,88	1446,97
1235	29.08.2025 09:03:34	0,33	4,98	31,77	26,88	1446,96
1236	29.08.2025 09:03:35	0,33	4,94	31,73	26,85	1446,91
1237	29.08.2025 09:03:36	0,33	4,91	31,73	26,85	1446,91
1238	29.08.2025 09:03:37	0,33	4,85	31,67	26,80	1446,81
1239	29.08.2025 09:03:38	0,33	4,83	31,64	26,78	1446,77
1240	29.08.2025 09:03:39	0,33	4,80	31,64	26,78	1446,76
1241	29.08.2025 09:03:40	0,33	4,76	31,67	26,80	1446,80
1242	29.08.2025 09:03:41	0,33	4,71	31,70	26,83	1446,83
1243	29.08.2025 09:03:42	0,33	4,66	31,73	26,85	1446,87
1244	29.08.2025 09:03:43	0,33	4,62	31,70	26,83	1446,82
1245	29.08.2025 09:03:44	0,37	4,57	31,76	26,90	1447,07
1246	29.08.2025 09:03:45	0,37	4,50	31,76	26,90	1447,06
1247	29.08.2025 09:03:46	0,41	4,46	31,75	26,92	1447,22
1248	29.08.2025 09:03:47	0,41	4,41	31,78	26,95	1447,26
1249	29.08.2025 09:03:48	0,41	4,36	31,78	26,95	1447,25
1250	29.08.2025 09:03:49	0,45	4,31	31,77	26,97	1447,41
1251	29.08.2025 09:03:50	0,45	4,25	31,77	26,97	1447,40
1252	29.08.2025 09:03:51	0,45	4,23	31,80	27,00	1447,44
1253	29.08.2025 09:03:52	0,49	4,18	31,76	27,00	1447,56
1254	29.08.2025 09:03:53	0,49	4,15	31,76	27,00	1447,56
1255	29.08.2025 09:03:54	0,49	4,11	31,79	27,02	1447,59
1256	29.08.2025 09:03:55	0,53	4,06	31,91	27,14	1447,93
1257	29.08.2025 09:03:56	0,57	4,03	31,97	27,22	1448,18
1258	29.08.2025 09:03:57	0,61	3,96	31,95	27,24	1448,33
1259	29.08.2025 09:03:58	0,65	3,91	32,01	27,31	1448,58
1260	29.08.2025 09:03:59	0,73	3,86	31,99	27,36	1448,91
1261	29.08.2025 09:04:00	0,77	3,81	32,01	27,41	1449,11
1262	29.08.2025 09:04:01	0,81	3,76	32,06	27,48	1449,35
1263	29.08.2025 09:04:02	0,89	3,71	32,04	27,53	1449,68
1264	29.08.2025 09:04:03	0,93	3,66	32,00	27,53	1449,79
1265	29.08.2025 09:04:04	0,97	3,63	31,99	27,55	1449,95
1266	29.08.2025 09:04:05	1,01	3,58	31,98	27,58	1450,11
1267	29.08.2025 09:04:06	1,05	3,54	31,97	27,60	1450,27
1268	29.08.2025 09:04:07	1,05	3,51	32,00	27,63	1450,31
1269	29.08.2025 09:04:08	1,09	3,46	31,96	27,63	1450,42
1270	29.08.2025 09:04:09	1,13	3,42	31,92	27,62	1450,54
1271	29.08.2025 09:04:10	1,13	3,39	31,92	27,62	1450,53
1272	29.08.2025 09:04:11	1,17	3,34	31,91	27,65	1450,69
1273	29.08.2025 09:04:12	1,17	3,30	31,88	27,62	1450,64
1274	29.08.2025 09:04:13	1,21	3,27	31,84	27,62	1450,76
1275	29.08.2025 09:04:14	1,21	3,20	31,84	27,62	1450,75
1276	29.08.2025 09:04:15	1,25	3,18	31,83	27,65	1450,91
1277	29.08.2025 09:04:16	1,25	3,13	31,83	27,65	1450,90
1278	29.08.2025 09:04:17	1,29	3,10	31,82	27,67	1451,06
1279	29.08.2025 09:04:18	1,29	3,04	31,88	27,72	1451,13
1280	29.08.2025 09:04:19	1,33	2,99	31,87	27,74	1451,29
1281	29.08.2025 09:04:20	1,37	2,94	31,86	27,77	1451,44
1282	29.08.2025 09:04:21	1,40	2,91	31,85	27,79	1451,60
1283	29.08.2025 09:04:22	1,44	2,87	31,87	27,84	1451,80
1284	29.08.2025 09:04:23	1,48	2,80	31,90	27,89	1451,99
1285	29.08.2025 09:04:24	1,52	2,75	31,92	27,94	1452,19
1286	29.08.2025 09:04:25	1,56	2,70	31,85	27,91	1452,26
1287	29.08.2025 09:04:26	1,60	2,65	31,87	27,96	1452,46
1288	29.08.2025 09:04:27	1,64	2,60	31,89	28,01	1452,65
1289	29.08.2025 09:04:28	1,68	2,55	32,04	28,16	1453,01
1290	29.08.2025 09:04:29	1,76	2,52	32,11	28,28	1453,45
1291	29.08.2025 09:04:30	1,83	2,47	32,15	28,38	1453,84
1292	29.08.2025 09:04:31	1,91	2,41	32,17	28,45	1454,19
1293	29.08.2025 09:04:32	2,03	2,36	32,11	28,50	1454,62
1294	29.08.2025 09:04:33	2,10	2,29	32,12	28,57	1454,96
1295	29.08.2025 09:04:34	2,18	2,26	32,10	28,62	1455,27
1296	29.08.2025 09:04:35	2,26	2,20	32,17	28,74	1455,69
1297	29.08.2025 09:04:36	2,33	2,15	32,43	29,01	1456,36
1298	29.08.2025 09:04:37	2,45	2,12	32,83	29,43	1457,38
1299	29.08.2025 09:04:38	2,64	2,07	32,99	29,72	1458,42
1300	29.08.2025 09:04:39	2,87	1,97	33,08	29,99	1459,51
1301	29.08.2025 09:04:40	3,06	1,92	33,22	30,26	1460,49
1302	29.08.2025 09:04:41	3,32	1,88	33,09	30,37	1461,44
1303	29.08.2025 09:04:42	3,51	1,82	33,05	30,50	1462,17
1304	29.08.2025 09:04:43	3,69	1,80	33,24	30,81	1463,20
1305	29.08.2025 09:04:44	3,92	1,80	33,65	31,35	1464,68
1306	29.08.2025 09:04:45	4,14	1,73	33,83	31,69	1465,82
1307	29.08.2025 09:04:46	4,43	1,68	33,81	31,94	1467,02
1308	29.08.2025 09:04:47	4,72	1,64	33,65	32,06	1468,02
1309	29.08.2025 09:04:48	5,01	1,61	33,56	32,23	1469,08
1310	29.08.2025 09:04:49	5,23	1,57	33,60	32,45	1470,00
1311	29.08.2025 09:04:50	5,48	1,54	33,46	32,55	1470,84
1312	29.08.2025 09:04:51	5,70	1,53	33,44	32,72	1471,68
1313	29.08.2025 09:04:52	5,94	1,52	33,42	32,92	1472,65
1314	29.08.2025 09:04:53	6,19	1,52	33,45	33,16	1473,67
1315	29.08.2025 09:04:54	6,44	1,53	33,51	33,44	1474,73
1316	29.08.2025 09:04:55	6,75	1,49	33,28	33,51	1475,68
1317	29.08.2025 09:04:56	7,00	1,48	33,43	33,86	1476,81
1318	29.08.2025 09:04:57	7,27	1,49	33,96	34,59	1478,56
1319	29.08.2025 09:04:58	7,62	1,48	34,29	35,21	1480,31
1320	29.08.2025 09:04:59	8,03	1,43	34,26	35,55	1481,82
1321	29.08.2025 09:05:00	8,44	1,39	34,78	36,42	1484,01
1322	29.08.2025 09:05:01	8,87	1,35	34,77	36,81	1485,62
1323	29.08.2025 09:05:02	9,34	1,28	34,61	37,09	1487,13
1324	29.08.2025 09:05:03	9,77	1,22	34,43	37,32	1488,46
1325	29.08.2025 09:05:04	10,17	1,14	34,09	37,36	1489,46
1326	29.08.2025 09:05:05	10,46	1,07	33,85	37,39	1490,20
1327	29.08.2025 09:05:06	10,72	1,01	33,66	37,44	1490,89
1328	29.08.2025 09:05:07	10,92	0,99	33,51	37,47	1491,40
1329	29.08.2025 09:05:08	11,11	0,95	33,34	37,48	1491,86
1330	29.08.2025 09:05:09	11,27	0,93	33,20	37,48	1492,25
1331	29.08.2025 09:05:10	11,43	0,92	33,06	37,49	1492,64
1332	29.08.2025 09:05:11	11,59	0,90	32,92	37,49	1493,03
1333	29.08.2025 09:05:12	11,72	0,87	32,81	37,49	1493,34
1334	29.08.2025 09:05:13	11,82	0,84	32,73	37,50	1493,56
1335	29.08.2025 09:05:14	11,95	0,81	32,69	37,57	1493,96
1336	29.08.2025 09:05:15	12,11	0,81	32,55	37,58	1494,34
1337	29.08.2025 09:05:16	12,20	0,80	32,45	37,56	1494,54
1338	29.08.2025 09:05:17	12,33	0,77	32,34	37,56	1494,84
1339	29.08.2025 09:05:18	12,45	0,76	32,21	37,54	1495,12
1340	29.08.2025 09:05:19	12,55	0,73	32,13	37,54	1495,34
1341	29.08.2025 09:05:20	12,68	0,72	32,03	37,54	1495,64
1342	29.08.2025 09:05:21	12,77	0,71	31,98	37,57	1495,89
1343	29.08.2025 09:05:22	12,87	0,68	31,90	37,57	1496,12
1344	29.08.2025 09:05:23	12,96	0,67	31,84	37,60	1496,37
1345	29.08.2025 09:05:24	13,09	0,66	31,79	37,65	1496,72
1346	29.08.2025 09:05:25	13,18	0,63	31,76	37,70	1497,00
1347	29.08.2025 09:05:26	13,27	0,60	31,71	37,73	1497,24
1348	29.08.2025 09:05:27	13,37	0,59	31,65	37,76	1497,49
1349	29.08.2025 09:05:28	13,49	0,58	31,55	37,76	1497,79
1350	29.08.2025 09:05:29	13,59	0,56	31,50	37,79	1498,03
1351	29.08.2025 09:05:30	13,68	0,53	31,47	37,84	1498,30
1352	29.08.2025 09:05:31	13,74	0,53	31,44	37,87	1498,48
1353	29.08.2025 09:05:32	13,84	0,50	31,42	37,92	1498,75
1354	29.08.2025 09:05:33	13,93	0,48	31,30	37,87	1498,91
1355	29.08.2025 09:05:34	14,02	0,46	31,22	37,88	1499,12
1356	29.08.2025 09:05:35	14,09	0,44	31,20	37,90	1499,29
1357	29.08.2025 09:05:36	14,15	0,44	31,15	37,91	1499,44
1358	29.08.2025 09:05:37	14,21	0,43	31,10	37,91	1499,58
1359	29.08.2025 09:05:38	14,27	0,39	31,05	37,91	1499,72
1360	29.08.2025 09:05:39	14,33	0,37	31,00	37,91	1499,86
1361	29.08.2025 09:05:40	14,40	0,35	30,96	37,91	1500,00
1362	29.08.2025 09:05:41	14,46	0,35	30,89	37,89	1500,12
1363	29.08.2025 09:05:42	14,52	0,32	30,84	37,89	1500,26
1364	29.08.2025 09:05:43	14,55	0,30	30,82	37,89	1500,33
1365	29.08.2025 09:05:44	14,61	0,30	30,79	37,92	1500,50
1366	29.08.2025 09:05:45	14,67	0,30	30,74	37,92	1500,64
1367	29.08.2025 09:05:46	14,71	0,28	30,72	37,92	1500,71
1368	29.08.2025 09:05:47	14,74	0,25	30,67	37,90	1500,75
1369	29.08.2025 09:05:48	14,80	0,25	30,63	37,90	1500,90
1370	29.08.2025 09:05:49	14,83	0,21	30,60	37,90	1500,96
1371	29.08.2025 09:05:50	14,89	0,19	30,56	37,90	1501,10
1372	29.08.2025 09:05:51	14,92	0,19	30,53	37,90	1501,17
1373	29.08.2025 09:05:52	14,95	0,16	30,51	37,90	1501,24
1374	29.08.2025 09:05:53	15,01	0,14	30,47	37,91	1501,38
1375	29.08.2025 09:05:54	15,04	0,12	30,44	37,91	1501,45
1376	29.08.2025 09:05:55	15,07	0,10	30,42	37,91	1501,51
1377	29.08.2025 09:05:56	15,11	0,08	30,40	37,91	1501,58
1378	29.08.2025 09:05:57	15,14	0,05	30,37	37,91	1501,65
1379	29.08.2025 09:05:58	15,17	0,05	30,35	37,91	1501,72
1380	29.08.2025 09:05:59	15,20	0,01	30,33	37,91	1501,78
1381	29.08.2025 09:06:00	15,23	0,01	30,31	37,91	1501,85
1382	29.08.2025 09:06:01	15,26	-0,01	30,28	37,91	1501,92
1383	29.08.2025 09:06:02	15,29	-0,04	30,26	37,91	1501,99
1384	29.08.2025 09:06:03	15,32	-0,04	30,24	37,92	1502,06
1385	29.08.2025 09:06:04	15,35	-0,08	30,21	37,92	1502,12
1386	29.08.2025 09:06:05	15,38	-0,06	30,19	37,92	1502,19
1387	29.08.2025 09:06:06	15,41	-0,08	30,17	37,92	1502,26
1388	29.08.2025 09:06:07	15,44	-0,10	30,15	37,92	1502,33
1389	29.08.2025 09:06:08	15,44	-0,12	30,15	37,92	1502,33
1390	29.08.2025 09:06:09	15,47	-0,12	30,12	37,92	1502,40
1391	29.08.2025 09:06:10	15,50	-0,13	30,10	37,92	1502,46
1392	29.08.2025 09:06:11	15,53	-0,17	30,08	37,92	1502,53
1393	29.08.2025 09:06:12	15,53	-0,15	30,06	37,90	1502,51
1394	29.08.2025 09:06:13	15,56	-0,15	30,06	37,92	1502,60
1395	29.08.2025 09:06:14	15,60	-0,13	30,01	37,90	1502,65
1396	29.08.2025 09:06:15	15,60	-0,15	30,01	37,90	1502,65
1397	29.08.2025 09:06:16	15,63	-0,15	29,99	37,90	1502,72
1398	29.08.2025 09:06:17	15,63	-0,13	29,99	37,90	1502,72
1399	29.08.2025 09:06:18	15,66	-0,13	29,97	37,90	1502,79
1400	29.08.2025 09:06:19	15,69	-0,13	29,94	37,90	1502,86
1401	29.08.2025 09:06:20	15,69	-0,13	29,94	37,90	1502,86
1402	29.08.2025 09:06:21	15,72	-0,13	29,92	37,90	1502,93
1403	29.08.2025 09:06:22	15,72	-0,13	29,92	37,90	1502,93
1404	29.08.2025 09:06:23	15,75	-0,15	29,90	37,90	1503,00
1405	29.08.2025 09:06:24	15,75	-0,13	29,90	37,90	1503,00
1406	29.08.2025 09:06:25	15,75	-0,13	29,90	37,90	1503,00
1407	29.08.2025 09:06:26	15,78	-0,13	29,88	37,91	1503,07
1408	29.08.2025 09:06:27	15,78	-0,15	29,88	37,91	1503,07
1409	29.08.2025 09:06:28	15,81	-0,13	29,86	37,91	1503,14
1410	29.08.2025 09:06:29	15,81	-0,13	29,86	37,91	1503,14
1411	29.08.2025 09:06:30	15,84	-0,15	29,83	37,91	1503,21
1412	29.08.2025 09:06:31	15,84	-0,13	29,83	37,91	1503,21
1413	29.08.2025 09:06:32	15,84	-0,13	29,83	37,91	1503,21
1414	29.08.2025 09:06:33	15,87	-0,13	29,81	37,91	1503,28
1415	29.08.2025 09:06:34	15,87	-0,13	29,81	37,91	1503,28
1416	29.08.2025 09:06:35	15,87	-0,13	29,81	37,91	1503,28
1417	29.08.2025 09:06:36	15,90	-0,12	29,79	37,91	1503,35
1418	29.08.2025 09:06:37	15,90	-0,12	29,79	37,91	1503,35
1419	29.08.2025 09:06:38	15,93	-0,13	29,77	37,91	1503,42
1420	29.08.2025 09:06:39	15,93	-0,13	29,77	37,91	1503,42
1421	29.08.2025 09:06:40	15,93	-0,12	29,77	37,91	1503,42
1422	29.08.2025 09:06:41	15,93	-0,13	29,77	37,91	1503,42
1423	29.08.2025 09:06:42	15,96	-0,12	29,75	37,91	1503,49
1424	29.08.2025 09:06:43	15,96	-0,13	29,75	37,91	1503,49
1425	29.08.2025 09:06:44	15,96	-0,13	29,75	37,91	1503,49
1426	29.08.2025 09:06:45	15,99	-0,12	29,72	37,91	1503,56
1427	29.08.2025 09:06:46	15,99	-0,13	29,72	37,91	1503,56
1428	29.08.2025 09:06:47	15,99	-0,13	29,72	37,91	1503,56
1429	29.08.2025 09:06:48	15,99	-0,12	29,72	37,91	1503,56
1430	29.08.2025 09:06:49	15,99	-0,13	29,70	37,89	1503,53
1431	29.08.2025 09:06:50	16,02	-0,12	29,70	37,91	1503,63
1432	29.08.2025 09:06:51	16,02	-0,13	29,70	37,91	1503,63
1433	29.08.2025 09:06:52	16,02	-0,13	29,70	37,91	1503,63
1434	29.08.2025 09:06:53	16,02	-0,13	29,70	37,91	1503,63
1435	29.08.2025 09:06:54	16,02	-0,13	29,70	37,91	1503,63
1436	29.08.2025 09:06:55	16,05	-0,12	29,66	37,89	1503,67
1437	29.08.2025 09:06:56	16,05	-0,12	29,68	37,91	1503,70
1438	29.08.2025 09:06:57	16,05	-0,13	29,68	37,91	1503,70
1439	29.08.2025 09:06:58	16,05	-0,13	29,68	37,91	1503,70
1440	29.08.2025 09:06:59	16,05	-0,13	29,68	37,91	1503,70
1441	29.08.2025 09:07:00	16,05	-0,13	29,68	37,91	1503,70
1442	29.08.2025 09:07:01	16,08	-0,13	29,66	37,91	1503,76
1443	29.08.2025 09:07:02	16,08	-0,13	29,66	37,91	1503,76
1444	29.08.2025 09:07:03	16,08	-0,15	29,66	37,91	1503,76
1445	29.08.2025 09:07:04	16,08	-0,12	29,66	37,91	1503,77
1446	29.08.2025 09:07:05	16,08	-0,12	29,66	37,91	1503,77
1447	29.08.2025 09:07:06	16,08	-0,15	29,66	37,91	1503,76
1448	29.08.2025 09:07:07	16,08	-0,13	29,66	37,91	1503,76
1449	29.08.2025 09:07:08	16,11	-0,12	29,64	37,92	1503,84
1450	29.08.2025 09:07:09	16,11	-0,13	29,64	37,92	1503,83
1451	29.08.2025 09:07:10	16,11	-0,13	29,61	37,89	1503,81
1452	29.08.2025 09:07:11	16,11	-0,13	29,64	37,92	1503,83
1453	29.08.2025 09:07:12	16,11	-0,13	29,64	37,92	1503,83
1454	29.08.2025 09:07:13	16,11	-0,13	29,61	37,89	1503,81
1455	29.08.2025 09:07:14	16,11	-0,13	29,64	37,92	1503,83
1456	29.08.2025 09:07:15	16,11	-0,13	29,61	37,89	1503,81
1457	29.08.2025 09:07:16	16,11	-0,15	29,64	37,92	1503,83
1458	29.08.2025 09:07:17	16,11	-0,13	29,64	37,92	1503,83
1459	29.08.2025 09:07:18	16,11	-0,15	29,64	37,92	1503,83
1460	29.08.2025 09:07:19	16,14	-0,13	9,48	13,40	1480,26
1461	29.08.2025 09:07:20	16,14	-0,12	11,64	16,19	1482,80
1462	29.08.2025 09:07:21	16,14	-0,13	29,55	37,84	1503,83
1463	29.08.2025 09:07:22	16,14	-0,13	17,06	22,98	1489,16
1464	29.08.2025 09:07:23	16,14	-0,13	17,04	22,96	1489,13
1465	29.08.2025 09:07:24	16,14	-0,13	17,06	22,98	1489,16
1466	29.08.2025 09:07:25	16,14	-0,12	17,06	22,98	1489,16
1467	29.08.2025 09:07:26	16,14	-0,13	9,38	13,27	1480,14
1468	29.08.2025 09:07:27	16,17	-0,13	10,34	14,52	1481,37
1469	29.08.2025 09:07:28	16,17	-0,13	2,30	3,57	1471,92
1470	29.08.2025 09:07:29	16,17	-0,13	1,30	2,08	1470,75
1471	29.08.2025 09:07:30	16,17	-0,13	2,37	3,68	1472,01
1472	29.08.2025 09:07:31	16,17	-0,15	2,44	3,78	1472,09
1473	29.08.2025 09:07:32	16,17	-0,15	2,68	4,13	1472,37
1474	29.08.2025 09:07:33	16,17	-0,13	0,97	1,58	1470,37
1475	29.08.2025 09:07:34	16,17	-0,13	1,50	2,39	1470,99
1476	29.08.2025 09:07:35	16,17	-0,13	1,26	2,02	1470,71
1477	29.08.2025 09:07:36	16,17	-0,13	1,47	2,34	1470,95
1478	29.08.2025 09:07:37	16,17	-0,13	1,61	2,55	1471,11
1479	29.08.2025 09:07:38	16,17	-0,13	1,52	2,42	1471,01
1480	29.08.2025 09:07:39	16,14	-0,13	0,66	1,08	1469,89
1481	29.08.2025 09:07:40	16,14	-0,12	1,57	2,49	1470,97
1482	29.08.2025 09:07:41	16,14	-0,12	1,43	2,28	1470,81
1483	29.08.2025 09:07:42	16,14	-0,12	1,45	2,31	1470,83
1484	29.08.2025 09:07:43	16,14	-0,12	1,49	2,36	1470,87
1485	29.08.2025 09:07:44	16,14	-0,12	1,52	2,42	1470,91
1486	29.08.2025 09:07:45	16,14	-0,12	1,52	2,42	1470,91
1487	29.08.2025 09:07:46	16,14	-0,13	1,52	2,42	1470,91
1488	29.08.2025 09:07:47	16,14	-0,13	1,18	1,89	1470,50
1489	29.08.2025 09:07:48	16,14	-0,12	1,11	1,79	1470,43
1490	29.08.2025 09:07:49	16,14	-0,13	0,54	0,90	1469,76
1491	29.08.2025 09:07:50	16,14	-0,13	1,57	2,49	1470,97
1492	29.08.2025 09:07:51	16,14	-0,12	1,49	2,36	1470,87
1493	29.08.2025 09:07:52	16,14	-0,12	0,81	1,32	1470,07
1494	29.08.2025 09:07:53	16,14	-0,13	0,59	0,98	1469,81
1495	29.08.2025 09:07:54	16,14	-0,13	1,36	2,18	1470,72
1496	29.08.2025 09:07:55	16,14	-0,12	1,47	2,34	1470,85
1497	29.08.2025 09:07:56	16,14	-0,13	0,89	1,45	1470,16
1498	29.08.2025 09:07:57	16,14	-0,13	1,28	2,05	1470,62
1499	29.08.2025 09:07:58	16,14	-0,12	1,36	2,18	1470,73
1500	29.08.2025 09:07:59	16,14	-0,13	1,52	2,42	1470,91
1501	29.08.2025 09:08:00	16,14	-0,13	1,07	1,74	1470,38
1502	29.08.2025 09:08:01	16,14	-0,12	1,21	1,94	1470,55
1503	29.08.2025 09:08:02	16,14	-0,13	1,40	2,23	1470,76
1504	29.08.2025 09:08:03	16,14	-0,12	1,42	2,26	1470,79
1505	29.08.2025 09:08:04	16,14	-0,12	1,56	2,47	1470,95
1506	29.08.2025 09:08:05	16,14	-0,13	1,56	2,47	1470,95
1507	29.08.2025 09:08:06	16,14	-0,13	1,54	2,44	1470,93
1508	29.08.2025 09:08:07	16,14	-0,12	1,47	2,34	1470,85
1509	29.08.2025 09:08:08	16,14	-0,13	1,23	1,97	1470,56
1510	29.08.2025 09:08:09	16,14	-0,12	1,50	2,39	1470,89
1511	29.08.2025 09:08:10	16,14	-0,13	1,52	2,42	1470,91
1512	29.08.2025 09:08:11	16,14	-0,12	1,11	1,79	1470,43
1513	29.08.2025 09:08:12	16,11	-0,15	1,14	1,84	1470,36
1514	29.08.2025 09:08:13	16,11	-0,13	1,44	2,28	1470,70
1515	29.08.2025 09:08:14	16,11	-0,15	1,42	2,26	1470,68
1516	29.08.2025 09:08:15	16,11	-0,13	1,16	1,87	1470,38
1517	29.08.2025 09:08:16	16,11	-0,13	1,38	2,21	1470,64
1518	29.08.2025 09:08:17	16,11	-0,13	1,16	1,87	1470,38
1519	29.08.2025 09:08:18	16,11	-0,15	0,81	1,32	1469,96
1520	29.08.2025 09:08:19	16,11	-0,13	1,21	1,94	1470,44
1521	29.08.2025 09:08:20	16,11	-0,15	1,40	2,23	1470,66
1522	29.08.2025 09:08:21	16,11	-0,13	1,40	2,23	1470,66
1523	29.08.2025 09:08:22	16,11	-0,15	1,35	2,15	1470,60
1524	29.08.2025 09:08:23	16,11	-0,13	1,54	2,44	1470,83
1525	29.08.2025 09:08:24	16,08	-0,13	1,52	2,42	1470,70
1526	29.08.2025 09:08:25	16,08	-0,13	1,45	2,31	1470,62
1527	29.08.2025 09:08:26	16,08	-0,13	1,49	2,36	1470,66
1528	29.08.2025 09:08:27	16,08	-0,13	1,47	2,34	1470,64
1529	29.08.2025 09:08:28	16,08	-0,13	1,47	2,34	1470,64
1530	29.08.2025 09:08:29	16,08	-0,13	1,44	2,28	1470,60
1531	29.08.2025 09:08:30	16,08	-0,13	1,49	2,36	1470,66
1532	29.08.2025 09:08:31	16,08	-0,13	1,47	2,34	1470,64
1533	29.08.2025 09:08:32	16,08	-0,13	1,49	2,36	1470,66
1534	29.08.2025 09:08:33	16,08	-0,15	1,33	2,13	1470,48
1535	29.08.2025 09:08:34	16,08	-0,13	1,42	2,26	1470,58
1536	29.08.2025 09:08:35	16,08	-0,13	1,49	2,36	1470,66
1537	29.08.2025 09:08:36	16,08	-0,13	1,38	2,21	1470,54
1538	29.08.2025 09:08:37	16,08	-0,15	1,47	2,34	1470,64
1539	29.08.2025 09:08:38	16,08	-0,13	1,47	2,34	1470,64
1540	29.08.2025 09:08:39	16,08	-0,12	0,52	0,87	1469,53
1541	29.08.2025 09:08:40	16,08	-0,12	0,46	0,77	1469,46
1542	29.08.2025 09:08:41	16,08	-0,13	0,36	0,61	1469,34
1543	29.08.2025 09:08:42	16,08	-0,12	0,36	0,61	1469,34
1544	29.08.2025 09:08:43	16,08	-0,13	0,38	0,64	1469,36
1545	29.08.2025 09:08:44	16,05	-0,12	0,36	0,61	1469,24
1546	29.08.2025 09:08:45	16,05	-0,13	0,33	0,56	1469,20
1547	29.08.2025 09:08:46	16,05	-0,12	0,35	0,58	1469,22
1548	29.08.2025 09:08:47	16,05	-0,12	0,36	0,61	1469,24
1549	29.08.2025 09:08:48	16,05	-0,13	0,35	0,58	1469,22
1550	29.08.2025 09:08:49	16,05	-0,12	0,33	0,56	1469,20
1551	29.08.2025 09:08:50	16,05	-0,13	0,35	0,58	1469,22
1552	29.08.2025 09:08:51	16,05	-0,12	0,35	0,58	1469,22
1553	29.08.2025 09:08:52	16,05	-0,13	0,31	0,53	1469,18
1554	29.08.2025 09:08:53	16,05	-0,13	0,33	0,56	1469,20
1555	29.08.2025 09:08:54	16,05	-0,12	0,35	0,58	1469,22
1556	29.08.2025 09:08:55	16,05	-0,13	0,35	0,58	1469,22
1557	29.08.2025 09:08:56	16,05	-0,13	0,31	0,53	1469,18
1558	29.08.2025 09:08:57	16,05	-0,12	0,31	0,53	1469,18
1559	29.08.2025 09:08:58	16,05	-0,13	0,33	0,56	1469,20
1560	29.08.2025 09:08:59	16,02	-0,12	0,35	0,58	1469,11
1561	29.08.2025 09:09:00	16,02	-0,12	0,33	0,56	1469,10
1562	29.08.2025 09:09:01	16,02	-0,13	0,33	0,56	1469,09
1563	29.08.2025 09:09:02	16,02	-0,12	0,33	0,56	1469,10
1564	29.08.2025 09:09:03	16,02	-0,12	0,33	0,56	1469,10
1565	29.08.2025 09:09:04	16,02	-0,12	0,30	0,51	1469,06
1566	29.08.2025 09:09:05	16,02	-0,13	0,31	0,53	1469,07
1567	29.08.2025 09:09:06	16,02	-0,12	0,33	0,56	1469,10
1568	29.08.2025 09:09:07	16,02	-0,12	0,31	0,53	1469,08
1569	29.08.2025 09:09:08	16,02	-0,12	0,33	0,56	1469,10
1570	29.08.2025 09:09:09	16,02	-0,12	0,31	0,53	1469,08
1571	29.08.2025 09:09:10	16,02	-0,13	0,31	0,53	1469,07
1572	29.08.2025 09:09:11	16,02	-0,12	0,31	0,53	1469,08
1573	29.08.2025 09:09:12	16,02	-0,12	0,31	0,53	1469,08
1574	29.08.2025 09:09:13	16,02	-0,13	0,31	0,53	1469,07
1575	29.08.2025 09:09:14	16,02	-0,12	0,33	0,56	1469,10
1576	29.08.2025 09:09:15	16,02	-0,12	0,31	0,53	1469,08
1577	29.08.2025 09:09:16	16,02	-0,12	0,31	0,53	1469,08
1578	29.08.2025 09:09:17	16,02	-0,12	0,31	0,53	1469,08
1579	29.08.2025 09:09:18	16,02	-0,12	0,33	0,56	1469,10
1580	29.08.2025 09:09:19	16,02	-0,12	0,33	0,56	1469,10
1581	29.08.2025 09:09:20	16,02	-0,12	0,31	0,53	1469,08
1582	29.08.2025 09:09:21	16,02	-0,12	0,30	0,51	1469,06
1583	29.08.2025 09:09:22	16,02	-0,12	0,31	0,53	1469,08
1584	29.08.2025 09:09:23	16,02	-0,12	0,33	0,56	1469,10
1585	29.08.2025 09:09:24	16,02	-0,13	0,31	0,53	1469,07
1586	29.08.2025 09:09:25	16,02	-0,12	0,31	0,53	1469,08
1587	29.08.2025 09:09:26	16,02	-0,12	0,31	0,53	1469,08
1588	29.08.2025 09:09:27	16,02	-0,12	0,31	0,53	1469,08
1589	29.08.2025 09:09:28	16,02	-0,12	0,33	0,56	1469,10
1590	29.08.2025 09:09:29	16,02	-0,13	0,31	0,53	1469,07
1591	29.08.2025 09:09:30	16,02	-0,12	0,31	0,53	1469,08
1592	29.08.2025 09:09:31	16,02	-0,13	0,33	0,56	1469,09
1593	29.08.2025 09:09:32	16,02	-0,12	0,31	0,53	1469,08
1594	29.08.2025 09:09:33	15,99	-0,12	0,31	0,53	1468,97
1595	29.08.2025 09:09:34	16,02	-0,12	0,31	0,53	1469,08
1596	29.08.2025 09:09:35	16,02	-0,12	0,31	0,53	1469,08
1597	29.08.2025 09:09:36	15,99	-0,12	0,31	0,53	1468,97
1598	29.08.2025 09:09:37	16,02	-0,12	0,33	0,56	1469,10
1599	29.08.2025 09:09:38	16,02	-0,12	0,31	0,53	1469,08
1600	29.08.2025 09:09:39	16,02	-0,12	0,31	0,53	1469,08
1601	29.08.2025 09:09:40	16,02	-0,12	0,30	0,51	1469,06
1602	29.08.2025 09:09:41	16,02	-0,13	0,33	0,56	1469,09
1603	29.08.2025 09:09:42	16,02	-0,12	0,33	0,56	1469,10
1604	29.08.2025 09:09:43	16,02	-0,12	0,30	0,51	1469,06
1605	29.08.2025 09:09:44	16,02	-0,13	0,28	0,48	1469,04
1606	29.08.2025 09:09:45	16,02	-0,13	0,33	0,56	1469,09
1607	29.08.2025 09:09:46	16,02	-0,13	0,33	0,56	1469,09
1608	29.08.2025 09:09:47	16,02	-0,12	0,33	0,56	1469,10
1609	29.08.2025 09:09:48	16,02	-0,13	0,31	0,53	1469,07
1610	29.08.2025 09:09:49	16,02	-0,12	0,30	0,51	1469,06
1611	29.08.2025 09:09:50	16,02	-0,12	0,31	0,53	1469,08
1612	29.08.2025 09:09:51	16,02	-0,12	0,31	0,53	1469,08
1613	29.08.2025 09:09:52	16,02	-0,12	0,33	0,56	1469,10
1614	29.08.2025 09:09:53	16,02	-0,12	0,31	0,53	1469,08
1615	29.08.2025 09:09:54	16,02	-0,12	0,30	0,51	1469,06
1616	29.08.2025 09:09:55	16,02	-0,13	0,31	0,53	1469,07
1617	29.08.2025 09:09:56	16,02	-0,13	0,33	0,56	1469,09
1618	29.08.2025 09:09:57	16,02	-0,13	0,33	0,56	1469,09
1619	29.08.2025 09:09:58	16,02	-0,13	0,33	0,56	1469,09
1620	29.08.2025 09:09:59	16,02	-0,12	0,30	0,51	1469,06
1621	29.08.2025 09:10:00	16,02	-0,12	0,30	0,51	1469,06
1622	29.08.2025 09:10:01	16,02	-0,13	0,33	0,56	1469,09
1623	29.08.2025 09:10:02	16,02	-0,13	0,35	0,58	1469,11
1624	29.08.2025 09:10:03	16,02	-0,12	0,31	0,53	1469,08
1625	29.08.2025 09:10:04	16,02	-0,12	0,28	0,48	1469,04
1626	29.08.2025 09:10:05	16,02	-0,13	0,31	0,53	1469,07
1627	29.08.2025 09:10:06	16,02	-0,12	0,33	0,56	1469,10
1628	29.08.2025 09:10:07	16,02	-0,12	0,31	0,53	1469,08
1629	29.08.2025 09:10:08	16,02	-0,12	0,31	0,53	1469,08
1630	29.08.2025 09:10:09	16,02	-0,12	0,31	0,53	1469,08
1631	29.08.2025 09:10:10	16,02	-0,12	0,30	0,51	1469,06
1632	29.08.2025 09:10:11	16,02	-0,12	0,31	0,53	1469,08
1633	29.08.2025 09:10:12	16,02	-0,12	0,31	0,53	1469,08
1634	29.08.2025 09:10:13	16,02	-0,12	0,31	0,53	1469,08
1635	29.08.2025 09:10:14	16,02	-0,12	0,33	0,56	1469,10
1636	29.08.2025 09:10:15	16,02	-0,12	0,31	0,53	1469,08
1637	29.08.2025 09:10:16	16,02	-0,13	0,30	0,51	1469,05
1638	29.08.2025 09:10:17	16,02	-0,12	0,31	0,53	1469,08
1639	29.08.2025 09:10:18	16,02	-0,13	0,31	0,53	1469,07
1640	29.08.2025 09:10:19	16,02	-0,12	0,31	0,53	1469,08
1641	29.08.2025 09:10:20	16,02	-0,12	0,31	0,53	1469,08
1642	29.08.2025 09:10:21	16,02	-0,12	0,31	0,53	1469,08
1643	29.08.2025 09:10:22	16,05	-0,12	0,31	0,53	1469,18
1644	29.08.2025 09:10:23	16,05	-0,12	0,31	0,53	1469,18
1645	29.08.2025 09:10:24	16,05	-0,13	0,33	0,56	1469,20
1646	29.08.2025 09:10:25	16,05	-0,13	0,33	0,56	1469,20
1647	29.08.2025 09:10:26	16,05	-0,13	0,30	0,51	1469,16
1648	29.08.2025 09:10:27	16,05	-0,12	0,30	0,51	1469,16
1649	29.08.2025 09:10:28	16,05	-0,13	0,33	0,56	1469,20
1650	29.08.2025 09:10:29	16,05	-0,13	0,30	0,51	1469,16
1651	29.08.2025 09:10:30	16,05	-0,12	0,31	0,53	1469,18
1652	29.08.2025 09:10:31	16,05	-0,12	0,35	0,58	1469,22
1653	29.08.2025 09:10:32	16,05	-0,12	0,33	0,56	1469,20
1654	29.08.2025 09:10:33	16,05	-0,13	0,30	0,51	1469,16
1655	29.08.2025 09:10:34	16,05	-0,13	0,30	0,51	1469,16
1656	29.08.2025 09:10:35	16,05	-0,12	0,31	0,53	1469,18
1657	29.08.2025 09:10:36	16,05	-0,13	0,31	0,53	1469,18
1658	29.08.2025 09:10:37	16,05	-0,13	0,30	0,51	1469,16
1659	29.08.2025 09:10:38	16,05	-0,13	0,30	0,51	1469,16
1660	29.08.2025 09:10:39	16,05	-0,12	0,30	0,51	1469,16
1661	29.08.2025 09:10:40	16,05	-0,12	0,27	0,45	1469,12
1662	29.08.2025 09:10:41	16,05	-0,12	0,30	0,51	1469,16
1663	29.08.2025 09:10:42	16,08	-0,13	0,33	0,56	1469,30
1664	29.08.2025 09:10:43	16,08	-0,12	0,33	0,56	1469,30
1665	29.08.2025 09:10:44	16,08	-0,12	0,28	0,48	1469,25
1666	29.08.2025 09:10:45	16,08	-0,13	0,30	0,51	1469,26
1667	29.08.2025 09:10:46	16,08	-0,13	0,41	0,69	1469,39
1668	29.08.2025 09:10:47	16,08	-0,13	0,35	0,58	1469,32
1669	29.08.2025 09:10:48	16,08	-0,13	0,71	1,16	1469,74
1670	29.08.2025 09:10:49	16,08	-0,13	0,76	1,24	1469,80
1671	29.08.2025 09:10:50	16,08	-0,13	1,30	2,08	1470,44
1672	29.08.2025 09:10:51	16,08	-0,13	1,51	2,39	1470,68
1673	29.08.2025 09:10:52	16,08	-0,13	1,35	2,15	1470,50
1674	29.08.2025 09:10:53	16,11	-0,13	0,38	0,64	1469,46
1675	29.08.2025 09:10:54	16,11	-0,15	1,54	2,44	1470,82
1676	29.08.2025 09:10:55	16,11	-0,13	1,21	1,94	1470,44
1677	29.08.2025 09:10:56	16,11	-0,13	1,45	2,31	1470,72
1678	29.08.2025 09:10:57	16,11	-0,13	1,42	2,26	1470,68
1679	29.08.2025 09:10:58	16,11	-0,13	1,33	2,13	1470,58
1680	29.08.2025 09:10:59	16,11	-0,13	1,42	2,26	1470,68
1681	29.08.2025 09:11:00	16,11	-0,15	1,61	2,55	1470,90
1682	29.08.2025 09:11:01	16,14	-0,12	1,61	2,55	1471,01
1683	29.08.2025 09:11:02	16,14	-0,13	1,64	2,60	1471,05
1684	29.08.2025 09:11:03	16,17	-0,13	1,62	2,57	1471,13
1685	29.08.2025 09:11:04	16,17	-0,15	0,96	1,55	1470,34
1686	29.08.2025 09:11:05	16,20	-0,15	0,57	0,95	1470,00
1687	29.08.2025 09:11:06	16,23	-0,15	0,36	0,61	1469,85
1688	29.08.2025 09:11:07	16,36	-0,17	1,05	1,71	1471,07
1689	29.08.2025 09:11:08	16,63	-0,19	0,49	0,82	1471,33
1690	29.08.2025 09:11:09	16,72	-0,24	0,28	0,48	1471,39
1691	29.08.2025 09:11:10	16,84	-0,24	0,69	1,16	1472,28
1692	29.08.2025 09:11:11	17,05	-0,28	0,61	1,03	1472,88
1693	29.08.2025 09:11:12	17,17	-0,24	0,69	1,16	1473,38
1694	29.08.2025 09:11:13	17,29	-0,26	0,77	1,29	1473,87
1695	29.08.2025 09:11:14	17,41	-0,24	0,44	0,77	1473,90
1696	29.08.2025 09:11:15	17,56	-0,30	1,15	1,92	1475,21
1697	29.08.2025 09:11:16	17,77	0,41	1,10	1,84	1475,95
1698	29.08.2025 09:11:17	17,89	0,43	1,09	1,84	1476,34
1699	29.08.2025 09:11:18	18,01	0,43	1,09	1,84	1476,73
1700	29.08.2025 09:11:19	18,10	0,44	1,09	1,84	1477,02
