#B	Created:	29.08.2025 09:40:21
##	Version	SeaStar	9.59
#5	Field separation:	0
#2	Date & Time:	1
#6	Decimal point:	,
#7	Date def.:	dd.mm.yyyy	.
#8	Time def.:	:
##	Axis	0	Temperature(°C)	clRed	FALSE
##	Axis	1	Pressure(Bar)	clBlue	FALSE
##	Axis	2	Salinity(psu)	clGreen	FALSE
##	Axis	3	Conductivity(mS/cm)	$00FF80FF	FALSE
##	Axis	4	Sound Velocity(m/sec)	$00404080	FALSE
##	Series	0	Temp(°C)	clRed	0	Temp(°C)	2
##	Series	1	Press(Bar)	clBlue	1	Press(Bar)	2
##	Series	2	Salinity(psu)	clGreen	2	Salinity(psu)	2
##	Series	3	Conduct(mS/cm)	$00FF80FF	3	Conduct(mS/cm)	2
##	Series	4	Sound Velocity(m/sec)	$00404080	4	Velocity(m/sec)	2
##	Recorder	115	DST CTD	13528
##	Chart	115S13528DAT	
#D	Data:	1136	29.08.2025 09:21:00	29.08.2025 09:39:55
1	29.08.2025 09:21:00	17,68	0,01	28,48	37,89	1507,32
2	29.08.2025 09:21:01	17,62	0,03	28,52	37,89	1507,19
3	29.08.2025 09:21:02	17,59	0,03	28,54	37,89	1507,12
4	29.08.2025 09:21:03	17,56	0,01	28,56	37,89	1507,05
5	29.08.2025 09:21:04	17,50	0,01	28,56	37,83	1506,87
6	29.08.2025 09:21:05	17,47	0,01	28,62	37,88	1506,85
7	29.08.2025 09:21:06	17,41	0,01	28,66	37,88	1506,72
8	29.08.2025 09:21:07	17,38	-0,01	28,69	37,88	1506,65
9	29.08.2025 09:21:08	17,32	-0,03	28,73	37,88	1506,51
10	29.08.2025 09:21:09	17,29	-0,01	28,75	37,88	1506,44
11	29.08.2025 09:21:10	17,26	-0,01	28,77	37,88	1506,38
12	29.08.2025 09:21:11	17,23	-0,03	28,79	37,88	1506,31
13	29.08.2025 09:21:12	17,20	-0,03	28,81	37,87	1506,24
14	29.08.2025 09:21:13	17,17	-0,01	28,83	37,87	1506,17
15	29.08.2025 09:21:14	17,14	-0,03	28,85	37,87	1506,10
16	29.08.2025 09:21:15	17,14	-0,01	28,87	37,90	1506,13
17	29.08.2025 09:21:16	17,11	-0,01	28,89	37,90	1506,06
18	29.08.2025 09:21:17	17,08	-0,04	28,91	37,90	1505,99
19	29.08.2025 09:21:18	17,05	-0,03	28,93	37,89	1505,93
20	29.08.2025 09:21:19	17,02	-0,03	28,95	37,89	1505,86
21	29.08.2025 09:21:20	16,99	-0,04	28,97	37,89	1505,79
22	29.08.2025 09:21:21	16,99	-0,04	28,97	37,89	1505,79
23	29.08.2025 09:21:22	16,96	-0,04	29,00	37,89	1505,72
24	29.08.2025 09:21:23	16,93	-0,03	29,02	37,89	1505,65
25	29.08.2025 09:21:24	16,90	-0,03	29,04	37,89	1505,59
26	29.08.2025 09:21:25	16,87	-0,03	29,06	37,89	1505,52
27	29.08.2025 09:21:26	16,87	-0,03	29,06	37,89	1505,52
28	29.08.2025 09:21:27	16,84	-0,04	29,08	37,89	1505,45
29	29.08.2025 09:21:28	16,81	-0,04	29,10	37,89	1505,38
30	29.08.2025 09:21:29	16,81	-0,04	29,10	37,89	1505,38
31	29.08.2025 09:21:30	16,78	-0,04	29,12	37,89	1505,31
32	29.08.2025 09:21:31	16,78	-0,04	29,14	37,91	1505,34
33	29.08.2025 09:21:32	16,75	-0,04	29,14	37,89	1505,24
34	29.08.2025 09:21:33	16,75	-0,04	29,14	37,89	1505,24
35	29.08.2025 09:21:34	16,72	-0,04	29,16	37,88	1505,17
36	29.08.2025 09:21:35	16,72	-0,04	29,16	37,88	1505,17
37	29.08.2025 09:21:36	16,72	-0,04	29,16	37,88	1505,17
38	29.08.2025 09:21:37	16,69	-0,04	29,19	37,88	1505,11
39	29.08.2025 09:21:38	16,69	-0,04	29,19	37,88	1505,11
40	29.08.2025 09:21:39	16,69	-0,06	29,18	37,88	1505,10
41	29.08.2025 09:21:40	16,66	-0,04	29,23	37,91	1505,06
42	29.08.2025 09:21:41	16,66	-0,06	29,23	37,91	1505,06
43	29.08.2025 09:21:42	16,63	-0,06	29,25	37,91	1504,99
44	29.08.2025 09:21:43	16,63	-0,06	29,23	37,88	1504,97
45	29.08.2025 09:21:44	16,63	-0,04	29,23	37,88	1504,97
46	29.08.2025 09:21:45	16,60	-0,06	29,25	37,88	1504,90
47	29.08.2025 09:21:46	16,60	-0,06	29,27	37,91	1504,92
48	29.08.2025 09:21:47	16,57	-0,08	29,27	37,88	1504,83
49	29.08.2025 09:21:48	16,57	-0,06	29,27	37,88	1504,83
50	29.08.2025 09:21:49	16,57	-0,06	29,29	37,90	1504,85
51	29.08.2025 09:21:50	16,57	-0,06	29,29	37,90	1504,85
52	29.08.2025 09:21:51	16,54	-0,08	29,31	37,90	1504,78
53	29.08.2025 09:21:52	16,54	-0,06	29,31	37,90	1504,79
54	29.08.2025 09:21:53	16,54	-0,06	29,31	37,90	1504,79
55	29.08.2025 09:21:54	16,51	-0,06	29,33	37,90	1504,72
56	29.08.2025 09:21:55	16,51	-0,04	29,33	37,90	1504,72
57	29.08.2025 09:21:56	16,51	-0,04	29,33	37,90	1504,72
58	29.08.2025 09:21:57	16,51	-0,06	29,33	37,90	1504,72
59	29.08.2025 09:21:58	16,48	-0,06	29,33	37,88	1504,62
60	29.08.2025 09:21:59	16,48	-0,04	29,33	37,88	1504,63
61	29.08.2025 09:22:00	16,48	-0,03	29,36	37,90	1504,65
62	29.08.2025 09:22:01	16,48	-0,03	29,36	37,90	1504,65
63	29.08.2025 09:22:02	16,45	-0,04	29,38	37,90	1504,58
64	29.08.2025 09:22:03	16,45	-0,03	29,38	37,90	1504,59
65	29.08.2025 09:22:04	16,45	-0,03	29,38	37,90	1504,59
66	29.08.2025 09:22:05	16,45	0,01	29,38	37,90	1504,59
67	29.08.2025 09:22:06	16,42	-0,01	29,40	37,90	1504,52
68	29.08.2025 09:22:07	16,42	-0,01	29,40	37,90	1504,52
69	29.08.2025 09:22:08	16,42	-0,01	29,40	37,90	1504,52
70	29.08.2025 09:22:09	16,42	0,01	29,40	37,90	1504,52
71	29.08.2025 09:22:10	16,42	0,03	29,40	37,90	1504,53
72	29.08.2025 09:22:11	16,39	0,03	29,42	37,90	1504,46
73	29.08.2025 09:22:12	16,39	0,05	29,42	37,90	1504,46
74	29.08.2025 09:22:13	16,39	0,03	29,42	37,90	1504,46
75	29.08.2025 09:22:14	16,39	0,01	29,42	37,90	1504,45
76	29.08.2025 09:22:15	16,39	0,05	29,42	37,90	1504,46
77	29.08.2025 09:22:16	16,39	0,06	29,42	37,90	1504,46
78	29.08.2025 09:22:17	16,36	0,03	29,42	37,87	1504,36
79	29.08.2025 09:22:18	16,36	0,05	29,44	37,90	1504,39
80	29.08.2025 09:22:19	16,36	0,05	29,44	37,90	1504,39
81	29.08.2025 09:22:20	16,36	0,06	29,44	37,90	1504,39
82	29.08.2025 09:22:21	16,36	0,06	29,44	37,90	1504,39
83	29.08.2025 09:22:22	16,36	0,06	29,44	37,90	1504,39
84	29.08.2025 09:22:23	16,33	0,06	29,46	37,90	1504,33
85	29.08.2025 09:22:24	16,33	0,08	29,46	37,90	1504,33
86	29.08.2025 09:22:25	16,33	0,06	29,46	37,90	1504,32
87	29.08.2025 09:22:26	16,33	0,06	29,46	37,90	1504,32
88	29.08.2025 09:22:27	16,33	0,08	29,46	37,90	1504,33
89	29.08.2025 09:22:28	16,33	0,10	29,46	37,90	1504,33
90	29.08.2025 09:22:29	16,33	0,08	29,46	37,90	1504,33
91	29.08.2025 09:22:30	16,30	0,08	29,48	37,90	1504,26
92	29.08.2025 09:22:31	16,30	0,08	29,48	37,90	1504,26
93	29.08.2025 09:22:32	16,30	0,08	29,48	37,90	1504,26
94	29.08.2025 09:22:33	16,30	0,10	29,48	37,90	1504,26
95	29.08.2025 09:22:34	16,30	0,10	29,48	37,90	1504,26
96	29.08.2025 09:22:35	16,30	0,10	29,48	37,90	1504,26
97	29.08.2025 09:22:36	16,30	0,12	29,48	37,90	1504,26
98	29.08.2025 09:22:37	16,30	0,12	29,48	37,90	1504,26
99	29.08.2025 09:22:38	16,30	0,14	29,48	37,90	1504,27
100	29.08.2025 09:22:39	16,30	0,14	29,48	37,90	1504,27
101	29.08.2025 09:22:40	16,30	0,16	29,48	37,90	1504,27
102	29.08.2025 09:22:41	16,30	0,17	29,48	37,90	1504,27
103	29.08.2025 09:22:42	16,27	0,19	29,51	37,90	1504,21
104	29.08.2025 09:22:43	16,27	0,23	29,51	37,90	1504,21
105	29.08.2025 09:22:44	16,27	0,25	29,51	37,90	1504,22
106	29.08.2025 09:22:45	16,27	0,26	29,51	37,90	1504,22
107	29.08.2025 09:22:46	16,27	0,28	29,51	37,90	1504,22
108	29.08.2025 09:22:47	16,27	0,30	29,51	37,90	1504,22
109	29.08.2025 09:22:48	16,27	0,32	29,51	37,90	1504,23
110	29.08.2025 09:22:49	16,27	0,32	29,51	37,90	1504,23
111	29.08.2025 09:22:50	16,27	0,34	29,48	37,87	1504,20
112	29.08.2025 09:22:51	16,27	0,34	29,50	37,90	1504,23
113	29.08.2025 09:22:52	16,27	0,34	29,50	37,90	1504,23
114	29.08.2025 09:22:53	16,27	0,34	29,50	37,90	1504,23
115	29.08.2025 09:22:54	16,27	0,35	29,48	37,87	1504,21
116	29.08.2025 09:22:55	16,23	0,35	29,51	37,87	1504,14
117	29.08.2025 09:22:56	16,23	0,35	29,53	37,89	1504,16
118	29.08.2025 09:22:57	16,23	0,39	29,53	37,89	1504,17
119	29.08.2025 09:22:58	16,23	0,39	29,53	37,89	1504,17
120	29.08.2025 09:22:59	16,23	0,39	29,53	37,89	1504,17
121	29.08.2025 09:23:00	16,23	0,41	29,53	37,89	1504,17
122	29.08.2025 09:23:01	16,23	0,41	29,53	37,89	1504,17
123	29.08.2025 09:23:02	16,23	0,41	29,51	37,87	1504,15
124	29.08.2025 09:23:03	16,23	0,41	29,51	37,87	1504,15
125	29.08.2025 09:23:04	16,23	0,41	29,51	37,87	1504,15
126	29.08.2025 09:23:05	16,23	0,43	29,51	37,87	1504,15
127	29.08.2025 09:23:06	16,23	0,44	29,51	37,87	1504,15
128	29.08.2025 09:23:07	16,23	0,44	29,51	37,87	1504,15
129	29.08.2025 09:23:08	16,23	0,46	29,50	37,87	1504,16
130	29.08.2025 09:23:09	16,23	0,46	29,50	37,87	1504,16
131	29.08.2025 09:23:10	16,23	0,44	29,51	37,87	1504,15
132	29.08.2025 09:23:11	16,23	0,46	29,50	37,87	1504,16
133	29.08.2025 09:23:12	16,23	0,46	29,50	37,87	1504,16
134	29.08.2025 09:23:13	16,23	0,48	29,53	37,89	1504,18
135	29.08.2025 09:23:14	16,23	0,50	29,50	37,87	1504,16
136	29.08.2025 09:23:15	16,20	0,51	29,53	37,87	1504,09
137	29.08.2025 09:23:16	16,20	0,55	29,53	37,87	1504,10
138	29.08.2025 09:23:17	16,20	0,57	29,53	37,87	1504,10
139	29.08.2025 09:23:18	16,20	0,58	29,53	37,87	1504,11
140	29.08.2025 09:23:19	16,20	0,60	29,53	37,87	1504,11
141	29.08.2025 09:23:20	16,20	0,62	29,53	37,87	1504,11
142	29.08.2025 09:23:21	16,20	0,64	29,55	37,89	1504,14
143	29.08.2025 09:23:22	16,20	0,64	29,53	37,87	1504,11
144	29.08.2025 09:23:23	16,20	0,64	29,53	37,87	1504,11
145	29.08.2025 09:23:24	16,20	0,66	29,53	37,87	1504,12
146	29.08.2025 09:23:25	16,20	0,67	29,53	37,87	1504,12
147	29.08.2025 09:23:26	16,20	0,67	29,53	37,87	1504,12
148	29.08.2025 09:23:27	16,20	0,69	29,53	37,87	1504,12
149	29.08.2025 09:23:28	16,20	0,67	29,50	37,84	1504,10
150	29.08.2025 09:23:29	16,20	0,69	29,50	37,84	1504,10
151	29.08.2025 09:23:30	16,20	0,71	29,50	37,84	1504,10
152	29.08.2025 09:23:31	16,20	0,71	29,48	37,82	1504,08
153	29.08.2025 09:23:32	16,17	0,74	29,48	37,79	1503,99
154	29.08.2025 09:23:33	16,17	0,73	29,48	37,79	1503,98
155	29.08.2025 09:23:34	16,17	0,74	29,48	37,79	1503,99
156	29.08.2025 09:23:35	16,14	0,74	29,51	37,79	1503,92
157	29.08.2025 09:23:36	16,14	0,78	29,57	37,87	1504,00
158	29.08.2025 09:23:37	16,14	0,78	29,48	37,77	1503,90
159	29.08.2025 09:23:38	16,14	0,78	29,48	37,77	1503,90
160	29.08.2025 09:23:39	16,14	0,80	29,48	37,77	1503,90
161	29.08.2025 09:23:40	16,14	0,81	29,48	37,77	1503,90
162	29.08.2025 09:23:41	16,11	0,83	29,51	37,77	1503,84
163	29.08.2025 09:23:42	16,11	0,83	29,51	37,77	1503,84
164	29.08.2025 09:23:43	16,11	0,85	29,48	37,74	1503,81
165	29.08.2025 09:23:44	16,11	0,85	29,46	37,72	1503,79
166	29.08.2025 09:23:45	16,08	0,86	29,44	37,67	1503,67
167	29.08.2025 09:23:46	16,08	0,88	29,42	37,64	1503,65
168	29.08.2025 09:23:47	16,05	0,88	29,42	37,62	1503,56
169	29.08.2025 09:23:48	16,02	0,91	29,42	37,59	1503,47
170	29.08.2025 09:23:49	16,02	0,91	29,42	37,59	1503,47
171	29.08.2025 09:23:50	15,99	0,95	29,42	37,57	1503,38
172	29.08.2025 09:23:51	15,96	0,94	29,44	37,57	1503,31
173	29.08.2025 09:23:52	15,96	0,96	29,42	37,54	1503,28
174	29.08.2025 09:23:53	15,93	0,98	29,44	37,54	1503,22
175	29.08.2025 09:23:54	15,93	1,00	29,42	37,52	1503,19
176	29.08.2025 09:23:55	15,90	1,01	29,42	37,49	1503,10
177	29.08.2025 09:23:56	15,87	1,03	29,44	37,49	1503,03
178	29.08.2025 09:23:57	15,87	1,03	29,47	37,52	1503,06
179	29.08.2025 09:23:58	15,84	1,03	29,49	37,51	1502,99
180	29.08.2025 09:23:59	15,84	1,04	29,49	37,51	1502,99
181	29.08.2025 09:24:00	15,81	1,06	29,51	37,51	1502,92
182	29.08.2025 09:24:01	15,81	1,08	29,51	37,51	1502,93
183	29.08.2025 09:24:02	15,78	1,08	29,53	37,51	1502,86
184	29.08.2025 09:24:03	15,78	1,09	29,53	37,51	1502,86
185	29.08.2025 09:24:04	15,75	1,11	29,53	37,49	1502,77
186	29.08.2025 09:24:05	15,75	1,15	29,53	37,49	1502,77
187	29.08.2025 09:24:06	15,72	1,14	29,55	37,49	1502,70
188	29.08.2025 09:24:07	15,72	1,14	29,55	37,49	1502,70
189	29.08.2025 09:24:08	15,69	1,18	29,57	37,49	1502,64
190	29.08.2025 09:24:09	15,69	1,19	29,60	37,51	1502,66
191	29.08.2025 09:24:10	15,66	1,19	29,62	37,51	1502,59
192	29.08.2025 09:24:11	15,66	1,21	29,62	37,51	1502,60
193	29.08.2025 09:24:12	15,63	1,23	29,60	37,46	1502,48
194	29.08.2025 09:24:13	15,63	1,24	29,60	37,46	1502,48
195	29.08.2025 09:24:14	15,60	1,26	29,62	37,46	1502,41
196	29.08.2025 09:24:15	15,60	1,28	29,62	37,46	1502,41
197	29.08.2025 09:24:16	15,56	1,29	29,64	37,46	1502,35
198	29.08.2025 09:24:17	15,56	1,33	29,62	37,43	1502,33
199	29.08.2025 09:24:18	15,56	1,35	29,64	37,46	1502,36
200	29.08.2025 09:24:19	15,53	1,35	29,66	37,46	1502,28
201	29.08.2025 09:24:20	15,53	1,36	29,66	37,46	1502,29
202	29.08.2025 09:24:21	15,53	1,40	29,66	37,46	1502,29
203	29.08.2025 09:24:22	15,50	1,40	29,69	37,46	1502,22
204	29.08.2025 09:24:23	15,50	1,42	29,69	37,46	1502,22
205	29.08.2025 09:24:24	15,50	1,43	29,69	37,46	1502,23
206	29.08.2025 09:24:25	15,50	1,45	29,66	37,43	1502,20
207	29.08.2025 09:24:26	15,50	1,47	29,66	37,43	1502,21
208	29.08.2025 09:24:27	15,47	1,49	29,66	37,41	1502,11
209	29.08.2025 09:24:28	15,47	1,50	29,66	37,41	1502,12
210	29.08.2025 09:24:29	15,47	1,52	29,64	37,38	1502,09
211	29.08.2025 09:24:30	15,44	1,54	29,64	37,36	1502,00
212	29.08.2025 09:24:31	15,41	1,53	29,60	37,28	1501,85
213	29.08.2025 09:24:32	15,41	1,57	29,34	36,99	1501,55
214	29.08.2025 09:24:33	15,32	1,55	29,08	36,62	1500,95
215	29.08.2025 09:24:34	15,17	1,57	28,93	36,32	1500,28
216	29.08.2025 09:24:35	15,01	1,61	28,76	35,99	1499,59
217	29.08.2025 09:24:36	14,80	1,63	28,36	35,37	1498,43
218	29.08.2025 09:24:37	14,55	1,65	27,73	34,46	1496,87
219	29.08.2025 09:24:38	14,21	1,66	27,06	33,44	1494,96
220	29.08.2025 09:24:39	13,71	1,72	27,11	33,11	1493,37
221	29.08.2025 09:24:40	13,21	1,81	27,14	32,75	1491,73
222	29.08.2025 09:24:41	12,77	1,85	27,15	32,43	1490,25
223	29.08.2025 09:24:42	12,39	1,93	27,35	32,34	1489,19
224	29.08.2025 09:24:43	12,04	1,96	27,48	32,21	1488,14
225	29.08.2025 09:24:44	11,75	1,99	27,57	32,08	1487,24
226	29.08.2025 09:24:45	11,53	2,03	27,66	32,00	1486,57
227	29.08.2025 09:24:46	11,30	2,05	27,75	31,92	1485,88
228	29.08.2025 09:24:47	11,14	2,05	27,83	31,87	1485,40
229	29.08.2025 09:24:48	10,95	2,06	27,78	31,67	1484,64
230	29.08.2025 09:24:49	10,75	2,04	27,40	31,13	1483,47
231	29.08.2025 09:24:50	10,49	2,08	27,10	30,63	1482,17
232	29.08.2025 09:24:51	10,17	2,11	27,08	30,35	1480,95
233	29.08.2025 09:24:52	9,84	2,12	27,20	30,22	1479,89
234	29.08.2025 09:24:53	9,54	2,17	27,32	30,12	1478,94
235	29.08.2025 09:24:54	9,27	2,17	27,47	30,06	1478,13
236	29.08.2025 09:24:55	9,07	2,19	27,57	30,01	1477,51
237	29.08.2025 09:24:56	8,87	2,21	27,74	30,03	1476,98
238	29.08.2025 09:24:57	8,74	2,20	27,85	30,03	1476,60
239	29.08.2025 09:24:58	8,60	2,23	27,95	30,03	1476,22
240	29.08.2025 09:24:59	8,50	2,24	28,00	30,00	1475,91
241	29.08.2025 09:25:00	8,37	2,25	28,08	29,98	1475,49
242	29.08.2025 09:25:01	8,27	2,24	28,14	29,95	1475,17
243	29.08.2025 09:25:02	8,13	2,25	28,17	29,87	1474,69
244	29.08.2025 09:25:03	8,03	2,26	28,20	29,82	1474,33
245	29.08.2025 09:25:04	7,93	2,27	28,20	29,75	1473,94
246	29.08.2025 09:25:05	7,79	2,26	28,31	29,75	1473,55
247	29.08.2025 09:25:06	7,69	2,27	28,24	29,60	1473,06
248	29.08.2025 09:25:07	7,55	2,30	28,32	29,57	1472,64
249	29.08.2025 09:25:08	7,45	2,31	28,38	29,55	1472,31
250	29.08.2025 09:25:09	7,31	2,32	28,41	29,47	1471,81
251	29.08.2025 09:25:10	7,20	2,33	28,41	29,40	1471,41
252	29.08.2025 09:25:11	7,10	2,37	28,45	29,35	1471,05
253	29.08.2025 09:25:12	6,96	2,36	28,37	29,17	1470,41
254	29.08.2025 09:25:13	6,82	2,34	28,17	28,88	1469,59
255	29.08.2025 09:25:14	6,65	2,38	28,04	28,63	1468,75
256	29.08.2025 09:25:15	6,44	2,42	28,11	28,53	1468,00
257	29.08.2025 09:25:16	6,23	2,45	28,20	28,45	1467,27
258	29.08.2025 09:25:17	6,05	2,46	28,29	28,40	1466,68
259	29.08.2025 09:25:18	5,91	2,50	28,41	28,40	1466,26
260	29.08.2025 09:25:19	5,77	2,49	28,53	28,40	1465,83
261	29.08.2025 09:25:20	5,66	2,52	28,59	28,37	1465,48
262	29.08.2025 09:25:21	5,55	2,55	28,68	28,37	1465,17
263	29.08.2025 09:25:22	5,45	2,54	28,74	28,35	1464,81
264	29.08.2025 09:25:23	5,34	2,57	28,86	28,37	1464,52
265	29.08.2025 09:25:24	5,27	2,56	28,79	28,25	1464,13
266	29.08.2025 09:25:25	5,19	2,60	28,77	28,18	1463,81
267	29.08.2025 09:25:26	5,09	2,61	28,72	28,05	1463,30
268	29.08.2025 09:25:27	4,94	2,61	28,79	28,00	1462,80
269	29.08.2025 09:25:28	4,83	2,64	28,85	27,98	1462,43
270	29.08.2025 09:25:29	4,72	2,65	28,95	27,98	1462,10
271	29.08.2025 09:25:30	4,61	2,68	29,02	27,95	1461,74
272	29.08.2025 09:25:31	4,54	2,69	29,05	27,93	1461,48
273	29.08.2025 09:25:32	4,47	2,70	29,09	27,90	1461,22
274	29.08.2025 09:25:33	4,40	2,72	29,12	27,88	1460,97
275	29.08.2025 09:25:34	4,29	2,74	29,19	27,85	1460,60
276	29.08.2025 09:25:35	4,21	2,76	29,26	27,85	1460,38
277	29.08.2025 09:25:36	4,14	2,77	29,32	27,85	1460,15
278	29.08.2025 09:25:37	4,10	2,77	29,33	27,83	1460,00
279	29.08.2025 09:25:38	4,03	2,80	29,39	27,83	1459,78
280	29.08.2025 09:25:39	3,99	2,80	29,43	27,83	1459,67
281	29.08.2025 09:25:40	3,92	2,83	29,49	27,83	1459,44
282	29.08.2025 09:25:41	3,84	2,84	29,56	27,83	1459,22
283	29.08.2025 09:25:42	3,81	2,84	29,57	27,81	1459,07
284	29.08.2025 09:25:43	3,73	2,85	29,52	27,71	1458,69
285	29.08.2025 09:25:44	3,66	2,86	29,56	27,68	1458,43
286	29.08.2025 09:25:45	3,58	2,89	29,57	27,63	1458,13
287	29.08.2025 09:25:46	3,51	2,90	29,64	27,63	1457,90
288	29.08.2025 09:25:47	3,47	2,92	29,64	27,61	1457,75
289	29.08.2025 09:25:48	3,40	2,93	29,71	27,61	1457,52
290	29.08.2025 09:25:49	3,36	2,96	29,74	27,61	1457,41
291	29.08.2025 09:25:50	3,28	2,96	29,81	27,61	1457,17
292	29.08.2025 09:25:51	3,25	2,97	29,85	27,61	1457,06
293	29.08.2025 09:25:52	3,21	2,97	29,91	27,64	1456,98
294	29.08.2025 09:25:53	3,13	3,00	29,98	27,64	1456,76
295	29.08.2025 09:25:54	3,10	3,00	30,05	27,66	1456,68
296	29.08.2025 09:25:55	3,06	3,00	30,08	27,66	1456,56
297	29.08.2025 09:25:56	3,06	3,01	30,08	27,66	1456,56
298	29.08.2025 09:25:57	3,02	3,03	30,09	27,64	1456,41
299	29.08.2025 09:25:58	2,94	3,02	30,13	27,62	1456,14
300	29.08.2025 09:25:59	2,91	3,06	30,17	27,62	1456,03
301	29.08.2025 09:26:00	2,87	3,05	30,17	27,59	1455,87
302	29.08.2025 09:26:01	2,83	3,07	30,15	27,54	1455,68
303	29.08.2025 09:26:02	2,79	3,10	30,13	27,49	1455,48
304	29.08.2025 09:26:03	2,75	3,10	30,04	27,39	1455,21
305	29.08.2025 09:26:04	2,68	3,11	30,12	27,40	1454,98
306	29.08.2025 09:26:05	2,60	3,12	30,16	27,37	1454,70
307	29.08.2025 09:26:06	2,56	3,14	30,20	27,37	1454,58
308	29.08.2025 09:26:07	2,49	3,15	30,27	27,37	1454,35
309	29.08.2025 09:26:08	2,45	3,17	30,31	27,37	1454,23
310	29.08.2025 09:26:09	2,41	3,18	30,31	27,35	1454,08
311	29.08.2025 09:26:10	2,37	3,20	30,35	27,35	1453,96
312	29.08.2025 09:26:11	2,33	3,21	30,39	27,35	1453,84
313	29.08.2025 09:26:12	2,30	3,21	30,42	27,35	1453,72
314	29.08.2025 09:26:13	2,26	3,24	30,46	27,35	1453,61
315	29.08.2025 09:26:14	2,26	3,24	30,46	27,35	1453,61
316	29.08.2025 09:26:15	2,22	3,26	30,50	27,35	1453,49
317	29.08.2025 09:26:16	2,18	3,29	30,54	27,35	1453,38
318	29.08.2025 09:26:17	2,18	3,29	30,54	27,35	1453,38
319	29.08.2025 09:26:18	2,14	3,30	30,57	27,35	1453,26
320	29.08.2025 09:26:19	2,10	3,30	30,61	27,36	1453,14
321	29.08.2025 09:26:20	2,10	3,32	30,61	27,35	1453,14
322	29.08.2025 09:26:21	2,07	3,33	30,68	27,38	1453,06
323	29.08.2025 09:26:22	2,07	3,35	30,68	27,38	1453,07
324	29.08.2025 09:26:23	2,03	3,35	30,72	27,38	1452,95
325	29.08.2025 09:26:24	2,03	3,39	30,72	27,38	1452,95
326	29.08.2025 09:26:25	1,99	3,40	30,76	27,38	1452,83
327	29.08.2025 09:26:26	1,99	3,40	30,76	27,38	1452,83
328	29.08.2025 09:26:27	1,95	3,43	30,80	27,38	1452,72
329	29.08.2025 09:26:28	1,95	3,43	30,80	27,38	1452,72
330	29.08.2025 09:26:29	1,91	3,45	30,83	27,38	1452,60
331	29.08.2025 09:26:30	1,91	3,47	30,83	27,38	1452,60
332	29.08.2025 09:26:31	1,87	3,48	30,87	27,38	1452,48
333	29.08.2025 09:26:32	1,87	3,48	30,90	27,41	1452,52
334	29.08.2025 09:26:33	1,87	3,52	30,90	27,41	1452,53
335	29.08.2025 09:26:34	1,83	3,53	30,91	27,38	1452,37
336	29.08.2025 09:26:35	1,83	3,53	30,94	27,41	1452,41
337	29.08.2025 09:26:36	1,83	3,55	30,94	27,41	1452,41
338	29.08.2025 09:26:37	1,79	3,57	30,98	27,41	1452,30
339	29.08.2025 09:26:38	1,79	3,58	30,98	27,41	1452,30
340	29.08.2025 09:26:39	1,79	3,60	30,98	27,41	1452,30
341	29.08.2025 09:26:40	1,76	3,62	31,02	27,41	1452,18
342	29.08.2025 09:26:41	1,76	3,63	31,02	27,41	1452,19
343	29.08.2025 09:26:42	1,76	3,65	31,02	27,41	1452,19
344	29.08.2025 09:26:43	1,76	3,65	31,02	27,41	1452,19
345	29.08.2025 09:26:44	1,72	3,67	31,09	27,44	1452,11
346	29.08.2025 09:26:45	1,72	3,70	31,09	27,44	1452,12
347	29.08.2025 09:26:46	1,72	3,70	31,09	27,44	1452,12
348	29.08.2025 09:26:47	1,72	3,72	31,09	27,44	1452,12
349	29.08.2025 09:26:48	1,68	3,74	31,13	27,44	1452,00
350	29.08.2025 09:26:49	1,68	3,74	31,13	27,44	1452,00
351	29.08.2025 09:26:50	1,68	3,75	31,13	27,44	1452,00
352	29.08.2025 09:26:51	1,68	3,75	31,13	27,44	1452,00
353	29.08.2025 09:26:52	1,68	3,77	31,13	27,44	1452,01
354	29.08.2025 09:26:53	1,68	3,79	31,13	27,44	1452,01
355	29.08.2025 09:26:54	1,64	3,79	31,17	27,44	1451,89
356	29.08.2025 09:26:55	1,64	3,81	31,14	27,41	1451,85
357	29.08.2025 09:26:56	1,64	3,82	31,11	27,39	1451,81
358	29.08.2025 09:26:57	1,64	3,84	31,11	27,39	1451,81
359	29.08.2025 09:26:58	1,60	3,87	31,11	27,36	1451,65
360	29.08.2025 09:26:59	1,60	3,89	31,11	27,36	1451,66
361	29.08.2025 09:27:00	1,60	3,91	31,11	27,36	1451,66
362	29.08.2025 09:27:01	1,56	3,91	31,12	27,34	1451,50
363	29.08.2025 09:27:02	1,56	3,94	31,09	27,32	1451,46
364	29.08.2025 09:27:03	1,52	3,96	31,13	27,32	1451,34
365	29.08.2025 09:27:04	1,52	3,98	31,13	27,32	1451,34
366	29.08.2025 09:27:05	1,52	3,99	31,13	27,32	1451,35
367	29.08.2025 09:27:06	1,48	4,03	31,17	27,32	1451,23
368	29.08.2025 09:27:07	1,48	4,04	31,14	27,29	1451,19
369	29.08.2025 09:27:08	1,48	4,04	31,11	27,27	1451,15
370	29.08.2025 09:27:09	1,44	4,06	31,05	27,19	1450,91
371	29.08.2025 09:27:10	1,40	4,09	31,03	27,15	1450,71
372	29.08.2025 09:27:11	1,37	4,14	31,01	27,10	1450,51
373	29.08.2025 09:27:12	1,33	4,16	31,02	27,07	1450,34
374	29.08.2025 09:27:13	1,29	4,19	31,03	27,05	1450,19
375	29.08.2025 09:27:14	1,25	4,21	31,03	27,02	1450,02
376	29.08.2025 09:27:15	1,21	4,24	31,07	27,03	1449,90
377	29.08.2025 09:27:16	1,21	4,26	31,04	27,00	1449,86
378	29.08.2025 09:27:17	1,17	4,29	31,08	27,00	1449,75
379	29.08.2025 09:27:18	1,17	4,33	31,08	27,00	1449,75
380	29.08.2025 09:27:19	1,13	4,36	31,12	27,00	1449,63
381	29.08.2025 09:27:20	1,13	4,39	31,12	27,00	1449,64
382	29.08.2025 09:27:21	1,09	4,41	31,16	27,00	1449,52
383	29.08.2025 09:27:22	1,09	4,45	31,13	26,98	1449,48
384	29.08.2025 09:27:23	1,05	4,46	31,17	26,98	1449,36
385	29.08.2025 09:27:24	1,05	4,50	31,14	26,95	1449,32
386	29.08.2025 09:27:25	1,05	4,53	31,11	26,93	1449,28
387	29.08.2025 09:27:26	1,01	4,56	31,15	26,93	1449,16
388	29.08.2025 09:27:27	1,01	4,60	31,12	26,91	1449,13
389	29.08.2025 09:27:28	0,97	4,63	31,13	26,88	1448,97
390	29.08.2025 09:27:29	0,97	4,65	31,09	26,86	1448,93
391	29.08.2025 09:27:30	0,93	4,70	31,13	26,86	1448,81
392	29.08.2025 09:27:31	0,93	4,72	31,10	26,83	1448,77
393	29.08.2025 09:27:32	0,89	4,75	31,11	26,81	1448,61
394	29.08.2025 09:27:33	0,85	4,80	31,15	26,81	1448,49
395	29.08.2025 09:27:34	0,85	4,82	31,15	26,81	1448,49
396	29.08.2025 09:27:35	0,81	4,85	31,16	26,79	1448,33
397	29.08.2025 09:27:36	0,81	4,89	31,16	26,79	1448,34
398	29.08.2025 09:27:37	0,77	4,92	31,14	26,74	1448,13
399	29.08.2025 09:27:38	0,73	4,94	31,15	26,71	1447,96
400	29.08.2025 09:27:39	0,73	4,97	31,15	26,71	1447,97
401	29.08.2025 09:27:40	0,69	5,01	31,19	26,71	1447,85
402	29.08.2025 09:27:41	0,65	5,04	31,33	26,79	1447,86
403	29.08.2025 09:27:42	0,65	5,08	31,29	26,77	1447,82
404	29.08.2025 09:27:43	0,61	5,11	31,40	26,82	1447,78
405	29.08.2025 09:27:44	0,61	5,13	31,43	26,84	1447,83
406	29.08.2025 09:27:45	0,61	5,16	31,43	26,84	1447,83
407	29.08.2025 09:27:46	0,61	5,20	31,43	26,84	1447,84
408	29.08.2025 09:27:47	0,61	5,23	31,46	26,87	1447,89
409	29.08.2025 09:27:48	0,61	5,23	31,46	26,87	1447,89
410	29.08.2025 09:27:49	0,61	5,29	31,46	26,87	1447,90
411	29.08.2025 09:27:50	0,57	5,32	31,51	26,87	1447,77
412	29.08.2025 09:27:51	0,57	5,34	31,47	26,84	1447,73
413	29.08.2025 09:27:52	0,57	5,37	31,51	26,87	1447,78
414	29.08.2025 09:27:53	0,57	5,39	31,51	26,87	1447,79
415	29.08.2025 09:27:54	0,57	5,43	31,51	26,87	1447,79
416	29.08.2025 09:27:55	0,57	5,45	31,51	26,87	1447,79
417	29.08.2025 09:27:56	0,53	5,48	31,55	26,87	1447,67
418	29.08.2025 09:27:57	0,53	5,50	31,55	26,87	1447,68
419	29.08.2025 09:27:58	0,53	5,55	31,55	26,87	1447,68
420	29.08.2025 09:27:59	0,53	5,59	31,55	26,87	1447,69
421	29.08.2025 09:28:00	0,53	5,60	31,55	26,87	1447,69
422	29.08.2025 09:28:01	0,53	5,62	31,55	26,87	1447,70
423	29.08.2025 09:28:02	0,49	5,67	31,59	26,87	1447,58
424	29.08.2025 09:28:03	0,49	5,69	31,59	26,87	1447,58
425	29.08.2025 09:28:04	0,49	5,71	31,59	26,87	1447,58
426	29.08.2025 09:28:05	0,49	5,74	31,59	26,87	1447,59
427	29.08.2025 09:28:06	0,49	5,78	31,59	26,87	1447,59
428	29.08.2025 09:28:07	0,49	5,80	31,59	26,87	1447,60
429	29.08.2025 09:28:08	0,49	5,82	31,59	26,87	1447,60
430	29.08.2025 09:28:09	0,49	5,85	31,59	26,87	1447,60
431	29.08.2025 09:28:10	0,49	5,87	31,59	26,87	1447,61
432	29.08.2025 09:28:11	0,45	5,92	31,63	26,87	1447,49
433	29.08.2025 09:28:12	0,45	5,92	31,63	26,87	1447,49
434	29.08.2025 09:28:13	0,45	5,94	31,63	26,87	1447,49
435	29.08.2025 09:28:14	0,45	5,97	31,63	26,87	1447,50
436	29.08.2025 09:28:15	0,45	6,03	31,63	26,87	1447,51
437	29.08.2025 09:28:16	0,45	6,05	31,63	26,87	1447,51
438	29.08.2025 09:28:17	0,45	6,05	31,63	26,87	1447,51
439	29.08.2025 09:28:18	0,45	6,08	31,63	26,87	1447,51
440	29.08.2025 09:28:19	0,45	6,12	31,63	26,87	1447,52
441	29.08.2025 09:28:20	0,45	6,12	31,63	26,87	1447,52
442	29.08.2025 09:28:21	0,45	6,15	31,63	26,87	1447,53
443	29.08.2025 09:28:22	0,45	6,19	31,63	26,87	1447,53
444	29.08.2025 09:28:23	0,41	6,19	31,67	26,87	1447,40
445	29.08.2025 09:28:24	0,41	6,19	31,67	26,87	1447,40
446	29.08.2025 09:28:25	0,41	6,22	31,67	26,87	1447,41
447	29.08.2025 09:28:26	0,41	6,22	31,67	26,87	1447,41
448	29.08.2025 09:28:27	0,41	6,24	31,67	26,87	1447,41
449	29.08.2025 09:28:28	0,41	6,22	31,67	26,87	1447,41
450	29.08.2025 09:28:29	0,41	6,24	31,67	26,87	1447,41
451	29.08.2025 09:28:30	0,41	6,26	31,67	26,87	1447,41
452	29.08.2025 09:28:31	0,41	6,28	31,67	26,87	1447,42
453	29.08.2025 09:28:32	0,41	6,28	31,67	26,87	1447,42
454	29.08.2025 09:28:33	0,41	6,28	31,67	26,87	1447,42
455	29.08.2025 09:28:34	0,41	6,28	31,67	26,87	1447,42
456	29.08.2025 09:28:35	0,41	6,28	31,67	26,87	1447,42
457	29.08.2025 09:28:36	0,41	6,29	31,67	26,87	1447,42
458	29.08.2025 09:28:37	0,41	6,31	31,67	26,87	1447,42
459	29.08.2025 09:28:38	0,41	6,31	31,67	26,87	1447,42
460	29.08.2025 09:28:39	0,41	6,31	31,67	26,87	1447,42
461	29.08.2025 09:28:40	0,41	6,31	31,67	26,87	1447,42
462	29.08.2025 09:28:41	0,41	6,33	31,67	26,87	1447,43
463	29.08.2025 09:28:42	0,41	6,33	31,67	26,87	1447,43
464	29.08.2025 09:28:43	0,41	6,33	31,67	26,87	1447,43
465	29.08.2025 09:28:44	0,41	6,31	31,70	26,90	1447,47
466	29.08.2025 09:28:45	0,41	6,33	31,67	26,87	1447,43
467	29.08.2025 09:28:46	0,41	6,33	31,67	26,87	1447,43
468	29.08.2025 09:28:47	0,41	6,33	31,67	26,87	1447,43
469	29.08.2025 09:28:48	0,41	6,33	31,67	26,87	1447,43
470	29.08.2025 09:28:49	0,37	6,33	31,72	26,87	1447,30
471	29.08.2025 09:28:50	0,41	6,35	31,67	26,87	1447,43
472	29.08.2025 09:28:51	0,41	6,33	31,70	26,90	1447,47
473	29.08.2025 09:28:52	0,37	6,34	31,71	26,87	1447,30
474	29.08.2025 09:28:53	0,37	6,36	31,71	26,87	1447,30
475	29.08.2025 09:28:54	0,37	6,34	31,71	26,87	1447,30
476	29.08.2025 09:28:55	0,37	6,36	31,71	26,87	1447,30
477	29.08.2025 09:28:56	0,37	6,36	31,71	26,87	1447,30
478	29.08.2025 09:28:57	0,37	6,34	31,71	26,87	1447,30
479	29.08.2025 09:28:58	0,37	6,34	31,71	26,87	1447,30
480	29.08.2025 09:28:59	0,37	6,34	31,71	26,87	1447,30
481	29.08.2025 09:29:00	0,37	6,34	31,71	26,87	1447,30
482	29.08.2025 09:29:01	0,37	6,34	31,71	26,87	1447,30
483	29.08.2025 09:29:02	0,37	6,34	31,71	26,87	1447,30
484	29.08.2025 09:29:03	0,37	6,34	31,71	26,87	1447,30
485	29.08.2025 09:29:04	0,37	6,36	31,71	26,87	1447,30
486	29.08.2025 09:29:05	0,37	6,34	31,71	26,87	1447,30
487	29.08.2025 09:29:06	0,37	6,34	31,75	26,90	1447,34
488	29.08.2025 09:29:07	0,37	6,34	31,71	26,87	1447,30
489	29.08.2025 09:29:08	0,37	6,34	31,71	26,87	1447,30
490	29.08.2025 09:29:09	0,37	6,34	31,71	26,87	1447,30
491	29.08.2025 09:29:10	0,37	6,34	31,71	26,87	1447,30
492	29.08.2025 09:29:11	0,37	6,36	31,75	26,90	1447,35
493	29.08.2025 09:29:12	0,37	6,34	31,71	26,87	1447,30
494	29.08.2025 09:29:13	0,37	6,34	31,71	26,87	1447,30
495	29.08.2025 09:29:14	0,37	6,36	31,71	26,87	1447,30
496	29.08.2025 09:29:15	0,37	6,36	31,71	26,87	1447,30
497	29.08.2025 09:29:16	0,37	6,36	31,71	26,87	1447,30
498	29.08.2025 09:29:17	0,37	6,36	31,75	26,90	1447,35
499	29.08.2025 09:29:18	0,37	6,38	31,71	26,87	1447,31
500	29.08.2025 09:29:19	0,37	6,38	31,71	26,87	1447,31
501	29.08.2025 09:29:20	0,37	6,36	31,75	26,90	1447,35
502	29.08.2025 09:29:21	0,37	6,33	31,71	26,87	1447,30
503	29.08.2025 09:29:22	0,37	6,27	31,75	26,90	1447,33
504	29.08.2025 09:29:23	0,37	6,29	31,71	26,87	1447,29
505	29.08.2025 09:29:24	0,37	6,36	31,71	26,87	1447,30
506	29.08.2025 09:29:25	0,37	6,38	31,71	26,87	1447,31
507	29.08.2025 09:29:26	0,37	6,40	31,71	26,87	1447,31
508	29.08.2025 09:29:27	0,37	6,34	31,71	26,87	1447,30
509	29.08.2025 09:29:28	0,37	6,34	31,71	26,87	1447,30
510	29.08.2025 09:29:29	0,37	6,33	31,71	26,87	1447,30
511	29.08.2025 09:29:30	0,37	6,34	31,71	26,87	1447,30
512	29.08.2025 09:29:31	0,37	6,33	31,71	26,87	1447,30
513	29.08.2025 09:29:32	0,37	6,31	31,71	26,87	1447,30
514	29.08.2025 09:29:33	0,37	6,31	31,71	26,87	1447,30
515	29.08.2025 09:29:34	0,37	6,33	31,71	26,87	1447,30
516	29.08.2025 09:29:35	0,37	6,33	31,71	26,87	1447,30
517	29.08.2025 09:29:36	0,37	6,29	31,71	26,87	1447,29
518	29.08.2025 09:29:37	0,37	6,27	31,71	26,87	1447,29
519	29.08.2025 09:29:38	0,37	6,24	31,71	26,87	1447,28
520	29.08.2025 09:29:39	0,37	6,20	31,72	26,87	1447,28
521	29.08.2025 09:29:40	0,37	6,18	31,72	26,87	1447,28
522	29.08.2025 09:29:41	0,37	6,18	31,72	26,87	1447,28
523	29.08.2025 09:29:42	0,37	6,17	31,72	26,87	1447,27
524	29.08.2025 09:29:43	0,37	6,18	31,72	26,87	1447,28
525	29.08.2025 09:29:44	0,37	6,18	31,72	26,87	1447,28
526	29.08.2025 09:29:45	0,37	6,18	31,72	26,87	1447,28
527	29.08.2025 09:29:46	0,37	6,20	31,72	26,87	1447,28
528	29.08.2025 09:29:47	0,37	6,18	31,72	26,87	1447,28
529	29.08.2025 09:29:48	0,37	6,15	31,72	26,87	1447,27
530	29.08.2025 09:29:49	0,37	6,15	31,72	26,87	1447,27
531	29.08.2025 09:29:50	0,37	6,17	31,72	26,87	1447,27
532	29.08.2025 09:29:51	0,37	6,13	31,72	26,87	1447,27
533	29.08.2025 09:29:52	0,37	6,11	31,72	26,87	1447,27
534	29.08.2025 09:29:53	0,37	6,15	31,72	26,87	1447,27
535	29.08.2025 09:29:54	0,37	6,15	31,72	26,87	1447,27
536	29.08.2025 09:29:55	0,33	6,13	31,76	26,88	1447,14
537	29.08.2025 09:29:56	0,37	6,15	31,72	26,87	1447,27
538	29.08.2025 09:29:57	0,37	6,15	31,72	26,87	1447,27
539	29.08.2025 09:29:58	0,37	6,15	31,72	26,87	1447,27
540	29.08.2025 09:29:59	0,37	6,15	31,72	26,87	1447,27
541	29.08.2025 09:30:00	0,37	6,15	31,72	26,87	1447,27
542	29.08.2025 09:30:01	0,37	6,17	31,72	26,87	1447,27
543	29.08.2025 09:30:02	0,37	6,18	31,72	26,87	1447,28
544	29.08.2025 09:30:03	0,37	6,20	31,72	26,87	1447,28
545	29.08.2025 09:30:04	0,37	6,22	31,75	26,90	1447,33
546	29.08.2025 09:30:05	0,37	6,26	31,71	26,87	1447,29
547	29.08.2025 09:30:06	0,33	6,27	31,76	26,88	1447,16
548	29.08.2025 09:30:07	0,37	6,27	31,71	26,87	1447,29
549	29.08.2025 09:30:08	0,33	6,27	31,76	26,88	1447,16
550	29.08.2025 09:30:09	0,33	6,27	31,76	26,88	1447,16
551	29.08.2025 09:30:10	0,33	6,29	31,76	26,88	1447,17
552	29.08.2025 09:30:11	0,33	6,27	31,76	26,88	1447,16
553	29.08.2025 09:30:12	0,33	6,25	31,76	26,88	1447,16
554	29.08.2025 09:30:13	0,33	6,25	31,76	26,88	1447,16
555	29.08.2025 09:30:14	0,33	6,23	31,76	26,88	1447,16
556	29.08.2025 09:30:15	0,33	6,20	31,76	26,88	1447,15
557	29.08.2025 09:30:16	0,33	6,20	31,76	26,88	1447,15
558	29.08.2025 09:30:17	0,33	6,22	31,76	26,88	1447,15
559	29.08.2025 09:30:18	0,33	6,23	31,76	26,88	1447,16
560	29.08.2025 09:30:19	0,33	6,20	31,76	26,88	1447,15
561	29.08.2025 09:30:20	0,33	6,20	31,76	26,88	1447,15
562	29.08.2025 09:30:21	0,33	6,22	31,76	26,88	1447,15
563	29.08.2025 09:30:22	0,33	6,22	31,76	26,88	1447,15
564	29.08.2025 09:30:23	0,33	6,23	31,76	26,88	1447,16
565	29.08.2025 09:30:24	0,33	6,25	31,76	26,88	1447,16
566	29.08.2025 09:30:25	0,33	6,27	31,76	26,88	1447,16
567	29.08.2025 09:30:26	0,33	6,27	31,76	26,88	1447,16
568	29.08.2025 09:30:27	0,33	6,27	31,76	26,88	1447,16
569	29.08.2025 09:30:28	0,33	6,27	31,76	26,88	1447,16
570	29.08.2025 09:30:29	0,33	6,29	31,76	26,88	1447,17
571	29.08.2025 09:30:30	0,33	6,29	31,76	26,88	1447,17
572	29.08.2025 09:30:31	0,33	6,29	31,76	26,88	1447,17
573	29.08.2025 09:30:32	0,33	6,29	31,76	26,88	1447,17
574	29.08.2025 09:30:33	0,33	6,29	31,76	26,88	1447,17
575	29.08.2025 09:30:34	0,33	6,29	31,76	26,88	1447,17
576	29.08.2025 09:30:35	0,33	6,31	31,76	26,88	1447,17
577	29.08.2025 09:30:36	0,33	6,29	31,76	26,88	1447,17
578	29.08.2025 09:30:37	0,33	6,29	31,76	26,88	1447,17
579	29.08.2025 09:30:38	0,33	6,29	31,76	26,88	1447,17
580	29.08.2025 09:30:39	0,33	6,29	31,76	26,88	1447,17
581	29.08.2025 09:30:40	0,33	6,29	31,76	26,88	1447,17
582	29.08.2025 09:30:41	0,33	6,29	31,76	26,88	1447,17
583	29.08.2025 09:30:42	0,33	6,29	31,76	26,88	1447,17
584	29.08.2025 09:30:43	0,33	6,29	31,76	26,88	1447,17
585	29.08.2025 09:30:44	0,33	6,29	31,76	26,88	1447,17
586	29.08.2025 09:30:45	0,33	6,29	31,76	26,88	1447,17
587	29.08.2025 09:30:46	0,33	6,29	31,79	26,90	1447,21
588	29.08.2025 09:30:47	0,33	6,31	31,79	26,90	1447,21
589	29.08.2025 09:30:48	0,33	6,31	31,76	26,88	1447,17
590	29.08.2025 09:30:49	0,33	6,31	31,76	26,88	1447,17
591	29.08.2025 09:30:50	0,33	6,31	31,76	26,88	1447,17
592	29.08.2025 09:30:51	0,33	6,31	31,76	26,88	1447,17
593	29.08.2025 09:30:52	0,33	6,31	31,76	26,88	1447,17
594	29.08.2025 09:30:53	0,33	6,31	31,76	26,88	1447,17
595	29.08.2025 09:30:54	0,33	6,31	31,76	26,88	1447,17
596	29.08.2025 09:30:55	0,33	6,32	31,76	26,88	1447,17
597	29.08.2025 09:30:56	0,33	6,31	31,76	26,88	1447,17
598	29.08.2025 09:30:57	0,33	6,31	31,76	26,88	1447,17
599	29.08.2025 09:30:58	0,33	6,31	31,76	26,88	1447,17
600	29.08.2025 09:30:59	0,33	6,29	31,76	26,88	1447,17
601	29.08.2025 09:31:00	0,33	6,29	31,76	26,88	1447,17
602	29.08.2025 09:31:01	0,33	6,29	31,76	26,88	1447,17
603	29.08.2025 09:31:02	0,33	6,29	31,76	26,88	1447,17
604	29.08.2025 09:31:03	0,33	6,29	31,76	26,88	1447,17
605	29.08.2025 09:31:04	0,33	6,29	31,76	26,88	1447,17
606	29.08.2025 09:31:05	0,33	6,29	31,76	26,88	1447,17
607	29.08.2025 09:31:06	0,33	6,27	31,76	26,88	1447,16
608	29.08.2025 09:31:07	0,33	6,27	31,76	26,88	1447,16
609	29.08.2025 09:31:08	0,33	6,27	31,76	26,88	1447,16
610	29.08.2025 09:31:09	0,33	6,25	31,76	26,88	1447,16
611	29.08.2025 09:31:10	0,33	6,25	31,76	26,88	1447,16
612	29.08.2025 09:31:11	0,33	6,25	31,76	26,88	1447,16
613	29.08.2025 09:31:12	0,33	6,23	31,76	26,88	1447,16
614	29.08.2025 09:31:13	0,33	6,23	31,76	26,88	1447,16
615	29.08.2025 09:31:14	0,33	6,22	31,76	26,88	1447,15
616	29.08.2025 09:31:15	0,33	6,22	31,76	26,88	1447,15
617	29.08.2025 09:31:16	0,33	6,20	31,79	26,90	1447,20
618	29.08.2025 09:31:17	0,33	6,20	31,76	26,88	1447,15
619	29.08.2025 09:31:18	0,33	6,18	31,76	26,88	1447,15
620	29.08.2025 09:31:19	0,33	6,18	31,76	26,88	1447,15
621	29.08.2025 09:31:20	0,33	6,16	31,76	26,88	1447,15
622	29.08.2025 09:31:21	0,33	6,14	31,76	26,88	1447,14
623	29.08.2025 09:31:22	0,33	6,14	31,76	26,88	1447,14
624	29.08.2025 09:31:23	0,33	6,13	31,76	26,88	1447,14
625	29.08.2025 09:31:24	0,33	6,11	31,76	26,88	1447,14
626	29.08.2025 09:31:25	0,33	6,11	31,76	26,88	1447,14
627	29.08.2025 09:31:26	0,33	6,09	31,76	26,88	1447,14
628	29.08.2025 09:31:27	0,33	6,09	31,76	26,88	1447,14
629	29.08.2025 09:31:28	0,33	6,07	31,76	26,88	1447,13
630	29.08.2025 09:31:29	0,33	6,05	31,76	26,88	1447,13
631	29.08.2025 09:31:30	0,33	6,05	31,79	26,90	1447,17
632	29.08.2025 09:31:31	0,33	6,04	31,76	26,88	1447,13
633	29.08.2025 09:31:32	0,33	6,04	31,76	26,88	1447,13
634	29.08.2025 09:31:33	0,33	6,04	31,76	26,88	1447,13
635	29.08.2025 09:31:34	0,33	6,02	31,76	26,88	1447,12
636	29.08.2025 09:31:35	0,33	6,02	31,76	26,88	1447,12
637	29.08.2025 09:31:36	0,33	6,02	31,76	26,88	1447,12
638	29.08.2025 09:31:37	0,33	6,00	31,76	26,88	1447,12
639	29.08.2025 09:31:38	0,33	6,00	31,76	26,88	1447,12
640	29.08.2025 09:31:39	0,33	6,00	31,76	26,88	1447,12
641	29.08.2025 09:31:40	0,33	5,98	31,76	26,88	1447,12
642	29.08.2025 09:31:41	0,33	5,97	31,76	26,88	1447,12
643	29.08.2025 09:31:42	0,33	5,97	31,76	26,88	1447,12
644	29.08.2025 09:31:43	0,33	5,97	31,76	26,88	1447,12
645	29.08.2025 09:31:44	0,33	5,97	31,76	26,88	1447,12
646	29.08.2025 09:31:45	0,33	5,97	31,76	26,88	1447,12
647	29.08.2025 09:31:46	0,33	5,95	31,76	26,88	1447,11
648	29.08.2025 09:31:47	0,33	5,95	31,76	26,88	1447,11
649	29.08.2025 09:31:48	0,33	5,91	31,76	26,88	1447,11
650	29.08.2025 09:31:49	0,33	5,93	31,76	26,88	1447,11
651	29.08.2025 09:31:50	0,33	5,91	31,76	26,88	1447,11
652	29.08.2025 09:31:51	0,33	5,89	31,76	26,88	1447,11
653	29.08.2025 09:31:52	0,33	5,89	31,76	26,88	1447,11
654	29.08.2025 09:31:53	0,33	5,89	31,76	26,88	1447,11
655	29.08.2025 09:31:54	0,33	5,89	31,76	26,88	1447,11
656	29.08.2025 09:31:55	0,33	5,88	31,76	26,88	1447,10
657	29.08.2025 09:31:56	0,33	5,86	31,76	26,88	1447,10
658	29.08.2025 09:31:57	0,33	5,88	31,76	26,88	1447,10
659	29.08.2025 09:31:58	0,33	5,88	31,76	26,88	1447,10
660	29.08.2025 09:31:59	0,33	5,88	31,76	26,88	1447,10
661	29.08.2025 09:32:00	0,33	5,88	31,76	26,88	1447,10
662	29.08.2025 09:32:01	0,33	5,86	31,76	26,88	1447,10
663	29.08.2025 09:32:02	0,33	5,84	31,76	26,88	1447,10
664	29.08.2025 09:32:03	0,33	5,84	31,76	26,88	1447,10
665	29.08.2025 09:32:04	0,33	5,80	31,76	26,88	1447,09
666	29.08.2025 09:32:05	0,33	5,79	31,76	26,88	1447,09
667	29.08.2025 09:32:06	0,33	5,75	31,76	26,88	1447,08
668	29.08.2025 09:32:07	0,33	5,73	31,76	26,88	1447,08
669	29.08.2025 09:32:08	0,33	5,71	31,76	26,88	1447,08
670	29.08.2025 09:32:09	0,33	5,68	31,76	26,88	1447,07
671	29.08.2025 09:32:10	0,33	5,64	31,76	26,88	1447,07
672	29.08.2025 09:32:11	0,33	5,61	31,76	26,88	1447,06
673	29.08.2025 09:32:12	0,33	5,59	31,76	26,88	1447,06
674	29.08.2025 09:32:13	0,33	5,53	31,76	26,88	1447,05
675	29.08.2025 09:32:14	0,33	5,52	31,76	26,88	1447,05
676	29.08.2025 09:32:15	0,33	5,48	31,76	26,88	1447,04
677	29.08.2025 09:32:16	0,33	5,44	31,76	26,88	1447,04
678	29.08.2025 09:32:17	0,33	5,41	31,76	26,88	1447,03
679	29.08.2025 09:32:18	0,33	5,39	31,76	26,88	1447,03
680	29.08.2025 09:32:19	0,33	5,37	31,76	26,88	1447,02
681	29.08.2025 09:32:20	0,33	5,34	31,76	26,88	1447,02
682	29.08.2025 09:32:21	0,33	5,30	31,76	26,88	1447,01
683	29.08.2025 09:32:22	0,33	5,27	31,76	26,88	1447,01
684	29.08.2025 09:32:23	0,33	5,25	31,76	26,88	1447,01
685	29.08.2025 09:32:24	0,33	5,21	31,76	26,88	1447,00
686	29.08.2025 09:32:25	0,33	5,19	31,76	26,88	1447,00
687	29.08.2025 09:32:26	0,33	5,16	31,76	26,88	1446,99
688	29.08.2025 09:32:27	0,33	5,12	31,76	26,88	1446,99
689	29.08.2025 09:32:28	0,33	5,09	31,76	26,88	1446,98
690	29.08.2025 09:32:29	0,33	5,05	31,76	26,88	1446,97
691	29.08.2025 09:32:30	0,33	5,03	31,76	26,88	1446,97
692	29.08.2025 09:32:31	0,33	5,01	31,77	26,88	1446,97
693	29.08.2025 09:32:32	0,33	4,98	31,77	26,88	1446,96
694	29.08.2025 09:32:33	0,33	4,92	31,73	26,85	1446,91
695	29.08.2025 09:32:34	0,33	4,91	31,73	26,85	1446,91
696	29.08.2025 09:32:35	0,33	4,87	31,70	26,83	1446,86
697	29.08.2025 09:32:36	0,33	4,83	31,64	26,78	1446,77
698	29.08.2025 09:32:37	0,29	4,81	31,61	26,73	1446,55
699	29.08.2025 09:32:38	0,29	4,76	31,61	26,73	1446,54
700	29.08.2025 09:32:39	0,29	4,74	31,61	26,73	1446,54
701	29.08.2025 09:32:40	0,29	4,71	31,61	26,73	1446,53
702	29.08.2025 09:32:41	0,29	4,65	31,65	26,75	1446,57
703	29.08.2025 09:32:42	0,29	4,63	31,65	26,75	1446,57
704	29.08.2025 09:32:43	0,29	4,62	31,68	26,78	1446,61
705	29.08.2025 09:32:44	0,29	4,56	31,71	26,80	1446,64
706	29.08.2025 09:32:45	0,33	4,53	31,70	26,83	1446,81
707	29.08.2025 09:32:46	0,33	4,49	31,70	26,83	1446,80
708	29.08.2025 09:32:47	0,33	4,46	31,70	26,83	1446,80
709	29.08.2025 09:32:48	0,37	4,44	31,69	26,85	1446,96
710	29.08.2025 09:32:49	0,37	4,41	31,79	26,92	1447,09
711	29.08.2025 09:32:50	0,37	4,37	31,82	26,95	1447,13
712	29.08.2025 09:32:51	0,41	4,34	31,81	26,97	1447,29
713	29.08.2025 09:32:52	0,41	4,32	31,84	27,00	1447,33
714	29.08.2025 09:32:53	0,45	4,29	31,80	27,00	1447,45
715	29.08.2025 09:32:54	0,45	4,25	31,87	27,05	1447,53
716	29.08.2025 09:32:55	0,49	4,22	31,86	27,07	1447,70
717	29.08.2025 09:32:56	0,53	4,19	31,81	27,07	1447,82
718	29.08.2025 09:32:57	0,53	4,15	31,85	27,09	1447,86
719	29.08.2025 09:32:58	0,57	4,12	31,80	27,09	1447,98
720	29.08.2025 09:32:59	0,57	4,06	31,80	27,09	1447,97
721	29.08.2025 09:33:00	0,57	4,03	31,80	27,09	1447,96
722	29.08.2025 09:33:01	0,61	4,00	31,76	27,09	1448,08
723	29.08.2025 09:33:02	0,61	3,96	31,79	27,12	1448,12
724	29.08.2025 09:33:03	0,61	3,92	31,79	27,12	1448,11
725	29.08.2025 09:33:04	0,65	3,89	31,75	27,12	1448,23
726	29.08.2025 09:33:05	0,65	3,85	31,78	27,14	1448,27
727	29.08.2025 09:33:06	0,65	3,78	31,85	27,19	1448,35
728	29.08.2025 09:33:07	0,69	3,75	31,84	27,21	1448,51
729	29.08.2025 09:33:08	0,69	3,70	31,84	27,21	1448,50
730	29.08.2025 09:33:09	0,73	3,66	31,89	27,29	1448,75
731	29.08.2025 09:33:10	0,77	3,61	32,01	27,41	1449,08
732	29.08.2025 09:33:11	0,81	3,56	31,97	27,41	1449,19
733	29.08.2025 09:33:12	0,85	3,49	31,93	27,41	1449,31
734	29.08.2025 09:33:13	0,89	3,46	31,85	27,38	1449,38
735	29.08.2025 09:33:14	0,93	3,41	31,81	27,38	1449,50
736	29.08.2025 09:33:15	0,93	3,37	31,81	27,38	1449,49
737	29.08.2025 09:33:16	0,93	3,32	31,81	27,38	1449,49
738	29.08.2025 09:33:17	0,97	3,27	31,77	27,38	1449,60
739	29.08.2025 09:33:18	0,97	3,23	31,77	27,38	1449,60
740	29.08.2025 09:33:19	0,97	3,18	31,80	27,41	1449,63
741	29.08.2025 09:33:20	1,01	3,13	31,79	27,43	1449,79
742	29.08.2025 09:33:21	1,01	3,06	31,79	27,43	1449,78
743	29.08.2025 09:33:22	1,05	3,02	31,78	27,45	1449,94
744	29.08.2025 09:33:23	1,05	2,97	31,88	27,53	1450,05
745	29.08.2025 09:33:24	1,09	2,92	31,96	27,63	1450,34
746	29.08.2025 09:33:25	1,13	2,87	32,08	27,75	1450,66
747	29.08.2025 09:33:26	1,21	2,82	32,09	27,82	1451,02
748	29.08.2025 09:33:27	1,29	2,75	32,07	27,87	1451,34
749	29.08.2025 09:33:28	1,37	2,71	32,05	27,92	1451,66
750	29.08.2025 09:33:29	1,40	2,66	32,04	27,94	1451,81
751	29.08.2025 09:33:30	1,48	2,61	31,93	27,91	1452,01
752	29.08.2025 09:33:31	1,52	2,54	32,08	28,06	1452,36
753	29.08.2025 09:33:32	1,56	2,51	32,22	28,21	1452,73
754	29.08.2025 09:33:33	1,64	2,44	32,33	28,36	1453,20
755	29.08.2025 09:33:34	1,76	2,39	32,30	28,43	1453,67
756	29.08.2025 09:33:35	1,83	2,36	32,53	28,67	1454,31
757	29.08.2025 09:33:36	1,99	2,29	32,58	28,84	1455,06
758	29.08.2025 09:33:37	2,14	2,23	32,69	29,06	1455,88
759	29.08.2025 09:33:38	2,30	2,17	32,81	29,28	1456,69
760	29.08.2025 09:33:39	2,45	2,11	33,04	29,60	1457,66
761	29.08.2025 09:33:40	2,68	2,05	33,20	29,92	1458,85
762	29.08.2025 09:33:41	2,91	1,98	33,16	30,09	1459,78
763	29.08.2025 09:33:42	3,10	1,92	33,33	30,38	1460,79
764	29.08.2025 09:33:43	3,32	1,88	33,33	30,57	1461,75
765	29.08.2025 09:33:44	3,55	1,83	33,33	30,77	1462,70
766	29.08.2025 09:33:45	3,77	1,81	33,19	30,84	1463,46
767	29.08.2025 09:33:46	3,95	1,77	33,41	31,18	1464,52
768	29.08.2025 09:33:47	4,14	1,76	33,91	31,77	1465,94
769	29.08.2025 09:33:48	4,43	1,73	34,22	32,28	1467,55
770	29.08.2025 09:33:49	4,76	1,65	34,13	32,50	1468,78
771	29.08.2025 09:33:50	5,05	1,58	33,98	32,62	1469,76
772	29.08.2025 09:33:51	5,34	1,54	33,91	32,82	1470,84
773	29.08.2025 09:33:52	5,59	1,51	34,24	33,33	1472,28
774	29.08.2025 09:33:53	5,87	1,48	34,07	33,43	1473,19
775	29.08.2025 09:33:54	6,19	1,44	34,05	33,70	1474,43
776	29.08.2025 09:33:55	6,51	1,45	34,39	34,29	1476,12
777	29.08.2025 09:33:56	6,89	1,41	34,33	34,59	1477,55
778	29.08.2025 09:33:57	7,24	1,36	34,18	34,76	1478,69
779	29.08.2025 09:33:58	7,51	1,31	34,05	34,89	1479,58
780	29.08.2025 09:33:59	7,82	1,31	34,35	35,45	1481,14
781	29.08.2025 09:34:00	8,13	1,30	34,64	36,00	1482,66
782	29.08.2025 09:34:01	8,50	1,25	34,59	36,29	1483,99
783	29.08.2025 09:34:02	8,84	1,24	34,37	36,40	1484,97
784	29.08.2025 09:34:03	9,14	1,21	34,21	36,53	1485,89
785	29.08.2025 09:34:04	9,41	1,19	34,29	36,85	1486,96
786	29.08.2025 09:34:05	9,70	1,19	34,29	37,12	1488,05
787	29.08.2025 09:34:06	10,00	1,16	34,12	37,23	1488,90
788	29.08.2025 09:34:07	10,30	1,13	33,97	37,36	1489,78
789	29.08.2025 09:34:08	10,59	1,11	33,75	37,42	1490,56
790	29.08.2025 09:34:09	10,82	1,08	33,57	37,44	1491,14
791	29.08.2025 09:34:10	11,05	1,04	33,37	37,45	1491,69
792	29.08.2025 09:34:11	11,21	1,03	33,21	37,43	1492,05
793	29.08.2025 09:34:12	11,37	1,01	33,07	37,44	1492,44
794	29.08.2025 09:34:13	11,53	0,98	32,93	37,44	1492,83
795	29.08.2025 09:34:14	11,66	0,96	32,79	37,42	1493,11
796	29.08.2025 09:34:15	11,75	0,95	32,71	37,42	1493,34
797	29.08.2025 09:34:16	11,88	0,95	32,60	37,42	1493,65
798	29.08.2025 09:34:17	11,98	0,93	32,52	37,43	1493,88
799	29.08.2025 09:34:18	12,11	0,92	32,44	37,45	1494,21
800	29.08.2025 09:34:19	12,20	0,89	32,33	37,43	1494,41
801	29.08.2025 09:34:20	12,30	0,88	32,28	37,46	1494,67
802	29.08.2025 09:34:21	12,39	0,87	32,20	37,46	1494,89
803	29.08.2025 09:34:22	12,52	0,84	32,09	37,47	1495,20
804	29.08.2025 09:34:23	12,61	0,85	32,04	37,49	1495,45
805	29.08.2025 09:34:24	12,71	0,82	31,96	37,50	1495,68
806	29.08.2025 09:34:25	12,77	0,80	31,91	37,50	1495,82
807	29.08.2025 09:34:26	12,83	0,77	31,85	37,50	1495,97
808	29.08.2025 09:34:27	12,93	0,80	31,78	37,50	1496,20
809	29.08.2025 09:34:28	13,02	0,78	31,70	37,50	1496,43
810	29.08.2025 09:34:29	13,09	0,79	31,65	37,51	1496,58
811	29.08.2025 09:34:30	13,15	0,78	31,60	37,51	1496,72
812	29.08.2025 09:34:31	13,24	0,78	31,52	37,51	1496,95
813	29.08.2025 09:34:32	13,31	0,77	31,47	37,51	1497,10
814	29.08.2025 09:34:33	13,37	0,74	31,42	37,51	1497,24
815	29.08.2025 09:34:34	13,46	0,73	31,35	37,52	1497,46
816	29.08.2025 09:34:35	13,53	0,71	31,30	37,52	1497,61
817	29.08.2025 09:34:36	13,62	0,70	31,25	37,55	1497,86
818	29.08.2025 09:34:37	13,68	0,69	31,20	37,55	1498,00
819	29.08.2025 09:34:38	13,77	0,66	31,15	37,58	1498,25
820	29.08.2025 09:34:39	13,84	0,65	31,14	37,63	1498,44
821	29.08.2025 09:34:40	13,90	0,63	31,10	37,63	1498,59
822	29.08.2025 09:34:41	13,99	0,62	31,02	37,63	1498,81
823	29.08.2025 09:34:42	14,06	0,61	31,02	37,68	1499,01
824	29.08.2025 09:34:43	14,12	0,58	30,99	37,71	1499,17
825	29.08.2025 09:34:44	14,18	0,58	30,95	37,71	1499,32
826	29.08.2025 09:34:45	14,24	0,55	30,92	37,74	1499,49
827	29.08.2025 09:34:46	14,30	0,55	30,89	37,76	1499,66
828	29.08.2025 09:34:47	14,37	0,52	30,85	37,76	1499,80
829	29.08.2025 09:34:48	14,43	0,53	30,87	37,84	1500,02
830	29.08.2025 09:34:49	14,52	0,50	30,77	37,82	1500,21
831	29.08.2025 09:34:50	14,55	0,48	30,77	37,84	1500,31
832	29.08.2025 09:34:51	14,61	0,46	30,77	37,89	1500,50
833	29.08.2025 09:34:52	14,67	0,44	30,72	37,90	1500,64
834	29.08.2025 09:34:53	14,74	0,43	30,67	37,90	1500,78
835	29.08.2025 09:34:54	14,77	0,39	30,65	37,90	1500,85
836	29.08.2025 09:34:55	14,83	0,39	30,58	37,88	1500,96
837	29.08.2025 09:34:56	14,86	0,37	30,58	37,90	1501,06
838	29.08.2025 09:34:57	14,92	0,39	30,53	37,90	1501,20
839	29.08.2025 09:34:58	14,95	0,34	30,49	37,88	1501,24
840	29.08.2025 09:34:59	14,98	0,32	30,47	37,88	1501,31
841	29.08.2025 09:35:00	15,01	0,30	30,44	37,88	1501,38
842	29.08.2025 09:35:01	15,04	0,28	30,42	37,88	1501,45
843	29.08.2025 09:35:02	15,07	0,26	30,40	37,88	1501,51
844	29.08.2025 09:35:03	15,11	0,25	30,37	37,88	1501,58
845	29.08.2025 09:35:04	15,14	0,23	30,35	37,89	1501,65
846	29.08.2025 09:35:05	15,17	0,23	30,33	37,89	1501,72
847	29.08.2025 09:35:06	15,23	0,21	30,28	37,89	1501,86
848	29.08.2025 09:35:07	15,23	0,17	30,28	37,89	1501,85
849	29.08.2025 09:35:08	15,26	0,16	30,26	37,89	1501,92
850	29.08.2025 09:35:09	15,29	0,14	30,24	37,89	1501,99
851	29.08.2025 09:35:10	15,32	0,12	30,19	37,87	1502,03
852	29.08.2025 09:35:11	15,35	0,10	30,17	37,87	1502,10
853	29.08.2025 09:35:12	15,38	0,08	30,17	37,89	1502,19
854	29.08.2025 09:35:13	15,38	0,08	30,17	37,89	1502,19
855	29.08.2025 09:35:14	15,41	0,08	30,17	37,92	1502,29
856	29.08.2025 09:35:15	15,44	0,06	30,15	37,92	1502,36
857	29.08.2025 09:35:16	15,47	0,01	30,10	37,90	1502,39
858	29.08.2025 09:35:17	15,50	0,01	30,10	37,92	1502,49
859	29.08.2025 09:35:18	15,53	-0,03	30,06	37,90	1502,53
860	29.08.2025 09:35:19	15,53	-0,06	30,06	37,90	1502,52
861	29.08.2025 09:35:20	15,56	-0,06	30,03	37,90	1502,59
862	29.08.2025 09:35:21	15,60	-0,08	30,03	37,92	1502,68
863	29.08.2025 09:35:22	15,63	-0,12	30,01	37,93	1502,75
864	29.08.2025 09:35:23	15,63	-0,15	30,01	37,93	1502,74
865	29.08.2025 09:35:24	15,66	-0,12	29,97	37,90	1502,79
866	29.08.2025 09:35:25	15,66	-0,12	29,97	37,90	1502,79
867	29.08.2025 09:35:26	15,69	-0,13	29,94	37,90	1502,86
868	29.08.2025 09:35:27	15,72	-0,13	29,92	37,90	1502,93
869	29.08.2025 09:35:28	15,72	-0,15	29,92	37,90	1502,93
870	29.08.2025 09:35:29	15,72	-0,13	29,92	37,90	1502,93
871	29.08.2025 09:35:30	15,75	-0,15	29,90	37,90	1503,00
872	29.08.2025 09:35:31	15,75	-0,15	29,90	37,90	1503,00
873	29.08.2025 09:35:32	15,78	-0,13	29,88	37,91	1503,07
874	29.08.2025 09:35:33	15,78	-0,13	29,88	37,91	1503,07
875	29.08.2025 09:35:34	15,78	-0,15	29,88	37,91	1503,07
876	29.08.2025 09:35:35	15,81	-0,13	29,86	37,91	1503,14
877	29.08.2025 09:35:36	15,81	-0,13	29,86	37,91	1503,14
878	29.08.2025 09:35:37	15,84	-0,13	29,83	37,91	1503,21
879	29.08.2025 09:35:38	15,84	-0,13	29,83	37,91	1503,21
880	29.08.2025 09:35:39	15,87	-0,15	29,81	37,91	1503,28
881	29.08.2025 09:35:40	15,87	-0,13	29,81	37,91	1503,28
882	29.08.2025 09:35:41	15,87	-0,15	29,81	37,91	1503,28
883	29.08.2025 09:35:42	15,90	-0,13	29,79	37,91	1503,35
884	29.08.2025 09:35:43	15,90	-0,13	29,79	37,91	1503,35
885	29.08.2025 09:35:44	15,90	-0,13	29,79	37,91	1503,35
886	29.08.2025 09:35:45	15,93	-0,13	29,77	37,91	1503,42
887	29.08.2025 09:35:46	15,93	-0,13	29,77	37,91	1503,42
888	29.08.2025 09:35:47	15,93	-0,13	29,77	37,91	1503,42
889	29.08.2025 09:35:48	15,96	-0,13	29,75	37,91	1503,49
890	29.08.2025 09:35:49	15,96	-0,12	29,75	37,91	1503,49
891	29.08.2025 09:35:50	15,96	-0,13	29,75	37,91	1503,49
892	29.08.2025 09:35:51	15,99	-0,13	29,72	37,91	1503,56
893	29.08.2025 09:35:52	15,99	-0,13	29,72	37,91	1503,56
894	29.08.2025 09:35:53	15,99	-0,12	29,72	37,91	1503,56
895	29.08.2025 09:35:54	15,99	-0,13	29,72	37,91	1503,56
896	29.08.2025 09:35:55	16,02	-0,13	29,70	37,91	1503,63
897	29.08.2025 09:35:56	16,02	-0,13	29,70	37,91	1503,63
898	29.08.2025 09:35:57	16,02	-0,13	29,70	37,91	1503,63
899	29.08.2025 09:35:58	16,02	-0,13	29,70	37,91	1503,63
900	29.08.2025 09:35:59	16,05	-0,13	29,68	37,91	1503,70
901	29.08.2025 09:36:00	16,05	-0,13	29,68	37,91	1503,70
902	29.08.2025 09:36:01	16,05	-0,13	29,68	37,91	1503,70
903	29.08.2025 09:36:02	16,05	-0,13	29,68	37,91	1503,70
904	29.08.2025 09:36:03	16,05	-0,13	29,68	37,91	1503,70
905	29.08.2025 09:36:04	16,05	-0,13	29,68	37,91	1503,70
906	29.08.2025 09:36:05	16,08	-0,12	29,66	37,91	1503,77
907	29.08.2025 09:36:06	16,08	-0,13	29,66	37,91	1503,76
908	29.08.2025 09:36:07	16,08	-0,13	29,66	37,91	1503,76
909	29.08.2025 09:36:08	16,08	-0,13	29,66	37,91	1503,76
910	29.08.2025 09:36:09	16,08	-0,13	29,66	37,91	1503,76
911	29.08.2025 09:36:10	16,11	-0,12	29,64	37,92	1503,84
912	29.08.2025 09:36:11	16,11	-0,13	29,64	37,92	1503,83
913	29.08.2025 09:36:12	16,11	-0,15	29,64	37,92	1503,83
914	29.08.2025 09:36:13	16,11	-0,13	29,64	37,92	1503,83
915	29.08.2025 09:36:14	16,11	-0,12	29,64	37,92	1503,84
916	29.08.2025 09:36:15	16,11	-0,13	29,64	37,92	1503,83
917	29.08.2025 09:36:16	16,11	-0,15	29,64	37,92	1503,83
918	29.08.2025 09:36:17	16,11	-0,15	29,64	37,92	1503,83
919	29.08.2025 09:36:18	16,11	-0,13	29,64	37,92	1503,83
920	29.08.2025 09:36:19	16,14	-0,12	29,61	37,92	1503,91
921	29.08.2025 09:36:20	16,14	-0,12	29,61	37,92	1503,91
922	29.08.2025 09:36:21	16,14	-0,13	29,61	37,92	1503,90
923	29.08.2025 09:36:22	16,14	-0,12	29,61	37,92	1503,91
924	29.08.2025 09:36:23	16,14	-0,12	29,59	37,89	1503,88
925	29.08.2025 09:36:24	16,14	-0,13	29,61	37,92	1503,90
926	29.08.2025 09:36:25	16,14	-0,13	29,61	37,92	1503,90
927	29.08.2025 09:36:26	16,14	-0,13	29,61	37,92	1503,90
928	29.08.2025 09:36:27	16,14	-0,12	29,61	37,92	1503,91
929	29.08.2025 09:36:28	16,14	-0,12	29,61	37,92	1503,91
930	29.08.2025 09:36:29	16,14	-0,12	29,61	37,92	1503,91
931	29.08.2025 09:36:30	16,17	-0,12	29,57	37,89	1503,95
932	29.08.2025 09:36:31	16,17	-0,12	29,59	37,92	1503,98
933	29.08.2025 09:36:32	16,17	-0,12	29,59	37,92	1503,98
934	29.08.2025 09:36:33	16,17	-0,12	29,59	37,92	1503,98
935	29.08.2025 09:36:34	16,17	-0,13	28,78	36,98	1503,02
936	29.08.2025 09:36:35	16,17	-0,13	20,70	27,44	1493,53
937	29.08.2025 09:36:36	16,17	-0,13	20,87	27,64	1493,73
938	29.08.2025 09:36:37	16,20	-0,12	22,21	29,28	1495,41
939	29.08.2025 09:36:38	16,20	-0,13	22,21	29,28	1495,40
940	29.08.2025 09:36:39	16,20	-0,13	13,02	17,97	1484,61
941	29.08.2025 09:36:40	16,20	-0,15	22,21	29,28	1495,40
942	29.08.2025 09:36:41	16,23	-0,13	22,26	29,35	1495,55
943	29.08.2025 09:36:42	16,23	-0,13	22,16	29,23	1495,43
944	29.08.2025 09:36:43	16,23	-0,15	13,01	17,97	1484,70
945	29.08.2025 09:36:44	16,23	-0,15	10,57	14,84	1481,83
946	29.08.2025 09:36:45	16,23	-0,15	12,97	17,92	1484,65
947	29.08.2025 09:36:46	16,27	-0,13	13,61	18,74	1485,50
948	29.08.2025 09:36:47	16,27	-0,13	7,25	10,48	1478,04
949	29.08.2025 09:36:48	16,27	-0,13	7,31	10,56	1478,11
950	29.08.2025 09:36:49	16,27	-0,15	7,29	10,53	1478,09
951	29.08.2025 09:36:50	16,27	-0,13	7,37	10,64	1478,18
952	29.08.2025 09:36:51	16,27	-0,15	7,27	10,51	1478,06
953	29.08.2025 09:36:52	16,27	-0,15	7,39	10,67	1478,20
954	29.08.2025 09:36:53	16,27	-0,15	7,21	10,43	1478,00
955	29.08.2025 09:36:54	16,27	-0,15	5,71	8,39	1476,23
956	29.08.2025 09:36:55	16,27	-0,13	7,31	10,56	1478,11
957	29.08.2025 09:36:56	16,27	-0,13	0,72	1,19	1470,38
958	29.08.2025 09:36:57	16,27	-0,13	0,31	0,53	1469,90
959	29.08.2025 09:36:58	16,27	-0,15	0,27	0,45	1469,84
960	29.08.2025 09:36:59	16,27	-0,15	0,23	0,40	1469,81
961	29.08.2025 09:37:00	16,27	-0,13	0,22	0,37	1469,79
962	29.08.2025 09:37:01	16,27	-0,13	0,22	0,37	1469,79
963	29.08.2025 09:37:02	16,27	-0,13	0,20	0,35	1469,77
964	29.08.2025 09:37:03	16,23	-0,13	0,20	0,35	1469,67
965	29.08.2025 09:37:04	16,23	-0,13	0,19	0,32	1469,65
966	29.08.2025 09:37:05	16,23	-0,15	0,19	0,32	1469,65
967	29.08.2025 09:37:06	16,23	-0,15	0,19	0,32	1469,65
968	29.08.2025 09:37:07	16,23	-0,13	0,20	0,35	1469,67
969	29.08.2025 09:37:08	16,23	-0,13	0,82	1,35	1470,39
970	29.08.2025 09:37:09	16,23	-0,13	1,02	1,66	1470,63
971	29.08.2025 09:37:10	16,23	-0,15	1,09	1,76	1470,71
972	29.08.2025 09:37:11	16,23	-0,13	1,16	1,87	1470,79
973	29.08.2025 09:37:12	16,23	-0,12	1,07	1,74	1470,69
974	29.08.2025 09:37:13	16,23	-0,13	1,43	2,29	1471,11
975	29.08.2025 09:37:14	16,23	-0,15	1,47	2,34	1471,15
976	29.08.2025 09:37:15	16,23	-0,12	1,28	2,05	1470,93
977	29.08.2025 09:37:16	16,23	-0,13	1,55	2,47	1471,25
978	29.08.2025 09:37:17	16,23	-0,13	0,42	0,72	1469,93
979	29.08.2025 09:37:18	16,23	-0,13	1,31	2,10	1470,97
980	29.08.2025 09:37:19	16,23	-0,15	1,41	2,26	1471,09
981	29.08.2025 09:37:20	16,23	-0,13	0,44	0,74	1469,95
982	29.08.2025 09:37:21	16,23	-0,12	0,30	0,51	1469,78
983	29.08.2025 09:37:22	16,23	-0,12	0,28	0,48	1469,77
984	29.08.2025 09:37:23	16,23	-0,13	0,64	1,06	1470,18
985	29.08.2025 09:37:24	16,23	-0,13	0,65	1,08	1470,20
986	29.08.2025 09:37:25	16,20	-0,13	0,65	1,08	1470,10
987	29.08.2025 09:37:26	16,20	-0,13	0,67	1,11	1470,12
988	29.08.2025 09:37:27	16,20	-0,13	0,67	1,11	1470,12
989	29.08.2025 09:37:28	16,20	-0,12	0,64	1,06	1470,08
990	29.08.2025 09:37:29	16,20	-0,12	0,65	1,08	1470,10
991	29.08.2025 09:37:30	16,20	-0,12	0,65	1,08	1470,10
992	29.08.2025 09:37:31	16,20	-0,13	0,69	1,14	1470,14
993	29.08.2025 09:37:32	16,20	-0,13	0,67	1,11	1470,12
994	29.08.2025 09:37:33	16,20	-0,13	0,64	1,06	1470,08
995	29.08.2025 09:37:34	16,20	-0,12	0,65	1,08	1470,10
996	29.08.2025 09:37:35	16,20	-0,13	0,65	1,08	1470,10
997	29.08.2025 09:37:36	16,20	-0,15	0,65	1,08	1470,09
998	29.08.2025 09:37:37	16,20	-0,13	0,67	1,11	1470,12
999	29.08.2025 09:37:38	16,20	-0,12	0,67	1,11	1470,12
1000	29.08.2025 09:37:39	16,20	-0,12	0,65	1,08	1470,10
1001	29.08.2025 09:37:40	16,20	-0,13	0,65	1,08	1470,10
1002	29.08.2025 09:37:41	16,20	-0,13	0,64	1,06	1470,08
1003	29.08.2025 09:37:42	16,20	-0,13	0,61	1,00	1470,04
1004	29.08.2025 09:37:43	16,17	-0,13	0,66	1,08	1469,99
1005	29.08.2025 09:37:44	16,17	-0,13	0,56	0,93	1469,88
1006	29.08.2025 09:37:45	16,17	-0,13	0,69	1,14	1470,03
1007	29.08.2025 09:37:46	16,17	-0,12	0,67	1,11	1470,02
1008	29.08.2025 09:37:47	16,20	-0,13	0,69	1,14	1470,14
1009	29.08.2025 09:37:48	16,17	-0,13	0,52	0,87	1469,84
1010	29.08.2025 09:37:49	16,17	-0,13	0,64	1,06	1469,97
1011	29.08.2025 09:37:50	16,17	-0,13	0,71	1,16	1470,05
1012	29.08.2025 09:37:51	16,17	-0,13	0,69	1,14	1470,03
1013	29.08.2025 09:37:52	16,17	-0,13	0,67	1,11	1470,01
1014	29.08.2025 09:37:53	16,17	-0,13	0,69	1,14	1470,03
1015	29.08.2025 09:37:54	16,17	-0,12	0,66	1,08	1470,00
1016	29.08.2025 09:37:55	16,17	-0,13	0,67	1,11	1470,01
1017	29.08.2025 09:37:56	16,17	-0,13	0,66	1,08	1469,99
1018	29.08.2025 09:37:57	16,17	-0,13	0,67	1,11	1470,01
1019	29.08.2025 09:37:58	16,17	-0,13	0,69	1,14	1470,03
1020	29.08.2025 09:37:59	16,17	-0,13	0,67	1,11	1470,01
1021	29.08.2025 09:38:00	16,17	-0,15	0,69	1,14	1470,03
1022	29.08.2025 09:38:01	16,17	-0,12	0,66	1,08	1470,00
1023	29.08.2025 09:38:02	16,17	-0,12	0,67	1,11	1470,02
1024	29.08.2025 09:38:03	16,17	-0,12	0,27	0,45	1469,54
1025	29.08.2025 09:38:04	16,17	-0,13	0,64	1,06	1469,97
1026	29.08.2025 09:38:05	16,17	-0,12	0,66	1,08	1470,00
1027	29.08.2025 09:38:06	16,17	-0,12	0,66	1,08	1470,00
1028	29.08.2025 09:38:07	16,17	-0,12	0,66	1,08	1470,00
1029	29.08.2025 09:38:08	16,17	-0,13	0,66	1,08	1469,99
1030	29.08.2025 09:38:09	16,17	-0,13	0,62	1,03	1469,96
1031	29.08.2025 09:38:10	16,17	-0,13	0,62	1,03	1469,96
1032	29.08.2025 09:38:11	16,17	-0,12	0,66	1,08	1470,00
1033	29.08.2025 09:38:12	16,17	-0,12	0,66	1,08	1470,00
1034	29.08.2025 09:38:13	16,17	-0,13	0,62	1,03	1469,96
1035	29.08.2025 09:38:14	16,17	-0,12	0,61	1,00	1469,94
1036	29.08.2025 09:38:15	16,17	-0,12	0,66	1,08	1470,00
1037	29.08.2025 09:38:16	16,17	-0,12	0,66	1,08	1470,00
1038	29.08.2025 09:38:17	16,17	-0,12	0,59	0,98	1469,92
1039	29.08.2025 09:38:18	16,17	-0,12	0,59	0,98	1469,92
1040	29.08.2025 09:38:19	16,17	-0,12	0,66	1,08	1470,00
1041	29.08.2025 09:38:20	16,17	-0,12	0,64	1,06	1469,98
1042	29.08.2025 09:38:21	16,17	-0,13	0,61	1,00	1469,94
1043	29.08.2025 09:38:22	16,17	-0,12	0,61	1,00	1469,94
1044	29.08.2025 09:38:23	16,17	-0,12	0,66	1,08	1470,00
1045	29.08.2025 09:38:24	16,17	-0,12	0,64	1,06	1469,98
1046	29.08.2025 09:38:25	16,17	-0,12	0,59	0,98	1469,92
1047	29.08.2025 09:38:26	16,17	-0,13	0,62	1,03	1469,96
1048	29.08.2025 09:38:27	16,17	-0,13	0,66	1,08	1469,99
1049	29.08.2025 09:38:28	16,17	-0,12	0,62	1,03	1469,96
1050	29.08.2025 09:38:29	16,17	-0,12	0,59	0,98	1469,92
1051	29.08.2025 09:38:30	16,17	-0,12	0,61	1,00	1469,94
1052	29.08.2025 09:38:31	16,17	-0,12	0,61	1,00	1469,94
1053	29.08.2025 09:38:32	16,17	-0,13	0,61	1,00	1469,94
1054	29.08.2025 09:38:33	16,17	-0,12	0,64	1,06	1469,98
1055	29.08.2025 09:38:34	16,17	-0,13	0,62	1,03	1469,96
1056	29.08.2025 09:38:35	16,17	-0,13	0,64	1,06	1469,97
1057	29.08.2025 09:38:36	16,17	-0,12	0,64	1,06	1469,98
1058	29.08.2025 09:38:37	16,17	-0,13	0,66	1,08	1469,99
1059	29.08.2025 09:38:38	16,17	-0,12	0,62	1,03	1469,96
1060	29.08.2025 09:38:39	16,17	-0,13	0,62	1,03	1469,96
1061	29.08.2025 09:38:40	16,17	-0,13	0,61	1,00	1469,94
1062	29.08.2025 09:38:41	16,17	-0,12	0,61	1,00	1469,94
1063	29.08.2025 09:38:42	16,17	-0,12	0,64	1,06	1469,98
1064	29.08.2025 09:38:43	16,17	-0,12	0,64	1,06	1469,98
1065	29.08.2025 09:38:44	16,17	-0,13	0,64	1,06	1469,97
1066	29.08.2025 09:38:45	16,17	-0,12	0,64	1,06	1469,98
1067	29.08.2025 09:38:46	16,17	-0,12	0,66	1,08	1470,00
1068	29.08.2025 09:38:47	16,17	-0,13	0,67	1,11	1470,01
1069	29.08.2025 09:38:48	16,17	-0,12	0,67	1,11	1470,02
1070	29.08.2025 09:38:49	16,17	-0,12	0,69	1,14	1470,04
1071	29.08.2025 09:38:50	16,17	-0,12	0,67	1,11	1470,02
1072	29.08.2025 09:38:51	16,17	-0,12	0,66	1,08	1470,00
1073	29.08.2025 09:38:52	16,17	-0,12	0,66	1,08	1470,00
1074	29.08.2025 09:38:53	16,17	-0,12	0,67	1,11	1470,02
1075	29.08.2025 09:38:54	16,17	-0,12	0,67	1,11	1470,02
1076	29.08.2025 09:38:55	16,17	-0,10	0,69	1,14	1470,04
1077	29.08.2025 09:38:56	16,17	-0,12	0,69	1,14	1470,04
1078	29.08.2025 09:38:57	16,17	-0,12	0,69	1,14	1470,04
1079	29.08.2025 09:38:58	16,17	-0,12	0,67	1,11	1470,02
1080	29.08.2025 09:38:59	16,17	-0,12	0,67	1,11	1470,02
1081	29.08.2025 09:39:00	16,17	-0,12	0,67	1,11	1470,02
1082	29.08.2025 09:39:01	16,17	-0,12	0,67	1,11	1470,02
1083	29.08.2025 09:39:02	16,17	-0,12	0,69	1,14	1470,04
1084	29.08.2025 09:39:03	16,17	-0,12	0,69	1,14	1470,04
1085	29.08.2025 09:39:04	16,17	-0,12	0,69	1,14	1470,04
1086	29.08.2025 09:39:05	16,17	-0,13	0,69	1,14	1470,03
1087	29.08.2025 09:39:06	16,17	-0,12	0,67	1,11	1470,02
1088	29.08.2025 09:39:07	16,17	-0,12	0,67	1,11	1470,02
1089	29.08.2025 09:39:08	16,17	-0,12	0,67	1,11	1470,02
1090	29.08.2025 09:39:09	16,17	-0,12	0,69	1,14	1470,04
1091	29.08.2025 09:39:10	16,17	-0,12	0,69	1,14	1470,04
1092	29.08.2025 09:39:11	16,17	-0,12	0,69	1,14	1470,04
1093	29.08.2025 09:39:12	16,17	-0,12	0,67	1,11	1470,02
1094	29.08.2025 09:39:13	16,17	-0,12	0,69	1,14	1470,04
1095	29.08.2025 09:39:14	16,17	-0,12	0,67	1,11	1470,02
1096	29.08.2025 09:39:15	16,17	-0,12	0,69	1,14	1470,04
1097	29.08.2025 09:39:16	16,17	-0,12	0,69	1,14	1470,04
1098	29.08.2025 09:39:17	16,17	-0,12	0,69	1,14	1470,04
1099	29.08.2025 09:39:18	16,17	-0,12	0,69	1,14	1470,04
1100	29.08.2025 09:39:19	16,17	-0,12	0,69	1,14	1470,04
1101	29.08.2025 09:39:20	16,17	-0,12	0,69	1,14	1470,04
1102	29.08.2025 09:39:21	16,17	-0,12	0,69	1,14	1470,04
1103	29.08.2025 09:39:22	16,20	-0,12	0,69	1,14	1470,14
1104	29.08.2025 09:39:23	16,17	-0,13	0,69	1,14	1470,03
1105	29.08.2025 09:39:24	16,20	-0,13	0,67	1,11	1470,12
1106	29.08.2025 09:39:25	16,20	-0,12	0,69	1,14	1470,14
1107	29.08.2025 09:39:26	16,20	-0,12	0,69	1,14	1470,14
1108	29.08.2025 09:39:27	16,20	-0,12	0,69	1,14	1470,14
1109	29.08.2025 09:39:28	16,20	-0,12	0,69	1,14	1470,14
1110	29.08.2025 09:39:29	16,20	-0,13	0,67	1,11	1470,12
1111	29.08.2025 09:39:30	16,20	-0,12	0,67	1,11	1470,12
1112	29.08.2025 09:39:31	16,20	-0,12	0,69	1,14	1470,14
1113	29.08.2025 09:39:32	16,20	-0,12	0,69	1,14	1470,14
1114	29.08.2025 09:39:33	16,20	-0,12	0,69	1,14	1470,14
1115	29.08.2025 09:39:34	16,20	-0,12	0,69	1,14	1470,14
1116	29.08.2025 09:39:35	16,20	-0,12	0,69	1,14	1470,14
1117	29.08.2025 09:39:36	16,20	-0,13	0,67	1,11	1470,12
1118	29.08.2025 09:39:37	16,20	-0,12	0,57	0,95	1470,00
1119	29.08.2025 09:39:38	16,20	-0,13	0,64	1,06	1470,08
1120	29.08.2025 09:39:39	16,20	-0,13	0,31	0,53	1469,70
1121	29.08.2025 09:39:40	16,20	-0,13	0,64	1,06	1470,08
1122	29.08.2025 09:39:41	16,20	-0,13	0,44	0,74	1469,85
1123	29.08.2025 09:39:42	16,20	-0,12	0,28	0,48	1469,66
1124	29.08.2025 09:39:43	16,20	-0,13	0,43	0,72	1469,83
1125	29.08.2025 09:39:44	16,20	-0,12	0,36	0,61	1469,76
1126	29.08.2025 09:39:45	16,23	-0,12	0,38	0,64	1469,88
1127	29.08.2025 09:39:46	16,23	-0,12	0,25	0,43	1469,73
1128	29.08.2025 09:39:47	16,23	-0,13	0,33	0,56	1469,82
1129	29.08.2025 09:39:48	16,23	-0,13	0,54	0,90	1470,06
1130	29.08.2025 09:39:49	16,27	-0,13	0,33	0,56	1469,92
1131	29.08.2025 09:39:50	16,30	-0,08	0,26	0,45	1469,96
1132	29.08.2025 09:39:51	16,39	-0,12	0,38	0,64	1470,39
1133	29.08.2025 09:39:52	16,57	-0,17	0,31	0,53	1470,92
1134	29.08.2025 09:39:53	16,69	-0,22	0,31	0,53	1471,32
1135	29.08.2025 09:39:54	16,93	-0,37	0,69	1,16	1472,56
1136	29.08.2025 09:39:55	17,44	-0,31	0,59	1,00	1474,15
