#B	Created:	03.09.2025 10:16:20
##	Version	SeaStar	9.59
#5	Field separation:	0
#2	Date & Time:	1
#6	Decimal point:	,
#7	Date def.:	dd.mm.yyyy	.
#8	Time def.:	:
##	Axis	0	Temperature(°C)	clRed	FALSE
##	Axis	1	Pressure(Bar)	clBlue	FALSE
##	Axis	2	Salinity(psu)	clGreen	FALSE
##	Axis	3	Conductivity(mS/cm)	$00FF80FF	FALSE
##	Axis	4	Sound Velocity(m/sec)	$00404080	FALSE
##	Series	0	Temp(°C)	clRed	0	Temp(°C)	2
##	Series	1	Press(Bar)	clBlue	1	Press(Bar)	2
##	Series	2	Salinity(psu)	clGreen	2	Salinity(psu)	2
##	Series	3	Conduct(mS/cm)	$00FF80FF	3	Conduct(mS/cm)	2
##	Series	4	Sound Velocity(m/sec)	$00404080	4	Velocity(m/sec)	2
##	Recorder	24	DST CTD	13525
##	Chart	24S13525DAT	
#D	Data:	1546	03.09.2025 09:50:00	03.09.2025 10:15:45
1	03.09.2025 09:50:00	23,71	-0,06	0,15	0,30	1492,92
2	03.09.2025 09:50:01	23,71	-0,05	0,15	0,30	1492,92
3	03.09.2025 09:50:02	23,71	-0,06	0,15	0,30	1492,92
4	03.09.2025 09:50:03	23,71	-0,06	0,15	0,30	1492,92
5	03.09.2025 09:50:04	23,71	-0,05	0,15	0,30	1492,92
6	03.09.2025 09:50:05	23,71	-0,06	0,15	0,30	1492,92
7	03.09.2025 09:50:06	23,68	-0,06	0,14	0,27	1492,82
8	03.09.2025 09:50:07	23,68	-0,06	0,15	0,30	1492,84
9	03.09.2025 09:50:08	23,68	-0,06	0,15	0,30	1492,84
10	03.09.2025 09:50:09	23,68	-0,05	0,15	0,30	1492,84
11	03.09.2025 09:50:10	23,68	-0,06	0,15	0,30	1492,84
12	03.09.2025 09:50:11	23,68	-0,06	0,15	0,30	1492,84
13	03.09.2025 09:50:12	23,68	-0,06	0,15	0,30	1492,84
14	03.09.2025 09:50:13	23,68	-0,05	0,15	0,30	1492,84
15	03.09.2025 09:50:14	23,68	-0,06	0,15	0,30	1492,84
16	03.09.2025 09:50:15	23,68	-0,05	0,15	0,30	1492,84
17	03.09.2025 09:50:16	23,68	-0,06	0,15	0,30	1492,84
18	03.09.2025 09:50:17	23,68	-0,06	0,15	0,30	1492,84
19	03.09.2025 09:50:18	23,68	-0,06	0,14	0,27	1492,82
20	03.09.2025 09:50:19	23,65	-0,06	0,15	0,30	1492,76
21	03.09.2025 09:50:20	23,65	-0,06	0,15	0,30	1492,76
22	03.09.2025 09:50:21	23,65	-0,05	0,15	0,30	1492,76
23	03.09.2025 09:50:22	23,65	-0,05	0,14	0,27	1492,74
24	03.09.2025 09:50:23	23,65	-0,06	0,09	0,19	1492,69
25	03.09.2025 09:50:24	23,65	-0,06	0,15	0,30	1492,76
26	03.09.2025 09:50:25	23,65	-0,05	0,11	0,22	1492,71
27	03.09.2025 09:50:26	23,65	-0,05	0,08	0,16	1492,68
28	03.09.2025 09:50:27	23,65	-0,06	0,07	0,13	1492,66
29	03.09.2025 09:50:28	23,65	-0,05	0,07	0,13	1492,67
30	03.09.2025 09:50:29	23,65	-0,06	0,07	0,13	1492,66
31	03.09.2025 09:50:30	23,65	-0,05	0,09	0,19	1492,70
32	03.09.2025 09:50:31	23,65	-0,06	0,16	0,33	1492,77
33	03.09.2025 09:50:32	23,65	-0,06	0,14	0,27	1492,74
34	03.09.2025 09:50:33	23,65	-0,05	0,07	0,13	1492,67
35	03.09.2025 09:50:34	23,68	-0,06	0,05	0,10	1492,73
36	03.09.2025 09:50:35	23,68	-0,06	0,05	0,10	1492,73
37	03.09.2025 09:50:36	23,68	-0,05	25,34	38,71	1520,48
38	03.09.2025 09:50:37	23,54	-0,33	19,20	30,03	1513,32
39	03.09.2025 09:50:38	22,98	-0,22	21,30	32,62	1514,17
40	03.09.2025 09:50:39	22,46	-0,12	22,95	34,53	1514,62
41	03.09.2025 09:50:40	22,08	-0,08	23,58	35,11	1514,30
42	03.09.2025 09:50:41	21,82	-0,05	24,59	36,26	1514,72
43	03.09.2025 09:50:42	21,64	-0,03	24,90	36,54	1514,59
44	03.09.2025 09:50:43	21,47	-0,01	27,19	39,41	1516,67
45	03.09.2025 09:50:44	21,29	-0,01	27,23	39,32	1516,24
46	03.09.2025 09:50:45	21,18	0,01	27,43	39,49	1516,15
47	03.09.2025 09:50:46	21,12	0,01	27,32	39,29	1515,86
48	03.09.2025 09:50:47	21,00	-0,01	27,39	39,29	1515,62
49	03.09.2025 09:50:48	20,88	0,01	27,46	39,28	1515,38
50	03.09.2025 09:50:49	20,80	0,01	27,52	39,28	1515,20
51	03.09.2025 09:50:50	20,71	0,01	27,62	39,34	1515,07
52	03.09.2025 09:50:51	20,68	-0,01	27,57	39,25	1514,93
53	03.09.2025 09:50:52	20,59	-0,01	27,62	39,25	1514,75
54	03.09.2025 09:50:53	20,53	0,01	27,64	39,22	1514,61
55	03.09.2025 09:50:54	20,47	0,01	27,68	39,22	1514,49
56	03.09.2025 09:50:55	20,39	-0,01	27,76	39,25	1514,33
57	03.09.2025 09:50:56	20,36	-0,01	27,80	39,27	1514,29
58	03.09.2025 09:50:57	20,30	-0,01	26,91	38,09	1513,12
59	03.09.2025 09:50:58	20,18	-0,01	27,00	38,12	1512,89
60	03.09.2025 09:50:59	20,09	-0,01	27,06	38,12	1512,71
61	03.09.2025 09:51:00	20,00	-0,01	27,11	38,12	1512,52
62	03.09.2025 09:51:01	19,95	-0,01	27,15	38,11	1512,40
63	03.09.2025 09:51:02	19,86	0,01	27,20	38,11	1512,21
64	03.09.2025 09:51:03	19,83	-0,01	27,85	38,90	1512,86
65	03.09.2025 09:51:04	19,77	-0,01	27,59	38,53	1512,40
66	03.09.2025 09:51:05	19,71	-0,01	27,52	38,39	1512,15
67	03.09.2025 09:51:06	19,68	-0,01	27,32	38,11	1511,83
68	03.09.2025 09:51:07	19,65	-0,01	27,33	38,11	1511,77
69	03.09.2025 09:51:08	19,59	0,01	27,39	38,14	1511,67
70	03.09.2025 09:51:09	19,56	-0,01	28,27	39,20	1512,58
71	03.09.2025 09:51:10	19,53	-0,03	28,29	39,20	1512,51
72	03.09.2025 09:51:11	19,50	-0,01	28,31	39,20	1512,46
73	03.09.2025 09:51:12	19,47	-0,01	28,35	39,23	1512,42
74	03.09.2025 09:51:13	19,47	-0,03	28,33	39,20	1512,39
75	03.09.2025 09:51:14	19,45	-0,05	28,35	39,20	1512,33
76	03.09.2025 09:51:15	19,42	-0,03	28,37	39,20	1512,27
77	03.09.2025 09:51:16	19,39	-0,05	28,41	39,23	1512,23
78	03.09.2025 09:51:17	19,36	-0,03	28,43	39,23	1512,17
79	03.09.2025 09:51:18	19,33	-0,05	28,45	39,23	1512,10
80	03.09.2025 09:51:19	19,30	-0,03	28,47	39,23	1512,04
81	03.09.2025 09:51:20	19,30	-0,05	28,47	39,23	1512,04
82	03.09.2025 09:51:21	19,27	-0,03	28,49	39,23	1511,98
83	03.09.2025 09:51:22	19,27	-0,05	28,49	39,23	1511,98
84	03.09.2025 09:51:23	19,24	-0,03	28,51	39,23	1511,92
85	03.09.2025 09:51:24	19,21	-0,01	28,53	39,23	1511,86
86	03.09.2025 09:51:25	19,18	0,01	28,55	39,23	1511,80
87	03.09.2025 09:51:26	19,18	-0,01	28,55	39,23	1511,80
88	03.09.2025 09:51:27	19,15	0,01	28,57	39,23	1511,74
89	03.09.2025 09:51:28	19,12	-0,01	28,59	39,22	1511,67
90	03.09.2025 09:51:29	19,12	0,01	28,59	39,22	1511,67
91	03.09.2025 09:51:30	19,09	0,03	28,60	39,22	1511,61
92	03.09.2025 09:51:31	19,06	0,03	28,62	39,22	1511,55
93	03.09.2025 09:51:32	19,06	0,04	28,62	39,22	1511,55
94	03.09.2025 09:51:33	19,03	0,04	28,64	39,22	1511,49
95	03.09.2025 09:51:34	19,00	0,04	28,66	39,22	1511,43
96	03.09.2025 09:51:35	19,00	0,06	28,66	39,22	1511,43
97	03.09.2025 09:51:36	18,97	0,08	28,68	39,22	1511,37
98	03.09.2025 09:51:37	18,94	0,08	28,70	39,22	1511,31
99	03.09.2025 09:51:38	18,94	0,10	28,70	39,22	1511,31
100	03.09.2025 09:51:39	18,91	0,10	28,72	39,22	1511,25
101	03.09.2025 09:51:40	18,88	0,08	28,74	39,22	1511,18
102	03.09.2025 09:51:41	18,88	0,10	28,74	39,22	1511,19
103	03.09.2025 09:51:42	18,88	0,10	28,74	39,22	1511,19
104	03.09.2025 09:51:43	18,85	0,10	28,76	39,22	1511,12
105	03.09.2025 09:51:44	18,85	0,10	28,76	39,22	1511,12
106	03.09.2025 09:51:45	18,83	0,12	28,76	39,19	1511,04
107	03.09.2025 09:51:46	18,80	0,13	28,80	39,22	1511,00
108	03.09.2025 09:51:47	18,80	0,12	28,78	39,19	1510,97
109	03.09.2025 09:51:48	18,77	0,13	28,80	39,19	1510,91
110	03.09.2025 09:51:49	18,77	0,13	28,80	39,19	1510,91
111	03.09.2025 09:51:50	18,74	0,13	28,84	39,22	1510,88
112	03.09.2025 09:51:51	18,74	0,13	28,84	39,22	1510,88
113	03.09.2025 09:51:52	18,74	0,15	28,84	39,22	1510,88
114	03.09.2025 09:51:53	18,71	0,15	28,86	39,22	1510,82
115	03.09.2025 09:51:54	18,71	0,15	28,84	39,19	1510,79
116	03.09.2025 09:51:55	18,68	0,17	28,86	39,19	1510,73
117	03.09.2025 09:51:56	18,68	0,21	28,88	39,22	1510,76
118	03.09.2025 09:51:57	18,65	0,22	28,91	39,22	1510,70
119	03.09.2025 09:51:58	18,65	0,22	28,88	39,19	1510,67
120	03.09.2025 09:51:59	18,65	0,22	28,88	39,19	1510,67
121	03.09.2025 09:52:00	18,62	0,24	28,90	39,19	1510,61
122	03.09.2025 09:52:01	18,62	0,26	28,93	39,22	1510,64
123	03.09.2025 09:52:02	18,62	0,26	28,90	39,19	1510,62
124	03.09.2025 09:52:03	18,62	0,28	28,90	39,19	1510,62
125	03.09.2025 09:52:04	18,59	0,31	28,95	39,21	1510,59
126	03.09.2025 09:52:05	18,59	0,31	28,92	39,19	1510,56
127	03.09.2025 09:52:06	18,59	0,33	28,92	39,19	1510,56
128	03.09.2025 09:52:07	18,59	0,35	28,92	39,19	1510,57
129	03.09.2025 09:52:08	18,56	0,37	28,94	39,19	1510,51
130	03.09.2025 09:52:09	18,56	0,37	28,97	39,21	1510,53
131	03.09.2025 09:52:10	18,56	0,40	28,97	39,21	1510,54
132	03.09.2025 09:52:11	18,56	0,38	28,94	39,19	1510,51
133	03.09.2025 09:52:12	18,56	0,42	28,94	39,19	1510,51
134	03.09.2025 09:52:13	18,53	0,42	28,96	39,19	1510,45
135	03.09.2025 09:52:14	18,53	0,44	28,96	39,19	1510,45
136	03.09.2025 09:52:15	18,53	0,46	28,96	39,19	1510,46
137	03.09.2025 09:52:16	18,53	0,47	28,96	39,19	1510,46
138	03.09.2025 09:52:17	18,50	0,49	28,98	39,19	1510,40
139	03.09.2025 09:52:18	18,50	0,52	28,98	39,19	1510,40
140	03.09.2025 09:52:19	18,50	0,54	28,98	39,19	1510,41
141	03.09.2025 09:52:20	18,50	0,58	28,98	39,19	1510,41
142	03.09.2025 09:52:21	18,47	0,57	29,00	39,18	1510,35
143	03.09.2025 09:52:22	18,47	0,57	29,03	39,21	1510,37
144	03.09.2025 09:52:23	18,47	0,57	29,03	39,21	1510,37
145	03.09.2025 09:52:24	18,47	0,57	29,03	39,21	1510,37
146	03.09.2025 09:52:25	18,47	0,59	29,03	39,21	1510,38
147	03.09.2025 09:52:26	18,47	0,57	29,03	39,21	1510,37
148	03.09.2025 09:52:27	18,47	0,57	29,03	39,21	1510,37
149	03.09.2025 09:52:28	18,47	0,59	29,03	39,21	1510,38
150	03.09.2025 09:52:29	18,47	0,57	29,03	39,21	1510,37
151	03.09.2025 09:52:30	18,47	0,57	29,03	39,21	1510,37
152	03.09.2025 09:52:31	18,47	0,57	29,03	39,21	1510,37
153	03.09.2025 09:52:32	18,47	0,61	29,00	39,18	1510,35
154	03.09.2025 09:52:33	18,47	0,61	29,00	39,18	1510,35
155	03.09.2025 09:52:34	18,44	0,64	29,00	39,16	1510,27
156	03.09.2025 09:52:35	18,44	0,64	28,95	39,10	1510,22
157	03.09.2025 09:52:36	18,41	0,68	28,97	39,10	1510,16
158	03.09.2025 09:52:37	18,41	0,68	28,93	39,04	1510,10
159	03.09.2025 09:52:38	18,38	0,69	28,92	39,01	1510,02
160	03.09.2025 09:52:39	18,35	0,73	28,94	39,01	1509,96
161	03.09.2025 09:52:40	18,35	0,73	28,92	38,99	1509,93
162	03.09.2025 09:52:41	18,32	0,73	28,94	38,99	1509,87
163	03.09.2025 09:52:42	18,29	0,73	28,94	38,96	1509,78
164	03.09.2025 09:52:43	18,29	0,74	28,89	38,90	1509,73
165	03.09.2025 09:52:44	18,26	0,74	28,73	38,67	1509,45
166	03.09.2025 09:52:45	18,26	0,76	28,36	38,22	1509,02
167	03.09.2025 09:52:46	18,23	0,76	27,94	37,69	1508,45
168	03.09.2025 09:52:47	18,23	0,76	27,91	37,66	1508,42
169	03.09.2025 09:52:48	18,20	0,77	27,93	37,66	1508,36
170	03.09.2025 09:52:49	18,17	0,79	28,07	37,80	1508,43
171	03.09.2025 09:52:50	18,17	0,79	27,98	37,69	1508,32
172	03.09.2025 09:52:51	18,17	0,79	27,95	37,66	1508,30
173	03.09.2025 09:52:52	18,17	0,77	27,93	37,63	1508,27
174	03.09.2025 09:52:53	18,14	0,79	28,02	37,72	1508,28
175	03.09.2025 09:52:54	18,11	0,81	27,92	37,58	1508,09
176	03.09.2025 09:52:55	18,11	0,81	27,95	37,60	1508,11
177	03.09.2025 09:52:56	18,08	0,82	27,97	37,60	1508,05
178	03.09.2025 09:52:57	18,05	0,82	27,94	37,55	1507,93
179	03.09.2025 09:52:58	18,02	0,82	27,96	37,55	1507,87
180	03.09.2025 09:52:59	18,02	0,84	27,96	37,55	1507,87
181	03.09.2025 09:53:00	17,99	0,85	27,98	37,55	1507,81
182	03.09.2025 09:53:01	18,02	0,85	28,03	37,63	1507,95
183	03.09.2025 09:53:02	18,02	0,87	27,98	37,57	1507,90
184	03.09.2025 09:53:03	18,02	0,87	27,96	37,55	1507,87
185	03.09.2025 09:53:04	18,02	0,87	27,96	37,55	1507,87
186	03.09.2025 09:53:05	18,02	0,87	27,91	37,49	1507,82
187	03.09.2025 09:53:06	18,02	0,87	27,91	37,49	1507,82
188	03.09.2025 09:53:07	17,99	0,89	27,93	37,49	1507,76
189	03.09.2025 09:53:08	17,99	0,91	27,91	37,46	1507,73
190	03.09.2025 09:53:09	17,96	0,90	27,88	37,40	1507,61
191	03.09.2025 09:53:10	17,93	0,90	27,86	37,35	1507,49
192	03.09.2025 09:53:11	17,91	0,90	27,85	37,32	1507,40
193	03.09.2025 09:53:12	17,85	0,93	27,87	37,29	1507,25
194	03.09.2025 09:53:13	17,79	0,97	27,93	37,32	1507,15
195	03.09.2025 09:53:14	17,76	0,98	27,95	37,32	1507,08
196	03.09.2025 09:53:15	17,76	0,97	27,95	37,32	1507,08
197	03.09.2025 09:53:16	17,73	0,98	27,99	37,34	1507,04
198	03.09.2025 09:53:17	17,70	1,00	28,06	37,40	1507,03
199	03.09.2025 09:53:18	17,67	1,00	28,13	37,46	1507,02
200	03.09.2025 09:53:19	17,64	1,03	28,22	37,54	1507,04
201	03.09.2025 09:53:20	17,64	1,03	28,15	37,45	1506,96
202	03.09.2025 09:53:21	17,61	1,05	28,29	37,59	1507,03
203	03.09.2025 09:53:22	17,61	1,05	28,33	37,65	1507,09
204	03.09.2025 09:53:23	17,61	1,06	28,33	37,65	1507,09
205	03.09.2025 09:53:24	17,61	1,08	28,36	37,68	1507,12
206	03.09.2025 09:53:25	17,61	1,10	28,36	37,68	1507,12
207	03.09.2025 09:53:26	17,61	1,10	28,33	37,65	1507,09
208	03.09.2025 09:53:27	17,61	1,12	28,36	37,68	1507,12
209	03.09.2025 09:53:28	17,58	1,13	28,38	37,68	1507,06
210	03.09.2025 09:53:29	17,58	1,13	28,38	37,68	1507,06
211	03.09.2025 09:53:30	17,58	1,15	28,38	37,68	1507,06
212	03.09.2025 09:53:31	17,58	1,17	28,38	37,68	1507,07
213	03.09.2025 09:53:32	17,58	1,19	28,35	37,65	1507,04
214	03.09.2025 09:53:33	17,55	1,19	28,35	37,62	1506,95
215	03.09.2025 09:53:34	17,55	1,21	28,35	37,62	1506,95
216	03.09.2025 09:53:35	17,52	1,22	28,37	37,62	1506,89
217	03.09.2025 09:53:36	17,52	1,24	28,56	37,85	1507,11
218	03.09.2025 09:53:37	17,49	1,26	28,67	37,96	1507,15
219	03.09.2025 09:53:38	17,49	1,27	28,58	37,85	1507,05
220	03.09.2025 09:53:39	17,46	1,29	28,62	37,87	1507,01
221	03.09.2025 09:53:40	17,46	1,31	28,62	37,87	1507,01
222	03.09.2025 09:53:41	17,43	1,31	28,81	38,07	1507,14
223	03.09.2025 09:53:42	17,43	1,32	28,71	37,96	1507,03
224	03.09.2025 09:53:43	17,40	1,34	28,78	38,01	1507,02
225	03.09.2025 09:53:44	17,37	1,37	28,31	37,42	1506,39
226	03.09.2025 09:53:45	17,31	1,37	28,18	37,22	1506,06
227	03.09.2025 09:53:46	17,28	1,41	28,13	37,14	1505,91
228	03.09.2025 09:53:47	17,19	1,42	28,14	37,08	1505,66
229	03.09.2025 09:53:48	17,13	1,43	28,35	37,28	1505,72
230	03.09.2025 09:53:49	17,07	1,45	28,30	37,16	1505,48
231	03.09.2025 09:53:50	17,01	1,48	28,29	37,11	1505,29
232	03.09.2025 09:53:51	16,98	1,50	28,38	37,19	1505,31
233	03.09.2025 09:53:52	16,92	1,51	28,66	37,47	1505,45
234	03.09.2025 09:53:53	16,89	1,51	28,25	36,96	1504,88
235	03.09.2025 09:53:54	16,86	1,54	28,30	36,99	1504,85
236	03.09.2025 09:53:55	16,80	1,56	28,60	37,30	1505,02
237	03.09.2025 09:53:56	16,77	1,59	28,53	37,19	1504,85
238	03.09.2025 09:53:57	16,71	1,59	28,64	37,27	1504,80
239	03.09.2025 09:53:58	16,68	1,62	28,52	37,10	1504,56
240	03.09.2025 09:53:59	16,65	1,62	28,71	37,30	1504,69
241	03.09.2025 09:54:00	16,59	1,64	29,09	37,69	1504,95
242	03.09.2025 09:54:01	16,56	1,67	29,30	37,91	1505,12
243	03.09.2025 09:54:02	16,50	1,69	29,32	37,88	1504,95
244	03.09.2025 09:54:03	16,44	1,72	29,31	37,83	1504,77
245	03.09.2025 09:54:04	16,41	1,74	29,29	37,77	1504,64
246	03.09.2025 09:54:05	16,35	1,75	29,26	37,68	1504,43
247	03.09.2025 09:54:06	16,29	1,77	29,15	37,51	1504,12
248	03.09.2025 09:54:07	16,23	1,76	29,15	37,46	1503,93
249	03.09.2025 09:54:08	16,17	1,78	29,07	37,32	1503,65
250	03.09.2025 09:54:09	16,08	1,81	29,01	37,17	1503,30
251	03.09.2025 09:54:10	15,99	1,82	28,93	37,00	1502,92
252	03.09.2025 09:54:11	15,89	1,85	28,95	36,95	1502,66
253	03.09.2025 09:54:12	15,77	1,86	28,98	36,89	1502,33
254	03.09.2025 09:54:13	15,68	1,90	29,10	36,94	1502,18
255	03.09.2025 09:54:14	15,62	1,93	29,22	37,02	1502,13
256	03.09.2025 09:54:15	15,59	1,94	29,09	36,86	1501,89
257	03.09.2025 09:54:16	15,53	1,96	29,09	36,80	1501,69
258	03.09.2025 09:54:17	15,47	1,99	29,28	36,97	1501,73
259	03.09.2025 09:54:18	15,41	2,01	29,44	37,10	1501,74
260	03.09.2025 09:54:19	15,38	2,02	29,57	37,22	1501,79
261	03.09.2025 09:54:20	15,38	2,04	29,49	37,13	1501,70
262	03.09.2025 09:54:21	15,32	2,04	29,36	36,93	1501,35
263	03.09.2025 09:54:22	15,26	2,00	28,32	35,70	1499,92
264	03.09.2025 09:54:23	15,01	1,97	27,57	34,66	1498,25
265	03.09.2025 09:54:24	14,55	2,03	27,32	34,00	1496,45
266	03.09.2025 09:54:25	14,09	2,14	27,23	33,55	1494,85
267	03.09.2025 09:54:26	13,66	2,17	27,23	33,20	1493,40
268	03.09.2025 09:54:27	13,32	2,21	27,08	32,77	1492,08
269	03.09.2025 09:54:28	12,94	2,22	26,20	31,53	1489,75
270	03.09.2025 09:54:29	12,44	2,27	26,08	31,02	1487,88
271	03.09.2025 09:54:30	11,97	2,32	26,19	30,78	1486,36
272	03.09.2025 09:54:31	11,52	2,40	26,31	30,58	1484,95
273	03.09.2025 09:54:32	11,20	2,46	26,45	30,49	1483,99
274	03.09.2025 09:54:33	10,88	2,48	26,38	30,17	1482,75
275	03.09.2025 09:54:34	10,59	2,52	26,25	29,83	1481,55
276	03.09.2025 09:54:35	10,30	2,54	26,13	29,49	1480,34
277	03.09.2025 09:54:36	9,97	2,56	26,16	29,28	1479,19
278	03.09.2025 09:54:37	9,65	2,60	26,26	29,14	1478,09
279	03.09.2025 09:54:38	9,35	2,64	26,33	28,99	1477,08
280	03.09.2025 09:54:39	9,05	2,66	26,37	28,82	1476,02
281	03.09.2025 09:54:40	8,82	2,68	26,40	28,67	1475,17
282	03.09.2025 09:54:41	8,55	2,72	26,51	28,58	1474,30
283	03.09.2025 09:54:42	8,32	2,77	26,62	28,52	1473,55
284	03.09.2025 09:54:43	8,12	2,79	26,71	28,46	1472,89
285	03.09.2025 09:54:44	7,91	2,82	26,80	28,40	1472,22
286	03.09.2025 09:54:45	7,74	2,83	26,90	28,37	1471,69
287	03.09.2025 09:54:46	7,57	2,86	27,00	28,34	1471,15
288	03.09.2025 09:54:47	7,40	2,88	27,04	28,25	1470,54
289	03.09.2025 09:54:48	7,27	2,90	27,08	28,19	1470,06
290	03.09.2025 09:54:49	7,13	2,93	27,13	28,13	1469,58
291	03.09.2025 09:54:50	6,96	2,95	27,23	28,10	1469,03
292	03.09.2025 09:54:51	6,78	2,96	27,31	28,04	1468,44
293	03.09.2025 09:54:52	6,68	2,99	27,35	28,01	1468,09
294	03.09.2025 09:54:53	6,54	3,02	27,37	27,93	1467,57
295	03.09.2025 09:54:54	6,40	3,03	27,39	27,84	1467,03
296	03.09.2025 09:54:55	6,23	3,06	27,50	27,81	1466,47
297	03.09.2025 09:54:56	6,12	3,09	27,58	27,80	1466,15
298	03.09.2025 09:54:57	5,98	3,10	27,66	27,77	1465,69
299	03.09.2025 09:54:58	5,84	3,11	27,77	27,77	1465,26
300	03.09.2025 09:54:59	5,73	3,14	27,86	27,77	1464,95
301	03.09.2025 09:55:00	5,63	3,14	27,97	27,80	1464,66
302	03.09.2025 09:55:01	5,56	3,17	28,06	27,82	1464,49
303	03.09.2025 09:55:02	5,45	3,17	28,15	27,82	1464,16
304	03.09.2025 09:55:03	5,38	3,18	28,24	27,85	1463,99
305	03.09.2025 09:55:04	5,31	3,19	28,33	27,87	1463,81
306	03.09.2025 09:55:05	5,24	3,21	28,39	27,87	1463,60
307	03.09.2025 09:55:06	5,17	3,22	28,48	27,90	1463,42
308	03.09.2025 09:55:07	5,09	3,24	28,57	27,93	1463,25
309	03.09.2025 09:55:08	5,02	3,25	28,63	27,93	1463,03
310	03.09.2025 09:55:09	4,99	3,29	28,66	27,92	1462,93
311	03.09.2025 09:55:10	4,92	3,30	28,75	27,95	1462,75
312	03.09.2025 09:55:11	4,88	3,32	28,69	27,87	1462,52
313	03.09.2025 09:55:12	4,81	3,33	28,65	27,78	1462,17
314	03.09.2025 09:55:13	4,70	3,38	28,55	27,61	1461,60
315	03.09.2025 09:55:14	4,63	3,38	28,54	27,55	1461,29
316	03.09.2025 09:55:15	4,48	3,40	28,60	27,49	1460,77
317	03.09.2025 09:55:16	4,41	3,44	28,53	27,38	1460,38
318	03.09.2025 09:55:17	4,30	3,48	28,69	27,43	1460,13
319	03.09.2025 09:55:18	4,23	3,50	28,92	27,57	1460,11
320	03.09.2025 09:55:19	4,15	3,51	28,98	27,57	1459,89
321	03.09.2025 09:55:20	4,12	3,53	29,01	27,57	1459,78
322	03.09.2025 09:55:21	4,08	3,56	29,04	27,57	1459,67
323	03.09.2025 09:55:22	4,01	3,58	29,14	27,60	1459,49
324	03.09.2025 09:55:23	3,97	3,63	29,14	27,57	1459,34
325	03.09.2025 09:55:24	3,90	3,64	29,17	27,54	1459,07
326	03.09.2025 09:55:25	3,86	3,66	29,23	27,57	1459,00
327	03.09.2025 09:55:26	3,86	3,69	29,23	27,57	1459,00
328	03.09.2025 09:55:27	3,82	3,73	29,23	27,54	1458,85
329	03.09.2025 09:55:28	3,79	3,74	29,23	27,51	1458,70
330	03.09.2025 09:55:29	3,75	3,78	29,23	27,48	1458,54
331	03.09.2025 09:55:30	3,68	3,81	29,26	27,45	1458,27
332	03.09.2025 09:55:31	3,64	3,84	29,26	27,42	1458,12
333	03.09.2025 09:55:32	3,57	3,88	29,32	27,42	1457,89
334	03.09.2025 09:55:33	3,49	3,91	29,36	27,39	1457,62
335	03.09.2025 09:55:34	3,45	3,94	29,35	27,36	1457,47
336	03.09.2025 09:55:35	3,38	3,97	29,39	27,33	1457,20
337	03.09.2025 09:55:36	3,34	3,99	29,32	27,25	1456,95
338	03.09.2025 09:55:37	3,31	4,02	29,22	27,13	1456,67
339	03.09.2025 09:55:38	3,23	4,06	29,22	27,07	1456,35
340	03.09.2025 09:55:39	3,12	4,08	29,25	27,02	1455,91
341	03.09.2025 09:55:40	3,04	4,12	29,28	26,99	1455,63
342	03.09.2025 09:55:41	3,01	4,17	29,25	26,93	1455,43
343	03.09.2025 09:55:42	2,93	4,20	29,35	26,96	1455,24
344	03.09.2025 09:55:43	2,89	4,22	29,38	26,96	1455,13
345	03.09.2025 09:55:44	2,86	4,23	29,45	26,98	1455,05
346	03.09.2025 09:55:45	2,82	4,27	29,52	27,01	1454,98
347	03.09.2025 09:55:46	2,78	4,30	29,58	27,04	1454,91
348	03.09.2025 09:55:47	2,74	4,32	29,62	27,04	1454,80
349	03.09.2025 09:55:48	2,71	4,35	29,62	27,01	1454,64
350	03.09.2025 09:55:49	2,67	4,38	29,65	27,01	1454,52
351	03.09.2025 09:55:50	2,67	4,42	29,65	27,01	1454,53
352	03.09.2025 09:55:51	2,63	4,43	29,69	27,01	1454,41
353	03.09.2025 09:55:52	2,63	4,47	29,68	27,01	1454,41
354	03.09.2025 09:55:53	2,59	4,50	29,68	26,98	1454,26
355	03.09.2025 09:55:54	2,55	4,52	29,68	26,95	1454,09
356	03.09.2025 09:55:55	2,52	4,55	29,68	26,92	1453,93
357	03.09.2025 09:55:56	2,48	4,59	29,75	26,95	1453,86
358	03.09.2025 09:55:57	2,48	4,62	29,72	26,92	1453,82
359	03.09.2025 09:55:58	2,44	4,64	29,75	26,92	1453,70
360	03.09.2025 09:55:59	2,40	4,67	29,82	26,95	1453,63
361	03.09.2025 09:56:00	2,36	4,71	29,86	26,95	1453,51
362	03.09.2025 09:56:01	2,33	4,76	29,86	26,92	1453,36
363	03.09.2025 09:56:02	2,29	4,77	29,89	26,92	1453,24
364	03.09.2025 09:56:03	2,29	4,81	29,93	26,94	1453,29
365	03.09.2025 09:56:04	2,29	4,85	29,89	26,92	1453,25
366	03.09.2025 09:56:05	2,25	4,88	29,93	26,92	1453,13
367	03.09.2025 09:56:06	2,21	4,90	29,93	26,89	1452,96
368	03.09.2025 09:56:07	2,17	4,93	29,96	26,89	1452,85
369	03.09.2025 09:56:08	2,13	4,96	30,03	26,91	1452,78
370	03.09.2025 09:56:09	2,13	4,98	30,03	26,91	1452,78
371	03.09.2025 09:56:10	2,13	5,02	30,03	26,91	1452,78
372	03.09.2025 09:56:11	2,10	5,03	30,07	26,91	1452,66
373	03.09.2025 09:56:12	2,10	5,07	30,03	26,88	1452,62
374	03.09.2025 09:56:13	2,06	5,12	30,10	26,91	1452,56
375	03.09.2025 09:56:14	2,06	5,12	30,10	26,91	1452,55
376	03.09.2025 09:56:15	2,02	5,17	30,14	26,91	1452,44
377	03.09.2025 09:56:16	1,98	5,19	30,21	26,94	1452,37
378	03.09.2025 09:56:17	1,98	5,20	30,17	26,91	1452,32
379	03.09.2025 09:56:18	1,98	5,22	30,17	26,91	1452,32
380	03.09.2025 09:56:19	1,94	5,29	30,21	26,91	1452,21
381	03.09.2025 09:56:20	1,94	5,29	30,24	26,94	1452,26
382	03.09.2025 09:56:21	1,94	5,31	30,21	26,91	1452,22
383	03.09.2025 09:56:22	1,90	5,34	30,24	26,91	1452,10
384	03.09.2025 09:56:23	1,90	5,36	30,24	26,91	1452,10
385	03.09.2025 09:56:24	1,87	5,41	30,24	26,88	1451,94
386	03.09.2025 09:56:25	1,83	5,43	30,28	26,88	1451,82
387	03.09.2025 09:56:26	1,79	5,44	30,32	26,88	1451,70
388	03.09.2025 09:56:27	1,71	5,48	30,39	26,88	1451,45
389	03.09.2025 09:56:28	1,67	5,49	30,42	26,88	1451,33
390	03.09.2025 09:56:29	1,63	5,49	30,46	26,88	1451,21
391	03.09.2025 09:56:30	1,63	5,51	30,43	26,85	1451,16
392	03.09.2025 09:56:31	1,60	5,54	30,46	26,85	1451,04
393	03.09.2025 09:56:32	1,56	5,52	30,53	26,87	1450,96
394	03.09.2025 09:56:33	1,56	5,54	30,50	26,85	1450,92
395	03.09.2025 09:56:34	1,52	5,54	30,54	26,85	1450,79
396	03.09.2025 09:56:35	1,52	5,55	30,57	26,87	1450,84
397	03.09.2025 09:56:36	1,48	5,55	30,61	26,87	1450,72
398	03.09.2025 09:56:37	1,48	5,55	30,57	26,84	1450,67
399	03.09.2025 09:56:38	1,44	5,55	30,61	26,84	1450,54
400	03.09.2025 09:56:39	1,44	5,57	30,64	26,87	1450,59
401	03.09.2025 09:56:40	1,44	5,57	30,64	26,87	1450,59
402	03.09.2025 09:56:41	1,40	5,57	30,68	26,87	1450,47
403	03.09.2025 09:56:42	1,40	5,58	30,65	26,84	1450,42
404	03.09.2025 09:56:43	1,40	5,57	30,68	26,87	1450,47
405	03.09.2025 09:56:44	1,36	5,56	30,68	26,84	1450,29
406	03.09.2025 09:56:45	1,36	5,56	30,72	26,87	1450,34
407	03.09.2025 09:56:46	1,36	5,58	30,72	26,87	1450,34
408	03.09.2025 09:56:47	1,32	5,58	30,76	26,87	1450,22
409	03.09.2025 09:56:48	1,32	5,58	30,76	26,87	1450,22
410	03.09.2025 09:56:49	1,32	5,58	30,72	26,84	1450,17
411	03.09.2025 09:56:50	1,28	5,58	30,79	26,87	1450,09
412	03.09.2025 09:56:51	1,28	5,58	30,79	26,87	1450,09
413	03.09.2025 09:56:52	1,28	5,59	30,79	26,87	1450,09
414	03.09.2025 09:56:53	1,25	5,59	30,83	26,87	1449,97
415	03.09.2025 09:56:54	1,25	5,57	30,80	26,84	1449,92
416	03.09.2025 09:56:55	1,25	5,57	30,80	26,84	1449,92
417	03.09.2025 09:56:56	1,21	5,57	30,83	26,84	1449,79
418	03.09.2025 09:56:57	1,21	5,57	30,87	26,87	1449,84
419	03.09.2025 09:56:58	1,21	5,57	30,80	26,81	1449,74
420	03.09.2025 09:56:59	1,21	5,57	30,80	26,81	1449,74
421	03.09.2025 09:57:00	1,17	5,55	30,84	26,81	1449,61
422	03.09.2025 09:57:01	1,17	5,59	30,80	26,78	1449,57
423	03.09.2025 09:57:02	1,17	5,57	30,80	26,78	1449,57
424	03.09.2025 09:57:03	1,17	5,57	30,80	26,78	1449,57
425	03.09.2025 09:57:04	1,17	5,57	30,80	26,78	1449,57
426	03.09.2025 09:57:05	1,13	5,57	30,84	26,78	1449,44
427	03.09.2025 09:57:06	1,13	5,57	30,84	26,78	1449,44
428	03.09.2025 09:57:07	1,13	5,57	30,84	26,78	1449,44
429	03.09.2025 09:57:08	1,13	5,59	30,84	26,78	1449,45
430	03.09.2025 09:57:09	1,13	5,57	30,84	26,78	1449,44
431	03.09.2025 09:57:10	1,09	5,57	30,88	26,78	1449,32
432	03.09.2025 09:57:11	1,09	5,55	30,88	26,78	1449,31
433	03.09.2025 09:57:12	1,09	5,57	30,88	26,78	1449,32
434	03.09.2025 09:57:13	1,09	5,57	30,88	26,78	1449,32
435	03.09.2025 09:57:14	1,09	5,55	30,88	26,78	1449,31
436	03.09.2025 09:57:15	1,09	5,57	30,88	26,78	1449,32
437	03.09.2025 09:57:16	1,05	5,56	30,91	26,78	1449,19
438	03.09.2025 09:57:17	1,05	5,56	30,91	26,78	1449,19
439	03.09.2025 09:57:18	1,05	5,54	30,91	26,78	1449,19
440	03.09.2025 09:57:19	1,05	5,56	30,91	26,78	1449,19
441	03.09.2025 09:57:20	1,05	5,56	30,91	26,78	1449,19
442	03.09.2025 09:57:21	1,05	5,56	30,91	26,78	1449,19
443	03.09.2025 09:57:22	1,05	5,56	30,91	26,78	1449,19
444	03.09.2025 09:57:23	1,01	5,58	30,95	26,78	1449,06
445	03.09.2025 09:57:24	1,01	5,56	30,95	26,78	1449,06
446	03.09.2025 09:57:25	1,01	5,58	30,95	26,78	1449,06
447	03.09.2025 09:57:26	1,01	5,56	30,95	26,78	1449,06
448	03.09.2025 09:57:27	1,01	5,58	30,92	26,75	1449,02
449	03.09.2025 09:57:28	1,01	5,58	30,95	26,78	1449,06
450	03.09.2025 09:57:29	1,01	5,58	30,95	26,78	1449,06
451	03.09.2025 09:57:30	1,01	5,58	30,95	26,78	1449,06
452	03.09.2025 09:57:31	0,97	5,58	30,99	26,78	1448,94
453	03.09.2025 09:57:32	0,97	5,56	30,99	26,78	1448,93
454	03.09.2025 09:57:33	0,97	5,56	30,99	26,78	1448,93
455	03.09.2025 09:57:34	0,97	5,56	30,99	26,78	1448,93
456	03.09.2025 09:57:35	0,97	5,56	30,99	26,78	1448,93
457	03.09.2025 09:57:36	0,97	5,56	30,99	26,78	1448,93
458	03.09.2025 09:57:37	0,97	5,56	30,99	26,78	1448,93
459	03.09.2025 09:57:38	0,97	5,56	30,99	26,78	1448,93
460	03.09.2025 09:57:39	0,97	5,56	30,99	26,78	1448,93
461	03.09.2025 09:57:40	0,97	5,56	30,99	26,78	1448,93
462	03.09.2025 09:57:41	0,97	5,58	30,99	26,78	1448,94
463	03.09.2025 09:57:42	0,97	5,56	30,99	26,78	1448,93
464	03.09.2025 09:57:43	0,93	5,56	31,03	26,78	1448,81
465	03.09.2025 09:57:44	0,93	5,56	31,03	26,78	1448,81
466	03.09.2025 09:57:45	0,93	5,56	31,03	26,78	1448,81
467	03.09.2025 09:57:46	0,93	5,56	31,03	26,78	1448,81
468	03.09.2025 09:57:47	0,93	5,57	31,03	26,78	1448,81
469	03.09.2025 09:57:48	0,93	5,57	31,03	26,78	1448,81
470	03.09.2025 09:57:49	0,93	5,56	31,03	26,78	1448,81
471	03.09.2025 09:57:50	0,93	5,56	31,03	26,78	1448,81
472	03.09.2025 09:57:51	0,93	5,56	31,03	26,78	1448,81
473	03.09.2025 09:57:52	0,93	5,56	31,03	26,78	1448,81
474	03.09.2025 09:57:53	0,93	5,54	31,03	26,78	1448,80
475	03.09.2025 09:57:54	0,93	5,54	31,03	26,78	1448,80
476	03.09.2025 09:57:55	0,93	5,52	31,03	26,78	1448,80
477	03.09.2025 09:57:56	0,93	5,54	31,03	26,78	1448,80
478	03.09.2025 09:57:57	0,93	5,54	31,03	26,78	1448,80
479	03.09.2025 09:57:58	0,93	5,54	31,03	26,78	1448,80
480	03.09.2025 09:57:59	0,93	5,52	30,99	26,75	1448,75
481	03.09.2025 09:58:00	0,89	5,54	31,07	26,78	1448,67
482	03.09.2025 09:58:01	0,89	5,52	31,07	26,78	1448,67
483	03.09.2025 09:58:02	0,89	5,50	31,07	26,78	1448,67
484	03.09.2025 09:58:03	0,89	5,50	31,07	26,78	1448,67
485	03.09.2025 09:58:04	0,89	5,52	31,07	26,78	1448,67
486	03.09.2025 09:58:05	0,89	5,52	31,07	26,78	1448,67
487	03.09.2025 09:58:06	0,89	5,50	31,07	26,78	1448,67
488	03.09.2025 09:58:07	0,89	5,52	31,03	26,75	1448,62
489	03.09.2025 09:58:08	0,89	5,52	31,03	26,75	1448,62
490	03.09.2025 09:58:09	0,89	5,50	31,07	26,78	1448,67
491	03.09.2025 09:58:10	0,89	5,52	31,03	26,75	1448,62
492	03.09.2025 09:58:11	0,89	5,50	31,07	26,78	1448,67
493	03.09.2025 09:58:12	0,89	5,50	31,07	26,78	1448,67
494	03.09.2025 09:58:13	0,89	5,50	31,03	26,75	1448,62
495	03.09.2025 09:58:14	0,89	5,50	31,07	26,78	1448,67
496	03.09.2025 09:58:15	0,89	5,50	31,03	26,75	1448,62
497	03.09.2025 09:58:16	0,89	5,50	31,03	26,75	1448,62
498	03.09.2025 09:58:17	0,89	5,48	31,03	26,75	1448,62
499	03.09.2025 09:58:18	0,89	5,48	31,03	26,75	1448,62
500	03.09.2025 09:58:19	0,89	5,50	31,07	26,78	1448,67
501	03.09.2025 09:58:20	0,89	5,50	31,07	26,78	1448,67
502	03.09.2025 09:58:21	0,89	5,50	31,03	26,75	1448,62
503	03.09.2025 09:58:22	0,89	5,50	31,07	26,78	1448,67
504	03.09.2025 09:58:23	0,89	5,50	31,03	26,75	1448,62
505	03.09.2025 09:58:24	0,89	5,50	31,07	26,78	1448,67
506	03.09.2025 09:58:25	0,89	5,50	31,03	26,75	1448,62
507	03.09.2025 09:58:26	0,89	5,52	31,07	26,78	1448,67
508	03.09.2025 09:58:27	0,89	5,50	31,03	26,75	1448,62
509	03.09.2025 09:58:28	0,89	5,50	31,03	26,75	1448,62
510	03.09.2025 09:58:29	0,89	5,50	31,07	26,78	1448,67
511	03.09.2025 09:58:30	0,89	5,52	31,07	26,78	1448,67
512	03.09.2025 09:58:31	0,85	5,50	31,11	26,78	1448,54
513	03.09.2025 09:58:32	0,89	5,48	31,07	26,78	1448,67
514	03.09.2025 09:58:33	0,85	5,50	31,07	26,75	1448,49
515	03.09.2025 09:58:34	0,85	5,48	31,11	26,78	1448,54
516	03.09.2025 09:58:35	0,85	5,48	31,07	26,75	1448,49
517	03.09.2025 09:58:36	0,85	5,48	31,07	26,75	1448,49
518	03.09.2025 09:58:37	0,85	5,48	31,11	26,78	1448,54
519	03.09.2025 09:58:38	0,85	5,48	31,07	26,75	1448,49
520	03.09.2025 09:58:39	0,85	5,48	31,11	26,78	1448,54
521	03.09.2025 09:58:40	0,85	5,46	31,11	26,78	1448,54
522	03.09.2025 09:58:41	0,85	5,46	31,07	26,75	1448,49
523	03.09.2025 09:58:42	0,85	5,46	31,07	26,75	1448,49
524	03.09.2025 09:58:43	0,85	5,48	31,11	26,78	1448,54
525	03.09.2025 09:58:44	0,85	5,46	31,11	26,78	1448,54
526	03.09.2025 09:58:45	0,85	5,46	31,07	26,75	1448,49
527	03.09.2025 09:58:46	0,85	5,46	31,07	26,75	1448,49
528	03.09.2025 09:58:47	0,85	5,46	31,11	26,78	1448,54
529	03.09.2025 09:58:48	0,85	5,44	31,11	26,78	1448,53
530	03.09.2025 09:58:49	0,85	5,46	31,11	26,78	1448,54
531	03.09.2025 09:58:50	0,85	5,46	31,07	26,75	1448,49
532	03.09.2025 09:58:51	0,85	5,46	31,11	26,78	1448,54
533	03.09.2025 09:58:52	0,85	5,44	31,07	26,75	1448,48
534	03.09.2025 09:58:53	0,85	5,44	31,11	26,78	1448,53
535	03.09.2025 09:58:54	0,85	5,46	31,07	26,75	1448,49
536	03.09.2025 09:58:55	0,85	5,44	31,07	26,75	1448,48
537	03.09.2025 09:58:56	0,85	5,44	31,07	26,75	1448,48
538	03.09.2025 09:58:57	0,85	5,44	31,11	26,78	1448,53
539	03.09.2025 09:58:58	0,85	5,44	31,07	26,75	1448,48
540	03.09.2025 09:58:59	0,85	5,46	31,07	26,75	1448,49
541	03.09.2025 09:59:00	0,85	5,44	31,07	26,75	1448,48
542	03.09.2025 09:59:01	0,85	5,44	31,07	26,75	1448,48
543	03.09.2025 09:59:02	0,85	5,44	31,07	26,75	1448,48
544	03.09.2025 09:59:03	0,85	5,44	31,07	26,75	1448,48
545	03.09.2025 09:59:04	0,85	5,44	31,07	26,75	1448,48
546	03.09.2025 09:59:05	0,85	5,44	31,07	26,75	1448,48
547	03.09.2025 09:59:06	0,85	5,44	31,07	26,75	1448,48
548	03.09.2025 09:59:07	0,85	5,44	31,07	26,75	1448,48
549	03.09.2025 09:59:08	0,85	5,46	31,07	26,75	1448,49
550	03.09.2025 09:59:09	0,85	5,46	31,07	26,75	1448,49
551	03.09.2025 09:59:10	0,85	5,46	31,07	26,75	1448,49
552	03.09.2025 09:59:11	0,85	5,44	31,07	26,75	1448,48
553	03.09.2025 09:59:12	0,85	5,46	31,07	26,75	1448,49
554	03.09.2025 09:59:13	0,85	5,46	31,07	26,75	1448,49
555	03.09.2025 09:59:14	0,85	5,44	31,07	26,75	1448,48
556	03.09.2025 09:59:15	0,85	5,44	31,07	26,75	1448,48
557	03.09.2025 09:59:16	0,85	5,46	31,07	26,75	1448,49
558	03.09.2025 09:59:17	0,85	5,44	31,07	26,75	1448,48
559	03.09.2025 09:59:18	0,85	5,44	31,07	26,75	1448,48
560	03.09.2025 09:59:19	0,85	5,46	31,07	26,75	1448,49
561	03.09.2025 09:59:20	0,85	5,46	31,07	26,75	1448,49
562	03.09.2025 09:59:21	0,85	5,46	31,07	26,75	1448,49
563	03.09.2025 09:59:22	0,85	5,44	31,07	26,75	1448,48
564	03.09.2025 09:59:23	0,85	5,44	31,07	26,75	1448,48
565	03.09.2025 09:59:24	0,85	5,44	31,07	26,75	1448,48
566	03.09.2025 09:59:25	0,85	5,44	31,07	26,75	1448,48
567	03.09.2025 09:59:26	0,85	5,46	31,07	26,75	1448,49
568	03.09.2025 09:59:27	0,85	5,44	31,07	26,75	1448,48
569	03.09.2025 09:59:28	0,85	5,44	31,07	26,75	1448,48
570	03.09.2025 09:59:29	0,85	5,44	31,07	26,75	1448,48
571	03.09.2025 09:59:30	0,85	5,44	31,07	26,75	1448,48
572	03.09.2025 09:59:31	0,85	5,44	31,07	26,75	1448,48
573	03.09.2025 09:59:32	0,85	5,43	31,07	26,75	1448,48
574	03.09.2025 09:59:33	0,85	5,44	31,07	26,75	1448,48
575	03.09.2025 09:59:34	0,85	5,44	31,07	26,75	1448,48
576	03.09.2025 09:59:35	0,85	5,43	31,07	26,75	1448,48
577	03.09.2025 09:59:36	0,85	5,44	31,07	26,75	1448,48
578	03.09.2025 09:59:37	0,85	5,44	31,07	26,75	1448,48
579	03.09.2025 09:59:38	0,85	5,44	31,07	26,75	1448,48
580	03.09.2025 09:59:39	0,85	5,43	31,07	26,75	1448,48
581	03.09.2025 09:59:40	0,85	5,44	31,07	26,75	1448,48
582	03.09.2025 09:59:41	0,85	5,44	31,07	26,75	1448,48
583	03.09.2025 09:59:42	0,85	5,44	31,07	26,75	1448,48
584	03.09.2025 09:59:43	0,85	5,44	31,07	26,75	1448,48
585	03.09.2025 09:59:44	0,85	5,44	31,07	26,75	1448,48
586	03.09.2025 09:59:45	0,85	5,44	31,07	26,75	1448,48
587	03.09.2025 09:59:46	0,85	5,44	31,07	26,75	1448,48
588	03.09.2025 09:59:47	0,85	5,44	31,07	26,75	1448,48
589	03.09.2025 09:59:48	0,85	5,46	31,07	26,75	1448,49
590	03.09.2025 09:59:49	0,85	5,44	31,07	26,75	1448,48
591	03.09.2025 09:59:50	0,85	5,46	31,07	26,75	1448,49
592	03.09.2025 09:59:51	0,85	5,46	31,07	26,75	1448,49
593	03.09.2025 09:59:52	0,85	5,44	31,07	26,75	1448,48
594	03.09.2025 09:59:53	0,85	5,44	31,07	26,75	1448,48
595	03.09.2025 09:59:54	0,85	5,46	31,07	26,75	1448,49
596	03.09.2025 09:59:55	0,85	5,46	31,07	26,75	1448,49
597	03.09.2025 09:59:56	0,85	5,46	31,07	26,75	1448,49
598	03.09.2025 09:59:57	0,85	5,46	31,07	26,75	1448,49
599	03.09.2025 09:59:58	0,85	5,44	31,07	26,75	1448,48
600	03.09.2025 09:59:59	0,85	5,46	31,07	26,75	1448,49
601	03.09.2025 10:00:00	0,85	5,44	31,07	26,75	1448,48
602	03.09.2025 10:00:01	0,85	5,46	31,07	26,75	1448,49
603	03.09.2025 10:00:02	0,85	5,46	31,07	26,75	1448,49
604	03.09.2025 10:00:03	0,85	5,44	31,07	26,75	1448,48
605	03.09.2025 10:00:04	0,85	5,44	31,07	26,75	1448,48
606	03.09.2025 10:00:05	0,85	5,44	31,07	26,75	1448,48
607	03.09.2025 10:00:06	0,85	5,46	31,07	26,75	1448,49
608	03.09.2025 10:00:07	0,85	5,46	31,07	26,75	1448,49
609	03.09.2025 10:00:08	0,85	5,46	31,07	26,75	1448,49
610	03.09.2025 10:00:09	0,85	5,46	31,07	26,75	1448,49
611	03.09.2025 10:00:10	0,85	5,46	31,07	26,75	1448,49
612	03.09.2025 10:00:11	0,85	5,46	31,07	26,75	1448,49
613	03.09.2025 10:00:12	0,85	5,48	31,07	26,75	1448,49
614	03.09.2025 10:00:13	0,85	5,48	31,07	26,75	1448,49
615	03.09.2025 10:00:14	0,85	5,46	31,07	26,75	1448,49
616	03.09.2025 10:00:15	0,85	5,48	31,07	26,75	1448,49
617	03.09.2025 10:00:16	0,85	5,48	31,07	26,75	1448,49
618	03.09.2025 10:00:17	0,85	5,48	31,07	26,75	1448,49
619	03.09.2025 10:00:18	0,85	5,50	31,07	26,75	1448,49
620	03.09.2025 10:00:19	0,85	5,50	31,07	26,75	1448,49
621	03.09.2025 10:00:20	0,85	5,50	31,07	26,75	1448,49
622	03.09.2025 10:00:21	0,85	5,48	31,07	26,75	1448,49
623	03.09.2025 10:00:22	0,85	5,50	31,07	26,75	1448,49
624	03.09.2025 10:00:23	0,85	5,50	31,07	26,75	1448,49
625	03.09.2025 10:00:24	0,85	5,50	31,07	26,75	1448,49
626	03.09.2025 10:00:25	0,85	5,50	31,07	26,75	1448,49
627	03.09.2025 10:00:26	0,85	5,50	31,07	26,75	1448,49
628	03.09.2025 10:00:27	0,85	5,48	31,07	26,75	1448,49
629	03.09.2025 10:00:28	0,85	5,48	31,07	26,75	1448,49
630	03.09.2025 10:00:29	0,85	5,48	31,07	26,75	1448,49
631	03.09.2025 10:00:30	0,85	5,46	31,07	26,75	1448,49
632	03.09.2025 10:00:31	0,85	5,46	31,07	26,75	1448,49
633	03.09.2025 10:00:32	0,85	5,46	31,07	26,75	1448,49
634	03.09.2025 10:00:33	0,85	5,46	31,07	26,75	1448,49
635	03.09.2025 10:00:34	0,85	5,46	31,07	26,75	1448,49
636	03.09.2025 10:00:35	0,85	5,44	31,07	26,75	1448,48
637	03.09.2025 10:00:36	0,85	5,44	31,07	26,75	1448,48
638	03.09.2025 10:00:37	0,85	5,43	31,07	26,75	1448,48
639	03.09.2025 10:00:38	0,85	5,43	31,07	26,75	1448,48
640	03.09.2025 10:00:39	0,85	5,43	31,07	26,75	1448,48
641	03.09.2025 10:00:40	0,85	5,43	31,07	26,75	1448,48
642	03.09.2025 10:00:41	0,85	5,43	31,07	26,75	1448,48
643	03.09.2025 10:00:42	0,85	5,43	31,07	26,75	1448,48
644	03.09.2025 10:00:43	0,85	5,43	31,07	26,75	1448,48
645	03.09.2025 10:00:44	0,85	5,41	31,07	26,75	1448,48
646	03.09.2025 10:00:45	0,85	5,41	31,07	26,75	1448,48
647	03.09.2025 10:00:46	0,85	5,43	31,07	26,75	1448,48
648	03.09.2025 10:00:47	0,85	5,41	31,07	26,75	1448,48
649	03.09.2025 10:00:48	0,85	5,41	31,07	26,75	1448,48
650	03.09.2025 10:00:49	0,85	5,43	31,07	26,75	1448,48
651	03.09.2025 10:00:50	0,85	5,41	31,07	26,75	1448,48
652	03.09.2025 10:00:51	0,85	5,41	31,07	26,75	1448,48
653	03.09.2025 10:00:52	0,85	5,41	31,07	26,75	1448,48
654	03.09.2025 10:00:53	0,85	5,41	31,07	26,75	1448,48
655	03.09.2025 10:00:54	0,85	5,41	31,07	26,75	1448,48
656	03.09.2025 10:00:55	0,85	5,41	31,07	26,75	1448,48
657	03.09.2025 10:00:56	0,85	5,41	31,07	26,75	1448,48
658	03.09.2025 10:00:57	0,85	5,41	31,07	26,75	1448,48
659	03.09.2025 10:00:58	0,85	5,41	31,07	26,75	1448,48
660	03.09.2025 10:00:59	0,85	5,41	31,07	26,75	1448,48
661	03.09.2025 10:01:00	0,85	5,41	31,07	26,75	1448,48
662	03.09.2025 10:01:01	0,85	5,43	31,07	26,75	1448,48
663	03.09.2025 10:01:02	0,85	5,43	31,07	26,75	1448,48
664	03.09.2025 10:01:03	0,85	5,43	31,07	26,75	1448,48
665	03.09.2025 10:01:04	0,85	5,44	31,07	26,75	1448,48
666	03.09.2025 10:01:05	0,85	5,44	31,07	26,75	1448,48
667	03.09.2025 10:01:06	0,85	5,44	31,07	26,75	1448,48
668	03.09.2025 10:01:07	0,85	5,44	31,07	26,75	1448,48
669	03.09.2025 10:01:08	0,85	5,46	31,07	26,75	1448,49
670	03.09.2025 10:01:09	0,85	5,44	31,07	26,75	1448,48
671	03.09.2025 10:01:10	0,85	5,46	31,07	26,75	1448,49
672	03.09.2025 10:01:11	0,85	5,46	31,07	26,75	1448,49
673	03.09.2025 10:01:12	0,85	5,46	31,07	26,75	1448,49
674	03.09.2025 10:01:13	0,85	5,44	31,07	26,75	1448,48
675	03.09.2025 10:01:14	0,85	5,46	31,07	26,75	1448,49
676	03.09.2025 10:01:15	0,85	5,46	31,07	26,75	1448,49
677	03.09.2025 10:01:16	0,85	5,46	31,07	26,75	1448,49
678	03.09.2025 10:01:17	0,85	5,44	31,07	26,75	1448,48
679	03.09.2025 10:01:18	0,85	5,44	31,07	26,75	1448,48
680	03.09.2025 10:01:19	0,85	5,44	31,07	26,75	1448,48
681	03.09.2025 10:01:20	0,85	5,41	31,07	26,75	1448,48
682	03.09.2025 10:01:21	0,85	5,41	31,07	26,75	1448,48
683	03.09.2025 10:01:22	0,85	5,39	31,11	26,78	1448,52
684	03.09.2025 10:01:23	0,85	5,37	31,11	26,78	1448,52
685	03.09.2025 10:01:24	0,85	5,35	31,25	26,89	1448,71
686	03.09.2025 10:01:25	0,85	5,32	31,21	26,86	1448,66
687	03.09.2025 10:01:26	0,85	5,30	31,21	26,86	1448,65
688	03.09.2025 10:01:27	0,85	5,26	31,25	26,89	1448,70
689	03.09.2025 10:01:28	0,85	5,25	31,25	26,89	1448,69
690	03.09.2025 10:01:29	0,85	5,19	31,25	26,89	1448,69
691	03.09.2025 10:01:30	0,85	5,18	31,25	26,89	1448,68
692	03.09.2025 10:01:31	0,85	5,14	31,25	26,89	1448,68
693	03.09.2025 10:01:32	0,85	5,10	31,25	26,89	1448,67
694	03.09.2025 10:01:33	0,85	5,07	31,22	26,86	1448,62
695	03.09.2025 10:01:34	0,85	5,03	31,22	26,86	1448,61
696	03.09.2025 10:01:35	0,85	5,01	31,22	26,86	1448,61
697	03.09.2025 10:01:36	0,85	4,96	31,22	26,86	1448,60
698	03.09.2025 10:01:37	0,85	4,96	31,25	26,89	1448,65
699	03.09.2025 10:01:38	0,85	4,92	31,22	26,86	1448,60
700	03.09.2025 10:01:39	0,85	4,89	31,22	26,86	1448,59
701	03.09.2025 10:01:40	0,85	4,87	31,22	26,86	1448,59
702	03.09.2025 10:01:41	0,85	4,84	31,22	26,86	1448,58
703	03.09.2025 10:01:42	0,85	4,82	31,22	26,86	1448,58
704	03.09.2025 10:01:43	0,85	4,78	31,22	26,86	1448,57
705	03.09.2025 10:01:44	0,85	4,76	31,25	26,89	1448,62
706	03.09.2025 10:01:45	0,85	4,75	31,22	26,86	1448,57
707	03.09.2025 10:01:46	0,85	4,73	31,22	26,86	1448,57
708	03.09.2025 10:01:47	0,85	4,71	31,22	26,86	1448,56
709	03.09.2025 10:01:48	0,85	4,69	31,22	26,86	1448,56
710	03.09.2025 10:01:49	0,85	4,66	31,22	26,86	1448,55
711	03.09.2025 10:01:50	0,85	4,66	31,22	26,86	1448,55
712	03.09.2025 10:01:51	0,85	4,64	31,25	26,89	1448,60
713	03.09.2025 10:01:52	0,85	4,62	31,25	26,89	1448,60
714	03.09.2025 10:01:53	0,85	4,60	31,25	26,89	1448,59
715	03.09.2025 10:01:54	0,85	4,58	31,25	26,89	1448,59
716	03.09.2025 10:01:55	0,89	4,59	31,22	26,89	1448,72
717	03.09.2025 10:01:56	0,89	4,55	31,22	26,89	1448,71
718	03.09.2025 10:01:57	0,89	4,53	31,22	26,89	1448,71
719	03.09.2025 10:01:58	0,89	4,53	31,25	26,92	1448,76
720	03.09.2025 10:01:59	0,93	4,52	31,25	26,95	1448,93
721	03.09.2025 10:02:00	0,93	4,52	31,25	26,95	1448,93
722	03.09.2025 10:02:01	0,93	4,50	31,25	26,95	1448,93
723	03.09.2025 10:02:02	0,97	4,48	31,21	26,95	1449,05
724	03.09.2025 10:02:03	0,97	4,50	31,18	26,92	1449,01
725	03.09.2025 10:02:04	0,97	4,50	31,18	26,92	1449,01
726	03.09.2025 10:02:05	0,97	4,52	31,18	26,92	1449,01
727	03.09.2025 10:02:06	0,97	4,52	31,14	26,89	1448,96
728	03.09.2025 10:02:07	0,93	4,50	31,21	26,92	1448,88
729	03.09.2025 10:02:08	0,93	4,50	31,21	26,92	1448,88
730	03.09.2025 10:02:09	0,93	4,50	31,21	26,92	1448,88
731	03.09.2025 10:02:10	0,97	4,48	31,18	26,92	1449,01
732	03.09.2025 10:02:11	0,97	4,48	31,21	26,95	1449,05
733	03.09.2025 10:02:12	0,97	4,47	31,18	26,92	1449,00
734	03.09.2025 10:02:13	0,97	4,45	31,21	26,95	1449,05
735	03.09.2025 10:02:14	0,97	4,45	31,21	26,95	1449,05
736	03.09.2025 10:02:15	1,01	4,43	31,17	26,95	1449,17
737	03.09.2025 10:02:16	1,01	4,43	31,17	26,95	1449,17
738	03.09.2025 10:02:17	1,01	4,42	31,17	26,95	1449,17
739	03.09.2025 10:02:18	1,01	4,40	31,17	26,95	1449,17
740	03.09.2025 10:02:19	1,01	4,38	31,17	26,95	1449,16
741	03.09.2025 10:02:20	1,01	4,36	31,21	26,98	1449,21
742	03.09.2025 10:02:21	1,01	4,36	31,21	26,98	1449,21
743	03.09.2025 10:02:22	1,01	4,33	31,21	26,98	1449,20
744	03.09.2025 10:02:23	1,05	4,35	31,21	27,01	1449,38
745	03.09.2025 10:02:24	1,05	4,31	31,21	27,01	1449,38
746	03.09.2025 10:02:25	1,05	4,31	31,21	27,01	1449,38
747	03.09.2025 10:02:26	1,09	4,28	31,20	27,03	1449,54
748	03.09.2025 10:02:27	1,09	4,28	31,20	27,03	1449,54
749	03.09.2025 10:02:28	1,09	4,28	31,20	27,03	1449,54
750	03.09.2025 10:02:29	1,13	4,24	31,17	27,03	1449,66
751	03.09.2025 10:02:30	1,13	4,23	31,17	27,04	1449,66
752	03.09.2025 10:02:31	1,13	4,21	31,17	27,04	1449,66
753	03.09.2025 10:02:32	1,13	4,21	31,13	27,01	1449,61
754	03.09.2025 10:02:33	1,13	4,19	31,13	27,01	1449,61
755	03.09.2025 10:02:34	1,13	4,17	31,17	27,04	1449,65
756	03.09.2025 10:02:35	1,13	4,17	31,20	27,06	1449,70
757	03.09.2025 10:02:36	1,17	4,16	31,20	27,09	1449,87
758	03.09.2025 10:02:37	1,17	4,14	31,24	27,12	1449,92
759	03.09.2025 10:02:38	1,21	4,12	31,23	27,15	1450,09
760	03.09.2025 10:02:39	1,21	4,10	31,23	27,15	1450,08
761	03.09.2025 10:02:40	1,25	4,11	31,20	27,15	1450,21
762	03.09.2025 10:02:41	1,25	4,09	31,27	27,21	1450,30
763	03.09.2025 10:02:42	1,28	4,07	31,26	27,24	1450,47
764	03.09.2025 10:02:43	1,28	4,06	31,26	27,24	1450,47
765	03.09.2025 10:02:44	1,32	4,04	31,23	27,24	1450,59
766	03.09.2025 10:02:45	1,32	4,02	31,26	27,26	1450,64
767	03.09.2025 10:02:46	1,36	4,01	31,26	27,29	1450,81
768	03.09.2025 10:02:47	1,36	3,99	31,26	27,29	1450,80
769	03.09.2025 10:02:48	1,40	3,97	31,26	27,32	1450,97
770	03.09.2025 10:02:49	1,40	3,94	31,22	27,29	1450,92
771	03.09.2025 10:02:50	1,44	3,94	31,22	27,32	1451,09
772	03.09.2025 10:02:51	1,44	3,90	31,22	27,32	1451,09
773	03.09.2025 10:02:52	1,44	3,90	31,29	27,38	1451,18
774	03.09.2025 10:02:53	1,48	3,89	31,25	27,38	1451,30
775	03.09.2025 10:02:54	1,48	3,87	31,29	27,41	1451,35
776	03.09.2025 10:02:55	1,52	3,84	31,25	27,41	1451,46
777	03.09.2025 10:02:56	1,52	3,82	31,32	27,47	1451,55
778	03.09.2025 10:02:57	1,56	3,82	31,28	27,47	1451,68
779	03.09.2025 10:02:58	1,56	3,82	31,25	27,44	1451,63
780	03.09.2025 10:02:59	1,60	3,84	31,21	27,44	1451,76
781	03.09.2025 10:03:00	1,60	3,80	31,25	27,47	1451,80
782	03.09.2025 10:03:01	1,60	3,80	31,25	27,47	1451,80
783	03.09.2025 10:03:02	1,63	3,81	31,24	27,50	1451,97
784	03.09.2025 10:03:03	1,63	3,77	31,17	27,44	1451,87
785	03.09.2025 10:03:04	1,63	3,77	31,14	27,41	1451,82
786	03.09.2025 10:03:05	1,63	3,75	31,14	27,41	1451,82
787	03.09.2025 10:03:06	1,67	3,76	31,10	27,41	1451,94
788	03.09.2025 10:03:07	1,67	3,76	31,10	27,41	1451,94
789	03.09.2025 10:03:08	1,67	3,74	31,10	27,41	1451,94
790	03.09.2025 10:03:09	1,67	3,74	31,14	27,44	1451,99
791	03.09.2025 10:03:10	1,67	3,72	31,10	27,41	1451,94
792	03.09.2025 10:03:11	1,67	3,70	31,10	27,41	1451,94
793	03.09.2025 10:03:12	1,71	3,70	31,13	27,47	1452,15
794	03.09.2025 10:03:13	1,71	3,70	31,13	27,47	1452,15
795	03.09.2025 10:03:14	1,75	3,67	31,10	27,47	1452,27
796	03.09.2025 10:03:15	1,75	3,63	31,06	27,44	1452,22
797	03.09.2025 10:03:16	1,75	3,63	31,06	27,44	1452,22
798	03.09.2025 10:03:17	1,79	3,62	31,03	27,44	1452,34
799	03.09.2025 10:03:18	1,79	3,58	31,03	27,44	1452,33
800	03.09.2025 10:03:19	1,79	3,57	31,03	27,44	1452,33
801	03.09.2025 10:03:20	1,79	3,57	31,03	27,44	1452,33
802	03.09.2025 10:03:21	1,79	3,53	31,10	27,50	1452,42
803	03.09.2025 10:03:22	1,83	3,51	31,06	27,50	1452,54
804	03.09.2025 10:03:23	1,87	3,48	30,95	27,44	1452,56
805	03.09.2025 10:03:24	1,87	3,46	30,85	27,36	1452,42
806	03.09.2025 10:03:25	1,83	3,44	30,92	27,39	1452,34
807	03.09.2025 10:03:26	1,83	3,42	30,95	27,41	1452,38
808	03.09.2025 10:03:27	1,87	3,41	31,06	27,53	1452,69
809	03.09.2025 10:03:28	1,87	3,39	31,13	27,58	1452,78
810	03.09.2025 10:03:29	1,90	3,36	31,20	27,67	1453,03
811	03.09.2025 10:03:30	1,98	3,34	31,23	27,76	1453,41
812	03.09.2025 10:03:31	2,02	3,31	31,26	27,81	1453,62
813	03.09.2025 10:03:32	2,06	3,29	31,26	27,84	1453,78
814	03.09.2025 10:03:33	2,10	3,26	31,22	27,84	1453,90
815	03.09.2025 10:03:34	2,17	3,21	31,15	27,84	1454,13
816	03.09.2025 10:03:35	2,17	3,17	31,18	27,87	1454,17
817	03.09.2025 10:03:36	2,21	3,18	31,18	27,90	1454,34
818	03.09.2025 10:03:37	2,25	3,13	31,25	27,99	1454,59
819	03.09.2025 10:03:38	2,29	3,11	31,35	28,10	1454,89
820	03.09.2025 10:03:39	2,36	3,06	31,35	28,16	1455,21
821	03.09.2025 10:03:40	2,44	3,05	31,20	28,10	1455,35
822	03.09.2025 10:03:41	2,48	2,99	31,03	27,99	1455,28
823	03.09.2025 10:03:42	2,48	2,96	31,07	28,02	1455,32
824	03.09.2025 10:03:43	2,52	2,94	31,10	28,07	1455,53
825	03.09.2025 10:03:44	2,52	2,89	31,13	28,10	1455,56
826	03.09.2025 10:03:45	2,59	2,88	31,13	28,16	1455,89
827	03.09.2025 10:03:46	2,63	2,82	31,20	28,25	1456,13
828	03.09.2025 10:03:47	2,67	2,79	31,19	28,27	1456,29
829	03.09.2025 10:03:48	2,74	2,79	31,12	28,28	1456,53
830	03.09.2025 10:03:49	2,78	2,80	31,09	28,28	1456,64
831	03.09.2025 10:03:50	2,82	2,83	31,02	28,25	1456,72
832	03.09.2025 10:03:51	2,86	2,85	30,95	28,22	1456,80
833	03.09.2025 10:03:52	2,86	2,87	30,91	28,19	1456,75
834	03.09.2025 10:03:53	2,86	2,93	30,88	28,17	1456,72
835	03.09.2025 10:03:54	2,86	2,98	30,85	28,14	1456,68
836	03.09.2025 10:03:55	2,82	3,00	30,75	28,03	1456,39
837	03.09.2025 10:03:56	2,82	3,03	30,74	28,02	1456,39
838	03.09.2025 10:03:57	2,78	3,05	30,71	27,97	1456,19
839	03.09.2025 10:03:58	2,78	3,08	30,71	27,97	1456,20
840	03.09.2025 10:03:59	2,74	3,10	30,82	28,02	1456,17
841	03.09.2025 10:04:00	2,74	3,12	30,78	28,00	1456,13
842	03.09.2025 10:04:01	2,74	3,12	30,78	28,00	1456,13
843	03.09.2025 10:04:02	2,74	3,13	30,78	28,00	1456,13
844	03.09.2025 10:04:03	2,74	3,15	30,88	28,08	1456,27
845	03.09.2025 10:04:04	2,78	3,15	30,81	28,05	1456,34
846	03.09.2025 10:04:05	2,78	3,17	30,81	28,05	1456,34
847	03.09.2025 10:04:06	2,78	3,17	30,81	28,05	1456,34
848	03.09.2025 10:04:07	2,78	3,17	30,81	28,05	1456,34
849	03.09.2025 10:04:08	2,78	3,15	30,81	28,05	1456,34
850	03.09.2025 10:04:09	2,78	3,14	30,78	28,02	1456,29
851	03.09.2025 10:04:10	2,78	3,12	30,68	27,94	1456,16
852	03.09.2025 10:04:11	2,78	3,08	30,68	27,94	1456,15
853	03.09.2025 10:04:12	2,78	3,08	30,61	27,88	1456,06
854	03.09.2025 10:04:13	2,78	3,06	30,54	27,83	1455,97
855	03.09.2025 10:04:14	2,74	3,04	30,54	27,80	1455,80
856	03.09.2025 10:04:15	2,71	3,04	30,58	27,80	1455,69
857	03.09.2025 10:04:16	2,71	3,01	30,58	27,80	1455,68
858	03.09.2025 10:04:17	2,71	3,01	30,58	27,80	1455,68
859	03.09.2025 10:04:18	2,71	2,97	30,71	27,91	1455,85
860	03.09.2025 10:04:19	2,71	2,95	30,82	27,99	1455,99
861	03.09.2025 10:04:20	2,74	2,92	30,88	28,08	1456,23
862	03.09.2025 10:04:21	2,82	2,91	30,88	28,14	1456,55
863	03.09.2025 10:04:22	2,86	2,87	30,91	28,19	1456,75
864	03.09.2025 10:04:23	2,93	2,84	30,94	28,28	1457,12
865	03.09.2025 10:04:24	3,01	2,83	30,91	28,31	1457,39
866	03.09.2025 10:04:25	3,04	2,81	30,91	28,34	1457,55
867	03.09.2025 10:04:26	3,12	2,80	30,94	28,42	1457,91
868	03.09.2025 10:04:27	3,16	2,76	30,94	28,45	1458,06
869	03.09.2025 10:04:28	3,19	2,75	30,94	28,48	1458,22
870	03.09.2025 10:04:29	3,23	2,73	30,90	28,48	1458,33
871	03.09.2025 10:04:30	3,27	2,75	30,93	28,54	1458,54
872	03.09.2025 10:04:31	3,31	2,79	30,87	28,51	1458,62
873	03.09.2025 10:04:32	3,34	2,79	30,87	28,54	1458,78
874	03.09.2025 10:04:33	3,34	2,79	30,87	28,54	1458,78
875	03.09.2025 10:04:34	3,38	2,81	30,73	28,46	1458,76
876	03.09.2025 10:04:35	3,38	2,83	30,70	28,43	1458,72
877	03.09.2025 10:04:36	3,34	2,86	30,63	28,34	1458,48
878	03.09.2025 10:04:37	3,34	2,88	30,63	28,34	1458,48
879	03.09.2025 10:04:38	3,34	2,90	30,53	28,26	1458,35
880	03.09.2025 10:04:39	3,31	2,93	30,50	28,20	1458,16
881	03.09.2025 10:04:40	3,27	2,93	30,53	28,20	1458,04
882	03.09.2025 10:04:41	3,27	2,95	30,40	28,09	1457,87
883	03.09.2025 10:04:42	3,23	2,96	30,43	28,09	1457,76
884	03.09.2025 10:04:43	3,19	2,98	30,47	28,09	1457,64
885	03.09.2025 10:04:44	3,16	2,96	30,53	28,12	1457,57
886	03.09.2025 10:04:45	3,16	2,98	30,50	28,09	1457,53
887	03.09.2025 10:04:46	3,16	2,96	30,50	28,09	1457,52
888	03.09.2025 10:04:47	3,16	2,96	30,43	28,03	1457,43
889	03.09.2025 10:04:48	3,12	2,96	30,53	28,09	1457,41
890	03.09.2025 10:04:49	3,12	2,92	30,53	28,09	1457,40
891	03.09.2025 10:04:50	3,12	2,92	30,57	28,11	1457,44
892	03.09.2025 10:04:51	3,12	2,92	30,53	28,09	1457,40
893	03.09.2025 10:04:52	3,12	2,92	30,57	28,11	1457,44
894	03.09.2025 10:04:53	3,16	2,91	30,57	28,14	1457,60
895	03.09.2025 10:04:54	3,16	2,91	30,57	28,14	1457,60
896	03.09.2025 10:04:55	3,16	2,91	30,60	28,17	1457,65
897	03.09.2025 10:04:56	3,19	2,91	30,57	28,17	1457,76
898	03.09.2025 10:04:57	3,19	2,89	30,60	28,20	1457,80
899	03.09.2025 10:04:58	3,19	2,89	30,63	28,23	1457,85
900	03.09.2025 10:04:59	3,23	2,89	30,60	28,23	1457,96
901	03.09.2025 10:05:00	3,23	2,89	30,60	28,23	1457,96
902	03.09.2025 10:05:01	3,27	2,88	30,60	28,26	1458,12
903	03.09.2025 10:05:02	3,27	2,88	30,60	28,26	1458,12
904	03.09.2025 10:05:03	3,31	2,90	30,56	28,26	1458,24
905	03.09.2025 10:05:04	3,31	2,88	30,56	28,26	1458,24
906	03.09.2025 10:05:05	3,31	2,88	30,60	28,29	1458,28
907	03.09.2025 10:05:06	3,34	2,88	30,56	28,29	1458,40
908	03.09.2025 10:05:07	3,34	2,88	30,56	28,29	1458,40
909	03.09.2025 10:05:08	3,34	2,86	30,56	28,29	1458,39
910	03.09.2025 10:05:09	3,38	2,85	30,56	28,32	1458,55
911	03.09.2025 10:05:10	3,38	2,85	30,56	28,32	1458,55
912	03.09.2025 10:05:11	3,38	2,86	30,56	28,32	1458,55
913	03.09.2025 10:05:12	3,42	2,85	30,53	28,32	1458,66
914	03.09.2025 10:05:13	3,42	2,85	30,53	28,32	1458,66
915	03.09.2025 10:05:14	3,42	2,83	30,56	28,35	1458,70
916	03.09.2025 10:05:15	3,45	2,81	30,56	28,37	1458,86
917	03.09.2025 10:05:16	3,45	2,83	30,59	28,40	1458,91
918	03.09.2025 10:05:17	3,49	2,82	30,59	28,43	1459,06
919	03.09.2025 10:05:18	3,53	2,80	30,59	28,46	1459,22
920	03.09.2025 10:05:19	3,53	2,80	30,63	28,49	1459,26
921	03.09.2025 10:05:20	3,57	2,78	30,66	28,55	1459,46
922	03.09.2025 10:05:21	3,60	2,79	30,69	28,60	1459,66
923	03.09.2025 10:05:22	3,64	2,77	30,62	28,57	1459,73
924	03.09.2025 10:05:23	3,68	2,77	30,69	28,66	1459,97
925	03.09.2025 10:05:24	3,71	2,76	30,66	28,66	1460,08
926	03.09.2025 10:05:25	3,75	2,74	30,72	28,74	1460,32
927	03.09.2025 10:05:26	3,79	2,72	30,66	28,72	1460,39
928	03.09.2025 10:05:27	3,82	2,71	30,65	28,75	1460,54
929	03.09.2025 10:05:28	3,86	2,69	30,72	28,83	1460,78
930	03.09.2025 10:05:29	3,86	2,69	30,82	28,92	1460,91
931	03.09.2025 10:05:30	3,93	2,64	30,78	28,95	1461,16
932	03.09.2025 10:05:31	3,97	2,66	30,78	28,97	1461,32
933	03.09.2025 10:05:32	4,04	2,65	30,91	29,14	1461,80
934	03.09.2025 10:05:33	4,12	2,62	31,01	29,29	1462,23
935	03.09.2025 10:05:34	4,19	2,58	31,01	29,34	1462,53
936	03.09.2025 10:05:35	4,30	2,59	30,97	29,40	1462,94
937	03.09.2025 10:05:36	4,37	2,57	31,04	29,52	1463,33
938	03.09.2025 10:05:37	4,45	2,54	31,23	29,74	1463,87
939	03.09.2025 10:05:38	4,52	2,51	31,29	29,86	1464,25
940	03.09.2025 10:05:39	4,66	2,50	31,26	29,94	1464,81
941	03.09.2025 10:05:40	4,77	2,45	31,32	30,08	1465,33
942	03.09.2025 10:05:41	4,88	2,44	31,41	30,25	1465,89
943	03.09.2025 10:05:42	4,99	2,41	31,89	30,76	1466,95
944	03.09.2025 10:05:43	5,20	2,44	33,00	31,91	1469,26
945	03.09.2025 10:05:44	5,56	2,35	32,73	31,98	1470,34
946	03.09.2025 10:05:45	5,81	2,36	33,00	32,43	1471,69
947	03.09.2025 10:05:46	6,12	2,29	32,76	32,49	1472,64
948	03.09.2025 10:05:47	6,40	2,23	32,65	32,64	1473,61
949	03.09.2025 10:05:48	6,65	2,22	32,77	32,95	1474,72
950	03.09.2025 10:05:49	6,89	2,18	33,18	33,54	1476,19
951	03.09.2025 10:05:50	7,20	2,16	33,35	33,97	1477,61
952	03.09.2025 10:05:51	7,54	2,09	33,33	34,25	1478,89
953	03.09.2025 10:05:52	7,81	2,06	33,32	34,49	1479,92
954	03.09.2025 10:05:53	8,12	2,04	33,72	35,13	1481,58
955	03.09.2025 10:05:54	8,42	1,98	34,03	35,70	1483,10
956	03.09.2025 10:05:55	8,82	1,95	33,71	35,76	1484,20
957	03.09.2025 10:05:56	9,12	1,89	33,94	36,25	1485,58
958	03.09.2025 10:05:57	9,45	1,89	34,21	36,81	1487,13
959	03.09.2025 10:05:58	9,81	1,85	34,13	37,07	1488,35
960	03.09.2025 10:05:59	10,14	1,78	34,03	37,27	1489,39
961	03.09.2025 10:06:00	10,46	1,71	33,85	37,40	1490,32
962	03.09.2025 10:06:01	10,75	1,67	33,61	37,43	1491,05
963	03.09.2025 10:06:02	10,98	1,64	33,58	37,60	1491,81
964	03.09.2025 10:06:03	11,20	1,60	33,57	37,80	1492,58
965	03.09.2025 10:06:04	11,43	1,56	33,46	37,89	1493,22
966	03.09.2025 10:06:05	11,65	1,51	33,34	37,98	1493,85
967	03.09.2025 10:06:06	11,84	1,49	33,29	38,10	1494,43
968	03.09.2025 10:06:07	12,03	1,46	33,20	38,18	1494,98
969	03.09.2025 10:06:08	12,25	1,42	33,01	38,19	1495,50
970	03.09.2025 10:06:09	12,44	1,39	32,85	38,19	1495,94
971	03.09.2025 10:06:10	12,60	1,35	32,77	38,25	1496,37
972	03.09.2025 10:06:11	12,76	1,32	32,61	38,23	1496,71
973	03.09.2025 10:06:12	12,91	1,27	32,43	38,18	1497,01
974	03.09.2025 10:06:13	13,01	1,28	32,37	38,21	1497,26
975	03.09.2025 10:06:14	13,13	1,23	32,30	38,24	1497,58
976	03.09.2025 10:06:15	13,26	1,18	32,19	38,24	1497,86
977	03.09.2025 10:06:16	13,35	1,17	32,09	38,21	1498,05
978	03.09.2025 10:06:17	13,47	1,16	32,01	38,24	1498,37
979	03.09.2025 10:06:18	13,54	1,12	31,99	38,27	1498,54
980	03.09.2025 10:06:19	13,66	1,09	31,89	38,27	1498,82
981	03.09.2025 10:06:20	13,75	1,10	31,84	38,31	1499,07
982	03.09.2025 10:06:21	13,85	1,07	31,82	38,36	1499,34
983	03.09.2025 10:06:22	13,94	1,05	31,77	38,39	1499,59
984	03.09.2025 10:06:23	14,03	1,01	31,74	38,45	1499,86
985	03.09.2025 10:06:24	14,12	0,99	31,75	38,54	1500,16
986	03.09.2025 10:06:25	14,25	1,00	31,75	38,65	1500,57
987	03.09.2025 10:06:26	14,40	0,97	31,76	38,80	1501,07
988	03.09.2025 10:06:27	14,52	0,92	31,81	38,97	1501,53
989	03.09.2025 10:06:28	14,71	0,91	31,71	39,03	1502,00
990	03.09.2025 10:06:29	14,89	0,89	31,64	39,11	1502,51
991	03.09.2025 10:06:30	15,01	0,86	31,60	39,17	1502,84
992	03.09.2025 10:06:31	15,17	0,81	31,45	39,15	1503,14
993	03.09.2025 10:06:32	15,29	0,77	31,36	39,15	1503,41
994	03.09.2025 10:06:33	15,41	0,74	31,26	39,15	1503,68
995	03.09.2025 10:06:34	15,50	0,70	31,22	39,18	1503,91
996	03.09.2025 10:06:35	15,62	0,67	31,12	39,19	1504,18
997	03.09.2025 10:06:36	15,71	0,64	31,05	39,19	1504,38
998	03.09.2025 10:06:37	15,80	0,61	30,98	39,19	1504,57
999	03.09.2025 10:06:38	15,86	0,58	30,94	39,19	1504,70
1000	03.09.2025 10:06:39	15,96	0,53	30,89	39,22	1504,93
1001	03.09.2025 10:06:40	16,02	0,52	30,82	39,19	1505,03
1002	03.09.2025 10:06:41	16,08	0,48	30,80	39,22	1505,19
1003	03.09.2025 10:06:42	16,17	0,46	30,73	39,22	1505,39
1004	03.09.2025 10:06:43	16,23	0,42	30,69	39,23	1505,51
1005	03.09.2025 10:06:44	16,32	0,40	30,60	39,20	1505,68
1006	03.09.2025 10:06:45	16,35	0,42	30,55	39,17	1505,72
1007	03.09.2025 10:06:46	16,38	0,46	30,50	39,14	1505,77
1008	03.09.2025 10:06:47	16,41	0,52	30,48	39,15	1505,85
1009	03.09.2025 10:06:48	16,47	0,54	30,46	39,17	1506,01
1010	03.09.2025 10:06:49	16,53	0,51	30,41	39,18	1506,14
1011	03.09.2025 10:06:50	16,59	0,49	30,39	39,21	1506,30
1012	03.09.2025 10:06:51	16,65	0,47	30,35	39,21	1506,43
1013	03.09.2025 10:06:52	16,68	0,40	30,30	39,18	1506,45
1014	03.09.2025 10:06:53	16,74	0,35	30,26	39,18	1506,58
1015	03.09.2025 10:06:54	16,77	0,35	30,24	39,18	1506,64
1016	03.09.2025 10:06:55	16,83	0,31	30,19	39,18	1506,77
1017	03.09.2025 10:06:56	16,86	0,26	30,17	39,18	1506,83
1018	03.09.2025 10:06:57	16,92	0,24	30,13	39,18	1506,96
1019	03.09.2025 10:06:58	16,95	0,24	30,11	39,18	1507,02
1020	03.09.2025 10:06:59	16,98	0,22	30,08	39,18	1507,09
1021	03.09.2025 10:07:00	17,01	0,17	30,06	39,19	1507,14
1022	03.09.2025 10:07:01	17,07	0,15	30,02	39,19	1507,27
1023	03.09.2025 10:07:02	17,10	0,10	30,00	39,19	1507,33
1024	03.09.2025 10:07:03	17,13	0,08	29,97	39,19	1507,39
1025	03.09.2025 10:07:04	17,19	0,04	29,93	39,19	1507,52
1026	03.09.2025 10:07:05	17,22	0,08	29,91	39,19	1507,59
1027	03.09.2025 10:07:06	17,25	0,08	29,89	39,19	1507,65
1028	03.09.2025 10:07:07	17,28	0,06	29,87	39,19	1507,72
1029	03.09.2025 10:07:08	17,34	0,08	29,82	39,19	1507,85
1030	03.09.2025 10:07:09	17,37	0,10	29,80	39,19	1507,92
1031	03.09.2025 10:07:10	17,40	0,06	29,78	39,19	1507,98
1032	03.09.2025 10:07:11	17,40	0,03	29,78	39,19	1507,97
1033	03.09.2025 10:07:12	17,43	0,04	29,78	39,22	1508,07
1034	03.09.2025 10:07:13	17,46	0,01	29,74	39,19	1508,10
1035	03.09.2025 10:07:14	17,46	-0,03	29,76	39,22	1508,12
1036	03.09.2025 10:07:15	17,49	-0,05	29,74	39,22	1508,18
1037	03.09.2025 10:07:16	17,52	-0,08	29,72	39,22	1508,24
1038	03.09.2025 10:07:17	17,55	-0,12	29,70	39,22	1508,30
1039	03.09.2025 10:07:18	17,58	-0,12	29,65	39,20	1508,34
1040	03.09.2025 10:07:19	17,61	-0,13	21,26	29,04	1498,70
1041	03.09.2025 10:07:20	17,64	-0,13	21,52	29,38	1499,09
1042	03.09.2025 10:07:21	17,67	-0,13	21,57	29,46	1499,24
1043	03.09.2025 10:07:22	17,67	-0,13	21,62	29,52	1499,30
1044	03.09.2025 10:07:23	17,70	-0,12	21,88	29,86	1499,69
1045	03.09.2025 10:07:24	17,70	-0,13	21,63	29,55	1499,40
1046	03.09.2025 10:07:25	17,73	-0,13	21,59	29,52	1499,44
1047	03.09.2025 10:07:26	17,73	-0,13	19,55	26,97	1497,08
1048	03.09.2025 10:07:27	17,73	-0,13	19,68	27,14	1497,24
1049	03.09.2025 10:07:28	17,73	-0,12	19,66	27,11	1497,21
1050	03.09.2025 10:07:29	17,73	-0,12	19,71	27,17	1497,26
1051	03.09.2025 10:07:30	17,73	-0,12	19,71	27,17	1497,26
1052	03.09.2025 10:07:31	17,73	-0,13	19,59	27,03	1497,13
1053	03.09.2025 10:07:32	17,73	-0,12	19,64	27,09	1497,19
1054	03.09.2025 10:07:33	17,73	-0,12	19,71	27,17	1497,26
1055	03.09.2025 10:07:34	17,70	-0,10	16,56	23,17	1493,53
1056	03.09.2025 10:07:35	17,70	-0,10	16,88	23,57	1493,90
1057	03.09.2025 10:07:36	17,70	-0,10	16,88	23,57	1493,90
1058	03.09.2025 10:07:37	17,70	-0,10	1,36	2,25	1475,92
1059	03.09.2025 10:07:38	17,70	-0,10	1,70	2,78	1476,31
1060	03.09.2025 10:07:39	17,67	-0,12	1,63	2,67	1476,13
1061	03.09.2025 10:07:40	17,67	-0,12	1,97	3,20	1476,53
1062	03.09.2025 10:07:41	17,64	-0,08	0,48	0,83	1474,70
1063	03.09.2025 10:07:42	17,64	-0,08	0,36	0,62	1474,56
1064	03.09.2025 10:07:43	17,64	-0,08	0,30	0,54	1474,50
1065	03.09.2025 10:07:44	17,64	-0,08	0,32	0,56	1474,52
1066	03.09.2025 10:07:45	17,61	-0,08	0,32	0,56	1474,42
1067	03.09.2025 10:07:46	17,61	-0,08	0,29	0,51	1474,38
1068	03.09.2025 10:07:47	17,58	-0,08	0,30	0,54	1474,31
1069	03.09.2025 10:07:48	17,58	-0,06	0,32	0,56	1474,33
1070	03.09.2025 10:07:49	17,58	-0,08	0,30	0,54	1474,31
1071	03.09.2025 10:07:50	17,55	-0,06	0,29	0,51	1474,19
1072	03.09.2025 10:07:51	17,55	-0,06	0,29	0,51	1474,19
1073	03.09.2025 10:07:52	17,55	-0,06	0,31	0,54	1474,21
1074	03.09.2025 10:07:53	17,52	-0,08	0,29	0,51	1474,09
1075	03.09.2025 10:07:54	17,52	-0,06	0,27	0,48	1474,07
1076	03.09.2025 10:07:55	17,49	-0,06	0,29	0,51	1473,99
1077	03.09.2025 10:07:56	17,49	-0,05	0,29	0,51	1474,00
1078	03.09.2025 10:07:57	17,49	-0,06	0,27	0,48	1473,97
1079	03.09.2025 10:07:58	17,46	-0,06	0,27	0,48	1473,88
1080	03.09.2025 10:07:59	17,46	-0,06	0,27	0,48	1473,88
1081	03.09.2025 10:08:00	17,43	-0,08	0,27	0,48	1473,77
1082	03.09.2025 10:08:01	17,43	-0,06	0,27	0,48	1473,78
1083	03.09.2025 10:08:02	17,43	-0,08	0,27	0,48	1473,77
1084	03.09.2025 10:08:03	17,40	-0,08	0,27	0,48	1473,67
1085	03.09.2025 10:08:04	17,40	-0,08	0,27	0,48	1473,67
1086	03.09.2025 10:08:05	17,40	-0,08	0,27	0,48	1473,67
1087	03.09.2025 10:08:06	17,37	-0,08	0,26	0,45	1473,56
1088	03.09.2025 10:08:07	17,37	-0,06	0,27	0,48	1473,58
1089	03.09.2025 10:08:08	17,37	-0,08	0,29	0,51	1473,60
1090	03.09.2025 10:08:09	17,34	-0,08	0,26	0,45	1473,46
1091	03.09.2025 10:08:10	17,34	-0,08	0,26	0,45	1473,46
1092	03.09.2025 10:08:11	17,34	-0,06	0,29	0,51	1473,50
1093	03.09.2025 10:08:12	17,31	-0,08	0,29	0,51	1473,40
1094	03.09.2025 10:08:13	17,31	-0,06	0,26	0,45	1473,36
1095	03.09.2025 10:08:14	17,31	-0,06	0,27	0,48	1473,38
1096	03.09.2025 10:08:15	17,28	-0,06	0,29	0,51	1473,30
1097	03.09.2025 10:08:16	17,28	-0,05	0,27	0,48	1473,28
1098	03.09.2025 10:08:17	17,28	-0,08	0,26	0,45	1473,26
1099	03.09.2025 10:08:18	17,25	-0,06	0,27	0,48	1473,18
1100	03.09.2025 10:08:19	17,25	-0,06	0,27	0,48	1473,18
1101	03.09.2025 10:08:20	17,25	-0,08	0,27	0,48	1473,18
1102	03.09.2025 10:08:21	17,22	-0,06	0,26	0,45	1473,06
1103	03.09.2025 10:08:22	17,22	-0,06	0,27	0,48	1473,08
1104	03.09.2025 10:08:23	17,22	-0,06	0,27	0,48	1473,08
1105	03.09.2025 10:08:24	17,19	-0,08	0,27	0,48	1472,98
1106	03.09.2025 10:08:25	17,19	-0,06	0,24	0,42	1472,94
1107	03.09.2025 10:08:26	17,19	-0,06	0,24	0,42	1472,94
1108	03.09.2025 10:08:27	17,19	-0,06	0,26	0,45	1472,96
1109	03.09.2025 10:08:28	17,16	-0,06	0,27	0,48	1472,88
1110	03.09.2025 10:08:29	17,16	-0,05	0,26	0,45	1472,87
1111	03.09.2025 10:08:30	17,16	-0,06	0,24	0,42	1472,84
1112	03.09.2025 10:08:31	17,16	-0,06	0,24	0,42	1472,84
1113	03.09.2025 10:08:32	17,13	-0,05	0,27	0,48	1472,79
1114	03.09.2025 10:08:33	17,13	-0,06	0,26	0,45	1472,76
1115	03.09.2025 10:08:34	17,13	-0,05	0,24	0,42	1472,75
1116	03.09.2025 10:08:35	17,10	-0,08	0,24	0,42	1472,64
1117	03.09.2025 10:08:36	17,10	-0,08	0,24	0,42	1472,64
1118	03.09.2025 10:08:37	17,10	-0,08	0,26	0,45	1472,66
1119	03.09.2025 10:08:38	17,10	-0,06	0,26	0,45	1472,66
1120	03.09.2025 10:08:39	17,10	-0,08	0,27	0,48	1472,68
1121	03.09.2025 10:08:40	17,07	-0,08	0,27	0,48	1472,58
1122	03.09.2025 10:08:41	17,07	-0,06	0,27	0,48	1472,58
1123	03.09.2025 10:08:42	17,07	-0,06	0,27	0,48	1472,58
1124	03.09.2025 10:08:43	17,07	-0,06	0,26	0,45	1472,56
1125	03.09.2025 10:08:44	17,07	-0,08	0,24	0,42	1472,54
1126	03.09.2025 10:08:45	17,04	-0,08	0,26	0,45	1472,46
1127	03.09.2025 10:08:46	17,04	-0,06	0,24	0,42	1472,44
1128	03.09.2025 10:08:47	17,04	-0,06	0,22	0,39	1472,42
1129	03.09.2025 10:08:48	17,04	-0,06	0,24	0,42	1472,44
1130	03.09.2025 10:08:49	17,04	-0,06	0,26	0,45	1472,46
1131	03.09.2025 10:08:50	17,01	-0,08	0,24	0,42	1472,34
1132	03.09.2025 10:08:51	17,01	-0,06	0,24	0,42	1472,34
1133	03.09.2025 10:08:52	17,01	-0,08	0,24	0,42	1472,34
1134	03.09.2025 10:08:53	17,01	-0,06	0,24	0,42	1472,34
1135	03.09.2025 10:08:54	17,01	-0,06	0,26	0,45	1472,36
1136	03.09.2025 10:08:55	16,98	-0,06	0,26	0,45	1472,26
1137	03.09.2025 10:08:56	16,98	-0,08	0,22	0,39	1472,22
1138	03.09.2025 10:08:57	16,98	-0,06	0,24	0,42	1472,24
1139	03.09.2025 10:08:58	16,98	-0,06	0,26	0,45	1472,26
1140	03.09.2025 10:08:59	16,98	-0,08	0,24	0,42	1472,24
1141	03.09.2025 10:09:00	16,98	-0,08	0,24	0,42	1472,24
1142	03.09.2025 10:09:01	16,95	-0,08	0,24	0,42	1472,14
1143	03.09.2025 10:09:02	16,95	-0,06	0,24	0,42	1472,14
1144	03.09.2025 10:09:03	16,95	-0,08	0,24	0,42	1472,14
1145	03.09.2025 10:09:04	16,95	-0,06	0,24	0,42	1472,14
1146	03.09.2025 10:09:05	16,95	-0,06	0,24	0,42	1472,14
1147	03.09.2025 10:09:06	16,95	-0,08	0,24	0,42	1472,14
1148	03.09.2025 10:09:07	16,95	-0,08	0,24	0,42	1472,14
1149	03.09.2025 10:09:08	16,95	-0,06	0,24	0,42	1472,14
1150	03.09.2025 10:09:09	16,92	-0,06	0,24	0,42	1472,04
1151	03.09.2025 10:09:10	16,92	-0,08	0,24	0,42	1472,04
1152	03.09.2025 10:09:11	16,92	-0,08	0,22	0,39	1472,02
1153	03.09.2025 10:09:12	16,92	-0,06	0,24	0,42	1472,04
1154	03.09.2025 10:09:13	16,92	-0,08	0,24	0,42	1472,04
1155	03.09.2025 10:09:14	16,92	-0,08	0,22	0,39	1472,02
1156	03.09.2025 10:09:15	16,92	-0,06	0,22	0,39	1472,02
1157	03.09.2025 10:09:16	16,92	-0,06	0,24	0,42	1472,04
1158	03.09.2025 10:09:17	16,92	-0,08	0,24	0,42	1472,04
1159	03.09.2025 10:09:18	16,92	-0,06	0,24	0,42	1472,04
1160	03.09.2025 10:09:19	16,89	-0,06	0,22	0,39	1471,92
1161	03.09.2025 10:09:20	16,89	-0,06	0,21	0,36	1471,90
1162	03.09.2025 10:09:21	16,89	-0,06	0,24	0,42	1471,94
1163	03.09.2025 10:09:22	16,89	-0,06	0,26	0,45	1471,96
1164	03.09.2025 10:09:23	16,89	-0,08	0,22	0,39	1471,92
1165	03.09.2025 10:09:24	16,89	-0,08	0,22	0,39	1471,92
1166	03.09.2025 10:09:25	16,89	-0,06	0,24	0,42	1471,94
1167	03.09.2025 10:09:26	16,89	-0,08	0,24	0,42	1471,94
1168	03.09.2025 10:09:27	16,89	-0,08	0,22	0,39	1471,92
1169	03.09.2025 10:09:28	16,89	-0,06	0,24	0,42	1471,94
1170	03.09.2025 10:09:29	16,86	-0,06	0,24	0,42	1471,84
1171	03.09.2025 10:09:30	16,86	-0,06	0,21	0,36	1471,80
1172	03.09.2025 10:09:31	16,86	-0,06	0,24	0,42	1471,84
1173	03.09.2025 10:09:32	16,86	-0,06	0,26	0,45	1471,86
1174	03.09.2025 10:09:33	16,86	-0,06	0,21	0,36	1471,80
1175	03.09.2025 10:09:34	16,86	-0,06	0,22	0,39	1471,82
1176	03.09.2025 10:09:35	16,86	-0,08	0,24	0,42	1471,84
1177	03.09.2025 10:09:36	16,86	-0,06	0,22	0,39	1471,82
1178	03.09.2025 10:09:37	16,86	-0,06	0,24	0,42	1471,84
1179	03.09.2025 10:09:38	16,86	-0,06	0,24	0,42	1471,84
1180	03.09.2025 10:09:39	16,86	-0,08	0,22	0,39	1471,82
1181	03.09.2025 10:09:40	16,86	-0,06	0,22	0,39	1471,82
1182	03.09.2025 10:09:41	16,86	-0,08	0,24	0,42	1471,84
1183	03.09.2025 10:09:42	16,86	-0,06	0,22	0,39	1471,82
1184	03.09.2025 10:09:43	16,86	-0,08	0,22	0,39	1471,82
1185	03.09.2025 10:09:44	16,83	-0,06	0,22	0,39	1471,72
1186	03.09.2025 10:09:45	16,83	-0,06	0,22	0,39	1471,72
1187	03.09.2025 10:09:46	16,83	-0,06	0,24	0,42	1471,74
1188	03.09.2025 10:09:47	16,83	-0,06	0,24	0,42	1471,74
1189	03.09.2025 10:09:48	16,83	-0,06	0,21	0,36	1471,70
1190	03.09.2025 10:09:49	16,83	-0,06	0,22	0,39	1471,72
1191	03.09.2025 10:09:50	16,83	-0,06	0,24	0,42	1471,74
1192	03.09.2025 10:09:51	16,83	-0,06	0,22	0,39	1471,72
1193	03.09.2025 10:09:52	16,83	-0,06	0,22	0,39	1471,72
1194	03.09.2025 10:09:53	16,83	-0,08	0,22	0,39	1471,72
1195	03.09.2025 10:09:54	16,83	-0,06	0,22	0,39	1471,72
1196	03.09.2025 10:09:55	16,83	-0,06	0,22	0,39	1471,72
1197	03.09.2025 10:09:56	16,83	-0,06	0,22	0,39	1471,72
1198	03.09.2025 10:09:57	16,83	-0,08	0,24	0,42	1471,74
1199	03.09.2025 10:09:58	16,83	-0,06	0,22	0,39	1471,72
1200	03.09.2025 10:09:59	16,83	-0,08	0,22	0,39	1471,72
1201	03.09.2025 10:10:00	16,83	-0,06	0,24	0,42	1471,74
1202	03.09.2025 10:10:01	16,83	-0,06	0,24	0,42	1471,74
1203	03.09.2025 10:10:02	16,83	-0,08	0,22	0,39	1471,72
1204	03.09.2025 10:10:03	16,83	-0,08	0,22	0,39	1471,72
1205	03.09.2025 10:10:04	16,83	-0,08	0,22	0,39	1471,72
1206	03.09.2025 10:10:05	16,83	-0,06	0,24	0,42	1471,74
1207	03.09.2025 10:10:06	16,83	-0,06	0,24	0,42	1471,74
1208	03.09.2025 10:10:07	16,83	-0,06	0,21	0,36	1471,70
1209	03.09.2025 10:10:08	16,83	-0,06	0,22	0,39	1471,72
1210	03.09.2025 10:10:09	16,83	-0,06	0,24	0,42	1471,74
1211	03.09.2025 10:10:10	16,83	-0,08	0,22	0,39	1471,72
1212	03.09.2025 10:10:11	16,83	-0,06	0,21	0,36	1471,70
1213	03.09.2025 10:10:12	16,83	-0,06	0,22	0,39	1471,72
1214	03.09.2025 10:10:13	16,80	-0,08	0,22	0,39	1471,62
1215	03.09.2025 10:10:14	16,83	-0,08	0,22	0,39	1471,72
1216	03.09.2025 10:10:15	16,83	-0,06	0,22	0,39	1471,72
1217	03.09.2025 10:10:16	16,80	-0,06	0,22	0,39	1471,62
1218	03.09.2025 10:10:17	16,80	-0,06	0,22	0,39	1471,62
1219	03.09.2025 10:10:18	16,83	-0,06	0,22	0,39	1471,72
1220	03.09.2025 10:10:19	16,80	-0,06	0,22	0,39	1471,62
1221	03.09.2025 10:10:20	16,83	-0,08	0,22	0,39	1471,72
1222	03.09.2025 10:10:21	16,83	-0,08	0,21	0,36	1471,70
1223	03.09.2025 10:10:22	16,80	-0,06	0,22	0,39	1471,62
1224	03.09.2025 10:10:23	16,80	-0,08	0,24	0,42	1471,64
1225	03.09.2025 10:10:24	16,80	-0,08	0,22	0,39	1471,62
1226	03.09.2025 10:10:25	16,80	-0,06	0,21	0,36	1471,60
1227	03.09.2025 10:10:26	16,83	-0,08	0,22	0,39	1471,72
1228	03.09.2025 10:10:27	16,83	-0,06	0,24	0,42	1471,74
1229	03.09.2025 10:10:28	16,83	-0,06	0,21	0,36	1471,70
1230	03.09.2025 10:10:29	16,83	-0,08	0,22	0,39	1471,72
1231	03.09.2025 10:10:30	16,83	-0,06	0,22	0,39	1471,72
1232	03.09.2025 10:10:31	16,83	-0,06	0,21	0,36	1471,70
1233	03.09.2025 10:10:32	16,83	-0,06	0,22	0,39	1471,72
1234	03.09.2025 10:10:33	16,83	-0,06	0,24	0,42	1471,74
1235	03.09.2025 10:10:34	16,83	-0,06	0,21	0,36	1471,70
1236	03.09.2025 10:10:35	16,83	-0,08	0,21	0,36	1471,70
1237	03.09.2025 10:10:36	16,83	-0,06	0,24	0,42	1471,74
1238	03.09.2025 10:10:37	16,83	-0,08	0,21	0,36	1471,70
1239	03.09.2025 10:10:38	16,83	-0,06	0,22	0,39	1471,72
1240	03.09.2025 10:10:39	16,83	-0,08	0,22	0,39	1471,72
1241	03.09.2025 10:10:40	16,83	-0,08	0,22	0,39	1471,72
1242	03.09.2025 10:10:41	16,83	-0,08	0,21	0,36	1471,70
1243	03.09.2025 10:10:42	16,83	-0,08	0,24	0,42	1471,74
1244	03.09.2025 10:10:43	16,83	-0,08	0,22	0,39	1471,72
1245	03.09.2025 10:10:44	16,83	-0,08	0,21	0,36	1471,70
1246	03.09.2025 10:10:45	16,83	-0,06	0,24	0,42	1471,74
1247	03.09.2025 10:10:46	16,83	-0,06	0,22	0,39	1471,72
1248	03.09.2025 10:10:47	16,83	-0,06	0,19	0,33	1471,68
1249	03.09.2025 10:10:48	16,83	-0,06	0,24	0,42	1471,74
1250	03.09.2025 10:10:49	16,83	-0,08	0,24	0,42	1471,74
1251	03.09.2025 10:10:50	16,83	-0,06	0,19	0,33	1471,68
1252	03.09.2025 10:10:51	16,83	-0,06	0,21	0,36	1471,70
1253	03.09.2025 10:10:52	16,83	-0,08	0,22	0,39	1471,72
1254	03.09.2025 10:10:53	16,83	-0,06	0,21	0,36	1471,70
1255	03.09.2025 10:10:54	16,83	-0,08	0,21	0,36	1471,70
1256	03.09.2025 10:10:55	16,83	-0,08	0,21	0,36	1471,70
1257	03.09.2025 10:10:56	16,83	-0,08	0,22	0,39	1471,72
1258	03.09.2025 10:10:57	16,83	-0,06	0,21	0,36	1471,70
1259	03.09.2025 10:10:58	16,83	-0,06	0,21	0,36	1471,70
1260	03.09.2025 10:10:59	16,83	-0,06	0,19	0,33	1471,68
1261	03.09.2025 10:11:00	16,83	-0,08	0,22	0,39	1471,72
1262	03.09.2025 10:11:01	16,83	-0,06	0,21	0,36	1471,70
1263	03.09.2025 10:11:02	16,83	-0,06	0,21	0,36	1471,70
1264	03.09.2025 10:11:03	16,83	-0,06	0,21	0,36	1471,70
1265	03.09.2025 10:11:04	16,83	-0,08	0,19	0,33	1471,68
1266	03.09.2025 10:11:05	16,83	-0,08	0,21	0,36	1471,70
1267	03.09.2025 10:11:06	16,83	-0,06	0,22	0,39	1471,72
1268	03.09.2025 10:11:07	16,83	-0,06	0,21	0,36	1471,70
1269	03.09.2025 10:11:08	16,86	-0,06	0,21	0,36	1471,80
1270	03.09.2025 10:11:09	16,83	-0,08	0,21	0,36	1471,70
1271	03.09.2025 10:11:10	16,83	-0,08	0,63	1,06	1472,19
1272	03.09.2025 10:11:11	16,86	-0,08	0,95	1,57	1472,67
1273	03.09.2025 10:11:12	16,86	-0,06	0,49	0,83	1472,13
1274	03.09.2025 10:11:13	16,86	-0,08	0,50	0,86	1472,14
1275	03.09.2025 10:11:14	16,86	-0,08	0,52	0,88	1472,17
1276	03.09.2025 10:11:15	16,86	-0,08	0,50	0,86	1472,14
1277	03.09.2025 10:11:16	16,89	-0,08	0,49	0,83	1472,22
1278	03.09.2025 10:11:17	16,89	-0,08	0,54	0,91	1472,29
1279	03.09.2025 10:11:18	16,89	-0,08	0,50	0,86	1472,25
1280	03.09.2025 10:11:19	16,89	-0,08	0,52	0,88	1472,27
1281	03.09.2025 10:11:20	16,89	-0,06	0,50	0,86	1472,25
1282	03.09.2025 10:11:21	16,89	-0,06	0,47	0,80	1472,21
1283	03.09.2025 10:11:22	16,92	-0,08	0,49	0,83	1472,32
1284	03.09.2025 10:11:23	16,92	-0,08	0,54	0,91	1472,39
1285	03.09.2025 10:11:24	16,92	-0,08	0,56	0,94	1472,41
1286	03.09.2025 10:11:25	16,92	-0,08	0,57	0,97	1472,43
1287	03.09.2025 10:11:26	16,92	-0,08	0,59	1,00	1472,45
1288	03.09.2025 10:11:27	16,92	-0,08	0,38	0,65	1472,20
1289	03.09.2025 10:11:28	16,92	-0,08	0,61	1,03	1472,47
1290	03.09.2025 10:11:29	16,92	-0,08	0,47	0,80	1472,30
1291	03.09.2025 10:11:30	16,92	-0,06	0,57	0,97	1472,43
1292	03.09.2025 10:11:31	16,92	-0,08	0,57	0,97	1472,43
1293	03.09.2025 10:11:32	16,92	-0,08	0,56	0,94	1472,41
1294	03.09.2025 10:11:33	16,92	-0,08	0,56	0,94	1472,41
1295	03.09.2025 10:11:34	16,95	-0,08	0,61	1,03	1472,57
1296	03.09.2025 10:11:35	16,95	-0,08	0,63	1,06	1472,59
1297	03.09.2025 10:11:36	16,95	-0,08	0,57	0,97	1472,53
1298	03.09.2025 10:11:37	16,95	-0,10	0,59	1,00	1472,55
1299	03.09.2025 10:11:38	16,95	-0,08	0,57	0,97	1472,53
1300	03.09.2025 10:11:39	16,95	-0,08	0,57	0,97	1472,53
1301	03.09.2025 10:11:40	16,95	-0,08	0,59	1,00	1472,55
1302	03.09.2025 10:11:41	16,95	-0,08	0,57	0,97	1472,53
1303	03.09.2025 10:11:42	16,95	-0,08	0,41	0,71	1472,34
1304	03.09.2025 10:11:43	16,95	-0,08	0,56	0,94	1472,51
1305	03.09.2025 10:11:44	16,95	-0,08	0,56	0,94	1472,51
1306	03.09.2025 10:11:45	16,95	-0,08	0,65	1,09	1472,61
1307	03.09.2025 10:11:46	16,95	-0,08	0,65	1,09	1472,61
1308	03.09.2025 10:11:47	16,95	-0,08	0,65	1,09	1472,61
1309	03.09.2025 10:11:48	16,95	-0,08	0,66	1,12	1472,63
1310	03.09.2025 10:11:49	16,95	-0,08	0,65	1,09	1472,61
1311	03.09.2025 10:11:50	16,95	-0,08	0,66	1,12	1472,63
1312	03.09.2025 10:11:51	16,95	-0,08	0,63	1,06	1472,59
1313	03.09.2025 10:11:52	16,95	-0,08	0,63	1,06	1472,59
1314	03.09.2025 10:11:53	16,95	-0,08	0,54	0,91	1472,49
1315	03.09.2025 10:11:54	16,95	-0,08	0,56	0,94	1472,51
1316	03.09.2025 10:11:55	16,95	-0,08	0,61	1,03	1472,57
1317	03.09.2025 10:11:56	16,98	-0,08	0,59	1,00	1472,65
1318	03.09.2025 10:11:57	16,98	-0,08	0,59	1,00	1472,65
1319	03.09.2025 10:11:58	16,98	-0,08	0,56	0,94	1472,61
1320	03.09.2025 10:11:59	16,98	-0,08	0,59	1,00	1472,65
1321	03.09.2025 10:12:00	16,98	-0,08	0,61	1,03	1472,67
1322	03.09.2025 10:12:01	16,98	-0,08	0,61	1,03	1472,67
1323	03.09.2025 10:12:02	16,98	-0,06	0,61	1,03	1472,67
1324	03.09.2025 10:12:03	16,98	-0,10	0,59	1,00	1472,65
1325	03.09.2025 10:12:04	16,98	-0,08	0,57	0,97	1472,63
1326	03.09.2025 10:12:05	16,98	-0,08	0,57	0,97	1472,63
1327	03.09.2025 10:12:06	16,98	-0,08	0,57	0,97	1472,63
1328	03.09.2025 10:12:07	16,98	-0,08	0,17	0,30	1472,16
1329	03.09.2025 10:12:08	16,98	-0,08	0,11	0,19	1472,09
1330	03.09.2025 10:12:09	17,01	-0,08	0,09	0,16	1472,17
1331	03.09.2025 10:12:10	17,01	-0,08	0,08	0,13	1472,15
1332	03.09.2025 10:12:11	17,01	-0,08	0,08	0,13	1472,15
1333	03.09.2025 10:12:12	17,01	-0,08	0,08	0,13	1472,15
1334	03.09.2025 10:12:13	17,01	-0,08	0,06	0,10	1472,13
1335	03.09.2025 10:12:14	17,01	-0,08	0,06	0,10	1472,13
1336	03.09.2025 10:12:15	17,01	-0,08	0,06	0,10	1472,13
1337	03.09.2025 10:12:16	17,01	-0,08	0,06	0,10	1472,13
1338	03.09.2025 10:12:17	17,01	-0,08	0,06	0,10	1472,13
1339	03.09.2025 10:12:18	17,01	-0,08	0,06	0,10	1472,13
1340	03.09.2025 10:12:19	17,01	-0,08	0,06	0,10	1472,13
1341	03.09.2025 10:12:20	17,01	-0,08	0,04	0,07	1472,11
1342	03.09.2025 10:12:21	17,01	-0,08	0,04	0,07	1472,11
1343	03.09.2025 10:12:22	17,01	-0,08	0,04	0,07	1472,11
1344	03.09.2025 10:12:23	17,01	-0,06	0,04	0,07	1472,11
1345	03.09.2025 10:12:24	17,01	-0,08	0,04	0,07	1472,11
1346	03.09.2025 10:12:25	17,01	-0,06	0,04	0,07	1472,11
1347	03.09.2025 10:12:26	17,01	-0,08	0,04	0,07	1472,11
1348	03.09.2025 10:12:27	17,01	-0,08	0,04	0,07	1472,11
1349	03.09.2025 10:12:28	17,01	-0,06	0,04	0,07	1472,11
1350	03.09.2025 10:12:29	17,01	-0,08	0,04	0,07	1472,11
1351	03.09.2025 10:12:30	17,01	-0,06	0,04	0,07	1472,11
1352	03.09.2025 10:12:31	17,01	-0,08	0,04	0,07	1472,11
1353	03.09.2025 10:12:32	17,01	-0,08	0,04	0,07	1472,11
1354	03.09.2025 10:12:33	17,01	-0,06	0,04	0,07	1472,11
1355	03.09.2025 10:12:34	17,01	-0,08	0,04	0,07	1472,11
1356	03.09.2025 10:12:35	17,01	-0,08	0,04	0,07	1472,11
1357	03.09.2025 10:12:36	17,01	-0,06	0,04	0,07	1472,11
1358	03.09.2025 10:12:37	17,01	-0,08	0,04	0,07	1472,11
1359	03.09.2025 10:12:38	17,01	-0,06	0,04	0,07	1472,11
1360	03.09.2025 10:12:39	17,01	-0,08	0,04	0,07	1472,11
1361	03.09.2025 10:12:40	17,01	-0,08	0,04	0,07	1472,11
1362	03.09.2025 10:12:41	17,04	-0,08	0,04	0,07	1472,21
1363	03.09.2025 10:12:42	17,04	-0,06	0,04	0,07	1472,22
1364	03.09.2025 10:12:43	17,04	-0,06	0,04	0,07	1472,22
1365	03.09.2025 10:12:44	17,04	-0,08	0,04	0,07	1472,21
1366	03.09.2025 10:12:45	17,04	-0,08	0,04	0,07	1472,21
1367	03.09.2025 10:12:46	17,04	-0,06	0,04	0,07	1472,22
1368	03.09.2025 10:12:47	17,04	-0,08	0,04	0,07	1472,21
1369	03.09.2025 10:12:48	17,04	-0,08	0,04	0,07	1472,21
1370	03.09.2025 10:12:49	17,04	-0,08	0,04	0,07	1472,21
1371	03.09.2025 10:12:50	17,04	-0,08	0,04	0,07	1472,21
1372	03.09.2025 10:12:51	17,04	-0,06	0,04	0,07	1472,22
1373	03.09.2025 10:12:52	17,04	-0,06	0,04	0,07	1472,22
1374	03.09.2025 10:12:53	17,04	-0,06	0,04	0,07	1472,22
1375	03.09.2025 10:12:54	17,04	-0,08	0,04	0,07	1472,21
1376	03.09.2025 10:12:55	17,04	-0,06	0,04	0,07	1472,22
1377	03.09.2025 10:12:56	17,04	-0,08	0,04	0,07	1472,21
1378	03.09.2025 10:12:57	17,04	-0,06	0,04	0,07	1472,22
1379	03.09.2025 10:12:58	17,04	-0,08	0,04	0,07	1472,21
1380	03.09.2025 10:12:59	17,04	-0,06	0,04	0,07	1472,22
1381	03.09.2025 10:13:00	17,07	-0,08	0,04	0,07	1472,31
1382	03.09.2025 10:13:01	17,07	-0,08	0,04	0,07	1472,31
1383	03.09.2025 10:13:02	17,07	-0,08	0,04	0,07	1472,31
1384	03.09.2025 10:13:03	17,07	-0,08	0,04	0,07	1472,31
1385	03.09.2025 10:13:04	17,07	-0,08	0,04	0,07	1472,31
1386	03.09.2025 10:13:05	17,07	-0,08	0,04	0,07	1472,31
1387	03.09.2025 10:13:06	17,07	-0,08	0,04	0,07	1472,31
1388	03.09.2025 10:13:07	17,07	-0,08	0,04	0,07	1472,31
1389	03.09.2025 10:13:08	17,07	-0,08	0,04	0,07	1472,31
1390	03.09.2025 10:13:09	17,07	-0,08	0,03	0,04	1472,29
1391	03.09.2025 10:13:10	17,07	-0,08	0,04	0,07	1472,31
1392	03.09.2025 10:13:11	17,10	-0,08	0,04	0,07	1472,41
1393	03.09.2025 10:13:12	17,10	-0,08	0,04	0,07	1472,41
1394	03.09.2025 10:13:13	17,10	-0,08	0,04	0,07	1472,41
1395	03.09.2025 10:13:14	17,10	-0,08	0,04	0,07	1472,41
1396	03.09.2025 10:13:15	17,10	-0,10	0,04	0,07	1472,41
1397	03.09.2025 10:13:16	17,10	-0,08	0,04	0,07	1472,41
1398	03.09.2025 10:13:17	17,10	-0,08	0,04	0,07	1472,41
1399	03.09.2025 10:13:18	17,10	-0,08	0,04	0,07	1472,41
1400	03.09.2025 10:13:19	17,10	-0,06	0,04	0,07	1472,42
1401	03.09.2025 10:13:20	17,10	-0,08	0,04	0,07	1472,41
1402	03.09.2025 10:13:21	17,13	-0,06	0,04	0,07	1472,52
1403	03.09.2025 10:13:22	17,13	-0,06	0,03	0,04	1472,50
1404	03.09.2025 10:13:23	17,13	-0,06	0,03	0,04	1472,50
1405	03.09.2025 10:13:24	17,13	-0,06	0,03	0,04	1472,50
1406	03.09.2025 10:13:25	17,13	-0,06	0,03	0,04	1472,50
1407	03.09.2025 10:13:26	17,13	-0,06	0,03	0,04	1472,50
1408	03.09.2025 10:13:27	17,13	-0,06	0,03	0,04	1472,50
1409	03.09.2025 10:13:28	17,13	-0,06	0,03	0,04	1472,50
1410	03.09.2025 10:13:29	17,13	-0,05	0,03	0,04	1472,50
1411	03.09.2025 10:13:30	17,13	-0,06	0,03	0,04	1472,50
1412	03.09.2025 10:13:31	17,13	-0,06	0,03	0,04	1472,50
1413	03.09.2025 10:13:32	17,16	-0,05	0,03	0,04	1472,60
1414	03.09.2025 10:13:33	17,16	-0,06	0,03	0,04	1472,60
1415	03.09.2025 10:13:34	17,16	-0,06	0,03	0,04	1472,60
1416	03.09.2025 10:13:35	17,16	-0,06	0,03	0,04	1472,60
1417	03.09.2025 10:13:36	17,16	-0,06	0,03	0,04	1472,60
1418	03.09.2025 10:13:37	17,16	-0,06	0,03	0,04	1472,60
1419	03.09.2025 10:13:38	17,16	-0,06	0,03	0,04	1472,60
1420	03.09.2025 10:13:39	17,16	-0,08	0,03	0,04	1472,60
1421	03.09.2025 10:13:40	17,16	-0,06	0,03	0,04	1472,60
1422	03.09.2025 10:13:41	17,19	-0,06	0,03	0,04	1472,70
1423	03.09.2025 10:13:42	17,19	-0,06	0,03	0,04	1472,70
1424	03.09.2025 10:13:43	17,19	-0,06	0,03	0,04	1472,70
1425	03.09.2025 10:13:44	17,19	-0,08	0,03	0,04	1472,70
1426	03.09.2025 10:13:45	17,19	-0,06	0,03	0,04	1472,70
1427	03.09.2025 10:13:46	17,19	-0,05	0,03	0,04	1472,70
1428	03.09.2025 10:13:47	17,19	-0,06	0,03	0,04	1472,70
1429	03.09.2025 10:13:48	17,22	-0,06	0,03	0,04	1472,80
1430	03.09.2025 10:13:49	17,22	-0,06	0,03	0,04	1472,80
1431	03.09.2025 10:13:50	17,22	-0,06	0,03	0,04	1472,80
1432	03.09.2025 10:13:51	17,22	-0,06	0,03	0,04	1472,80
1433	03.09.2025 10:13:52	17,22	-0,06	0,03	0,04	1472,80
1434	03.09.2025 10:13:53	17,22	-0,06	0,03	0,04	1472,80
1435	03.09.2025 10:13:54	17,22	-0,06	0,03	0,04	1472,80
1436	03.09.2025 10:13:55	17,22	-0,06	0,03	0,04	1472,80
1437	03.09.2025 10:13:56	17,22	-0,06	0,03	0,04	1472,80
1438	03.09.2025 10:13:57	17,22	-0,06	0,03	0,04	1472,80
1439	03.09.2025 10:13:58	17,25	-0,08	0,03	0,04	1472,89
1440	03.09.2025 10:13:59	17,25	-0,08	0,03	0,04	1472,89
1441	03.09.2025 10:14:00	17,25	-0,06	0,03	0,04	1472,90
1442	03.09.2025 10:14:01	17,25	-0,06	0,03	0,04	1472,90
1443	03.09.2025 10:14:02	17,25	-0,08	0,03	0,04	1472,89
1444	03.09.2025 10:14:03	17,25	-0,06	0,03	0,04	1472,90
1445	03.09.2025 10:14:04	17,25	-0,06	0,03	0,04	1472,90
1446	03.09.2025 10:14:05	17,28	-0,06	0,03	0,04	1473,00
1447	03.09.2025 10:14:06	17,28	-0,08	0,03	0,04	1472,99
1448	03.09.2025 10:14:07	17,28	-0,06	0,03	0,04	1473,00
1449	03.09.2025 10:14:08	17,28	-0,06	0,03	0,04	1473,00
1450	03.09.2025 10:14:09	17,28	-0,06	0,03	0,04	1473,00
1451	03.09.2025 10:14:10	17,28	-0,06	0,03	0,04	1473,00
1452	03.09.2025 10:14:11	17,28	-0,08	0,03	0,04	1472,99
1453	03.09.2025 10:14:12	17,31	-0,06	0,03	0,04	1473,10
1454	03.09.2025 10:14:13	17,31	-0,08	0,03	0,04	1473,09
1455	03.09.2025 10:14:14	17,31	-0,06	0,03	0,04	1473,10
1456	03.09.2025 10:14:15	17,31	-0,06	0,03	0,04	1473,10
1457	03.09.2025 10:14:16	17,31	-0,08	0,03	0,04	1473,09
1458	03.09.2025 10:14:17	17,31	-0,06	0,03	0,04	1473,10
1459	03.09.2025 10:14:18	17,31	-0,08	0,03	0,04	1473,09
1460	03.09.2025 10:14:19	17,31	-0,08	0,03	0,04	1473,09
1461	03.09.2025 10:14:20	17,34	-0,06	0,03	0,04	1473,20
1462	03.09.2025 10:14:21	17,34	-0,08	0,03	0,04	1473,19
1463	03.09.2025 10:14:22	17,34	-0,06	0,03	0,04	1473,20
1464	03.09.2025 10:14:23	17,34	-0,06	0,03	0,04	1473,20
1465	03.09.2025 10:14:24	17,34	-0,06	0,03	0,04	1473,20
1466	03.09.2025 10:14:25	17,34	-0,08	0,03	0,04	1473,19
1467	03.09.2025 10:14:26	17,34	-0,08	0,03	0,04	1473,19
1468	03.09.2025 10:14:27	17,34	-0,08	0,03	0,04	1473,19
1469	03.09.2025 10:14:28	17,37	-0,06	0,03	0,04	1473,30
1470	03.09.2025 10:14:29	17,37	-0,08	0,03	0,04	1473,29
1471	03.09.2025 10:14:30	17,37	-0,08	0,03	0,04	1473,29
1472	03.09.2025 10:14:31	17,37	-0,08	0,03	0,04	1473,29
1473	03.09.2025 10:14:32	17,37	-0,08	0,03	0,04	1473,29
1474	03.09.2025 10:14:33	17,37	-0,06	0,03	0,04	1473,30
1475	03.09.2025 10:14:34	17,37	-0,08	0,03	0,04	1473,29
1476	03.09.2025 10:14:35	17,40	-0,06	0,03	0,04	1473,39
1477	03.09.2025 10:14:36	17,40	-0,08	0,03	0,04	1473,39
1478	03.09.2025 10:14:37	17,40	-0,08	0,03	0,04	1473,39
1479	03.09.2025 10:14:38	17,40	-0,08	0,03	0,04	1473,39
1480	03.09.2025 10:14:39	17,40	-0,08	0,03	0,04	1473,39
1481	03.09.2025 10:14:40	17,40	-0,06	0,03	0,04	1473,39
1482	03.09.2025 10:14:41	17,40	-0,08	0,03	0,04	1473,39
1483	03.09.2025 10:14:42	17,40	-0,08	0,03	0,04	1473,39
1484	03.09.2025 10:14:43	17,40	-0,08	0,03	0,04	1473,39
1485	03.09.2025 10:14:44	17,43	-0,06	0,03	0,04	1473,49
1486	03.09.2025 10:14:45	17,43	-0,08	0,03	0,04	1473,49
1487	03.09.2025 10:14:46	17,43	-0,08	0,03	0,04	1473,49
1488	03.09.2025 10:14:47	17,43	-0,06	0,03	0,04	1473,49
1489	03.09.2025 10:14:48	17,43	-0,06	0,03	0,04	1473,49
1490	03.09.2025 10:14:49	17,43	-0,08	0,03	0,04	1473,49
1491	03.09.2025 10:14:50	17,43	-0,06	0,03	0,04	1473,49
1492	03.09.2025 10:14:51	17,43	-0,08	0,03	0,04	1473,49
1493	03.09.2025 10:14:52	17,43	-0,06	0,03	0,04	1473,49
1494	03.09.2025 10:14:53	17,46	-0,06	0,03	0,04	1473,59
1495	03.09.2025 10:14:54	17,46	-0,06	0,24	0,42	1473,84
1496	03.09.2025 10:14:55	17,46	-0,06	0,11	0,19	1473,68
1497	03.09.2025 10:14:56	17,46	-0,06	0,07	0,13	1473,65
1498	03.09.2025 10:14:57	17,46	-0,08	0,09	0,16	1473,66
1499	03.09.2025 10:14:58	17,49	-0,06	0,27	0,48	1473,97
1500	03.09.2025 10:14:59	17,49	-0,06	0,11	0,19	1473,78
1501	03.09.2025 10:15:00	17,49	-0,06	0,09	0,16	1473,76
1502	03.09.2025 10:15:01	17,49	-0,06	0,06	0,10	1473,73
1503	03.09.2025 10:15:02	17,49	-0,06	0,22	0,39	1473,92
1504	03.09.2025 10:15:03	17,52	-0,06	0,07	0,13	1473,84
1505	03.09.2025 10:15:04	17,52	-0,08	0,09	0,16	1473,86
1506	03.09.2025 10:15:05	17,52	-0,06	0,07	0,13	1473,84
1507	03.09.2025 10:15:06	17,52	-0,08	0,07	0,13	1473,84
1508	03.09.2025 10:15:07	17,55	-0,06	0,06	0,10	1473,92
1509	03.09.2025 10:15:08	17,58	-0,08	0,07	0,13	1474,04
1510	03.09.2025 10:15:09	17,58	-0,10	0,06	0,10	1474,02
1511	03.09.2025 10:15:10	17,58	-0,08	0,04	0,07	1474,00
1512	03.09.2025 10:15:11	17,58	-0,06	0,04	0,07	1474,01
1513	03.09.2025 10:15:12	17,58	-0,08	0,06	0,10	1474,02
1514	03.09.2025 10:15:13	17,61	-0,08	0,04	0,07	1474,10
1515	03.09.2025 10:15:14	17,64	-0,08	0,04	0,07	1474,20
1516	03.09.2025 10:15:15	17,67	-0,08	0,04	0,07	1474,30
1517	03.09.2025 10:15:16	17,70	-0,08	0,04	0,07	1474,40
1518	03.09.2025 10:15:17	17,73	-0,08	0,07	0,13	1474,53
1519	03.09.2025 10:15:18	17,76	-0,08	0,06	0,10	1474,61
1520	03.09.2025 10:15:19	17,79	-0,10	0,04	0,07	1474,69
1521	03.09.2025 10:15:20	17,88	-0,10	0,04	0,07	1474,98
1522	03.09.2025 10:15:21	17,93	-0,05	0,09	0,16	1475,24
1523	03.09.2025 10:15:22	18,17	-0,06	0,09	0,16	1476,01
1524	03.09.2025 10:15:23	18,38	-0,10	0,06	0,10	1476,65
1525	03.09.2025 10:15:24	18,53	-0,12	0,10	0,19	1477,17
1526	03.09.2025 10:15:25	18,62	-0,12	0,07	0,13	1477,43
1527	03.09.2025 10:15:26	18,74	-0,15	0,06	0,10	1477,78
1528	03.09.2025 10:15:27	18,83	-0,12	0,10	0,19	1478,13
1529	03.09.2025 10:15:28	18,88	-0,15	0,09	0,16	1478,29
1530	03.09.2025 10:15:29	18,97	-0,15	0,06	0,10	1478,54
1531	03.09.2025 10:15:30	19,09	-0,15	0,07	0,13	1478,93
1532	03.09.2025 10:15:31	19,24	-0,17	0,09	0,16	1479,42
1533	03.09.2025 10:15:32	19,42	-0,26	0,10	0,19	1479,98
1534	03.09.2025 10:15:33	19,65	-0,24	0,10	0,19	1480,72
1535	03.09.2025 10:15:34	19,92	-0,05	0,09	0,16	1481,57
1536	03.09.2025 10:15:35	20,06	-0,03	0,10	0,19	1482,04
1537	03.09.2025 10:15:36	20,15	-0,01	0,10	0,19	1482,32
1538	03.09.2025 10:15:37	20,24	-0,01	0,10	0,19	1482,59
1539	03.09.2025 10:15:38	20,30	-0,01	0,10	0,19	1482,77
1540	03.09.2025 10:15:39	20,39	-0,01	0,10	0,19	1483,05
1541	03.09.2025 10:15:40	20,44	-0,01	0,09	0,16	1483,21
1542	03.09.2025 10:15:41	20,53	0,01	0,10	0,19	1483,50
1543	03.09.2025 10:15:42	20,59	0,03	0,10	0,19	1483,68
1544	03.09.2025 10:15:43	20,65	0,01	0,10	0,19	1483,86
1545	03.09.2025 10:15:44	20,71	0,01	0,10	0,19	1484,04
1546	03.09.2025 10:15:45	20,80	0,03	0,10	0,19	1484,31
