#B	Created:	29.07.2025 20:01:04
##	Version	SeaStar	9.59
#5	Field separation:	0
#2	Date & Time:	1
#6	Decimal point:	,
#7	Date def.:	dd.mm.yyyy	.
#8	Time def.:	:
##	Axis	0	Temperature(°C)	clRed	FALSE
##	Axis	1	Pressure(Bar)	clBlue	FALSE
##	Axis	2	Salinity(psu)	clGreen	FALSE
##	Axis	3	Conductivity(mS/cm)	$00FF80FF	FALSE
##	Axis	4	Sound Velocity(m/sec)	$00404080	FALSE
##	Series	0	Temp(°C)	clRed	0	Temp(°C)	2
##	Series	1	Press(Bar)	clBlue	1	Press(Bar)	2
##	Series	2	Salinity(psu)	clGreen	2	Salinity(psu)	2
##	Series	3	Conduct(mS/cm)	$00FF80FF	3	Conduct(mS/cm)	2
##	Series	4	Sound Velocity(m/sec)	$00404080	4	Velocity(m/sec)	2
##	Recorder	88	DST CTD	13526
##	Chart	88S13526DAT	
#D	Data:	1702	29.07.2025 19:32:00	29.07.2025 20:00:21
1	29.07.2025 19:32:00	23,83	-0,03	0,20	0,40	1493,31
2	29.07.2025 19:32:01	23,83	-0,05	0,20	0,40	1493,31
3	29.07.2025 19:32:02	23,83	-0,03	0,20	0,40	1493,31
4	29.07.2025 19:32:03	23,83	-0,03	0,20	0,40	1493,31
5	29.07.2025 19:32:04	23,83	-0,03	0,20	0,40	1493,31
6	29.07.2025 19:32:05	23,83	-0,03	0,20	0,40	1493,31
7	29.07.2025 19:32:06	23,83	-0,05	0,20	0,40	1493,31
8	29.07.2025 19:32:07	23,83	-0,03	0,20	0,40	1493,31
9	29.07.2025 19:32:08	23,83	-0,03	0,20	0,40	1493,31
10	29.07.2025 19:32:09	23,83	-0,03	0,20	0,40	1493,31
11	29.07.2025 19:32:10	23,83	-0,03	0,20	0,40	1493,31
12	29.07.2025 19:32:11	23,80	-0,07	0,20	0,40	1493,22
13	29.07.2025 19:32:12	23,80	-0,05	0,20	0,40	1493,23
14	29.07.2025 19:32:13	23,80	-0,05	0,20	0,40	1493,23
15	29.07.2025 19:32:14	23,80	-0,05	0,20	0,40	1493,23
16	29.07.2025 19:32:15	23,80	-0,05	0,20	0,40	1493,23
17	29.07.2025 19:32:16	23,80	-0,05	0,20	0,40	1493,23
18	29.07.2025 19:32:17	23,80	-0,05	0,20	0,40	1493,23
19	29.07.2025 19:32:18	23,80	-0,05	0,20	0,40	1493,23
20	29.07.2025 19:32:19	23,80	-0,05	0,20	0,40	1493,23
21	29.07.2025 19:32:20	23,80	-0,05	0,20	0,40	1493,23
22	29.07.2025 19:32:21	23,80	-0,05	0,20	0,40	1493,23
23	29.07.2025 19:32:22	23,80	-0,05	0,20	0,40	1493,23
24	29.07.2025 19:32:23	23,77	-0,05	0,20	0,40	1493,14
25	29.07.2025 19:32:24	23,77	-0,07	0,20	0,40	1493,14
26	29.07.2025 19:32:25	23,77	-0,07	0,20	0,40	1493,14
27	29.07.2025 19:32:26	23,77	-0,05	0,20	0,40	1493,14
28	29.07.2025 19:32:27	23,77	-0,05	0,20	0,40	1493,14
29	29.07.2025 19:32:28	23,77	-0,07	0,20	0,40	1493,14
30	29.07.2025 19:32:29	23,77	-0,05	0,24	0,49	1493,19
31	29.07.2025 19:32:30	23,77	-0,05	0,20	0,40	1493,14
32	29.07.2025 19:32:31	23,77	-0,07	0,20	0,40	1493,14
33	29.07.2025 19:32:32	23,74	-0,07	0,20	0,40	1493,06
34	29.07.2025 19:32:33	23,74	-0,05	0,19	0,38	1493,05
35	29.07.2025 19:32:34	23,74	-0,07	0,20	0,40	1493,06
36	29.07.2025 19:32:35	23,74	-0,05	0,20	0,40	1493,06
37	29.07.2025 19:32:36	23,74	-0,07	0,20	0,40	1493,06
38	29.07.2025 19:32:37	23,71	-0,05	0,30	0,60	1493,09
39	29.07.2025 19:32:38	23,71	-0,05	0,27	0,54	1493,06
40	29.07.2025 19:32:39	23,71	-0,05	0,26	0,52	1493,04
41	29.07.2025 19:32:40	23,71	-0,05	0,27	0,54	1493,06
42	29.07.2025 19:32:41	23,71	-0,05	0,33	0,65	1493,12
43	29.07.2025 19:32:42	23,71	-0,05	0,19	0,38	1492,96
44	29.07.2025 19:32:43	23,71	-0,05	0,28	0,57	1493,07
45	29.07.2025 19:32:44	23,68	-0,05	0,23	0,46	1492,93
46	29.07.2025 19:32:45	23,68	-0,05	0,26	0,52	1492,96
47	29.07.2025 19:32:46	23,68	-0,05	0,21	0,43	1492,91
48	29.07.2025 19:32:47	23,68	-0,05	0,21	0,43	1492,91
49	29.07.2025 19:32:48	23,68	-0,05	0,17	0,35	1492,87
50	29.07.2025 19:32:49	23,68	-0,03	0,23	0,46	1492,93
51	29.07.2025 19:32:50	23,68	-0,05	0,15	0,29	1492,84
52	29.07.2025 19:32:51	23,68	-0,03	0,23	0,46	1492,93
53	29.07.2025 19:32:52	23,68	-0,05	0,16	0,32	1492,85
54	29.07.2025 19:32:53	23,68	-0,05	0,16	0,32	1492,85
55	29.07.2025 19:32:54	23,65	-0,05	0,13	0,27	1492,74
56	29.07.2025 19:32:55	23,65	-0,05	0,16	0,32	1492,77
57	29.07.2025 19:32:56	23,65	-0,03	0,27	0,54	1492,90
58	29.07.2025 19:32:57	23,65	-0,49	24,86	38,03	1519,81
59	29.07.2025 19:32:58	23,07	-0,22	25,89	38,98	1519,48
60	29.07.2025 19:32:59	22,63	-0,10	25,99	38,76	1518,45
61	29.07.2025 19:33:00	22,28	-0,05	26,17	38,73	1517,73
62	29.07.2025 19:33:01	22,05	-0,05	26,24	38,64	1517,19
63	29.07.2025 19:33:02	21,82	0,00	26,34	38,58	1516,68
64	29.07.2025 19:33:03	21,64	0,06	26,47	38,61	1516,35
65	29.07.2025 19:33:04	21,53	0,04	26,51	38,57	1516,08
66	29.07.2025 19:33:05	21,44	0,09	26,57	38,57	1515,91
67	29.07.2025 19:33:06	21,35	0,08	26,62	38,57	1515,73
68	29.07.2025 19:33:07	21,29	0,04	26,65	38,57	1515,60
69	29.07.2025 19:33:08	21,20	0,02	26,71	38,57	1515,42
70	29.07.2025 19:33:09	21,14	0,06	26,74	38,57	1515,30
71	29.07.2025 19:33:10	21,12	0,04	26,76	38,57	1515,24
72	29.07.2025 19:33:11	21,06	0,04	26,80	38,57	1515,12
73	29.07.2025 19:33:12	21,03	0,04	26,83	38,59	1515,08
74	29.07.2025 19:33:13	20,97	0,04	26,87	38,59	1514,96
75	29.07.2025 19:33:14	20,94	0,06	26,89	38,59	1514,90
76	29.07.2025 19:33:15	20,88	0,02	26,90	38,56	1514,75
77	29.07.2025 19:33:16	20,85	0,02	26,94	38,59	1514,71
78	29.07.2025 19:33:17	20,82	0,02	26,94	38,56	1514,62
79	29.07.2025 19:33:18	20,76	0,02	27,00	38,59	1514,53
80	29.07.2025 19:33:19	20,73	0,02	27,01	38,58	1514,46
81	29.07.2025 19:33:20	20,71	0,02	27,01	38,56	1514,38
82	29.07.2025 19:33:21	20,68	0,02	27,03	38,56	1514,32
83	29.07.2025 19:33:22	20,65	0,02	27,07	38,58	1514,28
84	29.07.2025 19:33:23	20,62	0,02	27,09	38,58	1514,22
85	29.07.2025 19:33:24	20,59	0,02	27,10	38,58	1514,16
86	29.07.2025 19:33:25	20,56	0,04	27,10	38,55	1514,08
87	29.07.2025 19:33:26	20,53	0,02	27,12	38,55	1514,01
88	29.07.2025 19:33:27	20,50	0,00	27,14	38,55	1513,95
89	29.07.2025 19:33:28	20,47	0,02	27,16	38,55	1513,89
90	29.07.2025 19:33:29	20,44	0,00	27,17	38,55	1513,82
91	29.07.2025 19:33:30	20,41	0,02	27,19	38,55	1513,77
92	29.07.2025 19:33:31	20,38	0,00	27,11	38,42	1513,58
93	29.07.2025 19:33:32	20,35	0,00	27,17	38,47	1513,57
94	29.07.2025 19:33:33	20,29	0,02	27,22	38,49	1513,47
95	29.07.2025 19:33:34	20,26	0,02	27,26	38,52	1513,43
96	29.07.2025 19:33:35	20,24	0,04	27,28	38,52	1513,37
97	29.07.2025 19:33:36	20,24	0,02	27,30	38,55	1513,39
98	29.07.2025 19:33:37	20,21	0,04	27,32	38,55	1513,34
99	29.07.2025 19:33:38	20,21	0,02	27,32	38,55	1513,33
100	29.07.2025 19:33:39	20,18	0,00	27,34	38,55	1513,27
101	29.07.2025 19:33:40	20,18	0,00	27,34	38,55	1513,27
102	29.07.2025 19:33:41	20,15	0,00	27,36	38,54	1513,21
103	29.07.2025 19:33:42	20,15	0,02	27,36	38,54	1513,21
104	29.07.2025 19:33:43	20,12	0,00	27,38	38,54	1513,14
105	29.07.2025 19:33:44	20,12	0,00	27,38	38,54	1513,14
106	29.07.2025 19:33:45	20,09	0,02	27,37	38,52	1513,06
107	29.07.2025 19:33:46	20,09	0,02	27,39	38,54	1513,08
108	29.07.2025 19:33:47	20,06	0,04	27,37	38,49	1512,98
109	29.07.2025 19:33:48	20,03	0,04	27,41	38,52	1512,94
110	29.07.2025 19:33:49	20,03	0,06	27,41	38,52	1512,94
111	29.07.2025 19:33:50	20,00	0,06	27,45	38,54	1512,90
112	29.07.2025 19:33:51	20,00	0,08	27,41	38,49	1512,86
113	29.07.2025 19:33:52	19,97	0,09	27,43	38,49	1512,80
114	29.07.2025 19:33:53	19,97	0,11	27,45	38,51	1512,83
115	29.07.2025 19:33:54	19,94	0,13	27,47	38,51	1512,77
116	29.07.2025 19:33:55	19,94	0,13	27,49	38,54	1512,79
117	29.07.2025 19:33:56	19,91	0,13	27,44	38,46	1512,66
118	29.07.2025 19:33:57	19,91	0,15	27,44	38,46	1512,66
119	29.07.2025 19:33:58	19,88	0,16	27,46	38,46	1512,60
120	29.07.2025 19:33:59	19,85	0,16	27,25	38,16	1512,27
121	29.07.2025 19:34:00	19,79	0,15	27,33	38,22	1512,19
122	29.07.2025 19:34:01	19,73	0,20	27,32	38,16	1512,03
123	29.07.2025 19:34:02	19,71	0,22	27,23	38,03	1511,84
124	29.07.2025 19:34:03	19,65	0,20	27,21	37,94	1511,64
125	29.07.2025 19:34:04	19,59	0,25	27,26	37,97	1511,55
126	29.07.2025 19:34:05	19,53	0,27	27,32	38,00	1511,45
127	29.07.2025 19:34:06	19,50	0,29	27,23	37,86	1511,27
128	29.07.2025 19:34:07	19,47	0,29	26,95	37,48	1510,86
129	29.07.2025 19:34:08	19,38	0,23	26,97	37,43	1510,61
130	29.07.2025 19:34:09	19,29	0,29	27,26	37,72	1510,70
131	29.07.2025 19:34:10	19,23	0,37	27,38	37,83	1510,68
132	29.07.2025 19:34:11	19,23	0,36	27,32	37,75	1510,60
133	29.07.2025 19:34:12	19,20	0,36	27,18	37,56	1510,37
134	29.07.2025 19:34:13	19,17	0,37	27,23	37,59	1510,33
135	29.07.2025 19:34:14	19,14	0,41	27,33	37,69	1510,37
136	29.07.2025 19:34:15	19,11	0,39	27,09	37,37	1510,01
137	29.07.2025 19:34:16	19,09	0,37	26,94	37,15	1509,74
138	29.07.2025 19:34:17	19,00	0,39	26,99	37,15	1509,55
139	29.07.2025 19:34:18	18,91	0,43	27,03	37,12	1509,34
140	29.07.2025 19:34:19	18,85	0,46	27,13	37,20	1509,29
141	29.07.2025 19:34:20	18,82	0,49	27,08	37,12	1509,15
142	29.07.2025 19:34:21	18,76	0,48	27,03	37,01	1508,92
143	29.07.2025 19:34:22	18,70	0,50	27,07	37,01	1508,79
144	29.07.2025 19:34:23	18,64	0,54	27,09	36,98	1508,64
145	29.07.2025 19:34:24	18,61	0,55	27,11	36,98	1508,58
146	29.07.2025 19:34:25	18,55	0,58	27,14	36,98	1508,45
147	29.07.2025 19:34:26	18,52	0,60	27,16	36,98	1508,39
148	29.07.2025 19:34:27	18,49	0,60	27,18	36,98	1508,32
149	29.07.2025 19:34:28	18,46	0,65	27,20	36,98	1508,27
150	29.07.2025 19:34:29	18,43	0,63	27,22	36,98	1508,20
151	29.07.2025 19:34:30	18,40	0,66	27,26	37,01	1508,16
152	29.07.2025 19:34:31	18,37	0,68	27,30	37,03	1508,12
153	29.07.2025 19:34:32	18,34	0,70	27,32	37,03	1508,06
154	29.07.2025 19:34:33	18,34	0,71	27,30	37,00	1508,04
155	29.07.2025 19:34:34	18,31	0,75	27,30	36,98	1507,95
156	29.07.2025 19:34:35	18,28	0,75	27,29	36,95	1507,86
157	29.07.2025 19:34:36	18,25	0,76	27,29	36,92	1507,77
158	29.07.2025 19:34:37	18,22	0,80	27,31	36,92	1507,71
159	29.07.2025 19:34:38	18,22	0,81	27,29	36,89	1507,69
160	29.07.2025 19:34:39	18,20	0,83	27,31	36,89	1507,62
161	29.07.2025 19:34:40	18,17	0,85	27,33	36,89	1507,56
162	29.07.2025 19:34:41	18,14	0,86	27,34	36,89	1507,50
163	29.07.2025 19:34:42	18,11	0,88	27,36	36,89	1507,43
164	29.07.2025 19:34:43	18,11	0,90	27,36	36,89	1507,44
165	29.07.2025 19:34:44	18,08	0,93	27,38	36,89	1507,37
166	29.07.2025 19:34:45	18,05	0,95	27,45	36,94	1507,36
167	29.07.2025 19:34:46	18,05	1,00	27,58	37,10	1507,52
168	29.07.2025 19:34:47	18,05	1,00	27,60	37,13	1507,55
169	29.07.2025 19:34:48	18,05	1,02	27,60	37,13	1507,55
170	29.07.2025 19:34:49	18,05	1,02	27,58	37,10	1507,53
171	29.07.2025 19:34:50	18,05	1,02	27,58	37,10	1507,53
172	29.07.2025 19:34:51	18,05	1,05	27,56	37,08	1507,51
173	29.07.2025 19:34:52	18,02	1,07	27,55	37,05	1507,42
174	29.07.2025 19:34:53	18,02	1,09	27,55	37,05	1507,42
175	29.07.2025 19:34:54	17,99	1,08	27,55	37,02	1507,33
176	29.07.2025 19:34:55	17,99	1,14	27,51	36,97	1507,28
177	29.07.2025 19:34:56	17,96	1,14	27,53	36,97	1507,22
178	29.07.2025 19:34:57	17,93	1,17	27,55	36,97	1507,16
179	29.07.2025 19:34:58	17,90	1,19	27,54	36,94	1507,07
180	29.07.2025 19:34:59	17,90	1,22	27,54	36,94	1507,07
181	29.07.2025 19:35:00	17,87	1,24	27,56	36,94	1507,01
182	29.07.2025 19:35:01	17,84	1,27	27,58	36,94	1506,95
183	29.07.2025 19:35:02	17,84	1,29	27,58	36,94	1506,95
184	29.07.2025 19:35:03	17,81	1,30	27,56	36,89	1506,83
185	29.07.2025 19:35:04	17,81	1,34	27,49	36,80	1506,76
186	29.07.2025 19:35:05	17,78	1,35	27,47	36,75	1506,64
187	29.07.2025 19:35:06	17,75	1,37	27,46	36,72	1506,55
188	29.07.2025 19:35:07	17,72	1,39	27,48	36,72	1506,49
189	29.07.2025 19:35:08	17,69	1,39	27,48	36,70	1506,40
190	29.07.2025 19:35:09	17,66	1,40	27,50	36,69	1506,33
191	29.07.2025 19:35:10	17,63	1,38	27,52	36,69	1506,26
192	29.07.2025 19:35:11	17,63	1,40	27,52	36,69	1506,26
193	29.07.2025 19:35:12	17,60	1,40	27,56	36,72	1506,22
194	29.07.2025 19:35:13	17,60	1,42	27,54	36,69	1506,20
195	29.07.2025 19:35:14	17,57	1,40	27,56	36,69	1506,13
196	29.07.2025 19:35:15	17,57	1,40	27,56	36,69	1506,13
197	29.07.2025 19:35:16	17,54	1,41	27,55	36,66	1506,04
198	29.07.2025 19:35:17	17,54	1,40	27,55	36,66	1506,03
199	29.07.2025 19:35:18	17,51	1,39	27,62	36,72	1506,02
200	29.07.2025 19:35:19	17,51	1,39	27,62	36,72	1506,02
201	29.07.2025 19:35:20	17,51	1,39	27,62	36,72	1506,02
202	29.07.2025 19:35:21	17,48	1,41	27,64	36,72	1505,95
203	29.07.2025 19:35:22	17,48	1,38	27,62	36,69	1505,92
204	29.07.2025 19:35:23	17,48	1,38	27,64	36,72	1505,95
205	29.07.2025 19:35:24	17,48	1,38	27,66	36,74	1505,97
206	29.07.2025 19:35:25	17,48	1,36	27,71	36,80	1506,02
207	29.07.2025 19:35:26	17,48	1,36	27,77	36,88	1506,10
208	29.07.2025 19:35:27	17,48	1,36	27,80	36,90	1506,13
209	29.07.2025 19:35:28	17,51	1,34	27,78	36,91	1506,19
210	29.07.2025 19:35:29	17,51	1,34	27,78	36,91	1506,19
211	29.07.2025 19:35:30	17,51	1,36	27,71	36,82	1506,12
212	29.07.2025 19:35:31	17,51	1,36	27,66	36,77	1506,06
213	29.07.2025 19:35:32	17,48	1,38	27,64	36,72	1505,95
214	29.07.2025 19:35:33	17,45	1,37	27,64	36,69	1505,85
215	29.07.2025 19:35:34	17,42	1,39	27,63	36,66	1505,76
216	29.07.2025 19:35:35	17,42	1,39	27,66	36,69	1505,79
217	29.07.2025 19:35:36	17,39	1,35	27,72	36,74	1505,77
218	29.07.2025 19:35:37	17,39	1,35	27,81	36,85	1505,87
219	29.07.2025 19:35:38	17,42	1,34	27,84	36,90	1505,99
220	29.07.2025 19:35:39	17,42	1,30	27,84	36,90	1505,98
221	29.07.2025 19:35:40	17,45	1,30	27,82	36,90	1506,05
222	29.07.2025 19:35:41	17,45	1,29	27,82	36,90	1506,05
223	29.07.2025 19:35:42	17,45	1,29	27,82	36,90	1506,05
224	29.07.2025 19:35:43	17,45	1,30	27,79	36,88	1506,02
225	29.07.2025 19:35:44	17,45	1,29	27,79	36,88	1506,02
226	29.07.2025 19:35:45	17,45	1,32	27,77	36,85	1506,00
227	29.07.2025 19:35:46	17,45	1,30	27,79	36,88	1506,02
228	29.07.2025 19:35:47	17,42	1,30	27,81	36,88	1505,96
229	29.07.2025 19:35:48	17,42	1,28	27,81	36,88	1505,95
230	29.07.2025 19:35:49	17,42	1,30	27,81	36,88	1505,96
231	29.07.2025 19:35:50	17,42	1,30	27,81	36,88	1505,96
232	29.07.2025 19:35:51	17,42	1,30	27,79	36,85	1505,93
233	29.07.2025 19:35:52	17,42	1,28	27,75	36,80	1505,88
234	29.07.2025 19:35:53	17,42	1,30	27,70	36,74	1505,83
235	29.07.2025 19:35:54	17,39	1,30	27,70	36,72	1505,73
236	29.07.2025 19:35:55	17,36	1,32	27,72	36,71	1505,67
237	29.07.2025 19:35:56	17,33	1,32	27,74	36,71	1505,60
238	29.07.2025 19:35:57	17,33	1,33	27,74	36,71	1505,60
239	29.07.2025 19:35:58	17,33	1,32	27,74	36,71	1505,60
240	29.07.2025 19:35:59	17,30	1,33	27,76	36,71	1505,53
241	29.07.2025 19:36:00	17,30	1,33	27,76	36,71	1505,53
242	29.07.2025 19:36:01	17,30	1,35	27,76	36,71	1505,54
243	29.07.2025 19:36:02	17,30	1,33	27,76	36,71	1505,53
244	29.07.2025 19:36:03	17,30	1,35	27,76	36,71	1505,54
245	29.07.2025 19:36:04	17,30	1,35	27,76	36,71	1505,54
246	29.07.2025 19:36:05	17,30	1,35	27,74	36,69	1505,51
247	29.07.2025 19:36:06	17,27	1,38	27,76	36,69	1505,45
248	29.07.2025 19:36:07	17,27	1,40	27,76	36,69	1505,45
249	29.07.2025 19:36:08	17,27	1,40	27,78	36,71	1505,48
250	29.07.2025 19:36:09	17,27	1,40	27,82	36,77	1505,53
251	29.07.2025 19:36:10	17,27	1,42	27,82	36,77	1505,53
252	29.07.2025 19:36:11	17,27	1,44	27,80	36,74	1505,51
253	29.07.2025 19:36:12	17,27	1,44	27,78	36,71	1505,48
254	29.07.2025 19:36:13	17,24	1,45	27,80	36,71	1505,42
255	29.07.2025 19:36:14	17,24	1,47	27,77	36,68	1505,39
256	29.07.2025 19:36:15	17,24	1,49	27,77	36,68	1505,40
257	29.07.2025 19:36:16	17,21	1,49	27,84	36,74	1505,38
258	29.07.2025 19:36:17	17,21	1,50	27,84	36,74	1505,38
259	29.07.2025 19:36:18	17,21	1,52	27,84	36,74	1505,39
260	29.07.2025 19:36:19	17,21	1,54	27,84	36,74	1505,39
261	29.07.2025 19:36:20	17,21	1,56	27,84	36,74	1505,39
262	29.07.2025 19:36:21	17,21	1,57	27,84	36,74	1505,39
263	29.07.2025 19:36:22	17,21	1,59	27,82	36,71	1505,37
264	29.07.2025 19:36:23	17,18	1,59	27,81	36,68	1505,28
265	29.07.2025 19:36:24	17,18	1,61	27,81	36,68	1505,28
266	29.07.2025 19:36:25	17,15	1,62	27,83	36,68	1505,21
267	29.07.2025 19:36:26	17,15	1,64	27,79	36,63	1505,16
268	29.07.2025 19:36:27	17,12	1,67	27,74	36,55	1505,02
269	29.07.2025 19:36:28	17,12	1,66	27,58	36,36	1504,84
270	29.07.2025 19:36:29	17,06	1,65	27,51	36,23	1504,57
271	29.07.2025 19:36:30	16,97	1,68	27,57	36,22	1504,36
272	29.07.2025 19:36:31	16,88	1,73	27,61	36,20	1504,14
273	29.07.2025 19:36:32	16,82	1,75	27,47	35,98	1503,79
274	29.07.2025 19:36:33	16,76	1,74	27,28	35,71	1503,39
275	29.07.2025 19:36:34	16,64	1,74	26,99	35,28	1502,68
276	29.07.2025 19:36:35	16,43	1,75	26,70	34,77	1501,68
277	29.07.2025 19:36:36	16,22	1,72	26,49	34,36	1500,77
278	29.07.2025 19:36:37	15,85	1,82	26,57	34,17	1499,73
279	29.07.2025 19:36:38	15,58	1,88	26,63	34,02	1498,94
280	29.07.2025 19:36:39	15,37	1,92	26,70	33,94	1498,35
281	29.07.2025 19:36:40	15,15	1,97	26,63	33,69	1497,58
282	29.07.2025 19:36:41	14,97	1,99	26,66	33,58	1497,02
283	29.07.2025 19:36:42	14,79	2,04	26,73	33,52	1496,52
284	29.07.2025 19:36:43	14,60	2,06	26,73	33,38	1495,93
285	29.07.2025 19:36:44	14,45	2,00	25,86	32,28	1494,37
286	29.07.2025 19:36:45	14,08	1,97	25,79	31,93	1493,06
287	29.07.2025 19:36:46	13,68	2,09	25,93	31,78	1491,90
288	29.07.2025 19:36:47	13,34	2,18	26,11	31,72	1490,97
289	29.07.2025 19:36:48	13,09	2,22	26,20	31,63	1490,24
290	29.07.2025 19:36:49	12,87	2,24	26,17	31,44	1489,46
291	29.07.2025 19:36:50	12,59	2,27	26,14	31,19	1488,45
292	29.07.2025 19:36:51	12,34	2,25	25,93	30,78	1487,33
293	29.07.2025 19:36:52	11,99	2,27	25,76	30,34	1485,91
294	29.07.2025 19:36:53	11,61	2,31	25,84	30,15	1484,67
295	29.07.2025 19:36:54	11,29	2,38	25,90	29,98	1483,61
296	29.07.2025 19:36:55	10,97	2,40	25,97	29,81	1482,55
297	29.07.2025 19:36:56	10,68	2,46	26,06	29,69	1481,62
298	29.07.2025 19:36:57	10,42	2,50	26,14	29,58	1480,78
299	29.07.2025 19:36:58	10,19	2,50	26,21	29,50	1480,05
300	29.07.2025 19:36:59	9,97	2,54	26,32	29,44	1479,35
301	29.07.2025 19:37:00	9,77	2,57	26,38	29,35	1478,70
302	29.07.2025 19:37:01	9,61	2,61	26,47	29,32	1478,21
303	29.07.2025 19:37:02	9,44	2,64	26,59	29,32	1477,74
304	29.07.2025 19:37:03	9,28	2,67	26,68	29,29	1477,25
305	29.07.2025 19:37:04	9,14	2,68	26,72	29,23	1476,80
306	29.07.2025 19:37:05	9,01	2,71	26,76	29,17	1476,36
307	29.07.2025 19:37:06	8,85	2,72	26,85	29,14	1475,85
308	29.07.2025 19:37:07	8,71	2,75	26,92	29,11	1475,44
309	29.07.2025 19:37:08	8,58	2,76	26,97	29,05	1474,99
310	29.07.2025 19:37:09	8,45	2,79	26,98	28,97	1474,50
311	29.07.2025 19:37:10	8,28	2,81	27,05	28,91	1473,95
312	29.07.2025 19:37:11	8,18	2,84	27,07	28,86	1473,59
313	29.07.2025 19:37:12	8,04	2,87	27,06	28,75	1473,06
314	29.07.2025 19:37:13	7,88	2,88	27,13	28,69	1472,50
315	29.07.2025 19:37:14	7,74	2,91	27,20	28,66	1472,07
316	29.07.2025 19:37:15	7,64	2,94	27,28	28,66	1471,78
317	29.07.2025 19:37:16	7,50	2,97	27,35	28,62	1471,34
318	29.07.2025 19:37:17	7,40	3,00	27,40	28,60	1471,01
319	29.07.2025 19:37:18	7,30	3,01	27,48	28,59	1470,71
320	29.07.2025 19:37:19	7,20	3,04	27,53	28,56	1470,38
321	29.07.2025 19:37:20	7,13	3,07	27,50	28,48	1470,07
322	29.07.2025 19:37:21	7,02	3,07	27,49	28,40	1469,65
323	29.07.2025 19:37:22	6,89	3,11	27,54	28,34	1469,18
324	29.07.2025 19:37:23	6,75	3,13	27,53	28,23	1468,62
325	29.07.2025 19:37:24	6,61	3,15	27,58	28,17	1468,14
326	29.07.2025 19:37:25	6,51	3,17	27,58	28,09	1467,72
327	29.07.2025 19:37:26	6,37	3,19	27,60	28,01	1467,19
328	29.07.2025 19:37:27	6,23	3,24	27,62	27,92	1466,67
329	29.07.2025 19:37:28	6,09	3,25	27,64	27,84	1466,13
330	29.07.2025 19:37:29	5,98	3,28	27,61	27,73	1465,67
331	29.07.2025 19:37:30	5,84	3,29	27,60	27,62	1465,09
332	29.07.2025 19:37:31	5,67	3,32	27,65	27,53	1464,44
333	29.07.2025 19:37:32	5,53	3,35	27,73	27,50	1463,97
334	29.07.2025 19:37:33	5,42	3,38	27,79	27,47	1463,61
335	29.07.2025 19:37:34	5,28	3,40	27,84	27,42	1463,10
336	29.07.2025 19:37:35	5,17	3,42	27,90	27,39	1462,73
337	29.07.2025 19:37:36	5,07	3,46	27,98	27,38	1462,41
338	29.07.2025 19:37:37	4,96	3,47	28,04	27,36	1462,04
339	29.07.2025 19:37:38	4,85	3,50	28,13	27,35	1461,71
340	29.07.2025 19:37:39	4,78	3,54	28,15	27,32	1461,45
341	29.07.2025 19:37:40	4,71	3,57	28,21	27,32	1461,23
342	29.07.2025 19:37:41	4,64	3,58	28,27	27,32	1461,01
343	29.07.2025 19:37:42	4,56	3,61	28,33	27,32	1460,79
344	29.07.2025 19:37:43	4,49	3,63	28,39	27,32	1460,57
345	29.07.2025 19:37:44	4,42	3,68	28,45	27,32	1460,35
346	29.07.2025 19:37:45	4,35	3,69	28,51	27,31	1460,13
347	29.07.2025 19:37:46	4,31	3,72	28,54	27,31	1460,02
348	29.07.2025 19:37:47	4,24	3,74	28,60	27,31	1459,79
349	29.07.2025 19:37:48	4,20	3,77	28,63	27,31	1459,68
350	29.07.2025 19:37:49	4,13	3,80	28,70	27,31	1459,46
351	29.07.2025 19:37:50	4,09	3,82	28,73	27,31	1459,35
352	29.07.2025 19:37:51	4,02	3,85	28,79	27,31	1459,13
353	29.07.2025 19:37:52	3,98	3,88	28,82	27,30	1459,02
354	29.07.2025 19:37:53	3,91	3,91	28,88	27,30	1458,79
355	29.07.2025 19:37:54	3,87	3,93	28,94	27,33	1458,72
356	29.07.2025 19:37:55	3,84	3,94	28,98	27,33	1458,61
357	29.07.2025 19:37:56	3,80	3,99	29,01	27,33	1458,50
358	29.07.2025 19:37:57	3,76	4,01	29,04	27,33	1458,39
359	29.07.2025 19:37:58	3,73	4,04	29,07	27,33	1458,28
360	29.07.2025 19:37:59	3,69	4,08	29,10	27,33	1458,17
361	29.07.2025 19:38:00	3,65	4,11	29,13	27,32	1458,06
362	29.07.2025 19:38:01	3,62	4,12	29,17	27,32	1457,94
363	29.07.2025 19:38:02	3,58	4,16	29,20	27,32	1457,83
364	29.07.2025 19:38:03	3,54	4,17	29,23	27,32	1457,72
365	29.07.2025 19:38:04	3,50	4,21	29,26	27,32	1457,61
366	29.07.2025 19:38:05	3,47	4,20	29,29	27,32	1457,49
367	29.07.2025 19:38:06	3,43	4,22	29,33	27,32	1457,38
368	29.07.2025 19:38:07	3,39	4,24	29,36	27,32	1457,26
369	29.07.2025 19:38:08	3,36	4,25	29,42	27,34	1457,19
370	29.07.2025 19:38:09	3,32	4,27	29,42	27,32	1457,03
371	29.07.2025 19:38:10	3,32	4,28	29,45	27,34	1457,08
372	29.07.2025 19:38:11	3,28	4,28	29,46	27,32	1456,92
373	29.07.2025 19:38:12	3,25	4,32	29,49	27,31	1456,81
374	29.07.2025 19:38:13	3,25	4,32	29,52	27,34	1456,85
375	29.07.2025 19:38:14	3,21	4,33	29,55	27,34	1456,73
376	29.07.2025 19:38:15	3,17	4,36	29,55	27,31	1456,58
377	29.07.2025 19:38:16	3,17	4,36	29,59	27,34	1456,62
378	29.07.2025 19:38:17	3,13	4,38	29,62	27,34	1456,51
379	29.07.2025 19:38:18	3,13	4,40	29,62	27,34	1456,51
380	29.07.2025 19:38:19	3,10	4,41	29,65	27,34	1456,39
381	29.07.2025 19:38:20	3,06	4,45	29,68	27,34	1456,28
382	29.07.2025 19:38:21	3,06	4,45	29,68	27,34	1456,28
383	29.07.2025 19:38:22	3,02	4,48	29,72	27,34	1456,17
384	29.07.2025 19:38:23	3,02	4,48	29,72	27,34	1456,17
385	29.07.2025 19:38:24	2,98	4,51	29,75	27,34	1456,06
386	29.07.2025 19:38:25	2,98	4,53	29,75	27,34	1456,06
387	29.07.2025 19:38:26	2,95	4,56	29,78	27,33	1455,94
388	29.07.2025 19:38:27	2,95	4,56	29,78	27,33	1455,94
389	29.07.2025 19:38:28	2,91	4,60	29,82	27,33	1455,83
390	29.07.2025 19:38:29	2,91	4,61	29,82	27,33	1455,83
391	29.07.2025 19:38:30	2,87	4,63	29,88	27,36	1455,76
392	29.07.2025 19:38:31	2,87	4,66	29,85	27,33	1455,72
393	29.07.2025 19:38:32	2,84	4,68	29,92	27,36	1455,65
394	29.07.2025 19:38:33	2,84	4,71	29,88	27,33	1455,61
395	29.07.2025 19:38:34	2,84	4,71	29,88	27,33	1455,61
396	29.07.2025 19:38:35	2,80	4,77	29,95	27,36	1455,55
397	29.07.2025 19:38:36	2,80	4,78	29,95	27,36	1455,55
398	29.07.2025 19:38:37	2,76	4,80	29,98	27,36	1455,43
399	29.07.2025 19:38:38	2,76	4,83	29,98	27,36	1455,44
400	29.07.2025 19:38:39	2,76	4,83	29,98	27,36	1455,44
401	29.07.2025 19:38:40	2,72	4,87	30,02	27,36	1455,32
402	29.07.2025 19:38:41	2,72	4,88	30,02	27,36	1455,33
403	29.07.2025 19:38:42	2,72	4,88	30,02	27,36	1455,33
404	29.07.2025 19:38:43	2,68	4,90	30,05	27,36	1455,21
405	29.07.2025 19:38:44	2,68	4,92	30,05	27,36	1455,21
406	29.07.2025 19:38:45	2,68	4,93	30,05	27,36	1455,21
407	29.07.2025 19:38:46	2,65	4,93	30,09	27,35	1455,09
408	29.07.2025 19:38:47	2,65	4,93	30,09	27,35	1455,09
409	29.07.2025 19:38:48	2,65	4,93	30,09	27,35	1455,09
410	29.07.2025 19:38:49	2,61	4,95	30,12	27,35	1454,98
411	29.07.2025 19:38:50	2,61	4,97	30,12	27,35	1454,98
412	29.07.2025 19:38:51	2,61	4,95	30,12	27,35	1454,98
413	29.07.2025 19:38:52	2,61	4,95	30,12	27,35	1454,98
414	29.07.2025 19:38:53	2,57	4,96	30,16	27,35	1454,86
415	29.07.2025 19:38:54	2,57	4,96	30,15	27,35	1454,86
416	29.07.2025 19:38:55	2,57	4,98	30,15	27,35	1454,86
417	29.07.2025 19:38:56	2,57	4,98	30,15	27,35	1454,86
418	29.07.2025 19:38:57	2,57	4,98	30,15	27,35	1454,86
419	29.07.2025 19:38:58	2,53	4,98	30,19	27,35	1454,74
420	29.07.2025 19:38:59	2,53	4,98	30,19	27,35	1454,74
421	29.07.2025 19:39:00	2,53	4,96	30,19	27,35	1454,74
422	29.07.2025 19:39:01	2,53	4,98	30,19	27,35	1454,74
423	29.07.2025 19:39:02	2,53	4,98	30,19	27,35	1454,74
424	29.07.2025 19:39:03	2,53	4,98	30,19	27,35	1454,74
425	29.07.2025 19:39:04	2,53	4,98	30,19	27,35	1454,74
426	29.07.2025 19:39:05	2,50	4,99	30,22	27,35	1454,63
427	29.07.2025 19:39:06	2,50	4,99	30,22	27,35	1454,63
428	29.07.2025 19:39:07	2,50	4,98	30,22	27,35	1454,62
429	29.07.2025 19:39:08	2,50	4,98	30,22	27,35	1454,62
430	29.07.2025 19:39:09	2,50	4,99	30,22	27,35	1454,63
431	29.07.2025 19:39:10	2,50	4,99	30,26	27,38	1454,67
432	29.07.2025 19:39:11	2,50	4,99	30,22	27,35	1454,63
433	29.07.2025 19:39:12	2,46	4,99	30,26	27,35	1454,51
434	29.07.2025 19:39:13	2,46	4,97	30,26	27,35	1454,50
435	29.07.2025 19:39:14	2,46	4,99	30,29	27,38	1454,55
436	29.07.2025 19:39:15	2,46	4,99	30,26	27,35	1454,51
437	29.07.2025 19:39:16	2,46	4,99	30,29	27,38	1454,55
438	29.07.2025 19:39:17	2,46	4,99	30,26	27,35	1454,51
439	29.07.2025 19:39:18	2,46	4,99	30,26	27,35	1454,51
440	29.07.2025 19:39:19	2,42	4,99	30,29	27,35	1454,39
441	29.07.2025 19:39:20	2,42	4,99	30,29	27,35	1454,39
442	29.07.2025 19:39:21	2,42	4,99	30,29	27,35	1454,39
443	29.07.2025 19:39:22	2,42	4,99	30,29	27,35	1454,39
444	29.07.2025 19:39:23	2,42	4,99	30,33	27,38	1454,43
445	29.07.2025 19:39:24	2,42	4,99	30,29	27,35	1454,39
446	29.07.2025 19:39:25	2,42	4,99	30,29	27,35	1454,39
447	29.07.2025 19:39:26	2,42	4,99	30,29	27,35	1454,39
448	29.07.2025 19:39:27	2,42	4,99	30,29	27,35	1454,39
449	29.07.2025 19:39:28	2,38	4,97	30,36	27,38	1454,30
450	29.07.2025 19:39:29	2,38	4,99	30,36	27,38	1454,31
451	29.07.2025 19:39:30	2,38	4,99	30,36	27,38	1454,31
452	29.07.2025 19:39:31	2,38	4,99	30,33	27,35	1454,26
453	29.07.2025 19:39:32	2,38	4,99	30,33	27,35	1454,26
454	29.07.2025 19:39:33	2,38	4,99	30,33	27,35	1454,26
455	29.07.2025 19:39:34	2,38	4,99	30,33	27,35	1454,26
456	29.07.2025 19:39:35	2,38	5,01	30,36	27,38	1454,31
457	29.07.2025 19:39:36	2,38	4,99	30,33	27,35	1454,26
458	29.07.2025 19:39:37	2,38	4,99	30,36	27,38	1454,31
459	29.07.2025 19:39:38	2,38	4,99	30,36	27,38	1454,31
460	29.07.2025 19:39:39	2,38	5,01	30,36	27,38	1454,31
461	29.07.2025 19:39:40	2,38	4,99	30,33	27,35	1454,26
462	29.07.2025 19:39:41	2,38	4,99	30,36	27,38	1454,31
463	29.07.2025 19:39:42	2,34	4,99	30,40	27,37	1454,19
464	29.07.2025 19:39:43	2,38	4,99	30,33	27,35	1454,26
465	29.07.2025 19:39:44	2,34	4,99	30,36	27,35	1454,14
466	29.07.2025 19:39:45	2,34	4,99	30,40	27,37	1454,19
467	29.07.2025 19:39:46	2,34	4,99	30,40	27,37	1454,19
468	29.07.2025 19:39:47	2,34	4,99	30,36	27,35	1454,14
469	29.07.2025 19:39:48	2,34	4,99	30,40	27,37	1454,19
470	29.07.2025 19:39:49	2,34	4,99	30,40	27,37	1454,19
471	29.07.2025 19:39:50	2,34	4,99	30,40	27,37	1454,19
472	29.07.2025 19:39:51	2,34	4,99	30,40	27,37	1454,19
473	29.07.2025 19:39:52	2,34	4,99	30,40	27,37	1454,19
474	29.07.2025 19:39:53	2,34	4,99	30,40	27,37	1454,19
475	29.07.2025 19:39:54	2,34	5,00	30,40	27,37	1454,19
476	29.07.2025 19:39:55	2,34	4,99	30,36	27,35	1454,14
477	29.07.2025 19:39:56	2,34	4,99	30,36	27,35	1454,14
478	29.07.2025 19:39:57	2,34	5,00	30,40	27,37	1454,19
479	29.07.2025 19:39:58	2,34	5,00	30,40	27,37	1454,19
480	29.07.2025 19:39:59	2,34	4,99	30,36	27,35	1454,14
481	29.07.2025 19:40:00	2,34	4,99	30,40	27,37	1454,19
482	29.07.2025 19:40:01	2,34	4,99	30,40	27,37	1454,19
483	29.07.2025 19:40:02	2,31	4,98	30,43	27,37	1454,07
484	29.07.2025 19:40:03	2,31	4,98	30,43	27,37	1454,07
485	29.07.2025 19:40:04	2,31	4,98	30,40	27,35	1454,02
486	29.07.2025 19:40:05	2,31	4,98	30,43	27,37	1454,07
487	29.07.2025 19:40:06	2,31	4,98	30,43	27,37	1454,07
488	29.07.2025 19:40:07	2,31	4,98	30,40	27,35	1454,02
489	29.07.2025 19:40:08	2,31	4,98	30,43	27,37	1454,07
490	29.07.2025 19:40:09	2,31	4,98	30,43	27,37	1454,07
491	29.07.2025 19:40:10	2,31	4,98	30,43	27,37	1454,07
492	29.07.2025 19:40:11	2,31	4,98	30,43	27,37	1454,07
493	29.07.2025 19:40:12	2,31	4,98	30,43	27,37	1454,07
494	29.07.2025 19:40:13	2,31	4,98	30,43	27,37	1454,07
495	29.07.2025 19:40:14	2,31	4,98	30,43	27,37	1454,07
496	29.07.2025 19:40:15	2,31	4,98	30,43	27,37	1454,07
497	29.07.2025 19:40:16	2,31	4,98	30,43	27,37	1454,07
498	29.07.2025 19:40:17	2,31	4,98	30,43	27,37	1454,07
499	29.07.2025 19:40:18	2,31	4,97	30,43	27,37	1454,06
500	29.07.2025 19:40:19	2,31	4,97	30,43	27,37	1454,06
501	29.07.2025 19:40:20	2,31	4,98	30,43	27,37	1454,07
502	29.07.2025 19:40:21	2,31	4,98	30,43	27,37	1454,07
503	29.07.2025 19:40:22	2,31	4,97	30,43	27,37	1454,06
504	29.07.2025 19:40:23	2,31	4,97	30,43	27,37	1454,06
505	29.07.2025 19:40:24	2,31	4,98	30,43	27,37	1454,07
506	29.07.2025 19:40:25	2,31	4,98	30,43	27,37	1454,07
507	29.07.2025 19:40:26	2,31	4,98	30,43	27,37	1454,07
508	29.07.2025 19:40:27	2,31	4,98	30,43	27,37	1454,07
509	29.07.2025 19:40:28	2,31	5,00	30,43	27,37	1454,07
510	29.07.2025 19:40:29	2,31	5,00	30,43	27,37	1454,07
511	29.07.2025 19:40:30	2,31	4,98	30,43	27,37	1454,07
512	29.07.2025 19:40:31	2,31	4,98	30,43	27,37	1454,07
513	29.07.2025 19:40:32	2,31	5,00	30,43	27,37	1454,07
514	29.07.2025 19:40:33	2,31	5,00	30,40	27,35	1454,03
515	29.07.2025 19:40:34	2,31	4,98	30,43	27,37	1454,07
516	29.07.2025 19:40:35	2,31	5,00	30,43	27,37	1454,07
517	29.07.2025 19:40:36	2,31	4,98	30,43	27,37	1454,07
518	29.07.2025 19:40:37	2,31	4,98	30,43	27,37	1454,07
519	29.07.2025 19:40:38	2,31	4,98	30,43	27,37	1454,07
520	29.07.2025 19:40:39	2,31	4,98	30,43	27,37	1454,07
521	29.07.2025 19:40:40	2,31	5,00	30,43	27,37	1454,07
522	29.07.2025 19:40:41	2,31	4,98	30,43	27,37	1454,07
523	29.07.2025 19:40:42	2,31	5,00	30,43	27,37	1454,07
524	29.07.2025 19:40:43	2,31	4,98	30,43	27,37	1454,07
525	29.07.2025 19:40:44	2,31	4,98	30,43	27,37	1454,07
526	29.07.2025 19:40:45	2,31	5,00	30,40	27,35	1454,03
527	29.07.2025 19:40:46	2,31	4,98	30,43	27,37	1454,07
528	29.07.2025 19:40:47	2,31	4,98	30,43	27,37	1454,07
529	29.07.2025 19:40:48	2,27	5,00	30,47	27,37	1453,95
530	29.07.2025 19:40:49	2,27	5,00	30,47	27,37	1453,95
531	29.07.2025 19:40:50	2,27	5,00	30,47	27,37	1453,95
532	29.07.2025 19:40:51	2,27	5,00	30,47	27,37	1453,95
533	29.07.2025 19:40:52	2,27	5,00	30,47	27,37	1453,95
534	29.07.2025 19:40:53	2,31	5,00	30,43	27,37	1454,07
535	29.07.2025 19:40:54	2,27	4,98	30,47	27,37	1453,95
536	29.07.2025 19:40:55	2,27	4,96	30,47	27,37	1453,94
537	29.07.2025 19:40:56	2,27	4,98	30,43	27,35	1453,90
538	29.07.2025 19:40:57	2,27	4,98	30,43	27,35	1453,90
539	29.07.2025 19:40:58	2,27	4,98	30,47	27,37	1453,95
540	29.07.2025 19:40:59	2,27	4,98	30,47	27,37	1453,95
541	29.07.2025 19:41:00	2,27	4,98	30,47	27,37	1453,95
542	29.07.2025 19:41:01	2,27	4,98	30,47	27,37	1453,95
543	29.07.2025 19:41:02	2,27	4,98	30,47	27,37	1453,95
544	29.07.2025 19:41:03	2,27	4,98	30,43	27,35	1453,90
545	29.07.2025 19:41:04	2,27	4,98	30,47	27,37	1453,95
546	29.07.2025 19:41:05	2,27	4,98	30,47	27,37	1453,95
547	29.07.2025 19:41:06	2,27	4,98	30,47	27,37	1453,95
548	29.07.2025 19:41:07	2,27	5,00	30,47	27,37	1453,95
549	29.07.2025 19:41:08	2,27	4,98	30,47	27,37	1453,95
550	29.07.2025 19:41:09	2,27	4,98	30,43	27,35	1453,90
551	29.07.2025 19:41:10	2,27	4,98	30,43	27,35	1453,90
552	29.07.2025 19:41:11	2,27	4,98	30,47	27,37	1453,95
553	29.07.2025 19:41:12	2,27	4,98	30,47	27,37	1453,95
554	29.07.2025 19:41:13	2,27	5,00	30,47	27,37	1453,95
555	29.07.2025 19:41:14	2,27	4,98	30,47	27,37	1453,95
556	29.07.2025 19:41:15	2,27	4,98	30,47	27,37	1453,95
557	29.07.2025 19:41:16	2,27	4,98	30,47	27,37	1453,95
558	29.07.2025 19:41:17	2,27	5,00	30,47	27,37	1453,95
559	29.07.2025 19:41:18	2,27	5,00	30,47	27,37	1453,95
560	29.07.2025 19:41:19	2,27	4,98	30,47	27,37	1453,95
561	29.07.2025 19:41:20	2,27	4,98	30,47	27,37	1453,95
562	29.07.2025 19:41:21	2,27	5,00	30,47	27,37	1453,95
563	29.07.2025 19:41:22	2,27	5,00	30,43	27,35	1453,90
564	29.07.2025 19:41:23	2,27	5,00	30,47	27,37	1453,95
565	29.07.2025 19:41:24	2,27	5,02	30,47	27,37	1453,95
566	29.07.2025 19:41:25	2,27	5,02	30,47	27,37	1453,95
567	29.07.2025 19:41:26	2,27	5,00	30,47	27,37	1453,95
568	29.07.2025 19:41:27	2,27	5,00	30,47	27,37	1453,95
569	29.07.2025 19:41:28	2,27	5,00	30,47	27,37	1453,95
570	29.07.2025 19:41:29	2,27	5,00	30,47	27,37	1453,95
571	29.07.2025 19:41:30	2,27	5,00	30,47	27,37	1453,95
572	29.07.2025 19:41:31	2,27	5,00	30,47	27,37	1453,95
573	29.07.2025 19:41:32	2,27	5,02	30,47	27,37	1453,95
574	29.07.2025 19:41:33	2,27	5,00	30,47	27,37	1453,95
575	29.07.2025 19:41:34	2,27	5,02	30,43	27,35	1453,91
576	29.07.2025 19:41:35	2,27	5,02	30,47	27,37	1453,95
577	29.07.2025 19:41:36	2,27	5,02	30,47	27,37	1453,95
578	29.07.2025 19:41:37	2,27	5,02	30,47	27,37	1453,95
579	29.07.2025 19:41:38	2,27	5,00	30,47	27,37	1453,95
580	29.07.2025 19:41:39	2,27	5,02	30,47	27,37	1453,95
581	29.07.2025 19:41:40	2,27	5,02	30,47	27,37	1453,95
582	29.07.2025 19:41:41	2,27	5,02	30,47	27,37	1453,95
583	29.07.2025 19:41:42	2,27	5,00	30,43	27,35	1453,90
584	29.07.2025 19:41:43	2,27	5,02	30,47	27,37	1453,95
585	29.07.2025 19:41:44	2,27	5,02	30,47	27,37	1453,95
586	29.07.2025 19:41:45	2,27	5,03	30,43	27,35	1453,91
587	29.07.2025 19:41:46	2,27	5,02	30,47	27,37	1453,95
588	29.07.2025 19:41:47	2,27	5,03	30,47	27,37	1453,95
589	29.07.2025 19:41:48	2,27	5,03	30,47	27,37	1453,95
590	29.07.2025 19:41:49	2,27	5,02	30,47	27,37	1453,95
591	29.07.2025 19:41:50	2,27	5,03	30,47	27,37	1453,95
592	29.07.2025 19:41:51	2,27	5,03	30,47	27,37	1453,95
593	29.07.2025 19:41:52	2,27	5,03	30,47	27,37	1453,95
594	29.07.2025 19:41:53	2,27	5,03	30,47	27,37	1453,95
595	29.07.2025 19:41:54	2,27	5,03	30,43	27,35	1453,91
596	29.07.2025 19:41:55	2,27	5,03	30,47	27,37	1453,95
597	29.07.2025 19:41:56	2,27	5,03	30,43	27,35	1453,91
598	29.07.2025 19:41:57	2,27	5,03	30,43	27,35	1453,91
599	29.07.2025 19:41:58	2,27	5,03	30,43	27,35	1453,91
600	29.07.2025 19:41:59	2,27	5,03	30,47	27,37	1453,95
601	29.07.2025 19:42:00	2,27	5,03	30,47	27,37	1453,95
602	29.07.2025 19:42:01	2,27	5,03	30,43	27,35	1453,91
603	29.07.2025 19:42:02	2,27	5,05	30,47	27,37	1453,96
604	29.07.2025 19:42:03	2,27	5,03	30,47	27,37	1453,95
605	29.07.2025 19:42:04	2,27	5,03	30,47	27,37	1453,95
606	29.07.2025 19:42:05	2,27	5,03	30,47	27,37	1453,95
607	29.07.2025 19:42:06	2,27	5,03	30,47	27,37	1453,95
608	29.07.2025 19:42:07	2,27	5,03	30,47	27,37	1453,95
609	29.07.2025 19:42:08	2,27	5,03	30,47	27,37	1453,95
610	29.07.2025 19:42:09	2,27	5,03	30,47	27,37	1453,95
611	29.07.2025 19:42:10	2,27	5,02	30,47	27,37	1453,95
612	29.07.2025 19:42:11	2,27	5,02	30,47	27,37	1453,95
613	29.07.2025 19:42:12	2,27	5,03	30,47	27,37	1453,95
614	29.07.2025 19:42:13	2,27	5,03	30,47	27,37	1453,95
615	29.07.2025 19:42:14	2,27	5,02	30,47	27,37	1453,95
616	29.07.2025 19:42:15	2,27	5,03	30,47	27,37	1453,95
617	29.07.2025 19:42:16	2,27	5,03	30,43	27,35	1453,91
618	29.07.2025 19:42:17	2,27	5,02	30,47	27,37	1453,95
619	29.07.2025 19:42:18	2,27	5,02	30,47	27,37	1453,95
620	29.07.2025 19:42:19	2,27	5,03	30,47	27,37	1453,95
621	29.07.2025 19:42:20	2,27	5,03	30,47	27,37	1453,95
622	29.07.2025 19:42:21	2,27	5,02	30,43	27,35	1453,91
623	29.07.2025 19:42:22	2,27	5,02	30,43	27,35	1453,91
624	29.07.2025 19:42:23	2,27	5,03	30,47	27,37	1453,95
625	29.07.2025 19:42:24	2,27	5,03	30,47	27,37	1453,95
626	29.07.2025 19:42:25	2,27	5,03	30,43	27,35	1453,91
627	29.07.2025 19:42:26	2,27	5,03	30,47	27,37	1453,95
628	29.07.2025 19:42:27	2,27	5,03	30,47	27,37	1453,95
629	29.07.2025 19:42:28	2,27	5,03	30,43	27,35	1453,91
630	29.07.2025 19:42:29	2,27	5,05	30,47	27,37	1453,96
631	29.07.2025 19:42:30	2,27	5,03	30,47	27,37	1453,95
632	29.07.2025 19:42:31	2,27	5,03	30,47	27,37	1453,95
633	29.07.2025 19:42:32	2,27	5,03	30,43	27,35	1453,91
634	29.07.2025 19:42:33	2,27	5,03	30,47	27,37	1453,95
635	29.07.2025 19:42:34	2,27	5,05	30,47	27,37	1453,96
636	29.07.2025 19:42:35	2,27	5,03	30,47	27,37	1453,95
637	29.07.2025 19:42:36	2,27	5,05	30,47	27,37	1453,96
638	29.07.2025 19:42:37	2,27	5,05	30,47	27,37	1453,96
639	29.07.2025 19:42:38	2,27	5,05	30,43	27,35	1453,91
640	29.07.2025 19:42:39	2,27	5,05	30,47	27,37	1453,96
641	29.07.2025 19:42:40	2,27	5,05	30,47	27,37	1453,96
642	29.07.2025 19:42:41	2,27	5,05	30,47	27,37	1453,96
643	29.07.2025 19:42:42	2,27	5,05	30,47	27,37	1453,96
644	29.07.2025 19:42:43	2,27	5,05	30,47	27,37	1453,96
645	29.07.2025 19:42:44	2,27	5,05	30,43	27,35	1453,91
646	29.07.2025 19:42:45	2,27	5,05	30,43	27,35	1453,91
647	29.07.2025 19:42:46	2,27	5,05	30,43	27,35	1453,91
648	29.07.2025 19:42:47	2,27	5,05	30,47	27,37	1453,96
649	29.07.2025 19:42:48	2,27	5,07	30,43	27,35	1453,92
650	29.07.2025 19:42:49	2,27	5,09	30,47	27,37	1453,96
651	29.07.2025 19:42:50	2,27	5,07	30,47	27,37	1453,96
652	29.07.2025 19:42:51	2,27	5,07	30,47	27,37	1453,96
653	29.07.2025 19:42:52	2,27	5,09	30,47	27,37	1453,96
654	29.07.2025 19:42:53	2,27	5,07	30,47	27,37	1453,96
655	29.07.2025 19:42:54	2,27	5,07	30,47	27,37	1453,96
656	29.07.2025 19:42:55	2,27	5,07	30,47	27,37	1453,96
657	29.07.2025 19:42:56	2,27	5,07	30,47	27,37	1453,96
658	29.07.2025 19:42:57	2,27	5,09	30,47	27,37	1453,96
659	29.07.2025 19:42:58	2,27	5,07	30,43	27,35	1453,92
660	29.07.2025 19:42:59	2,27	5,05	30,43	27,35	1453,91
661	29.07.2025 19:43:00	2,27	5,07	30,47	27,37	1453,96
662	29.07.2025 19:43:01	2,27	5,07	30,47	27,37	1453,96
663	29.07.2025 19:43:02	2,27	5,09	30,47	27,37	1453,96
664	29.07.2025 19:43:03	2,27	5,07	30,47	27,37	1453,96
665	29.07.2025 19:43:04	2,27	5,03	30,43	27,35	1453,91
666	29.07.2025 19:43:05	2,27	5,03	30,47	27,37	1453,95
667	29.07.2025 19:43:06	2,27	5,00	30,47	27,37	1453,95
668	29.07.2025 19:43:07	2,27	5,02	30,47	27,37	1453,95
669	29.07.2025 19:43:08	2,27	5,03	30,47	27,37	1453,95
670	29.07.2025 19:43:09	2,27	5,03	30,43	27,35	1453,91
671	29.07.2025 19:43:10	2,27	5,03	30,43	27,35	1453,91
672	29.07.2025 19:43:11	2,27	5,03	30,43	27,35	1453,91
673	29.07.2025 19:43:12	2,27	5,05	30,47	27,37	1453,96
674	29.07.2025 19:43:13	2,27	5,03	30,47	27,37	1453,95
675	29.07.2025 19:43:14	2,27	5,05	30,47	27,37	1453,96
676	29.07.2025 19:43:15	2,27	5,07	30,47	27,37	1453,96
677	29.07.2025 19:43:16	2,27	5,05	30,47	27,37	1453,96
678	29.07.2025 19:43:17	2,27	5,07	30,43	27,35	1453,92
679	29.07.2025 19:43:18	2,27	5,07	30,47	27,37	1453,96
680	29.07.2025 19:43:19	2,27	5,07	30,47	27,37	1453,96
681	29.07.2025 19:43:20	2,27	5,07	30,47	27,37	1453,96
682	29.07.2025 19:43:21	2,27	5,09	30,47	27,37	1453,96
683	29.07.2025 19:43:22	2,27	5,09	30,47	27,37	1453,96
684	29.07.2025 19:43:23	2,27	5,10	30,47	27,37	1453,96
685	29.07.2025 19:43:24	2,27	5,10	30,47	27,37	1453,96
686	29.07.2025 19:43:25	2,27	5,10	30,47	27,37	1453,96
687	29.07.2025 19:43:26	2,27	5,09	30,47	27,37	1453,96
688	29.07.2025 19:43:27	2,27	5,09	30,43	27,35	1453,92
689	29.07.2025 19:43:28	2,27	5,09	30,47	27,37	1453,96
690	29.07.2025 19:43:29	2,27	5,05	30,43	27,35	1453,91
691	29.07.2025 19:43:30	2,27	5,00	30,43	27,35	1453,90
692	29.07.2025 19:43:31	2,27	4,95	30,43	27,35	1453,90
693	29.07.2025 19:43:32	2,27	4,91	30,47	27,37	1453,93
694	29.07.2025 19:43:33	2,27	4,89	30,47	27,37	1453,93
695	29.07.2025 19:43:34	2,27	4,86	30,43	27,35	1453,88
696	29.07.2025 19:43:35	2,27	4,82	30,47	27,37	1453,92
697	29.07.2025 19:43:36	2,27	4,82	30,47	27,37	1453,92
698	29.07.2025 19:43:37	2,27	4,84	30,47	27,37	1453,92
699	29.07.2025 19:43:38	2,27	4,84	30,47	27,37	1453,92
700	29.07.2025 19:43:39	2,27	4,88	30,47	27,37	1453,93
701	29.07.2025 19:43:40	2,27	4,89	30,47	27,37	1453,93
702	29.07.2025 19:43:41	2,27	4,93	30,47	27,37	1453,94
703	29.07.2025 19:43:42	2,27	4,93	30,47	27,37	1453,94
704	29.07.2025 19:43:43	2,27	4,96	30,43	27,35	1453,90
705	29.07.2025 19:43:44	2,27	4,95	30,43	27,35	1453,90
706	29.07.2025 19:43:45	2,27	4,95	30,47	27,37	1453,94
707	29.07.2025 19:43:46	2,27	4,96	30,47	27,37	1453,94
708	29.07.2025 19:43:47	2,27	4,95	30,47	27,37	1453,94
709	29.07.2025 19:43:48	2,27	4,96	30,47	27,37	1453,94
710	29.07.2025 19:43:49	2,27	4,96	30,47	27,37	1453,94
711	29.07.2025 19:43:50	2,27	4,96	30,47	27,37	1453,94
712	29.07.2025 19:43:51	2,27	4,98	30,47	27,37	1453,95
713	29.07.2025 19:43:52	2,27	4,98	30,47	27,37	1453,95
714	29.07.2025 19:43:53	2,27	4,96	30,43	27,35	1453,90
715	29.07.2025 19:43:54	2,27	4,96	30,47	27,37	1453,94
716	29.07.2025 19:43:55	2,27	4,96	30,47	27,37	1453,94
717	29.07.2025 19:43:56	2,27	4,96	30,47	27,37	1453,94
718	29.07.2025 19:43:57	2,27	4,96	30,43	27,35	1453,90
719	29.07.2025 19:43:58	2,27	4,96	30,47	27,37	1453,94
720	29.07.2025 19:43:59	2,27	4,95	30,47	27,37	1453,94
721	29.07.2025 19:44:00	2,27	4,95	30,47	27,37	1453,94
722	29.07.2025 19:44:01	2,27	4,93	30,43	27,35	1453,89
723	29.07.2025 19:44:02	2,27	4,93	30,47	27,37	1453,94
724	29.07.2025 19:44:03	2,27	4,91	30,47	27,37	1453,93
725	29.07.2025 19:44:04	2,27	4,91	30,47	27,37	1453,93
726	29.07.2025 19:44:05	2,27	4,89	30,47	27,37	1453,93
727	29.07.2025 19:44:06	2,27	4,88	30,47	27,37	1453,93
728	29.07.2025 19:44:07	2,27	4,86	30,47	27,37	1453,93
729	29.07.2025 19:44:08	2,27	4,84	30,47	27,37	1453,92
730	29.07.2025 19:44:09	2,27	4,82	30,47	27,37	1453,92
731	29.07.2025 19:44:10	2,27	4,81	30,47	27,37	1453,92
732	29.07.2025 19:44:11	2,27	4,79	30,47	27,37	1453,92
733	29.07.2025 19:44:12	2,27	4,75	30,44	27,35	1453,87
734	29.07.2025 19:44:13	2,27	4,74	30,47	27,37	1453,91
735	29.07.2025 19:44:14	2,27	4,72	30,47	27,37	1453,90
736	29.07.2025 19:44:15	2,27	4,70	30,47	27,37	1453,90
737	29.07.2025 19:44:16	2,27	4,67	30,47	27,37	1453,90
738	29.07.2025 19:44:17	2,27	4,63	30,47	27,37	1453,89
739	29.07.2025 19:44:18	2,27	4,61	30,47	27,37	1453,89
740	29.07.2025 19:44:19	2,27	4,60	30,47	27,37	1453,89
741	29.07.2025 19:44:20	2,27	4,56	30,47	27,37	1453,88
742	29.07.2025 19:44:21	2,27	4,53	30,47	27,37	1453,87
743	29.07.2025 19:44:22	2,27	4,51	30,44	27,35	1453,83
744	29.07.2025 19:44:23	2,27	4,47	30,47	27,37	1453,87
745	29.07.2025 19:44:24	2,27	4,46	30,47	27,37	1453,86
746	29.07.2025 19:44:25	2,27	4,42	30,44	27,35	1453,81
747	29.07.2025 19:44:26	2,27	4,39	30,47	27,37	1453,85
748	29.07.2025 19:44:27	2,27	4,37	30,47	27,37	1453,85
749	29.07.2025 19:44:28	2,27	4,35	30,47	27,37	1453,85
750	29.07.2025 19:44:29	2,27	4,32	30,47	27,37	1453,84
751	29.07.2025 19:44:30	2,27	4,28	30,44	27,35	1453,79
752	29.07.2025 19:44:31	2,27	4,25	30,47	27,37	1453,83
753	29.07.2025 19:44:32	2,27	4,23	30,47	27,37	1453,83
754	29.07.2025 19:44:33	2,27	4,19	30,47	27,37	1453,82
755	29.07.2025 19:44:34	2,27	4,18	30,47	27,37	1453,82
756	29.07.2025 19:44:35	2,27	4,14	30,44	27,35	1453,77
757	29.07.2025 19:44:36	2,27	4,12	30,47	27,37	1453,81
758	29.07.2025 19:44:37	2,27	4,09	30,44	27,35	1453,76
759	29.07.2025 19:44:38	2,27	4,07	30,44	27,35	1453,76
760	29.07.2025 19:44:39	2,27	4,05	30,47	27,37	1453,80
761	29.07.2025 19:44:40	2,27	4,04	30,47	27,37	1453,80
762	29.07.2025 19:44:41	2,27	4,02	30,47	27,37	1453,80
763	29.07.2025 19:44:42	2,27	3,98	30,47	27,37	1453,79
764	29.07.2025 19:44:43	2,27	3,97	30,47	27,37	1453,79
765	29.07.2025 19:44:44	2,27	3,95	30,47	27,37	1453,78
766	29.07.2025 19:44:45	2,27	3,91	30,44	27,35	1453,74
767	29.07.2025 19:44:46	2,27	3,90	30,44	27,35	1453,73
768	29.07.2025 19:44:47	2,27	3,88	30,47	27,37	1453,77
769	29.07.2025 19:44:48	2,27	3,86	30,47	27,37	1453,77
770	29.07.2025 19:44:49	2,27	3,83	30,47	27,37	1453,77
771	29.07.2025 19:44:50	2,27	3,79	30,47	27,37	1453,76
772	29.07.2025 19:44:51	2,27	3,77	30,47	27,37	1453,76
773	29.07.2025 19:44:52	2,27	3,75	30,47	27,37	1453,75
774	29.07.2025 19:44:53	2,27	3,70	30,47	27,37	1453,75
775	29.07.2025 19:44:54	2,27	3,68	30,47	27,37	1453,74
776	29.07.2025 19:44:55	2,27	3,65	30,47	27,37	1453,74
777	29.07.2025 19:44:56	2,27	3,63	30,47	27,37	1453,74
778	29.07.2025 19:44:57	2,27	3,61	30,47	27,37	1453,73
779	29.07.2025 19:44:58	2,27	3,56	30,47	27,37	1453,72
780	29.07.2025 19:44:59	2,27	3,56	30,47	27,37	1453,72
781	29.07.2025 19:45:00	2,27	3,53	30,47	27,37	1453,72
782	29.07.2025 19:45:01	2,27	3,51	30,47	27,37	1453,72
783	29.07.2025 19:45:02	2,27	3,47	30,47	27,37	1453,71
784	29.07.2025 19:45:03	2,27	3,46	30,47	27,37	1453,71
785	29.07.2025 19:45:04	2,27	3,42	30,51	27,40	1453,75
786	29.07.2025 19:45:05	2,31	3,41	30,47	27,40	1453,86
787	29.07.2025 19:45:06	2,31	3,37	30,51	27,43	1453,90
788	29.07.2025 19:45:07	2,31	3,35	30,57	27,48	1453,99
789	29.07.2025 19:45:08	2,34	3,32	30,57	27,51	1454,14
790	29.07.2025 19:45:09	2,38	3,31	30,60	27,56	1454,35
791	29.07.2025 19:45:10	2,42	3,25	30,60	27,59	1454,50
792	29.07.2025 19:45:11	2,46	3,24	30,63	27,64	1454,70
793	29.07.2025 19:45:12	2,50	3,22	30,92	27,91	1455,25
794	29.07.2025 19:45:13	2,57	3,21	31,11	28,13	1455,83
795	29.07.2025 19:45:14	2,72	3,18	31,10	28,24	1456,47
796	29.07.2025 19:45:15	2,87	3,12	30,99	28,27	1456,96
797	29.07.2025 19:45:16	2,98	3,09	30,92	28,30	1457,35
798	29.07.2025 19:45:17	3,06	3,06	30,88	28,33	1457,62
799	29.07.2025 19:45:18	3,10	3,05	30,94	28,41	1457,86
800	29.07.2025 19:45:19	3,17	3,01	30,90	28,44	1458,13
801	29.07.2025 19:45:20	3,21	2,98	30,87	28,44	1458,24
802	29.07.2025 19:45:21	3,28	2,97	30,83	28,47	1458,50
803	29.07.2025 19:45:22	3,32	2,95	30,93	28,58	1458,78
804	29.07.2025 19:45:23	3,39	2,92	30,95	28,66	1459,13
805	29.07.2025 19:45:24	3,47	2,89	30,92	28,69	1459,40
806	29.07.2025 19:45:25	3,54	2,88	30,91	28,74	1459,70
807	29.07.2025 19:45:26	3,58	2,86	30,91	28,77	1459,86
808	29.07.2025 19:45:27	3,65	2,81	30,87	28,80	1460,11
809	29.07.2025 19:45:28	3,69	2,80	30,87	28,82	1460,27
810	29.07.2025 19:45:29	3,73	2,76	30,84	28,83	1460,37
811	29.07.2025 19:45:30	3,76	2,75	30,84	28,85	1460,52
812	29.07.2025 19:45:31	3,80	2,73	30,84	28,88	1460,67
813	29.07.2025 19:45:32	3,84	2,70	30,83	28,91	1460,82
814	29.07.2025 19:45:33	3,87	2,66	30,80	28,91	1460,93
815	29.07.2025 19:45:34	3,91	2,65	30,77	28,91	1461,04
816	29.07.2025 19:45:35	3,95	2,62	30,73	28,91	1461,14
817	29.07.2025 19:45:36	3,98	2,60	30,76	28,97	1461,33
818	29.07.2025 19:45:37	4,02	2,57	30,79	29,02	1461,52
819	29.07.2025 19:45:38	4,09	2,59	31,07	29,32	1462,19
820	29.07.2025 19:45:39	4,20	2,54	31,03	29,37	1462,59
821	29.07.2025 19:45:40	4,35	2,50	30,93	29,40	1463,07
822	29.07.2025 19:45:41	4,42	2,46	30,93	29,46	1463,36
823	29.07.2025 19:45:42	4,53	2,44	30,86	29,49	1463,72
824	29.07.2025 19:45:43	4,60	2,40	30,80	29,49	1463,93
825	29.07.2025 19:45:44	4,67	2,37	30,76	29,52	1464,18
826	29.07.2025 19:45:45	4,71	2,34	30,76	29,55	1464,32
827	29.07.2025 19:45:46	4,78	2,33	30,79	29,63	1464,66
828	29.07.2025 19:45:47	4,85	2,29	30,82	29,71	1464,98
829	29.07.2025 19:45:48	4,92	2,26	30,81	29,76	1465,27
830	29.07.2025 19:45:49	4,99	2,25	30,87	29,87	1465,64
831	29.07.2025 19:45:50	5,10	2,24	30,99	30,06	1466,23
832	29.07.2025 19:45:51	5,21	2,24	31,07	30,23	1466,78
833	29.07.2025 19:45:52	5,35	2,20	31,19	30,44	1467,50
834	29.07.2025 19:45:53	5,53	2,17	31,24	30,63	1468,28
835	29.07.2025 19:45:54	5,74	2,15	31,29	30,85	1469,20
836	29.07.2025 19:45:55	5,95	2,14	31,43	31,15	1470,23
837	29.07.2025 19:45:56	6,16	2,11	31,66	31,53	1471,36
838	29.07.2025 19:45:57	6,44	2,11	31,61	31,72	1472,41
839	29.07.2025 19:45:58	6,72	2,05	31,54	31,90	1473,41
840	29.07.2025 19:45:59	7,02	2,00	31,53	32,14	1474,60
841	29.07.2025 19:46:00	7,30	1,96	31,81	32,63	1476,01
842	29.07.2025 19:46:01	7,60	2,01	32,65	33,68	1478,27
843	29.07.2025 19:46:02	8,11	1,96	32,34	33,83	1479,81
844	29.07.2025 19:46:03	8,55	1,86	32,03	33,92	1481,06
845	29.07.2025 19:46:04	8,85	1,81	31,83	33,98	1481,92
846	29.07.2025 19:46:05	9,11	1,77	31,96	34,33	1483,06
847	29.07.2025 19:46:06	9,41	1,78	32,14	34,77	1484,39
848	29.07.2025 19:46:07	9,77	1,85	32,92	35,85	1486,69
849	29.07.2025 19:46:08	10,32	1,82	33,05	36,48	1488,85
850	29.07.2025 19:46:09	10,87	1,73	32,78	36,70	1490,46
851	29.07.2025 19:46:10	11,35	1,64	32,61	36,96	1491,93
852	29.07.2025 19:46:11	11,73	1,56	32,31	37,00	1492,88
853	29.07.2025 19:46:12	12,05	1,52	32,07	37,03	1493,69
854	29.07.2025 19:46:13	12,30	1,48	31,89	37,07	1494,32
855	29.07.2025 19:46:14	12,52	1,42	31,74	37,10	1494,88
856	29.07.2025 19:46:15	12,71	1,41	31,56	37,08	1495,30
857	29.07.2025 19:46:16	12,84	1,40	31,46	37,08	1495,60
858	29.07.2025 19:46:17	12,96	1,41	31,35	37,09	1495,90
859	29.07.2025 19:46:18	13,12	1,38	31,23	37,09	1496,28
860	29.07.2025 19:46:19	13,24	1,37	31,13	37,09	1496,57
861	29.07.2025 19:46:20	13,34	1,34	31,06	37,10	1496,79
862	29.07.2025 19:46:21	13,43	1,36	30,98	37,10	1497,02
863	29.07.2025 19:46:22	13,55	1,35	30,89	37,10	1497,31
864	29.07.2025 19:46:23	13,68	1,35	30,76	37,08	1497,58
865	29.07.2025 19:46:24	13,77	1,34	30,69	37,08	1497,80
866	29.07.2025 19:46:25	13,86	1,34	30,62	37,08	1498,02
867	29.07.2025 19:46:26	13,96	1,35	30,55	37,09	1498,24
868	29.07.2025 19:46:27	14,08	1,35	30,45	37,09	1498,53
869	29.07.2025 19:46:28	14,17	1,38	30,38	37,09	1498,76
870	29.07.2025 19:46:29	14,27	1,36	30,29	37,07	1498,95
871	29.07.2025 19:46:30	14,36	1,37	30,22	37,07	1499,16
872	29.07.2025 19:46:31	14,42	1,35	30,17	37,07	1499,31
873	29.07.2025 19:46:32	14,51	1,36	30,10	37,07	1499,53
874	29.07.2025 19:46:33	14,57	1,34	30,06	37,07	1499,67
875	29.07.2025 19:46:34	14,67	1,35	29,99	37,08	1499,89
876	29.07.2025 19:46:35	14,73	1,33	29,94	37,08	1500,03
877	29.07.2025 19:46:36	14,79	1,33	29,87	37,05	1500,14
878	29.07.2025 19:46:37	14,85	1,32	29,83	37,06	1500,28
879	29.07.2025 19:46:38	14,91	1,32	29,78	37,06	1500,43
880	29.07.2025 19:46:39	14,97	1,31	29,71	37,03	1500,54
881	29.07.2025 19:46:40	15,06	1,28	29,67	37,06	1500,78
882	29.07.2025 19:46:41	15,12	1,26	29,62	37,06	1500,92
883	29.07.2025 19:46:42	15,19	1,23	29,56	37,04	1501,03
884	29.07.2025 19:46:43	15,25	1,20	29,51	37,04	1501,16
885	29.07.2025 19:46:44	15,31	1,22	29,47	37,04	1501,31
886	29.07.2025 19:46:45	15,34	1,20	29,45	37,04	1501,38
887	29.07.2025 19:46:46	15,40	1,19	29,40	37,04	1501,52
888	29.07.2025 19:46:47	15,43	1,17	29,38	37,04	1501,59
889	29.07.2025 19:46:48	15,49	1,16	29,34	37,04	1501,73
890	29.07.2025 19:46:49	15,55	1,13	29,27	37,02	1501,83
891	29.07.2025 19:46:50	15,61	1,13	29,25	37,05	1502,00
892	29.07.2025 19:46:51	15,64	1,08	29,20	37,02	1502,04
893	29.07.2025 19:46:52	15,70	1,08	29,16	37,02	1502,18
894	29.07.2025 19:46:53	15,73	1,06	29,14	37,02	1502,25
895	29.07.2025 19:46:54	15,76	1,05	29,12	37,02	1502,31
896	29.07.2025 19:46:55	15,82	1,03	29,07	37,03	1502,45
897	29.07.2025 19:46:56	15,85	1,02	29,05	37,03	1502,52
898	29.07.2025 19:46:57	15,88	1,00	29,05	37,05	1502,61
899	29.07.2025 19:46:58	15,94	0,99	29,03	37,08	1502,78
900	29.07.2025 19:46:59	15,98	0,97	29,01	37,08	1502,85
901	29.07.2025 19:47:00	16,04	0,97	28,99	37,11	1503,01
902	29.07.2025 19:47:01	16,07	0,94	28,99	37,14	1503,11
903	29.07.2025 19:47:02	16,13	0,92	28,95	37,14	1503,24
904	29.07.2025 19:47:03	16,16	0,91	28,93	37,14	1503,31
905	29.07.2025 19:47:04	16,22	0,89	28,89	37,14	1503,45
906	29.07.2025 19:47:05	16,25	0,88	28,87	37,14	1503,51
907	29.07.2025 19:47:06	16,28	0,88	28,87	37,17	1503,61
908	29.07.2025 19:47:07	16,31	0,86	28,85	37,17	1503,68
909	29.07.2025 19:47:08	16,34	0,85	28,83	37,17	1503,74
910	29.07.2025 19:47:09	16,34	0,83	28,83	37,17	1503,74
911	29.07.2025 19:47:10	16,37	0,81	28,83	37,20	1503,83
912	29.07.2025 19:47:11	16,43	0,78	28,79	37,20	1503,97
913	29.07.2025 19:47:12	16,46	0,78	28,79	37,23	1504,06
914	29.07.2025 19:47:13	16,49	0,75	28,77	37,23	1504,13
915	29.07.2025 19:47:14	16,52	0,73	28,75	37,23	1504,19
916	29.07.2025 19:47:15	16,58	0,74	28,68	37,20	1504,30
917	29.07.2025 19:47:16	16,61	0,70	28,61	37,15	1504,31
918	29.07.2025 19:47:17	16,61	0,68	28,61	37,15	1504,31
919	29.07.2025 19:47:18	16,64	0,67	28,59	37,15	1504,38
920	29.07.2025 19:47:19	16,67	0,65	28,60	37,18	1504,47
921	29.07.2025 19:47:20	16,70	0,65	28,60	37,21	1504,56
922	29.07.2025 19:47:21	16,73	0,64	28,58	37,21	1504,63
923	29.07.2025 19:47:22	16,76	0,62	28,56	37,21	1504,70
924	29.07.2025 19:47:23	16,79	0,60	28,56	37,24	1504,79
925	29.07.2025 19:47:24	16,82	0,59	28,54	37,24	1504,85
926	29.07.2025 19:47:25	16,85	0,57	28,52	37,24	1504,92
927	29.07.2025 19:47:26	16,88	0,56	28,47	37,21	1504,96
928	29.07.2025 19:47:27	16,91	0,54	28,45	37,21	1505,02
929	29.07.2025 19:47:28	16,91	0,54	28,48	37,24	1505,05
930	29.07.2025 19:47:29	16,94	0,51	28,43	37,21	1505,09
931	29.07.2025 19:47:30	16,97	0,51	28,46	37,27	1505,21
932	29.07.2025 19:47:31	17,00	0,51	28,50	37,35	1505,36
933	29.07.2025 19:47:32	17,06	0,53	28,74	37,67	1505,81
934	29.07.2025 19:47:33	17,18	0,55	28,83	37,89	1506,29
935	29.07.2025 19:47:34	17,33	0,48	28,46	37,57	1506,30
936	29.07.2025 19:47:35	17,39	0,34	28,26	37,38	1506,23
937	29.07.2025 19:47:36	17,33	0,39	28,26	37,33	1506,05
938	29.07.2025 19:47:37	17,30	0,39	28,26	37,30	1505,96
939	29.07.2025 19:47:38	17,27	0,37	28,50	37,57	1506,15
940	29.07.2025 19:47:39	17,30	0,39	28,28	37,33	1505,99
941	29.07.2025 19:47:40	17,33	0,44	28,62	37,76	1506,48
942	29.07.2025 19:47:41	17,45	0,41	28,40	37,60	1506,59
943	29.07.2025 19:47:42	17,54	0,32	28,41	37,68	1506,85
944	29.07.2025 19:47:43	17,57	0,32	28,63	37,98	1507,20
945	29.07.2025 19:47:44	17,63	0,29	28,33	37,66	1507,02
946	29.07.2025 19:47:45	17,69	0,36	28,51	37,93	1507,42
947	29.07.2025 19:47:46	17,78	0,29	28,45	37,93	1507,61
948	29.07.2025 19:47:47	17,84	0,18	28,18	37,66	1507,47
949	29.07.2025 19:47:48	17,81	0,27	28,61	38,14	1507,88
950	29.07.2025 19:47:49	17,87	0,27	28,48	38,04	1507,91
951	29.07.2025 19:47:50	17,99	0,22	28,53	38,20	1508,32
952	29.07.2025 19:47:51	18,05	0,18	28,24	37,91	1508,16
953	29.07.2025 19:47:52	18,05	0,13	28,31	37,99	1508,23
954	29.07.2025 19:47:53	18,05	0,16	28,22	37,88	1508,13
955	29.07.2025 19:47:54	18,05	0,13	28,49	38,20	1508,43
956	29.07.2025 19:47:55	18,05	0,08	28,02	37,64	1507,89
957	29.07.2025 19:47:56	18,02	0,11	28,15	37,77	1507,95
958	29.07.2025 19:47:57	18,02	0,18	28,33	37,99	1508,17
959	29.07.2025 19:47:58	18,11	0,15	28,58	38,36	1508,72
960	29.07.2025 19:47:59	18,22	0,08	28,24	38,05	1508,66
961	29.07.2025 19:48:00	18,25	0,02	28,46	38,34	1509,00
962	29.07.2025 19:48:01	18,31	0,06	28,44	38,37	1509,16
963	29.07.2025 19:48:02	18,37	0,00	28,31	38,26	1509,18
964	29.07.2025 19:48:03	18,40	-0,08	28,16	38,10	1509,08
965	29.07.2025 19:48:04	18,34	-0,01	28,33	38,26	1509,11
966	29.07.2025 19:48:05	18,40	0,02	28,45	38,45	1509,42
967	29.07.2025 19:48:06	18,46	-0,01	28,41	38,45	1509,55
968	29.07.2025 19:48:07	18,52	-0,03	28,37	38,45	1509,67
969	29.07.2025 19:48:08	18,58	-0,03	28,33	38,46	1509,80
970	29.07.2025 19:48:09	18,61	-0,05	28,31	38,46	1509,86
971	29.07.2025 19:48:10	18,64	-0,05	28,25	38,40	1509,88
972	29.07.2025 19:48:11	18,67	-0,03	28,27	38,46	1510,00
973	29.07.2025 19:48:12	18,70	-0,05	28,25	38,46	1510,06
974	29.07.2025 19:48:13	18,70	-0,12	27,79	37,90	1509,52
975	29.07.2025 19:48:14	18,64	-0,08	28,25	38,40	1509,87
976	29.07.2025 19:48:15	18,61	-0,01	28,27	38,40	1509,82
977	29.07.2025 19:48:16	18,67	-0,05	28,12	38,27	1509,82
978	29.07.2025 19:48:17	18,67	-0,08	27,83	37,92	1509,49
979	29.07.2025 19:48:18	18,64	-0,05	28,14	38,27	1509,75
980	29.07.2025 19:48:19	18,64	-0,01	28,25	38,40	1509,88
981	29.07.2025 19:48:20	18,70	-0,03	28,21	38,40	1510,01
982	29.07.2025 19:48:21	18,73	-0,01	28,19	38,41	1510,08
983	29.07.2025 19:48:22	18,76	-0,03	28,17	38,41	1510,14
984	29.07.2025 19:48:23	18,79	-0,05	27,91	38,11	1509,92
985	29.07.2025 19:48:24	18,76	-0,08	28,06	38,27	1510,00
986	29.07.2025 19:48:25	18,73	-0,03	28,08	38,27	1509,95
987	29.07.2025 19:48:26	18,76	0,00	28,21	38,46	1510,19
988	29.07.2025 19:48:27	18,82	-0,01	28,15	38,43	1510,29
989	29.07.2025 19:48:28	18,85	-0,03	28,15	38,46	1510,38
990	29.07.2025 19:48:29	18,88	-0,03	28,09	38,41	1510,39
991	29.07.2025 19:48:30	18,91	-0,03	28,09	38,44	1510,48
992	29.07.2025 19:48:31	18,91	-0,03	28,11	38,46	1510,51
993	29.07.2025 19:48:32	18,94	-0,03	28,07	38,44	1510,55
994	29.07.2025 19:48:33	18,97	-0,03	28,07	38,46	1510,64
995	29.07.2025 19:48:34	18,97	-0,03	28,10	38,49	1510,66
996	29.07.2025 19:48:35	19,00	-0,05	28,05	38,47	1510,70
997	29.07.2025 19:48:36	19,00	-0,05	28,03	38,44	1510,67
998	29.07.2025 19:48:37	19,03	-0,03	28,03	38,47	1510,76
999	29.07.2025 19:48:38	19,03	-0,05	28,03	38,47	1510,76
1000	29.07.2025 19:48:39	19,03	-0,05	28,03	38,47	1510,76
1001	29.07.2025 19:48:40	19,06	-0,03	27,99	38,44	1510,80
1002	29.07.2025 19:48:41	19,06	-0,05	27,99	38,44	1510,80
1003	29.07.2025 19:48:42	19,06	-0,05	27,99	38,44	1510,80
1004	29.07.2025 19:48:43	19,06	-0,03	27,99	38,44	1510,80
1005	29.07.2025 19:48:44	19,09	-0,03	28,00	38,47	1510,89
1006	29.07.2025 19:48:45	19,09	-0,05	28,00	38,47	1510,89
1007	29.07.2025 19:48:46	19,11	-0,01	27,96	38,44	1510,93
1008	29.07.2025 19:48:47	19,11	-0,03	27,87	38,33	1510,83
1009	29.07.2025 19:48:48	19,09	-0,08	27,95	38,41	1510,83
1010	29.07.2025 19:48:49	19,09	-0,03	27,97	38,44	1510,87
1011	29.07.2025 19:48:50	19,09	-0,03	27,97	38,44	1510,87
1012	29.07.2025 19:48:51	19,11	-0,01	27,98	38,47	1510,96
1013	29.07.2025 19:48:52	19,14	-0,03	27,96	38,47	1511,02
1014	29.07.2025 19:48:53	19,14	-0,03	27,96	38,47	1511,02
1015	29.07.2025 19:48:54	19,14	-0,03	27,96	38,47	1511,02
1016	29.07.2025 19:48:55	19,14	-0,05	27,94	38,44	1510,99
1017	29.07.2025 19:48:56	19,17	-0,03	27,94	38,47	1511,08
1018	29.07.2025 19:48:57	19,17	-0,03	27,94	38,47	1511,08
1019	29.07.2025 19:48:58	19,17	-0,03	27,94	38,47	1511,08
1020	29.07.2025 19:48:59	19,17	-0,03	27,94	38,47	1511,08
1021	29.07.2025 19:49:00	19,20	-0,03	27,92	38,47	1511,14
1022	29.07.2025 19:49:01	19,20	-0,05	27,92	38,47	1511,14
1023	29.07.2025 19:49:02	19,20	-0,01	27,94	38,50	1511,17
1024	29.07.2025 19:49:03	19,20	-0,03	27,94	38,50	1511,17
1025	29.07.2025 19:49:04	19,20	-0,01	27,94	38,50	1511,17
1026	29.07.2025 19:49:05	19,23	-0,03	27,92	38,50	1511,23
1027	29.07.2025 19:49:06	19,23	-0,03	27,88	38,44	1511,18
1028	29.07.2025 19:49:07	19,23	-0,05	27,90	38,47	1511,21
1029	29.07.2025 19:49:08	19,23	-0,03	27,90	38,47	1511,21
1030	29.07.2025 19:49:09	19,23	-0,03	27,92	38,50	1511,23
1031	29.07.2025 19:49:10	19,23	-0,03	27,92	38,50	1511,23
1032	29.07.2025 19:49:11	19,26	-0,03	27,90	38,50	1511,30
1033	29.07.2025 19:49:12	19,26	-0,03	27,90	38,50	1511,30
1034	29.07.2025 19:49:13	19,26	-0,03	27,90	38,50	1511,30
1035	29.07.2025 19:49:14	19,26	-0,03	27,90	38,50	1511,30
1036	29.07.2025 19:49:15	19,26	-0,05	27,90	38,50	1511,29
1037	29.07.2025 19:49:16	19,29	-0,03	27,88	38,50	1511,36
1038	29.07.2025 19:49:17	19,29	-0,05	27,86	38,47	1511,33
1039	29.07.2025 19:49:18	19,29	-0,05	27,86	38,47	1511,33
1040	29.07.2025 19:49:19	19,29	-0,05	27,86	38,47	1511,33
1041	29.07.2025 19:49:20	19,29	-0,07	27,88	38,50	1511,35
1042	29.07.2025 19:49:21	19,29	-0,07	20,89	29,66	1503,37
1043	29.07.2025 19:49:22	19,29	-0,05	21,44	30,36	1504,00
1044	29.07.2025 19:49:23	19,32	-0,05	21,34	30,25	1503,97
1045	29.07.2025 19:49:24	19,32	-0,05	21,40	30,33	1504,04
1046	29.07.2025 19:49:25	19,32	-0,07	21,40	30,33	1504,04
1047	29.07.2025 19:49:26	19,32	-0,07	21,38	30,31	1504,02
1048	29.07.2025 19:49:27	19,32	-0,05	21,43	30,36	1504,07
1049	29.07.2025 19:49:28	19,32	-0,05	21,45	30,39	1504,09
1050	29.07.2025 19:49:29	19,32	-0,07	21,49	30,44	1504,14
1051	29.07.2025 19:49:30	19,32	-0,05	5,46	8,62	1485,84
1052	29.07.2025 19:49:31	19,32	-0,05	5,46	8,62	1485,84
1053	29.07.2025 19:49:32	19,32	-0,07	2,58	4,27	1482,54
1054	29.07.2025 19:49:33	19,32	-0,05	2,72	4,50	1482,71
1055	29.07.2025 19:49:34	19,32	-0,07	1,59	2,71	1481,41
1056	29.07.2025 19:49:35	19,32	-0,05	0,92	1,61	1480,65
1057	29.07.2025 19:49:36	19,32	-0,05	1,15	2,00	1480,92
1058	29.07.2025 19:49:37	19,32	-0,07	1,55	2,65	1481,37
1059	29.07.2025 19:49:38	19,32	-0,07	0,30	0,54	1479,94
1060	29.07.2025 19:49:39	19,32	-0,07	2,50	4,16	1482,46
1061	29.07.2025 19:49:40	19,32	-0,07	0,20	0,38	1479,83
1062	29.07.2025 19:49:41	19,32	-0,07	0,17	0,32	1479,80
1063	29.07.2025 19:49:42	19,32	-0,05	0,14	0,27	1479,77
1064	29.07.2025 19:49:43	19,32	-0,05	0,14	0,27	1479,77
1065	29.07.2025 19:49:44	19,32	-0,07	0,13	0,24	1479,75
1066	29.07.2025 19:49:45	19,32	-0,07	0,13	0,24	1479,75
1067	29.07.2025 19:49:46	19,32	-0,07	0,13	0,24	1479,75
1068	29.07.2025 19:49:47	19,32	-0,05	0,11	0,21	1479,73
1069	29.07.2025 19:49:48	19,32	-0,05	0,11	0,21	1479,73
1070	29.07.2025 19:49:49	19,32	-0,07	0,11	0,21	1479,73
1071	29.07.2025 19:49:50	19,32	-0,05	0,11	0,21	1479,73
1072	29.07.2025 19:49:51	19,29	-0,05	0,10	0,18	1479,62
1073	29.07.2025 19:49:52	19,29	-0,05	0,10	0,18	1479,62
1074	29.07.2025 19:49:53	19,29	-0,05	0,10	0,18	1479,62
1075	29.07.2025 19:49:54	19,29	-0,07	0,10	0,18	1479,62
1076	29.07.2025 19:49:55	19,29	-0,05	0,10	0,18	1479,62
1077	29.07.2025 19:49:56	19,29	-0,05	0,10	0,18	1479,62
1078	29.07.2025 19:49:57	19,29	-0,05	0,09	0,16	1479,60
1079	29.07.2025 19:49:58	19,29	-0,07	0,09	0,16	1479,60
1080	29.07.2025 19:49:59	19,29	-0,05	0,09	0,16	1479,60
1081	29.07.2025 19:50:00	19,29	-0,07	0,09	0,16	1479,60
1082	29.07.2025 19:50:01	19,29	-0,05	0,09	0,16	1479,60
1083	29.07.2025 19:50:02	19,29	-0,07	0,09	0,16	1479,60
1084	29.07.2025 19:50:03	19,29	-0,05	0,09	0,16	1479,60
1085	29.07.2025 19:50:04	19,26	-0,05	0,09	0,16	1479,51
1086	29.07.2025 19:50:05	19,26	-0,07	0,09	0,16	1479,51
1087	29.07.2025 19:50:06	19,26	-0,05	0,09	0,16	1479,51
1088	29.07.2025 19:50:07	19,26	-0,05	0,09	0,16	1479,51
1089	29.07.2025 19:50:08	19,26	-0,05	0,09	0,16	1479,51
1090	29.07.2025 19:50:09	19,26	-0,05	0,09	0,16	1479,51
1091	29.07.2025 19:50:10	19,26	-0,07	0,09	0,16	1479,51
1092	29.07.2025 19:50:11	19,26	-0,05	0,07	0,13	1479,49
1093	29.07.2025 19:50:12	19,26	-0,07	0,09	0,16	1479,51
1094	29.07.2025 19:50:13	19,26	-0,05	0,07	0,13	1479,49
1095	29.07.2025 19:50:14	19,26	-0,05	0,07	0,13	1479,49
1096	29.07.2025 19:50:15	19,26	-0,05	0,07	0,13	1479,49
1097	29.07.2025 19:50:16	19,26	-0,07	0,07	0,13	1479,49
1098	29.07.2025 19:50:17	19,26	-0,05	0,07	0,13	1479,49
1099	29.07.2025 19:50:18	19,23	-0,05	0,07	0,13	1479,40
1100	29.07.2025 19:50:19	19,23	-0,05	0,07	0,13	1479,40
1101	29.07.2025 19:50:20	19,23	-0,07	0,07	0,13	1479,40
1102	29.07.2025 19:50:21	19,23	-0,05	0,07	0,13	1479,40
1103	29.07.2025 19:50:22	19,23	-0,05	0,07	0,13	1479,40
1104	29.07.2025 19:50:23	19,23	-0,05	0,07	0,13	1479,40
1105	29.07.2025 19:50:24	19,23	-0,05	0,07	0,13	1479,40
1106	29.07.2025 19:50:25	19,23	-0,07	0,07	0,13	1479,40
1107	29.07.2025 19:50:26	19,23	-0,05	0,07	0,13	1479,40
1108	29.07.2025 19:50:27	19,23	-0,05	0,07	0,13	1479,40
1109	29.07.2025 19:50:28	19,23	-0,05	0,07	0,13	1479,40
1110	29.07.2025 19:50:29	19,23	-0,05	0,07	0,13	1479,40
1111	29.07.2025 19:50:30	19,23	-0,07	0,07	0,13	1479,40
1112	29.07.2025 19:50:31	19,23	-0,07	0,07	0,13	1479,40
1113	29.07.2025 19:50:32	19,23	-0,05	0,07	0,13	1479,40
1114	29.07.2025 19:50:33	19,23	-0,05	0,07	0,13	1479,40
1115	29.07.2025 19:50:34	19,23	-0,05	0,07	0,13	1479,40
1116	29.07.2025 19:50:35	19,23	-0,05	0,07	0,13	1479,40
1117	29.07.2025 19:50:36	19,23	-0,07	0,07	0,13	1479,40
1118	29.07.2025 19:50:37	19,23	-0,05	0,07	0,13	1479,40
1119	29.07.2025 19:50:38	19,23	-0,05	0,07	0,13	1479,40
1120	29.07.2025 19:50:39	19,20	-0,05	0,07	0,13	1479,31
1121	29.07.2025 19:50:40	19,20	-0,05	0,07	0,13	1479,31
1122	29.07.2025 19:50:41	19,20	-0,05	0,07	0,13	1479,31
1123	29.07.2025 19:50:42	19,20	-0,05	0,07	0,13	1479,31
1124	29.07.2025 19:50:43	19,20	-0,05	0,07	0,13	1479,31
1125	29.07.2025 19:50:44	19,20	-0,05	0,07	0,13	1479,31
1126	29.07.2025 19:50:45	19,20	-0,05	0,07	0,13	1479,31
1127	29.07.2025 19:50:46	19,20	-0,05	0,07	0,13	1479,31
1128	29.07.2025 19:50:47	19,20	-0,05	0,07	0,13	1479,31
1129	29.07.2025 19:50:48	19,20	-0,05	0,07	0,13	1479,31
1130	29.07.2025 19:50:49	19,20	-0,03	0,07	0,13	1479,31
1131	29.07.2025 19:50:50	19,20	-0,05	0,07	0,13	1479,31
1132	29.07.2025 19:50:51	19,20	-0,05	0,07	0,13	1479,31
1133	29.07.2025 19:50:52	19,20	-0,05	0,07	0,13	1479,31
1134	29.07.2025 19:50:53	19,20	-0,05	0,07	0,13	1479,31
1135	29.07.2025 19:50:54	19,20	-0,05	0,07	0,13	1479,31
1136	29.07.2025 19:50:55	19,20	-0,07	0,07	0,13	1479,30
1137	29.07.2025 19:50:56	19,20	-0,05	0,07	0,13	1479,31
1138	29.07.2025 19:50:57	19,20	-0,05	0,07	0,13	1479,31
1139	29.07.2025 19:50:58	19,20	-0,05	0,07	0,13	1479,31
1140	29.07.2025 19:50:59	19,20	-0,07	0,06	0,10	1479,29
1141	29.07.2025 19:51:00	19,20	-0,05	0,06	0,10	1479,29
1142	29.07.2025 19:51:01	19,20	-0,07	0,06	0,10	1479,29
1143	29.07.2025 19:51:02	19,20	-0,05	0,06	0,10	1479,29
1144	29.07.2025 19:51:03	19,20	-0,05	0,06	0,10	1479,29
1145	29.07.2025 19:51:04	19,20	-0,05	0,06	0,10	1479,29
1146	29.07.2025 19:51:05	19,20	-0,05	0,06	0,10	1479,29
1147	29.07.2025 19:51:06	19,20	-0,07	0,06	0,10	1479,29
1148	29.07.2025 19:51:07	19,20	-0,05	0,06	0,10	1479,29
1149	29.07.2025 19:51:08	19,20	-0,07	0,06	0,10	1479,29
1150	29.07.2025 19:51:09	19,20	-0,07	0,06	0,10	1479,29
1151	29.07.2025 19:51:10	19,20	-0,07	0,06	0,10	1479,29
1152	29.07.2025 19:51:11	19,20	-0,05	0,06	0,10	1479,29
1153	29.07.2025 19:51:12	19,20	-0,03	0,06	0,10	1479,29
1154	29.07.2025 19:51:13	19,20	-0,07	0,06	0,10	1479,29
1155	29.07.2025 19:51:14	19,20	-0,05	0,06	0,10	1479,29
1156	29.07.2025 19:51:15	19,20	-0,07	0,06	0,10	1479,29
1157	29.07.2025 19:51:16	19,20	-0,05	0,06	0,10	1479,29
1158	29.07.2025 19:51:17	19,20	-0,05	0,06	0,10	1479,29
1159	29.07.2025 19:51:18	19,20	-0,07	0,06	0,10	1479,29
1160	29.07.2025 19:51:19	19,20	-0,05	0,06	0,10	1479,29
1161	29.07.2025 19:51:20	19,20	-0,05	0,06	0,10	1479,29
1162	29.07.2025 19:51:21	19,20	-0,05	0,06	0,10	1479,29
1163	29.07.2025 19:51:22	19,20	-0,05	0,06	0,10	1479,29
1164	29.07.2025 19:51:23	19,20	-0,05	0,06	0,10	1479,29
1165	29.07.2025 19:51:24	19,20	-0,05	0,06	0,10	1479,29
1166	29.07.2025 19:51:25	19,20	-0,05	0,06	0,10	1479,29
1167	29.07.2025 19:51:26	19,20	-0,05	0,06	0,10	1479,29
1168	29.07.2025 19:51:27	19,20	-0,05	0,06	0,10	1479,29
1169	29.07.2025 19:51:28	19,20	-0,05	0,06	0,10	1479,29
1170	29.07.2025 19:51:29	19,20	-0,05	0,06	0,10	1479,29
1171	29.07.2025 19:51:30	19,20	-0,05	0,06	0,10	1479,29
1172	29.07.2025 19:51:31	19,20	-0,05	0,06	0,10	1479,29
1173	29.07.2025 19:51:32	19,20	-0,05	0,06	0,10	1479,29
1174	29.07.2025 19:51:33	19,20	-0,05	0,06	0,10	1479,29
1175	29.07.2025 19:51:34	19,20	-0,05	0,06	0,10	1479,29
1176	29.07.2025 19:51:35	19,20	-0,05	0,06	0,10	1479,29
1177	29.07.2025 19:51:36	19,20	-0,05	0,06	0,10	1479,29
1178	29.07.2025 19:51:37	19,20	-0,05	0,06	0,10	1479,29
1179	29.07.2025 19:51:38	19,23	-0,05	0,06	0,10	1479,38
1180	29.07.2025 19:51:39	19,23	-0,05	0,06	0,10	1479,38
1181	29.07.2025 19:51:40	19,23	-0,05	0,06	0,10	1479,38
1182	29.07.2025 19:51:41	19,23	-0,05	0,06	0,10	1479,38
1183	29.07.2025 19:51:42	19,23	-0,07	0,06	0,10	1479,38
1184	29.07.2025 19:51:43	19,23	-0,07	0,06	0,10	1479,38
1185	29.07.2025 19:51:44	19,23	-0,05	0,06	0,10	1479,38
1186	29.07.2025 19:51:45	19,23	-0,07	0,06	0,10	1479,38
1187	29.07.2025 19:51:46	19,23	-0,05	0,06	0,10	1479,38
1188	29.07.2025 19:51:47	19,23	-0,05	0,06	0,10	1479,38
1189	29.07.2025 19:51:48	19,23	-0,05	0,06	0,10	1479,38
1190	29.07.2025 19:51:49	19,23	-0,05	0,06	0,10	1479,38
1191	29.07.2025 19:51:50	19,23	-0,05	0,06	0,10	1479,38
1192	29.07.2025 19:51:51	19,23	-0,07	0,06	0,10	1479,38
1193	29.07.2025 19:51:52	19,26	-0,05	0,06	0,10	1479,48
1194	29.07.2025 19:51:53	19,26	-0,05	0,06	0,10	1479,48
1195	29.07.2025 19:51:54	19,26	-0,05	0,06	0,10	1479,48
1196	29.07.2025 19:51:55	19,26	-0,07	0,06	0,10	1479,48
1197	29.07.2025 19:51:56	19,26	-0,05	0,06	0,10	1479,48
1198	29.07.2025 19:51:57	19,26	-0,07	0,06	0,10	1479,48
1199	29.07.2025 19:51:58	19,26	-0,05	0,06	0,10	1479,48
1200	29.07.2025 19:51:59	19,26	-0,07	0,06	0,10	1479,48
1201	29.07.2025 19:52:00	19,26	-0,07	0,06	0,10	1479,48
1202	29.07.2025 19:52:01	19,26	-0,05	0,06	0,10	1479,48
1203	29.07.2025 19:52:02	19,26	-0,07	0,06	0,10	1479,48
1204	29.07.2025 19:52:03	19,26	-0,07	0,06	0,10	1479,48
1205	29.07.2025 19:52:04	19,26	-0,05	0,06	0,10	1479,48
1206	29.07.2025 19:52:05	19,26	-0,07	0,06	0,10	1479,48
1207	29.07.2025 19:52:06	19,26	-0,05	0,06	0,10	1479,48
1208	29.07.2025 19:52:07	19,26	-0,05	0,06	0,10	1479,48
1209	29.07.2025 19:52:08	19,26	-0,05	0,06	0,10	1479,48
1210	29.07.2025 19:52:09	19,26	-0,07	0,06	0,10	1479,48
1211	29.07.2025 19:52:10	19,26	-0,07	0,06	0,10	1479,48
1212	29.07.2025 19:52:11	19,29	-0,05	0,06	0,10	1479,57
1213	29.07.2025 19:52:12	19,29	-0,07	0,06	0,10	1479,57
1214	29.07.2025 19:52:13	19,29	-0,05	0,06	0,10	1479,57
1215	29.07.2025 19:52:14	19,29	-0,05	0,06	0,10	1479,57
1216	29.07.2025 19:52:15	19,29	-0,05	0,06	0,10	1479,57
1217	29.07.2025 19:52:16	19,29	-0,07	0,06	0,10	1479,57
1218	29.07.2025 19:52:17	19,29	-0,05	0,06	0,10	1479,57
1219	29.07.2025 19:52:18	19,29	-0,07	0,06	0,10	1479,57
1220	29.07.2025 19:52:19	19,29	-0,05	0,06	0,10	1479,57
1221	29.07.2025 19:52:20	19,29	-0,07	0,06	0,10	1479,57
1222	29.07.2025 19:52:21	19,29	-0,07	0,06	0,10	1479,57
1223	29.07.2025 19:52:22	19,29	-0,07	0,06	0,10	1479,57
1224	29.07.2025 19:52:23	19,29	-0,07	0,06	0,10	1479,57
1225	29.07.2025 19:52:24	19,29	-0,07	0,06	0,10	1479,57
1226	29.07.2025 19:52:25	19,29	-0,07	0,06	0,10	1479,57
1227	29.07.2025 19:52:26	19,32	-0,05	0,06	0,10	1479,67
1228	29.07.2025 19:52:27	19,32	-0,05	0,06	0,10	1479,67
1229	29.07.2025 19:52:28	19,32	-0,07	0,06	0,10	1479,66
1230	29.07.2025 19:52:29	19,32	-0,07	0,06	0,10	1479,66
1231	29.07.2025 19:52:30	19,32	-0,07	0,06	0,10	1479,66
1232	29.07.2025 19:52:31	19,32	-0,05	0,06	0,10	1479,67
1233	29.07.2025 19:52:32	19,32	-0,05	0,06	0,10	1479,67
1234	29.07.2025 19:52:33	19,32	-0,05	0,06	0,10	1479,67
1235	29.07.2025 19:52:34	19,32	-0,07	0,06	0,10	1479,66
1236	29.07.2025 19:52:35	19,35	-0,05	0,06	0,10	1479,76
1237	29.07.2025 19:52:36	19,32	-0,07	0,06	0,10	1479,66
1238	29.07.2025 19:52:37	19,35	-0,07	0,06	0,10	1479,76
1239	29.07.2025 19:52:38	19,35	-0,05	0,06	0,10	1479,76
1240	29.07.2025 19:52:39	19,35	-0,07	0,06	0,10	1479,76
1241	29.07.2025 19:52:40	19,35	-0,07	0,06	0,10	1479,76
1242	29.07.2025 19:52:41	19,35	-0,07	0,06	0,10	1479,76
1243	29.07.2025 19:52:42	19,35	-0,07	0,06	0,10	1479,76
1244	29.07.2025 19:52:43	19,35	-0,07	0,06	0,10	1479,76
1245	29.07.2025 19:52:44	19,35	-0,05	0,06	0,10	1479,76
1246	29.07.2025 19:52:45	19,35	-0,07	0,06	0,10	1479,76
1247	29.07.2025 19:52:46	19,35	-0,07	0,06	0,10	1479,76
1248	29.07.2025 19:52:47	19,35	-0,07	0,06	0,10	1479,76
1249	29.07.2025 19:52:48	19,35	-0,07	0,06	0,10	1479,76
1250	29.07.2025 19:52:49	19,38	-0,07	0,06	0,10	1479,85
1251	29.07.2025 19:52:50	19,38	-0,07	0,06	0,10	1479,85
1252	29.07.2025 19:52:51	19,38	-0,07	0,06	0,10	1479,85
1253	29.07.2025 19:52:52	19,38	-0,07	0,06	0,10	1479,85
1254	29.07.2025 19:52:53	19,38	-0,07	0,06	0,10	1479,85
1255	29.07.2025 19:52:54	19,38	-0,08	0,06	0,10	1479,85
1256	29.07.2025 19:52:55	19,38	-0,07	0,06	0,10	1479,85
1257	29.07.2025 19:52:56	19,38	-0,07	0,06	0,10	1479,85
1258	29.07.2025 19:52:57	19,38	-0,07	0,06	0,10	1479,85
1259	29.07.2025 19:52:58	19,38	-0,07	0,06	0,10	1479,85
1260	29.07.2025 19:52:59	19,38	-0,07	0,06	0,10	1479,85
1261	29.07.2025 19:53:00	19,38	-0,07	0,06	0,10	1479,85
1262	29.07.2025 19:53:01	19,38	-0,07	0,06	0,10	1479,85
1263	29.07.2025 19:53:02	19,38	-0,07	0,06	0,10	1479,85
1264	29.07.2025 19:53:03	19,38	-0,07	0,06	0,10	1479,85
1265	29.07.2025 19:53:04	19,38	-0,07	0,06	0,10	1479,85
1266	29.07.2025 19:53:05	19,38	-0,05	0,06	0,10	1479,85
1267	29.07.2025 19:53:06	19,38	-0,07	0,06	0,10	1479,85
1268	29.07.2025 19:53:07	19,38	-0,07	0,06	0,10	1479,85
1269	29.07.2025 19:53:08	19,38	-0,08	0,06	0,10	1479,85
1270	29.07.2025 19:53:09	19,41	-0,07	0,06	0,10	1479,94
1271	29.07.2025 19:53:10	19,41	-0,07	0,06	0,10	1479,94
1272	29.07.2025 19:53:11	19,41	-0,07	0,06	0,10	1479,94
1273	29.07.2025 19:53:12	19,41	-0,07	0,06	0,10	1479,94
1274	29.07.2025 19:53:13	19,41	-0,07	0,06	0,10	1479,94
1275	29.07.2025 19:53:14	19,41	-0,07	0,06	0,10	1479,94
1276	29.07.2025 19:53:15	19,41	-0,07	0,06	0,10	1479,94
1277	29.07.2025 19:53:16	19,41	-0,07	0,06	0,10	1479,94
1278	29.07.2025 19:53:17	19,41	-0,07	0,06	0,10	1479,94
1279	29.07.2025 19:53:18	19,41	-0,07	0,06	0,10	1479,94
1280	29.07.2025 19:53:19	19,41	-0,07	0,06	0,10	1479,94
1281	29.07.2025 19:53:20	19,41	-0,07	0,06	0,10	1479,94
1282	29.07.2025 19:53:21	19,41	-0,07	0,06	0,10	1479,94
1283	29.07.2025 19:53:22	19,41	-0,07	0,06	0,10	1479,94
1284	29.07.2025 19:53:23	19,41	-0,07	0,06	0,10	1479,94
1285	29.07.2025 19:53:24	19,41	-0,07	0,06	0,10	1479,94
1286	29.07.2025 19:53:25	19,44	-0,07	0,06	0,10	1480,04
1287	29.07.2025 19:53:26	19,44	-0,07	0,06	0,10	1480,04
1288	29.07.2025 19:53:27	19,44	-0,07	0,06	0,10	1480,04
1289	29.07.2025 19:53:28	19,44	-0,07	0,06	0,10	1480,04
1290	29.07.2025 19:53:29	19,44	-0,07	0,06	0,10	1480,04
1291	29.07.2025 19:53:30	19,44	-0,07	0,06	0,10	1480,04
1292	29.07.2025 19:53:31	19,44	-0,07	0,06	0,10	1480,04
1293	29.07.2025 19:53:32	19,44	-0,07	0,06	0,10	1480,04
1294	29.07.2025 19:53:33	19,44	-0,07	0,06	0,10	1480,04
1295	29.07.2025 19:53:34	19,44	-0,08	0,06	0,10	1480,03
1296	29.07.2025 19:53:35	19,44	-0,07	0,06	0,10	1480,04
1297	29.07.2025 19:53:36	19,44	-0,07	0,06	0,10	1480,04
1298	29.07.2025 19:53:37	19,47	-0,05	0,06	0,10	1480,13
1299	29.07.2025 19:53:38	19,47	-0,05	0,06	0,10	1480,13
1300	29.07.2025 19:53:39	19,47	-0,05	0,06	0,10	1480,13
1301	29.07.2025 19:53:40	19,47	-0,05	0,06	0,10	1480,13
1302	29.07.2025 19:53:41	19,47	-0,05	0,06	0,10	1480,13
1303	29.07.2025 19:53:42	19,47	-0,05	0,06	0,10	1480,13
1304	29.07.2025 19:53:43	19,47	-0,05	0,06	0,10	1480,13
1305	29.07.2025 19:53:44	19,47	-0,05	0,06	0,10	1480,13
1306	29.07.2025 19:53:45	19,47	-0,05	0,06	0,10	1480,13
1307	29.07.2025 19:53:46	19,47	-0,07	0,06	0,10	1480,13
1308	29.07.2025 19:53:47	19,47	-0,05	0,06	0,10	1480,13
1309	29.07.2025 19:53:48	19,47	-0,05	0,06	0,10	1480,13
1310	29.07.2025 19:53:49	19,47	-0,05	0,06	0,10	1480,13
1311	29.07.2025 19:53:50	19,47	-0,05	0,06	0,10	1480,13
1312	29.07.2025 19:53:51	19,47	-0,07	0,06	0,10	1480,13
1313	29.07.2025 19:53:52	19,47	-0,05	0,06	0,10	1480,13
1314	29.07.2025 19:53:53	19,47	-0,05	0,06	0,10	1480,13
1315	29.07.2025 19:53:54	19,47	-0,05	0,06	0,10	1480,13
1316	29.07.2025 19:53:55	19,50	-0,05	0,06	0,10	1480,22
1317	29.07.2025 19:53:56	19,50	-0,05	0,06	0,10	1480,22
1318	29.07.2025 19:53:57	19,50	-0,07	0,06	0,10	1480,22
1319	29.07.2025 19:53:58	19,50	-0,05	0,06	0,10	1480,22
1320	29.07.2025 19:53:59	19,50	-0,05	0,06	0,10	1480,22
1321	29.07.2025 19:54:00	19,50	-0,05	0,06	0,10	1480,22
1322	29.07.2025 19:54:01	19,50	-0,05	0,06	0,10	1480,22
1323	29.07.2025 19:54:02	19,50	-0,05	0,06	0,10	1480,22
1324	29.07.2025 19:54:03	19,50	-0,05	0,06	0,10	1480,22
1325	29.07.2025 19:54:04	19,50	-0,05	0,06	0,10	1480,22
1326	29.07.2025 19:54:05	19,50	-0,05	0,06	0,10	1480,22
1327	29.07.2025 19:54:06	19,50	-0,05	0,06	0,10	1480,22
1328	29.07.2025 19:54:07	19,53	-0,05	0,06	0,10	1480,32
1329	29.07.2025 19:54:08	19,53	-0,05	0,06	0,10	1480,32
1330	29.07.2025 19:54:09	19,53	-0,05	0,06	0,10	1480,32
1331	29.07.2025 19:54:10	19,53	-0,05	0,06	0,10	1480,32
1332	29.07.2025 19:54:11	19,53	-0,05	0,06	0,10	1480,32
1333	29.07.2025 19:54:12	19,53	-0,07	0,06	0,10	1480,32
1334	29.07.2025 19:54:13	19,53	-0,05	0,06	0,10	1480,32
1335	29.07.2025 19:54:14	19,53	-0,07	0,06	0,10	1480,32
1336	29.07.2025 19:54:15	19,53	-0,05	0,06	0,10	1480,32
1337	29.07.2025 19:54:16	19,53	-0,05	0,06	0,10	1480,32
1338	29.07.2025 19:54:17	19,53	-0,05	0,06	0,10	1480,32
1339	29.07.2025 19:54:18	19,53	-0,05	0,06	0,10	1480,32
1340	29.07.2025 19:54:19	19,53	-0,05	0,06	0,10	1480,32
1341	29.07.2025 19:54:20	19,53	-0,05	0,06	0,10	1480,32
1342	29.07.2025 19:54:21	19,56	-0,05	0,06	0,10	1480,41
1343	29.07.2025 19:54:22	19,56	-0,07	0,06	0,10	1480,41
1344	29.07.2025 19:54:23	19,56	-0,07	0,06	0,10	1480,41
1345	29.07.2025 19:54:24	19,56	-0,05	0,06	0,10	1480,41
1346	29.07.2025 19:54:25	19,56	-0,05	0,06	0,10	1480,41
1347	29.07.2025 19:54:26	19,56	-0,05	0,06	0,10	1480,41
1348	29.07.2025 19:54:27	19,56	-0,05	0,06	0,10	1480,41
1349	29.07.2025 19:54:28	19,56	-0,03	0,06	0,10	1480,41
1350	29.07.2025 19:54:29	19,56	-0,05	0,06	0,10	1480,41
1351	29.07.2025 19:54:30	19,56	-0,07	0,06	0,10	1480,41
1352	29.07.2025 19:54:31	19,56	-0,05	0,06	0,10	1480,41
1353	29.07.2025 19:54:32	19,56	-0,05	0,06	0,10	1480,41
1354	29.07.2025 19:54:33	19,56	-0,05	0,06	0,10	1480,41
1355	29.07.2025 19:54:34	19,56	-0,05	0,06	0,10	1480,41
1356	29.07.2025 19:54:35	19,59	-0,07	0,06	0,10	1480,50
1357	29.07.2025 19:54:36	19,59	-0,07	0,06	0,10	1480,50
1358	29.07.2025 19:54:37	19,59	-0,07	0,06	0,10	1480,50
1359	29.07.2025 19:54:38	19,59	-0,07	0,06	0,10	1480,50
1360	29.07.2025 19:54:39	19,59	-0,05	0,06	0,10	1480,50
1361	29.07.2025 19:54:40	19,59	-0,07	0,06	0,10	1480,50
1362	29.07.2025 19:54:41	19,59	-0,05	0,06	0,10	1480,50
1363	29.07.2025 19:54:42	19,59	-0,05	0,06	0,10	1480,50
1364	29.07.2025 19:54:43	19,59	-0,07	0,06	0,10	1480,50
1365	29.07.2025 19:54:44	19,59	-0,05	0,06	0,10	1480,50
1366	29.07.2025 19:54:45	19,59	-0,05	0,06	0,10	1480,50
1367	29.07.2025 19:54:46	19,59	-0,05	0,06	0,10	1480,50
1368	29.07.2025 19:54:47	19,59	-0,05	0,06	0,10	1480,50
1369	29.07.2025 19:54:48	19,59	-0,05	0,06	0,10	1480,50
1370	29.07.2025 19:54:49	19,59	-0,05	0,06	0,10	1480,50
1371	29.07.2025 19:54:50	19,59	-0,07	0,06	0,10	1480,50
1372	29.07.2025 19:54:51	19,59	-0,05	0,06	0,10	1480,50
1373	29.07.2025 19:54:52	19,59	-0,05	0,06	0,10	1480,50
1374	29.07.2025 19:54:53	19,62	-0,05	0,06	0,10	1480,60
1375	29.07.2025 19:54:54	19,62	-0,05	0,06	0,10	1480,60
1376	29.07.2025 19:54:55	19,62	-0,05	0,06	0,10	1480,60
1377	29.07.2025 19:54:56	19,62	-0,07	0,06	0,10	1480,59
1378	29.07.2025 19:54:57	19,62	-0,05	0,06	0,10	1480,60
1379	29.07.2025 19:54:58	19,62	-0,05	0,06	0,10	1480,60
1380	29.07.2025 19:54:59	19,62	-0,07	0,06	0,10	1480,59
1381	29.07.2025 19:55:00	19,62	-0,05	0,06	0,10	1480,60
1382	29.07.2025 19:55:01	19,62	-0,05	0,06	0,10	1480,60
1383	29.07.2025 19:55:02	19,62	-0,05	0,06	0,10	1480,60
1384	29.07.2025 19:55:03	19,62	-0,05	0,06	0,10	1480,60
1385	29.07.2025 19:55:04	19,62	-0,05	0,06	0,10	1480,60
1386	29.07.2025 19:55:05	19,62	-0,05	0,06	0,10	1480,60
1387	29.07.2025 19:55:06	19,62	-0,05	0,06	0,10	1480,60
1388	29.07.2025 19:55:07	19,62	-0,05	0,06	0,10	1480,60
1389	29.07.2025 19:55:08	19,62	-0,05	0,06	0,10	1480,60
1390	29.07.2025 19:55:09	19,62	-0,07	0,06	0,10	1480,59
1391	29.07.2025 19:55:10	19,65	-0,05	0,06	0,10	1480,69
1392	29.07.2025 19:55:11	19,65	-0,05	0,06	0,10	1480,69
1393	29.07.2025 19:55:12	19,65	-0,05	0,06	0,10	1480,69
1394	29.07.2025 19:55:13	19,65	-0,07	0,06	0,10	1480,69
1395	29.07.2025 19:55:14	19,65	-0,05	0,06	0,10	1480,69
1396	29.07.2025 19:55:15	19,65	-0,07	0,06	0,10	1480,69
1397	29.07.2025 19:55:16	19,65	-0,07	0,06	0,10	1480,69
1398	29.07.2025 19:55:17	19,65	-0,05	0,06	0,10	1480,69
1399	29.07.2025 19:55:18	19,65	-0,05	0,06	0,10	1480,69
1400	29.07.2025 19:55:19	19,65	-0,05	0,06	0,10	1480,69
1401	29.07.2025 19:55:20	19,65	-0,07	0,06	0,10	1480,69
1402	29.07.2025 19:55:21	19,65	-0,07	0,06	0,10	1480,69
1403	29.07.2025 19:55:22	19,65	-0,07	0,06	0,10	1480,69
1404	29.07.2025 19:55:23	19,65	-0,07	0,06	0,10	1480,69
1405	29.07.2025 19:55:24	19,65	-0,05	0,06	0,10	1480,69
1406	29.07.2025 19:55:25	19,65	-0,07	0,06	0,10	1480,69
1407	29.07.2025 19:55:26	19,65	-0,05	0,06	0,10	1480,69
1408	29.07.2025 19:55:27	19,65	-0,07	0,06	0,10	1480,69
1409	29.07.2025 19:55:28	19,65	-0,05	0,06	0,10	1480,69
1410	29.07.2025 19:55:29	19,68	-0,05	0,06	0,10	1480,78
1411	29.07.2025 19:55:30	19,68	-0,07	0,06	0,10	1480,78
1412	29.07.2025 19:55:31	19,68	-0,07	0,06	0,10	1480,78
1413	29.07.2025 19:55:32	19,68	-0,05	0,06	0,10	1480,78
1414	29.07.2025 19:55:33	19,68	-0,07	0,06	0,10	1480,78
1415	29.07.2025 19:55:34	19,68	-0,05	0,06	0,10	1480,78
1416	29.07.2025 19:55:35	19,68	-0,05	0,06	0,10	1480,78
1417	29.07.2025 19:55:36	19,68	-0,05	0,06	0,10	1480,78
1418	29.07.2025 19:55:37	19,68	-0,07	0,06	0,10	1480,78
1419	29.07.2025 19:55:38	19,68	-0,05	0,06	0,10	1480,78
1420	29.07.2025 19:55:39	19,68	-0,05	0,06	0,10	1480,78
1421	29.07.2025 19:55:40	19,68	-0,07	0,06	0,10	1480,78
1422	29.07.2025 19:55:41	19,68	-0,05	0,06	0,10	1480,78
1423	29.07.2025 19:55:42	19,68	-0,05	0,06	0,10	1480,78
1424	29.07.2025 19:55:43	19,68	-0,05	0,06	0,10	1480,78
1425	29.07.2025 19:55:44	19,68	-0,05	0,06	0,10	1480,78
1426	29.07.2025 19:55:45	19,68	-0,07	0,06	0,10	1480,78
1427	29.07.2025 19:55:46	19,68	-0,05	0,06	0,10	1480,78
1428	29.07.2025 19:55:47	19,68	-0,07	0,06	0,10	1480,78
1429	29.07.2025 19:55:48	19,68	-0,07	0,06	0,10	1480,78
1430	29.07.2025 19:55:49	19,68	-0,05	0,06	0,10	1480,78
1431	29.07.2025 19:55:50	19,68	-0,05	0,06	0,10	1480,78
1432	29.07.2025 19:55:51	19,71	-0,07	0,06	0,10	1480,87
1433	29.07.2025 19:55:52	19,71	-0,05	0,06	0,10	1480,87
1434	29.07.2025 19:55:53	19,71	-0,05	0,06	0,10	1480,87
1435	29.07.2025 19:55:54	19,71	-0,05	0,06	0,10	1480,87
1436	29.07.2025 19:55:55	19,71	-0,05	0,06	0,10	1480,87
1437	29.07.2025 19:55:56	19,71	-0,07	0,06	0,10	1480,87
1438	29.07.2025 19:55:57	19,71	-0,05	0,06	0,10	1480,87
1439	29.07.2025 19:55:58	19,71	-0,05	0,06	0,10	1480,87
1440	29.07.2025 19:55:59	19,71	-0,05	0,06	0,10	1480,87
1441	29.07.2025 19:56:00	19,71	-0,07	0,06	0,10	1480,87
1442	29.07.2025 19:56:01	19,71	-0,07	0,06	0,10	1480,87
1443	29.07.2025 19:56:02	19,71	-0,05	0,06	0,10	1480,87
1444	29.07.2025 19:56:03	19,71	-0,05	0,06	0,10	1480,87
1445	29.07.2025 19:56:04	19,71	-0,07	0,06	0,10	1480,87
1446	29.07.2025 19:56:05	19,71	-0,07	0,06	0,10	1480,87
1447	29.07.2025 19:56:06	19,73	-0,07	0,06	0,10	1480,96
1448	29.07.2025 19:56:07	19,71	-0,07	0,06	0,10	1480,87
1449	29.07.2025 19:56:08	19,73	-0,07	0,06	0,10	1480,96
1450	29.07.2025 19:56:09	19,73	-0,05	0,06	0,10	1480,97
1451	29.07.2025 19:56:10	19,73	-0,07	0,06	0,10	1480,96
1452	29.07.2025 19:56:11	19,73	-0,05	0,06	0,10	1480,97
1453	29.07.2025 19:56:12	19,73	-0,05	0,06	0,10	1480,97
1454	29.07.2025 19:56:13	19,73	-0,07	0,06	0,10	1480,96
1455	29.07.2025 19:56:14	19,73	-0,05	0,06	0,10	1480,97
1456	29.07.2025 19:56:15	19,73	-0,05	0,06	0,10	1480,97
1457	29.07.2025 19:56:16	19,73	-0,07	0,06	0,10	1480,96
1458	29.07.2025 19:56:17	19,73	-0,05	0,06	0,10	1480,97
1459	29.07.2025 19:56:18	19,73	-0,05	0,06	0,10	1480,97
1460	29.07.2025 19:56:19	19,73	-0,05	0,06	0,10	1480,97
1461	29.07.2025 19:56:20	19,73	-0,07	0,06	0,10	1480,96
1462	29.07.2025 19:56:21	19,73	-0,07	0,06	0,10	1480,96
1463	29.07.2025 19:56:22	19,73	-0,05	0,06	0,10	1480,97
1464	29.07.2025 19:56:23	19,73	-0,05	0,06	0,10	1480,97
1465	29.07.2025 19:56:24	19,73	-0,07	0,06	0,10	1480,96
1466	29.07.2025 19:56:25	19,73	-0,07	0,06	0,10	1480,96
1467	29.07.2025 19:56:26	19,76	-0,05	0,06	0,10	1481,06
1468	29.07.2025 19:56:27	19,76	-0,07	0,06	0,10	1481,06
1469	29.07.2025 19:56:28	19,76	-0,05	0,06	0,10	1481,06
1470	29.07.2025 19:56:29	19,76	-0,07	0,06	0,10	1481,06
1471	29.07.2025 19:56:30	19,76	-0,07	0,06	0,10	1481,06
1472	29.07.2025 19:56:31	19,76	-0,05	0,06	0,10	1481,06
1473	29.07.2025 19:56:32	19,76	-0,07	0,06	0,10	1481,06
1474	29.07.2025 19:56:33	19,76	-0,07	0,06	0,10	1481,06
1475	29.07.2025 19:56:34	19,76	-0,05	0,06	0,10	1481,06
1476	29.07.2025 19:56:35	19,76	-0,07	0,06	0,10	1481,06
1477	29.07.2025 19:56:36	19,76	-0,07	0,06	0,10	1481,06
1478	29.07.2025 19:56:37	19,76	-0,07	0,06	0,10	1481,06
1479	29.07.2025 19:56:38	19,76	-0,05	0,06	0,10	1481,06
1480	29.07.2025 19:56:39	19,76	-0,05	0,06	0,10	1481,06
1481	29.07.2025 19:56:40	19,76	-0,05	0,06	0,10	1481,06
1482	29.07.2025 19:56:41	19,76	-0,05	0,06	0,10	1481,06
1483	29.07.2025 19:56:42	19,79	-0,05	0,06	0,10	1481,15
1484	29.07.2025 19:56:43	19,79	-0,07	0,06	0,10	1481,15
1485	29.07.2025 19:56:44	19,79	-0,05	0,06	0,10	1481,15
1486	29.07.2025 19:56:45	19,79	-0,05	0,06	0,10	1481,15
1487	29.07.2025 19:56:46	19,79	-0,07	0,06	0,10	1481,15
1488	29.07.2025 19:56:47	19,79	-0,07	0,06	0,10	1481,15
1489	29.07.2025 19:56:48	19,79	-0,07	0,06	0,10	1481,15
1490	29.07.2025 19:56:49	19,79	-0,07	0,06	0,10	1481,15
1491	29.07.2025 19:56:50	19,79	-0,07	0,06	0,10	1481,15
1492	29.07.2025 19:56:51	19,79	-0,07	0,06	0,10	1481,15
1493	29.07.2025 19:56:52	19,79	-0,05	0,06	0,10	1481,15
1494	29.07.2025 19:56:53	19,79	-0,07	0,06	0,10	1481,15
1495	29.07.2025 19:56:54	19,79	-0,07	0,06	0,10	1481,15
1496	29.07.2025 19:56:55	19,79	-0,05	0,06	0,10	1481,15
1497	29.07.2025 19:56:56	19,79	-0,07	0,06	0,10	1481,15
1498	29.07.2025 19:56:57	19,79	-0,05	0,06	0,10	1481,15
1499	29.07.2025 19:56:58	19,79	-0,07	0,06	0,10	1481,15
1500	29.07.2025 19:56:59	19,82	-0,07	0,06	0,10	1481,24
1501	29.07.2025 19:57:00	19,82	-0,07	0,06	0,10	1481,24
1502	29.07.2025 19:57:01	19,82	-0,07	0,06	0,10	1481,24
1503	29.07.2025 19:57:02	19,82	-0,05	0,06	0,10	1481,24
1504	29.07.2025 19:57:03	19,82	-0,05	0,06	0,10	1481,24
1505	29.07.2025 19:57:04	19,82	-0,07	0,06	0,10	1481,24
1506	29.07.2025 19:57:05	19,82	-0,05	0,06	0,10	1481,24
1507	29.07.2025 19:57:06	19,82	-0,07	0,06	0,10	1481,24
1508	29.07.2025 19:57:07	19,82	-0,07	0,06	0,10	1481,24
1509	29.07.2025 19:57:08	19,82	-0,07	0,06	0,10	1481,24
1510	29.07.2025 19:57:09	19,82	-0,07	0,06	0,10	1481,24
1511	29.07.2025 19:57:10	19,82	-0,05	0,06	0,10	1481,24
1512	29.07.2025 19:57:11	19,82	-0,07	0,06	0,10	1481,24
1513	29.07.2025 19:57:12	19,82	-0,07	0,06	0,10	1481,24
1514	29.07.2025 19:57:13	19,82	-0,07	0,06	0,10	1481,24
1515	29.07.2025 19:57:14	19,82	-0,07	0,06	0,10	1481,24
1516	29.07.2025 19:57:15	19,82	-0,07	0,06	0,10	1481,24
1517	29.07.2025 19:57:16	19,85	-0,05	0,06	0,10	1481,33
1518	29.07.2025 19:57:17	19,85	-0,05	0,06	0,10	1481,33
1519	29.07.2025 19:57:18	19,85	-0,07	0,06	0,10	1481,33
1520	29.07.2025 19:57:19	19,85	-0,05	0,06	0,10	1481,33
1521	29.07.2025 19:57:20	19,85	-0,05	0,06	0,10	1481,33
1522	29.07.2025 19:57:21	19,85	-0,05	0,06	0,10	1481,33
1523	29.07.2025 19:57:22	19,85	-0,05	0,06	0,10	1481,33
1524	29.07.2025 19:57:23	19,85	-0,05	0,06	0,10	1481,33
1525	29.07.2025 19:57:24	19,85	-0,05	0,06	0,10	1481,33
1526	29.07.2025 19:57:25	19,85	-0,05	0,06	0,10	1481,33
1527	29.07.2025 19:57:26	19,85	-0,05	0,06	0,10	1481,33
1528	29.07.2025 19:57:27	19,85	-0,05	0,06	0,10	1481,33
1529	29.07.2025 19:57:28	19,85	-0,05	0,06	0,10	1481,33
1530	29.07.2025 19:57:29	19,85	-0,05	0,06	0,10	1481,33
1531	29.07.2025 19:57:30	19,85	-0,05	0,06	0,10	1481,33
1532	29.07.2025 19:57:31	19,85	-0,05	0,06	0,10	1481,33
1533	29.07.2025 19:57:32	19,85	-0,05	0,06	0,10	1481,33
1534	29.07.2025 19:57:33	19,85	-0,05	0,06	0,10	1481,33
1535	29.07.2025 19:57:34	19,88	-0,05	0,06	0,10	1481,43
1536	29.07.2025 19:57:35	19,85	-0,03	0,06	0,10	1481,34
1537	29.07.2025 19:57:36	19,88	-0,05	0,06	0,10	1481,43
1538	29.07.2025 19:57:37	19,88	-0,05	0,06	0,10	1481,43
1539	29.07.2025 19:57:38	19,88	-0,05	0,06	0,10	1481,43
1540	29.07.2025 19:57:39	19,88	-0,05	0,06	0,10	1481,43
1541	29.07.2025 19:57:40	19,88	-0,05	0,06	0,10	1481,43
1542	29.07.2025 19:57:41	19,88	-0,05	0,06	0,10	1481,43
1543	29.07.2025 19:57:42	19,88	-0,05	0,06	0,10	1481,43
1544	29.07.2025 19:57:43	19,88	-0,05	0,06	0,10	1481,43
1545	29.07.2025 19:57:44	19,88	-0,07	0,06	0,10	1481,42
1546	29.07.2025 19:57:45	19,88	-0,05	0,06	0,10	1481,43
1547	29.07.2025 19:57:46	19,88	-0,05	0,06	0,10	1481,43
1548	29.07.2025 19:57:47	19,88	-0,05	0,06	0,10	1481,43
1549	29.07.2025 19:57:48	19,88	-0,03	0,06	0,10	1481,43
1550	29.07.2025 19:57:49	19,88	-0,05	0,06	0,10	1481,43
1551	29.07.2025 19:57:50	19,88	-0,05	0,06	0,10	1481,43
1552	29.07.2025 19:57:51	19,88	-0,05	0,06	0,10	1481,43
1553	29.07.2025 19:57:52	19,88	-0,03	0,06	0,10	1481,43
1554	29.07.2025 19:57:53	19,88	-0,05	0,06	0,10	1481,43
1555	29.07.2025 19:57:54	19,88	-0,05	0,06	0,10	1481,43
1556	29.07.2025 19:57:55	19,91	-0,05	0,06	0,10	1481,52
1557	29.07.2025 19:57:56	19,91	-0,03	0,06	0,10	1481,52
1558	29.07.2025 19:57:57	19,91	-0,05	0,06	0,10	1481,52
1559	29.07.2025 19:57:58	19,91	-0,05	0,92	1,64	1482,50
1560	29.07.2025 19:57:59	19,91	-0,07	0,96	1,69	1482,54
1561	29.07.2025 19:58:00	19,91	-0,05	0,97	1,72	1482,56
1562	29.07.2025 19:58:01	19,91	-0,05	1,02	1,81	1482,62
1563	29.07.2025 19:58:02	19,91	-0,05	1,01	1,78	1482,60
1564	29.07.2025 19:58:03	19,91	-0,07	0,92	1,64	1482,50
1565	29.07.2025 19:58:04	19,91	-0,05	1,06	1,86	1482,66
1566	29.07.2025 19:58:05	19,91	-0,05	0,78	1,39	1482,34
1567	29.07.2025 19:58:06	19,91	-0,07	0,28	0,52	1481,77
1568	29.07.2025 19:58:07	19,91	-0,05	0,10	0,18	1481,57
1569	29.07.2025 19:58:08	19,91	-0,07	0,08	0,16	1481,55
1570	29.07.2025 19:58:09	19,94	-0,05	0,08	0,16	1481,64
1571	29.07.2025 19:58:10	19,94	-0,05	0,08	0,16	1481,64
1572	29.07.2025 19:58:11	19,94	-0,05	0,08	0,16	1481,64
1573	29.07.2025 19:58:12	19,94	-0,05	0,08	0,16	1481,64
1574	29.07.2025 19:58:13	19,94	-0,05	0,08	0,16	1481,64
1575	29.07.2025 19:58:14	19,94	-0,07	0,08	0,16	1481,64
1576	29.07.2025 19:58:15	19,94	-0,05	0,07	0,13	1481,63
1577	29.07.2025 19:58:16	19,94	-0,05	0,07	0,13	1481,63
1578	29.07.2025 19:58:17	19,94	-0,05	0,07	0,13	1481,63
1579	29.07.2025 19:58:18	19,94	-0,05	0,07	0,13	1481,63
1580	29.07.2025 19:58:19	19,94	-0,05	0,07	0,13	1481,63
1581	29.07.2025 19:58:20	19,94	-0,05	0,07	0,13	1481,63
1582	29.07.2025 19:58:21	19,94	-0,05	0,07	0,13	1481,63
1583	29.07.2025 19:58:22	19,94	-0,05	0,07	0,13	1481,63
1584	29.07.2025 19:58:23	19,94	-0,05	0,07	0,13	1481,63
1585	29.07.2025 19:58:24	19,94	-0,05	0,07	0,13	1481,63
1586	29.07.2025 19:58:25	19,94	-0,05	0,07	0,13	1481,63
1587	29.07.2025 19:58:26	19,94	-0,05	0,07	0,13	1481,63
1588	29.07.2025 19:58:27	19,94	-0,05	0,07	0,13	1481,63
1589	29.07.2025 19:58:28	19,94	-0,05	0,07	0,13	1481,63
1590	29.07.2025 19:58:29	19,97	-0,05	0,07	0,13	1481,72
1591	29.07.2025 19:58:30	19,97	-0,05	0,07	0,13	1481,72
1592	29.07.2025 19:58:31	19,97	-0,05	0,07	0,13	1481,72
1593	29.07.2025 19:58:32	19,97	-0,05	0,07	0,13	1481,72
1594	29.07.2025 19:58:33	19,97	-0,05	0,07	0,13	1481,72
1595	29.07.2025 19:58:34	19,97	-0,05	0,07	0,13	1481,72
1596	29.07.2025 19:58:35	19,97	-0,05	0,07	0,13	1481,72
1597	29.07.2025 19:58:36	19,97	-0,05	0,07	0,13	1481,72
1598	29.07.2025 19:58:37	19,97	-0,05	0,07	0,13	1481,72
1599	29.07.2025 19:58:38	19,97	-0,05	0,07	0,13	1481,72
1600	29.07.2025 19:58:39	19,97	-0,05	0,07	0,13	1481,72
1601	29.07.2025 19:58:40	19,97	-0,05	0,07	0,13	1481,72
1602	29.07.2025 19:58:41	19,97	-0,05	0,07	0,13	1481,72
1603	29.07.2025 19:58:42	19,97	-0,05	0,07	0,13	1481,72
1604	29.07.2025 19:58:43	19,97	-0,05	0,07	0,13	1481,72
1605	29.07.2025 19:58:44	19,97	-0,05	0,97	1,72	1482,74
1606	29.07.2025 19:58:45	19,97	-0,05	0,82	1,47	1482,57
1607	29.07.2025 19:58:46	19,97	-0,05	1,01	1,78	1482,78
1608	29.07.2025 19:58:47	19,97	-0,05	1,02	1,81	1482,80
1609	29.07.2025 19:58:48	19,97	-0,05	0,96	1,69	1482,72
1610	29.07.2025 19:58:49	19,97	-0,07	1,01	1,78	1482,78
1611	29.07.2025 19:58:50	20,00	-0,07	1,04	1,83	1482,91
1612	29.07.2025 19:58:51	20,00	-0,05	0,99	1,75	1482,85
1613	29.07.2025 19:58:52	20,00	-0,07	0,71	1,27	1482,53
1614	29.07.2025 19:58:53	20,00	-0,07	0,89	1,58	1482,74
1615	29.07.2025 19:58:54	20,00	-0,07	0,91	1,61	1482,76
1616	29.07.2025 19:58:55	20,00	-0,05	0,99	1,75	1482,85
1617	29.07.2025 19:58:56	20,00	-0,05	1,02	1,81	1482,89
1618	29.07.2025 19:58:57	20,00	-0,05	1,02	1,81	1482,89
1619	29.07.2025 19:58:58	20,00	-0,05	0,99	1,75	1482,85
1620	29.07.2025 19:58:59	20,00	-0,07	1,00	1,78	1482,87
1621	29.07.2025 19:59:00	20,00	-0,05	0,84	1,50	1482,68
1622	29.07.2025 19:59:01	20,00	-0,05	0,86	1,53	1482,70
1623	29.07.2025 19:59:02	20,00	-0,07	0,48	0,88	1482,27
1624	29.07.2025 19:59:03	20,03	-0,05	0,48	0,88	1482,37
1625	29.07.2025 19:59:04	20,03	-0,05	0,82	1,47	1482,76
1626	29.07.2025 19:59:05	20,03	-0,07	0,64	1,16	1482,55
1627	29.07.2025 19:59:06	20,03	-0,03	0,77	1,39	1482,70
1628	29.07.2025 19:59:07	20,03	-0,05	0,61	1,10	1482,51
1629	29.07.2025 19:59:08	20,03	-0,05	0,51	0,93	1482,40
1630	29.07.2025 19:59:09	20,03	-0,05	0,58	1,05	1482,48
1631	29.07.2025 19:59:10	20,03	-0,05	0,79	1,41	1482,72
1632	29.07.2025 19:59:11	20,03	-0,07	0,20	0,38	1482,05
1633	29.07.2025 19:59:12	20,03	-0,05	0,13	0,24	1481,97
1634	29.07.2025 19:59:13	20,03	-0,07	0,11	0,21	1481,95
1635	29.07.2025 19:59:14	20,03	-0,07	0,11	0,21	1481,95
1636	29.07.2025 19:59:15	20,03	-0,07	0,11	0,21	1481,95
1637	29.07.2025 19:59:16	20,06	-0,07	0,10	0,18	1482,02
1638	29.07.2025 19:59:17	20,03	-0,07	0,10	0,18	1481,93
1639	29.07.2025 19:59:18	20,06	-0,07	0,10	0,18	1482,02
1640	29.07.2025 19:59:19	20,06	-0,05	0,10	0,18	1482,03
1641	29.07.2025 19:59:20	20,06	-0,07	0,10	0,18	1482,02
1642	29.07.2025 19:59:21	20,06	-0,07	0,10	0,18	1482,02
1643	29.07.2025 19:59:22	20,06	-0,05	0,10	0,18	1482,03
1644	29.07.2025 19:59:23	20,06	-0,07	0,10	0,18	1482,02
1645	29.07.2025 19:59:24	20,06	-0,07	0,08	0,16	1482,01
1646	29.07.2025 19:59:25	20,06	-0,07	0,08	0,16	1482,01
1647	29.07.2025 19:59:26	20,06	-0,05	0,08	0,16	1482,01
1648	29.07.2025 19:59:27	20,06	-0,07	0,08	0,16	1482,01
1649	29.07.2025 19:59:28	20,06	-0,05	0,08	0,16	1482,01
1650	29.07.2025 19:59:29	20,06	-0,05	0,08	0,16	1482,01
1651	29.07.2025 19:59:30	20,06	-0,05	0,08	0,16	1482,01
1652	29.07.2025 19:59:31	20,06	-0,07	0,08	0,16	1482,01
1653	29.07.2025 19:59:32	20,06	-0,07	0,08	0,16	1482,01
1654	29.07.2025 19:59:33	20,06	-0,07	0,08	0,16	1482,01
1655	29.07.2025 19:59:34	20,06	-0,07	0,08	0,16	1482,01
1656	29.07.2025 19:59:35	20,06	-0,07	0,08	0,16	1482,01
1657	29.07.2025 19:59:36	20,06	-0,07	0,08	0,16	1482,01
1658	29.07.2025 19:59:37	20,06	-0,07	0,08	0,16	1482,01
1659	29.07.2025 19:59:38	20,06	-0,07	0,08	0,16	1482,01
1660	29.07.2025 19:59:39	20,06	-0,05	0,08	0,16	1482,01
1661	29.07.2025 19:59:40	20,09	-0,07	0,10	0,18	1482,11
1662	29.07.2025 19:59:41	20,09	-0,07	0,97	1,72	1483,10
1663	29.07.2025 19:59:42	20,09	-0,07	0,43	0,79	1482,49
1664	29.07.2025 19:59:43	20,09	-0,07	0,95	1,69	1483,08
1665	29.07.2025 19:59:44	20,09	-0,05	0,14	0,27	1482,17
1666	29.07.2025 19:59:45	20,09	-0,05	0,25	0,46	1482,28
1667	29.07.2025 19:59:46	20,09	-0,07	0,90	1,61	1483,03
1668	29.07.2025 19:59:47	20,09	-0,07	0,51	0,93	1482,58
1669	29.07.2025 19:59:48	20,09	-0,05	0,29	0,54	1482,34
1670	29.07.2025 19:59:49	20,09	-0,07	0,19	0,35	1482,21
1671	29.07.2025 19:59:50	20,09	-0,07	0,17	0,32	1482,20
1672	29.07.2025 19:59:51	20,09	-0,07	0,11	0,21	1482,13
1673	29.07.2025 19:59:52	20,09	-0,07	0,11	0,21	1482,13
1674	29.07.2025 19:59:53	20,09	-0,07	0,11	0,21	1482,13
1675	29.07.2025 19:59:54	20,09	-0,07	0,32	0,60	1482,37
1676	29.07.2025 19:59:55	20,12	-0,05	0,17	0,32	1482,29
1677	29.07.2025 19:59:56	20,12	-0,07	0,13	0,24	1482,24
1678	29.07.2025 19:59:57	20,12	-0,07	1,00	1,78	1483,23
1679	29.07.2025 19:59:58	20,12	-0,05	0,13	0,24	1482,24
1680	29.07.2025 19:59:59	20,12	0,06	0,77	1,39	1482,99
1681	29.07.2025 20:00:00	20,15	-0,07	0,51	0,93	1482,76
1682	29.07.2025 20:00:01	20,18	-0,07	0,28	0,52	1482,59
1683	29.07.2025 20:00:02	20,21	-0,07	0,28	0,52	1482,68
1684	29.07.2025 20:00:03	20,35	-0,03	0,14	0,27	1482,99
1685	29.07.2025 20:00:04	20,53	-0,03	0,17	0,32	1483,56
1686	29.07.2025 20:00:05	20,65	-0,03	0,21	0,40	1483,97
1687	29.07.2025 20:00:06	20,76	-0,07	0,52	0,96	1484,67
1688	29.07.2025 20:00:07	20,85	-0,12	0,67	1,22	1485,09
1689	29.07.2025 20:00:08	20,94	-0,14	1,08	1,95	1485,83
1690	29.07.2025 20:00:09	21,03	-0,14	0,85	1,56	1485,84
1691	29.07.2025 20:00:10	21,12	-0,08	0,89	1,62	1486,15
1692	29.07.2025 20:00:11	21,20	-0,14	0,51	0,96	1485,98
1693	29.07.2025 20:00:12	21,29	-0,10	0,28	0,54	1486,00
1694	29.07.2025 20:00:13	21,41	-0,15	0,17	0,32	1486,21
1695	29.07.2025 20:00:14	21,58	-0,19	0,18	0,35	1486,74
1696	29.07.2025 20:00:15	21,70	-0,12	1,15	2,10	1488,19
1697	29.07.2025 20:00:16	21,91	-0,22	1,15	2,10	1488,77
1698	29.07.2025 20:00:17	21,99	-0,22	1,14	2,10	1489,03
1699	29.07.2025 20:00:18	22,02	-0,21	1,14	2,10	1489,12
1700	29.07.2025 20:00:19	22,11	-0,21	1,12	2,07	1489,35
1701	29.07.2025 20:00:20	22,17	-0,21	1,14	2,10	1489,54
1702	29.07.2025 20:00:21	22,20	-0,21	1,14	2,10	1489,63
