#B	Created:	23.07.2025 15:51:19
##	Version	SeaStar	9.59
#5	Field separation:	0
#2	Date & Time:	1
#6	Decimal point:	,
#7	Date def.:	dd.mm.yyyy	.
#8	Time def.:	:
##	Axis	0	Temperature(°C)	clRed	FALSE
##	Axis	1	Pressure(Bar)	clBlue	FALSE
##	Axis	2	Salinity(psu)	clGreen	FALSE
##	Axis	3	Conductivity(mS/cm)	$00FF80FF	FALSE
##	Axis	4	Sound Velocity(m/sec)	$00404080	FALSE
##	Series	0	Temp(°C)	clRed	0	Temp(°C)	2
##	Series	1	Press(Bar)	clBlue	1	Press(Bar)	2
##	Series	2	Salinity(psu)	clGreen	2	Salinity(psu)	2
##	Series	3	Conduct(mS/cm)	$00FF80FF	3	Conduct(mS/cm)	2
##	Series	4	Sound Velocity(m/sec)	$00404080	4	Velocity(m/sec)	2
##	Recorder	71	DST CTD	13526
##	Chart	71S13526DAT	
#D	Data:	1780	23.07.2025 15:21:00	23.07.2025 15:50:39
1	23.07.2025 15:21:00	21,38	-0,03	0,14	0,27	1486,11
2	23.07.2025 15:21:01	21,38	-0,03	0,14	0,27	1486,11
3	23.07.2025 15:21:02	21,38	-0,03	0,14	0,27	1486,11
4	23.07.2025 15:21:03	21,35	-0,03	0,15	0,29	1486,04
5	23.07.2025 15:21:04	21,35	-0,03	0,15	0,29	1486,04
6	23.07.2025 15:21:05	21,35	-0,03	0,14	0,27	1486,02
7	23.07.2025 15:21:06	21,32	-0,03	0,14	0,27	1485,93
8	23.07.2025 15:21:07	21,32	-0,03	0,14	0,27	1485,93
9	23.07.2025 15:21:08	21,32	-0,01	0,14	0,27	1485,94
10	23.07.2025 15:21:09	21,29	-0,03	0,14	0,27	1485,84
11	23.07.2025 15:21:10	21,29	-0,03	0,14	0,27	1485,84
12	23.07.2025 15:21:11	21,26	-0,07	0,12	0,24	1485,73
13	23.07.2025 15:21:12	21,26	-0,07	0,12	0,24	1485,73
14	23.07.2025 15:21:13	21,26	-0,05	0,14	0,27	1485,75
15	23.07.2025 15:21:14	21,23	-0,05	0,14	0,27	1485,67
16	23.07.2025 15:21:15	21,23	-0,07	0,12	0,24	1485,65
17	23.07.2025 15:21:16	21,23	-0,05	0,12	0,24	1485,65
18	23.07.2025 15:21:17	21,23	-0,05	0,12	0,24	1485,65
19	23.07.2025 15:21:18	21,20	-0,05	0,12	0,24	1485,56
20	23.07.2025 15:21:19	21,20	-0,03	0,12	0,24	1485,56
21	23.07.2025 15:21:20	21,20	-0,05	0,12	0,24	1485,56
22	23.07.2025 15:21:21	21,20	-0,03	0,12	0,24	1485,56
23	23.07.2025 15:21:22	21,20	-0,03	0,12	0,24	1485,56
24	23.07.2025 15:21:23	21,17	-0,05	0,12	0,24	1485,47
25	23.07.2025 15:21:24	21,17	-0,05	0,12	0,24	1485,47
26	23.07.2025 15:21:25	21,17	-0,07	0,12	0,24	1485,47
27	23.07.2025 15:21:26	21,14	-0,05	0,12	0,24	1485,38
28	23.07.2025 15:21:27	21,14	-0,05	0,12	0,24	1485,38
29	23.07.2025 15:21:28	21,14	-0,03	0,12	0,24	1485,39
30	23.07.2025 15:21:29	21,14	-0,05	0,12	0,24	1485,38
31	23.07.2025 15:21:30	21,12	-0,05	0,12	0,24	1485,30
32	23.07.2025 15:21:31	21,12	-0,05	0,12	0,24	1485,30
33	23.07.2025 15:21:32	21,12	-0,05	0,12	0,24	1485,30
34	23.07.2025 15:21:33	21,12	-0,05	0,12	0,24	1485,30
35	23.07.2025 15:21:34	21,12	-0,05	0,12	0,24	1485,30
36	23.07.2025 15:21:35	21,09	-0,05	0,12	0,24	1485,21
37	23.07.2025 15:21:36	21,09	-0,03	0,12	0,24	1485,21
38	23.07.2025 15:21:37	21,09	-0,03	0,12	0,24	1485,21
39	23.07.2025 15:21:38	21,09	-0,03	0,12	0,24	1485,21
40	23.07.2025 15:21:39	21,09	-0,03	0,12	0,24	1485,21
41	23.07.2025 15:21:40	21,06	-0,05	0,12	0,24	1485,12
42	23.07.2025 15:21:41	21,06	-0,03	0,12	0,24	1485,12
43	23.07.2025 15:21:42	21,06	-0,05	0,12	0,24	1485,12
44	23.07.2025 15:21:43	21,06	-0,03	0,12	0,24	1485,12
45	23.07.2025 15:21:44	21,06	-0,03	0,12	0,24	1485,12
46	23.07.2025 15:21:45	21,03	-0,03	0,12	0,24	1485,03
47	23.07.2025 15:21:46	21,03	-0,03	0,12	0,24	1485,03
48	23.07.2025 15:21:47	21,03	-0,03	0,12	0,24	1485,03
49	23.07.2025 15:21:48	21,03	-0,03	0,12	0,24	1485,03
50	23.07.2025 15:21:49	21,03	-0,03	0,12	0,24	1485,03
51	23.07.2025 15:21:50	21,00	-0,03	0,12	0,24	1484,94
52	23.07.2025 15:21:51	21,00	-0,03	0,12	0,24	1484,94
53	23.07.2025 15:21:52	21,00	-0,03	0,12	0,24	1484,94
54	23.07.2025 15:21:53	21,00	-0,03	0,12	0,24	1484,94
55	23.07.2025 15:21:54	21,00	-0,05	0,12	0,24	1484,94
56	23.07.2025 15:21:55	20,97	-0,03	0,12	0,24	1484,85
57	23.07.2025 15:21:56	20,97	-0,03	0,12	0,24	1484,85
58	23.07.2025 15:21:57	20,97	-0,03	0,12	0,24	1484,85
59	23.07.2025 15:21:58	20,97	-0,05	0,12	0,24	1484,85
60	23.07.2025 15:21:59	20,97	-0,03	0,12	0,24	1484,85
61	23.07.2025 15:22:00	20,94	-0,03	0,13	0,24	1484,77
62	23.07.2025 15:22:01	20,94	-0,03	0,13	0,24	1484,77
63	23.07.2025 15:22:02	20,94	-0,03	0,13	0,24	1484,77
64	23.07.2025 15:22:03	20,94	-0,03	0,13	0,24	1484,77
65	23.07.2025 15:22:04	20,94	-0,03	0,13	0,24	1484,77
66	23.07.2025 15:22:05	20,91	-0,05	0,13	0,24	1484,67
67	23.07.2025 15:22:06	20,91	-0,05	0,13	0,24	1484,67
68	23.07.2025 15:22:07	20,91	-0,05	0,13	0,24	1484,67
69	23.07.2025 15:22:08	20,91	-0,05	0,13	0,24	1484,67
70	23.07.2025 15:22:09	20,91	-0,05	0,13	0,24	1484,67
71	23.07.2025 15:22:10	20,91	-0,05	0,13	0,24	1484,67
72	23.07.2025 15:22:11	20,88	-0,05	0,13	0,24	1484,58
73	23.07.2025 15:22:12	20,88	-0,05	0,13	0,24	1484,58
74	23.07.2025 15:22:13	20,88	-0,05	0,13	0,24	1484,58
75	23.07.2025 15:22:14	20,88	-0,05	0,13	0,24	1484,58
76	23.07.2025 15:22:15	20,88	-0,05	0,13	0,24	1484,58
77	23.07.2025 15:22:16	20,88	-0,05	0,13	0,24	1484,58
78	23.07.2025 15:22:17	20,85	-0,05	0,13	0,24	1484,50
79	23.07.2025 15:22:18	20,85	-0,05	0,13	0,24	1484,50
80	23.07.2025 15:22:19	20,85	-0,05	0,13	0,24	1484,50
81	23.07.2025 15:22:20	20,85	-0,05	0,13	0,24	1484,50
82	23.07.2025 15:22:21	20,85	-0,05	0,13	0,24	1484,50
83	23.07.2025 15:22:22	20,82	-0,05	0,13	0,24	1484,41
84	23.07.2025 15:22:23	20,82	-0,05	0,13	0,24	1484,41
85	23.07.2025 15:22:24	20,82	-0,05	0,13	0,24	1484,41
86	23.07.2025 15:22:25	20,82	-0,05	0,13	0,24	1484,41
87	23.07.2025 15:22:26	20,82	-0,05	0,13	0,24	1484,41
88	23.07.2025 15:22:27	20,79	-0,05	0,13	0,24	1484,32
89	23.07.2025 15:22:28	20,79	-0,05	0,13	0,24	1484,32
90	23.07.2025 15:22:29	20,79	-0,05	0,13	0,24	1484,32
91	23.07.2025 15:22:30	20,79	-0,05	0,13	0,24	1484,32
92	23.07.2025 15:22:31	20,79	-0,05	0,13	0,24	1484,32
93	23.07.2025 15:22:32	20,79	-0,05	0,13	0,24	1484,32
94	23.07.2025 15:22:33	20,76	-0,05	0,13	0,24	1484,23
95	23.07.2025 15:22:34	20,76	-0,05	0,13	0,24	1484,23
96	23.07.2025 15:22:35	20,76	-0,03	0,13	0,24	1484,23
97	23.07.2025 15:22:36	20,76	-0,03	0,13	0,24	1484,23
98	23.07.2025 15:22:37	20,76	-0,05	0,13	0,24	1484,23
99	23.07.2025 15:22:38	20,76	-0,05	0,13	0,24	1484,23
100	23.07.2025 15:22:39	20,76	-0,03	0,13	0,24	1484,23
101	23.07.2025 15:22:40	20,73	-0,05	0,13	0,24	1484,14
102	23.07.2025 15:22:41	20,73	-0,05	0,13	0,24	1484,14
103	23.07.2025 15:22:42	20,73	-0,03	0,13	0,24	1484,14
104	23.07.2025 15:22:43	20,73	-0,05	0,13	0,24	1484,14
105	23.07.2025 15:22:44	20,73	-0,05	0,13	0,24	1484,14
106	23.07.2025 15:22:45	20,73	-0,05	0,13	0,24	1484,14
107	23.07.2025 15:22:46	20,71	-0,03	0,13	0,24	1484,05
108	23.07.2025 15:22:47	20,71	-0,05	0,13	0,24	1484,05
109	23.07.2025 15:22:48	20,71	-0,03	0,13	0,24	1484,05
110	23.07.2025 15:22:49	20,71	-0,05	0,13	0,24	1484,05
111	23.07.2025 15:22:50	20,71	-0,05	0,13	0,24	1484,05
112	23.07.2025 15:22:51	20,71	-0,05	0,15	0,29	1484,08
113	23.07.2025 15:22:52	20,68	-0,03	0,14	0,27	1483,98
114	23.07.2025 15:22:53	20,68	-0,03	0,15	0,29	1483,99
115	23.07.2025 15:22:54	20,68	-0,03	0,14	0,27	1483,98
116	23.07.2025 15:22:55	20,68	-0,05	0,13	0,24	1483,96
117	23.07.2025 15:22:56	20,68	-0,03	13,82	20,96	1499,42
118	23.07.2025 15:22:57	20,38	-0,28	26,75	37,96	1513,13
119	23.07.2025 15:22:58	19,76	-0,22	26,54	37,20	1511,15
120	23.07.2025 15:22:59	19,20	-0,01	26,85	37,14	1509,92
121	23.07.2025 15:23:00	18,73	-0,03	26,97	36,91	1508,67
122	23.07.2025 15:23:01	18,40	0,06	27,18	36,90	1507,97
123	23.07.2025 15:23:02	18,20	0,11	27,33	36,92	1507,54
124	23.07.2025 15:23:03	18,02	0,11	27,45	36,92	1507,14
125	23.07.2025 15:23:04	17,87	0,11	27,63	37,02	1506,91
126	23.07.2025 15:23:05	17,75	0,11	27,69	36,99	1506,61
127	23.07.2025 15:23:06	17,66	0,09	27,75	36,99	1506,41
128	23.07.2025 15:23:07	17,57	0,09	27,81	36,99	1506,21
129	23.07.2025 15:23:08	17,51	0,11	27,87	37,01	1506,10
130	23.07.2025 15:23:09	17,42	0,11	27,91	36,98	1505,87
131	23.07.2025 15:23:10	17,36	0,08	27,95	36,98	1505,73
132	23.07.2025 15:23:11	17,30	0,08	27,99	36,98	1505,60
133	23.07.2025 15:23:12	17,24	0,08	28,03	36,98	1505,46
134	23.07.2025 15:23:13	17,18	0,08	28,07	36,98	1505,33
135	23.07.2025 15:23:14	17,12	0,08	28,09	36,95	1505,16
136	23.07.2025 15:23:15	17,06	0,06	28,15	36,98	1505,05
137	23.07.2025 15:23:16	17,03	0,08	28,17	36,97	1504,99
138	23.07.2025 15:23:17	16,97	0,08	28,21	36,97	1504,85
139	23.07.2025 15:23:18	16,94	0,06	28,23	36,97	1504,78
140	23.07.2025 15:23:19	16,88	0,06	28,27	36,97	1504,64
141	23.07.2025 15:23:20	16,85	0,06	28,29	36,97	1504,57
142	23.07.2025 15:23:21	16,82	0,04	28,29	36,94	1504,47
143	23.07.2025 15:23:22	16,76	0,06	28,35	36,97	1504,37
144	23.07.2025 15:23:23	16,73	0,04	28,37	36,97	1504,30
145	23.07.2025 15:23:24	16,70	0,06	28,39	36,97	1504,23
146	23.07.2025 15:23:25	16,67	0,04	28,42	36,97	1504,16
147	23.07.2025 15:23:26	16,61	0,04	28,41	36,91	1503,97
148	23.07.2025 15:23:27	16,58	0,04	28,43	36,91	1503,90
149	23.07.2025 15:23:28	16,52	0,02	28,47	36,91	1503,76
150	23.07.2025 15:23:29	16,49	0,04	28,52	36,94	1503,72
151	23.07.2025 15:23:30	16,46	0,02	28,56	36,96	1503,67
152	23.07.2025 15:23:31	16,43	0,02	28,58	36,96	1503,60
153	23.07.2025 15:23:32	16,40	0,02	28,58	36,93	1503,51
154	23.07.2025 15:23:33	16,37	0,02	28,62	36,96	1503,47
155	23.07.2025 15:23:34	16,34	0,02	28,62	36,93	1503,37
156	23.07.2025 15:23:35	16,34	0,04	28,62	36,93	1503,37
157	23.07.2025 15:23:36	16,34	0,02	28,62	36,93	1503,37
158	23.07.2025 15:23:37	16,31	0,02	28,67	36,96	1503,33
159	23.07.2025 15:23:38	16,31	0,04	28,67	36,96	1503,33
160	23.07.2025 15:23:39	16,28	0,04	28,69	36,96	1503,26
161	23.07.2025 15:23:40	16,25	0,04	28,71	36,96	1503,19
162	23.07.2025 15:23:41	16,25	0,02	28,71	36,96	1503,19
163	23.07.2025 15:23:42	16,22	0,04	28,73	36,96	1503,12
164	23.07.2025 15:23:43	16,19	0,02	28,75	36,95	1503,05
165	23.07.2025 15:23:44	16,16	0,02	28,77	36,95	1502,98
166	23.07.2025 15:23:45	16,16	0,00	28,77	36,95	1502,98
167	23.07.2025 15:23:46	16,13	0,00	28,77	36,93	1502,88
168	23.07.2025 15:23:47	16,10	0,00	28,81	36,95	1502,84
169	23.07.2025 15:23:48	16,07	0,02	28,83	36,95	1502,77
170	23.07.2025 15:23:49	16,07	0,00	28,81	36,93	1502,74
171	23.07.2025 15:23:50	16,04	0,00	28,86	36,95	1502,70
172	23.07.2025 15:23:51	16,04	0,02	28,83	36,92	1502,67
173	23.07.2025 15:23:52	16,01	0,02	28,85	36,92	1502,60
174	23.07.2025 15:23:53	15,98	0,02	28,90	36,95	1502,56
175	23.07.2025 15:23:54	15,98	0,02	28,90	36,95	1502,56
176	23.07.2025 15:23:55	15,94	0,02	28,90	36,92	1502,46
177	23.07.2025 15:23:56	15,94	0,04	28,92	36,95	1502,49
178	23.07.2025 15:23:57	15,91	0,02	28,97	36,98	1502,45
179	23.07.2025 15:23:58	15,91	0,06	28,96	36,97	1502,45
180	23.07.2025 15:23:59	15,88	0,08	28,99	36,97	1502,39
181	23.07.2025 15:24:00	15,88	0,06	28,94	36,92	1502,33
182	23.07.2025 15:24:01	15,85	0,08	28,96	36,92	1502,26
183	23.07.2025 15:24:02	15,85	0,09	28,96	36,92	1502,26
184	23.07.2025 15:24:03	15,82	0,11	28,98	36,92	1502,20
185	23.07.2025 15:24:04	15,82	0,11	29,01	36,95	1502,22
186	23.07.2025 15:24:05	15,79	0,11	29,03	36,95	1502,15
187	23.07.2025 15:24:06	15,79	0,13	29,03	36,95	1502,16
188	23.07.2025 15:24:07	15,79	0,15	29,00	36,92	1502,13
189	23.07.2025 15:24:08	15,76	0,15	29,03	36,92	1502,06
190	23.07.2025 15:24:09	15,76	0,16	29,03	36,92	1502,06
191	23.07.2025 15:24:10	15,73	0,16	29,02	36,89	1501,97
192	23.07.2025 15:24:11	15,73	0,18	28,95	36,81	1501,89
193	23.07.2025 15:24:12	15,67	0,20	29,02	36,84	1501,78
194	23.07.2025 15:24:13	15,67	0,22	29,02	36,84	1501,78
195	23.07.2025 15:24:14	15,64	0,23	28,99	36,78	1501,66
196	23.07.2025 15:24:15	15,61	0,25	28,99	36,75	1501,56
197	23.07.2025 15:24:16	15,58	0,27	28,99	36,73	1501,46
198	23.07.2025 15:24:17	15,55	0,29	29,11	36,83	1501,51
199	23.07.2025 15:24:18	15,55	0,30	29,08	36,81	1501,48
200	23.07.2025 15:24:19	15,55	0,32	29,08	36,81	1501,49
201	23.07.2025 15:24:20	15,55	0,32	29,06	36,78	1501,46
202	23.07.2025 15:24:21	15,52	0,32	28,99	36,67	1501,28
203	23.07.2025 15:24:22	15,49	0,37	29,10	36,78	1501,32
204	23.07.2025 15:24:23	15,46	0,37	29,10	36,75	1501,23
205	23.07.2025 15:24:24	15,46	0,41	29,15	36,80	1501,29
206	23.07.2025 15:24:25	15,46	0,43	29,10	36,75	1501,23
207	23.07.2025 15:24:26	15,46	0,43	29,12	36,78	1501,26
208	23.07.2025 15:24:27	15,43	0,44	29,08	36,70	1501,11
209	23.07.2025 15:24:28	15,43	0,44	29,10	36,72	1501,14
210	23.07.2025 15:24:29	15,40	0,44	28,98	36,56	1500,90
211	23.07.2025 15:24:30	15,34	0,48	29,00	36,53	1500,73
212	23.07.2025 15:24:31	15,31	0,50	29,05	36,56	1500,69
213	23.07.2025 15:24:32	15,28	0,53	29,04	36,53	1500,60
214	23.07.2025 15:24:33	15,25	0,53	29,07	36,53	1500,53
215	23.07.2025 15:24:34	15,22	0,58	29,09	36,53	1500,46
216	23.07.2025 15:24:35	15,22	0,60	29,09	36,53	1500,47
217	23.07.2025 15:24:36	15,19	0,62	29,11	36,53	1500,40
218	23.07.2025 15:24:37	15,19	0,63	29,11	36,53	1500,40
219	23.07.2025 15:24:38	15,15	0,65	29,08	36,48	1500,28
220	23.07.2025 15:24:39	15,12	0,67	29,08	36,45	1500,18
221	23.07.2025 15:24:40	15,12	0,68	29,08	36,45	1500,18
222	23.07.2025 15:24:41	15,09	0,70	29,08	36,42	1500,08
223	23.07.2025 15:24:42	15,06	0,73	29,08	36,39	1499,99
224	23.07.2025 15:24:43	15,03	0,73	29,10	36,39	1499,92
225	23.07.2025 15:24:44	15,00	0,78	29,12	36,39	1499,85
226	23.07.2025 15:24:45	15,00	0,78	29,07	36,34	1499,80
227	23.07.2025 15:24:46	14,97	0,80	29,10	36,34	1499,73
228	23.07.2025 15:24:47	14,94	0,83	29,12	36,34	1499,66
229	23.07.2025 15:24:48	14,94	0,85	29,09	36,31	1499,63
230	23.07.2025 15:24:49	14,91	0,87	29,12	36,31	1499,56
231	23.07.2025 15:24:50	14,88	0,90	29,14	36,31	1499,50
232	23.07.2025 15:24:51	14,88	0,92	29,14	36,31	1499,50
233	23.07.2025 15:24:52	14,88	0,92	29,11	36,28	1499,47
234	23.07.2025 15:24:53	14,85	0,93	29,14	36,28	1499,40
235	23.07.2025 15:24:54	14,85	0,95	29,14	36,28	1499,40
236	23.07.2025 15:24:55	14,82	0,97	29,13	36,25	1499,31
237	23.07.2025 15:24:56	14,82	0,97	29,11	36,23	1499,28
238	23.07.2025 15:24:57	14,79	0,98	29,09	36,17	1499,15
239	23.07.2025 15:24:58	14,76	1,00	29,06	36,12	1499,02
240	23.07.2025 15:24:59	14,73	1,02	29,06	36,09	1498,92
241	23.07.2025 15:25:00	14,70	1,03	29,08	36,09	1498,85
242	23.07.2025 15:25:01	14,67	1,03	29,10	36,09	1498,78
243	23.07.2025 15:25:02	14,63	1,06	29,10	36,06	1498,68
244	23.07.2025 15:25:03	14,60	1,08	29,12	36,06	1498,61
245	23.07.2025 15:25:04	14,60	1,10	29,12	36,06	1498,62
246	23.07.2025 15:25:05	14,57	1,11	29,14	36,06	1498,54
247	23.07.2025 15:25:06	14,54	1,11	29,17	36,06	1498,47
248	23.07.2025 15:25:07	14,54	1,15	29,17	36,06	1498,48
249	23.07.2025 15:25:08	14,51	1,16	29,16	36,03	1498,38
250	23.07.2025 15:25:09	14,51	1,18	29,16	36,03	1498,38
251	23.07.2025 15:25:10	14,48	1,20	29,21	36,06	1498,34
252	23.07.2025 15:25:11	14,48	1,21	29,21	36,06	1498,34
253	23.07.2025 15:25:12	14,45	1,23	29,19	36,00	1498,21
254	23.07.2025 15:25:13	14,42	1,23	29,18	35,98	1498,11
255	23.07.2025 15:25:14	14,39	1,25	29,16	35,92	1497,98
256	23.07.2025 15:25:15	14,39	1,26	29,16	35,92	1497,98
257	23.07.2025 15:25:16	14,36	1,26	29,25	36,00	1498,00
258	23.07.2025 15:25:17	14,36	1,26	29,25	36,00	1498,00
259	23.07.2025 15:25:18	14,36	1,24	29,20	35,95	1497,93
260	23.07.2025 15:25:19	14,36	1,26	29,28	36,03	1498,02
261	23.07.2025 15:25:20	14,36	1,26	29,30	36,05	1498,05
262	23.07.2025 15:25:21	14,36	1,24	29,30	36,05	1498,05
263	23.07.2025 15:25:22	14,36	1,24	29,30	36,05	1498,05
264	23.07.2025 15:25:23	14,36	1,24	29,30	36,05	1498,05
265	23.07.2025 15:25:24	14,33	1,24	29,32	36,05	1497,98
266	23.07.2025 15:25:25	14,33	1,24	29,32	36,05	1497,98
267	23.07.2025 15:25:26	14,33	1,24	29,30	36,03	1497,95
268	23.07.2025 15:25:27	14,33	1,24	29,35	36,08	1498,00
269	23.07.2025 15:25:28	14,30	1,22	29,37	36,08	1497,93
270	23.07.2025 15:25:29	14,30	1,22	29,37	36,08	1497,93
271	23.07.2025 15:25:30	14,30	1,22	29,37	36,08	1497,93
272	23.07.2025 15:25:31	14,30	1,24	29,37	36,08	1497,93
273	23.07.2025 15:25:32	14,30	1,22	29,27	35,97	1497,81
274	23.07.2025 15:25:33	14,27	1,26	29,25	35,92	1497,69
275	23.07.2025 15:25:34	14,24	1,27	29,25	35,89	1497,59
276	23.07.2025 15:25:35	14,20	1,27	29,29	35,92	1497,54
277	23.07.2025 15:25:36	14,20	1,29	29,34	35,97	1497,60
278	23.07.2025 15:25:37	14,20	1,32	29,39	36,02	1497,66
279	23.07.2025 15:25:38	14,17	1,32	29,44	36,05	1497,62
280	23.07.2025 15:25:39	14,17	1,34	29,46	36,08	1497,65
281	23.07.2025 15:25:40	14,17	1,32	29,39	36,00	1497,56
282	23.07.2025 15:25:41	14,17	1,29	29,34	35,94	1497,50
283	23.07.2025 15:25:42	14,17	1,27	29,34	35,94	1497,49
284	23.07.2025 15:25:43	14,14	1,27	29,44	36,02	1497,51
285	23.07.2025 15:25:44	14,17	1,25	29,44	36,05	1497,61
286	23.07.2025 15:25:45	14,17	1,23	29,46	36,08	1497,63
287	23.07.2025 15:25:46	14,17	1,23	29,46	36,08	1497,63
288	23.07.2025 15:25:47	14,20	1,24	29,44	36,08	1497,71
289	23.07.2025 15:25:48	14,20	1,24	29,44	36,08	1497,71
290	23.07.2025 15:25:49	14,20	1,24	29,44	36,08	1497,71
291	23.07.2025 15:25:50	14,20	1,25	29,37	36,00	1497,62
292	23.07.2025 15:25:51	14,17	1,25	29,36	35,97	1497,52
293	23.07.2025 15:25:52	14,14	1,25	29,36	35,94	1497,42
294	23.07.2025 15:25:53	14,14	1,25	29,39	35,97	1497,45
295	23.07.2025 15:25:54	14,11	1,27	29,41	35,97	1497,37
296	23.07.2025 15:25:55	14,11	1,27	29,41	35,97	1497,37
297	23.07.2025 15:25:56	14,11	1,27	29,43	35,99	1497,40
298	23.07.2025 15:25:57	14,11	1,27	29,41	35,97	1497,37
299	23.07.2025 15:25:58	14,11	1,28	29,43	35,99	1497,41
300	23.07.2025 15:25:59	14,08	1,28	29,46	35,99	1497,33
301	23.07.2025 15:26:00	14,08	1,28	29,46	35,99	1497,33
302	23.07.2025 15:26:01	14,08	1,30	29,51	36,05	1497,39
303	23.07.2025 15:26:02	14,08	1,30	29,53	36,07	1497,42
304	23.07.2025 15:26:03	14,08	1,30	29,51	36,05	1497,39
305	23.07.2025 15:26:04	14,08	1,32	29,51	36,05	1497,40
306	23.07.2025 15:26:05	14,08	1,32	29,51	36,05	1497,40
307	23.07.2025 15:26:06	14,08	1,34	29,51	36,05	1497,40
308	23.07.2025 15:26:07	14,08	1,35	29,51	36,05	1497,40
309	23.07.2025 15:26:08	14,05	1,37	29,53	36,05	1497,33
310	23.07.2025 15:26:09	14,05	1,37	29,46	35,97	1497,24
311	23.07.2025 15:26:10	14,02	1,33	29,06	35,51	1496,67
312	23.07.2025 15:26:11	13,90	1,34	28,82	35,13	1495,96
313	23.07.2025 15:26:12	13,74	1,35	28,61	34,78	1495,20
314	23.07.2025 15:26:13	13,55	1,38	28,48	34,48	1494,42
315	23.07.2025 15:26:14	13,37	1,44	28,54	34,40	1493,88
316	23.07.2025 15:26:15	13,18	1,49	28,55	34,26	1493,27
317	23.07.2025 15:26:16	13,03	1,50	28,51	34,09	1492,70
318	23.07.2025 15:26:17	12,90	1,51	28,43	33,91	1492,18
319	23.07.2025 15:26:18	12,74	1,52	28,32	33,66	1491,51
320	23.07.2025 15:26:19	12,56	1,56	28,21	33,39	1490,74
321	23.07.2025 15:26:20	12,37	1,57	28,02	33,03	1489,86
322	23.07.2025 15:26:21	12,15	1,56	27,80	32,63	1488,82
323	23.07.2025 15:26:22	11,86	1,60	27,65	32,25	1487,65
324	23.07.2025 15:26:23	11,58	1,62	27,60	31,97	1486,59
325	23.07.2025 15:26:24	11,29	1,66	27,60	31,75	1485,58
326	23.07.2025 15:26:25	11,00	1,65	27,53	31,45	1484,45
327	23.07.2025 15:26:26	10,74	1,69	27,58	31,31	1483,60
328	23.07.2025 15:26:27	10,48	1,73	27,72	31,25	1482,84
329	23.07.2025 15:26:28	10,32	1,75	27,81	31,22	1482,37
330	23.07.2025 15:26:29	10,19	1,75	27,78	31,08	1481,85
331	23.07.2025 15:26:30	10,03	1,76	27,76	30,94	1481,24
332	23.07.2025 15:26:31	9,87	1,78	27,75	30,80	1480,63
333	23.07.2025 15:26:32	9,70	1,78	27,52	30,45	1479,75
334	23.07.2025 15:26:33	9,44	1,80	27,51	30,23	1478,75
335	23.07.2025 15:26:34	9,21	1,81	27,46	30,01	1477,83
336	23.07.2025 15:26:35	8,95	1,85	27,49	29,84	1476,89
337	23.07.2025 15:26:36	8,71	1,87	27,67	29,84	1476,23
338	23.07.2025 15:26:37	8,55	1,90	27,49	29,54	1475,38
339	23.07.2025 15:26:38	8,31	1,89	27,25	29,13	1474,18
340	23.07.2025 15:26:39	8,08	1,91	27,29	28,99	1473,33
341	23.07.2025 15:26:40	7,84	1,95	27,38	28,90	1472,54
342	23.07.2025 15:26:41	7,64	1,99	27,43	28,79	1471,81
343	23.07.2025 15:26:42	7,43	2,00	27,47	28,68	1471,06
344	23.07.2025 15:26:43	7,26	2,03	27,57	28,65	1470,53
345	23.07.2025 15:26:44	7,13	2,06	27,59	28,56	1470,02
346	23.07.2025 15:26:45	6,99	2,07	27,61	28,48	1469,50
347	23.07.2025 15:26:46	6,85	2,08	27,63	28,39	1468,99
348	23.07.2025 15:26:47	6,68	2,10	27,74	28,36	1468,44
349	23.07.2025 15:26:48	6,58	2,12	27,76	28,31	1468,05
350	23.07.2025 15:26:49	6,44	2,14	27,84	28,28	1467,61
351	23.07.2025 15:26:50	6,33	2,16	27,72	28,09	1467,03
352	23.07.2025 15:26:51	6,16	2,17	27,74	27,98	1466,36
353	23.07.2025 15:26:52	6,02	2,19	27,76	27,89	1465,83
354	23.07.2025 15:26:53	5,88	2,22	27,81	27,83	1465,33
355	23.07.2025 15:26:54	5,74	2,23	27,89	27,80	1464,86
356	23.07.2025 15:26:55	5,60	2,26	27,92	27,72	1464,32
357	23.07.2025 15:26:56	5,49	2,27	27,97	27,69	1463,96
358	23.07.2025 15:26:57	5,35	2,28	28,09	27,69	1463,53
359	23.07.2025 15:26:58	5,24	2,31	28,11	27,63	1463,13
360	23.07.2025 15:26:59	5,14	2,33	28,02	27,47	1462,57
361	23.07.2025 15:27:00	5,03	2,32	28,02	27,38	1462,12
362	23.07.2025 15:27:01	4,89	2,37	28,07	27,33	1461,60
363	23.07.2025 15:27:02	4,74	2,39	28,19	27,32	1461,16
364	23.07.2025 15:27:03	4,64	2,42	28,25	27,29	1460,79
365	23.07.2025 15:27:04	4,53	2,44	28,34	27,29	1460,45
366	23.07.2025 15:27:05	4,45	2,47	28,40	27,29	1460,23
367	23.07.2025 15:27:06	4,35	2,48	28,49	27,29	1459,90
368	23.07.2025 15:27:07	4,27	2,47	28,52	27,26	1459,63
369	23.07.2025 15:27:08	4,20	2,51	28,55	27,23	1459,37
370	23.07.2025 15:27:09	4,13	2,52	28,61	27,23	1459,14
371	23.07.2025 15:27:10	4,06	2,55	28,61	27,17	1458,84
372	23.07.2025 15:27:11	3,98	2,57	28,64	27,14	1458,57
373	23.07.2025 15:27:12	3,87	2,58	28,70	27,11	1458,18
374	23.07.2025 15:27:13	3,80	2,59	28,76	27,11	1457,96
375	23.07.2025 15:27:14	3,73	2,59	28,82	27,11	1457,72
376	23.07.2025 15:27:15	3,69	2,62	28,89	27,14	1457,65
377	23.07.2025 15:27:16	3,62	2,62	28,95	27,14	1457,42
378	23.07.2025 15:27:17	3,58	2,65	28,98	27,13	1457,31
379	23.07.2025 15:27:18	3,50	2,65	29,05	27,13	1457,07
380	23.07.2025 15:27:19	3,47	2,66	29,08	27,13	1456,96
381	23.07.2025 15:27:20	3,39	2,67	29,14	27,13	1456,73
382	23.07.2025 15:27:21	3,36	2,71	29,18	27,13	1456,62
383	23.07.2025 15:27:22	3,28	2,72	29,24	27,13	1456,38
384	23.07.2025 15:27:23	3,25	2,72	29,27	27,13	1456,27
385	23.07.2025 15:27:24	3,21	2,74	29,27	27,10	1456,11
386	23.07.2025 15:27:25	3,17	2,75	29,31	27,10	1455,99
387	23.07.2025 15:27:26	3,10	2,76	29,37	27,10	1455,76
388	23.07.2025 15:27:27	3,06	2,78	29,44	27,12	1455,69
389	23.07.2025 15:27:28	3,02	2,81	29,44	27,09	1455,53
390	23.07.2025 15:27:29	2,98	2,81	29,50	27,12	1455,45
391	23.07.2025 15:27:30	2,91	2,84	29,63	27,17	1455,31
392	23.07.2025 15:27:31	2,87	2,86	29,70	27,20	1455,23
393	23.07.2025 15:27:32	2,87	2,88	29,80	27,28	1455,36
394	23.07.2025 15:27:33	2,84	2,89	29,86	27,31	1455,29
395	23.07.2025 15:27:34	2,84	2,89	29,83	27,28	1455,24
396	23.07.2025 15:27:35	2,80	2,91	29,86	27,28	1455,13
397	23.07.2025 15:27:36	2,76	2,92	29,90	27,28	1455,01
398	23.07.2025 15:27:37	2,72	2,92	29,93	27,28	1454,89
399	23.07.2025 15:27:38	2,68	2,94	30,00	27,30	1454,82
400	23.07.2025 15:27:39	2,65	2,95	30,00	27,27	1454,66
401	23.07.2025 15:27:40	2,65	2,99	30,03	27,30	1454,71
402	23.07.2025 15:27:41	2,61	2,98	30,07	27,30	1454,59
403	23.07.2025 15:27:42	2,57	3,02	30,13	27,33	1454,52
404	23.07.2025 15:27:43	2,53	3,03	30,17	27,33	1454,40
405	23.07.2025 15:27:44	2,53	3,05	30,13	27,30	1454,36
406	23.07.2025 15:27:45	2,50	3,05	30,10	27,24	1454,15
407	23.07.2025 15:27:46	2,46	3,05	30,14	27,24	1454,03
408	23.07.2025 15:27:47	2,42	3,08	30,17	27,24	1453,92
409	23.07.2025 15:27:48	2,38	3,09	30,17	27,21	1453,75
410	23.07.2025 15:27:49	2,34	3,11	30,21	27,21	1453,64
411	23.07.2025 15:27:50	2,31	3,13	30,24	27,21	1453,52
412	23.07.2025 15:27:51	2,27	3,12	30,28	27,21	1453,40
413	23.07.2025 15:27:52	2,23	3,14	30,31	27,21	1453,28
414	23.07.2025 15:27:53	2,23	3,17	30,35	27,24	1453,33
415	23.07.2025 15:27:54	2,19	3,17	30,38	27,24	1453,21
416	23.07.2025 15:27:55	2,15	3,19	30,42	27,24	1453,09
417	23.07.2025 15:27:56	2,15	3,21	30,42	27,24	1453,09
418	23.07.2025 15:27:57	2,12	3,22	30,49	27,26	1453,01
419	23.07.2025 15:27:58	2,12	3,24	30,45	27,24	1452,97
420	23.07.2025 15:27:59	2,08	3,25	30,46	27,21	1452,81
421	23.07.2025 15:28:00	2,04	3,27	30,49	27,21	1452,69
422	23.07.2025 15:28:01	2,04	3,29	30,59	27,29	1452,82
423	23.07.2025 15:28:02	2,00	3,30	30,56	27,23	1452,62
424	23.07.2025 15:28:03	2,00	3,30	30,49	27,18	1452,53
425	23.07.2025 15:28:04	1,96	3,32	30,43	27,10	1452,28
426	23.07.2025 15:28:05	1,93	3,33	30,40	27,04	1452,07
427	23.07.2025 15:28:06	1,89	3,35	30,40	27,02	1451,91
428	23.07.2025 15:28:07	1,85	3,38	30,40	26,99	1451,75
429	23.07.2025 15:28:08	1,77	3,39	30,44	26,96	1451,46
430	23.07.2025 15:28:09	1,73	3,41	30,48	26,96	1451,34
431	23.07.2025 15:28:10	1,73	3,43	30,48	26,96	1451,34
432	23.07.2025 15:28:11	1,70	3,46	30,52	26,96	1451,22
433	23.07.2025 15:28:12	1,66	3,48	30,55	26,96	1451,10
434	23.07.2025 15:28:13	1,62	3,47	30,59	26,96	1450,98
435	23.07.2025 15:28:14	1,62	3,49	30,59	26,96	1450,98
436	23.07.2025 15:28:15	1,58	3,51	30,66	26,98	1450,90
437	23.07.2025 15:28:16	1,58	3,52	30,66	26,98	1450,90
438	23.07.2025 15:28:17	1,58	3,56	30,66	26,98	1450,91
439	23.07.2025 15:28:18	1,54	3,56	30,73	27,01	1450,83
440	23.07.2025 15:28:19	1,54	3,59	30,73	27,01	1450,83
441	23.07.2025 15:28:20	1,50	3,61	30,80	27,03	1450,76
442	23.07.2025 15:28:21	1,50	3,61	30,83	27,06	1450,80
443	23.07.2025 15:28:22	1,50	3,63	30,83	27,06	1450,80
444	23.07.2025 15:28:23	1,50	3,66	30,83	27,06	1450,81
445	23.07.2025 15:28:24	1,50	3,66	30,86	27,09	1450,85
446	23.07.2025 15:28:25	1,50	3,68	30,86	27,09	1450,86
447	23.07.2025 15:28:26	1,46	3,69	30,90	27,09	1450,73
448	23.07.2025 15:28:27	1,46	3,73	30,93	27,11	1450,78
449	23.07.2025 15:28:28	1,46	3,75	31,04	27,19	1450,92
450	23.07.2025 15:28:29	1,46	3,76	31,14	27,27	1451,06
451	23.07.2025 15:28:30	1,50	3,80	31,40	27,52	1451,59
452	23.07.2025 15:28:31	1,54	3,80	31,36	27,52	1451,71
453	23.07.2025 15:28:32	1,62	3,81	31,32	27,55	1452,00
454	23.07.2025 15:28:33	1,62	3,82	31,32	27,55	1452,00
455	23.07.2025 15:28:34	1,66	3,84	31,29	27,55	1452,13
456	23.07.2025 15:28:35	1,66	3,86	31,29	27,55	1452,13
457	23.07.2025 15:28:36	1,66	3,88	31,29	27,55	1452,14
458	23.07.2025 15:28:37	1,66	3,90	31,29	27,55	1452,14
459	23.07.2025 15:28:38	1,62	3,91	31,32	27,55	1452,02
460	23.07.2025 15:28:39	1,62	3,93	31,22	27,47	1451,89
461	23.07.2025 15:28:40	1,58	3,93	31,23	27,44	1451,72
462	23.07.2025 15:28:41	1,58	3,96	31,23	27,44	1451,73
463	23.07.2025 15:28:42	1,54	3,98	31,26	27,44	1451,61
464	23.07.2025 15:28:43	1,54	4,00	31,20	27,38	1451,52
465	23.07.2025 15:28:44	1,50	4,03	31,23	27,38	1451,40
466	23.07.2025 15:28:45	1,46	4,04	31,24	27,36	1451,24
467	23.07.2025 15:28:46	1,46	4,08	31,24	27,35	1451,24
468	23.07.2025 15:28:47	1,42	4,09	31,27	27,35	1451,12
469	23.07.2025 15:28:48	1,42	4,11	31,24	27,33	1451,08
470	23.07.2025 15:28:49	1,39	4,14	31,28	27,33	1450,96
471	23.07.2025 15:28:50	1,39	4,16	31,28	27,33	1450,96
472	23.07.2025 15:28:51	1,39	4,16	31,28	27,33	1450,96
473	23.07.2025 15:28:52	1,35	4,21	31,31	27,33	1450,84
474	23.07.2025 15:28:53	1,35	4,23	31,31	27,33	1450,85
475	23.07.2025 15:28:54	1,35	4,25	31,28	27,30	1450,81
476	23.07.2025 15:28:55	1,35	4,27	31,28	27,30	1450,81
477	23.07.2025 15:28:56	1,31	4,30	31,32	27,30	1450,69
478	23.07.2025 15:28:57	1,31	4,32	31,28	27,27	1450,65
479	23.07.2025 15:28:58	1,31	4,37	31,28	27,27	1450,65
480	23.07.2025 15:28:59	1,31	4,39	31,32	27,30	1450,70
481	23.07.2025 15:29:00	1,31	4,40	31,28	27,27	1450,66
482	23.07.2025 15:29:01	1,27	4,42	31,32	27,27	1450,54
483	23.07.2025 15:29:02	1,27	4,42	31,32	27,27	1450,54
484	23.07.2025 15:29:03	1,27	4,45	31,32	27,27	1450,54
485	23.07.2025 15:29:04	1,27	4,47	31,32	27,27	1450,55
486	23.07.2025 15:29:05	1,27	4,47	31,32	27,27	1450,55
487	23.07.2025 15:29:06	1,23	4,49	31,33	27,24	1450,38
488	23.07.2025 15:29:07	1,23	4,50	31,36	27,27	1450,43
489	23.07.2025 15:29:08	1,23	4,54	31,32	27,24	1450,39
490	23.07.2025 15:29:09	1,23	4,54	31,36	27,27	1450,43
491	23.07.2025 15:29:10	1,23	4,56	31,36	27,27	1450,43
492	23.07.2025 15:29:11	1,23	4,57	31,32	27,24	1450,39
493	23.07.2025 15:29:12	1,19	4,59	31,36	27,24	1450,27
494	23.07.2025 15:29:13	1,19	4,61	31,36	27,24	1450,27
495	23.07.2025 15:29:14	1,19	4,62	31,36	27,24	1450,28
496	23.07.2025 15:29:15	1,19	4,66	31,36	27,24	1450,28
497	23.07.2025 15:29:16	1,19	4,66	31,36	27,24	1450,28
498	23.07.2025 15:29:17	1,19	4,69	31,36	27,24	1450,29
499	23.07.2025 15:29:18	1,19	4,71	31,36	27,24	1450,29
500	23.07.2025 15:29:19	1,19	4,73	31,40	27,27	1450,34
501	23.07.2025 15:29:20	1,15	4,76	31,40	27,24	1450,17
502	23.07.2025 15:29:21	1,15	4,78	31,40	27,24	1450,17
503	23.07.2025 15:29:22	1,15	4,82	31,40	27,24	1450,18
504	23.07.2025 15:29:23	1,15	4,83	31,40	27,24	1450,18
505	23.07.2025 15:29:24	1,15	4,85	31,40	27,24	1450,19
506	23.07.2025 15:29:25	1,15	4,87	31,40	27,24	1450,19
507	23.07.2025 15:29:26	1,15	4,89	31,40	27,24	1450,19
508	23.07.2025 15:29:27	1,15	4,92	31,40	27,24	1450,20
509	23.07.2025 15:29:28	1,11	4,95	31,44	27,24	1450,08
510	23.07.2025 15:29:29	1,11	4,97	31,44	27,24	1450,08
511	23.07.2025 15:29:30	1,11	5,01	31,44	27,24	1450,08
512	23.07.2025 15:29:31	1,11	5,02	31,44	27,24	1450,09
513	23.07.2025 15:29:32	1,11	5,06	31,44	27,24	1450,09
514	23.07.2025 15:29:33	1,11	5,08	31,40	27,21	1450,05
515	23.07.2025 15:29:34	1,11	5,11	31,44	27,24	1450,10
516	23.07.2025 15:29:35	1,11	5,15	31,44	27,24	1450,11
517	23.07.2025 15:29:36	1,11	5,16	31,44	27,24	1450,11
518	23.07.2025 15:29:37	1,11	5,20	31,44	27,24	1450,11
519	23.07.2025 15:29:38	1,11	5,23	31,44	27,24	1450,12
520	23.07.2025 15:29:39	1,07	5,27	31,47	27,24	1450,00
521	23.07.2025 15:29:40	1,07	5,28	31,47	27,24	1450,00
522	23.07.2025 15:29:41	1,07	5,30	31,44	27,21	1449,96
523	23.07.2025 15:29:42	1,07	5,34	31,47	27,24	1450,01
524	23.07.2025 15:29:43	1,07	5,37	31,47	27,24	1450,02
525	23.07.2025 15:29:44	1,07	5,41	31,47	27,24	1450,02
526	23.07.2025 15:29:45	1,07	5,42	31,47	27,24	1450,02
527	23.07.2025 15:29:46	1,07	5,44	31,47	27,24	1450,03
528	23.07.2025 15:29:47	1,07	5,49	31,47	27,24	1450,03
529	23.07.2025 15:29:48	1,07	5,51	31,47	27,24	1450,04
530	23.07.2025 15:29:49	1,07	5,55	31,47	27,24	1450,04
531	23.07.2025 15:29:50	1,07	5,56	31,47	27,24	1450,05
532	23.07.2025 15:29:51	1,07	5,60	31,47	27,24	1450,05
533	23.07.2025 15:29:52	1,07	5,62	31,47	27,24	1450,05
534	23.07.2025 15:29:53	1,07	5,63	31,47	27,24	1450,06
535	23.07.2025 15:29:54	1,07	5,67	31,47	27,24	1450,06
536	23.07.2025 15:29:55	1,07	5,70	31,47	27,24	1450,07
537	23.07.2025 15:29:56	1,07	5,70	31,47	27,24	1450,07
538	23.07.2025 15:29:57	1,07	5,72	31,47	27,24	1450,07
539	23.07.2025 15:29:58	1,04	5,74	31,51	27,24	1449,95
540	23.07.2025 15:29:59	1,04	5,75	31,51	27,24	1449,95
541	23.07.2025 15:30:00	1,04	5,75	31,51	27,24	1449,95
542	23.07.2025 15:30:01	1,04	5,79	31,51	27,24	1449,95
543	23.07.2025 15:30:02	1,04	5,79	31,51	27,24	1449,95
544	23.07.2025 15:30:03	1,04	5,79	31,51	27,24	1449,95
545	23.07.2025 15:30:04	1,04	5,81	31,51	27,24	1449,96
546	23.07.2025 15:30:05	1,04	5,82	31,51	27,24	1449,96
547	23.07.2025 15:30:06	1,04	5,82	31,51	27,24	1449,96
548	23.07.2025 15:30:07	1,04	5,84	31,51	27,24	1449,96
549	23.07.2025 15:30:08	1,04	5,82	31,51	27,24	1449,96
550	23.07.2025 15:30:09	1,04	5,86	31,51	27,24	1449,97
551	23.07.2025 15:30:10	1,04	5,84	31,51	27,24	1449,96
552	23.07.2025 15:30:11	1,04	5,84	31,51	27,24	1449,96
553	23.07.2025 15:30:12	1,04	5,84	31,51	27,24	1449,96
554	23.07.2025 15:30:13	1,04	5,86	31,51	27,24	1449,97
555	23.07.2025 15:30:14	1,04	5,88	31,51	27,24	1449,97
556	23.07.2025 15:30:15	1,04	5,84	31,51	27,24	1449,96
557	23.07.2025 15:30:16	1,04	5,86	31,47	27,21	1449,92
558	23.07.2025 15:30:17	1,04	5,86	31,51	27,24	1449,97
559	23.07.2025 15:30:18	1,04	5,88	31,51	27,24	1449,97
560	23.07.2025 15:30:19	1,04	5,86	31,51	27,24	1449,97
561	23.07.2025 15:30:20	1,04	5,86	31,47	27,21	1449,92
562	23.07.2025 15:30:21	1,04	5,86	31,51	27,24	1449,97
563	23.07.2025 15:30:22	1,04	5,88	31,51	27,24	1449,97
564	23.07.2025 15:30:23	1,04	5,86	31,51	27,24	1449,97
565	23.07.2025 15:30:24	1,04	5,84	31,51	27,24	1449,96
566	23.07.2025 15:30:25	1,04	5,86	31,51	27,24	1449,97
567	23.07.2025 15:30:26	1,04	5,88	31,51	27,24	1449,97
568	23.07.2025 15:30:27	1,04	5,88	31,51	27,24	1449,97
569	23.07.2025 15:30:28	1,04	5,86	31,51	27,24	1449,97
570	23.07.2025 15:30:29	1,04	5,88	31,51	27,24	1449,97
571	23.07.2025 15:30:30	1,04	5,86	31,51	27,24	1449,97
572	23.07.2025 15:30:31	1,04	5,86	31,51	27,24	1449,97
573	23.07.2025 15:30:32	1,00	5,86	31,55	27,24	1449,84
574	23.07.2025 15:30:33	1,00	5,86	31,55	27,24	1449,84
575	23.07.2025 15:30:34	1,00	5,86	31,55	27,24	1449,84
576	23.07.2025 15:30:35	1,00	5,86	31,51	27,21	1449,79
577	23.07.2025 15:30:36	1,00	5,86	31,41	27,13	1449,66
578	23.07.2025 15:30:37	1,00	5,86	31,55	27,24	1449,84
579	23.07.2025 15:30:38	1,00	5,86	31,55	27,24	1449,84
580	23.07.2025 15:30:39	1,00	5,86	31,55	27,24	1449,84
581	23.07.2025 15:30:40	1,00	5,86	31,55	27,24	1449,84
582	23.07.2025 15:30:41	1,00	5,88	31,55	27,24	1449,84
583	23.07.2025 15:30:42	1,00	5,86	31,55	27,24	1449,84
584	23.07.2025 15:30:43	1,00	5,86	31,55	27,24	1449,84
585	23.07.2025 15:30:44	1,00	5,86	31,55	27,24	1449,84
586	23.07.2025 15:30:45	1,00	5,88	31,55	27,24	1449,84
587	23.07.2025 15:30:46	1,00	5,86	31,55	27,24	1449,84
588	23.07.2025 15:30:47	1,00	5,86	31,55	27,24	1449,84
589	23.07.2025 15:30:48	1,00	5,86	31,55	27,24	1449,84
590	23.07.2025 15:30:49	1,00	5,88	31,55	27,24	1449,84
591	23.07.2025 15:30:50	1,00	5,86	31,55	27,24	1449,84
592	23.07.2025 15:30:51	1,00	5,84	31,55	27,24	1449,84
593	23.07.2025 15:30:52	1,00	5,84	31,55	27,24	1449,84
594	23.07.2025 15:30:53	1,00	5,86	31,55	27,24	1449,84
595	23.07.2025 15:30:54	1,00	5,86	31,51	27,21	1449,79
596	23.07.2025 15:30:55	1,00	5,84	31,55	27,24	1449,84
597	23.07.2025 15:30:56	1,00	5,84	31,55	27,24	1449,84
598	23.07.2025 15:30:57	1,00	5,86	31,55	27,24	1449,84
599	23.07.2025 15:30:58	1,00	5,84	31,55	27,24	1449,84
600	23.07.2025 15:30:59	1,00	5,84	31,55	27,24	1449,84
601	23.07.2025 15:31:00	1,00	5,84	31,55	27,24	1449,84
602	23.07.2025 15:31:01	1,00	5,86	31,55	27,24	1449,84
603	23.07.2025 15:31:02	1,00	5,86	31,55	27,24	1449,84
604	23.07.2025 15:31:03	1,00	5,84	31,55	27,24	1449,84
605	23.07.2025 15:31:04	1,00	5,84	31,55	27,24	1449,84
606	23.07.2025 15:31:05	1,00	5,84	31,55	27,24	1449,84
607	23.07.2025 15:31:06	1,00	5,84	31,55	27,24	1449,84
608	23.07.2025 15:31:07	1,00	5,86	31,55	27,24	1449,84
609	23.07.2025 15:31:08	1,00	5,84	31,55	27,24	1449,84
610	23.07.2025 15:31:09	1,00	5,84	31,55	27,24	1449,84
611	23.07.2025 15:31:10	1,00	5,84	31,51	27,21	1449,79
612	23.07.2025 15:31:11	1,00	5,84	31,55	27,24	1449,84
613	23.07.2025 15:31:12	1,00	5,84	31,55	27,24	1449,84
614	23.07.2025 15:31:13	1,00	5,84	31,55	27,24	1449,84
615	23.07.2025 15:31:14	1,00	5,82	31,55	27,24	1449,83
616	23.07.2025 15:31:15	1,00	5,82	31,55	27,24	1449,83
617	23.07.2025 15:31:16	1,00	5,84	31,55	27,24	1449,84
618	23.07.2025 15:31:17	1,00	5,84	31,55	27,24	1449,84
619	23.07.2025 15:31:18	1,00	5,82	31,55	27,24	1449,83
620	23.07.2025 15:31:19	1,00	5,84	31,55	27,24	1449,84
621	23.07.2025 15:31:20	1,00	5,84	31,55	27,24	1449,84
622	23.07.2025 15:31:21	1,00	5,82	31,55	27,24	1449,83
623	23.07.2025 15:31:22	1,00	5,84	31,55	27,24	1449,84
624	23.07.2025 15:31:23	1,00	5,82	31,55	27,24	1449,83
625	23.07.2025 15:31:24	1,00	5,82	31,55	27,24	1449,83
626	23.07.2025 15:31:25	1,00	5,82	31,51	27,21	1449,79
627	23.07.2025 15:31:26	1,00	5,82	31,51	27,21	1449,79
628	23.07.2025 15:31:27	1,00	5,82	31,55	27,24	1449,83
629	23.07.2025 15:31:28	1,00	5,82	31,51	27,21	1449,79
630	23.07.2025 15:31:29	1,00	5,82	31,55	27,24	1449,83
631	23.07.2025 15:31:30	1,00	5,82	31,55	27,24	1449,83
632	23.07.2025 15:31:31	1,00	5,82	31,55	27,24	1449,83
633	23.07.2025 15:31:32	1,00	5,82	31,55	27,24	1449,83
634	23.07.2025 15:31:33	1,00	5,81	31,55	27,24	1449,83
635	23.07.2025 15:31:34	1,00	5,82	31,55	27,24	1449,83
636	23.07.2025 15:31:35	1,00	5,84	31,55	27,24	1449,84
637	23.07.2025 15:31:36	1,00	5,82	31,55	27,24	1449,83
638	23.07.2025 15:31:37	1,00	5,82	31,55	27,24	1449,83
639	23.07.2025 15:31:38	1,00	5,82	31,55	27,24	1449,83
640	23.07.2025 15:31:39	1,00	5,84	31,55	27,24	1449,84
641	23.07.2025 15:31:40	1,00	5,82	31,55	27,24	1449,83
642	23.07.2025 15:31:41	1,00	5,82	31,55	27,24	1449,83
643	23.07.2025 15:31:42	1,00	5,82	31,55	27,24	1449,83
644	23.07.2025 15:31:43	1,00	5,81	31,55	27,24	1449,83
645	23.07.2025 15:31:44	1,00	5,82	31,55	27,24	1449,83
646	23.07.2025 15:31:45	1,00	5,82	31,55	27,24	1449,83
647	23.07.2025 15:31:46	1,00	5,82	31,55	27,24	1449,83
648	23.07.2025 15:31:47	1,00	5,81	31,55	27,24	1449,83
649	23.07.2025 15:31:48	1,00	5,81	31,55	27,24	1449,83
650	23.07.2025 15:31:49	1,00	5,82	31,55	27,24	1449,83
651	23.07.2025 15:31:50	1,00	5,82	31,55	27,24	1449,83
652	23.07.2025 15:31:51	1,00	5,82	31,55	27,24	1449,83
653	23.07.2025 15:31:52	1,00	5,82	31,51	27,21	1449,79
654	23.07.2025 15:31:53	1,00	5,82	31,55	27,24	1449,83
655	23.07.2025 15:31:54	1,00	5,81	31,55	27,24	1449,83
656	23.07.2025 15:31:55	1,00	5,82	31,55	27,24	1449,83
657	23.07.2025 15:31:56	1,00	5,81	31,55	27,24	1449,83
658	23.07.2025 15:31:57	1,00	5,81	31,55	27,24	1449,83
659	23.07.2025 15:31:58	1,00	5,82	31,51	27,21	1449,79
660	23.07.2025 15:31:59	1,00	5,82	31,55	27,24	1449,83
661	23.07.2025 15:32:00	1,00	5,82	31,55	27,24	1449,83
662	23.07.2025 15:32:01	1,00	5,84	31,55	27,24	1449,84
663	23.07.2025 15:32:02	1,00	5,82	31,55	27,24	1449,83
664	23.07.2025 15:32:03	1,00	5,84	31,55	27,24	1449,84
665	23.07.2025 15:32:04	1,00	5,82	31,55	27,24	1449,83
666	23.07.2025 15:32:05	1,00	5,81	31,55	27,24	1449,83
667	23.07.2025 15:32:06	1,00	5,81	31,55	27,24	1449,83
668	23.07.2025 15:32:07	1,00	5,82	31,55	27,24	1449,83
669	23.07.2025 15:32:08	1,00	5,82	31,55	27,24	1449,83
670	23.07.2025 15:32:09	1,00	5,82	31,55	27,24	1449,83
671	23.07.2025 15:32:10	1,00	5,81	31,55	27,24	1449,83
672	23.07.2025 15:32:11	1,00	5,82	31,55	27,24	1449,83
673	23.07.2025 15:32:12	1,00	5,82	31,55	27,24	1449,83
674	23.07.2025 15:32:13	1,00	5,82	31,55	27,24	1449,83
675	23.07.2025 15:32:14	1,00	5,82	31,55	27,24	1449,83
676	23.07.2025 15:32:15	1,00	5,82	31,55	27,24	1449,83
677	23.07.2025 15:32:16	1,00	5,82	31,55	27,24	1449,83
678	23.07.2025 15:32:17	1,00	5,82	31,55	27,24	1449,83
679	23.07.2025 15:32:18	1,00	5,82	31,55	27,24	1449,83
680	23.07.2025 15:32:19	1,00	5,81	31,55	27,24	1449,83
681	23.07.2025 15:32:20	1,00	5,82	31,55	27,24	1449,83
682	23.07.2025 15:32:21	1,00	5,82	31,55	27,24	1449,83
683	23.07.2025 15:32:22	1,00	5,82	31,55	27,24	1449,83
684	23.07.2025 15:32:23	1,00	5,82	31,55	27,24	1449,83
685	23.07.2025 15:32:24	1,00	5,81	31,55	27,24	1449,83
686	23.07.2025 15:32:25	1,00	5,82	31,55	27,24	1449,83
687	23.07.2025 15:32:26	1,00	5,81	31,55	27,24	1449,83
688	23.07.2025 15:32:27	1,00	5,82	31,55	27,24	1449,83
689	23.07.2025 15:32:28	1,00	5,82	31,55	27,24	1449,83
690	23.07.2025 15:32:29	1,00	5,82	31,55	27,24	1449,83
691	23.07.2025 15:32:30	1,00	5,81	31,55	27,24	1449,83
692	23.07.2025 15:32:31	1,00	5,81	31,55	27,24	1449,83
693	23.07.2025 15:32:32	1,00	5,82	31,55	27,24	1449,83
694	23.07.2025 15:32:33	1,00	5,82	31,55	27,24	1449,83
695	23.07.2025 15:32:34	1,00	5,82	31,55	27,24	1449,83
696	23.07.2025 15:32:35	1,00	5,81	31,55	27,24	1449,83
697	23.07.2025 15:32:36	1,00	5,82	31,55	27,24	1449,83
698	23.07.2025 15:32:37	1,00	5,81	31,55	27,24	1449,83
699	23.07.2025 15:32:38	1,00	5,82	31,51	27,21	1449,79
700	23.07.2025 15:32:39	1,00	5,82	31,55	27,24	1449,83
701	23.07.2025 15:32:40	1,00	5,81	31,55	27,24	1449,83
702	23.07.2025 15:32:41	1,00	5,82	31,55	27,24	1449,83
703	23.07.2025 15:32:42	1,00	5,82	31,55	27,24	1449,83
704	23.07.2025 15:32:43	1,00	5,81	31,55	27,24	1449,83
705	23.07.2025 15:32:44	1,00	5,81	31,55	27,24	1449,83
706	23.07.2025 15:32:45	1,00	5,81	31,55	27,24	1449,83
707	23.07.2025 15:32:46	1,00	5,82	31,55	27,24	1449,83
708	23.07.2025 15:32:47	1,00	5,82	31,55	27,24	1449,83
709	23.07.2025 15:32:48	1,00	5,82	31,55	27,24	1449,83
710	23.07.2025 15:32:49	1,00	5,82	31,51	27,21	1449,79
711	23.07.2025 15:32:50	1,00	5,81	31,55	27,24	1449,83
712	23.07.2025 15:32:51	1,00	5,82	31,55	27,24	1449,83
713	23.07.2025 15:32:52	1,00	5,82	31,55	27,24	1449,83
714	23.07.2025 15:32:53	1,00	5,82	31,55	27,24	1449,83
715	23.07.2025 15:32:54	1,00	5,82	31,55	27,24	1449,83
716	23.07.2025 15:32:55	1,00	5,81	31,55	27,24	1449,83
717	23.07.2025 15:32:56	1,00	5,82	31,55	27,24	1449,83
718	23.07.2025 15:32:57	1,00	5,82	31,55	27,24	1449,83
719	23.07.2025 15:32:58	1,00	5,82	31,55	27,24	1449,83
720	23.07.2025 15:32:59	1,00	5,81	31,51	27,21	1449,79
721	23.07.2025 15:33:00	1,00	5,82	31,55	27,24	1449,83
722	23.07.2025 15:33:01	1,00	5,82	31,55	27,24	1449,83
723	23.07.2025 15:33:02	1,00	5,81	31,55	27,24	1449,83
724	23.07.2025 15:33:03	1,00	5,81	31,51	27,21	1449,79
725	23.07.2025 15:33:04	1,00	5,81	31,55	27,24	1449,83
726	23.07.2025 15:33:05	1,00	5,82	31,55	27,24	1449,83
727	23.07.2025 15:33:06	1,00	5,81	31,55	27,24	1449,83
728	23.07.2025 15:33:07	1,00	5,82	31,55	27,24	1449,83
729	23.07.2025 15:33:08	1,00	5,81	31,55	27,24	1449,83
730	23.07.2025 15:33:09	1,00	5,82	31,55	27,24	1449,83
731	23.07.2025 15:33:10	1,00	5,82	31,55	27,24	1449,83
732	23.07.2025 15:33:11	1,00	5,81	31,55	27,24	1449,83
733	23.07.2025 15:33:12	1,00	5,81	31,55	27,24	1449,83
734	23.07.2025 15:33:13	1,00	5,82	31,55	27,24	1449,83
735	23.07.2025 15:33:14	1,00	5,81	31,55	27,24	1449,83
736	23.07.2025 15:33:15	1,00	5,82	31,55	27,24	1449,83
737	23.07.2025 15:33:16	1,00	5,82	31,55	27,24	1449,83
738	23.07.2025 15:33:17	1,00	5,82	31,55	27,24	1449,83
739	23.07.2025 15:33:18	1,00	5,82	31,55	27,24	1449,83
740	23.07.2025 15:33:19	1,00	5,82	31,51	27,21	1449,79
741	23.07.2025 15:33:20	1,00	5,82	31,55	27,24	1449,83
742	23.07.2025 15:33:21	1,00	5,82	31,55	27,24	1449,83
743	23.07.2025 15:33:22	1,00	5,81	31,55	27,24	1449,83
744	23.07.2025 15:33:23	1,00	5,81	31,55	27,24	1449,83
745	23.07.2025 15:33:24	1,00	5,81	31,55	27,24	1449,83
746	23.07.2025 15:33:25	1,00	5,82	31,55	27,24	1449,83
747	23.07.2025 15:33:26	1,00	5,82	31,55	27,24	1449,83
748	23.07.2025 15:33:27	1,00	5,82	31,55	27,24	1449,83
749	23.07.2025 15:33:28	1,00	5,82	31,55	27,24	1449,83
750	23.07.2025 15:33:29	1,00	5,82	31,55	27,24	1449,83
751	23.07.2025 15:33:30	1,00	5,82	31,55	27,24	1449,83
752	23.07.2025 15:33:31	1,00	5,84	31,55	27,24	1449,84
753	23.07.2025 15:33:32	1,00	5,82	31,55	27,24	1449,83
754	23.07.2025 15:33:33	1,00	5,82	31,55	27,24	1449,83
755	23.07.2025 15:33:34	1,00	5,82	31,55	27,24	1449,83
756	23.07.2025 15:33:35	1,00	5,82	31,55	27,24	1449,83
757	23.07.2025 15:33:36	1,00	5,82	31,55	27,24	1449,83
758	23.07.2025 15:33:37	1,00	5,81	31,55	27,24	1449,83
759	23.07.2025 15:33:38	1,00	5,82	31,55	27,24	1449,83
760	23.07.2025 15:33:39	1,00	5,81	31,55	27,24	1449,83
761	23.07.2025 15:33:40	1,00	5,82	31,55	27,24	1449,83
762	23.07.2025 15:33:41	1,00	5,82	31,55	27,24	1449,83
763	23.07.2025 15:33:42	1,00	5,82	31,55	27,24	1449,83
764	23.07.2025 15:33:43	1,00	5,82	31,55	27,24	1449,83
765	23.07.2025 15:33:44	1,00	5,82	31,55	27,24	1449,83
766	23.07.2025 15:33:45	1,00	5,81	31,55	27,24	1449,83
767	23.07.2025 15:33:46	1,00	5,82	31,55	27,24	1449,83
768	23.07.2025 15:33:47	1,00	5,82	31,55	27,24	1449,83
769	23.07.2025 15:33:48	1,00	5,81	31,55	27,24	1449,83
770	23.07.2025 15:33:49	1,00	5,82	31,55	27,24	1449,83
771	23.07.2025 15:33:50	1,00	5,81	31,55	27,24	1449,83
772	23.07.2025 15:33:51	1,00	5,82	31,55	27,24	1449,83
773	23.07.2025 15:33:52	1,00	5,82	31,55	27,24	1449,83
774	23.07.2025 15:33:53	1,00	5,81	31,55	27,24	1449,83
775	23.07.2025 15:33:54	1,00	5,81	31,55	27,24	1449,83
776	23.07.2025 15:33:55	1,00	5,82	31,55	27,24	1449,83
777	23.07.2025 15:33:56	1,00	5,82	31,55	27,24	1449,83
778	23.07.2025 15:33:57	1,00	5,82	31,55	27,24	1449,83
779	23.07.2025 15:33:58	1,00	5,81	31,55	27,24	1449,83
780	23.07.2025 15:33:59	1,00	5,82	31,55	27,24	1449,83
781	23.07.2025 15:34:00	1,00	5,81	31,55	27,24	1449,83
782	23.07.2025 15:34:01	1,00	5,82	31,55	27,24	1449,83
783	23.07.2025 15:34:02	1,00	5,82	31,55	27,24	1449,83
784	23.07.2025 15:34:03	1,00	5,82	31,55	27,24	1449,83
785	23.07.2025 15:34:04	1,00	5,81	31,55	27,24	1449,83
786	23.07.2025 15:34:05	1,00	5,84	31,55	27,24	1449,84
787	23.07.2025 15:34:06	1,00	5,82	31,55	27,24	1449,83
788	23.07.2025 15:34:07	1,00	5,82	31,55	27,24	1449,83
789	23.07.2025 15:34:08	1,00	5,84	31,55	27,24	1449,84
790	23.07.2025 15:34:09	1,00	5,82	31,55	27,24	1449,83
791	23.07.2025 15:34:10	1,00	5,84	31,55	27,24	1449,84
792	23.07.2025 15:34:11	1,00	5,84	31,55	27,24	1449,84
793	23.07.2025 15:34:12	1,00	5,84	31,55	27,24	1449,84
794	23.07.2025 15:34:13	1,00	5,84	31,55	27,24	1449,84
795	23.07.2025 15:34:14	1,00	5,84	31,55	27,24	1449,84
796	23.07.2025 15:34:15	1,00	5,84	31,55	27,24	1449,84
797	23.07.2025 15:34:16	1,00	5,82	31,55	27,24	1449,83
798	23.07.2025 15:34:17	1,00	5,84	31,55	27,24	1449,84
799	23.07.2025 15:34:18	1,00	5,82	31,55	27,24	1449,83
800	23.07.2025 15:34:19	1,00	5,84	31,55	27,24	1449,84
801	23.07.2025 15:34:20	1,00	5,82	31,51	27,21	1449,79
802	23.07.2025 15:34:21	1,00	5,84	31,55	27,24	1449,84
803	23.07.2025 15:34:22	1,00	5,84	31,55	27,24	1449,84
804	23.07.2025 15:34:23	1,00	5,84	31,55	27,24	1449,84
805	23.07.2025 15:34:24	1,00	5,82	31,55	27,24	1449,83
806	23.07.2025 15:34:25	1,00	5,84	31,55	27,24	1449,84
807	23.07.2025 15:34:26	1,00	5,84	31,55	27,24	1449,84
808	23.07.2025 15:34:27	1,00	5,84	31,55	27,24	1449,84
809	23.07.2025 15:34:28	1,00	5,84	31,55	27,24	1449,84
810	23.07.2025 15:34:29	1,00	5,84	31,55	27,24	1449,84
811	23.07.2025 15:34:30	1,00	5,86	31,55	27,24	1449,84
812	23.07.2025 15:34:31	1,00	5,84	31,55	27,24	1449,84
813	23.07.2025 15:34:32	1,00	5,84	31,55	27,24	1449,84
814	23.07.2025 15:34:33	1,00	5,86	31,55	27,24	1449,84
815	23.07.2025 15:34:34	1,00	5,86	31,55	27,24	1449,84
816	23.07.2025 15:34:35	1,00	5,82	31,55	27,24	1449,83
817	23.07.2025 15:34:36	1,00	5,84	31,55	27,24	1449,84
818	23.07.2025 15:34:37	1,00	5,84	31,55	27,24	1449,84
819	23.07.2025 15:34:38	1,00	5,84	31,51	27,21	1449,79
820	23.07.2025 15:34:39	1,00	5,86	31,55	27,24	1449,84
821	23.07.2025 15:34:40	1,00	5,86	31,55	27,24	1449,84
822	23.07.2025 15:34:41	1,00	5,86	31,55	27,24	1449,84
823	23.07.2025 15:34:42	1,00	5,86	31,55	27,24	1449,84
824	23.07.2025 15:34:43	1,00	5,88	31,55	27,24	1449,84
825	23.07.2025 15:34:44	1,00	5,89	31,55	27,24	1449,85
826	23.07.2025 15:34:45	1,00	5,88	31,55	27,24	1449,84
827	23.07.2025 15:34:46	1,00	5,88	31,55	27,24	1449,84
828	23.07.2025 15:34:47	1,00	5,86	31,55	27,24	1449,84
829	23.07.2025 15:34:48	1,00	5,86	31,55	27,24	1449,84
830	23.07.2025 15:34:49	1,00	5,86	31,55	27,24	1449,84
831	23.07.2025 15:34:50	1,00	5,86	31,55	27,24	1449,84
832	23.07.2025 15:34:51	1,00	5,86	31,55	27,24	1449,84
833	23.07.2025 15:34:52	1,00	5,84	31,55	27,24	1449,84
834	23.07.2025 15:34:53	1,00	5,88	31,55	27,24	1449,84
835	23.07.2025 15:34:54	1,00	5,88	31,55	27,24	1449,84
836	23.07.2025 15:34:55	1,00	5,86	31,55	27,24	1449,84
837	23.07.2025 15:34:56	1,00	5,88	31,55	27,24	1449,84
838	23.07.2025 15:34:57	1,00	5,88	31,55	27,24	1449,84
839	23.07.2025 15:34:58	1,00	5,88	31,55	27,24	1449,84
840	23.07.2025 15:34:59	1,00	5,88	31,55	27,24	1449,84
841	23.07.2025 15:35:00	1,00	5,88	31,55	27,24	1449,84
842	23.07.2025 15:35:01	1,00	5,86	31,55	27,24	1449,84
843	23.07.2025 15:35:02	1,00	5,86	31,55	27,24	1449,84
844	23.07.2025 15:35:03	1,00	5,88	31,51	27,21	1449,80
845	23.07.2025 15:35:04	1,00	5,88	31,55	27,24	1449,84
846	23.07.2025 15:35:05	1,00	5,88	31,55	27,24	1449,84
847	23.07.2025 15:35:06	1,00	5,88	31,55	27,24	1449,84
848	23.07.2025 15:35:07	1,00	5,88	31,51	27,21	1449,80
849	23.07.2025 15:35:08	1,00	5,88	31,55	27,24	1449,84
850	23.07.2025 15:35:09	1,00	5,88	31,55	27,24	1449,84
851	23.07.2025 15:35:10	1,00	5,89	31,55	27,24	1449,85
852	23.07.2025 15:35:11	1,00	5,89	31,55	27,24	1449,85
853	23.07.2025 15:35:12	1,00	5,88	31,55	27,24	1449,84
854	23.07.2025 15:35:13	1,00	5,88	31,55	27,24	1449,84
855	23.07.2025 15:35:14	1,00	5,89	31,55	27,24	1449,85
856	23.07.2025 15:35:15	1,00	5,88	31,55	27,24	1449,84
857	23.07.2025 15:35:16	1,00	5,88	31,55	27,24	1449,84
858	23.07.2025 15:35:17	1,00	5,89	31,55	27,24	1449,85
859	23.07.2025 15:35:18	1,00	5,91	31,55	27,24	1449,85
860	23.07.2025 15:35:19	1,00	5,89	31,55	27,24	1449,85
861	23.07.2025 15:35:20	1,00	5,91	31,55	27,24	1449,85
862	23.07.2025 15:35:21	1,00	5,91	31,55	27,24	1449,85
863	23.07.2025 15:35:22	1,00	5,91	31,55	27,24	1449,85
864	23.07.2025 15:35:23	1,00	5,91	31,55	27,24	1449,85
865	23.07.2025 15:35:24	1,00	5,93	31,55	27,24	1449,85
866	23.07.2025 15:35:25	1,00	5,93	31,55	27,24	1449,85
867	23.07.2025 15:35:26	1,00	5,91	31,55	27,24	1449,85
868	23.07.2025 15:35:27	1,00	5,91	31,55	27,24	1449,85
869	23.07.2025 15:35:28	1,00	5,91	31,55	27,24	1449,85
870	23.07.2025 15:35:29	1,00	5,89	31,55	27,24	1449,85
871	23.07.2025 15:35:30	1,00	5,89	31,55	27,24	1449,85
872	23.07.2025 15:35:31	1,00	5,88	31,55	27,24	1449,84
873	23.07.2025 15:35:32	1,00	5,86	31,55	27,24	1449,84
874	23.07.2025 15:35:33	1,00	5,84	31,55	27,24	1449,84
875	23.07.2025 15:35:34	1,00	5,81	31,55	27,24	1449,83
876	23.07.2025 15:35:35	1,00	5,81	31,55	27,24	1449,83
877	23.07.2025 15:35:36	1,00	5,77	31,55	27,24	1449,83
878	23.07.2025 15:35:37	1,00	5,74	31,55	27,24	1449,82
879	23.07.2025 15:35:38	1,00	5,72	31,55	27,24	1449,82
880	23.07.2025 15:35:39	1,00	5,67	31,55	27,24	1449,81
881	23.07.2025 15:35:40	0,96	5,65	31,59	27,24	1449,68
882	23.07.2025 15:35:41	1,00	5,61	31,55	27,24	1449,80
883	23.07.2025 15:35:42	1,00	5,56	31,55	27,24	1449,79
884	23.07.2025 15:35:43	1,00	5,52	31,55	27,24	1449,79
885	23.07.2025 15:35:44	1,00	5,45	31,55	27,24	1449,78
886	23.07.2025 15:35:45	1,00	5,44	31,55	27,24	1449,77
887	23.07.2025 15:35:46	1,00	5,40	31,55	27,24	1449,77
888	23.07.2025 15:35:47	1,00	5,38	31,55	27,24	1449,77
889	23.07.2025 15:35:48	1,00	5,35	31,55	27,24	1449,76
890	23.07.2025 15:35:49	1,00	5,31	31,55	27,24	1449,76
891	23.07.2025 15:35:50	1,00	5,28	31,55	27,24	1449,75
892	23.07.2025 15:35:51	1,00	5,26	31,55	27,24	1449,75
893	23.07.2025 15:35:52	1,00	5,24	31,55	27,24	1449,74
894	23.07.2025 15:35:53	1,00	5,23	31,55	27,24	1449,74
895	23.07.2025 15:35:54	1,00	5,21	31,55	27,24	1449,74
896	23.07.2025 15:35:55	1,00	5,17	31,55	27,24	1449,73
897	23.07.2025 15:35:56	1,00	5,17	31,55	27,24	1449,73
898	23.07.2025 15:35:57	1,00	5,16	31,55	27,24	1449,73
899	23.07.2025 15:35:58	1,00	5,14	31,55	27,24	1449,73
900	23.07.2025 15:35:59	1,00	5,14	31,55	27,24	1449,73
901	23.07.2025 15:36:00	1,00	5,14	31,55	27,24	1449,73
902	23.07.2025 15:36:01	1,00	5,12	31,55	27,24	1449,73
903	23.07.2025 15:36:02	1,00	5,12	31,52	27,21	1449,68
904	23.07.2025 15:36:03	1,00	5,12	31,55	27,24	1449,73
905	23.07.2025 15:36:04	1,00	5,12	31,55	27,24	1449,73
906	23.07.2025 15:36:05	1,00	5,10	31,55	27,24	1449,72
907	23.07.2025 15:36:06	1,00	5,12	31,55	27,24	1449,73
908	23.07.2025 15:36:07	1,00	5,12	31,55	27,24	1449,73
909	23.07.2025 15:36:08	1,00	5,10	31,55	27,24	1449,72
910	23.07.2025 15:36:09	1,00	5,12	31,55	27,24	1449,73
911	23.07.2025 15:36:10	1,00	5,12	31,55	27,24	1449,73
912	23.07.2025 15:36:11	1,00	5,12	31,55	27,24	1449,73
913	23.07.2025 15:36:12	1,00	5,14	31,55	27,24	1449,73
914	23.07.2025 15:36:13	1,00	5,14	31,55	27,24	1449,73
915	23.07.2025 15:36:14	1,00	5,16	31,59	27,26	1449,78
916	23.07.2025 15:36:15	1,00	5,14	31,55	27,24	1449,73
917	23.07.2025 15:36:16	1,00	5,14	31,55	27,24	1449,73
918	23.07.2025 15:36:17	1,00	5,17	31,55	27,24	1449,73
919	23.07.2025 15:36:18	1,00	5,17	31,55	27,24	1449,73
920	23.07.2025 15:36:19	1,00	5,17	31,55	27,24	1449,73
921	23.07.2025 15:36:20	1,00	5,19	31,55	27,24	1449,74
922	23.07.2025 15:36:21	1,00	5,21	31,55	27,24	1449,74
923	23.07.2025 15:36:22	1,00	5,21	31,55	27,24	1449,74
924	23.07.2025 15:36:23	1,00	5,21	31,55	27,24	1449,74
925	23.07.2025 15:36:24	1,00	5,23	31,55	27,24	1449,74
926	23.07.2025 15:36:25	1,00	5,24	31,55	27,24	1449,74
927	23.07.2025 15:36:26	1,00	5,24	31,55	27,24	1449,74
928	23.07.2025 15:36:27	1,00	5,26	31,55	27,24	1449,75
929	23.07.2025 15:36:28	1,00	5,26	31,55	27,24	1449,75
930	23.07.2025 15:36:29	1,00	5,28	31,55	27,24	1449,75
931	23.07.2025 15:36:30	1,00	5,28	31,55	27,24	1449,75
932	23.07.2025 15:36:31	1,00	5,30	31,55	27,24	1449,75
933	23.07.2025 15:36:32	1,00	5,31	31,55	27,24	1449,76
934	23.07.2025 15:36:33	1,00	5,31	31,55	27,24	1449,76
935	23.07.2025 15:36:34	1,00	5,31	31,55	27,24	1449,76
936	23.07.2025 15:36:35	1,00	5,33	31,55	27,24	1449,76
937	23.07.2025 15:36:36	1,00	5,33	31,55	27,24	1449,76
938	23.07.2025 15:36:37	1,00	5,33	31,55	27,24	1449,76
939	23.07.2025 15:36:38	1,00	5,33	31,55	27,24	1449,76
940	23.07.2025 15:36:39	1,00	5,35	31,55	27,24	1449,76
941	23.07.2025 15:36:40	1,00	5,37	31,55	27,24	1449,76
942	23.07.2025 15:36:41	1,00	5,35	31,55	27,24	1449,76
943	23.07.2025 15:36:42	1,00	5,37	31,55	27,24	1449,76
944	23.07.2025 15:36:43	1,00	5,35	31,55	27,24	1449,76
945	23.07.2025 15:36:44	1,00	5,35	31,55	27,24	1449,76
946	23.07.2025 15:36:45	1,00	5,35	31,55	27,24	1449,76
947	23.07.2025 15:36:46	1,00	5,35	31,55	27,24	1449,76
948	23.07.2025 15:36:47	1,00	5,33	31,55	27,24	1449,76
949	23.07.2025 15:36:48	1,00	5,33	31,52	27,21	1449,71
950	23.07.2025 15:36:49	1,00	5,33	31,55	27,24	1449,76
951	23.07.2025 15:36:50	1,00	5,31	31,55	27,24	1449,76
952	23.07.2025 15:36:51	1,00	5,31	31,55	27,24	1449,76
953	23.07.2025 15:36:52	1,00	5,30	31,55	27,24	1449,75
954	23.07.2025 15:36:53	1,00	5,30	31,55	27,24	1449,75
955	23.07.2025 15:36:54	1,00	5,28	31,55	27,24	1449,75
956	23.07.2025 15:36:55	1,00	5,26	31,55	27,24	1449,75
957	23.07.2025 15:36:56	1,00	5,26	31,55	27,24	1449,75
958	23.07.2025 15:36:57	1,00	5,24	31,55	27,24	1449,74
959	23.07.2025 15:36:58	1,00	5,23	31,55	27,24	1449,74
960	23.07.2025 15:36:59	1,00	5,21	31,55	27,24	1449,74
961	23.07.2025 15:37:00	1,00	5,21	31,55	27,24	1449,74
962	23.07.2025 15:37:01	1,00	5,19	31,55	27,24	1449,74
963	23.07.2025 15:37:02	1,00	5,17	31,55	27,24	1449,73
964	23.07.2025 15:37:03	1,00	5,16	31,55	27,24	1449,73
965	23.07.2025 15:37:04	1,00	5,14	31,55	27,24	1449,73
966	23.07.2025 15:37:05	1,00	5,14	31,55	27,24	1449,73
967	23.07.2025 15:37:06	1,00	5,12	31,55	27,24	1449,73
968	23.07.2025 15:37:07	1,00	5,09	31,55	27,24	1449,72
969	23.07.2025 15:37:08	1,00	5,09	31,55	27,24	1449,72
970	23.07.2025 15:37:09	1,00	5,07	31,55	27,24	1449,72
971	23.07.2025 15:37:10	1,00	5,05	31,55	27,24	1449,71
972	23.07.2025 15:37:11	1,00	5,03	31,55	27,24	1449,71
973	23.07.2025 15:37:12	1,00	5,00	31,55	27,24	1449,71
974	23.07.2025 15:37:13	1,00	5,00	31,55	27,24	1449,71
975	23.07.2025 15:37:14	1,00	4,96	31,55	27,24	1449,70
976	23.07.2025 15:37:15	1,00	4,95	31,55	27,24	1449,70
977	23.07.2025 15:37:16	1,00	4,93	31,55	27,24	1449,70
978	23.07.2025 15:37:17	1,00	4,91	31,59	27,26	1449,74
979	23.07.2025 15:37:18	1,00	4,89	31,55	27,24	1449,69
980	23.07.2025 15:37:19	1,00	4,86	31,55	27,24	1449,69
981	23.07.2025 15:37:20	1,00	4,84	31,55	27,24	1449,68
982	23.07.2025 15:37:21	1,00	4,81	31,55	27,24	1449,68
983	23.07.2025 15:37:22	1,00	4,79	31,55	27,24	1449,67
984	23.07.2025 15:37:23	1,00	4,77	31,55	27,24	1449,67
985	23.07.2025 15:37:24	1,00	4,75	31,59	27,26	1449,71
986	23.07.2025 15:37:25	1,00	4,72	31,55	27,24	1449,66
987	23.07.2025 15:37:26	1,00	4,70	31,55	27,24	1449,66
988	23.07.2025 15:37:27	1,00	4,68	31,55	27,24	1449,66
989	23.07.2025 15:37:28	1,00	4,65	31,55	27,24	1449,65
990	23.07.2025 15:37:29	1,00	4,63	31,55	27,24	1449,65
991	23.07.2025 15:37:30	1,00	4,60	31,59	27,26	1449,69
992	23.07.2025 15:37:31	1,00	4,58	31,59	27,26	1449,69
993	23.07.2025 15:37:32	1,00	4,56	31,55	27,24	1449,64
994	23.07.2025 15:37:33	1,00	4,53	31,56	27,24	1449,63
995	23.07.2025 15:37:34	1,00	4,51	31,56	27,24	1449,63
996	23.07.2025 15:37:35	1,00	4,47	31,59	27,26	1449,67
997	23.07.2025 15:37:36	1,00	4,46	31,59	27,26	1449,67
998	23.07.2025 15:37:37	1,00	4,42	31,59	27,26	1449,66
999	23.07.2025 15:37:38	1,00	4,40	31,59	27,26	1449,66
1000	23.07.2025 15:37:39	1,00	4,37	31,62	27,29	1449,70
1001	23.07.2025 15:37:40	1,04	4,35	31,59	27,29	1449,82
1002	23.07.2025 15:37:41	1,04	4,32	31,59	27,29	1449,82
1003	23.07.2025 15:37:42	1,04	4,28	31,59	27,29	1449,81
1004	23.07.2025 15:37:43	1,04	4,27	31,59	27,29	1449,81
1005	23.07.2025 15:37:44	1,04	4,21	31,59	27,29	1449,80
1006	23.07.2025 15:37:45	1,04	4,20	31,59	27,29	1449,80
1007	23.07.2025 15:37:46	1,04	4,18	31,62	27,32	1449,84
1008	23.07.2025 15:37:47	1,04	4,14	31,59	27,29	1449,79
1009	23.07.2025 15:37:48	1,04	4,13	31,59	27,29	1449,79
1010	23.07.2025 15:37:49	1,04	4,09	31,59	27,29	1449,78
1011	23.07.2025 15:37:50	1,04	4,07	31,62	27,32	1449,83
1012	23.07.2025 15:37:51	1,07	4,02	31,58	27,32	1449,94
1013	23.07.2025 15:37:52	1,07	4,00	31,62	27,35	1449,99
1014	23.07.2025 15:37:53	1,07	3,97	31,58	27,32	1449,93
1015	23.07.2025 15:37:54	1,07	3,93	31,62	27,35	1449,97
1016	23.07.2025 15:37:55	1,07	3,92	31,62	27,35	1449,97
1017	23.07.2025 15:37:56	1,11	3,87	31,61	27,37	1450,13
1018	23.07.2025 15:37:57	1,11	3,85	31,61	27,37	1450,13
1019	23.07.2025 15:37:58	1,11	3,81	31,61	27,37	1450,13
1020	23.07.2025 15:37:59	1,15	3,78	31,61	27,40	1450,29
1021	23.07.2025 15:38:00	1,15	3,75	31,54	27,35	1450,19
1022	23.07.2025 15:38:01	1,15	3,71	31,58	27,38	1450,23
1023	23.07.2025 15:38:02	1,19	3,68	31,47	27,32	1450,26
1024	23.07.2025 15:38:03	1,19	3,64	31,44	27,30	1450,21
1025	23.07.2025 15:38:04	1,19	3,63	31,37	27,24	1450,12
1026	23.07.2025 15:38:05	1,15	3,59	31,37	27,21	1449,95
1027	23.07.2025 15:38:06	1,15	3,55	31,30	27,16	1449,85
1028	23.07.2025 15:38:07	1,15	3,54	31,27	27,13	1449,80
1029	23.07.2025 15:38:08	1,11	3,50	31,27	27,11	1449,62
1030	23.07.2025 15:38:09	1,11	3,46	31,24	27,08	1449,57
1031	23.07.2025 15:38:10	1,11	3,43	31,24	27,08	1449,57
1032	23.07.2025 15:38:11	1,07	3,39	31,25	27,05	1449,39
1033	23.07.2025 15:38:12	1,07	3,36	31,25	27,05	1449,39
1034	23.07.2025 15:38:13	1,07	3,32	31,21	27,03	1449,34
1035	23.07.2025 15:38:14	1,07	3,29	31,18	27,00	1449,28
1036	23.07.2025 15:38:15	1,07	3,25	31,18	27,00	1449,28
1037	23.07.2025 15:38:16	1,07	3,22	31,42	27,19	1449,59
1038	23.07.2025 15:38:17	1,07	3,20	31,45	27,21	1449,63
1039	23.07.2025 15:38:18	1,15	3,13	31,44	27,27	1449,96
1040	23.07.2025 15:38:19	1,19	3,12	31,57	27,40	1450,31
1041	23.07.2025 15:38:20	1,27	3,07	31,46	27,38	1450,51
1042	23.07.2025 15:38:21	1,31	3,02	31,46	27,40	1450,67
1043	23.07.2025 15:38:22	1,31	3,00	31,53	27,46	1450,76
1044	23.07.2025 15:38:23	1,35	2,95	31,52	27,49	1450,92
1045	23.07.2025 15:38:24	1,35	2,92	31,52	27,49	1450,91
1046	23.07.2025 15:38:25	1,39	2,86	31,52	27,51	1451,07
1047	23.07.2025 15:38:26	1,42	2,85	31,45	27,49	1451,15
1048	23.07.2025 15:38:27	1,42	2,81	31,52	27,54	1451,23
1049	23.07.2025 15:38:28	1,46	2,78	31,65	27,68	1451,58
1050	23.07.2025 15:38:29	1,50	2,75	31,61	27,68	1451,69
1051	23.07.2025 15:38:30	1,54	2,68	31,47	27,60	1451,67
1052	23.07.2025 15:38:31	1,58	2,65	31,30	27,49	1451,61
1053	23.07.2025 15:38:32	1,58	2,61	31,47	27,63	1451,83
1054	23.07.2025 15:38:33	1,62	2,60	31,73	27,87	1452,35
1055	23.07.2025 15:38:34	1,70	2,55	31,79	27,98	1452,76
1056	23.07.2025 15:38:35	1,81	2,50	31,81	28,08	1453,29
1057	23.07.2025 15:38:36	1,93	2,46	31,80	28,17	1453,78
1058	23.07.2025 15:38:37	2,00	2,43	31,66	28,12	1453,92
1059	23.07.2025 15:38:38	2,08	2,36	31,29	27,88	1453,76
1060	23.07.2025 15:38:39	2,08	2,34	31,35	27,93	1453,85
1061	23.07.2025 15:38:40	2,12	2,29	31,45	28,04	1454,13
1062	23.07.2025 15:38:41	2,15	2,26	31,64	28,23	1454,55
1063	23.07.2025 15:38:42	2,27	2,23	32,06	28,66	1455,60
1064	23.07.2025 15:38:43	2,42	2,20	32,04	28,77	1456,23
1065	23.07.2025 15:38:44	2,57	2,12	32,03	28,88	1456,86
1066	23.07.2025 15:38:45	2,68	2,11	32,21	29,12	1457,59
1067	23.07.2025 15:38:46	2,84	2,05	32,26	29,28	1458,30
1068	23.07.2025 15:38:47	2,98	1,99	32,18	29,34	1458,83
1069	23.07.2025 15:38:48	3,13	1,96	32,39	29,64	1459,74
1070	23.07.2025 15:38:49	3,28	1,93	32,57	29,91	1460,60
1071	23.07.2025 15:38:50	3,50	1,89	32,77	30,26	1461,80
1072	23.07.2025 15:38:51	3,73	1,87	32,87	30,53	1462,87
1073	23.07.2025 15:38:52	3,98	1,85	32,90	30,78	1463,99
1074	23.07.2025 15:38:53	4,24	1,81	32,90	31,00	1465,06
1075	23.07.2025 15:38:54	4,45	1,78	33,35	31,57	1466,54
1076	23.07.2025 15:38:55	4,78	1,78	33,81	32,24	1468,46
1077	23.07.2025 15:38:56	5,17	1,71	33,70	32,49	1469,93
1078	23.07.2025 15:38:57	5,53	1,64	33,53	32,66	1471,14
1079	23.07.2025 15:38:58	5,84	1,59	33,47	32,88	1472,33
1080	23.07.2025 15:38:59	6,09	1,57	33,36	32,99	1473,16
1081	23.07.2025 15:39:00	6,33	1,54	33,22	33,08	1473,95
1082	23.07.2025 15:39:01	6,54	1,52	33,08	33,14	1474,59
1083	23.07.2025 15:39:02	6,72	1,53	33,16	33,36	1475,37
1084	23.07.2025 15:39:03	6,89	1,50	33,02	33,39	1475,87
1085	23.07.2025 15:39:04	7,09	1,48	32,89	33,45	1476,51
1086	23.07.2025 15:39:05	7,23	1,46	32,94	33,61	1477,10
1087	23.07.2025 15:39:06	7,40	1,45	32,84	33,67	1477,63
1088	23.07.2025 15:39:07	7,57	1,46	32,86	33,84	1478,31
1089	23.07.2025 15:39:08	7,74	1,42	33,05	34,16	1479,20
1090	23.07.2025 15:39:09	7,91	1,37	32,69	33,98	1479,39
1091	23.07.2025 15:39:10	8,08	1,42	32,88	34,31	1480,28
1092	23.07.2025 15:39:11	8,25	1,39	32,81	34,39	1480,82
1093	23.07.2025 15:39:12	8,45	1,35	32,91	34,66	1481,70
1094	23.07.2025 15:39:13	8,65	1,34	33,01	34,93	1482,58
1095	23.07.2025 15:39:14	8,85	1,31	33,08	35,18	1483,41
1096	23.07.2025 15:39:15	9,11	1,27	32,96	35,29	1484,23
1097	23.07.2025 15:39:16	9,31	1,23	32,97	35,49	1484,97
1098	23.07.2025 15:39:17	9,54	1,19	32,96	35,68	1485,80
1099	23.07.2025 15:39:18	9,74	1,16	33,01	35,90	1486,57
1100	23.07.2025 15:39:19	9,97	1,16	32,99	36,09	1487,38
1101	23.07.2025 15:39:20	10,19	1,10	32,79	36,10	1487,95
1102	23.07.2025 15:39:21	10,36	1,07	32,68	36,13	1488,38
1103	23.07.2025 15:39:22	10,48	1,04	32,57	36,14	1488,71
1104	23.07.2025 15:39:23	10,65	1,01	32,43	36,14	1489,11
1105	23.07.2025 15:39:24	10,78	1,00	32,32	36,14	1489,43
1106	23.07.2025 15:39:25	10,87	0,99	32,21	36,12	1489,64
1107	23.07.2025 15:39:26	10,97	0,96	32,13	36,12	1489,87
1108	23.07.2025 15:39:27	11,06	0,93	32,04	36,13	1490,11
1109	23.07.2025 15:39:28	11,16	0,93	31,99	36,16	1490,38
1110	23.07.2025 15:39:29	11,26	0,90	31,88	36,13	1490,59
1111	23.07.2025 15:39:30	11,32	0,89	31,86	36,16	1490,78
1112	23.07.2025 15:39:31	11,38	0,87	31,80	36,16	1490,93
1113	23.07.2025 15:39:32	11,48	0,86	31,72	36,16	1491,17
1114	23.07.2025 15:39:33	11,54	0,85	31,67	36,17	1491,32
1115	23.07.2025 15:39:34	11,64	0,85	31,59	36,17	1491,56
1116	23.07.2025 15:39:35	11,70	0,85	31,51	36,14	1491,69
1117	23.07.2025 15:39:36	11,77	0,84	31,46	36,15	1491,84
1118	23.07.2025 15:39:37	11,83	0,82	31,38	36,12	1491,97
1119	23.07.2025 15:39:38	11,89	0,81	31,31	36,10	1492,09
1120	23.07.2025 15:39:39	11,92	0,79	31,28	36,10	1492,17
1121	23.07.2025 15:39:40	11,99	0,78	31,23	36,10	1492,32
1122	23.07.2025 15:39:41	12,05	0,76	31,18	36,10	1492,48
1123	23.07.2025 15:39:42	12,11	0,75	31,15	36,13	1492,66
1124	23.07.2025 15:39:43	12,18	0,74	31,13	36,16	1492,84
1125	23.07.2025 15:39:44	12,24	0,72	31,08	36,16	1493,00
1126	23.07.2025 15:39:45	12,30	0,72	31,05	36,19	1493,18
1127	23.07.2025 15:39:46	12,37	0,71	31,03	36,22	1493,37
1128	23.07.2025 15:39:47	12,40	0,68	31,00	36,22	1493,44
1129	23.07.2025 15:39:48	12,46	0,66	30,95	36,22	1493,59
1130	23.07.2025 15:39:49	12,52	0,65	30,90	36,22	1493,74
1131	23.07.2025 15:39:50	12,56	0,63	30,88	36,22	1493,82
1132	23.07.2025 15:39:51	12,62	0,63	30,83	36,22	1493,97
1133	23.07.2025 15:39:52	12,68	0,65	30,80	36,25	1494,16
1134	23.07.2025 15:39:53	12,74	0,64	30,75	36,25	1494,31
1135	23.07.2025 15:39:54	12,81	0,57	30,70	36,25	1494,45
1136	23.07.2025 15:39:55	12,84	0,56	30,68	36,25	1494,53
1137	23.07.2025 15:39:56	12,87	0,56	30,68	36,28	1494,64
1138	23.07.2025 15:39:57	12,90	0,52	30,68	36,31	1494,74
1139	23.07.2025 15:39:58	12,96	0,51	30,63	36,31	1494,89
1140	23.07.2025 15:39:59	12,99	0,49	30,58	36,29	1494,93
1141	23.07.2025 15:40:00	13,03	0,48	30,58	36,31	1495,03
1142	23.07.2025 15:40:01	13,06	0,46	30,56	36,31	1495,11
1143	23.07.2025 15:40:02	13,12	0,43	30,51	36,32	1495,25
1144	23.07.2025 15:40:03	13,15	0,43	30,46	36,29	1495,30
1145	23.07.2025 15:40:04	13,18	0,41	30,44	36,29	1495,37
1146	23.07.2025 15:40:05	13,21	0,39	30,41	36,29	1495,45
1147	23.07.2025 15:40:06	13,24	0,39	30,39	36,29	1495,52
1148	23.07.2025 15:40:07	13,28	0,39	30,59	36,53	1495,87
1149	23.07.2025 15:40:08	13,34	0,37	30,47	36,46	1495,92
1150	23.07.2025 15:40:09	13,40	0,32	30,39	36,43	1496,04
1151	23.07.2025 15:40:10	13,43	0,29	30,27	36,32	1495,99
1152	23.07.2025 15:40:11	13,43	0,29	30,32	36,38	1496,05
1153	23.07.2025 15:40:12	13,46	0,30	30,34	36,43	1496,18
1154	23.07.2025 15:40:13	13,52	0,25	30,22	36,35	1496,24
1155	23.07.2025 15:40:14	13,55	0,25	30,17	36,33	1496,28
1156	23.07.2025 15:40:15	13,55	0,23	30,15	36,30	1496,25
1157	23.07.2025 15:40:16	13,55	0,23	30,20	36,35	1496,31
1158	23.07.2025 15:40:17	13,59	0,25	30,37	36,57	1496,62
1159	23.07.2025 15:40:18	13,65	0,25	30,25	36,49	1496,68
1160	23.07.2025 15:40:19	13,71	0,22	30,15	36,44	1496,77
1161	23.07.2025 15:40:20	13,74	0,22	30,25	36,57	1496,99
1162	23.07.2025 15:40:21	13,80	0,18	30,11	36,47	1497,01
1163	23.07.2025 15:40:22	13,83	0,20	30,18	36,58	1497,21
1164	23.07.2025 15:40:23	13,86	0,16	30,23	36,66	1497,37
1165	23.07.2025 15:40:24	13,93	0,13	30,19	36,66	1497,51
1166	23.07.2025 15:40:25	13,96	0,09	30,09	36,58	1497,49
1167	23.07.2025 15:40:26	13,99	0,11	30,14	36,66	1497,65
1168	23.07.2025 15:40:27	14,02	0,08	30,12	36,66	1497,72
1169	23.07.2025 15:40:28	14,05	0,08	30,14	36,71	1497,85
1170	23.07.2025 15:40:29	14,08	0,04	30,09	36,69	1497,89
1171	23.07.2025 15:40:30	14,14	0,02	30,05	36,69	1498,04
1172	23.07.2025 15:40:31	14,17	0,00	30,10	36,77	1498,19
1173	23.07.2025 15:40:32	14,20	0,02	30,10	36,80	1498,30
1174	23.07.2025 15:40:33	14,24	0,00	30,00	36,72	1498,28
1175	23.07.2025 15:40:34	14,27	0,00	30,08	36,83	1498,47
1176	23.07.2025 15:40:35	14,30	-0,01	30,03	36,80	1498,51
1177	23.07.2025 15:40:36	14,33	-0,03	29,93	36,72	1498,50
1178	23.07.2025 15:40:37	14,36	0,00	30,01	36,83	1498,69
1179	23.07.2025 15:40:38	14,36	0,00	29,96	36,78	1498,63
1180	23.07.2025 15:40:39	14,39	-0,03	29,93	36,78	1498,70
1181	23.07.2025 15:40:40	14,42	-0,03	29,94	36,80	1498,80
1182	23.07.2025 15:40:41	14,45	-0,01	29,94	36,83	1498,91
1183	23.07.2025 15:40:42	14,45	-0,03	29,91	36,80	1498,87
1184	23.07.2025 15:40:43	14,48	-0,03	29,87	36,78	1498,92
1185	23.07.2025 15:40:44	14,48	-0,05	29,87	36,78	1498,92
1186	23.07.2025 15:40:45	14,51	-0,03	29,89	36,83	1499,05
1187	23.07.2025 15:40:46	14,54	-0,03	29,87	36,83	1499,12
1188	23.07.2025 15:40:47	14,57	-0,03	29,82	36,81	1499,16
1189	23.07.2025 15:40:48	14,57	-0,05	29,72	36,70	1499,05
1190	23.07.2025 15:40:49	14,57	-0,05	29,80	36,78	1499,13
1191	23.07.2025 15:40:50	14,57	-0,05	29,70	36,67	1499,02
1192	23.07.2025 15:40:51	14,57	-0,05	29,68	36,65	1498,99
1193	23.07.2025 15:40:52	14,57	-0,03	29,72	36,70	1499,05
1194	23.07.2025 15:40:53	14,57	-0,05	29,72	36,70	1499,05
1195	23.07.2025 15:40:54	14,57	-0,03	29,75	36,73	1499,08
1196	23.07.2025 15:40:55	14,57	-0,01	29,75	36,73	1499,08
1197	23.07.2025 15:40:56	14,60	-0,03	29,80	36,81	1499,24
1198	23.07.2025 15:40:57	14,63	-0,05	29,80	36,84	1499,33
1199	23.07.2025 15:40:58	14,67	-0,03	29,78	36,84	1499,41
1200	23.07.2025 15:40:59	14,70	-0,05	29,78	36,86	1499,51
1201	23.07.2025 15:41:00	14,73	-0,03	29,76	36,87	1499,58
1202	23.07.2025 15:41:01	14,76	-0,03	29,73	36,87	1499,66
1203	23.07.2025 15:41:02	14,79	-0,03	29,64	36,79	1499,64
1204	23.07.2025 15:41:03	14,79	-0,03	29,69	36,84	1499,70
1205	23.07.2025 15:41:04	14,79	-0,03	29,64	36,79	1499,64
1206	23.07.2025 15:41:05	14,79	-0,05	29,45	36,57	1499,41
1207	23.07.2025 15:41:06	14,73	-0,03	29,64	36,73	1499,44
1208	23.07.2025 15:41:07	14,73	-0,01	29,66	36,76	1499,47
1209	23.07.2025 15:41:08	14,76	-0,05	29,47	36,57	1499,34
1210	23.07.2025 15:41:09	14,73	-0,01	29,56	36,65	1499,36
1211	23.07.2025 15:41:10	14,73	-0,01	29,66	36,76	1499,47
1212	23.07.2025 15:41:11	14,76	-0,01	29,64	36,76	1499,54
1213	23.07.2025 15:41:12	14,76	-0,07	29,64	36,76	1499,54
1214	23.07.2025 15:41:13	14,76	-0,01	29,61	36,73	1499,52
1215	23.07.2025 15:41:14	14,79	-0,01	29,61	36,76	1499,62
1216	23.07.2025 15:41:15	14,79	-0,03	29,59	36,73	1499,59
1217	23.07.2025 15:41:16	14,82	-0,03	29,57	36,73	1499,66
1218	23.07.2025 15:41:17	14,82	-0,03	29,57	36,73	1499,66
1219	23.07.2025 15:41:18	14,82	-0,03	29,59	36,76	1499,69
1220	23.07.2025 15:41:19	14,82	-0,01	29,59	36,76	1499,69
1221	23.07.2025 15:41:20	14,85	-0,03	29,59	36,79	1499,79
1222	23.07.2025 15:41:21	14,85	-0,01	29,59	36,79	1499,79
1223	23.07.2025 15:41:22	14,88	-0,03	29,59	36,82	1499,89
1224	23.07.2025 15:41:23	14,88	-0,03	29,57	36,79	1499,86
1225	23.07.2025 15:41:24	14,88	-0,03	29,59	36,82	1499,89
1226	23.07.2025 15:41:25	14,91	-0,05	29,57	36,82	1499,96
1227	23.07.2025 15:41:26	14,91	-0,03	29,55	36,79	1499,93
1228	23.07.2025 15:41:27	14,91	-0,03	29,57	36,82	1499,96
1229	23.07.2025 15:41:28	14,91	-0,03	29,57	36,82	1499,96
1230	23.07.2025 15:41:29	14,91	-0,05	29,57	36,82	1499,96
1231	23.07.2025 15:41:30	14,94	-0,03	29,53	36,79	1500,00
1232	23.07.2025 15:41:31	14,94	-0,05	29,48	36,74	1499,94
1233	23.07.2025 15:41:32	14,91	-0,03	29,50	36,74	1499,87
1234	23.07.2025 15:41:33	14,91	-0,03	29,55	36,79	1499,93
1235	23.07.2025 15:41:34	14,91	-0,03	29,52	36,76	1499,90
1236	23.07.2025 15:41:35	14,94	-0,05	29,55	36,82	1500,03
1237	23.07.2025 15:41:36	14,94	-0,01	29,55	36,82	1500,03
1238	23.07.2025 15:41:37	14,97	-0,03	29,55	36,84	1500,13
1239	23.07.2025 15:41:38	14,97	-0,03	29,57	36,87	1500,16
1240	23.07.2025 15:41:39	14,97	-0,03	29,57	36,87	1500,16
1241	23.07.2025 15:41:40	15,00	-0,03	29,50	36,82	1500,17
1242	23.07.2025 15:41:41	15,00	-0,05	29,46	36,77	1500,12
1243	23.07.2025 15:41:42	15,00	-0,03	29,50	36,82	1500,17
1244	23.07.2025 15:41:43	15,00	-0,03	29,48	36,79	1500,15
1245	23.07.2025 15:41:44	15,00	-0,03	29,50	36,82	1500,17
1246	23.07.2025 15:41:45	15,00	-0,03	29,50	36,82	1500,17
1247	23.07.2025 15:41:46	15,00	-0,03	29,53	36,85	1500,20
1248	23.07.2025 15:41:47	15,03	-0,03	29,46	36,79	1500,22
1249	23.07.2025 15:41:48	15,03	-0,03	29,51	36,85	1500,27
1250	23.07.2025 15:41:49	15,00	-0,03	29,50	36,82	1500,17
1251	23.07.2025 15:41:50	15,00	-0,05	29,50	36,82	1500,17
1252	23.07.2025 15:41:51	15,03	-0,05	29,05	36,34	1499,74
1253	23.07.2025 15:41:52	15,03	-0,05	29,39	36,71	1500,13
1254	23.07.2025 15:41:53	15,03	-0,05	26,22	33,12	1496,38
1255	23.07.2025 15:41:54	15,03	-0,05	29,41	36,74	1500,16
1256	23.07.2025 15:41:55	15,06	-0,05	20,64	26,68	1489,86
1257	23.07.2025 15:41:56	15,06	-0,07	20,69	26,74	1489,91
1258	23.07.2025 15:41:57	15,06	-0,05	28,58	35,83	1499,27
1259	23.07.2025 15:41:58	15,06	-0,07	15,85	20,96	1484,17
1260	23.07.2025 15:41:59	15,06	-0,07	15,55	20,60	1483,82
1261	23.07.2025 15:42:00	15,06	-0,05	15,46	20,49	1483,72
1262	23.07.2025 15:42:01	15,09	-0,05	15,97	21,12	1484,43
1263	23.07.2025 15:42:02	15,09	-0,05	16,09	21,26	1484,56
1264	23.07.2025 15:42:03	15,09	-0,05	16,00	21,15	1484,45
1265	23.07.2025 15:42:04	15,09	-0,05	9,01	12,47	1476,17
1266	23.07.2025 15:42:05	15,09	-0,03	8,69	12,07	1475,80
1267	23.07.2025 15:42:06	15,09	-0,05	9,05	12,52	1476,22
1268	23.07.2025 15:42:07	15,09	-0,03	9,14	12,64	1476,33
1269	23.07.2025 15:42:08	15,12	-0,05	9,16	12,67	1476,45
1270	23.07.2025 15:42:09	15,12	-0,05	9,00	12,47	1476,27
1271	23.07.2025 15:42:10	15,12	-0,03	9,09	12,58	1476,38
1272	23.07.2025 15:42:11	15,12	-0,03	8,87	12,30	1476,11
1273	23.07.2025 15:42:12	15,12	-0,05	9,25	12,78	1476,56
1274	23.07.2025 15:42:13	15,15	-0,05	4,94	7,15	1471,56
1275	23.07.2025 15:42:14	15,15	-0,03	5,82	8,33	1472,61
1276	23.07.2025 15:42:15	15,15	-0,03	6,06	8,65	1472,89
1277	23.07.2025 15:42:16	15,15	-0,05	3,84	5,65	1470,26
1278	23.07.2025 15:42:17	15,15	-0,03	2,07	3,17	1468,17
1279	23.07.2025 15:42:18	15,15	-0,05	0,21	0,35	1465,96
1280	23.07.2025 15:42:19	15,15	-0,05	0,14	0,24	1465,88
1281	23.07.2025 15:42:20	15,15	-0,07	0,13	0,21	1465,85
1282	23.07.2025 15:42:21	15,15	-0,03	0,11	0,18	1465,84
1283	23.07.2025 15:42:22	15,19	-0,03	0,11	0,18	1465,95
1284	23.07.2025 15:42:23	15,15	-0,05	0,11	0,18	1465,84
1285	23.07.2025 15:42:24	15,15	-0,05	0,16	0,27	1465,90
1286	23.07.2025 15:42:25	15,19	-0,05	0,16	0,27	1466,00
1287	23.07.2025 15:42:26	15,19	-0,05	0,17	0,29	1466,02
1288	23.07.2025 15:42:27	15,19	-0,05	0,16	0,27	1466,00
1289	23.07.2025 15:42:28	15,19	-0,05	0,13	0,21	1465,96
1290	23.07.2025 15:42:29	15,15	-0,05	0,13	0,21	1465,86
1291	23.07.2025 15:42:30	15,15	-0,03	0,13	0,21	1465,86
1292	23.07.2025 15:42:31	15,15	-0,03	0,11	0,18	1465,84
1293	23.07.2025 15:42:32	15,15	-0,05	0,11	0,18	1465,84
1294	23.07.2025 15:42:33	15,15	-0,05	0,11	0,18	1465,84
1295	23.07.2025 15:42:34	15,15	-0,05	0,09	0,16	1465,82
1296	23.07.2025 15:42:35	15,15	-0,03	0,09	0,16	1465,82
1297	23.07.2025 15:42:36	15,15	-0,05	0,09	0,16	1465,82
1298	23.07.2025 15:42:37	15,15	-0,05	0,09	0,16	1465,82
1299	23.07.2025 15:42:38	15,15	-0,05	0,09	0,16	1465,82
1300	23.07.2025 15:42:39	15,15	-0,05	0,09	0,16	1465,82
1301	23.07.2025 15:42:40	15,12	-0,05	0,09	0,16	1465,71
1302	23.07.2025 15:42:41	15,12	-0,05	0,09	0,16	1465,71
1303	23.07.2025 15:42:42	15,12	-0,05	0,09	0,16	1465,71
1304	23.07.2025 15:42:43	15,12	-0,05	0,08	0,13	1465,69
1305	23.07.2025 15:42:44	15,12	-0,05	0,08	0,13	1465,69
1306	23.07.2025 15:42:45	15,12	-0,05	0,08	0,13	1465,69
1307	23.07.2025 15:42:46	15,12	-0,03	0,08	0,13	1465,70
1308	23.07.2025 15:42:47	15,12	-0,03	0,08	0,13	1465,70
1309	23.07.2025 15:42:48	15,12	-0,05	0,08	0,13	1465,69
1310	23.07.2025 15:42:49	15,12	-0,03	0,08	0,13	1465,70
1311	23.07.2025 15:42:50	15,12	-0,03	0,08	0,13	1465,70
1312	23.07.2025 15:42:51	15,12	-0,03	0,08	0,13	1465,70
1313	23.07.2025 15:42:52	15,12	-0,05	0,08	0,13	1465,69
1314	23.07.2025 15:42:53	15,12	-0,03	0,08	0,13	1465,70
1315	23.07.2025 15:42:54	15,09	-0,05	0,06	0,10	1465,57
1316	23.07.2025 15:42:55	15,09	-0,05	0,06	0,10	1465,57
1317	23.07.2025 15:42:56	15,09	-0,05	0,06	0,10	1465,57
1318	23.07.2025 15:42:57	15,09	-0,05	0,06	0,10	1465,57
1319	23.07.2025 15:42:58	15,09	-0,05	0,06	0,10	1465,57
1320	23.07.2025 15:42:59	15,09	-0,03	0,06	0,10	1465,57
1321	23.07.2025 15:43:00	15,09	-0,05	0,06	0,10	1465,57
1322	23.07.2025 15:43:01	15,09	-0,03	0,06	0,10	1465,57
1323	23.07.2025 15:43:02	15,09	-0,03	0,06	0,10	1465,57
1324	23.07.2025 15:43:03	15,09	-0,05	0,06	0,10	1465,57
1325	23.07.2025 15:43:04	15,09	-0,03	0,06	0,10	1465,57
1326	23.07.2025 15:43:05	15,09	-0,03	0,06	0,10	1465,57
1327	23.07.2025 15:43:06	15,09	-0,05	0,06	0,10	1465,57
1328	23.07.2025 15:43:07	15,09	-0,03	0,06	0,10	1465,57
1329	23.07.2025 15:43:08	15,09	-0,05	0,06	0,10	1465,57
1330	23.07.2025 15:43:09	15,09	-0,03	0,06	0,10	1465,57
1331	23.07.2025 15:43:10	15,09	-0,05	0,06	0,10	1465,57
1332	23.07.2025 15:43:11	15,09	-0,03	0,06	0,10	1465,57
1333	23.07.2025 15:43:12	15,09	-0,05	0,06	0,10	1465,57
1334	23.07.2025 15:43:13	15,06	-0,05	0,06	0,10	1465,46
1335	23.07.2025 15:43:14	15,06	-0,05	0,06	0,10	1465,46
1336	23.07.2025 15:43:15	15,06	-0,07	0,06	0,10	1465,46
1337	23.07.2025 15:43:16	15,06	-0,07	0,06	0,10	1465,46
1338	23.07.2025 15:43:17	15,06	-0,05	0,06	0,10	1465,46
1339	23.07.2025 15:43:18	15,06	-0,05	0,06	0,10	1465,46
1340	23.07.2025 15:43:19	15,06	-0,05	0,06	0,10	1465,46
1341	23.07.2025 15:43:20	15,06	-0,05	0,06	0,10	1465,46
1342	23.07.2025 15:43:21	15,06	-0,05	0,06	0,10	1465,46
1343	23.07.2025 15:43:22	15,06	-0,07	0,06	0,10	1465,46
1344	23.07.2025 15:43:23	15,06	-0,07	0,06	0,10	1465,46
1345	23.07.2025 15:43:24	15,06	-0,05	0,06	0,10	1465,46
1346	23.07.2025 15:43:25	15,06	-0,05	0,05	0,07	1465,44
1347	23.07.2025 15:43:26	15,06	-0,05	0,06	0,10	1465,46
1348	23.07.2025 15:43:27	15,06	-0,05	0,05	0,07	1465,44
1349	23.07.2025 15:43:28	15,06	-0,05	0,06	0,10	1465,46
1350	23.07.2025 15:43:29	15,06	-0,05	0,05	0,07	1465,44
1351	23.07.2025 15:43:30	15,06	-0,05	0,05	0,07	1465,44
1352	23.07.2025 15:43:31	15,06	-0,05	0,06	0,10	1465,46
1353	23.07.2025 15:43:32	15,06	-0,05	0,05	0,07	1465,44
1354	23.07.2025 15:43:33	15,06	-0,05	0,05	0,07	1465,44
1355	23.07.2025 15:43:34	15,06	-0,07	0,05	0,07	1465,44
1356	23.07.2025 15:43:35	15,06	-0,07	0,05	0,07	1465,44
1357	23.07.2025 15:43:36	15,06	-0,07	0,05	0,07	1465,44
1358	23.07.2025 15:43:37	15,06	-0,05	0,06	0,10	1465,46
1359	23.07.2025 15:43:38	15,06	-0,07	0,05	0,07	1465,44
1360	23.07.2025 15:43:39	15,06	-0,05	0,05	0,07	1465,44
1361	23.07.2025 15:43:40	15,06	-0,07	0,05	0,07	1465,44
1362	23.07.2025 15:43:41	15,06	-0,07	0,05	0,07	1465,44
1363	23.07.2025 15:43:42	15,06	-0,05	0,05	0,07	1465,44
1364	23.07.2025 15:43:43	15,06	-0,05	0,05	0,07	1465,44
1365	23.07.2025 15:43:44	15,06	-0,05	0,05	0,07	1465,44
1366	23.07.2025 15:43:45	15,06	-0,07	0,06	0,10	1465,46
1367	23.07.2025 15:43:46	15,06	-0,07	0,05	0,07	1465,44
1368	23.07.2025 15:43:47	15,06	-0,05	0,05	0,07	1465,44
1369	23.07.2025 15:43:48	15,06	-0,05	0,05	0,07	1465,44
1370	23.07.2025 15:43:49	15,06	-0,05	0,05	0,07	1465,44
1371	23.07.2025 15:43:50	15,06	-0,05	0,05	0,07	1465,44
1372	23.07.2025 15:43:51	15,06	-0,07	0,05	0,07	1465,44
1373	23.07.2025 15:43:52	15,06	-0,05	0,05	0,07	1465,44
1374	23.07.2025 15:43:53	15,06	-0,05	0,05	0,07	1465,44
1375	23.07.2025 15:43:54	15,06	-0,05	0,05	0,07	1465,44
1376	23.07.2025 15:43:55	15,06	-0,05	0,05	0,07	1465,44
1377	23.07.2025 15:43:56	15,06	-0,07	0,05	0,07	1465,44
1378	23.07.2025 15:43:57	15,06	-0,05	0,05	0,07	1465,44
1379	23.07.2025 15:43:58	15,06	-0,05	0,05	0,07	1465,44
1380	23.07.2025 15:43:59	15,06	-0,05	0,05	0,07	1465,44
1381	23.07.2025 15:44:00	15,06	-0,05	0,05	0,07	1465,44
1382	23.07.2025 15:44:01	15,06	-0,07	0,05	0,07	1465,44
1383	23.07.2025 15:44:02	15,06	-0,05	0,05	0,07	1465,44
1384	23.07.2025 15:44:03	15,06	-0,05	0,05	0,07	1465,44
1385	23.07.2025 15:44:04	15,06	-0,05	0,05	0,07	1465,44
1386	23.07.2025 15:44:05	15,06	-0,05	0,05	0,07	1465,44
1387	23.07.2025 15:44:06	15,06	-0,05	0,05	0,07	1465,44
1388	23.07.2025 15:44:07	15,06	-0,05	0,05	0,07	1465,44
1389	23.07.2025 15:44:08	15,06	-0,07	0,05	0,07	1465,44
1390	23.07.2025 15:44:09	15,06	-0,07	0,05	0,07	1465,44
1391	23.07.2025 15:44:10	15,06	-0,07	0,05	0,07	1465,44
1392	23.07.2025 15:44:11	15,06	-0,05	0,05	0,07	1465,44
1393	23.07.2025 15:44:12	15,06	-0,05	0,05	0,07	1465,44
1394	23.07.2025 15:44:13	15,06	-0,05	0,05	0,07	1465,44
1395	23.07.2025 15:44:14	15,06	-0,07	0,05	0,07	1465,44
1396	23.07.2025 15:44:15	15,06	-0,05	0,05	0,07	1465,44
1397	23.07.2025 15:44:16	15,06	-0,05	0,05	0,07	1465,44
1398	23.07.2025 15:44:17	15,06	-0,05	0,05	0,07	1465,44
1399	23.07.2025 15:44:18	15,06	-0,05	0,05	0,07	1465,44
1400	23.07.2025 15:44:19	15,06	-0,05	0,05	0,07	1465,44
1401	23.07.2025 15:44:20	15,06	-0,07	0,05	0,07	1465,44
1402	23.07.2025 15:44:21	15,06	-0,05	0,05	0,07	1465,44
1403	23.07.2025 15:44:22	15,06	-0,05	0,05	0,07	1465,44
1404	23.07.2025 15:44:23	15,06	-0,05	0,05	0,07	1465,44
1405	23.07.2025 15:44:24	15,06	-0,07	0,05	0,07	1465,44
1406	23.07.2025 15:44:25	15,06	-0,05	0,05	0,07	1465,44
1407	23.07.2025 15:44:26	15,06	-0,07	0,05	0,07	1465,44
1408	23.07.2025 15:44:27	15,06	-0,05	0,05	0,07	1465,44
1409	23.07.2025 15:44:28	15,06	-0,05	0,05	0,07	1465,44
1410	23.07.2025 15:44:29	15,06	-0,05	0,05	0,07	1465,44
1411	23.07.2025 15:44:30	15,06	-0,07	0,05	0,07	1465,44
1412	23.07.2025 15:44:31	15,06	-0,05	0,05	0,07	1465,44
1413	23.07.2025 15:44:32	15,06	-0,05	0,05	0,07	1465,44
1414	23.07.2025 15:44:33	15,06	-0,05	0,05	0,07	1465,44
1415	23.07.2025 15:44:34	15,06	-0,05	0,05	0,07	1465,44
1416	23.07.2025 15:44:35	15,06	-0,07	0,05	0,07	1465,44
1417	23.07.2025 15:44:36	15,06	-0,07	0,05	0,07	1465,44
1418	23.07.2025 15:44:37	15,06	-0,05	0,05	0,07	1465,44
1419	23.07.2025 15:44:38	15,06	-0,05	0,05	0,07	1465,44
1420	23.07.2025 15:44:39	15,06	-0,05	0,05	0,07	1465,44
1421	23.07.2025 15:44:40	15,06	-0,05	0,05	0,07	1465,44
1422	23.07.2025 15:44:41	15,06	-0,07	0,05	0,07	1465,44
1423	23.07.2025 15:44:42	15,06	-0,05	0,05	0,07	1465,44
1424	23.07.2025 15:44:43	15,06	-0,05	0,05	0,07	1465,44
1425	23.07.2025 15:44:44	15,06	-0,07	0,05	0,07	1465,44
1426	23.07.2025 15:44:45	15,06	-0,07	0,05	0,07	1465,44
1427	23.07.2025 15:44:46	15,06	-0,05	0,05	0,07	1465,44
1428	23.07.2025 15:44:47	15,06	-0,05	0,05	0,07	1465,44
1429	23.07.2025 15:44:48	15,06	-0,05	0,05	0,07	1465,44
1430	23.07.2025 15:44:49	15,06	-0,05	0,05	0,07	1465,44
1431	23.07.2025 15:44:50	15,06	-0,05	0,05	0,07	1465,44
1432	23.07.2025 15:44:51	15,06	-0,07	0,05	0,07	1465,44
1433	23.07.2025 15:44:52	15,06	-0,05	0,05	0,07	1465,44
1434	23.07.2025 15:44:53	15,06	-0,07	0,05	0,07	1465,44
1435	23.07.2025 15:44:54	15,06	-0,05	0,05	0,07	1465,44
1436	23.07.2025 15:44:55	15,06	-0,05	0,05	0,07	1465,44
1437	23.07.2025 15:44:56	15,06	-0,07	0,05	0,07	1465,44
1438	23.07.2025 15:44:57	15,06	-0,05	0,05	0,07	1465,44
1439	23.07.2025 15:44:58	15,06	-0,07	0,05	0,07	1465,44
1440	23.07.2025 15:44:59	15,09	-0,03	0,05	0,07	1465,55
1441	23.07.2025 15:45:00	15,06	-0,05	0,05	0,07	1465,44
1442	23.07.2025 15:45:01	15,06	-0,07	0,05	0,07	1465,44
1443	23.07.2025 15:45:02	15,09	-0,05	0,05	0,07	1465,55
1444	23.07.2025 15:45:03	15,06	-0,07	0,05	0,07	1465,44
1445	23.07.2025 15:45:04	15,06	-0,05	0,05	0,07	1465,44
1446	23.07.2025 15:45:05	15,06	-0,05	0,05	0,07	1465,44
1447	23.07.2025 15:45:06	15,09	-0,03	0,05	0,07	1465,55
1448	23.07.2025 15:45:07	15,06	-0,07	0,05	0,07	1465,44
1449	23.07.2025 15:45:08	15,09	-0,05	0,05	0,07	1465,55
1450	23.07.2025 15:45:09	15,09	-0,03	0,05	0,07	1465,55
1451	23.07.2025 15:45:10	15,09	-0,05	0,05	0,07	1465,55
1452	23.07.2025 15:45:11	15,09	-0,03	0,05	0,07	1465,55
1453	23.07.2025 15:45:12	15,09	-0,03	0,05	0,07	1465,55
1454	23.07.2025 15:45:13	15,09	-0,03	0,05	0,07	1465,55
1455	23.07.2025 15:45:14	15,09	-0,05	0,05	0,07	1465,55
1456	23.07.2025 15:45:15	15,09	-0,03	0,05	0,07	1465,55
1457	23.07.2025 15:45:16	15,09	-0,03	0,05	0,07	1465,55
1458	23.07.2025 15:45:17	15,09	-0,05	0,05	0,07	1465,55
1459	23.07.2025 15:45:18	15,09	-0,03	0,03	0,05	1465,53
1460	23.07.2025 15:45:19	15,09	-0,05	0,05	0,07	1465,55
1461	23.07.2025 15:45:20	15,09	-0,05	0,05	0,07	1465,55
1462	23.07.2025 15:45:21	15,09	-0,05	0,05	0,07	1465,55
1463	23.07.2025 15:45:22	15,09	-0,05	0,05	0,07	1465,55
1464	23.07.2025 15:45:23	15,09	-0,05	0,05	0,07	1465,55
1465	23.07.2025 15:45:24	15,09	-0,05	0,03	0,05	1465,53
1466	23.07.2025 15:45:25	15,09	-0,03	0,05	0,07	1465,55
1467	23.07.2025 15:45:26	15,09	-0,05	0,05	0,07	1465,55
1468	23.07.2025 15:45:27	15,09	-0,03	0,05	0,07	1465,55
1469	23.07.2025 15:45:28	15,09	-0,03	0,05	0,07	1465,55
1470	23.07.2025 15:45:29	15,09	-0,05	0,05	0,07	1465,55
1471	23.07.2025 15:45:30	15,09	-0,05	0,05	0,07	1465,55
1472	23.07.2025 15:45:31	15,09	-0,05	0,05	0,07	1465,55
1473	23.07.2025 15:45:32	15,09	-0,03	0,05	0,07	1465,55
1474	23.07.2025 15:45:33	15,09	-0,05	0,05	0,07	1465,55
1475	23.07.2025 15:45:34	15,09	-0,03	0,05	0,07	1465,55
1476	23.07.2025 15:45:35	15,09	-0,03	0,05	0,07	1465,55
1477	23.07.2025 15:45:36	15,09	-0,05	0,05	0,07	1465,55
1478	23.07.2025 15:45:37	15,09	-0,05	0,05	0,07	1465,55
1479	23.07.2025 15:45:38	15,09	-0,03	0,05	0,07	1465,55
1480	23.07.2025 15:45:39	15,09	-0,05	0,05	0,07	1465,55
1481	23.07.2025 15:45:40	15,09	-0,03	0,05	0,07	1465,55
1482	23.07.2025 15:45:41	15,09	-0,05	0,05	0,07	1465,55
1483	23.07.2025 15:45:42	15,09	-0,03	0,05	0,07	1465,55
1484	23.07.2025 15:45:43	15,09	-0,05	0,05	0,07	1465,55
1485	23.07.2025 15:45:44	15,09	-0,03	0,05	0,07	1465,55
1486	23.07.2025 15:45:45	15,09	-0,05	0,05	0,07	1465,55
1487	23.07.2025 15:45:46	15,09	-0,05	0,05	0,07	1465,55
1488	23.07.2025 15:45:47	15,09	-0,05	0,05	0,07	1465,55
1489	23.07.2025 15:45:48	15,09	-0,05	0,05	0,07	1465,55
1490	23.07.2025 15:45:49	15,09	-0,05	0,05	0,07	1465,55
1491	23.07.2025 15:45:50	15,12	-0,05	0,05	0,07	1465,66
1492	23.07.2025 15:45:51	15,12	-0,03	0,05	0,07	1465,66
1493	23.07.2025 15:45:52	15,12	-0,05	0,05	0,07	1465,66
1494	23.07.2025 15:45:53	15,12	-0,05	0,05	0,07	1465,66
1495	23.07.2025 15:45:54	15,12	-0,03	0,05	0,07	1465,66
1496	23.07.2025 15:45:55	15,12	-0,03	0,05	0,07	1465,66
1497	23.07.2025 15:45:56	15,12	-0,05	0,05	0,07	1465,66
1498	23.07.2025 15:45:57	15,12	-0,05	0,05	0,07	1465,66
1499	23.07.2025 15:45:58	15,12	-0,05	0,05	0,07	1465,66
1500	23.07.2025 15:45:59	15,12	-0,03	0,05	0,07	1465,66
1501	23.07.2025 15:46:00	15,12	-0,05	0,05	0,07	1465,66
1502	23.07.2025 15:46:01	15,12	-0,05	0,05	0,07	1465,66
1503	23.07.2025 15:46:02	15,12	-0,05	0,05	0,07	1465,66
1504	23.07.2025 15:46:03	15,12	-0,03	0,05	0,07	1465,66
1505	23.07.2025 15:46:04	15,12	-0,05	0,05	0,07	1465,66
1506	23.07.2025 15:46:05	15,12	-0,05	0,05	0,07	1465,66
1507	23.07.2025 15:46:06	15,12	-0,05	0,05	0,07	1465,66
1508	23.07.2025 15:46:07	15,12	-0,05	0,05	0,07	1465,66
1509	23.07.2025 15:46:08	15,12	-0,03	0,05	0,07	1465,66
1510	23.07.2025 15:46:09	15,12	-0,05	0,05	0,07	1465,66
1511	23.07.2025 15:46:10	15,12	-0,03	0,05	0,07	1465,66
1512	23.07.2025 15:46:11	15,12	-0,05	0,05	0,07	1465,66
1513	23.07.2025 15:46:12	15,12	-0,05	0,05	0,07	1465,66
1514	23.07.2025 15:46:13	15,12	-0,05	0,05	0,07	1465,66
1515	23.07.2025 15:46:14	15,12	-0,05	0,05	0,07	1465,66
1516	23.07.2025 15:46:15	15,12	-0,05	0,05	0,07	1465,66
1517	23.07.2025 15:46:16	15,12	-0,05	0,05	0,07	1465,66
1518	23.07.2025 15:46:17	15,12	-0,05	0,05	0,07	1465,66
1519	23.07.2025 15:46:18	15,12	-0,05	0,05	0,07	1465,66
1520	23.07.2025 15:46:19	15,12	-0,05	0,05	0,07	1465,66
1521	23.07.2025 15:46:20	15,12	-0,05	0,05	0,07	1465,66
1522	23.07.2025 15:46:21	15,12	-0,03	0,05	0,07	1465,66
1523	23.07.2025 15:46:22	15,12	-0,05	0,05	0,07	1465,66
1524	23.07.2025 15:46:23	15,12	-0,03	0,05	0,07	1465,66
1525	23.07.2025 15:46:24	15,12	-0,05	0,05	0,07	1465,66
1526	23.07.2025 15:46:25	15,12	-0,05	0,05	0,07	1465,66
1527	23.07.2025 15:46:26	15,12	-0,05	0,05	0,07	1465,66
1528	23.07.2025 15:46:27	15,12	-0,05	0,05	0,07	1465,66
1529	23.07.2025 15:46:28	15,12	-0,05	0,05	0,07	1465,66
1530	23.07.2025 15:46:29	15,12	-0,05	0,03	0,05	1465,64
1531	23.07.2025 15:46:30	15,15	-0,05	0,05	0,07	1465,76
1532	23.07.2025 15:46:31	15,15	-0,05	0,05	0,07	1465,76
1533	23.07.2025 15:46:32	15,15	-0,05	0,05	0,07	1465,76
1534	23.07.2025 15:46:33	15,15	-0,05	0,05	0,07	1465,76
1535	23.07.2025 15:46:34	15,15	-0,03	0,05	0,07	1465,76
1536	23.07.2025 15:46:35	15,15	-0,05	0,05	0,07	1465,76
1537	23.07.2025 15:46:36	15,15	-0,05	0,05	0,07	1465,76
1538	23.07.2025 15:46:37	15,15	-0,05	0,05	0,07	1465,76
1539	23.07.2025 15:46:38	15,15	-0,05	0,05	0,07	1465,76
1540	23.07.2025 15:46:39	15,15	-0,05	0,05	0,07	1465,76
1541	23.07.2025 15:46:40	15,15	-0,03	0,05	0,07	1465,76
1542	23.07.2025 15:46:41	15,15	-0,05	0,05	0,07	1465,76
1543	23.07.2025 15:46:42	15,15	-0,05	0,05	0,07	1465,76
1544	23.07.2025 15:46:43	15,15	-0,05	0,05	0,07	1465,76
1545	23.07.2025 15:46:44	15,15	-0,05	0,05	0,07	1465,76
1546	23.07.2025 15:46:45	15,15	-0,05	0,05	0,07	1465,76
1547	23.07.2025 15:46:46	15,15	-0,05	0,05	0,07	1465,76
1548	23.07.2025 15:46:47	15,15	-0,05	0,05	0,07	1465,76
1549	23.07.2025 15:46:48	15,15	-0,05	0,05	0,07	1465,76
1550	23.07.2025 15:46:49	15,15	-0,03	0,05	0,07	1465,76
1551	23.07.2025 15:46:50	15,15	-0,05	0,05	0,07	1465,76
1552	23.07.2025 15:46:51	15,15	-0,05	0,05	0,07	1465,76
1553	23.07.2025 15:46:52	15,15	-0,05	0,05	0,07	1465,76
1554	23.07.2025 15:46:53	15,15	-0,03	0,05	0,07	1465,76
1555	23.07.2025 15:46:54	15,15	-0,05	0,05	0,07	1465,76
1556	23.07.2025 15:46:55	15,15	-0,03	0,05	0,07	1465,76
1557	23.07.2025 15:46:56	15,15	-0,05	0,05	0,07	1465,76
1558	23.07.2025 15:46:57	15,15	-0,05	0,05	0,07	1465,76
1559	23.07.2025 15:46:58	15,15	-0,05	0,05	0,07	1465,76
1560	23.07.2025 15:46:59	15,15	-0,03	0,05	0,07	1465,76
1561	23.07.2025 15:47:00	15,15	-0,05	0,05	0,07	1465,76
1562	23.07.2025 15:47:01	15,15	-0,05	0,05	0,07	1465,76
1563	23.07.2025 15:47:02	15,15	-0,05	0,05	0,07	1465,76
1564	23.07.2025 15:47:03	15,15	-0,05	0,05	0,07	1465,76
1565	23.07.2025 15:47:04	15,15	-0,05	0,05	0,07	1465,76
1566	23.07.2025 15:47:05	15,15	-0,05	0,05	0,07	1465,76
1567	23.07.2025 15:47:06	15,15	-0,05	0,05	0,07	1465,76
1568	23.07.2025 15:47:07	15,15	-0,03	0,05	0,07	1465,76
1569	23.07.2025 15:47:08	15,19	-0,05	0,04	0,07	1465,87
1570	23.07.2025 15:47:09	15,15	-0,05	0,05	0,07	1465,76
1571	23.07.2025 15:47:10	15,15	-0,03	0,05	0,07	1465,76
1572	23.07.2025 15:47:11	15,19	-0,05	0,04	0,07	1465,87
1573	23.07.2025 15:47:12	15,15	-0,03	0,05	0,07	1465,76
1574	23.07.2025 15:47:13	15,19	-0,05	0,04	0,07	1465,87
1575	23.07.2025 15:47:14	15,19	-0,05	0,04	0,07	1465,87
1576	23.07.2025 15:47:15	15,19	-0,03	0,04	0,07	1465,87
1577	23.07.2025 15:47:16	15,19	-0,05	0,04	0,07	1465,87
1578	23.07.2025 15:47:17	15,19	-0,05	0,04	0,07	1465,87
1579	23.07.2025 15:47:18	15,19	-0,05	0,04	0,07	1465,87
1580	23.07.2025 15:47:19	15,19	-0,05	0,04	0,07	1465,87
1581	23.07.2025 15:47:20	15,19	-0,05	0,04	0,07	1465,87
1582	23.07.2025 15:47:21	15,19	-0,05	0,04	0,07	1465,87
1583	23.07.2025 15:47:22	15,19	-0,05	0,04	0,07	1465,87
1584	23.07.2025 15:47:23	15,19	-0,05	0,04	0,07	1465,87
1585	23.07.2025 15:47:24	15,19	-0,05	0,04	0,07	1465,87
1586	23.07.2025 15:47:25	15,19	-0,05	0,04	0,07	1465,87
1587	23.07.2025 15:47:26	15,19	-0,05	0,04	0,07	1465,87
1588	23.07.2025 15:47:27	15,19	-0,05	0,04	0,07	1465,87
1589	23.07.2025 15:47:28	15,19	-0,03	0,04	0,07	1465,87
1590	23.07.2025 15:47:29	15,19	-0,03	0,04	0,07	1465,87
1591	23.07.2025 15:47:30	15,19	-0,05	0,04	0,07	1465,87
1592	23.07.2025 15:47:31	15,19	-0,03	0,04	0,07	1465,87
1593	23.07.2025 15:47:32	15,19	-0,05	0,04	0,07	1465,87
1594	23.07.2025 15:47:33	15,19	-0,05	0,04	0,07	1465,87
1595	23.07.2025 15:47:34	15,19	-0,05	0,08	0,13	1465,91
1596	23.07.2025 15:47:35	15,19	-0,05	0,08	0,13	1465,91
1597	23.07.2025 15:47:36	15,19	-0,07	0,09	0,16	1465,92
1598	23.07.2025 15:47:37	15,19	-0,05	0,09	0,16	1465,93
1599	23.07.2025 15:47:38	15,19	-0,05	0,08	0,13	1465,91
1600	23.07.2025 15:47:39	15,19	-0,03	0,09	0,16	1465,93
1601	23.07.2025 15:47:40	15,19	-0,07	0,09	0,16	1465,92
1602	23.07.2025 15:47:41	15,19	-0,05	0,13	0,21	1465,96
1603	23.07.2025 15:47:42	15,19	-0,05	0,11	0,18	1465,94
1604	23.07.2025 15:47:43	15,19	-0,03	0,09	0,16	1465,93
1605	23.07.2025 15:47:44	15,19	-0,05	0,09	0,16	1465,93
1606	23.07.2025 15:47:45	15,19	-0,05	0,09	0,16	1465,93
1607	23.07.2025 15:47:46	15,19	-0,05	0,09	0,16	1465,93
1608	23.07.2025 15:47:47	15,19	-0,05	0,09	0,16	1465,93
1609	23.07.2025 15:47:48	15,19	-0,05	0,09	0,16	1465,93
1610	23.07.2025 15:47:49	15,19	-0,05	0,09	0,16	1465,93
1611	23.07.2025 15:47:50	15,19	-0,05	0,09	0,16	1465,93
1612	23.07.2025 15:47:51	15,19	-0,05	0,09	0,16	1465,93
1613	23.07.2025 15:47:52	15,19	-0,05	0,09	0,16	1465,93
1614	23.07.2025 15:47:53	15,22	-0,05	0,08	0,13	1466,01
1615	23.07.2025 15:47:54	15,22	-0,05	0,09	0,16	1466,03
1616	23.07.2025 15:47:55	15,19	-0,05	0,09	0,16	1465,93
1617	23.07.2025 15:47:56	15,22	-0,05	0,09	0,16	1466,03
1618	23.07.2025 15:47:57	15,22	-0,03	0,08	0,13	1466,02
1619	23.07.2025 15:47:58	15,22	-0,05	0,09	0,16	1466,03
1620	23.07.2025 15:47:59	15,22	-0,05	0,09	0,16	1466,03
1621	23.07.2025 15:48:00	15,22	-0,05	0,09	0,16	1466,03
1622	23.07.2025 15:48:01	15,22	-0,05	0,09	0,16	1466,03
1623	23.07.2025 15:48:02	15,22	-0,05	0,09	0,16	1466,03
1624	23.07.2025 15:48:03	15,22	-0,05	0,09	0,16	1466,03
1625	23.07.2025 15:48:04	15,22	-0,03	0,09	0,16	1466,03
1626	23.07.2025 15:48:05	15,22	-0,05	0,09	0,16	1466,03
1627	23.07.2025 15:48:06	15,22	-0,03	0,09	0,16	1466,03
1628	23.07.2025 15:48:07	15,22	-0,05	0,09	0,16	1466,03
1629	23.07.2025 15:48:08	15,22	-0,05	0,09	0,16	1466,03
1630	23.07.2025 15:48:09	15,22	-0,05	0,09	0,16	1466,03
1631	23.07.2025 15:48:10	15,22	-0,05	0,09	0,16	1466,03
1632	23.07.2025 15:48:11	15,22	-0,05	0,09	0,16	1466,03
1633	23.07.2025 15:48:12	15,22	-0,07	0,09	0,16	1466,03
1634	23.07.2025 15:48:13	15,22	-0,05	0,09	0,16	1466,03
1635	23.07.2025 15:48:14	15,22	-0,05	0,09	0,16	1466,03
1636	23.07.2025 15:48:15	15,22	-0,05	0,09	0,16	1466,03
1637	23.07.2025 15:48:16	15,22	-0,05	0,09	0,16	1466,03
1638	23.07.2025 15:48:17	15,22	-0,05	0,09	0,16	1466,03
1639	23.07.2025 15:48:18	15,22	-0,05	0,09	0,16	1466,03
1640	23.07.2025 15:48:19	15,22	-0,05	0,09	0,16	1466,03
1641	23.07.2025 15:48:20	15,22	-0,05	0,09	0,16	1466,03
1642	23.07.2025 15:48:21	15,22	-0,05	0,09	0,16	1466,03
1643	23.07.2025 15:48:22	15,22	-0,05	0,08	0,13	1466,01
1644	23.07.2025 15:48:23	15,22	-0,05	0,09	0,16	1466,03
1645	23.07.2025 15:48:24	15,22	-0,05	0,12	0,21	1466,07
1646	23.07.2025 15:48:25	15,22	-0,05	0,17	0,29	1466,13
1647	23.07.2025 15:48:26	15,22	-0,05	0,16	0,27	1466,11
1648	23.07.2025 15:48:27	15,22	-0,07	0,14	0,24	1466,09
1649	23.07.2025 15:48:28	15,22	-0,05	0,14	0,24	1466,09
1650	23.07.2025 15:48:29	15,22	-0,05	0,12	0,21	1466,07
1651	23.07.2025 15:48:30	15,22	-0,05	0,12	0,21	1466,07
1652	23.07.2025 15:48:31	15,22	-0,05	0,12	0,21	1466,07
1653	23.07.2025 15:48:32	15,22	-0,05	0,11	0,18	1466,05
1654	23.07.2025 15:48:33	15,22	-0,05	0,12	0,21	1466,07
1655	23.07.2025 15:48:34	15,22	-0,07	0,12	0,21	1466,07
1656	23.07.2025 15:48:35	15,22	-0,05	0,11	0,18	1466,05
1657	23.07.2025 15:48:36	15,22	-0,05	0,12	0,21	1466,07
1658	23.07.2025 15:48:37	15,22	-0,05	0,14	0,24	1466,09
1659	23.07.2025 15:48:38	15,22	-0,05	0,14	0,24	1466,09
1660	23.07.2025 15:48:39	15,22	-0,05	0,14	0,24	1466,09
1661	23.07.2025 15:48:40	15,22	-0,05	0,16	0,27	1466,11
1662	23.07.2025 15:48:41	15,25	-0,05	0,14	0,24	1466,20
1663	23.07.2025 15:48:42	15,25	-0,05	0,12	0,21	1466,18
1664	23.07.2025 15:48:43	15,25	-0,05	0,14	0,24	1466,20
1665	23.07.2025 15:48:44	15,25	-0,05	0,14	0,24	1466,20
1666	23.07.2025 15:48:45	15,25	-0,05	0,14	0,24	1466,20
1667	23.07.2025 15:48:46	15,25	-0,05	0,14	0,24	1466,20
1668	23.07.2025 15:48:47	15,25	-0,05	0,12	0,21	1466,18
1669	23.07.2025 15:48:48	15,25	-0,05	0,12	0,21	1466,18
1670	23.07.2025 15:48:49	15,25	-0,05	0,16	0,27	1466,22
1671	23.07.2025 15:48:50	15,25	-0,05	0,16	0,27	1466,22
1672	23.07.2025 15:48:51	15,25	-0,05	0,14	0,24	1466,20
1673	23.07.2025 15:48:52	15,25	-0,05	0,17	0,29	1466,24
1674	23.07.2025 15:48:53	15,25	-0,07	0,16	0,27	1466,21
1675	23.07.2025 15:48:54	15,25	-0,05	0,16	0,27	1466,22
1676	23.07.2025 15:48:55	15,25	-0,07	0,16	0,27	1466,21
1677	23.07.2025 15:48:56	15,25	-0,05	0,16	0,27	1466,22
1678	23.07.2025 15:48:57	15,25	-0,07	0,17	0,29	1466,23
1679	23.07.2025 15:48:58	15,25	-0,05	0,17	0,29	1466,24
1680	23.07.2025 15:48:59	15,28	-0,07	0,16	0,27	1466,32
1681	23.07.2025 15:49:00	15,28	-0,07	0,17	0,29	1466,34
1682	23.07.2025 15:49:01	15,28	-0,05	0,17	0,29	1466,34
1683	23.07.2025 15:49:02	15,28	-0,05	0,17	0,29	1466,34
1684	23.07.2025 15:49:03	15,28	-0,07	0,17	0,29	1466,34
1685	23.07.2025 15:49:04	15,28	-0,07	0,17	0,29	1466,34
1686	23.07.2025 15:49:05	15,28	-0,05	0,17	0,29	1466,34
1687	23.07.2025 15:49:06	15,28	-0,05	0,17	0,29	1466,34
1688	23.07.2025 15:49:07	15,28	-0,05	0,17	0,29	1466,34
1689	23.07.2025 15:49:08	15,28	-0,07	0,17	0,29	1466,34
1690	23.07.2025 15:49:09	15,28	-0,07	0,17	0,29	1466,34
1691	23.07.2025 15:49:10	15,28	-0,07	0,17	0,29	1466,34
1692	23.07.2025 15:49:11	15,28	-0,07	0,16	0,27	1466,32
1693	23.07.2025 15:49:12	15,28	-0,05	0,17	0,29	1466,34
1694	23.07.2025 15:49:13	15,28	-0,05	0,17	0,29	1466,34
1695	23.07.2025 15:49:14	15,31	-0,07	0,17	0,29	1466,45
1696	23.07.2025 15:49:15	15,31	-0,05	0,17	0,29	1466,45
1697	23.07.2025 15:49:16	15,31	-0,07	0,17	0,29	1466,45
1698	23.07.2025 15:49:17	15,31	-0,05	0,17	0,29	1466,45
1699	23.07.2025 15:49:18	15,31	-0,05	0,17	0,29	1466,45
1700	23.07.2025 15:49:19	15,31	-0,07	0,17	0,29	1466,45
1701	23.07.2025 15:49:20	15,31	-0,07	0,17	0,29	1466,45
1702	23.07.2025 15:49:21	15,31	-0,07	0,17	0,29	1466,45
1703	23.07.2025 15:49:22	15,31	-0,05	0,17	0,29	1466,45
1704	23.07.2025 15:49:23	15,31	-0,05	0,17	0,29	1466,45
1705	23.07.2025 15:49:24	15,31	-0,07	0,17	0,29	1466,45
1706	23.07.2025 15:49:25	15,31	-0,07	0,17	0,29	1466,45
1707	23.07.2025 15:49:26	15,31	-0,07	0,17	0,29	1466,45
1708	23.07.2025 15:49:27	15,31	-0,07	0,17	0,29	1466,45
1709	23.07.2025 15:49:28	15,34	-0,05	0,17	0,29	1466,55
1710	23.07.2025 15:49:29	15,34	-0,07	0,17	0,29	1466,55
1711	23.07.2025 15:49:30	15,34	-0,05	0,17	0,29	1466,55
1712	23.07.2025 15:49:31	15,34	-0,07	0,17	0,29	1466,55
1713	23.07.2025 15:49:32	15,34	-0,07	0,17	0,29	1466,55
1714	23.07.2025 15:49:33	15,34	-0,05	0,17	0,29	1466,55
1715	23.07.2025 15:49:34	15,34	-0,05	0,17	0,29	1466,55
1716	23.07.2025 15:49:35	15,34	-0,05	0,17	0,29	1466,55
1717	23.07.2025 15:49:36	15,34	-0,05	0,17	0,29	1466,55
1718	23.07.2025 15:49:37	15,34	-0,05	0,17	0,29	1466,55
1719	23.07.2025 15:49:38	15,34	-0,05	0,17	0,29	1466,55
1720	23.07.2025 15:49:39	15,34	-0,07	0,17	0,29	1466,55
1721	23.07.2025 15:49:40	15,34	-0,07	0,17	0,29	1466,55
1722	23.07.2025 15:49:41	15,34	-0,07	0,17	0,29	1466,55
1723	23.07.2025 15:49:42	15,34	-0,07	0,17	0,29	1466,55
1724	23.07.2025 15:49:43	15,34	-0,07	0,17	0,29	1466,55
1725	23.07.2025 15:49:44	15,37	-0,05	0,17	0,29	1466,66
1726	23.07.2025 15:49:45	15,37	-0,07	0,17	0,29	1466,66
1727	23.07.2025 15:49:46	15,37	-0,07	0,17	0,29	1466,66
1728	23.07.2025 15:49:47	15,37	-0,07	0,17	0,29	1466,66
1729	23.07.2025 15:49:48	15,37	-0,05	0,17	0,29	1466,66
1730	23.07.2025 15:49:49	15,37	-0,05	0,17	0,29	1466,66
1731	23.07.2025 15:49:50	15,37	-0,07	0,17	0,29	1466,66
1732	23.07.2025 15:49:51	15,37	-0,07	0,17	0,29	1466,66
1733	23.07.2025 15:49:52	15,37	-0,07	0,17	0,29	1466,66
1734	23.07.2025 15:49:53	15,37	-0,07	0,17	0,29	1466,66
1735	23.07.2025 15:49:54	15,37	-0,07	0,17	0,29	1466,66
1736	23.07.2025 15:49:55	15,37	-0,07	0,17	0,29	1466,66
1737	23.07.2025 15:49:56	15,37	-0,07	0,17	0,29	1466,66
1738	23.07.2025 15:49:57	15,37	-0,07	0,17	0,29	1466,66
1739	23.07.2025 15:49:58	15,37	-0,07	0,17	0,29	1466,66
1740	23.07.2025 15:49:59	15,37	-0,05	0,17	0,29	1466,66
1741	23.07.2025 15:50:00	15,40	-0,05	0,17	0,29	1466,77
1742	23.07.2025 15:50:01	15,40	-0,07	0,17	0,29	1466,76
1743	23.07.2025 15:50:02	15,40	-0,07	0,17	0,29	1466,76
1744	23.07.2025 15:50:03	15,40	-0,07	0,17	0,29	1466,76
1745	23.07.2025 15:50:04	15,40	-0,05	0,17	0,29	1466,77
1746	23.07.2025 15:50:05	15,40	-0,07	0,17	0,29	1466,76
1747	23.07.2025 15:50:06	15,40	-0,05	0,17	0,29	1466,77
1748	23.07.2025 15:50:07	15,40	-0,07	0,17	0,29	1466,76
1749	23.07.2025 15:50:08	15,40	-0,05	0,17	0,29	1466,77
1750	23.07.2025 15:50:09	15,40	-0,05	0,17	0,29	1466,77
1751	23.07.2025 15:50:10	15,40	-0,07	0,17	0,29	1466,76
1752	23.07.2025 15:50:11	15,40	-0,07	0,09	0,16	1466,67
1753	23.07.2025 15:50:12	15,43	-0,07	0,08	0,13	1466,75
1754	23.07.2025 15:50:13	15,40	-0,05	0,12	0,21	1466,71
1755	23.07.2025 15:50:14	15,43	-0,07	0,09	0,16	1466,77
1756	23.07.2025 15:50:15	15,43	-0,07	0,08	0,13	1466,75
1757	23.07.2025 15:50:16	15,43	-0,05	0,11	0,18	1466,79
1758	23.07.2025 15:50:17	15,43	-0,07	0,09	0,16	1466,77
1759	23.07.2025 15:50:18	15,43	-0,07	0,06	0,10	1466,74
1760	23.07.2025 15:50:19	15,43	-0,05	0,11	0,18	1466,79
1761	23.07.2025 15:50:20	15,43	-0,07	0,09	0,16	1466,77
1762	23.07.2025 15:50:21	15,43	-0,07	0,09	0,16	1466,77
1763	23.07.2025 15:50:22	15,43	-0,05	0,09	0,16	1466,78
1764	23.07.2025 15:50:23	15,43	-0,07	0,08	0,13	1466,75
1765	23.07.2025 15:50:24	15,43	-0,07	0,08	0,13	1466,75
1766	23.07.2025 15:50:25	15,43	-0,07	0,14	0,24	1466,83
1767	23.07.2025 15:50:26	15,46	-0,05	0,12	0,21	1466,92
1768	23.07.2025 15:50:27	15,49	-0,05	0,09	0,16	1466,99
1769	23.07.2025 15:50:28	15,49	0,09	0,08	0,13	1466,99
1770	23.07.2025 15:50:29	15,52	0,09	0,08	0,13	1467,10
1771	23.07.2025 15:50:30	15,61	-0,07	0,08	0,13	1467,39
1772	23.07.2025 15:50:31	15,76	-0,07	0,19	0,32	1468,05
1773	23.07.2025 15:50:32	15,85	-0,10	0,14	0,24	1468,30
1774	23.07.2025 15:50:33	15,98	-0,10	0,09	0,16	1468,66
1775	23.07.2025 15:50:34	16,10	-0,07	0,09	0,16	1469,08
1776	23.07.2025 15:50:35	16,16	-0,10	0,09	0,16	1469,28
1777	23.07.2025 15:50:36	16,22	-0,08	0,25	0,43	1469,68
1778	23.07.2025 15:50:37	16,25	-0,08	0,14	0,24	1469,65
1779	23.07.2025 15:50:38	16,31	-0,08	0,22	0,38	1469,95
1780	23.07.2025 15:50:39	16,34	-0,08	0,15	0,27	1469,97
