#B	Created:	14.09.2025 15:56:45
##	Version	SeaStar	9.59
#5	Field separation:	0
#2	Date & Time:	1
#6	Decimal point:	,
#7	Date def.:	dd.mm.yyyy	.
#8	Time def.:	:
##	Axis	0	Temperature(°C)	clRed	FALSE
##	Axis	1	Pressure(Bar)	clBlue	FALSE
##	Axis	2	Salinity(psu)	clGreen	FALSE
##	Axis	3	Conductivity(mS/cm)	$00FF80FF	FALSE
##	Axis	4	Sound Velocity(m/sec)	$00404080	FALSE
##	Series	0	Temp(°C)	clRed	0	Temp(°C)	2
##	Series	1	Press(Bar)	clBlue	1	Press(Bar)	2
##	Series	2	Salinity(psu)	clGreen	2	Salinity(psu)	2
##	Series	3	Conduct(mS/cm)	$00FF80FF	3	Conduct(mS/cm)	2
##	Series	4	Sound Velocity(m/sec)	$00404080	4	Velocity(m/sec)	2
##	Recorder	93	DST CTD	13525
##	Chart	93S13525DAT	
#D	Data:	1388	14.09.2025 15:33:00	14.09.2025 15:56:07
1	14.09.2025 15:33:00	21,91	-0,10	0,34	0,65	1487,90
2	14.09.2025 15:33:01	21,91	-0,08	0,32	0,62	1487,88
3	14.09.2025 15:33:02	21,91	-0,08	0,32	0,62	1487,88
4	14.09.2025 15:33:03	21,91	-0,08	0,34	0,65	1487,90
5	14.09.2025 15:33:04	21,91	-0,08	0,32	0,62	1487,88
6	14.09.2025 15:33:05	21,91	-0,08	0,32	0,62	1487,88
7	14.09.2025 15:33:06	21,91	-0,08	0,34	0,65	1487,90
8	14.09.2025 15:33:07	21,91	-0,08	0,32	0,62	1487,88
9	14.09.2025 15:33:08	21,91	-0,08	0,32	0,62	1487,88
10	14.09.2025 15:33:09	21,91	-0,08	0,34	0,65	1487,90
11	14.09.2025 15:33:10	21,91	-0,08	0,34	0,65	1487,90
12	14.09.2025 15:33:11	21,91	-0,08	0,34	0,65	1487,90
13	14.09.2025 15:33:12	21,91	-0,08	0,32	0,62	1487,88
14	14.09.2025 15:33:13	21,91	-0,08	0,34	0,65	1487,90
15	14.09.2025 15:33:14	21,91	-0,08	0,32	0,62	1487,88
16	14.09.2025 15:33:15	21,91	-0,08	0,32	0,62	1487,88
17	14.09.2025 15:33:16	21,91	-0,08	0,34	0,65	1487,90
18	14.09.2025 15:33:17	21,91	-0,08	0,32	0,62	1487,88
19	14.09.2025 15:33:18	21,91	-0,08	0,32	0,62	1487,88
20	14.09.2025 15:33:19	21,91	-0,08	0,32	0,62	1487,88
21	14.09.2025 15:33:20	21,88	-0,08	0,32	0,62	1487,79
22	14.09.2025 15:33:21	21,91	-0,08	0,34	0,65	1487,90
23	14.09.2025 15:33:22	21,91	-0,08	0,32	0,62	1487,88
24	14.09.2025 15:33:23	21,88	-0,08	0,32	0,62	1487,79
25	14.09.2025 15:33:24	21,88	-0,08	0,32	0,62	1487,79
26	14.09.2025 15:33:25	21,91	-0,08	0,34	0,65	1487,90
27	14.09.2025 15:33:26	21,88	-0,08	0,32	0,62	1487,79
28	14.09.2025 15:33:27	21,88	-0,08	0,32	0,62	1487,79
29	14.09.2025 15:33:28	21,88	-0,08	0,34	0,65	1487,81
30	14.09.2025 15:33:29	21,88	-0,08	0,32	0,62	1487,79
31	14.09.2025 15:33:30	21,88	-0,08	0,32	0,62	1487,79
32	14.09.2025 15:33:31	21,88	-0,08	0,32	0,62	1487,79
33	14.09.2025 15:33:32	21,88	-0,08	0,32	0,62	1487,79
34	14.09.2025 15:33:33	21,88	-0,10	0,34	0,65	1487,81
35	14.09.2025 15:33:34	21,88	-0,08	0,32	0,62	1487,79
36	14.09.2025 15:33:35	21,88	-0,08	0,32	0,62	1487,79
37	14.09.2025 15:33:36	21,88	-0,08	0,32	0,62	1487,79
38	14.09.2025 15:33:37	21,88	-0,10	0,32	0,62	1487,79
39	14.09.2025 15:33:38	21,88	-0,08	0,32	0,62	1487,79
40	14.09.2025 15:33:39	21,88	-0,08	0,31	0,59	1487,78
41	14.09.2025 15:33:40	21,88	-0,08	0,32	0,62	1487,79
42	14.09.2025 15:33:41	21,88	-0,08	0,32	0,62	1487,79
43	14.09.2025 15:33:42	21,88	-0,08	0,32	0,62	1487,79
44	14.09.2025 15:33:43	21,88	-0,08	0,32	0,62	1487,79
45	14.09.2025 15:33:44	21,88	-0,08	0,32	0,62	1487,79
46	14.09.2025 15:33:45	21,88	-0,08	0,34	0,65	1487,81
47	14.09.2025 15:33:46	21,88	-0,06	0,32	0,62	1487,80
48	14.09.2025 15:33:47	21,88	-0,08	0,34	0,65	1487,81
49	14.09.2025 15:33:48	21,88	-0,08	0,32	0,62	1487,79
50	14.09.2025 15:33:49	21,88	-0,10	0,32	0,62	1487,79
51	14.09.2025 15:33:50	21,88	-0,06	0,32	0,62	1487,80
52	14.09.2025 15:33:51	21,88	-0,08	0,32	0,62	1487,79
53	14.09.2025 15:33:52	21,88	-0,08	0,31	0,59	1487,78
54	14.09.2025 15:33:53	21,88	-0,08	0,32	0,62	1487,79
55	14.09.2025 15:33:54	21,88	-0,08	0,20	0,39	1487,66
56	14.09.2025 15:33:55	21,88	-0,06	0,19	0,36	1487,64
57	14.09.2025 15:33:56	21,88	-0,08	0,16	0,30	1487,61
58	14.09.2025 15:33:57	21,88	-0,06	0,16	0,30	1487,61
59	14.09.2025 15:33:58	21,85	-0,08	0,14	0,27	1487,51
60	14.09.2025 15:33:59	21,85	-0,08	0,17	0,33	1487,54
61	14.09.2025 15:34:00	21,85	-0,06	0,16	0,30	1487,52
62	14.09.2025 15:34:01	21,85	-0,08	0,16	0,30	1487,52
63	14.09.2025 15:34:02	21,85	-0,06	0,16	0,30	1487,52
64	14.09.2025 15:34:03	21,85	-0,06	0,14	0,27	1487,51
65	14.09.2025 15:34:04	21,85	-0,08	0,14	0,27	1487,51
66	14.09.2025 15:34:05	21,85	-0,08	0,13	0,25	1487,49
67	14.09.2025 15:34:06	21,82	-0,08	0,14	0,27	1487,42
68	14.09.2025 15:34:07	21,82	-0,08	0,31	0,59	1487,60
69	14.09.2025 15:34:08	21,82	-0,08	0,17	0,33	1487,45
70	14.09.2025 15:34:09	21,82	-0,08	0,22	0,42	1487,50
71	14.09.2025 15:34:10	21,82	-0,08	0,16	0,30	1487,44
72	14.09.2025 15:34:11	21,82	-0,08	0,14	0,27	1487,42
73	14.09.2025 15:34:12	21,82	-0,08	0,19	0,36	1487,47
74	14.09.2025 15:34:13	21,82	-0,08	0,20	0,39	1487,49
75	14.09.2025 15:34:14	21,82	-0,08	0,19	0,36	1487,47
76	14.09.2025 15:34:15	21,82	-0,06	0,19	0,36	1487,47
77	14.09.2025 15:34:16	21,82	-0,06	0,17	0,33	1487,45
78	14.09.2025 15:34:17	21,82	-0,08	0,19	0,36	1487,47
79	14.09.2025 15:34:18	21,82	-0,08	0,17	0,33	1487,45
80	14.09.2025 15:34:19	21,82	-0,08	0,19	0,36	1487,47
81	14.09.2025 15:34:20	21,82	-0,08	0,19	0,36	1487,47
82	14.09.2025 15:34:21	21,82	-0,08	0,14	0,27	1487,42
83	14.09.2025 15:34:22	21,82	-0,08	0,13	0,25	1487,40
84	14.09.2025 15:34:23	21,82	-0,08	0,14	0,27	1487,42
85	14.09.2025 15:34:24	21,82	-0,08	0,20	0,39	1487,49
86	14.09.2025 15:34:25	21,82	-0,08	0,17	0,33	1487,45
87	14.09.2025 15:34:26	21,82	-0,10	0,13	0,25	1487,40
88	14.09.2025 15:34:27	21,82	-0,08	0,13	0,25	1487,40
89	14.09.2025 15:34:28	21,82	-0,08	0,13	0,25	1487,40
90	14.09.2025 15:34:29	21,82	-0,10	0,13	0,25	1487,40
91	14.09.2025 15:34:30	21,82	-0,08	0,13	0,25	1487,40
92	14.09.2025 15:34:31	21,82	-0,08	0,13	0,25	1487,40
93	14.09.2025 15:34:32	21,82	-0,08	0,13	0,25	1487,40
94	14.09.2025 15:34:33	21,82	-0,06	0,13	0,25	1487,41
95	14.09.2025 15:34:34	21,82	-0,08	0,11	0,22	1487,39
96	14.09.2025 15:34:35	21,82	-0,06	0,11	0,22	1487,39
97	14.09.2025 15:34:36	21,82	-0,08	0,11	0,22	1487,39
98	14.09.2025 15:34:37	21,82	-0,08	0,13	0,25	1487,40
99	14.09.2025 15:34:38	21,82	-0,08	0,13	0,25	1487,40
100	14.09.2025 15:34:39	21,82	-0,08	0,13	0,25	1487,40
101	14.09.2025 15:34:40	21,85	-0,06	0,13	0,25	1487,49
102	14.09.2025 15:34:41	21,85	-0,06	0,11	0,22	1487,48
103	14.09.2025 15:34:42	21,85	-0,08	0,11	0,22	1487,47
104	14.09.2025 15:34:43	21,85	-0,08	0,26	0,51	1487,64
105	14.09.2025 15:34:44	21,85	-0,10	0,20	0,39	1487,57
106	14.09.2025 15:34:45	21,85	-0,08	0,19	0,36	1487,56
107	14.09.2025 15:34:46	21,85	-0,06	0,17	0,33	1487,54
108	14.09.2025 15:34:47	21,85	-0,08	0,17	0,33	1487,54
109	14.09.2025 15:34:48	21,85	-0,08	0,17	0,33	1487,54
110	14.09.2025 15:34:49	21,85	-0,08	0,16	0,30	1487,52
111	14.09.2025 15:34:50	21,85	-0,06	0,17	0,33	1487,54
112	14.09.2025 15:34:51	21,85	-0,06	0,16	0,30	1487,52
113	14.09.2025 15:34:52	21,85	-0,08	0,16	0,30	1487,52
114	14.09.2025 15:34:53	21,85	-0,08	0,16	0,30	1487,52
115	14.09.2025 15:34:54	21,85	-0,06	0,16	0,30	1487,52
116	14.09.2025 15:34:55	21,85	-0,08	0,16	0,30	1487,52
117	14.09.2025 15:34:56	21,85	-0,08	0,14	0,27	1487,51
118	14.09.2025 15:34:57	21,85	-0,08	0,13	0,25	1487,49
119	14.09.2025 15:34:58	21,85	-0,06	0,13	0,25	1487,49
120	14.09.2025 15:34:59	21,85	-0,08	0,13	0,25	1487,49
121	14.09.2025 15:35:00	21,85	-0,08	0,11	0,22	1487,47
122	14.09.2025 15:35:01	21,85	-0,08	0,11	0,22	1487,47
123	14.09.2025 15:35:02	21,85	-0,08	0,11	0,22	1487,47
124	14.09.2025 15:35:03	21,85	-0,08	0,11	0,22	1487,47
125	14.09.2025 15:35:04	21,88	-0,06	0,11	0,22	1487,56
126	14.09.2025 15:35:05	21,88	-0,08	0,13	0,25	1487,58
127	14.09.2025 15:35:06	21,88	-0,08	0,13	0,25	1487,58
128	14.09.2025 15:35:07	21,88	-0,08	0,13	0,25	1487,58
129	14.09.2025 15:35:08	21,88	-0,08	0,13	0,25	1487,58
130	14.09.2025 15:35:09	21,88	-0,08	0,11	0,22	1487,56
131	14.09.2025 15:35:10	21,88	-0,08	0,16	0,30	1487,61
132	14.09.2025 15:35:11	21,88	-0,08	0,35	0,68	1487,83
133	14.09.2025 15:35:12	21,88	-0,08	0,31	0,59	1487,78
134	14.09.2025 15:35:13	21,88	-0,06	0,32	0,62	1487,80
135	14.09.2025 15:35:14	21,88	-0,08	0,29	0,56	1487,76
136	14.09.2025 15:35:15	21,88	-0,08	0,28	0,54	1487,74
137	14.09.2025 15:35:16	21,88	-0,08	0,28	0,54	1487,74
138	14.09.2025 15:35:17	21,88	-0,08	0,25	0,48	1487,71
139	14.09.2025 15:35:18	21,88	-0,08	0,25	0,48	1487,71
140	14.09.2025 15:35:19	21,88	-0,06	0,25	0,48	1487,71
141	14.09.2025 15:35:20	21,88	-0,08	0,25	0,48	1487,71
142	14.09.2025 15:35:21	21,88	-0,06	0,19	0,36	1487,64
143	14.09.2025 15:35:22	21,88	-0,08	0,19	0,36	1487,64
144	14.09.2025 15:35:23	21,88	-0,08	0,19	0,36	1487,64
145	14.09.2025 15:35:24	21,88	-0,06	0,19	0,36	1487,64
146	14.09.2025 15:35:25	21,88	-0,06	0,19	0,36	1487,64
147	14.09.2025 15:35:26	21,88	-0,08	0,19	0,36	1487,64
148	14.09.2025 15:35:27	21,91	-0,08	0,17	0,33	1487,71
149	14.09.2025 15:35:28	21,91	-0,08	0,16	0,30	1487,69
150	14.09.2025 15:35:29	21,91	-0,08	0,16	0,30	1487,69
151	14.09.2025 15:35:30	21,91	-0,08	0,17	0,33	1487,71
152	14.09.2025 15:35:31	21,91	-0,08	0,17	0,33	1487,71
153	14.09.2025 15:35:32	21,91	-0,06	0,19	0,36	1487,73
154	14.09.2025 15:35:33	21,91	-0,06	0,17	0,33	1487,71
155	14.09.2025 15:35:34	21,91	-0,08	0,17	0,33	1487,71
156	14.09.2025 15:35:35	21,91	-0,08	0,19	0,36	1487,73
157	14.09.2025 15:35:36	21,91	-0,08	0,17	0,33	1487,71
158	14.09.2025 15:35:37	21,94	-0,08	0,17	0,33	1487,80
159	14.09.2025 15:35:38	21,94	-0,08	0,19	0,36	1487,81
160	14.09.2025 15:35:39	21,94	-0,08	0,16	0,30	1487,78
161	14.09.2025 15:35:40	21,94	-0,10	0,14	0,27	1487,76
162	14.09.2025 15:35:41	21,94	-0,08	0,13	0,25	1487,75
163	14.09.2025 15:35:42	21,94	-0,08	0,13	0,25	1487,75
164	14.09.2025 15:35:43	21,94	-0,08	0,11	0,22	1487,73
165	14.09.2025 15:35:44	21,94	-0,08	0,11	0,22	1487,73
166	14.09.2025 15:35:45	21,94	-0,08	0,11	0,22	1487,73
167	14.09.2025 15:35:46	21,94	-0,08	0,16	0,30	1487,78
168	14.09.2025 15:35:47	21,94	-0,08	0,16	0,30	1487,78
169	14.09.2025 15:35:48	21,94	-0,08	0,14	0,27	1487,76
170	14.09.2025 15:35:49	21,94	-0,08	0,14	0,27	1487,76
171	14.09.2025 15:35:50	21,94	-0,08	0,13	0,25	1487,75
172	14.09.2025 15:35:51	21,94	-0,08	0,11	0,22	1487,73
173	14.09.2025 15:35:52	21,94	-0,08	0,11	0,22	1487,73
174	14.09.2025 15:35:53	21,96	-0,08	0,11	0,22	1487,82
175	14.09.2025 15:35:54	21,96	-0,08	0,11	0,22	1487,82
176	14.09.2025 15:35:55	21,96	-0,08	0,11	0,22	1487,82
177	14.09.2025 15:35:56	21,96	-0,10	0,13	0,25	1487,83
178	14.09.2025 15:35:57	21,96	-0,08	0,11	0,22	1487,82
179	14.09.2025 15:35:58	21,96	-0,08	0,13	0,25	1487,83
180	14.09.2025 15:35:59	21,96	-0,06	0,14	0,27	1487,85
181	14.09.2025 15:36:00	21,96	-0,08	0,37	0,71	1488,11
182	14.09.2025 15:36:01	21,96	-0,08	0,22	0,42	1487,93
183	14.09.2025 15:36:02	21,96	-0,08	0,22	0,42	1487,93
184	14.09.2025 15:36:03	21,96	-0,08	0,23	0,45	1487,95
185	14.09.2025 15:36:04	21,96	-0,08	0,32	0,62	1488,05
186	14.09.2025 15:36:05	21,96	-0,08	0,26	0,51	1487,98
187	14.09.2025 15:36:06	21,96	-0,08	0,35	0,68	1488,09
188	14.09.2025 15:36:07	21,96	-0,10	0,35	0,68	1488,09
189	14.09.2025 15:36:08	21,96	-0,08	0,25	0,48	1487,97
190	14.09.2025 15:36:09	21,96	-0,08	0,23	0,45	1487,95
191	14.09.2025 15:36:10	21,96	-0,08	0,19	0,36	1487,90
192	14.09.2025 15:36:11	21,96	-0,08	0,26	0,51	1487,98
193	14.09.2025 15:36:12	21,94	-0,08	0,32	0,62	1487,97
194	14.09.2025 15:36:13	21,94	-0,08	0,28	0,54	1487,92
195	14.09.2025 15:36:14	21,94	-0,08	0,31	0,59	1487,95
196	14.09.2025 15:36:15	21,94	-0,08	0,34	0,65	1487,98
197	14.09.2025 15:36:16	21,94	-0,08	0,37	0,71	1488,02
198	14.09.2025 15:36:17	21,94	-0,08	0,28	0,54	1487,92
199	14.09.2025 15:36:18	21,94	-0,10	0,28	0,54	1487,91
200	14.09.2025 15:36:19	21,94	-0,08	0,22	0,42	1487,85
201	14.09.2025 15:36:20	21,94	-0,08	0,20	0,39	1487,83
202	14.09.2025 15:36:21	21,94	-0,08	0,19	0,36	1487,81
203	14.09.2025 15:36:22	21,94	-0,08	0,20	0,39	1487,83
204	14.09.2025 15:36:23	21,94	-0,10	0,20	0,39	1487,83
205	14.09.2025 15:36:24	21,94	-0,10	0,17	0,33	1487,79
206	14.09.2025 15:36:25	21,94	-0,08	0,22	0,42	1487,85
207	14.09.2025 15:36:26	21,94	-0,08	0,20	0,39	1487,83
208	14.09.2025 15:36:27	21,94	-0,10	0,19	0,36	1487,81
209	14.09.2025 15:36:28	21,94	-0,10	0,17	0,33	1487,79
210	14.09.2025 15:36:29	21,94	-0,08	0,19	0,36	1487,81
211	14.09.2025 15:36:30	21,94	-0,08	0,22	0,42	1487,85
212	14.09.2025 15:36:31	21,94	-0,08	0,29	0,56	1487,93
213	14.09.2025 15:36:32	21,94	-0,10	0,50	0,94	1488,16
214	14.09.2025 15:36:33	21,94	-0,08	0,46	0,88	1488,12
215	14.09.2025 15:36:34	21,94	-0,08	0,45	0,86	1488,11
216	14.09.2025 15:36:35	21,94	-0,10	0,32	0,62	1487,96
217	14.09.2025 15:36:36	21,94	-0,12	0,46	0,88	1488,12
218	14.09.2025 15:36:37	21,91	-0,08	0,48	0,91	1488,06
219	14.09.2025 15:36:38	21,91	-0,10	0,40	0,77	1487,97
220	14.09.2025 15:36:39	21,91	-0,08	0,35	0,68	1487,92
221	14.09.2025 15:36:40	21,91	-0,08	0,40	0,77	1487,97
222	14.09.2025 15:36:41	21,91	-0,08	0,35	0,68	1487,92
223	14.09.2025 15:36:42	21,91	-0,08	0,39	0,74	1487,95
224	14.09.2025 15:36:43	21,91	-0,08	0,39	0,74	1487,95
225	14.09.2025 15:36:44	21,91	-0,08	0,37	0,71	1487,93
226	14.09.2025 15:36:45	21,94	-0,08	0,39	0,74	1488,04
227	14.09.2025 15:36:46	21,91	-0,08	0,35	0,68	1487,92
228	14.09.2025 15:36:47	21,94	-0,08	0,37	0,71	1488,02
229	14.09.2025 15:36:48	21,91	-0,10	0,37	0,71	1487,93
230	14.09.2025 15:36:49	21,91	-0,08	0,37	0,71	1487,93
231	14.09.2025 15:36:50	21,94	-0,08	0,40	0,77	1488,05
232	14.09.2025 15:36:51	21,94	-0,10	0,37	0,71	1488,02
233	14.09.2025 15:36:52	21,94	-0,08	0,40	0,77	1488,05
234	14.09.2025 15:36:53	21,94	-0,08	0,37	0,71	1488,02
235	14.09.2025 15:36:54	21,94	-0,08	0,39	0,74	1488,04
236	14.09.2025 15:36:55	21,94	-0,08	0,39	0,74	1488,04
237	14.09.2025 15:36:56	21,94	-0,08	0,37	0,71	1488,02
238	14.09.2025 15:36:57	21,94	-0,08	0,40	0,77	1488,05
239	14.09.2025 15:36:58	21,94	-0,08	0,37	0,71	1488,02
240	14.09.2025 15:36:59	21,94	-0,10	0,39	0,74	1488,03
241	14.09.2025 15:37:00	21,94	-0,10	0,37	0,71	1488,02
242	14.09.2025 15:37:01	21,94	-0,08	0,39	0,74	1488,04
243	14.09.2025 15:37:02	21,94	-0,08	0,39	0,74	1488,04
244	14.09.2025 15:37:03	21,94	-0,08	0,37	0,71	1488,02
245	14.09.2025 15:37:04	21,94	-0,08	0,40	0,77	1488,05
246	14.09.2025 15:37:05	21,94	-0,10	0,37	0,71	1488,02
247	14.09.2025 15:37:06	21,94	-0,08	0,39	0,74	1488,04
248	14.09.2025 15:37:07	21,94	-0,08	0,39	0,74	1488,04
249	14.09.2025 15:37:08	21,94	-0,10	0,35	0,68	1488,00
250	14.09.2025 15:37:09	21,94	-0,08	0,39	0,74	1488,04
251	14.09.2025 15:37:10	21,94	-0,10	0,37	0,71	1488,02
252	14.09.2025 15:37:11	21,94	-0,08	0,39	0,74	1488,04
253	14.09.2025 15:37:12	21,94	-0,08	0,39	0,74	1488,04
254	14.09.2025 15:37:13	21,94	-0,10	0,35	0,68	1488,00
255	14.09.2025 15:37:14	21,94	-0,10	0,39	0,74	1488,03
256	14.09.2025 15:37:15	21,96	-0,10	0,35	0,68	1488,09
257	14.09.2025 15:37:16	21,96	-0,08	0,38	0,74	1488,12
258	14.09.2025 15:37:17	21,94	-0,10	0,37	0,71	1488,02
259	14.09.2025 15:37:18	21,96	-0,08	0,37	0,71	1488,11
260	14.09.2025 15:37:19	21,94	-0,10	0,39	0,74	1488,03
261	14.09.2025 15:37:20	21,94	-0,08	0,37	0,71	1488,02
262	14.09.2025 15:37:21	21,96	-0,08	0,38	0,74	1488,12
263	14.09.2025 15:37:22	21,96	-0,08	0,37	0,71	1488,11
264	14.09.2025 15:37:23	21,96	-0,10	0,37	0,71	1488,10
265	14.09.2025 15:37:24	21,96	-0,08	0,38	0,74	1488,12
266	14.09.2025 15:37:25	21,96	-0,10	0,37	0,71	1488,10
267	14.09.2025 15:37:26	21,96	-0,10	0,40	0,77	1488,14
268	14.09.2025 15:37:27	21,96	-0,10	0,37	0,71	1488,10
269	14.09.2025 15:37:28	21,96	-0,08	0,38	0,74	1488,12
270	14.09.2025 15:37:29	21,96	-0,10	0,38	0,74	1488,12
271	14.09.2025 15:37:30	21,96	-0,08	0,37	0,71	1488,11
272	14.09.2025 15:37:31	21,96	-0,10	0,37	0,71	1488,10
273	14.09.2025 15:37:32	21,96	-0,08	0,38	0,74	1488,12
274	14.09.2025 15:37:33	21,96	-0,08	0,38	0,74	1488,12
275	14.09.2025 15:37:34	21,96	-0,08	0,37	0,71	1488,11
276	14.09.2025 15:37:35	21,96	-0,10	0,38	0,74	1488,12
277	14.09.2025 15:37:36	21,96	-0,08	0,37	0,71	1488,11
278	14.09.2025 15:37:37	21,96	-0,08	0,35	0,68	1488,09
279	14.09.2025 15:37:38	21,96	-0,10	0,34	0,65	1488,07
280	14.09.2025 15:37:39	21,96	-0,10	0,34	0,65	1488,07
281	14.09.2025 15:37:40	21,96	-0,10	0,38	0,74	1488,12
282	14.09.2025 15:37:41	21,96	-0,08	0,35	0,68	1488,09
283	14.09.2025 15:37:42	21,96	-0,10	0,38	0,74	1488,12
284	14.09.2025 15:37:43	21,96	-0,08	0,38	0,74	1488,12
285	14.09.2025 15:37:44	21,96	-0,10	0,38	0,74	1488,12
286	14.09.2025 15:37:45	21,99	-0,10	0,42	0,80	1488,24
287	14.09.2025 15:37:46	21,99	-0,08	0,42	0,80	1488,24
288	14.09.2025 15:37:47	21,99	-0,10	0,42	0,80	1488,24
289	14.09.2025 15:37:48	21,99	-0,08	0,40	0,77	1488,23
290	14.09.2025 15:37:49	21,99	-0,10	0,40	0,77	1488,22
291	14.09.2025 15:37:50	21,99	-0,08	0,40	0,77	1488,23
292	14.09.2025 15:37:51	21,99	-0,10	0,42	0,80	1488,24
293	14.09.2025 15:37:52	21,99	-0,08	0,42	0,80	1488,24
294	14.09.2025 15:37:53	21,99	-0,08	0,42	0,80	1488,24
295	14.09.2025 15:37:54	21,99	-0,08	0,40	0,77	1488,23
296	14.09.2025 15:37:55	21,99	-0,10	0,32	0,62	1488,14
297	14.09.2025 15:37:56	22,02	-0,08	0,35	0,68	1488,26
298	14.09.2025 15:37:57	22,02	-0,10	0,32	0,62	1488,22
299	14.09.2025 15:37:58	22,02	-0,08	0,34	0,65	1488,24
300	14.09.2025 15:37:59	22,02	-0,08	0,35	0,68	1488,26
301	14.09.2025 15:38:00	22,02	-0,10	0,35	0,68	1488,26
302	14.09.2025 15:38:01	22,05	-0,08	0,34	0,65	1488,33
303	14.09.2025 15:38:02	22,05	-0,08	0,34	0,65	1488,33
304	14.09.2025 15:38:03	22,05	-0,08	0,32	0,62	1488,31
305	14.09.2025 15:38:04	22,05	-0,08	0,32	0,62	1488,31
306	14.09.2025 15:38:05	22,05	-0,10	0,34	0,65	1488,33
307	14.09.2025 15:38:06	22,05	-0,10	0,34	0,65	1488,33
308	14.09.2025 15:38:07	22,05	-0,08	0,35	0,68	1488,35
309	14.09.2025 15:38:08	22,08	-0,10	0,35	0,68	1488,43
310	14.09.2025 15:38:09	22,08	-0,08	0,35	0,68	1488,43
311	14.09.2025 15:38:10	22,08	-0,10	0,35	0,68	1488,43
312	14.09.2025 15:38:11	22,08	-0,08	0,34	0,65	1488,41
313	14.09.2025 15:38:12	22,08	-0,10	0,34	0,65	1488,41
314	14.09.2025 15:38:13	22,08	-0,10	0,34	0,65	1488,41
315	14.09.2025 15:38:14	22,08	-0,10	0,34	0,65	1488,41
316	14.09.2025 15:38:15	22,08	-0,10	0,32	0,62	1488,39
317	14.09.2025 15:38:16	22,11	-0,06	0,34	0,65	1488,50
318	14.09.2025 15:38:17	22,11	-0,08	0,34	0,65	1488,50
319	14.09.2025 15:38:18	22,11	-0,08	0,34	0,65	1488,50
320	14.09.2025 15:38:19	22,11	-0,08	0,32	0,62	1488,48
321	14.09.2025 15:38:20	22,11	-0,08	0,32	0,62	1488,48
322	14.09.2025 15:38:21	22,11	-0,08	0,32	0,62	1488,48
323	14.09.2025 15:38:22	22,11	-0,08	0,32	0,62	1488,48
324	14.09.2025 15:38:23	22,11	-0,08	0,34	0,65	1488,50
325	14.09.2025 15:38:24	22,11	-0,08	0,32	0,62	1488,48
326	14.09.2025 15:38:25	22,11	-0,06	0,31	0,59	1488,47
327	14.09.2025 15:38:26	22,11	-0,08	0,29	0,56	1488,45
328	14.09.2025 15:38:27	22,11	-0,08	0,31	0,59	1488,47
329	14.09.2025 15:38:28	22,11	-0,08	0,31	0,59	1488,47
330	14.09.2025 15:38:29	22,11	-0,08	0,29	0,56	1488,45
331	14.09.2025 15:38:30	22,11	-0,08	0,31	0,59	1488,47
332	14.09.2025 15:38:31	22,11	-0,08	0,29	0,56	1488,45
333	14.09.2025 15:38:32	22,11	-0,08	0,26	0,51	1488,41
334	14.09.2025 15:38:33	22,11	-0,08	0,23	0,45	1488,38
335	14.09.2025 15:38:34	22,11	-0,08	0,21	0,42	1488,36
336	14.09.2025 15:38:35	22,11	-0,10	0,23	0,45	1488,38
337	14.09.2025 15:38:36	22,11	-0,10	0,23	0,45	1488,38
338	14.09.2025 15:38:37	22,11	-0,08	0,25	0,48	1488,40
339	14.09.2025 15:38:38	22,11	-0,08	0,25	0,48	1488,40
340	14.09.2025 15:38:39	22,11	-0,08	0,25	0,48	1488,40
341	14.09.2025 15:38:40	22,11	-0,08	0,25	0,48	1488,40
342	14.09.2025 15:38:41	22,11	-0,08	0,25	0,48	1488,40
343	14.09.2025 15:38:42	22,11	-0,06	0,26	0,51	1488,42
344	14.09.2025 15:38:43	22,11	-0,08	0,23	0,45	1488,38
345	14.09.2025 15:38:44	22,11	-0,06	0,23	0,45	1488,38
346	14.09.2025 15:38:45	22,11	-0,06	0,21	0,42	1488,37
347	14.09.2025 15:38:46	22,11	-0,08	0,21	0,42	1488,36
348	14.09.2025 15:38:47	22,11	-0,08	0,21	0,42	1488,36
349	14.09.2025 15:38:48	22,11	-0,08	0,21	0,42	1488,36
350	14.09.2025 15:38:49	22,11	-0,08	0,21	0,42	1488,36
351	14.09.2025 15:38:50	22,11	-0,08	0,21	0,42	1488,36
352	14.09.2025 15:38:51	22,11	-0,08	0,21	0,42	1488,36
353	14.09.2025 15:38:52	22,11	-0,08	0,21	0,42	1488,36
354	14.09.2025 15:38:53	22,11	-0,08	0,21	0,42	1488,36
355	14.09.2025 15:38:54	22,11	-0,08	0,21	0,42	1488,36
356	14.09.2025 15:38:55	22,11	-0,08	0,23	0,45	1488,38
357	14.09.2025 15:38:56	22,11	-0,06	0,21	0,42	1488,37
358	14.09.2025 15:38:57	22,11	-0,06	0,21	0,42	1488,37
359	14.09.2025 15:38:58	22,11	-0,08	0,21	0,42	1488,36
360	14.09.2025 15:38:59	22,11	-0,08	0,21	0,42	1488,36
361	14.09.2025 15:39:00	22,11	-0,10	0,21	0,42	1488,36
362	14.09.2025 15:39:01	22,11	-0,06	0,21	0,42	1488,37
363	14.09.2025 15:39:02	22,11	-0,08	0,23	0,45	1488,38
364	14.09.2025 15:39:03	22,11	-0,06	0,21	0,42	1488,37
365	14.09.2025 15:39:04	22,11	-0,06	0,21	0,42	1488,37
366	14.09.2025 15:39:05	22,08	-0,08	0,23	0,45	1488,30
367	14.09.2025 15:39:06	22,08	-0,10	0,23	0,45	1488,29
368	14.09.2025 15:39:07	22,08	-0,10	0,22	0,42	1488,28
369	14.09.2025 15:39:08	22,08	-0,10	0,23	0,45	1488,29
370	14.09.2025 15:39:09	22,08	-0,10	0,23	0,45	1488,29
371	14.09.2025 15:39:10	22,08	-0,08	0,23	0,45	1488,30
372	14.09.2025 15:39:11	22,08	-0,08	0,23	0,45	1488,30
373	14.09.2025 15:39:12	22,08	-0,10	0,22	0,42	1488,28
374	14.09.2025 15:39:13	22,08	-0,08	0,22	0,42	1488,28
375	14.09.2025 15:39:14	22,08	-0,10	0,23	0,45	1488,29
376	14.09.2025 15:39:15	22,08	-0,10	0,22	0,42	1488,28
377	14.09.2025 15:39:16	22,08	-0,10	0,22	0,42	1488,28
378	14.09.2025 15:39:17	22,08	-0,08	0,22	0,42	1488,28
379	14.09.2025 15:39:18	22,08	-0,08	0,23	0,45	1488,30
380	14.09.2025 15:39:19	22,08	-0,10	0,23	0,45	1488,29
381	14.09.2025 15:39:20	22,08	-0,10	0,23	0,45	1488,29
382	14.09.2025 15:39:21	22,08	-0,08	0,23	0,45	1488,30
383	14.09.2025 15:39:22	22,08	-0,08	0,23	0,45	1488,30
384	14.09.2025 15:39:23	22,08	-0,08	0,32	0,62	1488,40
385	14.09.2025 15:39:24	22,08	-0,08	0,26	0,51	1488,33
386	14.09.2025 15:39:25	22,08	-0,08	0,31	0,59	1488,38
387	14.09.2025 15:39:26	22,08	-0,10	0,26	0,51	1488,33
388	14.09.2025 15:39:27	22,05	-0,10	0,31	0,59	1488,29
389	14.09.2025 15:39:28	22,05	-0,08	0,35	0,68	1488,35
390	14.09.2025 15:39:29	22,05	-0,08	0,25	0,48	1488,23
391	14.09.2025 15:39:30	22,05	-0,08	0,17	0,33	1488,14
392	14.09.2025 15:39:31	22,05	-0,08	0,46	0,88	1488,47
393	14.09.2025 15:39:32	22,05	-0,08	0,49	0,94	1488,50
394	14.09.2025 15:39:33	22,05	-0,08	0,34	0,65	1488,33
395	14.09.2025 15:39:34	22,05	-0,08	0,40	0,77	1488,40
396	14.09.2025 15:39:35	22,05	-0,08	0,38	0,74	1488,38
397	14.09.2025 15:39:36	22,05	-0,08	0,25	0,48	1488,23
398	14.09.2025 15:39:37	22,05	-0,08	4,79	8,09	1493,28
399	14.09.2025 15:39:38	21,96	-0,22	27,09	39,70	1517,88
400	14.09.2025 15:39:39	21,70	-0,10	27,24	39,67	1517,35
401	14.09.2025 15:39:40	21,53	-0,10	27,11	39,35	1516,73
402	14.09.2025 15:39:41	21,32	-0,10	27,23	39,35	1516,31
403	14.09.2025 15:39:42	21,15	-0,05	27,30	39,29	1515,91
404	14.09.2025 15:39:43	21,00	-0,06	27,39	39,29	1515,61
405	14.09.2025 15:39:44	20,88	-0,01	27,44	39,26	1515,35
406	14.09.2025 15:39:45	20,77	-0,03	27,51	39,25	1515,11
407	14.09.2025 15:39:46	20,71	-0,03	27,55	39,25	1514,99
408	14.09.2025 15:39:47	20,65	-0,05	27,35	38,94	1514,59
409	14.09.2025 15:39:48	20,59	-0,03	22,99	33,26	1509,52
410	14.09.2025 15:39:49	20,56	-0,03	4,95	8,09	1489,06
411	14.09.2025 15:39:50	20,53	-0,03	3,60	6,00	1487,44
412	14.09.2025 15:39:51	20,53	-0,03	0,30	0,56	1483,72
413	14.09.2025 15:39:52	20,50	-0,05	26,56	37,81	1513,30
414	14.09.2025 15:39:53	20,44	-0,05	27,72	39,25	1514,44
415	14.09.2025 15:39:54	20,42	-0,05	27,71	39,22	1514,36
416	14.09.2025 15:39:55	20,39	-0,05	27,73	39,22	1514,29
417	14.09.2025 15:39:56	20,36	-0,03	27,75	39,22	1514,24
418	14.09.2025 15:39:57	20,33	-0,03	27,77	39,22	1514,18
419	14.09.2025 15:39:58	20,30	-0,03	27,81	39,25	1514,14
420	14.09.2025 15:39:59	20,24	-0,03	27,83	39,22	1513,99
421	14.09.2025 15:40:00	20,24	-0,03	27,83	39,22	1513,99
422	14.09.2025 15:40:01	20,21	-0,01	27,87	39,24	1513,96
423	14.09.2025 15:40:02	20,18	-0,03	27,87	39,22	1513,87
424	14.09.2025 15:40:03	20,15	-0,03	27,88	39,22	1513,81
425	14.09.2025 15:40:04	20,12	-0,03	27,93	39,24	1513,77
426	14.09.2025 15:40:05	20,09	-0,05	27,94	39,24	1513,71
427	14.09.2025 15:40:06	20,09	-0,05	27,94	39,24	1513,71
428	14.09.2025 15:40:07	20,06	-0,03	27,96	39,24	1513,65
429	14.09.2025 15:40:08	20,03	-0,03	27,96	39,21	1513,56
430	14.09.2025 15:40:09	20,03	-0,05	27,98	39,24	1513,59
431	14.09.2025 15:40:10	20,00	-0,05	28,00	39,24	1513,52
432	14.09.2025 15:40:11	19,97	-0,05	28,02	39,24	1513,46
433	14.09.2025 15:40:12	19,97	-0,03	28,02	39,24	1513,47
434	14.09.2025 15:40:13	19,95	-0,05	28,04	39,24	1513,40
435	14.09.2025 15:40:14	19,95	-0,03	28,04	39,24	1513,40
436	14.09.2025 15:40:15	19,92	-0,05	28,06	39,24	1513,34
437	14.09.2025 15:40:16	19,92	-0,03	28,06	39,24	1513,34
438	14.09.2025 15:40:17	19,89	-0,05	28,08	39,24	1513,28
439	14.09.2025 15:40:18	19,89	-0,03	28,08	39,24	1513,28
440	14.09.2025 15:40:19	19,89	-0,03	28,08	39,24	1513,28
441	14.09.2025 15:40:20	19,86	-0,03	28,10	39,24	1513,22
442	14.09.2025 15:40:21	19,86	-0,03	28,10	39,24	1513,22
443	14.09.2025 15:40:22	19,83	-0,03	28,12	39,24	1513,16
444	14.09.2025 15:40:23	19,83	-0,01	28,12	39,24	1513,16
445	14.09.2025 15:40:24	19,83	-0,03	28,12	39,24	1513,16
446	14.09.2025 15:40:25	19,80	-0,03	28,16	39,27	1513,12
447	14.09.2025 15:40:26	19,80	-0,03	28,14	39,24	1513,10
448	14.09.2025 15:40:27	19,80	-0,03	28,14	39,24	1513,10
449	14.09.2025 15:40:28	19,77	-0,05	28,15	39,24	1513,03
450	14.09.2025 15:40:29	19,77	-0,03	28,18	39,26	1513,06
451	14.09.2025 15:40:30	19,77	-0,05	28,15	39,24	1513,03
452	14.09.2025 15:40:31	19,74	-0,03	28,20	39,26	1513,00
453	14.09.2025 15:40:32	19,74	-0,03	28,20	39,26	1513,00
454	14.09.2025 15:40:33	19,74	-0,03	28,17	39,24	1512,97
455	14.09.2025 15:40:34	19,71	-0,01	28,19	39,24	1512,91
456	14.09.2025 15:40:35	19,71	0,01	28,19	39,24	1512,92
457	14.09.2025 15:40:36	19,71	0,01	28,19	39,24	1512,92
458	14.09.2025 15:40:37	19,71	0,03	28,19	39,24	1512,92
459	14.09.2025 15:40:38	19,68	0,03	28,21	39,23	1512,86
460	14.09.2025 15:40:39	19,68	0,04	28,21	39,23	1512,86
461	14.09.2025 15:40:40	19,68	0,06	28,24	39,26	1512,89
462	14.09.2025 15:40:41	19,68	0,08	28,24	39,26	1512,89
463	14.09.2025 15:40:42	19,65	0,08	28,25	39,26	1512,83
464	14.09.2025 15:40:43	19,65	0,08	28,25	39,26	1512,83
465	14.09.2025 15:40:44	19,65	0,12	28,23	39,23	1512,81
466	14.09.2025 15:40:45	19,65	0,12	28,23	39,23	1512,81
467	14.09.2025 15:40:46	19,62	0,13	28,25	39,23	1512,75
468	14.09.2025 15:40:47	19,62	0,13	28,25	39,23	1512,75
469	14.09.2025 15:40:48	19,62	0,17	28,25	39,23	1512,76
470	14.09.2025 15:40:49	19,62	0,17	28,25	39,23	1512,76
471	14.09.2025 15:40:50	19,62	0,21	28,25	39,23	1512,76
472	14.09.2025 15:40:51	19,59	0,21	28,27	39,23	1512,70
473	14.09.2025 15:40:52	19,59	0,21	28,27	39,23	1512,70
474	14.09.2025 15:40:53	19,59	0,22	28,29	39,26	1512,73
475	14.09.2025 15:40:54	19,59	0,21	28,27	39,23	1512,70
476	14.09.2025 15:40:55	19,59	0,22	28,29	39,26	1512,73
477	14.09.2025 15:40:56	19,56	0,22	28,29	39,23	1512,64
478	14.09.2025 15:40:57	19,56	0,24	28,29	39,23	1512,65
479	14.09.2025 15:40:58	19,56	0,24	28,29	39,23	1512,65
480	14.09.2025 15:40:59	19,56	0,26	28,29	39,23	1512,65
481	14.09.2025 15:41:00	19,56	0,28	28,29	39,23	1512,65
482	14.09.2025 15:41:01	19,56	0,30	28,29	39,23	1512,65
483	14.09.2025 15:41:02	19,53	0,30	28,31	39,23	1512,59
484	14.09.2025 15:41:03	19,53	0,30	28,31	39,23	1512,59
485	14.09.2025 15:41:04	19,53	0,30	28,26	39,18	1512,54
486	14.09.2025 15:41:05	19,53	0,33	28,24	39,15	1512,52
487	14.09.2025 15:41:06	19,50	0,35	28,31	39,20	1512,51
488	14.09.2025 15:41:07	19,50	0,35	28,31	39,20	1512,51
489	14.09.2025 15:41:08	19,50	0,35	28,28	39,18	1512,49
490	14.09.2025 15:41:09	19,47	0,37	28,30	39,17	1512,43
491	14.09.2025 15:41:10	19,47	0,38	28,30	39,17	1512,43
492	14.09.2025 15:41:11	19,47	0,40	28,33	39,20	1512,46
493	14.09.2025 15:41:12	19,47	0,44	28,35	39,23	1512,49
494	14.09.2025 15:41:13	19,47	0,42	28,33	39,20	1512,46
495	14.09.2025 15:41:14	19,47	0,46	28,28	39,15	1512,42
496	14.09.2025 15:41:15	19,45	0,42	28,30	39,15	1512,35
497	14.09.2025 15:41:16	19,45	0,46	28,30	39,15	1512,35
498	14.09.2025 15:41:17	19,45	0,46	28,28	39,12	1512,33
499	14.09.2025 15:41:18	19,42	0,47	28,34	39,17	1512,32
500	14.09.2025 15:41:19	19,42	0,50	28,34	39,17	1512,32
501	14.09.2025 15:41:20	19,42	0,52	28,36	39,20	1512,35
502	14.09.2025 15:41:21	19,42	0,52	28,30	39,12	1512,28
503	14.09.2025 15:41:22	19,42	0,53	28,30	39,12	1512,28
504	14.09.2025 15:41:23	19,42	0,55	28,30	39,12	1512,28
505	14.09.2025 15:41:24	19,39	0,59	28,29	39,09	1512,20
506	14.09.2025 15:41:25	19,39	0,60	28,27	39,06	1512,17
507	14.09.2025 15:41:26	19,36	0,62	28,33	39,12	1512,17
508	14.09.2025 15:41:27	19,36	0,66	28,33	39,12	1512,17
509	14.09.2025 15:41:28	19,36	0,67	28,29	39,06	1512,12
510	14.09.2025 15:41:29	19,33	0,69	28,29	39,03	1512,04
511	14.09.2025 15:41:30	19,33	0,71	28,29	39,03	1512,04
512	14.09.2025 15:41:31	19,30	0,73	28,31	39,03	1511,98
513	14.09.2025 15:41:32	19,30	0,73	28,31	39,03	1511,98
514	14.09.2025 15:41:33	19,27	0,72	28,33	39,03	1511,92
515	14.09.2025 15:41:34	19,27	0,72	28,33	39,03	1511,92
516	14.09.2025 15:41:35	19,27	0,74	28,33	39,03	1511,92
517	14.09.2025 15:41:36	19,27	0,74	28,33	39,03	1511,92
518	14.09.2025 15:41:37	19,24	0,74	28,34	39,03	1511,86
519	14.09.2025 15:41:38	19,24	0,72	28,37	39,06	1511,88
520	14.09.2025 15:41:39	19,24	0,72	28,34	39,03	1511,86
521	14.09.2025 15:41:40	19,24	0,74	28,34	39,03	1511,86
522	14.09.2025 15:41:41	19,24	0,76	28,34	39,03	1511,86
523	14.09.2025 15:41:42	19,24	0,79	28,32	39,00	1511,84
524	14.09.2025 15:41:43	19,21	0,81	28,34	39,00	1511,78
525	14.09.2025 15:41:44	19,21	0,83	28,34	39,00	1511,78
526	14.09.2025 15:41:45	19,18	0,84	28,34	38,97	1511,70
527	14.09.2025 15:41:46	19,18	0,86	28,34	38,97	1511,70
528	14.09.2025 15:41:47	19,15	0,86	28,36	38,97	1511,64
529	14.09.2025 15:41:48	19,15	0,88	28,36	38,97	1511,64
530	14.09.2025 15:41:49	19,15	0,90	28,36	38,97	1511,64
531	14.09.2025 15:41:50	19,15	0,90	28,36	38,97	1511,64
532	14.09.2025 15:41:51	19,12	0,91	28,38	38,97	1511,58
533	14.09.2025 15:41:52	19,12	0,89	28,38	38,97	1511,58
534	14.09.2025 15:41:53	19,12	0,91	28,38	38,97	1511,58
535	14.09.2025 15:41:54	19,12	0,91	28,38	38,97	1511,58
536	14.09.2025 15:41:55	19,12	0,91	28,38	38,97	1511,58
537	14.09.2025 15:41:56	19,09	0,93	28,40	38,97	1511,52
538	14.09.2025 15:41:57	19,09	0,93	28,40	38,97	1511,52
539	14.09.2025 15:41:58	19,09	0,93	28,37	38,94	1511,50
540	14.09.2025 15:41:59	19,09	0,93	28,40	38,97	1511,52
541	14.09.2025 15:42:00	19,09	0,93	28,40	38,97	1511,52
542	14.09.2025 15:42:01	19,09	0,93	28,40	38,97	1511,52
543	14.09.2025 15:42:02	19,06	0,95	28,42	38,97	1511,46
544	14.09.2025 15:42:03	19,06	0,93	28,42	38,97	1511,46
545	14.09.2025 15:42:04	19,06	0,95	28,39	38,94	1511,44
546	14.09.2025 15:42:05	19,06	0,95	28,42	38,97	1511,46
547	14.09.2025 15:42:06	19,06	0,93	28,42	38,97	1511,46
548	14.09.2025 15:42:07	19,06	0,96	28,42	38,97	1511,46
549	14.09.2025 15:42:08	19,06	0,95	28,42	38,97	1511,46
550	14.09.2025 15:42:09	19,06	0,96	28,42	38,97	1511,46
551	14.09.2025 15:42:10	19,03	0,96	28,44	38,97	1511,40
552	14.09.2025 15:42:11	19,03	0,96	28,41	38,94	1511,38
553	14.09.2025 15:42:12	19,03	0,96	28,41	38,94	1511,38
554	14.09.2025 15:42:13	19,03	1,00	28,41	38,94	1511,38
555	14.09.2025 15:42:14	19,03	1,00	28,41	38,94	1511,38
556	14.09.2025 15:42:15	19,03	1,00	28,41	38,94	1511,38
557	14.09.2025 15:42:16	19,00	1,01	28,43	38,94	1511,32
558	14.09.2025 15:42:17	19,00	1,03	28,43	38,94	1511,32
559	14.09.2025 15:42:18	19,00	1,01	28,43	38,94	1511,32
560	14.09.2025 15:42:19	19,00	1,03	28,41	38,91	1511,30
561	14.09.2025 15:42:20	19,00	1,03	28,41	38,91	1511,30
562	14.09.2025 15:42:21	18,97	1,05	28,43	38,91	1511,24
563	14.09.2025 15:42:22	18,97	1,05	28,43	38,91	1511,24
564	14.09.2025 15:42:23	18,97	1,05	28,43	38,91	1511,24
565	14.09.2025 15:42:24	18,97	1,07	28,43	38,91	1511,24
566	14.09.2025 15:42:25	18,97	1,07	28,43	38,91	1511,24
567	14.09.2025 15:42:26	18,97	1,07	28,43	38,91	1511,24
568	14.09.2025 15:42:27	18,97	1,07	28,43	38,91	1511,24
569	14.09.2025 15:42:28	18,94	1,06	28,47	38,94	1511,20
570	14.09.2025 15:42:29	18,94	1,08	28,45	38,91	1511,18
571	14.09.2025 15:42:30	18,94	1,08	28,45	38,91	1511,18
572	14.09.2025 15:42:31	18,94	1,08	28,45	38,91	1511,18
573	14.09.2025 15:42:32	18,94	1,10	28,45	38,91	1511,18
574	14.09.2025 15:42:33	18,94	1,10	28,45	38,91	1511,18
575	14.09.2025 15:42:34	18,94	1,12	28,45	38,91	1511,18
576	14.09.2025 15:42:35	18,94	1,14	28,45	38,91	1511,19
577	14.09.2025 15:42:36	18,94	1,14	28,45	38,91	1511,19
578	14.09.2025 15:42:37	18,94	1,15	28,45	38,91	1511,19
579	14.09.2025 15:42:38	18,94	1,15	28,47	38,94	1511,22
580	14.09.2025 15:42:39	18,91	1,17	28,47	38,91	1511,13
581	14.09.2025 15:42:40	18,91	1,19	28,47	38,91	1511,13
582	14.09.2025 15:42:41	18,91	1,21	28,47	38,91	1511,14
583	14.09.2025 15:42:42	18,91	1,21	28,47	38,91	1511,14
584	14.09.2025 15:42:43	18,91	1,21	28,47	38,91	1511,14
585	14.09.2025 15:42:44	18,91	1,24	28,47	38,91	1511,14
586	14.09.2025 15:42:45	18,91	1,24	28,47	38,91	1511,14
587	14.09.2025 15:42:46	18,91	1,26	28,47	38,91	1511,14
588	14.09.2025 15:42:47	18,91	1,28	28,47	38,91	1511,15
589	14.09.2025 15:42:48	18,91	1,28	28,47	38,91	1511,15
590	14.09.2025 15:42:49	18,88	1,29	28,49	38,91	1511,09
591	14.09.2025 15:42:50	18,88	1,31	28,47	38,88	1511,06
592	14.09.2025 15:42:51	18,88	1,33	28,47	38,88	1511,07
593	14.09.2025 15:42:52	18,88	1,35	28,47	38,88	1511,07
594	14.09.2025 15:42:53	18,88	1,37	28,47	38,88	1511,07
595	14.09.2025 15:42:54	18,88	1,38	28,47	38,88	1511,07
596	14.09.2025 15:42:55	18,85	1,40	28,49	38,88	1511,01
597	14.09.2025 15:42:56	18,85	1,42	28,49	38,88	1511,02
598	14.09.2025 15:42:57	18,85	1,42	28,49	38,88	1511,02
599	14.09.2025 15:42:58	18,85	1,44	28,49	38,88	1511,02
600	14.09.2025 15:42:59	18,85	1,45	28,46	38,85	1511,00
601	14.09.2025 15:43:00	18,85	1,45	28,46	38,85	1511,00
602	14.09.2025 15:43:01	18,85	1,47	28,48	38,88	1511,02
603	14.09.2025 15:43:02	18,85	1,51	28,48	38,88	1511,03
604	14.09.2025 15:43:03	18,83	1,51	28,50	38,88	1510,97
605	14.09.2025 15:43:04	18,83	1,54	28,50	38,88	1510,97
606	14.09.2025 15:43:05	18,83	1,56	28,50	38,88	1510,98
607	14.09.2025 15:43:06	18,83	1,56	28,50	38,88	1510,98
608	14.09.2025 15:43:07	18,83	1,58	28,48	38,85	1510,95
609	14.09.2025 15:43:08	18,83	1,60	28,48	38,85	1510,95
610	14.09.2025 15:43:09	18,83	1,63	28,48	38,85	1510,96
611	14.09.2025 15:43:10	18,83	1,65	28,48	38,85	1510,96
612	14.09.2025 15:43:11	18,80	1,65	28,48	38,83	1510,87
613	14.09.2025 15:43:12	18,80	1,68	28,48	38,83	1510,88
614	14.09.2025 15:43:13	18,80	1,68	28,48	38,83	1510,88
615	14.09.2025 15:43:14	18,77	1,72	28,50	38,82	1510,82
616	14.09.2025 15:43:15	18,77	1,72	28,50	38,82	1510,82
617	14.09.2025 15:43:16	18,77	1,74	28,50	38,82	1510,82
618	14.09.2025 15:43:17	18,77	1,75	28,50	38,82	1510,83
619	14.09.2025 15:43:18	18,77	1,77	28,50	38,82	1510,83
620	14.09.2025 15:43:19	18,74	1,77	28,52	38,82	1510,77
621	14.09.2025 15:43:20	18,74	1,79	28,49	38,80	1510,74
622	14.09.2025 15:43:21	18,74	1,81	28,49	38,80	1510,74
623	14.09.2025 15:43:22	18,74	1,81	28,52	38,82	1510,77
624	14.09.2025 15:43:23	18,74	1,82	28,49	38,80	1510,75
625	14.09.2025 15:43:24	18,74	1,82	28,49	38,80	1510,75
626	14.09.2025 15:43:25	18,74	1,86	28,49	38,80	1510,75
627	14.09.2025 15:43:26	18,74	1,86	28,49	38,80	1510,75
628	14.09.2025 15:43:27	18,71	1,89	28,51	38,80	1510,70
629	14.09.2025 15:43:28	18,71	1,88	28,51	38,80	1510,69
630	14.09.2025 15:43:29	18,71	1,91	28,51	38,80	1510,70
631	14.09.2025 15:43:30	18,71	1,93	28,51	38,80	1510,70
632	14.09.2025 15:43:31	18,71	1,95	28,51	38,80	1510,70
633	14.09.2025 15:43:32	18,71	1,95	28,49	38,77	1510,68
634	14.09.2025 15:43:33	18,68	1,96	28,51	38,77	1510,62
635	14.09.2025 15:43:34	18,68	2,00	28,51	38,77	1510,62
636	14.09.2025 15:43:35	18,68	2,00	28,51	38,77	1510,62
637	14.09.2025 15:43:36	18,68	2,02	28,51	38,77	1510,62
638	14.09.2025 15:43:37	18,65	2,05	28,51	38,74	1510,54
639	14.09.2025 15:43:38	18,65	2,07	28,48	38,71	1510,52
640	14.09.2025 15:43:39	18,65	2,07	28,48	38,71	1510,52
641	14.09.2025 15:43:40	18,62	2,09	28,48	38,68	1510,43
642	14.09.2025 15:43:41	18,62	2,12	28,46	38,65	1510,41
643	14.09.2025 15:43:42	18,59	2,12	28,48	38,65	1510,34
644	14.09.2025 15:43:43	18,59	2,17	28,48	38,65	1510,35
645	14.09.2025 15:43:44	18,56	2,17	28,50	38,65	1510,29
646	14.09.2025 15:43:45	18,56	2,19	28,52	38,68	1510,32
647	14.09.2025 15:43:46	18,56	2,21	28,50	38,65	1510,29
648	14.09.2025 15:43:47	18,53	2,22	28,52	38,65	1510,23
649	14.09.2025 15:43:48	18,50	2,24	28,52	38,62	1510,14
650	14.09.2025 15:43:49	18,50	2,26	28,42	38,51	1510,04
651	14.09.2025 15:43:50	18,44	2,25	28,37	38,40	1509,81
652	14.09.2025 15:43:51	18,41	2,29	28,25	38,23	1509,59
653	14.09.2025 15:43:52	18,32	2,30	28,06	37,92	1509,10
654	14.09.2025 15:43:53	18,20	2,30	27,86	37,58	1508,52
655	14.09.2025 15:43:54	18,05	2,32	27,75	37,32	1507,96
656	14.09.2025 15:43:55	17,91	2,37	27,71	37,15	1507,47
657	14.09.2025 15:43:56	17,76	2,40	27,83	37,18	1507,17
658	14.09.2025 15:43:57	17,61	2,41	27,77	36,98	1506,65
659	14.09.2025 15:43:58	17,46	2,44	27,68	36,75	1506,10
660	14.09.2025 15:43:59	17,34	2,45	27,55	36,50	1505,59
661	14.09.2025 15:44:00	17,19	2,48	27,57	36,41	1505,17
662	14.09.2025 15:44:01	17,07	2,49	27,58	36,32	1504,81
663	14.09.2025 15:44:02	16,92	2,50	27,40	35,98	1504,14
664	14.09.2025 15:44:03	16,77	2,52	27,28	35,73	1503,55
665	14.09.2025 15:44:04	16,59	2,55	27,31	35,61	1503,02
666	14.09.2025 15:44:05	16,44	2,58	27,12	35,27	1502,34
667	14.09.2025 15:44:06	16,23	2,60	27,14	35,13	1501,70
668	14.09.2025 15:44:07	16,02	2,65	27,19	35,01	1501,10
669	14.09.2025 15:44:08	15,83	2,64	26,82	34,45	1500,09
670	14.09.2025 15:44:09	15,56	2,66	26,81	34,22	1499,21
671	14.09.2025 15:44:10	15,32	2,68	26,80	34,02	1498,43
672	14.09.2025 15:44:11	15,04	2,74	26,79	33,79	1497,53
673	14.09.2025 15:44:12	14,80	2,73	26,63	33,42	1496,55
674	14.09.2025 15:44:13	14,52	2,77	26,64	33,22	1495,66
675	14.09.2025 15:44:14	14,25	2,79	26,62	32,99	1494,74
676	14.09.2025 15:44:15	13,97	2,83	26,66	32,81	1493,87
677	14.09.2025 15:44:16	13,72	2,87	26,70	32,67	1493,09
678	14.09.2025 15:44:17	13,47	2,89	26,67	32,44	1492,22
679	14.09.2025 15:44:18	13,22	2,92	26,60	32,18	1491,30
680	14.09.2025 15:44:19	13,01	2,94	26,52	31,93	1490,47
681	14.09.2025 15:44:20	12,72	2,98	26,50	31,69	1489,49
682	14.09.2025 15:44:21	12,47	2,99	26,50	31,49	1488,61
683	14.09.2025 15:44:22	12,22	3,05	26,62	31,43	1487,89
684	14.09.2025 15:44:23	12,00	3,07	26,67	31,32	1487,18
685	14.09.2025 15:44:24	11,78	3,10	26,58	31,06	1486,30
686	14.09.2025 15:44:25	11,55	3,14	26,55	30,86	1485,48
687	14.09.2025 15:44:26	11,33	3,16	26,57	30,71	1484,71
688	14.09.2025 15:44:27	11,07	3,19	26,43	30,37	1483,63
689	14.09.2025 15:44:28	10,85	3,18	26,12	29,89	1482,44
690	14.09.2025 15:44:29	10,49	3,23	26,24	29,75	1481,30
691	14.09.2025 15:44:30	10,17	3,25	26,33	29,60	1480,22
692	14.09.2025 15:44:31	9,88	3,29	26,43	29,48	1479,27
693	14.09.2025 15:44:32	9,61	3,35	26,56	29,42	1478,46
694	14.09.2025 15:44:33	9,38	3,39	26,70	29,39	1477,79
695	14.09.2025 15:44:34	9,18	3,42	26,78	29,32	1477,15
696	14.09.2025 15:44:35	8,99	3,44	26,87	29,27	1476,52
697	14.09.2025 15:44:36	8,82	3,47	26,88	29,15	1475,90
698	14.09.2025 15:44:37	8,65	3,52	26,89	29,04	1475,29
699	14.09.2025 15:44:38	8,45	3,54	26,98	28,97	1474,64
700	14.09.2025 15:44:39	8,28	3,59	27,05	28,92	1474,09
701	14.09.2025 15:44:40	8,12	3,62	27,06	28,80	1473,45
702	14.09.2025 15:44:41	7,95	3,64	27,16	28,77	1472,93
703	14.09.2025 15:44:42	7,78	3,67	27,19	28,68	1472,33
704	14.09.2025 15:44:43	7,64	3,72	27,27	28,65	1471,90
705	14.09.2025 15:44:44	7,47	3,75	27,37	28,62	1471,36
706	14.09.2025 15:44:45	7,33	3,78	27,48	28,62	1470,97
707	14.09.2025 15:44:46	7,20	3,79	27,55	28,58	1470,52
708	14.09.2025 15:44:47	7,09	3,84	27,66	28,61	1470,27
709	14.09.2025 15:44:48	6,99	3,87	27,71	28,58	1469,93
710	14.09.2025 15:44:49	6,89	3,90	27,82	28,61	1469,66
711	14.09.2025 15:44:50	6,78	3,93	27,90	28,61	1469,36
712	14.09.2025 15:44:51	6,71	3,96	27,96	28,60	1469,16
713	14.09.2025 15:44:52	6,61	3,97	28,04	28,60	1468,85
714	14.09.2025 15:44:53	6,54	4,01	28,10	28,60	1468,65
715	14.09.2025 15:44:54	6,47	4,02	28,15	28,60	1468,44
716	14.09.2025 15:44:55	6,40	4,04	28,21	28,60	1468,24
717	14.09.2025 15:44:56	6,30	4,07	28,29	28,60	1467,93
718	14.09.2025 15:44:57	6,23	4,08	28,35	28,60	1467,73
719	14.09.2025 15:44:58	6,16	4,10	28,41	28,59	1467,52
720	14.09.2025 15:44:59	6,12	4,11	28,44	28,59	1467,42
721	14.09.2025 15:45:00	6,05	4,14	28,49	28,59	1467,21
722	14.09.2025 15:45:01	6,02	4,14	28,52	28,59	1467,11
723	14.09.2025 15:45:02	5,95	4,16	28,58	28,59	1466,90
724	14.09.2025 15:45:03	5,88	4,17	28,67	28,62	1466,73
725	14.09.2025 15:45:04	5,81	4,17	28,73	28,62	1466,52
726	14.09.2025 15:45:05	5,77	4,18	28,76	28,61	1466,41
727	14.09.2025 15:45:06	5,73	4,18	28,79	28,61	1466,31
728	14.09.2025 15:45:07	5,66	4,20	28,85	28,61	1466,10
729	14.09.2025 15:45:08	5,63	4,19	28,87	28,61	1465,99
730	14.09.2025 15:45:09	5,59	4,21	28,90	28,61	1465,89
731	14.09.2025 15:45:10	5,56	4,23	28,93	28,61	1465,78
732	14.09.2025 15:45:11	5,52	4,24	28,96	28,61	1465,68
733	14.09.2025 15:45:12	5,49	4,24	28,99	28,61	1465,57
734	14.09.2025 15:45:13	5,45	4,24	29,06	28,64	1465,50
735	14.09.2025 15:45:14	5,38	4,24	29,08	28,61	1465,25
736	14.09.2025 15:45:15	5,34	4,25	29,11	28,61	1465,14
737	14.09.2025 15:45:16	5,31	4,27	29,14	28,61	1465,04
738	14.09.2025 15:45:17	5,27	4,27	29,17	28,61	1464,93
739	14.09.2025 15:45:18	5,24	4,28	29,24	28,63	1464,86
740	14.09.2025 15:45:19	5,20	4,28	29,23	28,60	1464,72
741	14.09.2025 15:45:20	5,20	4,28	29,27	28,63	1464,76
742	14.09.2025 15:45:21	5,13	4,28	29,33	28,63	1464,54
743	14.09.2025 15:45:22	5,09	4,29	29,36	28,63	1464,43
744	14.09.2025 15:45:23	5,09	4,29	29,36	28,63	1464,43
745	14.09.2025 15:45:24	5,06	4,29	29,39	28,63	1464,33
746	14.09.2025 15:45:25	5,02	4,29	29,42	28,63	1464,22
747	14.09.2025 15:45:26	5,02	4,29	29,42	28,63	1464,22
748	14.09.2025 15:45:27	4,99	4,31	29,45	28,63	1464,11
749	14.09.2025 15:45:28	4,95	4,30	29,48	28,63	1464,00
750	14.09.2025 15:45:29	4,92	4,28	29,51	28,63	1463,89
751	14.09.2025 15:45:30	4,92	4,30	29,51	28,63	1463,89
752	14.09.2025 15:45:31	4,88	4,30	29,54	28,63	1463,78
753	14.09.2025 15:45:32	4,84	4,30	29,57	28,63	1463,67
754	14.09.2025 15:45:33	4,81	4,30	29,61	28,63	1463,57
755	14.09.2025 15:45:34	4,81	4,30	29,61	28,62	1463,57
756	14.09.2025 15:45:35	4,77	4,31	29,64	28,62	1463,46
757	14.09.2025 15:45:36	4,77	4,31	29,64	28,62	1463,46
758	14.09.2025 15:45:37	4,74	4,31	29,67	28,62	1463,35
759	14.09.2025 15:45:38	4,70	4,31	29,70	28,62	1463,24
760	14.09.2025 15:45:39	4,70	4,29	29,73	28,65	1463,28
761	14.09.2025 15:45:40	4,66	4,31	29,76	28,65	1463,17
762	14.09.2025 15:45:41	4,63	4,31	29,76	28,62	1463,02
763	14.09.2025 15:45:42	4,63	4,31	29,80	28,65	1463,06
764	14.09.2025 15:45:43	4,59	4,30	29,80	28,62	1462,91
765	14.09.2025 15:45:44	4,59	4,30	29,83	28,65	1462,95
766	14.09.2025 15:45:45	4,55	4,30	29,86	28,65	1462,84
767	14.09.2025 15:45:46	4,55	4,30	29,86	28,65	1462,84
768	14.09.2025 15:45:47	4,52	4,30	29,89	28,65	1462,73
769	14.09.2025 15:45:48	4,52	4,28	29,89	28,65	1462,73
770	14.09.2025 15:45:49	4,52	4,28	29,89	28,65	1462,73
771	14.09.2025 15:45:50	4,48	4,30	29,92	28,65	1462,62
772	14.09.2025 15:45:51	4,48	4,28	29,92	28,65	1462,62
773	14.09.2025 15:45:52	4,45	4,30	29,96	28,65	1462,51
774	14.09.2025 15:45:53	4,45	4,30	29,96	28,65	1462,51
775	14.09.2025 15:45:54	4,45	4,30	29,96	28,65	1462,51
776	14.09.2025 15:45:55	4,45	4,30	29,96	28,65	1462,51
777	14.09.2025 15:45:56	4,41	4,29	29,99	28,65	1462,40
778	14.09.2025 15:45:57	4,41	4,29	29,99	28,65	1462,40
779	14.09.2025 15:45:58	4,41	4,29	29,99	28,65	1462,40
780	14.09.2025 15:45:59	4,41	4,29	29,99	28,65	1462,40
781	14.09.2025 15:46:00	4,37	4,31	30,02	28,64	1462,29
782	14.09.2025 15:46:01	4,37	4,31	30,02	28,64	1462,29
783	14.09.2025 15:46:02	4,37	4,29	30,02	28,64	1462,29
784	14.09.2025 15:46:03	4,34	4,29	30,05	28,64	1462,18
785	14.09.2025 15:46:04	4,34	4,29	30,05	28,64	1462,18
786	14.09.2025 15:46:05	4,34	4,29	30,05	28,64	1462,18
787	14.09.2025 15:46:06	4,34	4,29	30,05	28,64	1462,18
788	14.09.2025 15:46:07	4,30	4,29	30,09	28,64	1462,07
789	14.09.2025 15:46:08	4,30	4,29	30,09	28,64	1462,07
790	14.09.2025 15:46:09	4,30	4,29	30,09	28,64	1462,07
791	14.09.2025 15:46:10	4,30	4,29	30,09	28,64	1462,07
792	14.09.2025 15:46:11	4,26	4,29	30,12	28,64	1461,95
793	14.09.2025 15:46:12	4,26	4,29	30,12	28,64	1461,95
794	14.09.2025 15:46:13	4,26	4,29	30,12	28,64	1461,95
795	14.09.2025 15:46:14	4,26	4,25	30,12	28,64	1461,95
796	14.09.2025 15:46:15	4,23	4,20	30,15	28,64	1461,83
797	14.09.2025 15:46:16	4,23	4,16	30,15	28,64	1461,82
798	14.09.2025 15:46:17	4,23	4,11	30,15	28,64	1461,81
799	14.09.2025 15:46:18	4,23	4,09	30,15	28,64	1461,81
800	14.09.2025 15:46:19	4,23	4,05	30,15	28,64	1461,81
801	14.09.2025 15:46:20	4,19	4,02	30,18	28,64	1461,69
802	14.09.2025 15:46:21	4,19	4,00	30,18	28,64	1461,69
803	14.09.2025 15:46:22	4,19	3,96	30,18	28,64	1461,68
804	14.09.2025 15:46:23	4,19	3,93	30,18	28,64	1461,68
805	14.09.2025 15:46:24	4,19	3,91	30,18	28,64	1461,67
806	14.09.2025 15:46:25	4,19	3,89	30,22	28,67	1461,71
807	14.09.2025 15:46:26	4,19	3,89	30,22	28,67	1461,71
808	14.09.2025 15:46:27	4,19	3,85	30,22	28,67	1461,71
809	14.09.2025 15:46:28	4,19	3,87	30,25	28,70	1461,75
810	14.09.2025 15:46:29	4,19	3,85	30,22	28,67	1461,71
811	14.09.2025 15:46:30	4,19	3,87	30,25	28,70	1461,75
812	14.09.2025 15:46:31	4,19	3,87	30,25	28,70	1461,75
813	14.09.2025 15:46:32	4,19	3,85	30,25	28,70	1461,75
814	14.09.2025 15:46:33	4,23	3,86	30,22	28,70	1461,86
815	14.09.2025 15:46:34	4,23	3,86	30,22	28,70	1461,86
816	14.09.2025 15:46:35	4,23	3,86	30,19	28,67	1461,82
817	14.09.2025 15:46:36	4,23	3,86	30,22	28,70	1461,86
818	14.09.2025 15:46:37	4,23	3,84	30,22	28,70	1461,86
819	14.09.2025 15:46:38	4,23	3,86	30,22	28,70	1461,86
820	14.09.2025 15:46:39	4,23	3,84	30,22	28,70	1461,86
821	14.09.2025 15:46:40	4,23	3,84	30,25	28,73	1461,90
822	14.09.2025 15:46:41	4,23	3,84	30,25	28,73	1461,90
823	14.09.2025 15:46:42	4,23	3,86	30,28	28,75	1461,95
824	14.09.2025 15:46:43	4,26	3,84	30,25	28,75	1462,05
825	14.09.2025 15:46:44	4,26	3,86	30,25	28,76	1462,06
826	14.09.2025 15:46:45	4,26	3,86	30,25	28,76	1462,06
827	14.09.2025 15:46:46	4,30	3,84	30,22	28,76	1462,16
828	14.09.2025 15:46:47	4,30	3,84	30,25	28,78	1462,21
829	14.09.2025 15:46:48	4,30	3,84	30,25	28,78	1462,21
830	14.09.2025 15:46:49	4,30	3,84	30,25	28,78	1462,21
831	14.09.2025 15:46:50	4,34	3,86	30,22	28,78	1462,32
832	14.09.2025 15:46:51	4,34	3,86	30,25	28,81	1462,36
833	14.09.2025 15:46:52	4,34	3,86	30,25	28,81	1462,36
834	14.09.2025 15:46:53	4,34	3,86	30,25	28,81	1462,36
835	14.09.2025 15:46:54	4,34	3,86	30,25	28,81	1462,36
836	14.09.2025 15:46:55	4,34	3,86	30,28	28,84	1462,40
837	14.09.2025 15:46:56	4,34	3,86	30,25	28,81	1462,36
838	14.09.2025 15:46:57	4,37	3,86	30,25	28,84	1462,51
839	14.09.2025 15:46:58	4,37	3,85	30,22	28,81	1462,47
840	14.09.2025 15:46:59	4,37	3,85	30,22	28,81	1462,47
841	14.09.2025 15:47:00	4,37	3,86	30,25	28,84	1462,52
842	14.09.2025 15:47:01	4,37	3,86	30,22	28,81	1462,47
843	14.09.2025 15:47:02	4,37	3,86	30,22	28,81	1462,47
844	14.09.2025 15:47:03	4,37	3,86	30,25	28,84	1462,52
845	14.09.2025 15:47:04	4,41	3,87	30,22	28,84	1462,63
846	14.09.2025 15:47:05	4,41	3,87	30,25	28,87	1462,67
847	14.09.2025 15:47:06	4,41	3,87	30,25	28,87	1462,67
848	14.09.2025 15:47:07	4,41	3,87	30,25	28,87	1462,67
849	14.09.2025 15:47:08	4,41	3,87	30,25	28,87	1462,67
850	14.09.2025 15:47:09	4,41	3,87	30,25	28,87	1462,67
851	14.09.2025 15:47:10	4,41	3,87	30,25	28,87	1462,67
852	14.09.2025 15:47:11	4,41	3,87	30,25	28,87	1462,67
853	14.09.2025 15:47:12	4,41	3,85	30,25	28,87	1462,66
854	14.09.2025 15:47:13	4,41	3,87	30,25	28,87	1462,67
855	14.09.2025 15:47:14	4,41	3,87	30,25	28,87	1462,67
856	14.09.2025 15:47:15	4,41	3,85	30,25	28,87	1462,66
857	14.09.2025 15:47:16	4,41	3,87	30,25	28,87	1462,67
858	14.09.2025 15:47:17	4,41	3,87	30,25	28,87	1462,67
859	14.09.2025 15:47:18	4,41	3,87	30,25	28,87	1462,67
860	14.09.2025 15:47:19	4,41	3,87	30,25	28,87	1462,67
861	14.09.2025 15:47:20	4,41	3,85	30,25	28,87	1462,66
862	14.09.2025 15:47:21	4,41	3,87	30,25	28,87	1462,67
863	14.09.2025 15:47:22	4,41	3,85	30,25	28,87	1462,66
864	14.09.2025 15:47:23	4,41	3,85	30,25	28,87	1462,66
865	14.09.2025 15:47:24	4,41	3,85	30,25	28,87	1462,66
866	14.09.2025 15:47:25	4,41	3,85	30,19	28,81	1462,58
867	14.09.2025 15:47:26	4,41	3,83	30,15	28,79	1462,54
868	14.09.2025 15:47:27	4,41	3,85	30,19	28,81	1462,58
869	14.09.2025 15:47:28	4,41	3,85	30,19	28,81	1462,58
870	14.09.2025 15:47:29	4,41	3,87	30,15	28,79	1462,54
871	14.09.2025 15:47:30	4,41	3,87	30,19	28,81	1462,58
872	14.09.2025 15:47:31	4,41	3,87	30,19	28,81	1462,58
873	14.09.2025 15:47:32	4,41	3,87	30,19	28,81	1462,58
874	14.09.2025 15:47:33	4,41	3,87	30,19	28,81	1462,58
875	14.09.2025 15:47:34	4,41	3,85	30,19	28,81	1462,58
876	14.09.2025 15:47:35	4,41	3,87	30,19	28,81	1462,58
877	14.09.2025 15:47:36	4,41	3,85	30,15	28,79	1462,54
878	14.09.2025 15:47:37	4,41	3,85	30,19	28,81	1462,58
879	14.09.2025 15:47:38	4,41	3,85	30,19	28,81	1462,58
880	14.09.2025 15:47:39	4,37	3,85	30,19	28,79	1462,43
881	14.09.2025 15:47:40	4,41	3,85	30,19	28,81	1462,58
882	14.09.2025 15:47:41	4,37	3,83	30,19	28,79	1462,43
883	14.09.2025 15:47:42	4,37	3,83	30,19	28,79	1462,43
884	14.09.2025 15:47:43	4,37	3,83	30,15	28,76	1462,38
885	14.09.2025 15:47:44	4,37	3,83	30,15	28,76	1462,38
886	14.09.2025 15:47:45	4,37	3,83	30,19	28,79	1462,43
887	14.09.2025 15:47:46	4,37	3,83	30,19	28,79	1462,43
888	14.09.2025 15:47:47	4,37	3,83	30,19	28,79	1462,43
889	14.09.2025 15:47:48	4,37	3,83	30,19	28,79	1462,43
890	14.09.2025 15:47:49	4,37	3,83	30,19	28,79	1462,43
891	14.09.2025 15:47:50	4,37	3,83	30,19	28,79	1462,43
892	14.09.2025 15:47:51	4,37	3,83	30,19	28,79	1462,43
893	14.09.2025 15:47:52	4,37	3,83	30,19	28,79	1462,43
894	14.09.2025 15:47:53	4,37	3,83	30,19	28,79	1462,43
895	14.09.2025 15:47:54	4,37	3,85	30,19	28,79	1462,43
896	14.09.2025 15:47:55	4,37	3,83	30,22	28,81	1462,47
897	14.09.2025 15:47:56	4,37	3,83	30,19	28,79	1462,43
898	14.09.2025 15:47:57	4,37	3,83	30,19	28,79	1462,43
899	14.09.2025 15:47:58	4,37	3,83	30,19	28,79	1462,43
900	14.09.2025 15:47:59	4,37	3,83	30,19	28,79	1462,43
901	14.09.2025 15:48:00	4,37	3,85	30,15	28,76	1462,39
902	14.09.2025 15:48:01	4,37	3,83	30,22	28,81	1462,47
903	14.09.2025 15:48:02	4,37	3,81	30,15	28,76	1462,38
904	14.09.2025 15:48:03	4,37	3,81	30,15	28,76	1462,38
905	14.09.2025 15:48:04	4,34	3,81	30,19	28,76	1462,27
906	14.09.2025 15:48:05	4,34	3,83	30,19	28,76	1462,27
907	14.09.2025 15:48:06	4,34	3,83	30,19	28,76	1462,27
908	14.09.2025 15:48:07	4,34	3,83	30,19	28,76	1462,27
909	14.09.2025 15:48:08	4,34	3,81	30,19	28,76	1462,27
910	14.09.2025 15:48:09	4,34	3,83	30,19	28,76	1462,27
911	14.09.2025 15:48:10	4,34	3,83	30,19	28,76	1462,27
912	14.09.2025 15:48:11	4,34	3,81	30,19	28,76	1462,27
913	14.09.2025 15:48:12	4,34	3,81	30,15	28,73	1462,23
914	14.09.2025 15:48:13	4,34	3,81	30,15	28,73	1462,23
915	14.09.2025 15:48:14	4,34	3,83	30,19	28,76	1462,27
916	14.09.2025 15:48:15	4,34	3,83	30,19	28,76	1462,27
917	14.09.2025 15:48:16	4,34	3,83	30,15	28,73	1462,23
918	14.09.2025 15:48:17	4,34	3,84	30,19	28,76	1462,28
919	14.09.2025 15:48:18	4,34	3,84	30,19	28,76	1462,28
920	14.09.2025 15:48:19	4,34	3,86	30,15	28,73	1462,24
921	14.09.2025 15:48:20	4,34	3,86	30,19	28,76	1462,28
922	14.09.2025 15:48:21	4,34	3,86	30,12	28,70	1462,19
923	14.09.2025 15:48:22	4,30	3,84	30,19	28,73	1462,12
924	14.09.2025 15:48:23	4,30	3,84	30,19	28,73	1462,12
925	14.09.2025 15:48:24	4,30	3,84	30,19	28,73	1462,12
926	14.09.2025 15:48:25	4,30	3,84	30,19	28,73	1462,12
927	14.09.2025 15:48:26	4,30	3,84	30,19	28,73	1462,12
928	14.09.2025 15:48:27	4,30	3,84	30,19	28,73	1462,12
929	14.09.2025 15:48:28	4,30	3,84	30,19	28,73	1462,12
930	14.09.2025 15:48:29	4,30	3,82	30,19	28,73	1462,12
931	14.09.2025 15:48:30	4,30	3,82	30,19	28,73	1462,12
932	14.09.2025 15:48:31	4,30	3,82	30,22	28,76	1462,16
933	14.09.2025 15:48:32	4,30	3,82	30,19	28,73	1462,12
934	14.09.2025 15:48:33	4,30	3,82	30,19	28,73	1462,12
935	14.09.2025 15:48:34	4,30	3,82	30,19	28,73	1462,12
936	14.09.2025 15:48:35	4,26	3,82	30,22	28,73	1462,01
937	14.09.2025 15:48:36	4,26	3,82	30,22	28,73	1462,01
938	14.09.2025 15:48:37	4,26	3,82	30,22	28,73	1462,01
939	14.09.2025 15:48:38	4,26	3,82	30,22	28,73	1462,01
940	14.09.2025 15:48:39	4,26	3,82	30,22	28,73	1462,01
941	14.09.2025 15:48:40	4,26	3,82	30,22	28,73	1462,01
942	14.09.2025 15:48:41	4,26	3,84	30,19	28,70	1461,97
943	14.09.2025 15:48:42	4,26	3,88	30,22	28,73	1462,02
944	14.09.2025 15:48:43	4,26	3,88	30,18	28,70	1461,97
945	14.09.2025 15:48:44	4,26	3,88	30,22	28,73	1462,02
946	14.09.2025 15:48:45	4,26	3,88	30,18	28,70	1461,97
947	14.09.2025 15:48:46	4,26	3,89	30,18	28,70	1461,98
948	14.09.2025 15:48:47	4,26	3,89	30,18	28,70	1461,98
949	14.09.2025 15:48:48	4,26	3,89	30,15	28,67	1461,94
950	14.09.2025 15:48:49	4,26	3,91	30,18	28,70	1461,98
951	14.09.2025 15:48:50	4,26	3,91	30,15	28,67	1461,94
952	14.09.2025 15:48:51	4,26	3,93	30,15	28,67	1461,94
953	14.09.2025 15:48:52	4,23	3,93	30,18	28,67	1461,83
954	14.09.2025 15:48:53	4,23	3,95	30,18	28,67	1461,83
955	14.09.2025 15:48:54	4,23	3,96	30,18	28,67	1461,83
956	14.09.2025 15:48:55	4,23	3,98	30,18	28,67	1461,84
957	14.09.2025 15:48:56	4,23	3,96	30,18	28,67	1461,83
958	14.09.2025 15:48:57	4,23	3,96	30,18	28,67	1461,83
959	14.09.2025 15:48:58	4,19	3,98	30,22	28,67	1461,73
960	14.09.2025 15:48:59	4,19	3,96	30,22	28,67	1461,72
961	14.09.2025 15:49:00	4,19	3,94	30,22	28,67	1461,72
962	14.09.2025 15:49:01	4,19	3,94	30,22	28,67	1461,72
963	14.09.2025 15:49:02	4,19	3,91	30,22	28,67	1461,72
964	14.09.2025 15:49:03	4,19	3,87	30,22	28,67	1461,71
965	14.09.2025 15:49:04	4,19	3,82	30,22	28,67	1461,70
966	14.09.2025 15:49:05	4,19	3,82	30,22	28,67	1461,70
967	14.09.2025 15:49:06	4,15	3,82	30,25	28,67	1461,59
968	14.09.2025 15:49:07	4,15	3,82	30,28	28,70	1461,63
969	14.09.2025 15:49:08	4,15	3,83	30,25	28,67	1461,59
970	14.09.2025 15:49:09	4,15	3,80	30,25	28,67	1461,59
971	14.09.2025 15:49:10	4,15	3,76	30,25	28,67	1461,58
972	14.09.2025 15:49:11	4,15	3,71	30,25	28,67	1461,57
973	14.09.2025 15:49:12	4,15	3,67	30,25	28,67	1461,57
974	14.09.2025 15:49:13	4,15	3,64	30,25	28,67	1461,56
975	14.09.2025 15:49:14	4,12	3,60	30,28	28,67	1461,44
976	14.09.2025 15:49:15	4,12	3,56	30,32	28,70	1461,48
977	14.09.2025 15:49:16	4,12	3,53	30,35	28,72	1461,52
978	14.09.2025 15:49:17	4,12	3,49	30,38	28,75	1461,56
979	14.09.2025 15:49:18	4,15	3,46	30,51	28,89	1461,87
980	14.09.2025 15:49:19	4,19	3,42	30,74	29,12	1462,32
981	14.09.2025 15:49:20	4,30	3,36	30,87	29,32	1462,93
982	14.09.2025 15:49:21	4,45	3,28	30,84	29,40	1463,48
983	14.09.2025 15:49:22	4,55	3,19	31,00	29,63	1464,13
984	14.09.2025 15:49:23	4,70	3,15	31,93	30,56	1465,93
985	14.09.2025 15:49:24	4,95	3,10	32,37	31,15	1467,54
986	14.09.2025 15:49:25	5,34	3,00	32,73	31,80	1469,59
987	14.09.2025 15:49:26	5,81	2,93	33,31	32,71	1472,18
988	14.09.2025 15:49:27	6,33	2,81	33,46	33,30	1474,45
989	14.09.2025 15:49:28	6,92	2,74	33,43	33,80	1476,72
990	14.09.2025 15:49:29	7,47	2,62	33,42	34,28	1478,83
991	14.09.2025 15:49:30	7,98	2,48	33,61	34,91	1481,00
992	14.09.2025 15:49:31	8,49	2,45	33,73	35,47	1483,05
993	14.09.2025 15:49:32	9,02	2,32	33,33	35,57	1484,52
994	14.09.2025 15:49:33	9,45	2,25	33,19	35,83	1485,92
995	14.09.2025 15:49:34	9,81	2,25	33,22	36,18	1487,27
996	14.09.2025 15:49:35	10,17	2,23	33,35	36,63	1488,73
997	14.09.2025 15:49:36	10,59	2,20	33,73	37,40	1490,71
998	14.09.2025 15:49:37	11,04	2,22	34,19	38,27	1492,87
999	14.09.2025 15:49:38	11,55	2,10	33,92	38,48	1494,31
1000	14.09.2025 15:49:39	12,03	1,98	33,63	38,63	1495,59
1001	14.09.2025 15:49:40	12,47	1,93	33,33	38,73	1496,72
1002	14.09.2025 15:49:41	12,85	1,88	33,06	38,79	1497,66
1003	14.09.2025 15:49:42	13,16	1,84	32,80	38,80	1498,38
1004	14.09.2025 15:49:43	13,41	1,82	32,61	38,83	1498,99
1005	14.09.2025 15:49:44	13,63	1,79	32,43	38,84	1499,49
1006	14.09.2025 15:49:45	13,85	1,77	32,25	38,84	1499,98
1007	14.09.2025 15:49:46	14,03	1,76	32,10	38,84	1500,41
1008	14.09.2025 15:49:47	14,22	1,73	31,95	38,85	1500,83
1009	14.09.2025 15:49:48	14,37	1,70	31,83	38,85	1501,18
1010	14.09.2025 15:49:49	14,52	1,69	31,70	38,85	1501,52
1011	14.09.2025 15:49:50	14,68	1,68	31,58	38,86	1501,87
1012	14.09.2025 15:49:51	14,80	1,64	31,49	38,86	1502,14
1013	14.09.2025 15:49:52	14,95	1,64	31,37	38,86	1502,49
1014	14.09.2025 15:49:53	15,07	1,61	31,27	38,87	1502,77
1015	14.09.2025 15:49:54	15,20	1,58	31,18	38,87	1503,04
1016	14.09.2025 15:49:55	15,32	1,55	31,08	38,87	1503,31
1017	14.09.2025 15:49:56	15,41	1,52	31,01	38,87	1503,51
1018	14.09.2025 15:49:57	15,50	1,47	30,94	38,87	1503,71
1019	14.09.2025 15:49:58	15,59	1,43	30,87	38,88	1503,91
1020	14.09.2025 15:49:59	15,71	1,40	30,78	38,88	1504,17
1021	14.09.2025 15:50:00	15,80	1,36	30,69	38,85	1504,34
1022	14.09.2025 15:50:01	15,89	1,32	30,64	38,88	1504,57
1023	14.09.2025 15:50:02	15,96	1,28	30,60	38,88	1504,70
1024	14.09.2025 15:50:03	16,05	1,25	30,55	38,91	1504,93
1025	14.09.2025 15:50:04	16,14	1,18	30,48	38,92	1505,12
1026	14.09.2025 15:50:05	16,23	1,17	30,42	38,92	1505,32
1027	14.09.2025 15:50:06	16,32	1,12	30,35	38,92	1505,51
1028	14.09.2025 15:50:07	16,38	1,09	30,30	38,92	1505,64
1029	14.09.2025 15:50:08	16,47	1,08	30,24	38,92	1505,84
1030	14.09.2025 15:50:09	16,53	1,04	30,19	38,92	1505,97
1031	14.09.2025 15:50:10	16,62	1,00	30,15	38,95	1506,19
1032	14.09.2025 15:50:11	16,68	0,98	30,11	38,95	1506,32
1033	14.09.2025 15:50:12	16,74	0,97	30,06	38,96	1506,45
1034	14.09.2025 15:50:13	16,80	0,93	30,02	38,96	1506,58
1035	14.09.2025 15:50:14	16,86	0,94	29,98	38,96	1506,71
1036	14.09.2025 15:50:15	16,92	0,90	29,93	38,96	1506,84
1037	14.09.2025 15:50:16	16,98	0,89	29,91	38,99	1507,00
1038	14.09.2025 15:50:17	17,07	0,88	29,82	38,96	1507,16
1039	14.09.2025 15:50:18	17,13	0,86	29,83	39,02	1507,35
1040	14.09.2025 15:50:19	17,19	0,86	29,81	39,05	1507,51
1041	14.09.2025 15:50:20	17,25	0,85	29,77	39,05	1507,64
1042	14.09.2025 15:50:21	17,31	0,83	29,72	39,05	1507,76
1043	14.09.2025 15:50:22	17,37	0,80	29,66	39,02	1507,86
1044	14.09.2025 15:50:23	17,43	0,80	29,61	39,02	1507,99
1045	14.09.2025 15:50:24	17,46	0,79	29,62	39,05	1508,08
1046	14.09.2025 15:50:25	17,49	0,79	29,55	39,00	1508,09
1047	14.09.2025 15:50:26	17,55	0,78	29,48	38,97	1508,20
1048	14.09.2025 15:50:27	17,58	0,74	29,46	38,97	1508,26
1049	14.09.2025 15:50:28	17,61	0,74	29,44	38,97	1508,32
1050	14.09.2025 15:50:29	17,64	0,71	29,40	38,94	1508,35
1051	14.09.2025 15:50:30	17,67	0,69	29,40	38,97	1508,44
1052	14.09.2025 15:50:31	17,70	0,69	29,33	38,92	1508,45
1053	14.09.2025 15:50:32	17,73	0,66	29,31	38,92	1508,51
1054	14.09.2025 15:50:33	17,76	0,64	29,29	38,92	1508,57
1055	14.09.2025 15:50:34	17,79	0,63	29,31	38,98	1508,69
1056	14.09.2025 15:50:35	17,85	0,63	29,44	39,17	1509,01
1057	14.09.2025 15:50:36	17,91	0,60	29,40	39,17	1509,14
1058	14.09.2025 15:50:37	17,99	0,53	29,22	39,03	1509,18
1059	14.09.2025 15:50:38	18,02	0,50	29,20	39,04	1509,24
1060	14.09.2025 15:50:39	18,05	0,47	29,20	39,06	1509,33
1061	14.09.2025 15:50:40	18,08	0,47	29,22	39,12	1509,45
1062	14.09.2025 15:50:41	18,11	0,46	29,23	39,15	1509,54
1063	14.09.2025 15:50:42	18,17	0,46	29,21	39,18	1509,69
1064	14.09.2025 15:50:43	18,23	0,42	29,19	39,21	1509,84
1065	14.09.2025 15:50:44	18,29	0,40	29,17	39,24	1509,99
1066	14.09.2025 15:50:45	18,32	0,37	29,15	39,24	1510,05
1067	14.09.2025 15:50:46	18,38	0,35	29,09	39,21	1510,15
1068	14.09.2025 15:50:47	18,41	0,31	29,07	39,21	1510,21
1069	14.09.2025 15:50:48	18,44	0,28	29,05	39,21	1510,26
1070	14.09.2025 15:50:49	18,47	0,30	29,03	39,21	1510,33
1071	14.09.2025 15:50:50	18,50	0,28	29,01	39,21	1510,39
1072	14.09.2025 15:50:51	18,53	0,28	29,01	39,24	1510,48
1073	14.09.2025 15:50:52	18,56	0,26	28,99	39,24	1510,54
1074	14.09.2025 15:50:53	18,59	0,22	28,92	39,19	1510,55
1075	14.09.2025 15:50:54	18,59	0,21	28,95	39,21	1510,57
1076	14.09.2025 15:50:55	18,62	0,21	28,95	39,24	1510,66
1077	14.09.2025 15:50:56	18,65	0,19	28,93	39,24	1510,72
1078	14.09.2025 15:50:57	18,68	0,17	28,91	39,24	1510,78
1079	14.09.2025 15:50:58	18,71	0,15	28,89	39,25	1510,84
1080	14.09.2025 15:50:59	18,74	0,13	28,89	39,27	1510,93
1081	14.09.2025 15:51:00	18,77	0,12	28,85	39,25	1510,96
1082	14.09.2025 15:51:01	18,77	0,10	28,85	39,25	1510,96
1083	14.09.2025 15:51:02	18,80	0,10	28,85	39,27	1511,05
1084	14.09.2025 15:51:03	18,83	0,08	28,81	39,25	1511,08
1085	14.09.2025 15:51:04	18,83	0,06	28,81	39,25	1511,08
1086	14.09.2025 15:51:05	18,85	0,04	28,79	39,25	1511,14
1087	14.09.2025 15:51:06	18,85	0,03	28,79	39,25	1511,14
1088	14.09.2025 15:51:07	18,85	0,03	28,79	39,25	1511,14
1089	14.09.2025 15:51:08	18,88	0,01	28,77	39,25	1511,20
1090	14.09.2025 15:51:09	18,91	-0,01	28,77	39,28	1511,28
1091	14.09.2025 15:51:10	18,91	-0,01	28,77	39,28	1511,28
1092	14.09.2025 15:51:11	18,94	-0,03	28,75	39,28	1511,34
1093	14.09.2025 15:51:12	18,94	-0,05	28,75	39,28	1511,34
1094	14.09.2025 15:51:13	18,97	-0,06	28,71	39,25	1511,37
1095	14.09.2025 15:51:14	18,97	-0,08	28,73	39,28	1511,40
1096	14.09.2025 15:51:15	19,00	-0,08	28,71	39,28	1511,46
1097	14.09.2025 15:51:16	19,00	-0,08	28,69	39,25	1511,43
1098	14.09.2025 15:51:17	19,03	-0,10	28,67	39,25	1511,49
1099	14.09.2025 15:51:18	19,03	-0,10	28,67	39,25	1511,49
1100	14.09.2025 15:51:19	19,06	-0,08	28,67	39,28	1511,59
1101	14.09.2025 15:51:20	19,06	-0,10	28,65	39,25	1511,56
1102	14.09.2025 15:51:21	19,06	-0,10	28,65	39,25	1511,56
1103	14.09.2025 15:51:22	19,09	-0,10	28,65	39,28	1511,65
1104	14.09.2025 15:51:23	19,09	-0,10	28,63	39,25	1511,62
1105	14.09.2025 15:51:24	19,09	-0,08	28,63	39,25	1511,62
1106	14.09.2025 15:51:25	19,12	-0,10	28,63	39,28	1511,71
1107	14.09.2025 15:51:26	19,12	-0,10	28,61	39,25	1511,68
1108	14.09.2025 15:51:27	19,12	-0,10	28,61	39,25	1511,68
1109	14.09.2025 15:51:28	19,15	-0,06	28,61	39,28	1511,78
1110	14.09.2025 15:51:29	19,15	-0,08	28,61	39,28	1511,77
1111	14.09.2025 15:51:30	19,15	-0,08	28,59	39,25	1511,75
1112	14.09.2025 15:51:31	19,18	-0,08	28,57	39,25	1511,81
1113	14.09.2025 15:51:32	19,18	-0,08	28,57	39,25	1511,81
1114	14.09.2025 15:51:33	19,18	-0,08	28,57	39,25	1511,81
1115	14.09.2025 15:51:34	19,18	-0,06	28,57	39,25	1511,81
1116	14.09.2025 15:51:35	19,21	-0,08	28,55	39,25	1511,87
1117	14.09.2025 15:51:36	19,21	-0,06	28,55	39,25	1511,88
1118	14.09.2025 15:51:37	19,21	-0,06	28,55	39,25	1511,88
1119	14.09.2025 15:51:38	19,21	-0,08	28,55	39,25	1511,87
1120	14.09.2025 15:51:39	19,21	-0,08	28,55	39,25	1511,87
1121	14.09.2025 15:51:40	19,24	-0,08	28,53	39,25	1511,93
1122	14.09.2025 15:51:41	19,24	-0,08	28,53	39,25	1511,93
1123	14.09.2025 15:51:42	19,24	-0,08	28,53	39,25	1511,93
1124	14.09.2025 15:51:43	19,24	-0,08	28,51	39,23	1511,91
1125	14.09.2025 15:51:44	19,24	-0,08	28,53	39,25	1511,93
1126	14.09.2025 15:51:45	19,24	-0,08	28,53	39,25	1511,93
1127	14.09.2025 15:51:46	19,27	-0,06	28,51	39,26	1512,00
1128	14.09.2025 15:51:47	19,27	-0,06	28,51	39,26	1512,00
1129	14.09.2025 15:51:48	19,27	-0,08	28,51	39,26	1512,00
1130	14.09.2025 15:51:49	19,27	-0,10	28,51	39,26	1511,99
1131	14.09.2025 15:51:50	19,27	-0,08	28,49	39,23	1511,97
1132	14.09.2025 15:51:51	19,27	-0,08	28,49	39,23	1511,97
1133	14.09.2025 15:51:52	19,27	-0,08	28,51	39,26	1512,00
1134	14.09.2025 15:51:53	19,27	-0,06	28,51	39,26	1512,00
1135	14.09.2025 15:51:54	19,30	-0,08	28,49	39,26	1512,06
1136	14.09.2025 15:51:55	19,30	-0,06	28,49	39,26	1512,06
1137	14.09.2025 15:51:56	19,30	-0,10	28,49	39,26	1512,06
1138	14.09.2025 15:51:57	19,30	-0,10	28,49	39,26	1512,06
1139	14.09.2025 15:51:58	19,30	-0,08	28,49	39,26	1512,06
1140	14.09.2025 15:51:59	19,30	-0,08	28,49	39,26	1512,06
1141	14.09.2025 15:52:00	19,30	-0,08	28,49	39,26	1512,06
1142	14.09.2025 15:52:01	19,33	-0,10	28,47	39,26	1512,12
1143	14.09.2025 15:52:02	19,33	-0,08	28,47	39,26	1512,12
1144	14.09.2025 15:52:03	19,33	-0,08	28,47	39,26	1512,12
1145	14.09.2025 15:52:04	19,33	-0,08	28,47	39,26	1512,12
1146	14.09.2025 15:52:05	19,33	-0,08	28,47	39,26	1512,12
1147	14.09.2025 15:52:06	19,33	-0,08	28,47	39,26	1512,12
1148	14.09.2025 15:52:07	19,33	-0,08	28,47	39,26	1512,12
1149	14.09.2025 15:52:08	19,33	-0,08	28,47	39,26	1512,12
1150	14.09.2025 15:52:09	19,33	-0,08	28,47	39,26	1512,12
1151	14.09.2025 15:52:10	19,33	-0,08	28,47	39,26	1512,12
1152	14.09.2025 15:52:11	19,33	-0,08	28,47	39,26	1512,12
1153	14.09.2025 15:52:12	19,33	-0,08	28,47	39,26	1512,12
1154	14.09.2025 15:52:13	19,36	-0,08	28,45	39,26	1512,18
1155	14.09.2025 15:52:14	19,36	-0,08	28,45	39,26	1512,18
1156	14.09.2025 15:52:15	19,36	-0,08	28,45	39,26	1512,18
1157	14.09.2025 15:52:16	19,36	-0,08	28,45	39,26	1512,18
1158	14.09.2025 15:52:17	19,36	-0,10	28,45	39,26	1512,18
1159	14.09.2025 15:52:18	19,36	-0,08	28,45	39,26	1512,18
1160	14.09.2025 15:52:19	19,36	-0,08	28,45	39,26	1512,18
1161	14.09.2025 15:52:20	19,36	-0,06	28,45	39,26	1512,19
1162	14.09.2025 15:52:21	19,36	-0,10	28,45	39,26	1512,18
1163	14.09.2025 15:52:22	19,36	-0,08	28,45	39,26	1512,18
1164	14.09.2025 15:52:23	19,36	-0,08	28,45	39,26	1512,18
1165	14.09.2025 15:52:24	19,36	-0,08	28,45	39,26	1512,18
1166	14.09.2025 15:52:25	19,36	-0,08	28,45	39,26	1512,18
1167	14.09.2025 15:52:26	19,39	-0,08	28,43	39,26	1512,25
1168	14.09.2025 15:52:27	19,39	-0,08	28,43	39,26	1512,25
1169	14.09.2025 15:52:28	19,39	-0,08	28,43	39,26	1512,25
1170	14.09.2025 15:52:29	19,39	-0,10	28,41	39,23	1512,22
1171	14.09.2025 15:52:30	19,39	-0,10	28,43	39,26	1512,24
1172	14.09.2025 15:52:31	19,39	-0,10	28,43	39,26	1512,24
1173	14.09.2025 15:52:32	19,39	-0,10	28,43	39,26	1512,24
1174	14.09.2025 15:52:33	19,39	-0,10	28,43	39,26	1512,24
1175	14.09.2025 15:52:34	19,39	-0,10	17,37	25,11	1499,62
1176	14.09.2025 15:52:35	19,39	-0,10	17,34	25,08	1499,59
1177	14.09.2025 15:52:36	19,39	-0,08	28,43	39,26	1512,25
1178	14.09.2025 15:52:37	19,39	-0,10	28,20	38,98	1511,99
1179	14.09.2025 15:52:38	19,39	-0,10	21,13	30,03	1503,92
1180	14.09.2025 15:52:39	19,39	-0,10	21,05	29,91	1503,82
1181	14.09.2025 15:52:40	19,39	-0,10	15,38	22,47	1497,35
1182	14.09.2025 15:52:41	19,39	-0,08	1,92	3,24	1481,99
1183	14.09.2025 15:52:42	19,39	-0,10	1,04	1,82	1480,99
1184	14.09.2025 15:52:43	19,39	-0,10	1,06	1,85	1481,01
1185	14.09.2025 15:52:44	19,36	-0,12	1,28	2,20	1481,16
1186	14.09.2025 15:52:45	19,36	-0,10	1,88	3,18	1481,85
1187	14.09.2025 15:52:46	19,36	-0,08	1,42	2,44	1481,33
1188	14.09.2025 15:52:47	19,33	-0,10	1,24	2,14	1481,03
1189	14.09.2025 15:52:48	19,33	-0,10	1,73	2,94	1481,59
1190	14.09.2025 15:52:49	19,33	-0,08	0,36	0,65	1480,02
1191	14.09.2025 15:52:50	19,33	-0,10	0,83	1,47	1480,56
1192	14.09.2025 15:52:51	19,33	-0,10	0,66	1,18	1480,37
1193	14.09.2025 15:52:52	19,33	-0,10	0,73	1,29	1480,44
1194	14.09.2025 15:52:53	19,30	-0,10	0,71	1,26	1480,33
1195	14.09.2025 15:52:54	19,30	-0,10	0,71	1,26	1480,33
1196	14.09.2025 15:52:55	19,30	-0,08	0,71	1,26	1480,33
1197	14.09.2025 15:52:56	19,30	-0,08	0,71	1,26	1480,33
1198	14.09.2025 15:52:57	19,30	-0,08	0,70	1,23	1480,31
1199	14.09.2025 15:52:58	19,30	-0,08	0,68	1,20	1480,29
1200	14.09.2025 15:52:59	19,30	-0,10	0,71	1,26	1480,33
1201	14.09.2025 15:53:00	19,30	-0,08	0,71	1,26	1480,33
1202	14.09.2025 15:53:01	19,30	-0,10	0,66	1,18	1480,27
1203	14.09.2025 15:53:02	19,30	-0,10	0,68	1,20	1480,29
1204	14.09.2025 15:53:03	19,27	-0,10	0,68	1,20	1480,20
1205	14.09.2025 15:53:04	19,27	-0,10	0,70	1,23	1480,22
1206	14.09.2025 15:53:05	19,27	-0,10	0,71	1,26	1480,24
1207	14.09.2025 15:53:06	19,24	-0,10	0,75	1,32	1480,18
1208	14.09.2025 15:53:07	19,24	-0,10	0,71	1,26	1480,14
1209	14.09.2025 15:53:08	19,24	-0,08	0,75	1,32	1480,19
1210	14.09.2025 15:53:09	19,24	-0,08	0,80	1,41	1480,25
1211	14.09.2025 15:53:10	19,24	-0,08	0,83	1,46	1480,29
1212	14.09.2025 15:53:11	19,21	-0,08	0,85	1,49	1480,21
1213	14.09.2025 15:53:12	19,21	-0,08	0,82	1,44	1480,17
1214	14.09.2025 15:53:13	19,21	-0,08	0,71	1,26	1480,05
1215	14.09.2025 15:53:14	19,21	-0,08	0,41	0,74	1479,71
1216	14.09.2025 15:53:15	19,21	-0,10	0,29	0,54	1479,57
1217	14.09.2025 15:53:16	19,21	-0,06	0,85	1,49	1480,22
1218	14.09.2025 15:53:17	19,21	-0,08	0,91	1,58	1480,27
1219	14.09.2025 15:53:18	19,21	-0,08	0,84	1,46	1480,19
1220	14.09.2025 15:53:19	19,21	-0,08	0,91	1,58	1480,27
1221	14.09.2025 15:53:20	19,21	-0,08	0,91	1,58	1480,27
1222	14.09.2025 15:53:21	19,18	-0,08	0,82	1,44	1480,08
1223	14.09.2025 15:53:22	19,18	-0,10	0,51	0,91	1479,73
1224	14.09.2025 15:53:23	19,18	-0,08	0,21	0,39	1479,39
1225	14.09.2025 15:53:24	19,18	-0,10	0,82	1,44	1480,08
1226	14.09.2025 15:53:25	19,18	-0,08	0,17	0,30	1479,33
1227	14.09.2025 15:53:26	19,18	-0,08	0,23	0,42	1479,41
1228	14.09.2025 15:53:27	19,18	-0,08	0,23	0,42	1479,41
1229	14.09.2025 15:53:28	19,18	-0,08	0,71	1,26	1479,96
1230	14.09.2025 15:53:29	19,18	-0,08	0,80	1,41	1480,06
1231	14.09.2025 15:53:30	19,18	-0,08	0,84	1,46	1480,10
1232	14.09.2025 15:53:31	19,18	-0,08	0,94	1,64	1480,22
1233	14.09.2025 15:53:32	19,18	-0,08	0,92	1,61	1480,20
1234	14.09.2025 15:53:33	19,18	-0,08	0,60	1,06	1479,83
1235	14.09.2025 15:53:34	19,18	-0,06	0,68	1,20	1479,93
1236	14.09.2025 15:53:35	19,18	-0,10	1,50	2,55	1480,86
1237	14.09.2025 15:53:36	19,15	-0,08	1,03	1,79	1480,23
1238	14.09.2025 15:53:37	19,15	-0,08	1,23	2,11	1480,45
1239	14.09.2025 15:53:38	19,15	-0,08	1,50	2,55	1480,77
1240	14.09.2025 15:53:39	19,15	-0,10	1,24	2,14	1480,47
1241	14.09.2025 15:53:40	19,15	-0,08	1,48	2,52	1480,75
1242	14.09.2025 15:53:41	19,15	-0,08	1,30	2,23	1480,54
1243	14.09.2025 15:53:42	19,12	-0,12	0,51	0,91	1479,54
1244	14.09.2025 15:53:43	19,12	-0,10	1,43	2,43	1480,59
1245	14.09.2025 15:53:44	19,12	-0,10	1,34	2,29	1480,48
1246	14.09.2025 15:53:45	19,09	-0,10	1,16	1,99	1480,18
1247	14.09.2025 15:53:46	19,09	-0,10	0,25	0,45	1479,14
1248	14.09.2025 15:53:47	19,09	-0,10	1,54	2,61	1480,62
1249	14.09.2025 15:53:48	19,09	-0,10	1,46	2,49	1480,54
1250	14.09.2025 15:53:49	19,09	-0,10	1,46	2,49	1480,54
1251	14.09.2025 15:53:50	19,09	-0,10	1,25	2,14	1480,29
1252	14.09.2025 15:53:51	19,09	-0,10	1,21	2,08	1480,25
1253	14.09.2025 15:53:52	19,09	-0,10	1,30	2,23	1480,35
1254	14.09.2025 15:53:53	19,06	-0,10	1,43	2,43	1480,40
1255	14.09.2025 15:53:54	19,06	-0,10	1,30	2,23	1480,26
1256	14.09.2025 15:53:55	19,06	-0,10	1,41	2,40	1480,38
1257	14.09.2025 15:53:56	19,06	-0,08	1,30	2,23	1480,26
1258	14.09.2025 15:53:57	19,06	-0,10	1,36	2,32	1480,32
1259	14.09.2025 15:53:58	19,06	-0,10	1,32	2,26	1480,28
1260	14.09.2025 15:53:59	19,06	-0,12	1,34	2,29	1480,29
1261	14.09.2025 15:54:00	19,06	-0,10	1,28	2,20	1480,24
1262	14.09.2025 15:54:01	19,06	-0,10	1,30	2,23	1480,26
1263	14.09.2025 15:54:02	19,06	-0,10	1,41	2,40	1480,38
1264	14.09.2025 15:54:03	19,03	-0,10	1,38	2,35	1480,25
1265	14.09.2025 15:54:04	19,03	-0,10	1,23	2,11	1480,08
1266	14.09.2025 15:54:05	19,03	-0,12	1,52	2,58	1480,41
1267	14.09.2025 15:54:06	19,03	-0,10	1,48	2,52	1480,37
1268	14.09.2025 15:54:07	19,03	-0,10	1,47	2,49	1480,35
1269	14.09.2025 15:54:08	19,03	-0,10	1,34	2,29	1480,20
1270	14.09.2025 15:54:09	19,03	-0,10	1,38	2,35	1480,25
1271	14.09.2025 15:54:10	19,03	-0,08	1,50	2,55	1480,40
1272	14.09.2025 15:54:11	19,03	-0,10	1,50	2,55	1480,39
1273	14.09.2025 15:54:12	19,03	-0,10	1,34	2,29	1480,20
1274	14.09.2025 15:54:13	19,03	-0,10	1,50	2,55	1480,39
1275	14.09.2025 15:54:14	19,03	-0,08	1,52	2,58	1480,42
1276	14.09.2025 15:54:15	19,03	-0,08	1,50	2,55	1480,40
1277	14.09.2025 15:54:16	19,03	-0,10	1,48	2,52	1480,37
1278	14.09.2025 15:54:17	19,03	-0,10	1,30	2,23	1480,16
1279	14.09.2025 15:54:18	19,03	-0,10	0,86	1,49	1479,65
1280	14.09.2025 15:54:19	19,03	-0,10	0,79	1,38	1479,57
1281	14.09.2025 15:54:20	19,00	-0,08	1,19	2,05	1479,95
1282	14.09.2025 15:54:21	19,00	-0,10	0,75	1,32	1479,44
1283	14.09.2025 15:54:22	19,00	-0,10	1,25	2,14	1480,01
1284	14.09.2025 15:54:23	19,00	-0,10	1,27	2,17	1480,03
1285	14.09.2025 15:54:24	19,00	-0,10	1,36	2,32	1480,13
1286	14.09.2025 15:54:25	19,00	-0,10	1,34	2,29	1480,11
1287	14.09.2025 15:54:26	19,00	-0,10	1,45	2,46	1480,24
1288	14.09.2025 15:54:27	19,00	-0,10	1,41	2,40	1480,20
1289	14.09.2025 15:54:28	19,00	-0,10	1,52	2,58	1480,32
1290	14.09.2025 15:54:29	19,00	-0,10	1,43	2,43	1480,22
1291	14.09.2025 15:54:30	19,00	-0,10	0,87	1,52	1479,58
1292	14.09.2025 15:54:31	19,00	-0,08	1,23	2,11	1479,99
1293	14.09.2025 15:54:32	19,00	-0,10	1,32	2,26	1480,09
1294	14.09.2025 15:54:33	19,00	-0,10	1,16	1,99	1479,90
1295	14.09.2025 15:54:34	19,00	-0,10	1,00	1,73	1479,72
1296	14.09.2025 15:54:35	19,00	-0,10	1,21	2,08	1479,97
1297	14.09.2025 15:54:36	19,00	-0,08	1,10	1,90	1479,85
1298	14.09.2025 15:54:37	19,00	-0,10	1,30	2,23	1480,07
1299	14.09.2025 15:54:38	18,97	-0,10	1,16	1,99	1479,81
1300	14.09.2025 15:54:39	18,97	-0,10	1,12	1,93	1479,77
1301	14.09.2025 15:54:40	18,97	-0,08	1,09	1,87	1479,73
1302	14.09.2025 15:54:41	18,97	-0,10	1,05	1,82	1479,69
1303	14.09.2025 15:54:42	18,97	-0,10	1,11	1,90	1479,75
1304	14.09.2025 15:54:43	18,97	-0,08	1,03	1,79	1479,67
1305	14.09.2025 15:54:44	18,97	-0,08	1,03	1,79	1479,67
1306	14.09.2025 15:54:45	18,97	-0,10	1,09	1,87	1479,73
1307	14.09.2025 15:54:46	18,97	-0,10	1,03	1,79	1479,67
1308	14.09.2025 15:54:47	18,97	-0,10	1,03	1,79	1479,67
1309	14.09.2025 15:54:48	18,97	-0,08	1,07	1,84	1479,71
1310	14.09.2025 15:54:49	18,97	-0,08	1,02	1,76	1479,65
1311	14.09.2025 15:54:50	18,97	-0,10	1,07	1,84	1479,71
1312	14.09.2025 15:54:51	18,97	-0,10	1,05	1,82	1479,69
1313	14.09.2025 15:54:52	18,97	-0,10	1,02	1,76	1479,65
1314	14.09.2025 15:54:53	18,97	-0,10	1,03	1,79	1479,67
1315	14.09.2025 15:54:54	18,97	-0,10	1,02	1,76	1479,65
1316	14.09.2025 15:54:55	18,97	-0,10	1,00	1,73	1479,63
1317	14.09.2025 15:54:56	18,97	-0,10	1,02	1,76	1479,65
1318	14.09.2025 15:54:57	18,97	-0,10	1,02	1,76	1479,65
1319	14.09.2025 15:54:58	18,97	-0,10	1,02	1,76	1479,65
1320	14.09.2025 15:54:59	18,97	-0,10	1,03	1,79	1479,67
1321	14.09.2025 15:55:00	18,97	-0,10	1,00	1,73	1479,63
1322	14.09.2025 15:55:01	18,97	-0,10	1,03	1,79	1479,67
1323	14.09.2025 15:55:02	18,97	-0,08	1,02	1,76	1479,65
1324	14.09.2025 15:55:03	18,97	-0,10	1,02	1,76	1479,65
1325	14.09.2025 15:55:04	18,97	-0,08	1,02	1,76	1479,65
1326	14.09.2025 15:55:05	18,97	-0,08	1,03	1,79	1479,67
1327	14.09.2025 15:55:06	18,97	-0,10	1,00	1,73	1479,63
1328	14.09.2025 15:55:07	18,97	-0,08	1,02	1,76	1479,65
1329	14.09.2025 15:55:08	18,97	-0,10	1,02	1,76	1479,65
1330	14.09.2025 15:55:09	18,97	-0,08	0,98	1,70	1479,61
1331	14.09.2025 15:55:10	18,97	-0,10	1,03	1,79	1479,67
1332	14.09.2025 15:55:11	18,97	-0,10	0,98	1,70	1479,61
1333	14.09.2025 15:55:12	18,97	-0,10	1,00	1,73	1479,63
1334	14.09.2025 15:55:13	18,97	-0,08	1,02	1,76	1479,65
1335	14.09.2025 15:55:14	18,97	-0,10	0,98	1,70	1479,61
1336	14.09.2025 15:55:15	18,97	-0,08	1,02	1,76	1479,65
1337	14.09.2025 15:55:16	18,97	-0,08	1,00	1,73	1479,63
1338	14.09.2025 15:55:17	18,97	-0,10	0,96	1,67	1479,59
1339	14.09.2025 15:55:18	18,97	-0,10	1,02	1,76	1479,65
1340	14.09.2025 15:55:19	18,97	-0,08	0,98	1,70	1479,61
1341	14.09.2025 15:55:20	18,97	-0,08	1,00	1,73	1479,63
1342	14.09.2025 15:55:21	18,97	-0,08	1,02	1,76	1479,65
1343	14.09.2025 15:55:22	18,97	-0,08	0,95	1,64	1479,57
1344	14.09.2025 15:55:23	18,97	-0,08	1,02	1,76	1479,65
1345	14.09.2025 15:55:24	18,97	-0,08	1,00	1,73	1479,63
1346	14.09.2025 15:55:25	18,97	-0,10	0,96	1,67	1479,59
1347	14.09.2025 15:55:26	18,97	-0,10	1,02	1,76	1479,65
1348	14.09.2025 15:55:27	18,97	-0,10	0,98	1,70	1479,61
1349	14.09.2025 15:55:28	18,97	-0,08	0,98	1,70	1479,61
1350	14.09.2025 15:55:29	18,97	-0,10	0,98	1,70	1479,61
1351	14.09.2025 15:55:30	18,97	-0,08	0,98	1,70	1479,61
1352	14.09.2025 15:55:31	18,97	-0,10	0,95	1,64	1479,57
1353	14.09.2025 15:55:32	18,97	-0,08	1,00	1,73	1479,63
1354	14.09.2025 15:55:33	18,97	-0,10	0,96	1,67	1479,59
1355	14.09.2025 15:55:34	18,97	-0,10	0,98	1,70	1479,61
1356	14.09.2025 15:55:35	18,97	-0,10	1,00	1,73	1479,63
1357	14.09.2025 15:55:36	18,97	-0,10	0,95	1,64	1479,57
1358	14.09.2025 15:55:37	18,97	-0,10	1,00	1,73	1479,63
1359	14.09.2025 15:55:38	18,97	-0,08	0,98	1,70	1479,61
1360	14.09.2025 15:55:39	18,97	-0,10	0,95	1,64	1479,57
1361	14.09.2025 15:55:40	18,97	-0,10	1,00	1,73	1479,63
1362	14.09.2025 15:55:41	18,97	-0,08	0,96	1,67	1479,59
1363	14.09.2025 15:55:42	18,97	-0,10	0,98	1,70	1479,61
1364	14.09.2025 15:55:43	18,97	-0,10	0,98	1,70	1479,61
1365	14.09.2025 15:55:44	19,00	-0,10	0,98	1,70	1479,70
1366	14.09.2025 15:55:45	18,97	-0,10	0,96	1,67	1479,59
1367	14.09.2025 15:55:46	18,97	-0,10	0,95	1,64	1479,57
1368	14.09.2025 15:55:47	18,97	-0,10	0,96	1,67	1479,59
1369	14.09.2025 15:55:48	18,97	-0,10	0,98	1,70	1479,61
1370	14.09.2025 15:55:49	18,97	-0,10	0,93	1,61	1479,55
1371	14.09.2025 15:55:50	19,00	-0,08	0,98	1,70	1479,70
1372	14.09.2025 15:55:51	18,97	-0,10	0,98	1,70	1479,61
1373	14.09.2025 15:55:52	18,97	-0,10	0,95	1,64	1479,57
1374	14.09.2025 15:55:53	19,00	-0,10	1,10	1,90	1479,84
1375	14.09.2025 15:55:54	18,97	-0,10	1,51	2,55	1480,21
1376	14.09.2025 15:55:55	19,00	-0,10	1,21	2,08	1479,97
1377	14.09.2025 15:55:56	18,97	-0,10	0,36	0,65	1478,90
1378	14.09.2025 15:55:57	18,97	-0,10	0,30	0,54	1478,82
1379	14.09.2025 15:55:58	19,00	-0,13	0,41	0,74	1479,04
1380	14.09.2025 15:55:59	19,12	-0,13	0,68	1,20	1479,73
1381	14.09.2025 15:56:00	19,24	-0,17	0,73	1,29	1480,15
1382	14.09.2025 15:56:01	19,33	-0,13	0,97	1,70	1480,71
1383	14.09.2025 15:56:02	19,42	-0,17	0,44	0,80	1480,38
1384	14.09.2025 15:56:03	19,47	-0,13	1,11	1,93	1481,34
1385	14.09.2025 15:56:04	19,50	-0,12	0,57	1,03	1480,82
1386	14.09.2025 15:56:05	19,56	-0,12	0,36	0,65	1480,76
1387	14.09.2025 15:56:06	19,62	-0,13	0,27	0,51	1480,85
1388	14.09.2025 15:56:07	19,68	-0,17	0,40	0,74	1481,17
