#B	Created:	07.09.2025 13:32:58
##	Version	SeaStar	9.59
#5	Field separation:	0
#2	Date & Time:	1
#6	Decimal point:	,
#7	Date def.:	dd.mm.yyyy	.
#8	Time def.:	:
##	Axis	0	Temperature(°C)	clRed	FALSE
##	Axis	1	Pressure(Bar)	clBlue	FALSE
##	Axis	2	Salinity(psu)	clGreen	FALSE
##	Axis	3	Conductivity(mS/cm)	$00FF80FF	FALSE
##	Axis	4	Sound Velocity(m/sec)	$00404080	FALSE
##	Series	0	Temp(°C)	clRed	0	Temp(°C)	2
##	Series	1	Press(Bar)	clBlue	1	Press(Bar)	2
##	Series	2	Salinity(psu)	clGreen	2	Salinity(psu)	2
##	Series	3	Conduct(mS/cm)	$00FF80FF	3	Conduct(mS/cm)	2
##	Series	4	Sound Velocity(m/sec)	$00404080	4	Velocity(m/sec)	2
##	Recorder	29	DST CTD	13525
##	Chart	29S13525DAT	
#D	Data:	1518	07.09.2025 13:07:00	07.09.2025 13:32:17
1	07.09.2025 13:07:00	23,25	-0,05	0,01	0,00	1491,45
2	07.09.2025 13:07:01	23,27	-0,05	0,01	0,00	1491,53
3	07.09.2025 13:07:02	23,27	-0,06	0,01	0,00	1491,53
4	07.09.2025 13:07:03	23,27	-0,06	0,01	0,00	1491,53
5	07.09.2025 13:07:04	23,27	-0,06	0,01	0,00	1491,53
6	07.09.2025 13:07:05	23,27	-0,05	0,01	0,00	1491,53
7	07.09.2025 13:07:06	23,27	-0,05	0,01	0,00	1491,53
8	07.09.2025 13:07:07	23,27	-0,05	0,01	0,00	1491,53
9	07.09.2025 13:07:08	23,27	-0,05	0,02	0,02	1491,53
10	07.09.2025 13:07:09	23,27	-0,05	0,02	0,02	1491,53
11	07.09.2025 13:07:10	23,27	-0,05	0,01	0,00	1491,53
12	07.09.2025 13:07:11	23,27	-0,06	0,01	0,00	1491,53
13	07.09.2025 13:07:12	23,27	-0,05	0,02	0,02	1491,53
14	07.09.2025 13:07:13	23,27	-0,05	0,01	0,00	1491,53
15	07.09.2025 13:07:14	23,27	-0,05	0,01	0,00	1491,53
16	07.09.2025 13:07:15	23,27	-0,05	0,01	0,00	1491,53
17	07.09.2025 13:07:16	23,27	-0,06	0,01	0,00	1491,53
18	07.09.2025 13:07:17	23,27	-0,06	0,02	0,02	1491,53
19	07.09.2025 13:07:18	23,27	-0,05	0,01	0,00	1491,53
20	07.09.2025 13:07:19	23,27	-0,05	0,02	0,02	1491,53
21	07.09.2025 13:07:20	23,27	-0,06	0,01	0,00	1491,53
22	07.09.2025 13:07:21	23,25	-0,05	0,02	0,02	1491,45
23	07.09.2025 13:07:22	23,25	-0,05	0,02	0,02	1491,45
24	07.09.2025 13:07:23	23,25	-0,05	0,02	0,02	1491,45
25	07.09.2025 13:07:24	23,25	-0,06	0,01	0,00	1491,44
26	07.09.2025 13:07:25	23,25	-0,05	0,01	0,00	1491,45
27	07.09.2025 13:07:26	23,25	-0,05	0,02	0,02	1491,45
28	07.09.2025 13:07:27	23,25	-0,06	0,01	0,00	1491,44
29	07.09.2025 13:07:28	23,25	-0,06	0,02	0,02	1491,45
30	07.09.2025 13:07:29	23,25	-0,05	0,01	0,00	1491,45
31	07.09.2025 13:07:30	23,25	-0,06	0,01	0,00	1491,44
32	07.09.2025 13:07:31	23,25	-0,05	0,02	0,02	1491,45
33	07.09.2025 13:07:32	23,25	-0,05	0,02	0,02	1491,45
34	07.09.2025 13:07:33	23,25	-0,05	0,01	0,00	1491,45
35	07.09.2025 13:07:34	23,25	-0,05	0,01	0,00	1491,45
36	07.09.2025 13:07:35	23,25	-0,05	0,02	0,02	1491,45
37	07.09.2025 13:07:36	23,25	-0,05	0,02	0,02	1491,45
38	07.09.2025 13:07:37	23,25	-0,05	0,02	0,02	1491,45
39	07.09.2025 13:07:38	23,25	-0,05	0,02	0,02	1491,45
40	07.09.2025 13:07:39	23,25	-0,05	0,02	0,02	1491,45
41	07.09.2025 13:07:40	23,25	-0,05	0,02	0,02	1491,45
42	07.09.2025 13:07:41	23,25	-0,06	0,01	0,00	1491,44
43	07.09.2025 13:07:42	23,25	-0,05	0,02	0,02	1491,45
44	07.09.2025 13:07:43	23,25	-0,05	0,02	0,02	1491,45
45	07.09.2025 13:07:44	23,22	-0,06	0,02	0,02	1491,36
46	07.09.2025 13:07:45	23,22	-0,06	0,02	0,02	1491,36
47	07.09.2025 13:07:46	23,22	-0,05	0,02	0,02	1491,37
48	07.09.2025 13:07:47	23,22	-0,05	0,02	0,02	1491,37
49	07.09.2025 13:07:48	23,22	-0,05	0,02	0,02	1491,37
50	07.09.2025 13:07:49	23,22	-0,06	0,01	0,00	1491,36
51	07.09.2025 13:07:50	23,22	-0,05	0,02	0,02	1491,37
52	07.09.2025 13:07:51	23,22	-0,05	0,02	0,02	1491,37
53	07.09.2025 13:07:52	23,22	-0,05	0,02	0,02	1491,37
54	07.09.2025 13:07:53	23,22	-0,06	0,02	0,02	1491,36
55	07.09.2025 13:07:54	23,22	-0,05	0,02	0,02	1491,37
56	07.09.2025 13:07:55	23,22	-0,06	0,01	0,00	1491,36
57	07.09.2025 13:07:56	23,22	-0,05	0,01	0,00	1491,36
58	07.09.2025 13:07:57	23,22	-0,05	0,01	0,00	1491,36
59	07.09.2025 13:07:58	23,22	-0,03	0,02	0,02	1491,37
60	07.09.2025 13:07:59	23,22	-0,05	0,01	0,00	1491,36
61	07.09.2025 13:08:00	23,22	-0,05	0,01	0,00	1491,36
62	07.09.2025 13:08:01	23,22	-0,05	0,02	0,02	1491,37
63	07.09.2025 13:08:02	23,22	-0,05	0,02	0,02	1491,37
64	07.09.2025 13:08:03	23,19	-0,05	0,02	0,02	1491,28
65	07.09.2025 13:08:04	23,19	-0,05	0,02	0,02	1491,28
66	07.09.2025 13:08:05	23,19	-0,05	0,02	0,02	1491,28
67	07.09.2025 13:08:06	23,19	-0,06	0,02	0,02	1491,28
68	07.09.2025 13:08:07	23,19	-0,05	0,02	0,02	1491,28
69	07.09.2025 13:08:08	23,19	-0,05	0,02	0,02	1491,28
70	07.09.2025 13:08:09	23,19	-0,05	0,02	0,02	1491,28
71	07.09.2025 13:08:10	23,19	-0,05	0,02	0,02	1491,28
72	07.09.2025 13:08:11	23,19	-0,06	0,02	0,02	1491,28
73	07.09.2025 13:08:12	23,19	-0,05	0,01	0,00	1491,28
74	07.09.2025 13:08:13	23,19	-0,06	0,02	0,02	1491,28
75	07.09.2025 13:08:14	23,19	-0,05	0,02	0,02	1491,28
76	07.09.2025 13:08:15	23,19	-0,05	0,01	0,00	1491,28
77	07.09.2025 13:08:16	23,19	-0,06	0,01	0,00	1491,28
78	07.09.2025 13:08:17	23,19	-0,05	0,02	0,02	1491,28
79	07.09.2025 13:08:18	23,19	-0,05	0,02	0,02	1491,28
80	07.09.2025 13:08:19	23,19	-0,05	0,02	0,02	1491,28
81	07.09.2025 13:08:20	23,16	-0,05	0,01	0,00	1491,20
82	07.09.2025 13:08:21	23,16	-0,05	0,02	0,02	1491,20
83	07.09.2025 13:08:22	23,16	-0,05	0,02	0,02	1491,20
84	07.09.2025 13:08:23	23,16	-0,05	0,02	0,02	1491,20
85	07.09.2025 13:08:24	23,16	-0,05	0,02	0,02	1491,20
86	07.09.2025 13:08:25	23,16	-0,05	0,02	0,02	1491,20
87	07.09.2025 13:08:26	23,16	-0,05	0,02	0,02	1491,20
88	07.09.2025 13:08:27	23,16	-0,05	0,02	0,02	1491,20
89	07.09.2025 13:08:28	23,16	-0,05	0,01	0,00	1491,20
90	07.09.2025 13:08:29	23,16	-0,05	0,02	0,02	1491,20
91	07.09.2025 13:08:30	23,16	-0,05	0,02	0,02	1491,20
92	07.09.2025 13:08:31	23,16	-0,05	0,02	0,02	1491,20
93	07.09.2025 13:08:32	23,16	-0,05	0,02	0,02	1491,20
94	07.09.2025 13:08:33	23,16	-0,05	0,02	0,02	1491,20
95	07.09.2025 13:08:34	23,13	-0,05	0,02	0,02	1491,12
96	07.09.2025 13:08:35	23,16	-0,05	0,02	0,02	1491,20
97	07.09.2025 13:08:36	23,13	-0,06	0,02	0,02	1491,11
98	07.09.2025 13:08:37	23,13	-0,05	0,02	0,02	1491,12
99	07.09.2025 13:08:38	23,13	-0,05	0,01	0,00	1491,11
100	07.09.2025 13:08:39	23,13	-0,06	0,02	0,02	1491,11
101	07.09.2025 13:08:40	23,13	-0,05	0,02	0,02	1491,12
102	07.09.2025 13:08:41	23,13	-0,03	0,02	0,02	1491,12
103	07.09.2025 13:08:42	23,13	-0,06	0,01	0,00	1491,11
104	07.09.2025 13:08:43	23,13	-0,05	0,02	0,02	1491,12
105	07.09.2025 13:08:44	23,10	-0,05	0,02	0,02	1491,03
106	07.09.2025 13:08:45	23,10	-0,03	0,02	0,02	1491,04
107	07.09.2025 13:08:46	23,10	-0,05	0,02	0,02	1491,03
108	07.09.2025 13:08:47	23,10	-0,05	0,02	0,02	1491,03
109	07.09.2025 13:08:48	23,10	-0,05	0,02	0,02	1491,03
110	07.09.2025 13:08:49	23,10	-0,05	0,02	0,02	1491,03
111	07.09.2025 13:08:50	23,10	-0,05	0,02	0,02	1491,03
112	07.09.2025 13:08:51	23,07	-0,06	0,01	0,00	1490,94
113	07.09.2025 13:08:52	23,07	-0,06	0,02	0,02	1490,95
114	07.09.2025 13:08:53	23,07	-0,06	0,02	0,02	1490,95
115	07.09.2025 13:08:54	23,07	-0,06	0,02	0,02	1490,95
116	07.09.2025 13:08:55	23,07	-0,06	0,02	0,02	1490,95
117	07.09.2025 13:08:56	23,07	-0,06	0,02	0,02	1490,95
118	07.09.2025 13:08:57	23,07	-0,06	0,02	0,02	1490,95
119	07.09.2025 13:08:58	23,07	-0,06	0,02	0,02	1490,95
120	07.09.2025 13:08:59	23,07	-0,06	0,02	0,02	1490,95
121	07.09.2025 13:09:00	23,04	-0,06	0,02	0,02	1490,86
122	07.09.2025 13:09:01	23,04	-0,06	0,02	0,02	1490,86
123	07.09.2025 13:09:02	23,04	-0,06	0,01	0,00	1490,86
124	07.09.2025 13:09:03	23,04	-0,05	0,02	0,02	1490,87
125	07.09.2025 13:09:04	23,04	-0,06	0,02	0,02	1490,86
126	07.09.2025 13:09:05	23,04	-0,05	0,02	0,02	1490,87
127	07.09.2025 13:09:06	23,04	-0,06	0,02	0,02	1490,86
128	07.09.2025 13:09:07	23,04	-0,06	0,01	0,00	1490,86
129	07.09.2025 13:09:08	23,04	-0,06	0,02	0,02	1490,86
130	07.09.2025 13:09:09	23,04	-0,06	0,02	0,02	1490,86
131	07.09.2025 13:09:10	23,04	-0,05	0,02	0,02	1490,87
132	07.09.2025 13:09:11	23,04	-0,06	0,02	0,02	1490,86
133	07.09.2025 13:09:12	23,01	-0,05	0,02	0,02	1490,78
134	07.09.2025 13:09:13	23,01	-0,06	0,02	0,02	1490,78
135	07.09.2025 13:09:14	23,01	-0,06	0,02	0,02	1490,78
136	07.09.2025 13:09:15	23,01	-0,05	0,02	0,02	1490,78
137	07.09.2025 13:09:16	23,01	-0,05	0,02	0,02	1490,78
138	07.09.2025 13:09:17	23,01	-0,05	0,02	0,02	1490,78
139	07.09.2025 13:09:18	23,01	-0,06	0,02	0,02	1490,78
140	07.09.2025 13:09:19	23,01	-0,06	0,02	0,02	1490,78
141	07.09.2025 13:09:20	23,01	-0,05	0,02	0,02	1490,78
142	07.09.2025 13:09:21	23,01	-0,05	0,02	0,02	1490,78
143	07.09.2025 13:09:22	23,01	-0,06	0,02	0,02	1490,78
144	07.09.2025 13:09:23	23,01	-0,05	0,02	0,02	1490,78
145	07.09.2025 13:09:24	22,98	-0,06	0,01	0,00	1490,69
146	07.09.2025 13:09:25	22,98	-0,05	0,02	0,02	1490,70
147	07.09.2025 13:09:26	22,98	-0,05	0,02	0,02	1490,70
148	07.09.2025 13:09:27	22,98	-0,06	0,02	0,02	1490,69
149	07.09.2025 13:09:28	22,98	-0,05	0,02	0,02	1490,70
150	07.09.2025 13:09:29	22,98	-0,06	0,01	0,00	1490,69
151	07.09.2025 13:09:30	22,98	-0,06	0,02	0,02	1490,69
152	07.09.2025 13:09:31	22,98	-0,06	0,02	0,02	1490,69
153	07.09.2025 13:09:32	22,98	-0,06	0,02	0,02	1490,69
154	07.09.2025 13:09:33	22,95	-0,06	0,02	0,02	1490,61
155	07.09.2025 13:09:34	22,95	-0,06	0,01	0,00	1490,61
156	07.09.2025 13:09:35	22,95	-0,05	0,02	0,02	1490,61
157	07.09.2025 13:09:36	22,95	-0,05	0,02	0,02	1490,61
158	07.09.2025 13:09:37	22,95	-0,05	0,02	0,02	1490,61
159	07.09.2025 13:09:38	22,95	-0,05	0,02	0,02	1490,61
160	07.09.2025 13:09:39	22,95	-0,05	0,02	0,02	1490,61
161	07.09.2025 13:09:40	22,95	-0,06	0,02	0,02	1490,61
162	07.09.2025 13:09:41	22,95	-0,05	0,02	0,02	1490,61
163	07.09.2025 13:09:42	22,95	-0,05	0,02	0,02	1490,61
164	07.09.2025 13:09:43	22,95	-0,05	0,02	0,02	1490,61
165	07.09.2025 13:09:44	22,93	-0,05	0,01	0,00	1490,52
166	07.09.2025 13:09:45	22,93	-0,05	0,01	0,00	1490,52
167	07.09.2025 13:09:46	22,93	-0,05	0,02	0,02	1490,53
168	07.09.2025 13:09:47	22,93	-0,05	0,01	0,00	1490,52
169	07.09.2025 13:09:48	22,93	-0,05	0,02	0,02	1490,53
170	07.09.2025 13:09:49	22,93	-0,05	0,02	0,02	1490,53
171	07.09.2025 13:09:50	22,93	-0,06	0,02	0,02	1490,53
172	07.09.2025 13:09:51	22,93	-0,05	0,02	0,02	1490,53
173	07.09.2025 13:09:52	22,93	-0,05	0,02	0,02	1490,53
174	07.09.2025 13:09:53	22,93	-0,05	0,02	0,02	1490,53
175	07.09.2025 13:09:54	22,90	-0,06	0,02	0,02	1490,44
176	07.09.2025 13:09:55	22,90	-0,05	0,02	0,02	1490,45
177	07.09.2025 13:09:56	22,90	-0,06	0,02	0,02	1490,44
178	07.09.2025 13:09:57	22,90	-0,05	0,01	0,00	1490,44
179	07.09.2025 13:09:58	22,90	-0,05	0,02	0,02	1490,45
180	07.09.2025 13:09:59	22,90	-0,05	0,01	0,00	1490,44
181	07.09.2025 13:10:00	22,90	-0,05	0,02	0,02	1490,45
182	07.09.2025 13:10:01	22,90	-0,05	0,02	0,02	1490,45
183	07.09.2025 13:10:02	22,90	-0,05	0,02	0,02	1490,45
184	07.09.2025 13:10:03	22,90	-0,05	0,02	0,02	1490,45
185	07.09.2025 13:10:04	22,87	-0,05	0,02	0,02	1490,36
186	07.09.2025 13:10:05	22,87	-0,05	0,01	0,00	1490,36
187	07.09.2025 13:10:06	22,87	-0,05	0,01	0,00	1490,36
188	07.09.2025 13:10:07	22,87	-0,05	0,02	0,02	1490,36
189	07.09.2025 13:10:08	22,87	-0,05	0,01	0,00	1490,36
190	07.09.2025 13:10:09	22,87	-0,05	0,02	0,02	1490,36
191	07.09.2025 13:10:10	22,87	-0,05	0,02	0,02	1490,36
192	07.09.2025 13:10:11	22,87	-0,05	0,02	0,02	1490,36
193	07.09.2025 13:10:12	22,87	-0,05	0,02	0,02	1490,36
194	07.09.2025 13:10:13	22,87	-0,06	0,02	0,02	1490,36
195	07.09.2025 13:10:14	22,84	-0,05	0,01	0,00	1490,27
196	07.09.2025 13:10:15	22,84	-0,05	0,02	0,02	1490,28
197	07.09.2025 13:10:16	22,84	-0,05	0,01	0,00	1490,27
198	07.09.2025 13:10:17	22,84	-0,05	0,02	0,02	1490,28
199	07.09.2025 13:10:18	22,84	-0,05	0,02	0,02	1490,28
200	07.09.2025 13:10:19	22,84	-0,05	0,02	0,02	1490,28
201	07.09.2025 13:10:20	22,84	-0,05	0,02	0,02	1490,28
202	07.09.2025 13:10:21	22,84	-0,05	0,02	0,02	1490,28
203	07.09.2025 13:10:22	22,84	-0,05	0,02	0,02	1490,28
204	07.09.2025 13:10:23	22,81	-0,06	0,02	0,02	1490,19
205	07.09.2025 13:10:24	22,81	-0,05	0,01	0,00	1490,19
206	07.09.2025 13:10:25	22,81	-0,05	0,02	0,02	1490,19
207	07.09.2025 13:10:26	22,81	-0,05	0,02	0,02	1490,19
208	07.09.2025 13:10:27	22,81	-0,05	0,02	0,02	1490,19
209	07.09.2025 13:10:28	22,81	-0,05	0,02	0,02	1490,19
210	07.09.2025 13:10:29	22,78	-0,35	27,40	40,78	1520,36
211	07.09.2025 13:10:30	22,40	-0,21	26,83	39,70	1518,75
212	07.09.2025 13:10:31	21,99	-0,15	27,31	40,01	1518,21
213	07.09.2025 13:10:32	21,67	-0,08	27,55	40,06	1517,63
214	07.09.2025 13:10:33	21,50	-0,01	26,97	39,15	1516,51
215	07.09.2025 13:10:34	21,35	0,01	27,54	39,77	1516,75
216	07.09.2025 13:10:35	21,24	0,03	27,74	39,94	1516,67
217	07.09.2025 13:10:36	21,15	0,04	27,82	39,96	1516,51
218	07.09.2025 13:10:37	21,06	0,03	27,85	39,94	1516,31
219	07.09.2025 13:10:38	21,00	0,01	27,91	39,96	1516,21
220	07.09.2025 13:10:39	20,94	0,01	27,95	39,96	1516,09
221	07.09.2025 13:10:40	20,88	-0,01	27,99	39,96	1515,97
222	07.09.2025 13:10:41	20,83	0,01	28,00	39,93	1515,83
223	07.09.2025 13:10:42	20,80	0,01	28,02	39,93	1515,77
224	07.09.2025 13:10:43	20,77	-0,01	28,04	39,93	1515,71
225	07.09.2025 13:10:44	20,74	-0,03	28,08	39,96	1515,67
226	07.09.2025 13:10:45	20,71	-0,03	28,08	39,93	1515,58
227	07.09.2025 13:10:46	20,68	-0,03	28,08	39,90	1515,50
228	07.09.2025 13:10:47	20,68	-0,05	28,05	39,87	1515,47
229	07.09.2025 13:10:48	20,65	-0,03	28,07	39,87	1515,42
230	07.09.2025 13:10:49	20,62	-0,03	28,07	39,84	1515,33
231	07.09.2025 13:10:50	20,59	-0,03	28,09	39,84	1515,27
232	07.09.2025 13:10:51	20,56	-0,01	28,13	39,87	1515,24
233	07.09.2025 13:10:52	20,53	-0,01	28,15	39,87	1515,18
234	07.09.2025 13:10:53	20,50	-0,01	28,17	39,87	1515,12
235	07.09.2025 13:10:54	20,50	-0,01	28,17	39,87	1515,12
236	07.09.2025 13:10:55	20,47	-0,03	28,16	39,84	1515,03
237	07.09.2025 13:10:56	20,44	-0,05	28,18	39,84	1514,97
238	07.09.2025 13:10:57	20,42	-0,05	28,22	39,87	1514,93
239	07.09.2025 13:10:58	20,39	-0,06	28,22	39,84	1514,84
240	07.09.2025 13:10:59	20,36	-0,05	28,24	39,84	1514,79
241	07.09.2025 13:11:00	20,33	-0,03	28,26	39,84	1514,73
242	07.09.2025 13:11:01	20,30	-0,03	28,28	39,84	1514,67
243	07.09.2025 13:11:02	20,30	-0,03	28,28	39,84	1514,67
244	07.09.2025 13:11:03	20,27	-0,05	28,30	39,84	1514,60
245	07.09.2025 13:11:04	20,24	-0,05	28,32	39,84	1514,54
246	07.09.2025 13:11:05	20,24	-0,03	28,32	39,84	1514,55
247	07.09.2025 13:11:06	20,21	-0,03	28,31	39,81	1514,46
248	07.09.2025 13:11:07	20,18	-0,03	28,36	39,83	1514,43
249	07.09.2025 13:11:08	20,18	-0,03	28,35	39,83	1514,43
250	07.09.2025 13:11:09	20,15	-0,03	28,37	39,83	1514,36
251	07.09.2025 13:11:10	20,15	-0,05	28,35	39,81	1514,34
252	07.09.2025 13:11:11	20,12	-0,05	28,37	39,81	1514,28
253	07.09.2025 13:11:12	20,09	-0,05	28,41	39,83	1514,24
254	07.09.2025 13:11:13	20,09	-0,05	28,41	39,83	1514,24
255	07.09.2025 13:11:14	20,06	-0,05	28,43	39,83	1514,18
256	07.09.2025 13:11:15	20,06	-0,05	28,45	39,86	1514,20
257	07.09.2025 13:11:16	20,03	-0,05	28,47	39,86	1514,14
258	07.09.2025 13:11:17	20,03	-0,05	28,45	39,83	1514,12
259	07.09.2025 13:11:18	20,03	-0,05	28,47	39,86	1514,14
260	07.09.2025 13:11:19	20,00	-0,05	28,49	39,86	1514,08
261	07.09.2025 13:11:20	20,00	-0,03	28,49	39,86	1514,09
262	07.09.2025 13:11:21	20,00	-0,03	28,49	39,86	1514,09
263	07.09.2025 13:11:22	19,97	-0,03	28,51	39,86	1514,03
264	07.09.2025 13:11:23	19,97	-0,03	28,54	39,89	1514,05
265	07.09.2025 13:11:24	19,95	-0,03	28,53	39,86	1513,96
266	07.09.2025 13:11:25	19,95	-0,01	28,53	39,86	1513,97
267	07.09.2025 13:11:26	19,95	-0,01	28,46	39,77	1513,89
268	07.09.2025 13:11:27	19,92	0,01	28,48	39,77	1513,83
269	07.09.2025 13:11:28	19,92	0,01	28,51	39,80	1513,86
270	07.09.2025 13:11:29	19,92	0,01	28,48	39,77	1513,83
271	07.09.2025 13:11:30	19,89	0,04	28,48	39,74	1513,75
272	07.09.2025 13:11:31	19,89	0,04	28,48	39,74	1513,75
273	07.09.2025 13:11:32	19,86	0,04	28,52	39,77	1513,72
274	07.09.2025 13:11:33	19,86	0,06	28,52	39,77	1513,72
275	07.09.2025 13:11:34	19,86	0,08	28,55	39,80	1513,75
276	07.09.2025 13:11:35	19,86	0,10	28,55	39,80	1513,75
277	07.09.2025 13:11:36	19,83	0,12	28,56	39,80	1513,69
278	07.09.2025 13:11:37	19,83	0,13	28,59	39,83	1513,72
279	07.09.2025 13:11:38	19,83	0,13	28,63	39,88	1513,77
280	07.09.2025 13:11:39	19,80	0,13	28,61	39,83	1513,66
281	07.09.2025 13:11:40	19,80	0,21	28,63	39,86	1513,70
282	07.09.2025 13:11:41	19,80	0,22	28,63	39,86	1513,70
283	07.09.2025 13:11:42	19,80	0,21	28,58	39,80	1513,64
284	07.09.2025 13:11:43	19,77	0,19	28,63	39,83	1513,61
285	07.09.2025 13:11:44	19,77	0,22	28,63	39,83	1513,61
286	07.09.2025 13:11:45	19,77	0,26	28,63	39,83	1513,62
287	07.09.2025 13:11:46	19,74	0,24	28,65	39,83	1513,55
288	07.09.2025 13:11:47	19,74	0,26	28,65	39,83	1513,56
289	07.09.2025 13:11:48	19,74	0,30	28,67	39,85	1513,59
290	07.09.2025 13:11:49	19,74	0,28	28,69	39,88	1513,61
291	07.09.2025 13:11:50	19,74	0,31	28,67	39,85	1513,59
292	07.09.2025 13:11:51	19,74	0,31	28,65	39,83	1513,57
293	07.09.2025 13:11:52	19,71	0,31	28,64	39,80	1513,48
294	07.09.2025 13:11:53	19,71	0,31	28,64	39,80	1513,48
295	07.09.2025 13:11:54	19,68	0,31	28,68	39,83	1513,44
296	07.09.2025 13:11:55	19,68	0,35	28,66	39,80	1513,42
297	07.09.2025 13:11:56	19,68	0,35	28,66	39,80	1513,42
298	07.09.2025 13:11:57	19,68	0,37	28,68	39,83	1513,45
299	07.09.2025 13:11:58	19,68	0,37	28,68	39,83	1513,45
300	07.09.2025 13:11:59	19,65	0,40	28,73	39,85	1513,42
301	07.09.2025 13:12:00	19,65	0,44	28,70	39,83	1513,40
302	07.09.2025 13:12:01	19,65	0,46	28,70	39,83	1513,40
303	07.09.2025 13:12:02	19,65	0,46	28,70	39,83	1513,40
304	07.09.2025 13:12:03	19,65	0,47	28,70	39,83	1513,41
305	07.09.2025 13:12:04	19,65	0,49	28,70	39,83	1513,41
306	07.09.2025 13:12:05	19,62	0,51	28,72	39,82	1513,35
307	07.09.2025 13:12:06	19,62	0,53	28,72	39,82	1513,35
308	07.09.2025 13:12:07	19,62	0,55	28,72	39,82	1513,36
309	07.09.2025 13:12:08	19,62	0,56	28,72	39,82	1513,36
310	07.09.2025 13:12:09	19,62	0,58	28,77	39,88	1513,41
311	07.09.2025 13:12:10	19,62	0,60	28,77	39,88	1513,42
312	07.09.2025 13:12:11	19,62	0,64	28,77	39,88	1513,42
313	07.09.2025 13:12:12	19,62	0,64	28,72	39,82	1513,37
314	07.09.2025 13:12:13	19,62	0,65	28,70	39,80	1513,35
315	07.09.2025 13:12:14	19,59	0,69	28,72	39,80	1513,29
316	07.09.2025 13:12:15	19,59	0,69	28,72	39,80	1513,29
317	07.09.2025 13:12:16	19,59	0,74	28,77	39,85	1513,35
318	07.09.2025 13:12:17	19,59	0,78	28,74	39,82	1513,33
319	07.09.2025 13:12:18	19,59	0,78	28,63	39,68	1513,20
320	07.09.2025 13:12:19	19,56	0,78	28,56	39,57	1513,04
321	07.09.2025 13:12:20	19,50	0,79	28,53	39,48	1512,84
322	07.09.2025 13:12:21	19,47	0,81	28,60	39,54	1512,83
323	07.09.2025 13:12:22	19,42	0,82	28,59	39,48	1512,66
324	07.09.2025 13:12:23	19,42	0,80	28,59	39,48	1512,66
325	07.09.2025 13:12:24	19,39	0,80	28,63	39,51	1512,62
326	07.09.2025 13:12:25	19,36	0,82	28,65	39,51	1512,56
327	07.09.2025 13:12:26	19,36	0,80	28,67	39,54	1512,58
328	07.09.2025 13:12:27	19,36	0,80	28,70	39,57	1512,61
329	07.09.2025 13:12:28	19,36	0,82	28,72	39,59	1512,64
330	07.09.2025 13:12:29	19,36	0,82	28,72	39,59	1512,64
331	07.09.2025 13:12:30	19,36	0,82	28,74	39,62	1512,66
332	07.09.2025 13:12:31	19,36	0,82	28,77	39,65	1512,69
333	07.09.2025 13:12:32	19,39	0,82	28,72	39,62	1512,73
334	07.09.2025 13:12:33	19,39	0,82	28,75	39,65	1512,75
335	07.09.2025 13:12:34	19,39	0,80	28,77	39,68	1512,78
336	07.09.2025 13:12:35	19,39	0,80	28,77	39,68	1512,78
337	07.09.2025 13:12:36	19,39	0,80	28,75	39,65	1512,75
338	07.09.2025 13:12:37	19,39	0,80	28,77	39,68	1512,78
339	07.09.2025 13:12:38	19,39	0,82	28,72	39,62	1512,73
340	07.09.2025 13:12:39	19,39	0,86	28,68	39,57	1512,68
341	07.09.2025 13:12:40	19,36	0,87	28,61	39,45	1512,52
342	07.09.2025 13:12:41	19,33	0,89	28,51	39,31	1512,33
343	07.09.2025 13:12:42	19,30	0,90	28,51	39,28	1512,24
344	07.09.2025 13:12:43	19,24	0,94	28,46	39,17	1512,02
345	07.09.2025 13:12:44	19,18	0,97	28,47	39,14	1511,87
346	07.09.2025 13:12:45	19,12	0,97	28,47	39,08	1511,70
347	07.09.2025 13:12:46	19,06	0,96	28,46	39,03	1511,52
348	07.09.2025 13:12:47	19,00	0,98	28,43	38,94	1511,32
349	07.09.2025 13:12:48	18,94	0,99	28,50	38,97	1511,22
350	07.09.2025 13:12:49	18,91	0,99	28,56	39,02	1511,21
351	07.09.2025 13:12:50	18,88	1,01	28,63	39,08	1511,20
352	07.09.2025 13:12:51	18,88	0,97	28,65	39,11	1511,22
353	07.09.2025 13:12:52	18,88	0,99	28,72	39,19	1511,30
354	07.09.2025 13:12:53	18,91	0,99	28,70	39,19	1511,36
355	07.09.2025 13:12:54	18,91	0,97	28,65	39,14	1511,31
356	07.09.2025 13:12:55	18,91	0,96	28,65	39,14	1511,31
357	07.09.2025 13:12:56	18,88	0,95	28,70	39,16	1511,27
358	07.09.2025 13:12:57	18,88	0,95	28,72	39,19	1511,29
359	07.09.2025 13:12:58	18,88	0,94	28,70	39,16	1511,27
360	07.09.2025 13:12:59	18,88	0,94	28,74	39,22	1511,32
361	07.09.2025 13:13:00	18,88	0,94	28,70	39,16	1511,27
362	07.09.2025 13:13:01	18,88	0,94	28,70	39,16	1511,27
363	07.09.2025 13:13:02	18,85	0,93	28,72	39,16	1511,20
364	07.09.2025 13:13:03	18,85	0,92	28,72	39,16	1511,20
365	07.09.2025 13:13:04	18,85	0,93	28,74	39,19	1511,23
366	07.09.2025 13:13:05	18,85	0,93	28,78	39,25	1511,28
367	07.09.2025 13:13:06	18,85	0,93	28,78	39,25	1511,28
368	07.09.2025 13:13:07	18,88	0,94	28,76	39,25	1511,34
369	07.09.2025 13:13:08	18,88	0,94	28,76	39,25	1511,34
370	07.09.2025 13:13:09	18,88	0,95	28,76	39,25	1511,35
371	07.09.2025 13:13:10	18,88	0,94	28,74	39,22	1511,32
372	07.09.2025 13:13:11	18,88	0,94	28,70	39,16	1511,27
373	07.09.2025 13:13:12	18,85	0,95	28,67	39,11	1511,15
374	07.09.2025 13:13:13	18,83	0,97	28,64	39,05	1511,04
375	07.09.2025 13:13:14	18,83	0,97	28,64	39,05	1511,04
376	07.09.2025 13:13:15	18,80	1,00	28,66	39,05	1510,98
377	07.09.2025 13:13:16	18,77	1,00	28,68	39,05	1510,92
378	07.09.2025 13:13:17	18,74	1,02	28,66	38,99	1510,80
379	07.09.2025 13:13:18	18,74	1,04	28,68	39,02	1510,83
380	07.09.2025 13:13:19	18,71	1,03	28,66	38,96	1510,72
381	07.09.2025 13:13:20	18,68	1,05	28,63	38,91	1510,60
382	07.09.2025 13:13:21	18,68	1,05	28,58	38,85	1510,55
383	07.09.2025 13:13:22	18,62	1,10	29,06	39,38	1510,93
384	07.09.2025 13:13:23	18,71	1,14	28,68	38,99	1510,76
385	07.09.2025 13:13:24	18,74	1,07	28,54	38,85	1510,68
386	07.09.2025 13:13:25	18,68	1,09	28,56	38,82	1510,53
387	07.09.2025 13:13:26	18,62	1,10	28,44	38,62	1510,22
388	07.09.2025 13:13:27	18,53	1,11	28,43	38,54	1509,95
389	07.09.2025 13:13:28	18,44	1,14	28,44	38,48	1509,71
390	07.09.2025 13:13:29	18,38	1,18	28,41	38,40	1509,51
391	07.09.2025 13:13:30	18,29	1,15	28,29	38,17	1509,10
392	07.09.2025 13:13:31	18,20	1,19	28,28	38,08	1508,83
393	07.09.2025 13:13:32	18,08	1,20	28,31	38,02	1508,51
394	07.09.2025 13:13:33	17,96	1,23	28,35	37,97	1508,20
395	07.09.2025 13:13:34	17,88	1,24	28,24	37,77	1507,82
396	07.09.2025 13:13:35	17,79	1,24	28,07	37,49	1507,35
397	07.09.2025 13:13:36	17,61	1,24	27,98	37,23	1506,71
398	07.09.2025 13:13:37	17,40	1,25	27,89	36,95	1505,97
399	07.09.2025 13:13:38	17,16	1,31	27,83	36,69	1505,19
400	07.09.2025 13:13:39	16,92	1,33	27,74	36,38	1504,34
401	07.09.2025 13:13:40	16,68	1,34	27,56	35,98	1503,40
402	07.09.2025 13:13:41	16,41	1,34	27,51	35,69	1502,49
403	07.09.2025 13:13:42	16,11	1,42	27,54	35,49	1501,60
404	07.09.2025 13:13:43	15,83	1,44	27,58	35,32	1500,79
405	07.09.2025 13:13:44	15,59	1,44	27,55	35,09	1499,99
406	07.09.2025 13:13:45	15,35	1,43	27,27	34,58	1498,88
407	07.09.2025 13:13:46	15,04	1,47	26,96	33,98	1497,54
408	07.09.2025 13:13:47	14,68	1,50	26,79	33,50	1496,14
409	07.09.2025 13:13:48	14,25	1,52	26,75	33,13	1494,68
410	07.09.2025 13:13:49	13,85	1,59	26,87	32,95	1493,51
411	07.09.2025 13:13:50	13,50	1,62	26,95	32,78	1492,46
412	07.09.2025 13:13:51	13,22	1,66	27,05	32,66	1491,63
413	07.09.2025 13:13:52	12,94	1,69	27,03	32,43	1490,67
414	07.09.2025 13:13:53	12,69	1,71	27,00	32,20	1489,77
415	07.09.2025 13:13:54	12,44	1,73	26,89	31,89	1488,77
416	07.09.2025 13:13:55	12,19	1,76	27,04	31,85	1488,08
417	07.09.2025 13:13:56	11,94	1,80	27,19	31,82	1487,39
418	07.09.2025 13:13:57	11,75	1,81	27,22	31,71	1486,76
419	07.09.2025 13:13:58	11,55	1,81	27,09	31,42	1485,92
420	07.09.2025 13:13:59	11,33	1,82	27,14	31,31	1485,19
421	07.09.2025 13:14:00	11,11	1,86	27,22	31,22	1484,50
422	07.09.2025 13:14:01	10,91	1,91	27,36	31,21	1483,98
423	07.09.2025 13:14:02	10,75	1,92	27,48	31,21	1483,55
424	07.09.2025 13:14:03	10,59	1,93	27,60	31,21	1483,11
425	07.09.2025 13:14:04	10,46	1,96	27,55	31,06	1482,59
426	07.09.2025 13:14:05	10,33	1,95	27,57	30,98	1482,14
427	07.09.2025 13:14:06	10,17	1,96	27,60	30,89	1481,59
428	07.09.2025 13:14:07	10,01	1,99	27,64	30,80	1481,05
429	07.09.2025 13:14:08	9,88	2,02	27,60	30,66	1480,51
430	07.09.2025 13:14:09	9,71	2,05	27,58	30,52	1479,89
431	07.09.2025 13:14:10	9,55	2,04	27,59	30,40	1479,29
432	07.09.2025 13:14:11	9,38	2,07	27,55	30,23	1478,63
433	07.09.2025 13:14:12	9,18	2,07	27,53	30,06	1477,86
434	07.09.2025 13:14:13	8,99	2,08	27,53	29,91	1477,12
435	07.09.2025 13:14:14	8,82	2,11	27,54	29,80	1476,51
436	07.09.2025 13:14:15	8,65	2,12	27,50	29,63	1475,83
437	07.09.2025 13:14:16	8,45	2,13	27,51	29,48	1475,07
438	07.09.2025 13:14:17	8,28	2,14	27,46	29,31	1474,37
439	07.09.2025 13:14:18	8,08	2,17	27,44	29,14	1473,57
440	07.09.2025 13:14:19	7,91	2,19	27,36	28,94	1472,83
441	07.09.2025 13:14:20	7,71	2,22	27,40	28,82	1472,09
442	07.09.2025 13:14:21	7,51	2,23	27,50	28,76	1471,42
443	07.09.2025 13:14:22	7,33	2,24	27,57	28,70	1470,84
444	07.09.2025 13:14:23	7,20	2,28	27,68	28,70	1470,44
445	07.09.2025 13:14:24	7,06	2,31	27,84	28,75	1470,12
446	07.09.2025 13:14:25	6,96	2,33	27,99	28,81	1469,89
447	07.09.2025 13:14:26	6,85	2,34	28,28	29,00	1469,85
448	07.09.2025 13:14:27	6,78	2,35	28,40	29,06	1469,73
449	07.09.2025 13:14:28	6,75	2,37	28,45	29,08	1469,67
450	07.09.2025 13:14:29	6,71	2,37	28,45	29,05	1469,53
451	07.09.2025 13:14:30	6,65	2,38	28,54	29,08	1469,36
452	07.09.2025 13:14:31	6,58	2,40	28,60	29,08	1469,16
453	07.09.2025 13:14:32	6,51	2,43	28,65	29,08	1468,96
454	07.09.2025 13:14:33	6,44	2,44	28,71	29,08	1468,76
455	07.09.2025 13:14:34	6,37	2,44	28,74	29,05	1468,51
456	07.09.2025 13:14:35	6,33	2,47	28,73	29,02	1468,37
457	07.09.2025 13:14:36	6,23	2,51	28,76	28,96	1467,99
458	07.09.2025 13:14:37	6,16	2,50	28,75	28,90	1467,70
459	07.09.2025 13:14:38	6,09	2,52	28,72	28,82	1467,38
460	07.09.2025 13:14:39	5,98	2,55	28,75	28,76	1466,99
461	07.09.2025 13:14:40	5,88	2,58	28,77	28,70	1466,60
462	07.09.2025 13:14:41	5,81	2,59	28,83	28,70	1466,39
463	07.09.2025 13:14:42	5,70	2,62	28,92	28,70	1466,08
464	07.09.2025 13:14:43	5,63	2,64	28,98	28,70	1465,87
465	07.09.2025 13:14:44	5,56	2,67	29,00	28,67	1465,62
466	07.09.2025 13:14:45	5,49	2,68	29,10	28,69	1465,45
467	07.09.2025 13:14:46	5,42	2,70	29,12	28,66	1465,19
468	07.09.2025 13:14:47	5,38	2,73	29,19	28,69	1465,13
469	07.09.2025 13:14:48	5,31	2,75	29,15	28,61	1464,80
470	07.09.2025 13:14:49	5,24	2,74	28,55	28,01	1463,73
471	07.09.2025 13:14:50	5,09	2,75	28,35	27,73	1462,88
472	07.09.2025 13:14:51	4,88	2,81	28,50	27,70	1462,19
473	07.09.2025 13:14:52	4,66	2,82	28,55	27,58	1461,36
474	07.09.2025 13:14:53	4,52	2,87	28,64	27,55	1460,88
475	07.09.2025 13:14:54	4,37	2,91	28,76	27,55	1460,43
476	07.09.2025 13:14:55	4,26	2,93	28,82	27,52	1460,06
477	07.09.2025 13:14:56	4,19	2,94	28,85	27,49	1459,79
478	07.09.2025 13:14:57	4,08	2,97	28,95	27,49	1459,45
479	07.09.2025 13:14:58	4,01	2,99	28,98	27,46	1459,18
480	07.09.2025 13:14:59	3,93	3,02	29,04	27,45	1458,96
481	07.09.2025 13:15:00	3,86	3,05	29,10	27,45	1458,73
482	07.09.2025 13:15:01	3,82	3,05	29,14	27,45	1458,62
483	07.09.2025 13:15:02	3,75	3,10	29,20	27,45	1458,39
484	07.09.2025 13:15:03	3,68	3,09	29,26	27,45	1458,16
485	07.09.2025 13:15:04	3,64	3,11	29,30	27,45	1458,05
486	07.09.2025 13:15:05	3,60	3,11	29,33	27,45	1457,93
487	07.09.2025 13:15:06	3,53	3,14	29,39	27,45	1457,71
488	07.09.2025 13:15:07	3,49	3,16	29,43	27,45	1457,59
489	07.09.2025 13:15:08	3,45	3,17	29,46	27,45	1457,48
490	07.09.2025 13:15:09	3,38	3,17	29,53	27,44	1457,25
491	07.09.2025 13:15:10	3,34	3,18	29,56	27,44	1457,13
492	07.09.2025 13:15:11	3,31	3,22	29,59	27,44	1457,02
493	07.09.2025 13:15:12	3,27	3,22	29,62	27,44	1456,90
494	07.09.2025 13:15:13	3,23	3,23	29,69	27,47	1456,83
495	07.09.2025 13:15:14	3,19	3,25	29,69	27,44	1456,67
496	07.09.2025 13:15:15	3,16	3,26	29,72	27,44	1456,56
497	07.09.2025 13:15:16	3,12	3,28	29,76	27,44	1456,44
498	07.09.2025 13:15:17	3,08	3,31	29,79	27,44	1456,33
499	07.09.2025 13:15:18	3,04	3,33	29,82	27,44	1456,22
500	07.09.2025 13:15:19	3,04	3,35	29,82	27,44	1456,22
501	07.09.2025 13:15:20	3,01	3,38	29,82	27,41	1456,06
502	07.09.2025 13:15:21	2,97	3,40	29,86	27,41	1455,95
503	07.09.2025 13:15:22	2,93	3,41	29,89	27,41	1455,83
504	07.09.2025 13:15:23	2,89	3,43	29,93	27,41	1455,71
505	07.09.2025 13:15:24	2,86	3,44	29,96	27,41	1455,60
506	07.09.2025 13:15:25	2,82	3,48	30,00	27,41	1455,48
507	07.09.2025 13:15:26	2,78	3,49	30,03	27,40	1455,37
508	07.09.2025 13:15:27	2,78	3,53	29,99	27,38	1455,33
509	07.09.2025 13:15:28	2,74	3,55	30,03	27,38	1455,21
510	07.09.2025 13:15:29	2,71	3,58	30,06	27,38	1455,10
511	07.09.2025 13:15:30	2,67	3,60	30,10	27,37	1454,98
512	07.09.2025 13:15:31	2,67	3,61	30,10	27,37	1454,98
513	07.09.2025 13:15:32	2,63	3,65	30,10	27,35	1454,82
514	07.09.2025 13:15:33	2,59	3,68	30,10	27,32	1454,67
515	07.09.2025 13:15:34	2,59	3,70	30,10	27,32	1454,67
516	07.09.2025 13:15:35	2,55	3,73	30,13	27,32	1454,55
517	07.09.2025 13:15:36	2,52	3,75	30,17	27,31	1454,44
518	07.09.2025 13:15:37	2,48	3,76	30,20	27,31	1454,32
519	07.09.2025 13:15:38	2,48	3,80	30,20	27,31	1454,32
520	07.09.2025 13:15:39	2,44	3,83	30,20	27,29	1454,16
521	07.09.2025 13:15:40	2,44	3,85	30,24	27,31	1454,21
522	07.09.2025 13:15:41	2,40	3,87	30,24	27,29	1454,05
523	07.09.2025 13:15:42	2,40	3,90	30,24	27,28	1454,05
524	07.09.2025 13:15:43	2,36	3,92	30,27	27,28	1453,94
525	07.09.2025 13:15:44	2,33	3,93	30,31	27,28	1453,82
526	07.09.2025 13:15:45	2,33	3,97	30,31	27,28	1453,82
527	07.09.2025 13:15:46	2,29	4,00	30,34	27,28	1453,71
528	07.09.2025 13:15:47	2,29	4,00	30,34	27,28	1453,71
529	07.09.2025 13:15:48	2,25	4,04	30,38	27,28	1453,59
530	07.09.2025 13:15:49	2,25	4,06	30,38	27,28	1453,59
531	07.09.2025 13:15:50	2,25	4,09	30,38	27,28	1453,60
532	07.09.2025 13:15:51	2,21	4,11	30,41	27,28	1453,48
533	07.09.2025 13:15:52	2,21	4,14	30,41	27,28	1453,49
534	07.09.2025 13:15:53	2,17	4,16	30,45	27,28	1453,37
535	07.09.2025 13:15:54	2,17	4,19	30,45	27,28	1453,37
536	07.09.2025 13:15:55	2,17	4,21	30,45	27,28	1453,37
537	07.09.2025 13:15:56	2,13	4,23	30,49	27,28	1453,26
538	07.09.2025 13:15:57	2,13	4,26	30,49	27,28	1453,26
539	07.09.2025 13:15:58	2,13	4,28	30,48	27,28	1453,26
540	07.09.2025 13:15:59	2,10	4,32	30,52	27,28	1453,15
541	07.09.2025 13:16:00	2,10	4,35	30,56	27,31	1453,20
542	07.09.2025 13:16:01	2,10	4,35	30,52	27,28	1453,15
543	07.09.2025 13:16:02	2,10	4,39	30,56	27,31	1453,20
544	07.09.2025 13:16:03	2,06	4,42	30,56	27,28	1453,04
545	07.09.2025 13:16:04	2,06	4,44	30,56	27,28	1453,04
546	07.09.2025 13:16:05	2,06	4,49	30,56	27,28	1453,05
547	07.09.2025 13:16:06	2,06	4,49	30,59	27,31	1453,10
548	07.09.2025 13:16:07	2,06	4,55	30,59	27,31	1453,11
549	07.09.2025 13:16:08	2,02	4,54	30,63	27,31	1452,99
550	07.09.2025 13:16:09	2,02	4,56	30,63	27,31	1452,99
551	07.09.2025 13:16:10	2,02	4,60	30,63	27,31	1452,99
552	07.09.2025 13:16:11	2,02	4,62	30,63	27,31	1453,00
553	07.09.2025 13:16:12	1,98	4,65	30,66	27,30	1452,88
554	07.09.2025 13:16:13	1,98	4,67	30,66	27,30	1452,88
555	07.09.2025 13:16:14	1,98	4,70	30,66	27,30	1452,89
556	07.09.2025 13:16:15	1,98	4,74	30,63	27,28	1452,85
557	07.09.2025 13:16:16	1,98	4,76	30,66	27,30	1452,90
558	07.09.2025 13:16:17	1,94	4,75	30,70	27,30	1452,77
559	07.09.2025 13:16:18	1,94	4,79	30,70	27,30	1452,78
560	07.09.2025 13:16:19	1,94	4,83	30,70	27,30	1452,78
561	07.09.2025 13:16:20	1,94	4,83	30,70	27,30	1452,78
562	07.09.2025 13:16:21	1,94	4,83	30,70	27,30	1452,78
563	07.09.2025 13:16:22	1,90	4,86	30,73	27,30	1452,67
564	07.09.2025 13:16:23	1,90	4,86	30,73	27,30	1452,67
565	07.09.2025 13:16:24	1,90	4,88	30,73	27,30	1452,67
566	07.09.2025 13:16:25	1,90	4,90	30,73	27,30	1452,67
567	07.09.2025 13:16:26	1,90	4,91	30,73	27,30	1452,68
568	07.09.2025 13:16:27	1,90	4,91	30,73	27,30	1452,68
569	07.09.2025 13:16:28	1,90	4,91	30,73	27,30	1452,68
570	07.09.2025 13:16:29	1,87	4,93	30,77	27,30	1452,56
571	07.09.2025 13:16:30	1,87	4,93	30,77	27,30	1452,56
572	07.09.2025 13:16:31	1,87	4,93	30,77	27,30	1452,56
573	07.09.2025 13:16:32	1,87	4,95	30,77	27,30	1452,56
574	07.09.2025 13:16:33	1,87	4,95	30,77	27,30	1452,56
575	07.09.2025 13:16:34	1,87	4,95	30,77	27,30	1452,56
576	07.09.2025 13:16:35	1,87	4,95	30,77	27,30	1452,56
577	07.09.2025 13:16:36	1,87	4,97	30,77	27,30	1452,56
578	07.09.2025 13:16:37	1,83	4,96	30,81	27,30	1452,44
579	07.09.2025 13:16:38	1,83	4,96	30,81	27,30	1452,44
580	07.09.2025 13:16:39	1,83	4,96	30,81	27,30	1452,44
581	07.09.2025 13:16:40	1,83	4,96	30,81	27,30	1452,44
582	07.09.2025 13:16:41	1,83	4,96	30,81	27,30	1452,44
583	07.09.2025 13:16:42	1,83	4,98	30,81	27,30	1452,44
584	07.09.2025 13:16:43	1,83	4,95	30,81	27,30	1452,44
585	07.09.2025 13:16:44	1,83	4,91	30,81	27,30	1452,43
586	07.09.2025 13:16:45	1,83	4,89	30,81	27,30	1452,43
587	07.09.2025 13:16:46	1,79	4,91	30,84	27,30	1452,31
588	07.09.2025 13:16:47	1,79	4,91	30,84	27,30	1452,31
589	07.09.2025 13:16:48	1,79	4,93	30,84	27,30	1452,31
590	07.09.2025 13:16:49	1,79	4,94	30,84	27,30	1452,31
591	07.09.2025 13:16:50	1,79	4,96	30,84	27,30	1452,31
592	07.09.2025 13:16:51	1,79	4,98	30,84	27,30	1452,32
593	07.09.2025 13:16:52	1,79	5,00	30,84	27,30	1452,32
594	07.09.2025 13:16:53	1,79	5,00	30,84	27,30	1452,32
595	07.09.2025 13:16:54	1,79	5,00	30,84	27,30	1452,32
596	07.09.2025 13:16:55	1,79	4,98	30,84	27,30	1452,32
597	07.09.2025 13:16:56	1,79	5,00	30,84	27,30	1452,32
598	07.09.2025 13:16:57	1,79	5,00	30,84	27,30	1452,32
599	07.09.2025 13:16:58	1,79	5,00	30,84	27,30	1452,32
600	07.09.2025 13:16:59	1,79	4,98	30,84	27,30	1452,32
601	07.09.2025 13:17:00	1,75	4,98	30,88	27,30	1452,19
602	07.09.2025 13:17:01	1,75	4,96	30,88	27,30	1452,19
603	07.09.2025 13:17:02	1,75	4,96	30,88	27,30	1452,19
604	07.09.2025 13:17:03	1,75	4,96	30,88	27,30	1452,19
605	07.09.2025 13:17:04	1,75	4,94	30,88	27,30	1452,19
606	07.09.2025 13:17:05	1,75	4,94	30,88	27,30	1452,19
607	07.09.2025 13:17:06	1,75	4,92	30,88	27,30	1452,19
608	07.09.2025 13:17:07	1,75	4,91	30,88	27,30	1452,18
609	07.09.2025 13:17:08	1,75	4,91	30,88	27,30	1452,18
610	07.09.2025 13:17:09	1,75	4,91	30,88	27,30	1452,18
611	07.09.2025 13:17:10	1,75	4,91	30,88	27,30	1452,18
612	07.09.2025 13:17:11	1,75	4,89	30,88	27,30	1452,18
613	07.09.2025 13:17:12	1,75	4,91	30,88	27,30	1452,18
614	07.09.2025 13:17:13	1,75	4,89	30,88	27,30	1452,18
615	07.09.2025 13:17:14	1,75	4,89	30,88	27,30	1452,18
616	07.09.2025 13:17:15	1,75	4,89	30,88	27,30	1452,18
617	07.09.2025 13:17:16	1,75	4,89	30,88	27,30	1452,18
618	07.09.2025 13:17:17	1,71	4,87	30,92	27,30	1452,06
619	07.09.2025 13:17:18	1,75	4,87	30,88	27,30	1452,18
620	07.09.2025 13:17:19	1,71	4,87	30,92	27,30	1452,06
621	07.09.2025 13:17:20	1,71	4,85	30,92	27,30	1452,05
622	07.09.2025 13:17:21	1,71	4,85	30,92	27,30	1452,05
623	07.09.2025 13:17:22	1,71	4,87	30,92	27,30	1452,05
624	07.09.2025 13:17:23	1,71	4,85	30,92	27,30	1452,05
625	07.09.2025 13:17:24	1,71	4,85	30,92	27,30	1452,05
626	07.09.2025 13:17:25	1,71	4,85	30,92	27,30	1452,05
627	07.09.2025 13:17:26	1,71	4,85	30,92	27,30	1452,05
628	07.09.2025 13:17:27	1,71	4,87	30,92	27,30	1452,05
629	07.09.2025 13:17:28	1,71	4,85	30,92	27,30	1452,05
630	07.09.2025 13:17:29	1,71	4,87	30,92	27,30	1452,05
631	07.09.2025 13:17:30	1,71	4,85	30,92	27,30	1452,05
632	07.09.2025 13:17:31	1,71	4,85	30,92	27,30	1452,05
633	07.09.2025 13:17:32	1,71	4,85	30,92	27,30	1452,05
634	07.09.2025 13:17:33	1,71	4,85	30,92	27,30	1452,05
635	07.09.2025 13:17:34	1,71	4,85	30,92	27,30	1452,05
636	07.09.2025 13:17:35	1,71	4,87	30,92	27,30	1452,05
637	07.09.2025 13:17:36	1,71	4,87	30,92	27,30	1452,05
638	07.09.2025 13:17:37	1,71	4,87	30,92	27,30	1452,05
639	07.09.2025 13:17:38	1,71	4,85	30,92	27,30	1452,05
640	07.09.2025 13:17:39	1,71	4,85	30,92	27,30	1452,05
641	07.09.2025 13:17:40	1,71	4,87	30,92	27,30	1452,05
642	07.09.2025 13:17:41	1,71	4,87	30,92	27,30	1452,05
643	07.09.2025 13:17:42	1,71	4,87	30,92	27,30	1452,05
644	07.09.2025 13:17:43	1,71	4,85	30,95	27,33	1452,10
645	07.09.2025 13:17:44	1,71	4,87	30,92	27,30	1452,05
646	07.09.2025 13:17:45	1,71	4,89	30,92	27,30	1452,06
647	07.09.2025 13:17:46	1,71	4,87	30,92	27,30	1452,05
648	07.09.2025 13:17:47	1,71	4,87	30,92	27,30	1452,05
649	07.09.2025 13:17:48	1,71	4,89	30,92	27,30	1452,06
650	07.09.2025 13:17:49	1,67	4,90	30,96	27,30	1451,94
651	07.09.2025 13:17:50	1,71	4,89	30,92	27,30	1452,06
652	07.09.2025 13:17:51	1,67	4,88	30,96	27,30	1451,93
653	07.09.2025 13:17:52	1,67	4,88	30,95	27,30	1451,93
654	07.09.2025 13:17:53	1,71	4,90	30,92	27,30	1452,06
655	07.09.2025 13:17:54	1,67	4,90	30,95	27,30	1451,94
656	07.09.2025 13:17:55	1,67	4,90	30,95	27,30	1451,94
657	07.09.2025 13:17:56	1,67	4,92	30,95	27,30	1451,94
658	07.09.2025 13:17:57	1,67	4,90	30,95	27,30	1451,94
659	07.09.2025 13:17:58	1,67	4,90	30,95	27,30	1451,94
660	07.09.2025 13:17:59	1,67	4,90	30,95	27,30	1451,94
661	07.09.2025 13:18:00	1,67	4,92	30,95	27,30	1451,94
662	07.09.2025 13:18:01	1,67	4,92	30,95	27,30	1451,94
663	07.09.2025 13:18:02	1,67	4,90	30,95	27,30	1451,94
664	07.09.2025 13:18:03	1,67	4,90	30,95	27,30	1451,94
665	07.09.2025 13:18:04	1,67	4,94	30,95	27,30	1451,94
666	07.09.2025 13:18:05	1,67	4,94	30,95	27,30	1451,94
667	07.09.2025 13:18:06	1,67	4,92	30,99	27,33	1451,99
668	07.09.2025 13:18:07	1,67	4,92	30,95	27,30	1451,94
669	07.09.2025 13:18:08	1,67	4,92	30,95	27,30	1451,94
670	07.09.2025 13:18:09	1,67	4,94	30,95	27,30	1451,94
671	07.09.2025 13:18:10	1,67	4,94	30,99	27,33	1451,99
672	07.09.2025 13:18:11	1,67	4,92	30,95	27,30	1451,94
673	07.09.2025 13:18:12	1,67	4,94	30,95	27,30	1451,94
674	07.09.2025 13:18:13	1,67	4,95	30,99	27,33	1451,99
675	07.09.2025 13:18:14	1,67	4,94	30,95	27,30	1451,94
676	07.09.2025 13:18:15	1,67	4,94	30,95	27,30	1451,94
677	07.09.2025 13:18:16	1,67	4,92	30,95	27,30	1451,94
678	07.09.2025 13:18:17	1,67	4,92	30,95	27,30	1451,94
679	07.09.2025 13:18:18	1,67	4,95	30,95	27,30	1451,94
680	07.09.2025 13:18:19	1,67	4,95	30,95	27,30	1451,94
681	07.09.2025 13:18:20	1,67	4,94	30,95	27,30	1451,94
682	07.09.2025 13:18:21	1,67	4,92	30,95	27,30	1451,94
683	07.09.2025 13:18:22	1,67	4,94	30,95	27,30	1451,94
684	07.09.2025 13:18:23	1,67	4,94	30,95	27,30	1451,94
685	07.09.2025 13:18:24	1,67	4,95	30,95	27,30	1451,94
686	07.09.2025 13:18:25	1,67	4,95	30,95	27,30	1451,94
687	07.09.2025 13:18:26	1,67	4,94	30,95	27,30	1451,94
688	07.09.2025 13:18:27	1,67	4,94	30,95	27,30	1451,94
689	07.09.2025 13:18:28	1,67	4,95	30,95	27,30	1451,94
690	07.09.2025 13:18:29	1,67	4,95	30,95	27,30	1451,94
691	07.09.2025 13:18:30	1,67	4,94	30,95	27,30	1451,94
692	07.09.2025 13:18:31	1,67	4,94	30,95	27,30	1451,94
693	07.09.2025 13:18:32	1,67	4,94	30,95	27,30	1451,94
694	07.09.2025 13:18:33	1,67	4,95	30,95	27,30	1451,94
695	07.09.2025 13:18:34	1,67	4,94	30,95	27,30	1451,94
696	07.09.2025 13:18:35	1,67	4,95	30,95	27,30	1451,94
697	07.09.2025 13:18:36	1,67	4,94	30,95	27,30	1451,94
698	07.09.2025 13:18:37	1,67	4,95	30,95	27,30	1451,94
699	07.09.2025 13:18:38	1,67	4,95	30,99	27,33	1451,99
700	07.09.2025 13:18:39	1,67	4,95	30,95	27,30	1451,94
701	07.09.2025 13:18:40	1,67	4,95	30,95	27,30	1451,94
702	07.09.2025 13:18:41	1,67	4,95	30,95	27,30	1451,94
703	07.09.2025 13:18:42	1,67	4,95	30,95	27,30	1451,94
704	07.09.2025 13:18:43	1,67	4,95	30,99	27,33	1451,99
705	07.09.2025 13:18:44	1,67	4,95	30,95	27,30	1451,94
706	07.09.2025 13:18:45	1,67	4,95	30,95	27,30	1451,94
707	07.09.2025 13:18:46	1,67	4,95	30,95	27,30	1451,94
708	07.09.2025 13:18:47	1,67	4,97	30,95	27,30	1451,95
709	07.09.2025 13:18:48	1,67	4,97	30,95	27,30	1451,95
710	07.09.2025 13:18:49	1,67	4,95	30,95	27,30	1451,94
711	07.09.2025 13:18:50	1,67	4,97	30,95	27,30	1451,95
712	07.09.2025 13:18:51	1,67	4,97	30,95	27,30	1451,95
713	07.09.2025 13:18:52	1,67	4,95	30,95	27,30	1451,94
714	07.09.2025 13:18:53	1,67	4,97	30,95	27,30	1451,95
715	07.09.2025 13:18:54	1,67	4,95	30,95	27,30	1451,94
716	07.09.2025 13:18:55	1,67	4,95	30,95	27,30	1451,94
717	07.09.2025 13:18:56	1,67	4,97	30,95	27,30	1451,95
718	07.09.2025 13:18:57	1,67	4,95	30,99	27,33	1451,99
719	07.09.2025 13:18:58	1,67	4,95	30,95	27,30	1451,94
720	07.09.2025 13:18:59	1,67	4,95	30,95	27,30	1451,94
721	07.09.2025 13:19:00	1,67	4,99	30,95	27,30	1451,95
722	07.09.2025 13:19:01	1,67	4,95	30,95	27,30	1451,94
723	07.09.2025 13:19:02	1,67	4,95	30,95	27,30	1451,94
724	07.09.2025 13:19:03	1,67	4,95	30,95	27,30	1451,94
725	07.09.2025 13:19:04	1,67	4,97	30,95	27,30	1451,95
726	07.09.2025 13:19:05	1,67	4,95	30,95	27,30	1451,94
727	07.09.2025 13:19:06	1,67	4,97	30,95	27,30	1451,95
728	07.09.2025 13:19:07	1,67	4,97	30,95	27,30	1451,95
729	07.09.2025 13:19:08	1,67	4,95	30,95	27,30	1451,94
730	07.09.2025 13:19:09	1,67	4,97	30,95	27,30	1451,95
731	07.09.2025 13:19:10	1,67	4,97	30,95	27,30	1451,95
732	07.09.2025 13:19:11	1,67	4,97	30,95	27,30	1451,95
733	07.09.2025 13:19:12	1,67	4,95	30,95	27,30	1451,94
734	07.09.2025 13:19:13	1,67	4,97	30,95	27,30	1451,95
735	07.09.2025 13:19:14	1,67	4,97	30,95	27,30	1451,95
736	07.09.2025 13:19:15	1,67	4,97	30,95	27,30	1451,95
737	07.09.2025 13:19:16	1,67	4,97	30,95	27,30	1451,95
738	07.09.2025 13:19:17	1,67	4,97	30,95	27,30	1451,95
739	07.09.2025 13:19:18	1,67	4,97	30,95	27,30	1451,95
740	07.09.2025 13:19:19	1,67	4,97	30,95	27,30	1451,95
741	07.09.2025 13:19:20	1,67	4,99	30,95	27,30	1451,95
742	07.09.2025 13:19:21	1,67	4,99	30,95	27,30	1451,95
743	07.09.2025 13:19:22	1,67	4,97	30,95	27,30	1451,95
744	07.09.2025 13:19:23	1,67	4,99	30,95	27,30	1451,95
745	07.09.2025 13:19:24	1,67	4,99	30,95	27,30	1451,95
746	07.09.2025 13:19:25	1,67	4,99	30,95	27,30	1451,95
747	07.09.2025 13:19:26	1,67	4,99	30,95	27,30	1451,95
748	07.09.2025 13:19:27	1,67	4,99	30,95	27,30	1451,95
749	07.09.2025 13:19:28	1,67	5,01	30,95	27,30	1451,95
750	07.09.2025 13:19:29	1,67	4,99	30,99	27,33	1452,00
751	07.09.2025 13:19:30	1,67	4,99	30,95	27,30	1451,95
752	07.09.2025 13:19:31	1,67	4,99	30,95	27,30	1451,95
753	07.09.2025 13:19:32	1,67	4,97	30,95	27,30	1451,95
754	07.09.2025 13:19:33	1,67	4,97	30,95	27,30	1451,95
755	07.09.2025 13:19:34	1,67	4,97	30,95	27,30	1451,95
756	07.09.2025 13:19:35	1,67	4,99	30,95	27,30	1451,95
757	07.09.2025 13:19:36	1,67	4,97	30,95	27,30	1451,95
758	07.09.2025 13:19:37	1,67	4,97	30,99	27,33	1451,99
759	07.09.2025 13:19:38	1,67	4,99	30,95	27,30	1451,95
760	07.09.2025 13:19:39	1,67	4,97	30,99	27,33	1451,99
761	07.09.2025 13:19:40	1,67	4,95	30,95	27,30	1451,94
762	07.09.2025 13:19:41	1,67	4,97	30,95	27,30	1451,95
763	07.09.2025 13:19:42	1,67	4,97	30,95	27,30	1451,95
764	07.09.2025 13:19:43	1,67	4,99	30,95	27,30	1451,95
765	07.09.2025 13:19:44	1,67	4,97	30,95	27,30	1451,95
766	07.09.2025 13:19:45	1,67	4,97	30,95	27,30	1451,95
767	07.09.2025 13:19:46	1,67	4,99	30,95	27,30	1451,95
768	07.09.2025 13:19:47	1,67	4,95	30,95	27,30	1451,94
769	07.09.2025 13:19:48	1,67	4,97	30,95	27,30	1451,95
770	07.09.2025 13:19:49	1,67	4,99	30,95	27,30	1451,95
771	07.09.2025 13:19:50	1,67	4,99	30,95	27,30	1451,95
772	07.09.2025 13:19:51	1,67	4,97	30,95	27,30	1451,95
773	07.09.2025 13:19:52	1,67	4,99	30,95	27,30	1451,95
774	07.09.2025 13:19:53	1,67	4,99	30,95	27,30	1451,95
775	07.09.2025 13:19:54	1,67	4,99	30,95	27,30	1451,95
776	07.09.2025 13:19:55	1,67	4,99	30,95	27,30	1451,95
777	07.09.2025 13:19:56	1,67	4,97	30,95	27,30	1451,95
778	07.09.2025 13:19:57	1,67	4,99	30,95	27,30	1451,95
779	07.09.2025 13:19:58	1,67	4,99	30,95	27,30	1451,95
780	07.09.2025 13:19:59	1,67	4,99	30,95	27,30	1451,95
781	07.09.2025 13:20:00	1,67	4,99	30,95	27,30	1451,95
782	07.09.2025 13:20:01	1,67	5,01	30,95	27,30	1451,95
783	07.09.2025 13:20:02	1,67	5,01	30,95	27,30	1451,95
784	07.09.2025 13:20:03	1,67	4,99	30,95	27,30	1451,95
785	07.09.2025 13:20:04	1,67	4,99	30,95	27,30	1451,95
786	07.09.2025 13:20:05	1,67	4,99	30,95	27,30	1451,95
787	07.09.2025 13:20:06	1,67	4,99	30,99	27,33	1452,00
788	07.09.2025 13:20:07	1,67	5,01	30,95	27,30	1451,95
789	07.09.2025 13:20:08	1,67	5,01	30,95	27,30	1451,95
790	07.09.2025 13:20:09	1,67	5,03	30,95	27,30	1451,96
791	07.09.2025 13:20:10	1,67	4,99	30,95	27,30	1451,95
792	07.09.2025 13:20:11	1,67	5,01	30,95	27,30	1451,95
793	07.09.2025 13:20:12	1,67	5,01	30,95	27,30	1451,95
794	07.09.2025 13:20:13	1,67	5,03	30,95	27,30	1451,96
795	07.09.2025 13:20:14	1,67	5,01	30,95	27,30	1451,95
796	07.09.2025 13:20:15	1,67	5,01	30,95	27,30	1451,95
797	07.09.2025 13:20:16	1,67	5,01	30,95	27,30	1451,95
798	07.09.2025 13:20:17	1,67	5,01	30,95	27,30	1451,95
799	07.09.2025 13:20:18	1,67	5,01	30,99	27,33	1452,00
800	07.09.2025 13:20:19	1,67	5,01	30,95	27,30	1451,95
801	07.09.2025 13:20:20	1,67	5,03	30,95	27,30	1451,96
802	07.09.2025 13:20:21	1,67	5,01	30,99	27,33	1452,00
803	07.09.2025 13:20:22	1,67	5,01	30,95	27,30	1451,95
804	07.09.2025 13:20:23	1,67	5,03	30,99	27,33	1452,00
805	07.09.2025 13:20:24	1,67	5,01	30,95	27,30	1451,95
806	07.09.2025 13:20:25	1,67	5,03	30,95	27,30	1451,96
807	07.09.2025 13:20:26	1,67	5,01	30,95	27,30	1451,95
808	07.09.2025 13:20:27	1,67	5,01	30,99	27,33	1452,00
809	07.09.2025 13:20:28	1,67	5,01	30,95	27,30	1451,95
810	07.09.2025 13:20:29	1,67	5,01	30,99	27,33	1452,00
811	07.09.2025 13:20:30	1,67	5,01	30,95	27,30	1451,95
812	07.09.2025 13:20:31	1,67	5,03	30,95	27,30	1451,96
813	07.09.2025 13:20:32	1,67	5,03	30,95	27,30	1451,96
814	07.09.2025 13:20:33	1,67	5,03	30,95	27,30	1451,96
815	07.09.2025 13:20:34	1,67	5,01	30,95	27,30	1451,95
816	07.09.2025 13:20:35	1,67	5,01	30,99	27,33	1452,00
817	07.09.2025 13:20:36	1,67	5,01	30,95	27,30	1451,95
818	07.09.2025 13:20:37	1,67	5,03	30,95	27,30	1451,96
819	07.09.2025 13:20:38	1,67	5,01	30,95	27,30	1451,95
820	07.09.2025 13:20:39	1,67	5,03	30,95	27,30	1451,96
821	07.09.2025 13:20:40	1,67	5,03	30,95	27,30	1451,96
822	07.09.2025 13:20:41	1,67	5,03	30,95	27,30	1451,96
823	07.09.2025 13:20:42	1,67	5,03	30,95	27,30	1451,96
824	07.09.2025 13:20:43	1,67	5,03	30,95	27,30	1451,96
825	07.09.2025 13:20:44	1,67	5,03	30,99	27,33	1452,00
826	07.09.2025 13:20:45	1,67	5,03	30,95	27,30	1451,96
827	07.09.2025 13:20:46	1,67	5,03	30,99	27,33	1452,00
828	07.09.2025 13:20:47	1,67	5,03	30,95	27,30	1451,96
829	07.09.2025 13:20:48	1,67	5,03	30,95	27,30	1451,96
830	07.09.2025 13:20:49	1,67	5,03	30,95	27,30	1451,96
831	07.09.2025 13:20:50	1,67	5,03	30,99	27,33	1452,00
832	07.09.2025 13:20:51	1,67	5,03	30,95	27,30	1451,96
833	07.09.2025 13:20:52	1,67	5,03	30,95	27,30	1451,96
834	07.09.2025 13:20:53	1,67	5,03	30,95	27,30	1451,96
835	07.09.2025 13:20:54	1,67	5,03	30,99	27,33	1452,00
836	07.09.2025 13:20:55	1,67	5,03	30,95	27,30	1451,96
837	07.09.2025 13:20:56	1,67	5,04	30,99	27,33	1452,00
838	07.09.2025 13:20:57	1,67	5,04	30,99	27,33	1452,00
839	07.09.2025 13:20:58	1,67	5,04	30,95	27,30	1451,96
840	07.09.2025 13:20:59	1,67	5,03	30,95	27,30	1451,96
841	07.09.2025 13:21:00	1,67	5,03	30,95	27,30	1451,96
842	07.09.2025 13:21:01	1,67	5,04	30,95	27,30	1451,96
843	07.09.2025 13:21:02	1,67	5,04	30,95	27,30	1451,96
844	07.09.2025 13:21:03	1,67	5,04	30,95	27,30	1451,96
845	07.09.2025 13:21:04	1,67	5,03	30,95	27,30	1451,96
846	07.09.2025 13:21:05	1,67	5,04	30,95	27,30	1451,96
847	07.09.2025 13:21:06	1,63	5,04	30,99	27,30	1451,83
848	07.09.2025 13:21:07	1,67	5,04	30,95	27,30	1451,96
849	07.09.2025 13:21:08	1,67	5,06	30,95	27,30	1451,96
850	07.09.2025 13:21:09	1,67	5,06	30,95	27,30	1451,96
851	07.09.2025 13:21:10	1,67	5,06	30,95	27,30	1451,96
852	07.09.2025 13:21:11	1,67	5,06	30,95	27,30	1451,96
853	07.09.2025 13:21:12	1,67	5,06	30,95	27,30	1451,96
854	07.09.2025 13:21:13	1,67	5,06	30,95	27,30	1451,96
855	07.09.2025 13:21:14	1,67	5,08	30,95	27,30	1451,96
856	07.09.2025 13:21:15	1,67	5,10	30,95	27,30	1451,97
857	07.09.2025 13:21:16	1,67	5,12	30,95	27,30	1451,97
858	07.09.2025 13:21:17	1,63	5,11	30,99	27,30	1451,85
859	07.09.2025 13:21:18	1,67	5,12	30,99	27,33	1452,02
860	07.09.2025 13:21:19	1,67	5,12	30,95	27,30	1451,97
861	07.09.2025 13:21:20	1,67	5,12	30,95	27,30	1451,97
862	07.09.2025 13:21:21	1,63	5,10	31,03	27,33	1451,89
863	07.09.2025 13:21:22	1,67	5,08	30,95	27,30	1451,96
864	07.09.2025 13:21:23	1,67	5,06	30,99	27,33	1452,01
865	07.09.2025 13:21:24	1,67	5,04	30,99	27,33	1452,00
866	07.09.2025 13:21:25	1,63	5,02	30,99	27,30	1451,83
867	07.09.2025 13:21:26	1,67	4,99	30,99	27,33	1452,00
868	07.09.2025 13:21:27	1,67	4,94	30,95	27,30	1451,94
869	07.09.2025 13:21:28	1,67	4,92	30,95	27,30	1451,94
870	07.09.2025 13:21:29	1,67	4,88	30,95	27,30	1451,93
871	07.09.2025 13:21:30	1,67	4,83	30,99	27,33	1451,97
872	07.09.2025 13:21:31	1,67	4,79	30,99	27,33	1451,97
873	07.09.2025 13:21:32	1,67	4,76	30,99	27,33	1451,96
874	07.09.2025 13:21:33	1,67	4,69	30,99	27,33	1451,95
875	07.09.2025 13:21:34	1,67	4,65	30,99	27,33	1451,94
876	07.09.2025 13:21:35	1,63	4,61	31,03	27,33	1451,82
877	07.09.2025 13:21:36	1,63	4,58	30,99	27,30	1451,76
878	07.09.2025 13:21:37	1,63	4,52	31,03	27,33	1451,80
879	07.09.2025 13:21:38	1,63	4,49	30,99	27,30	1451,75
880	07.09.2025 13:21:39	1,67	4,45	30,99	27,33	1451,91
881	07.09.2025 13:21:40	1,67	4,44	30,96	27,30	1451,86
882	07.09.2025 13:21:41	1,63	4,38	31,00	27,30	1451,73
883	07.09.2025 13:21:42	1,67	4,35	30,99	27,33	1451,90
884	07.09.2025 13:21:43	1,67	4,31	30,99	27,33	1451,89
885	07.09.2025 13:21:44	1,63	4,29	31,00	27,30	1451,72
886	07.09.2025 13:21:45	1,63	4,24	31,00	27,30	1451,71
887	07.09.2025 13:21:46	1,67	4,22	30,96	27,30	1451,83
888	07.09.2025 13:21:47	1,63	4,18	31,00	27,30	1451,70
889	07.09.2025 13:21:48	1,63	4,18	31,03	27,33	1451,75
890	07.09.2025 13:21:49	1,67	4,13	30,96	27,30	1451,82
891	07.09.2025 13:21:50	1,67	4,11	30,96	27,30	1451,81
892	07.09.2025 13:21:51	1,67	4,08	30,99	27,33	1451,86
893	07.09.2025 13:21:52	1,67	4,06	30,99	27,33	1451,85
894	07.09.2025 13:21:53	1,67	4,02	30,99	27,33	1451,85
895	07.09.2025 13:21:54	1,67	4,01	30,99	27,33	1451,84
896	07.09.2025 13:21:55	1,67	3,99	30,99	27,33	1451,84
897	07.09.2025 13:21:56	1,67	3,95	30,99	27,33	1451,84
898	07.09.2025 13:21:57	1,67	3,93	31,00	27,33	1451,83
899	07.09.2025 13:21:58	1,67	3,92	31,00	27,33	1451,83
900	07.09.2025 13:21:59	1,67	3,90	31,00	27,33	1451,83
901	07.09.2025 13:22:00	1,67	3,88	31,00	27,33	1451,82
902	07.09.2025 13:22:01	1,67	3,86	31,00	27,33	1451,82
903	07.09.2025 13:22:02	1,67	3,84	31,00	27,33	1451,82
904	07.09.2025 13:22:03	1,67	3,83	31,00	27,33	1451,82
905	07.09.2025 13:22:04	1,67	3,83	31,00	27,33	1451,82
906	07.09.2025 13:22:05	1,67	3,81	31,00	27,33	1451,81
907	07.09.2025 13:22:06	1,67	3,81	31,00	27,33	1451,81
908	07.09.2025 13:22:07	1,67	3,77	31,00	27,33	1451,81
909	07.09.2025 13:22:08	1,67	3,77	31,00	27,33	1451,81
910	07.09.2025 13:22:09	1,67	3,74	31,00	27,33	1451,80
911	07.09.2025 13:22:10	1,67	3,72	31,03	27,36	1451,85
912	07.09.2025 13:22:11	1,67	3,68	31,00	27,33	1451,79
913	07.09.2025 13:22:12	1,67	3,67	31,00	27,33	1451,79
914	07.09.2025 13:22:13	1,67	3,67	31,00	27,33	1451,79
915	07.09.2025 13:22:14	1,67	3,63	31,00	27,33	1451,79
916	07.09.2025 13:22:15	1,67	3,61	31,00	27,33	1451,78
917	07.09.2025 13:22:16	1,67	3,59	31,00	27,33	1451,78
918	07.09.2025 13:22:17	1,67	3,58	31,00	27,33	1451,78
919	07.09.2025 13:22:18	1,67	3,54	31,00	27,33	1451,77
920	07.09.2025 13:22:19	1,67	3,52	31,00	27,33	1451,77
921	07.09.2025 13:22:20	1,67	3,52	31,00	27,33	1451,77
922	07.09.2025 13:22:21	1,67	3,49	31,00	27,33	1451,76
923	07.09.2025 13:22:22	1,67	3,47	31,03	27,36	1451,81
924	07.09.2025 13:22:23	1,67	3,45	31,03	27,36	1451,80
925	07.09.2025 13:22:24	1,67	3,42	31,03	27,36	1451,80
926	07.09.2025 13:22:25	1,67	3,40	31,03	27,36	1451,80
927	07.09.2025 13:22:26	1,67	3,36	31,03	27,36	1451,79
928	07.09.2025 13:22:27	1,71	3,35	31,00	27,36	1451,91
929	07.09.2025 13:22:28	1,71	3,33	31,00	27,36	1451,91
930	07.09.2025 13:22:29	1,71	3,31	31,00	27,36	1451,91
931	07.09.2025 13:22:30	1,71	3,29	31,00	27,36	1451,90
932	07.09.2025 13:22:31	1,71	3,26	31,00	27,36	1451,90
933	07.09.2025 13:22:32	1,71	3,26	31,00	27,36	1451,90
934	07.09.2025 13:22:33	1,71	3,22	31,03	27,38	1451,94
935	07.09.2025 13:22:34	1,71	3,22	31,03	27,38	1451,94
936	07.09.2025 13:22:35	1,71	3,20	31,03	27,38	1451,94
937	07.09.2025 13:22:36	1,71	3,18	31,03	27,38	1451,93
938	07.09.2025 13:22:37	1,71	3,15	31,03	27,38	1451,93
939	07.09.2025 13:22:38	1,71	3,15	31,03	27,38	1451,93
940	07.09.2025 13:22:39	1,71	3,13	31,03	27,38	1451,92
941	07.09.2025 13:22:40	1,71	3,13	31,07	27,41	1451,97
942	07.09.2025 13:22:41	1,75	3,12	30,99	27,38	1452,04
943	07.09.2025 13:22:42	1,75	3,10	31,00	27,39	1452,04
944	07.09.2025 13:22:43	1,75	3,08	31,03	27,41	1452,09
945	07.09.2025 13:22:44	1,75	3,08	31,00	27,39	1452,04
946	07.09.2025 13:22:45	1,75	3,06	31,00	27,39	1452,04
947	07.09.2025 13:22:46	1,75	3,04	31,03	27,41	1452,08
948	07.09.2025 13:22:47	1,75	3,04	31,03	27,41	1452,08
949	07.09.2025 13:22:48	1,75	3,03	31,03	27,41	1452,08
950	07.09.2025 13:22:49	1,75	3,01	31,03	27,41	1452,07
951	07.09.2025 13:22:50	1,75	2,99	31,03	27,41	1452,07
952	07.09.2025 13:22:51	1,75	2,97	31,03	27,41	1452,07
953	07.09.2025 13:22:52	1,75	2,95	31,03	27,41	1452,07
954	07.09.2025 13:22:53	1,75	2,94	31,03	27,41	1452,06
955	07.09.2025 13:22:54	1,75	2,92	31,03	27,41	1452,06
956	07.09.2025 13:22:55	1,75	2,90	31,00	27,39	1452,01
957	07.09.2025 13:22:56	1,75	2,88	31,03	27,41	1452,06
958	07.09.2025 13:22:57	1,75	2,88	31,03	27,41	1452,06
959	07.09.2025 13:22:58	1,75	2,85	31,00	27,39	1452,00
960	07.09.2025 13:22:59	1,75	2,83	31,03	27,41	1452,05
961	07.09.2025 13:23:00	1,75	2,79	31,07	27,44	1452,09
962	07.09.2025 13:23:01	1,75	2,78	31,03	27,41	1452,04
963	07.09.2025 13:23:02	1,75	2,74	31,03	27,41	1452,03
964	07.09.2025 13:23:03	1,79	2,71	31,00	27,41	1452,15
965	07.09.2025 13:23:04	1,79	2,69	31,00	27,41	1452,15
966	07.09.2025 13:23:05	1,79	2,67	31,00	27,41	1452,14
967	07.09.2025 13:23:06	1,79	2,63	31,03	27,44	1452,19
968	07.09.2025 13:23:07	1,79	2,60	31,17	27,55	1452,37
969	07.09.2025 13:23:08	1,83	2,62	31,87	28,15	1453,46
970	07.09.2025 13:23:09	1,98	2,57	32,42	28,71	1454,86
971	07.09.2025 13:23:10	2,21	2,50	32,30	28,80	1455,70
972	07.09.2025 13:23:11	2,40	2,44	32,24	28,91	1456,45
973	07.09.2025 13:23:12	2,59	2,39	32,27	29,09	1457,30
974	07.09.2025 13:23:13	2,74	2,35	32,18	29,15	1457,84
975	07.09.2025 13:23:14	2,86	2,30	32,11	29,18	1458,23
976	07.09.2025 13:23:15	2,97	2,25	32,03	29,21	1458,61
977	07.09.2025 13:23:16	3,08	2,22	31,89	29,18	1458,90
978	07.09.2025 13:23:17	3,16	2,19	31,99	29,32	1459,34
979	07.09.2025 13:23:18	3,23	2,18	32,12	29,49	1459,83
980	07.09.2025 13:23:19	3,31	2,14	32,18	29,61	1460,23
981	07.09.2025 13:23:20	3,42	2,10	32,11	29,64	1460,60
982	07.09.2025 13:23:21	3,53	2,07	32,17	29,78	1461,15
983	07.09.2025 13:23:22	3,60	2,03	32,16	29,84	1461,45
984	07.09.2025 13:23:23	3,71	1,99	32,05	29,84	1461,77
985	07.09.2025 13:23:24	3,79	1,97	32,15	29,98	1462,21
986	07.09.2025 13:23:25	3,90	1,94	32,18	30,09	1462,71
987	07.09.2025 13:23:26	4,01	1,91	32,34	30,32	1463,37
988	07.09.2025 13:23:27	4,15	1,87	32,59	30,66	1464,31
989	07.09.2025 13:23:28	4,34	1,82	32,71	30,92	1465,22
990	07.09.2025 13:23:29	4,52	1,78	32,66	31,03	1465,91
991	07.09.2025 13:23:30	4,70	1,75	32,78	31,29	1466,81
992	07.09.2025 13:23:31	4,88	1,69	32,74	31,40	1467,48
993	07.09.2025 13:23:32	5,06	1,64	33,08	31,86	1468,65
994	07.09.2025 13:23:33	5,27	1,64	33,19	32,14	1469,67
995	07.09.2025 13:23:34	5,52	1,58	33,08	32,26	1470,53
996	07.09.2025 13:23:35	5,73	1,53	33,00	32,37	1471,28
997	07.09.2025 13:23:36	5,95	1,47	33,12	32,66	1472,27
998	07.09.2025 13:23:37	6,16	1,43	33,20	32,91	1473,20
999	07.09.2025 13:23:38	6,37	1,44	33,66	33,50	1474,62
1000	07.09.2025 13:23:39	6,71	1,47	34,46	34,54	1477,02
1001	07.09.2025 13:23:40	7,20	1,35	34,21	34,75	1478,56
1002	07.09.2025 13:23:41	7,68	1,27	34,20	35,18	1480,38
1003	07.09.2025 13:23:42	8,08	1,23	34,21	35,55	1481,93
1004	07.09.2025 13:23:43	8,49	1,15	34,06	35,78	1483,25
1005	07.09.2025 13:23:44	8,82	1,13	34,19	36,21	1484,66
1006	07.09.2025 13:23:45	9,22	1,11	33,87	36,27	1485,74
1007	07.09.2025 13:23:46	9,55	1,07	33,75	36,45	1486,78
1008	07.09.2025 13:23:47	9,84	1,03	33,79	36,76	1487,90
1009	07.09.2025 13:23:48	10,14	1,03	33,78	37,02	1488,95
1010	07.09.2025 13:23:49	10,46	1,03	33,96	37,50	1490,35
1011	07.09.2025 13:23:50	10,82	1,01	33,87	37,74	1491,49
1012	07.09.2025 13:23:51	11,17	0,99	33,66	37,86	1492,47
1013	07.09.2025 13:23:52	11,49	0,95	33,38	37,87	1493,24
1014	07.09.2025 13:23:53	11,75	0,93	33,21	37,93	1493,92
1015	07.09.2025 13:23:54	12,00	0,92	33,07	38,02	1494,62
1016	07.09.2025 13:23:55	12,22	0,92	32,88	38,02	1495,15
1017	07.09.2025 13:23:56	12,41	0,94	32,80	38,11	1495,70
1018	07.09.2025 13:23:57	12,60	0,92	32,72	38,20	1496,24
1019	07.09.2025 13:23:58	12,79	0,93	32,56	38,20	1496,69
1020	07.09.2025 13:23:59	12,97	0,93	32,43	38,23	1497,16
1021	07.09.2025 13:24:00	13,13	0,94	32,27	38,21	1497,50
1022	07.09.2025 13:24:01	13,29	0,93	32,17	38,24	1497,89
1023	07.09.2025 13:24:02	13,44	0,94	32,04	38,24	1498,26
1024	07.09.2025 13:24:03	13,57	0,95	31,94	38,25	1498,55
1025	07.09.2025 13:24:04	13,69	0,93	31,84	38,25	1498,84
1026	07.09.2025 13:24:05	13,81	0,94	31,74	38,25	1499,13
1027	07.09.2025 13:24:06	13,94	0,93	31,64	38,25	1499,41
1028	07.09.2025 13:24:07	14,03	0,92	31,59	38,28	1499,66
1029	07.09.2025 13:24:08	14,15	0,90	31,52	38,31	1499,97
1030	07.09.2025 13:24:09	14,28	0,87	31,44	38,34	1500,28
1031	07.09.2025 13:24:10	14,40	0,88	31,45	38,46	1500,69
1032	07.09.2025 13:24:11	14,52	0,87	31,45	38,57	1501,09
1033	07.09.2025 13:24:12	14,71	0,84	31,44	38,72	1501,66
1034	07.09.2025 13:24:13	14,89	0,83	31,39	38,83	1502,20
1035	07.09.2025 13:24:14	15,04	0,81	31,32	38,89	1502,60
1036	07.09.2025 13:24:15	15,20	0,78	31,23	38,92	1502,97
1037	07.09.2025 13:24:16	15,35	0,75	31,14	38,96	1503,34
1038	07.09.2025 13:24:17	15,47	0,74	31,12	39,04	1503,70
1039	07.09.2025 13:24:18	15,59	0,73	31,07	39,10	1504,03
1040	07.09.2025 13:24:19	15,71	0,70	31,03	39,16	1504,35
1041	07.09.2025 13:24:20	15,83	0,69	31,01	39,25	1504,71
1042	07.09.2025 13:24:21	15,96	0,67	30,97	39,30	1505,04
1043	07.09.2025 13:24:22	16,08	0,66	30,97	39,42	1505,42
1044	07.09.2025 13:24:23	16,20	0,65	30,88	39,42	1505,68
1045	07.09.2025 13:24:24	16,32	0,64	30,82	39,45	1505,98
1046	07.09.2025 13:24:25	16,41	0,63	30,77	39,48	1506,20
1047	07.09.2025 13:24:26	16,50	0,63	30,73	39,51	1506,43
1048	07.09.2025 13:24:27	16,59	0,62	30,66	39,51	1506,63
1049	07.09.2025 13:24:28	16,68	0,60	30,59	39,52	1506,83
1050	07.09.2025 13:24:29	16,77	0,59	30,55	39,55	1507,05
1051	07.09.2025 13:24:30	16,83	0,59	30,53	39,57	1507,21
1052	07.09.2025 13:24:31	16,92	0,60	30,46	39,58	1507,41
1053	07.09.2025 13:24:32	17,01	0,57	30,40	39,58	1507,60
1054	07.09.2025 13:24:33	17,07	0,57	30,40	39,64	1507,78
1055	07.09.2025 13:24:34	17,13	0,54	30,33	39,61	1507,88
1056	07.09.2025 13:24:35	17,22	0,54	30,29	39,64	1508,11
1057	07.09.2025 13:24:36	17,28	0,53	30,25	39,64	1508,23
1058	07.09.2025 13:24:37	17,34	0,53	30,20	39,64	1508,36
1059	07.09.2025 13:24:38	17,43	0,52	30,16	39,67	1508,58
1060	07.09.2025 13:24:39	17,49	0,52	30,12	39,67	1508,71
1061	07.09.2025 13:24:40	17,55	0,51	30,12	39,73	1508,90
1062	07.09.2025 13:24:41	17,61	0,51	30,08	39,73	1509,02
1063	07.09.2025 13:24:42	17,67	0,50	30,04	39,73	1509,15
1064	07.09.2025 13:24:43	17,73	0,47	29,99	39,73	1509,28
1065	07.09.2025 13:24:44	17,79	0,47	29,95	39,73	1509,40
1066	07.09.2025 13:24:45	17,82	0,47	29,93	39,73	1509,47
1067	07.09.2025 13:24:46	17,88	0,47	29,86	39,71	1509,57
1068	07.09.2025 13:24:47	17,91	0,46	29,84	39,71	1509,63
1069	07.09.2025 13:24:48	17,93	0,44	29,82	39,71	1509,69
1070	07.09.2025 13:24:49	17,96	0,42	29,85	39,77	1509,81
1071	07.09.2025 13:24:50	18,02	0,44	29,80	39,77	1509,94
1072	07.09.2025 13:24:51	18,05	0,42	29,81	39,80	1510,02
1073	07.09.2025 13:24:52	18,11	0,40	29,81	39,85	1510,20
1074	07.09.2025 13:24:53	18,14	0,40	29,77	39,83	1510,24
1075	07.09.2025 13:24:54	18,20	0,38	29,70	39,80	1510,34
1076	07.09.2025 13:24:55	18,26	0,38	29,73	39,88	1510,54
1077	07.09.2025 13:24:56	18,29	0,38	29,68	39,86	1510,58
1078	07.09.2025 13:24:57	18,35	0,35	29,62	39,83	1510,67
1079	07.09.2025 13:24:58	18,38	0,35	29,58	39,80	1510,71
1080	07.09.2025 13:24:59	18,41	0,33	29,58	39,83	1510,80
1081	07.09.2025 13:25:00	18,44	0,30	29,56	39,83	1510,85
1082	07.09.2025 13:25:01	18,47	0,33	29,51	39,80	1510,90
1083	07.09.2025 13:25:02	18,50	0,31	29,45	39,75	1510,90
1084	07.09.2025 13:25:03	18,53	0,28	29,43	39,75	1510,96
1085	07.09.2025 13:25:04	18,53	0,28	29,52	39,86	1511,07
1086	07.09.2025 13:25:05	18,56	0,28	29,47	39,83	1511,10
1087	07.09.2025 13:25:06	18,59	0,28	29,48	39,86	1511,19
1088	07.09.2025 13:25:07	18,62	0,24	29,43	39,83	1511,22
1089	07.09.2025 13:25:08	18,65	0,22	29,41	39,83	1511,28
1090	07.09.2025 13:25:09	18,68	0,22	29,42	39,86	1511,37
1091	07.09.2025 13:25:10	18,71	0,21	29,39	39,86	1511,43
1092	07.09.2025 13:25:11	18,74	0,17	29,37	39,86	1511,49
1093	07.09.2025 13:25:12	18,77	0,13	29,31	39,81	1511,49
1094	07.09.2025 13:25:13	18,77	0,12	29,35	39,87	1511,54
1095	07.09.2025 13:25:14	18,80	0,12	29,31	39,84	1511,58
1096	07.09.2025 13:25:15	18,83	0,10	29,31	39,87	1511,67
1097	07.09.2025 13:25:16	18,85	0,10	29,34	39,92	1511,78
1098	07.09.2025 13:25:17	18,88	0,04	29,25	39,84	1511,76
1099	07.09.2025 13:25:18	18,88	0,03	29,30	39,90	1511,81
1100	07.09.2025 13:25:19	18,91	-0,01	29,27	39,90	1511,86
1101	07.09.2025 13:25:20	18,94	-0,05	29,25	39,90	1511,92
1102	07.09.2025 13:25:21	18,97	-0,06	29,23	39,90	1511,98
1103	07.09.2025 13:25:22	19,00	-0,08	29,21	39,90	1512,04
1104	07.09.2025 13:25:23	19,03	-0,10	29,19	39,90	1512,10
1105	07.09.2025 13:25:24	19,03	-0,10	29,19	39,90	1512,10
1106	07.09.2025 13:25:25	19,06	-0,10	29,15	39,87	1512,13
1107	07.09.2025 13:25:26	19,06	-0,12	29,15	39,87	1512,13
1108	07.09.2025 13:25:27	19,06	-0,10	29,17	39,90	1512,16
1109	07.09.2025 13:25:28	19,09	-0,10	29,15	39,90	1512,22
1110	07.09.2025 13:25:29	19,12	-0,10	29,13	39,90	1512,28
1111	07.09.2025 13:25:30	19,15	-0,06	29,11	39,90	1512,35
1112	07.09.2025 13:25:31	19,15	-0,08	29,09	39,87	1512,32
1113	07.09.2025 13:25:32	19,18	-0,10	29,07	39,87	1512,38
1114	07.09.2025 13:25:33	19,18	-0,08	29,09	39,90	1512,41
1115	07.09.2025 13:25:34	19,18	-0,08	29,09	39,90	1512,41
1116	07.09.2025 13:25:35	19,21	-0,08	29,07	39,90	1512,47
1117	07.09.2025 13:25:36	19,21	-0,06	29,07	39,90	1512,47
1118	07.09.2025 13:25:37	19,24	-0,06	29,05	39,90	1512,54
1119	07.09.2025 13:25:38	19,24	-0,08	29,05	39,90	1512,53
1120	07.09.2025 13:25:39	19,27	-0,08	29,01	39,87	1512,57
1121	07.09.2025 13:25:40	19,27	-0,08	29,03	39,90	1512,60
1122	07.09.2025 13:25:41	19,27	-0,08	29,03	39,90	1512,60
1123	07.09.2025 13:25:42	19,30	-0,08	29,01	39,90	1512,66
1124	07.09.2025 13:25:43	19,30	-0,08	29,01	39,90	1512,66
1125	07.09.2025 13:25:44	19,30	-0,08	28,99	39,87	1512,63
1126	07.09.2025 13:25:45	19,33	-0,08	28,99	39,90	1512,72
1127	07.09.2025 13:25:46	19,33	-0,10	28,97	39,88	1512,69
1128	07.09.2025 13:25:47	19,33	-0,08	28,97	39,88	1512,69
1129	07.09.2025 13:25:48	19,33	-0,08	28,99	39,90	1512,72
1130	07.09.2025 13:25:49	19,33	-0,08	28,99	39,90	1512,72
1131	07.09.2025 13:25:50	19,36	-0,08	28,97	39,90	1512,78
1132	07.09.2025 13:25:51	19,36	-0,08	28,97	39,90	1512,78
1133	07.09.2025 13:25:52	19,39	-0,08	28,97	39,93	1512,87
1134	07.09.2025 13:25:53	19,39	-0,08	28,95	39,90	1512,84
1135	07.09.2025 13:25:54	19,39	-0,08	28,95	39,90	1512,84
1136	07.09.2025 13:25:55	19,42	-0,08	28,93	39,91	1512,90
1137	07.09.2025 13:25:56	19,42	-0,08	28,93	39,91	1512,90
1138	07.09.2025 13:25:57	19,42	-0,06	28,93	39,91	1512,91
1139	07.09.2025 13:25:58	19,45	-0,08	28,91	39,91	1512,97
1140	07.09.2025 13:25:59	19,45	-0,08	28,91	39,91	1512,97
1141	07.09.2025 13:26:00	19,45	-0,08	28,91	39,91	1512,97
1142	07.09.2025 13:26:01	19,45	-0,08	28,93	39,93	1512,99
1143	07.09.2025 13:26:02	19,47	-0,06	28,89	39,91	1513,03
1144	07.09.2025 13:26:03	19,47	-0,06	28,89	39,91	1513,03
1145	07.09.2025 13:26:04	19,47	-0,06	28,89	39,91	1513,03
1146	07.09.2025 13:26:05	19,47	-0,06	28,89	39,91	1513,03
1147	07.09.2025 13:26:06	19,47	-0,08	28,89	39,91	1513,03
1148	07.09.2025 13:26:07	19,47	-0,06	28,89	39,91	1513,03
1149	07.09.2025 13:26:08	19,47	-0,06	28,89	39,91	1513,03
1150	07.09.2025 13:26:09	19,47	-0,06	28,89	39,91	1513,03
1151	07.09.2025 13:26:10	19,50	-0,06	28,87	39,91	1513,09
1152	07.09.2025 13:26:11	19,50	-0,06	28,89	39,93	1513,12
1153	07.09.2025 13:26:12	19,50	-0,06	28,89	39,93	1513,12
1154	07.09.2025 13:26:13	19,53	-0,06	28,87	39,94	1513,18
1155	07.09.2025 13:26:14	19,53	-0,06	28,87	39,94	1513,18
1156	07.09.2025 13:26:15	19,53	-0,06	28,87	39,94	1513,18
1157	07.09.2025 13:26:16	19,53	-0,06	28,87	39,94	1513,18
1158	07.09.2025 13:26:17	19,56	-0,06	28,85	39,94	1513,24
1159	07.09.2025 13:26:18	19,56	-0,06	28,86	39,94	1513,24
1160	07.09.2025 13:26:19	19,56	-0,06	28,86	39,94	1513,24
1161	07.09.2025 13:26:20	19,56	-0,06	28,86	39,94	1513,24
1162	07.09.2025 13:26:21	19,56	-0,06	28,86	39,94	1513,24
1163	07.09.2025 13:26:22	19,56	-0,08	28,86	39,94	1513,24
1164	07.09.2025 13:26:23	19,59	-0,06	28,84	39,94	1513,30
1165	07.09.2025 13:26:24	19,59	-0,08	28,84	39,94	1513,30
1166	07.09.2025 13:26:25	19,59	-0,06	28,63	39,68	1513,07
1167	07.09.2025 13:26:26	19,59	-0,10	6,97	10,89	1488,39
1168	07.09.2025 13:26:27	19,59	-0,08	27,64	38,45	1511,94
1169	07.09.2025 13:26:28	19,59	-0,10	16,81	24,48	1499,60
1170	07.09.2025 13:26:29	19,59	-0,08	16,74	24,40	1499,52
1171	07.09.2025 13:26:30	19,59	-0,08	16,87	24,57	1499,67
1172	07.09.2025 13:26:31	19,59	-0,10	28,84	39,94	1513,30
1173	07.09.2025 13:26:32	19,59	-0,06	28,84	39,94	1513,30
1174	07.09.2025 13:26:33	19,62	-0,05	28,82	39,94	1513,37
1175	07.09.2025 13:26:34	19,62	-0,05	28,82	39,94	1513,37
1176	07.09.2025 13:26:35	19,62	-0,05	28,82	39,94	1513,37
1177	07.09.2025 13:26:36	19,62	-0,05	28,82	39,94	1513,37
1178	07.09.2025 13:26:37	19,62	-0,08	28,73	39,82	1513,26
1179	07.09.2025 13:26:38	19,62	-0,06	28,73	39,82	1513,26
1180	07.09.2025 13:26:39	19,62	-0,06	28,70	39,80	1513,23
1181	07.09.2025 13:26:40	19,62	-0,06	28,82	39,94	1513,36
1182	07.09.2025 13:26:41	19,62	-0,08	28,82	39,94	1513,36
1183	07.09.2025 13:26:42	19,62	-0,06	28,82	39,94	1513,36
1184	07.09.2025 13:26:43	19,62	-0,05	28,82	39,94	1513,37
1185	07.09.2025 13:26:44	19,62	-0,06	28,82	39,94	1513,36
1186	07.09.2025 13:26:45	19,62	-0,06	28,79	39,91	1513,34
1187	07.09.2025 13:26:46	19,62	-0,06	28,82	39,94	1513,36
1188	07.09.2025 13:26:47	19,62	-0,06	28,79	39,91	1513,34
1189	07.09.2025 13:26:48	19,65	-0,08	28,77	39,91	1513,40
1190	07.09.2025 13:26:49	19,65	-0,06	28,80	39,94	1513,42
1191	07.09.2025 13:26:50	19,65	-0,06	28,80	39,94	1513,42
1192	07.09.2025 13:26:51	19,65	-0,06	28,77	39,91	1513,40
1193	07.09.2025 13:26:52	19,65	-0,08	28,68	39,80	1513,29
1194	07.09.2025 13:26:53	19,65	-0,08	28,71	39,83	1513,32
1195	07.09.2025 13:26:54	19,65	-0,08	28,77	39,91	1513,40
1196	07.09.2025 13:26:55	19,65	-0,08	28,80	39,94	1513,42
1197	07.09.2025 13:26:56	19,65	-0,08	28,68	39,80	1513,29
1198	07.09.2025 13:26:57	19,65	-0,08	28,71	39,83	1513,32
1199	07.09.2025 13:26:58	19,65	-0,08	28,71	39,83	1513,32
1200	07.09.2025 13:26:59	19,65	-0,08	28,03	38,98	1512,55
1201	07.09.2025 13:27:00	19,65	-0,08	27,67	38,53	1512,14
1202	07.09.2025 13:27:01	19,65	-0,08	10,10	15,36	1492,13
1203	07.09.2025 13:27:02	19,65	-0,06	28,48	39,54	1513,06
1204	07.09.2025 13:27:03	19,65	-0,10	17,02	24,80	1500,01
1205	07.09.2025 13:27:04	19,65	-0,10	24,31	34,28	1508,31
1206	07.09.2025 13:27:05	19,65	-0,08	24,47	34,48	1508,49
1207	07.09.2025 13:27:06	19,65	-0,08	24,62	34,68	1508,67
1208	07.09.2025 13:27:07	19,65	-0,08	24,58	34,62	1508,62
1209	07.09.2025 13:27:08	19,65	-0,08	24,58	34,62	1508,62
1210	07.09.2025 13:27:09	19,65	-0,08	24,62	34,68	1508,67
1211	07.09.2025 13:27:10	19,65	-0,10	24,58	34,62	1508,61
1212	07.09.2025 13:27:11	19,65	-0,10	22,82	32,37	1506,61
1213	07.09.2025 13:27:12	19,65	-0,08	23,17	32,82	1507,01
1214	07.09.2025 13:27:13	19,65	-0,08	22,73	32,26	1506,51
1215	07.09.2025 13:27:14	19,65	-0,08	7,92	12,28	1489,66
1216	07.09.2025 13:27:15	19,65	-0,08	1,70	2,91	1482,57
1217	07.09.2025 13:27:16	19,65	-0,08	2,24	3,77	1483,19
1218	07.09.2025 13:27:17	19,65	-0,08	2,26	3,80	1483,21
1219	07.09.2025 13:27:18	19,65	-0,08	2,28	3,83	1483,23
1220	07.09.2025 13:27:19	19,62	-0,08	2,13	3,59	1482,97
1221	07.09.2025 13:27:20	19,62	-0,08	0,39	0,71	1480,99
1222	07.09.2025 13:27:21	19,62	-0,08	0,52	0,94	1481,14
1223	07.09.2025 13:27:22	19,62	-0,06	0,88	1,55	1481,55
1224	07.09.2025 13:27:23	19,62	-0,06	0,29	0,54	1480,88
1225	07.09.2025 13:27:24	19,62	-0,08	0,36	0,65	1480,95
1226	07.09.2025 13:27:25	19,62	-0,06	0,36	0,65	1480,95
1227	07.09.2025 13:27:26	19,62	-0,08	0,36	0,65	1480,95
1228	07.09.2025 13:27:27	19,62	-0,06	0,36	0,65	1480,95
1229	07.09.2025 13:27:28	19,62	-0,08	0,36	0,65	1480,95
1230	07.09.2025 13:27:29	19,62	-0,06	0,34	0,62	1480,93
1231	07.09.2025 13:27:30	19,62	-0,08	0,34	0,62	1480,93
1232	07.09.2025 13:27:31	19,62	-0,08	0,36	0,65	1480,95
1233	07.09.2025 13:27:32	19,62	-0,08	0,34	0,62	1480,93
1234	07.09.2025 13:27:33	19,59	-0,06	0,34	0,62	1480,84
1235	07.09.2025 13:27:34	19,59	-0,08	0,34	0,62	1480,84
1236	07.09.2025 13:27:35	19,59	-0,08	0,36	0,65	1480,86
1237	07.09.2025 13:27:36	19,59	-0,06	0,34	0,62	1480,84
1238	07.09.2025 13:27:37	19,59	-0,08	0,32	0,59	1480,82
1239	07.09.2025 13:27:38	19,59	-0,06	0,34	0,62	1480,84
1240	07.09.2025 13:27:39	19,59	-0,08	0,36	0,65	1480,86
1241	07.09.2025 13:27:40	19,59	-0,06	0,34	0,62	1480,84
1242	07.09.2025 13:27:41	19,59	-0,06	0,34	0,62	1480,84
1243	07.09.2025 13:27:42	19,59	-0,06	0,36	0,65	1480,86
1244	07.09.2025 13:27:43	19,59	-0,06	0,36	0,65	1480,86
1245	07.09.2025 13:27:44	19,56	-0,08	0,36	0,65	1480,76
1246	07.09.2025 13:27:45	19,56	-0,06	0,47	0,86	1480,90
1247	07.09.2025 13:27:46	19,56	-0,06	0,44	0,80	1480,86
1248	07.09.2025 13:27:47	19,56	-0,06	0,49	0,88	1480,92
1249	07.09.2025 13:27:48	19,56	-0,06	0,59	1,06	1481,03
1250	07.09.2025 13:27:49	19,56	-0,06	1,16	2,02	1481,68
1251	07.09.2025 13:27:50	19,56	-0,06	1,18	2,05	1481,70
1252	07.09.2025 13:27:51	19,56	-0,06	1,27	2,20	1481,81
1253	07.09.2025 13:27:52	19,56	-0,06	1,20	2,08	1481,73
1254	07.09.2025 13:27:53	19,56	-0,06	1,31	2,26	1481,85
1255	07.09.2025 13:27:54	19,56	-0,06	1,41	2,44	1481,97
1256	07.09.2025 13:27:55	19,53	-0,06	1,40	2,41	1481,86
1257	07.09.2025 13:27:56	19,53	-0,06	1,20	2,08	1481,63
1258	07.09.2025 13:27:57	19,53	-0,06	0,95	1,67	1481,35
1259	07.09.2025 13:27:58	19,53	-0,06	0,54	0,97	1480,88
1260	07.09.2025 13:27:59	19,53	-0,06	0,23	0,42	1480,53
1261	07.09.2025 13:28:00	19,53	-0,08	0,20	0,36	1480,49
1262	07.09.2025 13:28:01	19,53	-0,06	0,13	0,25	1480,42
1263	07.09.2025 13:28:02	19,53	-0,06	0,10	0,19	1480,38
1264	07.09.2025 13:28:03	19,53	-0,06	0,12	0,22	1480,40
1265	07.09.2025 13:28:04	19,53	-0,08	0,13	0,25	1480,42
1266	07.09.2025 13:28:05	19,53	-0,06	0,10	0,19	1480,38
1267	07.09.2025 13:28:06	19,53	-0,06	0,09	0,16	1480,37
1268	07.09.2025 13:28:07	19,53	-0,08	0,10	0,19	1480,38
1269	07.09.2025 13:28:08	19,50	-0,06	0,12	0,22	1480,31
1270	07.09.2025 13:28:09	19,50	-0,06	0,10	0,19	1480,29
1271	07.09.2025 13:28:10	19,50	-0,06	0,09	0,16	1480,27
1272	07.09.2025 13:28:11	19,50	-0,06	0,09	0,16	1480,27
1273	07.09.2025 13:28:12	19,50	-0,06	0,10	0,19	1480,29
1274	07.09.2025 13:28:13	19,50	-0,06	0,10	0,19	1480,29
1275	07.09.2025 13:28:14	19,50	-0,06	0,09	0,16	1480,27
1276	07.09.2025 13:28:15	19,50	-0,06	0,07	0,13	1480,26
1277	07.09.2025 13:28:16	19,50	-0,06	0,09	0,16	1480,27
1278	07.09.2025 13:28:17	19,50	-0,06	0,09	0,16	1480,27
1279	07.09.2025 13:28:18	19,50	-0,06	0,07	0,13	1480,26
1280	07.09.2025 13:28:19	19,50	-0,06	0,07	0,13	1480,26
1281	07.09.2025 13:28:20	19,50	-0,08	0,07	0,13	1480,25
1282	07.09.2025 13:28:21	19,50	-0,06	0,07	0,13	1480,26
1283	07.09.2025 13:28:22	19,50	-0,08	0,07	0,13	1480,25
1284	07.09.2025 13:28:23	19,50	-0,06	0,06	0,10	1480,24
1285	07.09.2025 13:28:24	19,50	-0,06	0,06	0,10	1480,24
1286	07.09.2025 13:28:25	19,50	-0,06	0,06	0,10	1480,24
1287	07.09.2025 13:28:26	19,50	-0,08	0,06	0,10	1480,24
1288	07.09.2025 13:28:27	19,50	-0,08	0,06	0,10	1480,24
1289	07.09.2025 13:28:28	19,50	-0,06	0,06	0,10	1480,24
1290	07.09.2025 13:28:29	19,47	-0,06	0,04	0,07	1480,13
1291	07.09.2025 13:28:30	19,47	-0,06	0,04	0,07	1480,13
1292	07.09.2025 13:28:31	19,47	-0,06	0,04	0,07	1480,13
1293	07.09.2025 13:28:32	19,47	-0,06	0,04	0,07	1480,13
1294	07.09.2025 13:28:33	19,47	-0,08	0,04	0,07	1480,13
1295	07.09.2025 13:28:34	19,47	-0,06	0,04	0,07	1480,13
1296	07.09.2025 13:28:35	19,47	-0,06	0,04	0,07	1480,13
1297	07.09.2025 13:28:36	19,47	-0,06	0,04	0,07	1480,13
1298	07.09.2025 13:28:37	19,47	-0,06	0,04	0,07	1480,13
1299	07.09.2025 13:28:38	19,47	-0,08	0,04	0,07	1480,13
1300	07.09.2025 13:28:39	19,47	-0,08	0,04	0,07	1480,13
1301	07.09.2025 13:28:40	19,47	-0,06	0,04	0,07	1480,13
1302	07.09.2025 13:28:41	19,47	-0,06	0,04	0,07	1480,13
1303	07.09.2025 13:28:42	19,47	-0,06	0,04	0,07	1480,13
1304	07.09.2025 13:28:43	19,47	-0,08	0,04	0,07	1480,13
1305	07.09.2025 13:28:44	19,47	-0,08	0,03	0,04	1480,11
1306	07.09.2025 13:28:45	19,47	-0,06	0,04	0,07	1480,13
1307	07.09.2025 13:28:46	19,47	-0,06	0,04	0,07	1480,13
1308	07.09.2025 13:28:47	19,47	-0,06	0,03	0,04	1480,11
1309	07.09.2025 13:28:48	19,47	-0,06	0,03	0,04	1480,11
1310	07.09.2025 13:28:49	19,47	-0,08	0,03	0,04	1480,11
1311	07.09.2025 13:28:50	19,47	-0,06	0,03	0,04	1480,11
1312	07.09.2025 13:28:51	19,47	-0,06	0,03	0,04	1480,11
1313	07.09.2025 13:28:52	19,47	-0,06	0,03	0,04	1480,11
1314	07.09.2025 13:28:53	19,47	-0,06	0,03	0,04	1480,11
1315	07.09.2025 13:28:54	19,45	-0,08	0,03	0,04	1480,02
1316	07.09.2025 13:28:55	19,45	-0,08	0,03	0,04	1480,02
1317	07.09.2025 13:28:56	19,45	-0,08	0,03	0,04	1480,02
1318	07.09.2025 13:28:57	19,45	-0,08	0,03	0,04	1480,02
1319	07.09.2025 13:28:58	19,45	-0,10	0,01	0,02	1480,00
1320	07.09.2025 13:28:59	19,45	-0,10	0,03	0,04	1480,02
1321	07.09.2025 13:29:00	19,45	-0,08	0,01	0,02	1480,00
1322	07.09.2025 13:29:01	19,45	-0,08	0,03	0,04	1480,02
1323	07.09.2025 13:29:02	19,45	-0,08	0,01	0,02	1480,00
1324	07.09.2025 13:29:03	19,45	-0,08	0,01	0,02	1480,00
1325	07.09.2025 13:29:04	19,45	-0,08	0,01	0,02	1480,00
1326	07.09.2025 13:29:05	19,45	-0,10	0,01	0,02	1480,00
1327	07.09.2025 13:29:06	19,45	-0,08	0,03	0,04	1480,02
1328	07.09.2025 13:29:07	19,45	-0,08	0,01	0,02	1480,00
1329	07.09.2025 13:29:08	19,45	-0,08	0,01	0,02	1480,00
1330	07.09.2025 13:29:09	19,45	-0,08	0,01	0,02	1480,00
1331	07.09.2025 13:29:10	19,45	-0,10	0,01	0,02	1480,00
1332	07.09.2025 13:29:11	19,45	-0,10	0,01	0,02	1480,00
1333	07.09.2025 13:29:12	19,45	-0,08	0,01	0,02	1480,00
1334	07.09.2025 13:29:13	19,45	-0,08	0,01	0,02	1480,00
1335	07.09.2025 13:29:14	19,45	-0,08	0,01	0,02	1480,00
1336	07.09.2025 13:29:15	19,45	-0,08	0,01	0,02	1480,00
1337	07.09.2025 13:29:16	19,45	-0,08	0,01	0,02	1480,00
1338	07.09.2025 13:29:17	19,45	-0,08	0,01	0,02	1480,00
1339	07.09.2025 13:29:18	19,45	-0,08	0,01	0,02	1480,00
1340	07.09.2025 13:29:19	19,45	-0,08	0,01	0,02	1480,00
1341	07.09.2025 13:29:20	19,45	-0,08	0,03	0,04	1480,02
1342	07.09.2025 13:29:21	19,42	-0,08	0,80	1,41	1480,80
1343	07.09.2025 13:29:22	19,42	-0,08	0,49	0,88	1480,45
1344	07.09.2025 13:29:23	19,42	-0,10	0,54	0,97	1480,51
1345	07.09.2025 13:29:24	19,42	-0,08	0,71	1,26	1480,70
1346	07.09.2025 13:29:25	19,42	-0,08	0,80	1,41	1480,80
1347	07.09.2025 13:29:26	19,42	-0,08	0,74	1,32	1480,74
1348	07.09.2025 13:29:27	19,42	-0,08	0,49	0,88	1480,45
1349	07.09.2025 13:29:28	19,42	-0,08	1,42	2,44	1481,51
1350	07.09.2025 13:29:29	19,42	-0,08	1,01	1,76	1481,04
1351	07.09.2025 13:29:30	19,42	-0,08	0,99	1,73	1481,02
1352	07.09.2025 13:29:31	19,42	-0,08	0,85	1,49	1480,86
1353	07.09.2025 13:29:32	19,42	-0,08	0,80	1,41	1480,80
1354	07.09.2025 13:29:33	19,42	-0,08	0,92	1,61	1480,94
1355	07.09.2025 13:29:34	19,42	-0,08	0,94	1,64	1480,96
1356	07.09.2025 13:29:35	19,42	-0,08	0,95	1,67	1480,98
1357	07.09.2025 13:29:36	19,42	-0,08	1,04	1,82	1481,08
1358	07.09.2025 13:29:37	19,42	-0,08	1,04	1,82	1481,08
1359	07.09.2025 13:29:38	19,42	-0,08	1,09	1,90	1481,14
1360	07.09.2025 13:29:39	19,42	-0,08	0,99	1,73	1481,02
1361	07.09.2025 13:29:40	19,42	-0,08	1,02	1,79	1481,06
1362	07.09.2025 13:29:41	19,39	-0,06	1,04	1,82	1480,99
1363	07.09.2025 13:29:42	19,39	-0,08	0,97	1,70	1480,91
1364	07.09.2025 13:29:43	19,39	-0,06	1,08	1,88	1481,03
1365	07.09.2025 13:29:44	19,39	-0,08	1,20	2,08	1481,17
1366	07.09.2025 13:29:45	19,39	-0,06	1,11	1,93	1481,07
1367	07.09.2025 13:29:46	19,39	-0,08	0,97	1,70	1480,91
1368	07.09.2025 13:29:47	19,39	-0,06	1,69	2,88	1481,73
1369	07.09.2025 13:29:48	19,39	-0,08	1,55	2,64	1481,56
1370	07.09.2025 13:29:49	19,39	-0,08	1,86	3,15	1481,92
1371	07.09.2025 13:29:50	19,39	-0,06	1,58	2,70	1481,61
1372	07.09.2025 13:29:51	19,39	-0,06	1,56	2,67	1481,59
1373	07.09.2025 13:29:52	19,39	-0,08	1,31	2,26	1481,29
1374	07.09.2025 13:29:53	19,39	-0,06	1,35	2,32	1481,34
1375	07.09.2025 13:29:54	19,39	-0,08	1,29	2,23	1481,27
1376	07.09.2025 13:29:55	19,39	-0,06	1,38	2,38	1481,38
1377	07.09.2025 13:29:56	19,39	-0,06	1,31	2,26	1481,30
1378	07.09.2025 13:29:57	19,39	-0,08	1,26	2,17	1481,23
1379	07.09.2025 13:29:58	19,39	-0,06	1,20	2,08	1481,17
1380	07.09.2025 13:29:59	19,39	-0,06	1,29	2,23	1481,28
1381	07.09.2025 13:30:00	19,39	-0,06	1,26	2,17	1481,24
1382	07.09.2025 13:30:01	19,39	-0,06	1,29	2,23	1481,28
1383	07.09.2025 13:30:02	19,39	-0,06	1,31	2,26	1481,30
1384	07.09.2025 13:30:03	19,39	-0,08	1,35	2,32	1481,34
1385	07.09.2025 13:30:04	19,39	-0,08	1,60	2,73	1481,63
1386	07.09.2025 13:30:05	19,36	-0,08	1,47	2,52	1481,39
1387	07.09.2025 13:30:06	19,36	-0,08	1,66	2,82	1481,60
1388	07.09.2025 13:30:07	19,36	-0,08	1,60	2,73	1481,54
1389	07.09.2025 13:30:08	19,36	-0,08	1,69	2,88	1481,64
1390	07.09.2025 13:30:09	19,36	-0,06	1,73	2,94	1481,69
1391	07.09.2025 13:30:10	19,36	-0,06	1,66	2,82	1481,60
1392	07.09.2025 13:30:11	19,36	-0,06	1,64	2,79	1481,58
1393	07.09.2025 13:30:12	19,36	-0,08	1,68	2,85	1481,62
1394	07.09.2025 13:30:13	19,36	-0,08	1,73	2,94	1481,68
1395	07.09.2025 13:30:14	19,36	-0,06	1,69	2,88	1481,64
1396	07.09.2025 13:30:15	19,36	-0,06	1,64	2,79	1481,58
1397	07.09.2025 13:30:16	19,36	-0,06	1,66	2,82	1481,60
1398	07.09.2025 13:30:17	19,36	-0,06	1,69	2,88	1481,64
1399	07.09.2025 13:30:18	19,36	-0,06	1,73	2,94	1481,69
1400	07.09.2025 13:30:19	19,36	-0,06	1,69	2,88	1481,64
1401	07.09.2025 13:30:20	19,36	-0,06	1,62	2,76	1481,56
1402	07.09.2025 13:30:21	19,36	-0,06	1,68	2,85	1481,62
1403	07.09.2025 13:30:22	19,36	-0,06	1,75	2,97	1481,71
1404	07.09.2025 13:30:23	19,36	-0,08	1,71	2,91	1481,66
1405	07.09.2025 13:30:24	19,36	-0,06	1,64	2,79	1481,58
1406	07.09.2025 13:30:25	19,36	-0,06	1,64	2,79	1481,58
1407	07.09.2025 13:30:26	19,36	-0,06	1,73	2,94	1481,69
1408	07.09.2025 13:30:27	19,36	-0,06	1,75	2,97	1481,71
1409	07.09.2025 13:30:28	19,36	-0,06	1,66	2,82	1481,60
1410	07.09.2025 13:30:29	19,36	-0,08	1,64	2,79	1481,58
1411	07.09.2025 13:30:30	19,36	-0,08	1,73	2,94	1481,68
1412	07.09.2025 13:30:31	19,36	-0,06	1,71	2,91	1481,66
1413	07.09.2025 13:30:32	19,36	-0,06	1,68	2,85	1481,62
1414	07.09.2025 13:30:33	19,36	-0,08	1,68	2,85	1481,62
1415	07.09.2025 13:30:34	19,36	-0,06	1,69	2,88	1481,64
1416	07.09.2025 13:30:35	19,36	-0,08	1,73	2,94	1481,68
1417	07.09.2025 13:30:36	19,36	-0,06	1,69	2,88	1481,64
1418	07.09.2025 13:30:37	19,36	-0,06	1,66	2,82	1481,60
1419	07.09.2025 13:30:38	19,33	-0,08	1,68	2,85	1481,53
1420	07.09.2025 13:30:39	19,33	-0,06	1,73	2,94	1481,59
1421	07.09.2025 13:30:40	19,33	-0,06	1,71	2,91	1481,57
1422	07.09.2025 13:30:41	19,36	-0,06	1,66	2,82	1481,60
1423	07.09.2025 13:30:42	19,33	-0,08	1,68	2,85	1481,53
1424	07.09.2025 13:30:43	19,33	-0,06	1,70	2,88	1481,55
1425	07.09.2025 13:30:44	19,33	-0,06	1,71	2,91	1481,57
1426	07.09.2025 13:30:45	19,33	-0,06	1,71	2,91	1481,57
1427	07.09.2025 13:30:46	19,33	-0,08	1,68	2,85	1481,53
1428	07.09.2025 13:30:47	19,33	-0,06	1,68	2,85	1481,53
1429	07.09.2025 13:30:48	19,33	-0,06	1,71	2,91	1481,57
1430	07.09.2025 13:30:49	19,33	-0,06	1,70	2,88	1481,55
1431	07.09.2025 13:30:50	19,33	-0,06	1,68	2,85	1481,53
1432	07.09.2025 13:30:51	19,33	-0,06	1,71	2,91	1481,57
1433	07.09.2025 13:30:52	19,33	-0,06	1,71	2,91	1481,57
1434	07.09.2025 13:30:53	19,33	-0,05	1,68	2,85	1481,53
1435	07.09.2025 13:30:54	19,33	-0,06	1,70	2,88	1481,55
1436	07.09.2025 13:30:55	19,33	-0,06	1,71	2,91	1481,57
1437	07.09.2025 13:30:56	19,33	-0,06	1,71	2,91	1481,57
1438	07.09.2025 13:30:57	19,33	-0,08	1,68	2,85	1481,53
1439	07.09.2025 13:30:58	19,33	-0,06	1,64	2,79	1481,49
1440	07.09.2025 13:30:59	19,33	-0,06	1,71	2,91	1481,57
1441	07.09.2025 13:31:00	19,33	-0,06	1,77	3,00	1481,64
1442	07.09.2025 13:31:01	19,33	-0,06	1,70	2,88	1481,55
1443	07.09.2025 13:31:02	19,33	-0,06	1,60	2,73	1481,45
1444	07.09.2025 13:31:03	19,33	-0,06	1,70	2,88	1481,55
1445	07.09.2025 13:31:04	19,33	-0,06	1,75	2,97	1481,62
1446	07.09.2025 13:31:05	19,33	-0,06	1,71	2,91	1481,57
1447	07.09.2025 13:31:06	19,33	-0,06	1,66	2,82	1481,51
1448	07.09.2025 13:31:07	19,33	-0,08	1,68	2,85	1481,53
1449	07.09.2025 13:31:08	19,33	-0,06	1,71	2,91	1481,57
1450	07.09.2025 13:31:09	19,33	-0,06	1,73	2,94	1481,59
1451	07.09.2025 13:31:10	19,33	-0,06	1,70	2,88	1481,55
1452	07.09.2025 13:31:11	19,33	-0,08	1,68	2,85	1481,53
1453	07.09.2025 13:31:12	19,33	-0,06	1,70	2,88	1481,55
1454	07.09.2025 13:31:13	19,33	-0,06	1,71	2,91	1481,57
1455	07.09.2025 13:31:14	19,33	-0,06	1,71	2,91	1481,57
1456	07.09.2025 13:31:15	19,33	-0,06	1,71	2,91	1481,57
1457	07.09.2025 13:31:16	19,33	-0,06	1,68	2,85	1481,53
1458	07.09.2025 13:31:17	19,33	-0,08	1,70	2,88	1481,55
1459	07.09.2025 13:31:18	19,33	-0,06	1,73	2,94	1481,59
1460	07.09.2025 13:31:19	19,33	-0,08	1,71	2,91	1481,57
1461	07.09.2025 13:31:20	19,33	-0,08	1,68	2,85	1481,53
1462	07.09.2025 13:31:21	19,33	-0,08	1,70	2,88	1481,55
1463	07.09.2025 13:31:22	19,33	-0,06	1,71	2,91	1481,57
1464	07.09.2025 13:31:23	19,33	-0,06	1,70	2,88	1481,55
1465	07.09.2025 13:31:24	19,33	-0,08	1,71	2,91	1481,57
1466	07.09.2025 13:31:25	19,33	-0,06	1,71	2,91	1481,57
1467	07.09.2025 13:31:26	19,33	-0,08	1,68	2,85	1481,53
1468	07.09.2025 13:31:27	19,33	-0,06	1,70	2,88	1481,55
1469	07.09.2025 13:31:28	19,33	-0,06	1,70	2,88	1481,55
1470	07.09.2025 13:31:29	19,33	-0,08	1,70	2,88	1481,55
1471	07.09.2025 13:31:30	19,33	-0,06	1,71	2,91	1481,57
1472	07.09.2025 13:31:31	19,33	-0,08	1,70	2,88	1481,55
1473	07.09.2025 13:31:32	19,33	-0,06	1,68	2,85	1481,53
1474	07.09.2025 13:31:33	19,33	-0,06	1,71	2,91	1481,57
1475	07.09.2025 13:31:34	19,33	-0,06	1,73	2,94	1481,59
1476	07.09.2025 13:31:35	19,33	-0,06	1,70	2,88	1481,55
1477	07.09.2025 13:31:36	19,33	-0,06	1,68	2,85	1481,53
1478	07.09.2025 13:31:37	19,33	-0,08	1,70	2,88	1481,55
1479	07.09.2025 13:31:38	19,33	-0,06	1,71	2,91	1481,57
1480	07.09.2025 13:31:39	19,33	-0,06	1,71	2,91	1481,57
1481	07.09.2025 13:31:40	19,33	-0,06	1,70	2,88	1481,55
1482	07.09.2025 13:31:41	19,33	-0,06	1,68	2,85	1481,53
1483	07.09.2025 13:31:42	19,33	-0,06	1,70	2,88	1481,55
1484	07.09.2025 13:31:43	19,33	-0,06	1,71	2,91	1481,57
1485	07.09.2025 13:31:44	19,33	-0,06	1,70	2,88	1481,55
1486	07.09.2025 13:31:45	19,33	-0,08	1,55	2,64	1481,38
1487	07.09.2025 13:31:46	19,33	-0,06	0,92	1,61	1480,67
1488	07.09.2025 13:31:47	19,33	-0,06	1,15	1,99	1480,93
1489	07.09.2025 13:31:48	19,33	-0,06	1,29	2,23	1481,09
1490	07.09.2025 13:31:49	19,33	-0,08	1,33	2,29	1481,13
1491	07.09.2025 13:31:50	19,33	-0,06	1,08	1,88	1480,85
1492	07.09.2025 13:31:51	19,33	-0,06	0,89	1,55	1480,63
1493	07.09.2025 13:31:52	19,33	-0,06	0,97	1,70	1480,73
1494	07.09.2025 13:31:53	19,33	-0,06	0,36	0,65	1480,03
1495	07.09.2025 13:31:54	19,33	-0,06	0,29	0,54	1479,95
1496	07.09.2025 13:31:55	19,33	-0,06	0,66	1,18	1480,37
1497	07.09.2025 13:31:56	19,33	-0,06	0,58	1,03	1480,27
1498	07.09.2025 13:31:57	19,33	-0,06	0,58	1,03	1480,27
1499	07.09.2025 13:31:58	19,33	-0,06	0,46	0,83	1480,14
1500	07.09.2025 13:31:59	19,33	-0,06	0,46	0,83	1480,14
1501	07.09.2025 13:32:00	19,36	-0,06	0,26	0,48	1480,01
1502	07.09.2025 13:32:01	19,36	-0,08	0,31	0,56	1480,06
1503	07.09.2025 13:32:02	19,39	-0,06	0,12	0,22	1479,94
1504	07.09.2025 13:32:03	19,45	-0,10	0,09	0,16	1480,08
1505	07.09.2025 13:32:04	19,53	-0,24	0,06	0,10	1480,30
1506	07.09.2025 13:32:05	19,71	-0,19	0,06	0,10	1480,87
1507	07.09.2025 13:32:06	19,89	-0,13	0,07	0,13	1481,44
1508	07.09.2025 13:32:07	20,00	-0,15	0,06	0,10	1481,79
1509	07.09.2025 13:32:08	20,06	-0,15	0,04	0,07	1481,96
1510	07.09.2025 13:32:09	20,18	-0,12	0,04	0,07	1482,33
1511	07.09.2025 13:32:10	20,36	-0,12	0,04	0,07	1482,87
1512	07.09.2025 13:32:11	20,42	-0,12	0,03	0,04	1483,04
1513	07.09.2025 13:32:12	20,50	-0,13	0,03	0,04	1483,31
1514	07.09.2025 13:32:13	20,56	-0,12	0,27	0,51	1483,76
1515	07.09.2025 13:32:14	20,65	-0,13	0,10	0,19	1483,84
1516	07.09.2025 13:32:15	20,71	-0,12	0,32	0,59	1484,26
1517	07.09.2025 13:32:16	20,77	-0,13	0,16	0,30	1484,26
1518	07.09.2025 13:32:17	20,83	-0,12	0,10	0,19	1484,38
