#B	Created:	07.09.2025 14:20:56
##	Version	SeaStar	9.59
#5	Field separation:	0
#2	Date & Time:	1
#6	Decimal point:	,
#7	Date def.:	dd.mm.yyyy	.
#8	Time def.:	:
##	Axis	0	Temperature(°C)	clRed	FALSE
##	Axis	1	Pressure(Bar)	clBlue	FALSE
##	Axis	2	Salinity(psu)	clGreen	FALSE
##	Axis	3	Conductivity(mS/cm)	$00FF80FF	FALSE
##	Axis	4	Sound Velocity(m/sec)	$00404080	FALSE
##	Series	0	Temp(°C)	clRed	0	Temp(°C)	2
##	Series	1	Press(Bar)	clBlue	1	Press(Bar)	2
##	Series	2	Salinity(psu)	clGreen	2	Salinity(psu)	2
##	Series	3	Conduct(mS/cm)	$00FF80FF	3	Conduct(mS/cm)	2
##	Series	4	Sound Velocity(m/sec)	$00404080	4	Velocity(m/sec)	2
##	Recorder	30	DST CTD	13525
##	Chart	30S13525DAT	
#D	Data:	1542	07.09.2025 13:53:00	07.09.2025 14:18:41
1	07.09.2025 13:53:00	23,54	-0,05	0,02	0,02	1492,28
2	07.09.2025 13:53:01	23,54	-0,05	0,02	0,02	1492,28
3	07.09.2025 13:53:02	23,56	-0,05	0,01	0,00	1492,36
4	07.09.2025 13:53:03	23,56	-0,06	0,02	0,02	1492,36
5	07.09.2025 13:53:04	23,56	-0,05	0,02	0,02	1492,36
6	07.09.2025 13:53:05	23,56	-0,06	0,02	0,02	1492,36
7	07.09.2025 13:53:06	23,56	-0,05	0,02	0,02	1492,36
8	07.09.2025 13:53:07	23,56	-0,06	0,01	0,00	1492,36
9	07.09.2025 13:53:08	23,56	-0,05	0,02	0,02	1492,36
10	07.09.2025 13:53:09	23,56	-0,05	0,02	0,02	1492,36
11	07.09.2025 13:53:10	23,56	-0,05	0,01	0,00	1492,36
12	07.09.2025 13:53:11	23,56	-0,06	0,02	0,02	1492,36
13	07.09.2025 13:53:12	23,56	-0,05	0,01	0,00	1492,36
14	07.09.2025 13:53:13	23,56	-0,05	0,01	0,00	1492,36
15	07.09.2025 13:53:14	23,56	-0,05	0,01	0,00	1492,36
16	07.09.2025 13:53:15	23,56	-0,05	0,01	0,00	1492,36
17	07.09.2025 13:53:16	23,59	-0,06	0,02	0,02	1492,44
18	07.09.2025 13:53:17	23,59	-0,05	0,02	0,02	1492,45
19	07.09.2025 13:53:18	23,59	-0,06	0,02	0,02	1492,44
20	07.09.2025 13:53:19	23,59	-0,06	0,01	0,00	1492,44
21	07.09.2025 13:53:20	23,59	-0,06	0,01	0,00	1492,44
22	07.09.2025 13:53:21	23,59	-0,06	0,02	0,02	1492,44
23	07.09.2025 13:53:22	23,59	-0,05	0,01	0,00	1492,44
24	07.09.2025 13:53:23	23,59	-0,06	0,02	0,02	1492,44
25	07.09.2025 13:53:24	23,59	-0,06	0,02	0,02	1492,44
26	07.09.2025 13:53:25	23,59	-0,05	0,02	0,02	1492,45
27	07.09.2025 13:53:26	23,59	-0,06	0,01	0,00	1492,44
28	07.09.2025 13:53:27	23,59	-0,06	0,01	0,00	1492,44
29	07.09.2025 13:53:28	23,59	-0,05	0,01	0,00	1492,44
30	07.09.2025 13:53:29	23,59	-0,05	0,01	0,00	1492,44
31	07.09.2025 13:53:30	23,59	-0,05	0,01	0,00	1492,44
32	07.09.2025 13:53:31	23,59	-0,05	0,01	0,00	1492,44
33	07.09.2025 13:53:32	23,59	-0,05	0,01	0,00	1492,44
34	07.09.2025 13:53:33	23,59	-0,05	0,01	0,00	1492,44
35	07.09.2025 13:53:34	23,59	-0,06	0,01	0,00	1492,44
36	07.09.2025 13:53:35	23,59	-0,06	0,01	0,00	1492,44
37	07.09.2025 13:53:36	23,59	-0,06	0,01	0,00	1492,44
38	07.09.2025 13:53:37	23,59	-0,05	0,01	0,00	1492,44
39	07.09.2025 13:53:38	23,59	-0,06	0,02	0,02	1492,44
40	07.09.2025 13:53:39	23,59	-0,06	0,01	0,00	1492,44
41	07.09.2025 13:53:40	23,59	-0,05	0,02	0,02	1492,45
42	07.09.2025 13:53:41	23,59	-0,06	0,02	0,02	1492,44
43	07.09.2025 13:53:42	23,59	-0,05	0,02	0,02	1492,45
44	07.09.2025 13:53:43	23,59	-0,06	0,01	0,00	1492,44
45	07.09.2025 13:53:44	23,59	-0,05	0,02	0,02	1492,45
46	07.09.2025 13:53:45	23,59	-0,05	0,01	0,00	1492,44
47	07.09.2025 13:53:46	23,59	-0,05	0,01	0,00	1492,44
48	07.09.2025 13:53:47	23,59	-0,05	0,01	0,00	1492,44
49	07.09.2025 13:53:48	23,59	-0,05	0,01	0,00	1492,44
50	07.09.2025 13:53:49	23,62	-0,05	0,01	0,00	1492,52
51	07.09.2025 13:53:50	23,62	-0,06	0,01	0,00	1492,52
52	07.09.2025 13:53:51	23,59	-0,05	0,01	0,00	1492,44
53	07.09.2025 13:53:52	23,59	-0,05	0,02	0,02	1492,45
54	07.09.2025 13:53:53	23,59	-0,05	0,01	0,00	1492,44
55	07.09.2025 13:53:54	23,59	-0,05	0,01	0,00	1492,44
56	07.09.2025 13:53:55	23,59	-0,05	0,01	0,00	1492,44
57	07.09.2025 13:53:56	23,59	-0,05	0,01	0,00	1492,44
58	07.09.2025 13:53:57	23,59	-0,05	26,77	40,60	1521,83
59	07.09.2025 13:53:58	23,36	-0,28	26,35	39,83	1520,72
60	07.09.2025 13:53:59	22,81	-0,10	26,69	39,85	1519,70
61	07.09.2025 13:54:00	22,40	-0,10	27,11	40,07	1519,08
62	07.09.2025 13:54:01	22,08	-0,03	27,30	40,07	1518,45
63	07.09.2025 13:54:02	21,88	0,01	27,38	40,00	1518,00
64	07.09.2025 13:54:03	21,70	-0,01	27,45	39,95	1517,60
65	07.09.2025 13:54:04	21,56	0,01	23,53	34,65	1512,82
66	07.09.2025 13:54:05	21,44	0,03	24,12	35,35	1513,16
67	07.09.2025 13:54:06	21,35	0,01	27,67	39,94	1516,90
68	07.09.2025 13:54:07	21,26	0,01	27,72	39,94	1516,72
69	07.09.2025 13:54:08	21,21	0,03	27,76	39,94	1516,61
70	07.09.2025 13:54:09	21,15	0,04	27,80	39,94	1516,49
71	07.09.2025 13:54:10	21,09	0,03	27,86	39,96	1516,39
72	07.09.2025 13:54:11	21,06	0,04	27,88	39,96	1516,34
73	07.09.2025 13:54:12	21,00	0,04	27,91	39,96	1516,22
74	07.09.2025 13:54:13	20,97	0,04	27,93	39,96	1516,16
75	07.09.2025 13:54:14	20,91	0,04	27,97	39,96	1516,04
76	07.09.2025 13:54:15	20,88	0,04	27,99	39,96	1515,98
77	07.09.2025 13:54:16	20,85	0,04	28,01	39,96	1515,92
78	07.09.2025 13:54:17	20,80	0,04	28,04	39,96	1515,80
79	07.09.2025 13:54:18	20,77	0,01	28,04	39,93	1515,71
80	07.09.2025 13:54:19	20,74	0,03	28,06	39,93	1515,65
81	07.09.2025 13:54:20	20,68	0,01	28,10	39,93	1515,53
82	07.09.2025 13:54:21	20,65	0,01	28,14	39,96	1515,50
83	07.09.2025 13:54:22	20,62	0,01	28,16	39,96	1515,44
84	07.09.2025 13:54:23	20,56	0,01	28,20	39,95	1515,32
85	07.09.2025 13:54:24	20,53	-0,01	28,19	39,93	1515,23
86	07.09.2025 13:54:25	20,50	0,01	28,23	39,95	1515,20
87	07.09.2025 13:54:26	20,47	0,01	28,23	39,92	1515,11
88	07.09.2025 13:54:27	20,44	-0,01	28,27	39,95	1515,07
89	07.09.2025 13:54:28	20,42	-0,01	28,29	39,95	1515,01
90	07.09.2025 13:54:29	20,42	-0,01	28,29	39,95	1515,01
91	07.09.2025 13:54:30	20,39	-0,01	28,31	39,95	1514,95
92	07.09.2025 13:54:31	20,36	-0,01	28,33	39,95	1514,89
93	07.09.2025 13:54:32	20,33	-0,01	28,35	39,95	1514,83
94	07.09.2025 13:54:33	20,30	-0,03	28,37	39,95	1514,77
95	07.09.2025 13:54:34	20,30	-0,03	28,37	39,95	1514,77
96	07.09.2025 13:54:35	20,27	-0,03	28,39	39,95	1514,71
97	07.09.2025 13:54:36	20,24	-0,01	28,41	39,95	1514,65
98	07.09.2025 13:54:37	20,21	-0,03	28,42	39,95	1514,59
99	07.09.2025 13:54:38	20,21	-0,01	28,42	39,95	1514,59
100	07.09.2025 13:54:39	20,18	-0,03	28,44	39,95	1514,53
101	07.09.2025 13:54:40	20,15	-0,01	28,46	39,95	1514,47
102	07.09.2025 13:54:41	20,15	-0,03	28,46	39,95	1514,47
103	07.09.2025 13:54:42	20,12	-0,03	28,48	39,95	1514,40
104	07.09.2025 13:54:43	20,12	-0,03	28,48	39,95	1514,40
105	07.09.2025 13:54:44	20,09	-0,05	28,50	39,95	1514,34
106	07.09.2025 13:54:45	20,09	-0,05	28,50	39,95	1514,34
107	07.09.2025 13:54:46	20,06	-0,03	28,54	39,97	1514,31
108	07.09.2025 13:54:47	20,06	-0,05	28,52	39,95	1514,28
109	07.09.2025 13:54:48	20,03	-0,05	28,54	39,94	1514,22
110	07.09.2025 13:54:49	20,03	-0,05	28,54	39,94	1514,22
111	07.09.2025 13:54:50	20,00	-0,03	28,56	39,94	1514,16
112	07.09.2025 13:54:51	20,00	-0,05	28,54	39,92	1514,13
113	07.09.2025 13:54:52	19,97	-0,03	28,49	39,83	1514,00
114	07.09.2025 13:54:53	19,97	-0,03	28,58	39,94	1514,10
115	07.09.2025 13:54:54	19,95	-0,05	28,60	39,94	1514,04
116	07.09.2025 13:54:55	19,95	-0,05	28,60	39,94	1514,04
117	07.09.2025 13:54:56	19,92	-0,05	28,62	39,94	1513,98
118	07.09.2025 13:54:57	19,92	-0,05	28,62	39,94	1513,98
119	07.09.2025 13:54:58	19,92	-0,05	28,62	39,94	1513,98
120	07.09.2025 13:54:59	19,89	-0,05	28,64	39,94	1513,92
121	07.09.2025 13:55:00	19,89	-0,05	28,64	39,94	1513,92
122	07.09.2025 13:55:01	19,89	-0,03	28,64	39,94	1513,92
123	07.09.2025 13:55:02	19,89	-0,03	28,64	39,94	1513,92
124	07.09.2025 13:55:03	19,86	-0,05	28,66	39,94	1513,85
125	07.09.2025 13:55:04	19,86	-0,03	28,66	39,94	1513,86
126	07.09.2025 13:55:05	19,83	-0,05	28,68	39,94	1513,79
127	07.09.2025 13:55:06	19,83	-0,05	28,68	39,94	1513,79
128	07.09.2025 13:55:07	19,83	-0,05	28,68	39,94	1513,79
129	07.09.2025 13:55:08	19,83	-0,05	28,68	39,94	1513,79
130	07.09.2025 13:55:09	19,80	-0,03	28,70	39,94	1513,74
131	07.09.2025 13:55:10	19,80	-0,03	28,70	39,94	1513,74
132	07.09.2025 13:55:11	19,80	-0,05	28,70	39,94	1513,73
133	07.09.2025 13:55:12	19,80	-0,03	28,70	39,94	1513,74
134	07.09.2025 13:55:13	19,80	-0,03	28,70	39,94	1513,74
135	07.09.2025 13:55:14	19,77	-0,05	28,72	39,94	1513,67
136	07.09.2025 13:55:15	19,77	-0,05	28,74	39,97	1513,70
137	07.09.2025 13:55:16	19,77	-0,05	28,72	39,94	1513,67
138	07.09.2025 13:55:17	19,77	-0,05	28,72	39,94	1513,67
139	07.09.2025 13:55:18	19,77	-0,03	28,74	39,97	1513,70
140	07.09.2025 13:55:19	19,74	-0,01	28,76	39,97	1513,64
141	07.09.2025 13:55:20	19,74	-0,01	28,76	39,97	1513,64
142	07.09.2025 13:55:21	19,74	-0,01	28,76	39,97	1513,64
143	07.09.2025 13:55:22	19,74	-0,01	28,76	39,97	1513,64
144	07.09.2025 13:55:23	19,74	0,01	28,74	39,94	1513,62
145	07.09.2025 13:55:24	19,74	0,03	28,76	39,97	1513,65
146	07.09.2025 13:55:25	19,74	0,04	28,76	39,97	1513,65
147	07.09.2025 13:55:26	19,71	0,04	28,78	39,97	1513,59
148	07.09.2025 13:55:27	19,71	0,06	28,78	39,97	1513,59
149	07.09.2025 13:55:28	19,71	0,08	28,78	39,97	1513,60
150	07.09.2025 13:55:29	19,71	0,10	28,78	39,97	1513,60
151	07.09.2025 13:55:30	19,71	0,12	28,78	39,97	1513,60
152	07.09.2025 13:55:31	19,71	0,12	28,76	39,94	1513,58
153	07.09.2025 13:55:32	19,71	0,15	28,78	39,97	1513,61
154	07.09.2025 13:55:33	19,68	0,19	28,78	39,94	1513,53
155	07.09.2025 13:55:34	19,68	0,17	28,78	39,94	1513,52
156	07.09.2025 13:55:35	19,68	0,19	28,78	39,94	1513,53
157	07.09.2025 13:55:36	19,68	0,21	28,78	39,94	1513,53
158	07.09.2025 13:55:37	19,68	0,24	28,78	39,94	1513,53
159	07.09.2025 13:55:38	19,68	0,24	28,78	39,94	1513,53
160	07.09.2025 13:55:39	19,65	0,26	28,82	39,97	1513,50
161	07.09.2025 13:55:40	19,65	0,30	28,82	39,97	1513,51
162	07.09.2025 13:55:41	19,65	0,31	28,82	39,97	1513,51
163	07.09.2025 13:55:42	19,65	0,31	28,82	39,97	1513,51
164	07.09.2025 13:55:43	19,65	0,35	28,79	39,94	1513,49
165	07.09.2025 13:55:44	19,65	0,37	28,77	39,91	1513,47
166	07.09.2025 13:55:45	19,65	0,40	28,79	39,94	1513,50
167	07.09.2025 13:55:46	19,65	0,42	28,79	39,94	1513,50
168	07.09.2025 13:55:47	19,65	0,40	28,77	39,91	1513,47
169	07.09.2025 13:55:48	19,62	0,46	28,84	39,97	1513,47
170	07.09.2025 13:55:49	19,65	0,47	28,82	39,97	1513,54
171	07.09.2025 13:55:50	19,65	0,49	28,84	39,99	1513,56
172	07.09.2025 13:55:51	19,65	0,49	28,82	39,97	1513,54
173	07.09.2025 13:55:52	19,65	0,53	28,77	39,91	1513,49
174	07.09.2025 13:55:53	19,62	0,55	28,77	39,88	1513,41
175	07.09.2025 13:55:54	19,62	0,56	28,77	39,88	1513,41
176	07.09.2025 13:55:55	19,59	0,58	28,79	39,88	1513,35
177	07.09.2025 13:55:56	19,59	0,63	28,77	39,85	1513,33
178	07.09.2025 13:55:57	19,56	0,65	28,79	39,85	1513,28
179	07.09.2025 13:55:58	19,56	0,65	28,79	39,85	1513,28
180	07.09.2025 13:55:59	19,56	0,67	28,83	39,91	1513,33
181	07.09.2025 13:56:00	19,56	0,67	28,79	39,85	1513,28
182	07.09.2025 13:56:01	19,56	0,67	28,79	39,85	1513,28
183	07.09.2025 13:56:02	19,56	0,67	28,76	39,82	1513,25
184	07.09.2025 13:56:03	19,53	0,67	28,78	39,82	1513,19
185	07.09.2025 13:56:04	19,53	0,67	28,78	39,82	1513,19
186	07.09.2025 13:56:05	19,53	0,68	28,76	39,79	1513,17
187	07.09.2025 13:56:06	19,50	0,68	28,78	39,79	1513,11
188	07.09.2025 13:56:07	19,50	0,68	28,78	39,79	1513,11
189	07.09.2025 13:56:08	19,50	0,70	28,80	39,82	1513,14
190	07.09.2025 13:56:09	19,50	0,70	28,80	39,82	1513,14
191	07.09.2025 13:56:10	19,50	0,70	28,80	39,82	1513,14
192	07.09.2025 13:56:11	19,50	0,68	28,80	39,82	1513,13
193	07.09.2025 13:56:12	19,50	0,70	28,80	39,82	1513,14
194	07.09.2025 13:56:13	19,50	0,70	28,80	39,82	1513,14
195	07.09.2025 13:56:14	19,50	0,72	28,85	39,88	1513,19
196	07.09.2025 13:56:15	19,50	0,75	28,80	39,82	1513,14
197	07.09.2025 13:56:16	19,50	0,77	28,71	39,71	1513,04
198	07.09.2025 13:56:17	19,47	0,79	28,64	39,60	1512,88
199	07.09.2025 13:56:18	19,45	0,79	28,41	39,29	1512,53
200	07.09.2025 13:56:19	19,36	0,82	28,43	39,23	1512,30
201	07.09.2025 13:56:20	19,30	0,87	28,44	39,20	1512,16
202	07.09.2025 13:56:21	19,21	0,88	28,41	39,09	1511,87
203	07.09.2025 13:56:22	19,15	0,93	28,47	39,11	1511,78
204	07.09.2025 13:56:23	19,09	0,93	28,49	39,08	1511,63
205	07.09.2025 13:56:24	19,06	0,95	28,44	39,00	1511,49
206	07.09.2025 13:56:25	19,00	0,94	28,41	38,91	1511,28
207	07.09.2025 13:56:26	18,94	0,99	28,54	39,02	1511,27
208	07.09.2025 13:56:27	18,91	0,97	28,40	38,83	1511,02
209	07.09.2025 13:56:28	18,85	1,01	28,37	38,74	1510,82
210	07.09.2025 13:56:29	18,77	1,00	28,39	38,68	1510,58
211	07.09.2025 13:56:30	18,71	1,00	28,40	38,65	1510,42
212	07.09.2025 13:56:31	18,65	0,99	28,40	38,60	1510,24
213	07.09.2025 13:56:32	18,59	1,01	28,44	38,60	1510,11
214	07.09.2025 13:56:33	18,53	1,01	28,50	38,62	1510,01
215	07.09.2025 13:56:34	18,50	1,00	28,52	38,62	1509,95
216	07.09.2025 13:56:35	18,47	1,02	28,56	38,65	1509,91
217	07.09.2025 13:56:36	18,47	1,02	28,56	38,65	1509,91
218	07.09.2025 13:56:37	18,44	1,02	28,58	38,65	1509,85
219	07.09.2025 13:56:38	18,44	1,04	28,58	38,65	1509,85
220	07.09.2025 13:56:39	18,41	1,04	28,60	38,65	1509,79
221	07.09.2025 13:56:40	18,41	1,05	28,58	38,62	1509,76
222	07.09.2025 13:56:41	18,38	1,05	28,55	38,56	1509,65
223	07.09.2025 13:56:42	18,35	1,07	28,57	38,56	1509,58
224	07.09.2025 13:56:43	18,32	1,07	28,59	38,56	1509,52
225	07.09.2025 13:56:44	18,29	1,08	28,64	38,59	1509,48
226	07.09.2025 13:56:45	18,29	1,08	28,64	38,59	1509,48
227	07.09.2025 13:56:46	18,26	1,08	28,61	38,53	1509,37
228	07.09.2025 13:56:47	18,23	1,10	28,58	38,48	1509,25
229	07.09.2025 13:56:48	18,20	1,08	28,46	38,31	1509,02
230	07.09.2025 13:56:49	18,14	1,09	28,37	38,14	1508,73
231	07.09.2025 13:56:50	18,05	1,09	28,29	37,97	1508,38
232	07.09.2025 13:56:51	17,93	1,08	28,13	37,69	1507,85
233	07.09.2025 13:56:52	17,79	1,11	28,09	37,51	1507,36
234	07.09.2025 13:56:53	17,61	1,12	27,98	37,23	1506,69
235	07.09.2025 13:56:54	17,40	1,14	27,91	36,97	1505,98
236	07.09.2025 13:56:55	17,19	1,19	27,89	36,77	1505,32
237	07.09.2025 13:56:56	16,95	1,21	27,93	36,63	1504,64
238	07.09.2025 13:56:57	16,77	1,24	27,88	36,43	1504,04
239	07.09.2025 13:56:58	16,53	1,24	27,81	36,14	1503,21
240	07.09.2025 13:56:59	16,35	1,23	27,67	35,83	1502,48
241	07.09.2025 13:57:00	16,08	1,29	27,78	35,74	1501,76
242	07.09.2025 13:57:01	15,86	1,31	27,73	35,51	1501,04
243	07.09.2025 13:57:02	15,65	1,34	27,82	35,45	1500,49
244	07.09.2025 13:57:03	15,47	1,37	27,90	35,39	1500,00
245	07.09.2025 13:57:04	15,29	1,36	27,95	35,31	1499,48
246	07.09.2025 13:57:05	15,14	1,37	27,74	34,94	1498,74
247	07.09.2025 13:57:06	14,95	1,39	27,82	34,88	1498,24
248	07.09.2025 13:57:07	14,74	1,42	27,92	34,82	1497,67
249	07.09.2025 13:57:08	14,58	1,45	27,85	34,62	1497,09
250	07.09.2025 13:57:09	14,43	1,42	27,60	34,22	1496,29
251	07.09.2025 13:57:10	14,18	1,43	27,42	33,83	1495,27
252	07.09.2025 13:57:11	13,91	1,45	27,09	33,23	1493,95
253	07.09.2025 13:57:12	13,54	1,48	27,03	32,89	1492,64
254	07.09.2025 13:57:13	13,16	1,52	27,04	32,60	1491,39
255	07.09.2025 13:57:14	12,82	1,55	26,94	32,23	1490,10
256	07.09.2025 13:57:15	12,41	1,61	27,02	32,00	1488,80
257	07.09.2025 13:57:16	12,06	1,62	26,92	31,63	1487,47
258	07.09.2025 13:57:17	11,75	1,66	27,04	31,51	1486,51
259	07.09.2025 13:57:18	11,46	1,68	27,24	31,50	1485,74
260	07.09.2025 13:57:19	11,20	1,71	27,21	31,28	1484,80
261	07.09.2025 13:57:20	10,98	1,73	27,34	31,24	1484,16
262	07.09.2025 13:57:21	10,75	1,76	27,51	31,24	1483,56
263	07.09.2025 13:57:22	10,59	1,78	27,62	31,23	1483,12
264	07.09.2025 13:57:23	10,43	1,79	27,75	31,23	1482,69
265	07.09.2025 13:57:24	10,30	1,82	27,84	31,23	1482,34
266	07.09.2025 13:57:25	10,20	1,82	27,91	31,23	1482,07
267	07.09.2025 13:57:26	10,07	1,85	27,87	31,08	1481,55
268	07.09.2025 13:57:27	9,94	1,84	27,89	31,00	1481,08
269	07.09.2025 13:57:28	9,81	1,87	27,90	30,91	1480,62
270	07.09.2025 13:57:29	9,65	1,88	27,94	30,82	1480,07
271	07.09.2025 13:57:30	9,51	1,89	27,98	30,76	1479,64
272	07.09.2025 13:57:31	9,38	1,92	28,00	30,68	1479,17
273	07.09.2025 13:57:32	9,22	1,92	27,87	30,42	1478,39
274	07.09.2025 13:57:33	9,05	1,93	27,60	30,03	1477,43
275	07.09.2025 13:57:34	8,82	1,97	27,52	29,77	1476,45
276	07.09.2025 13:57:35	8,55	1,97	27,46	29,51	1475,37
277	07.09.2025 13:57:36	8,32	2,03	27,52	29,39	1474,56
278	07.09.2025 13:57:37	8,08	2,06	27,38	29,08	1473,48
279	07.09.2025 13:57:38	7,85	2,06	27,27	28,79	1472,42
280	07.09.2025 13:57:39	7,57	2,11	27,36	28,68	1471,49
281	07.09.2025 13:57:40	7,33	2,15	27,54	28,67	1470,79
282	07.09.2025 13:57:41	7,16	2,17	27,71	28,70	1470,32
283	07.09.2025 13:57:42	7,03	2,20	27,93	28,81	1470,07
284	07.09.2025 13:57:43	6,89	2,23	28,13	28,89	1469,79
285	07.09.2025 13:57:44	6,82	2,27	28,28	28,97	1469,70
286	07.09.2025 13:57:45	6,75	2,28	28,39	29,03	1469,58
287	07.09.2025 13:57:46	6,68	2,29	28,48	29,05	1469,41
288	07.09.2025 13:57:47	6,61	2,31	28,54	29,05	1469,21
289	07.09.2025 13:57:48	6,58	2,33	28,60	29,08	1469,15
290	07.09.2025 13:57:49	6,47	2,34	28,71	29,11	1468,88
291	07.09.2025 13:57:50	6,44	2,37	28,71	29,08	1468,75
292	07.09.2025 13:57:51	6,37	2,37	28,77	29,08	1468,54
293	07.09.2025 13:57:52	6,30	2,38	28,82	29,07	1468,33
294	07.09.2025 13:57:53	6,19	2,40	28,79	28,96	1467,87
295	07.09.2025 13:57:54	6,12	2,41	28,72	28,85	1467,50
296	07.09.2025 13:57:55	6,02	2,42	28,75	28,79	1467,11
297	07.09.2025 13:57:56	5,91	2,44	28,86	28,81	1466,84
298	07.09.2025 13:57:57	5,84	2,47	28,96	28,84	1466,68
299	07.09.2025 13:57:58	5,77	2,48	28,95	28,78	1466,39
300	07.09.2025 13:57:59	5,70	2,52	28,92	28,70	1466,06
301	07.09.2025 13:58:00	5,59	2,51	28,94	28,64	1465,66
302	07.09.2025 13:58:01	5,52	2,54	28,97	28,61	1465,41
303	07.09.2025 13:58:02	5,42	2,57	29,06	28,61	1465,09
304	07.09.2025 13:58:03	5,34	2,59	29,12	28,61	1464,88
305	07.09.2025 13:58:04	5,24	2,60	29,18	28,58	1464,52
306	07.09.2025 13:58:05	5,20	2,65	29,15	28,52	1464,34
307	07.09.2025 13:58:06	5,13	2,67	29,21	28,52	1464,12
308	07.09.2025 13:58:07	5,06	2,66	28,76	28,07	1463,25
309	07.09.2025 13:58:08	4,92	2,69	28,56	27,78	1462,41
310	07.09.2025 13:58:09	4,70	2,70	28,52	27,58	1461,45
311	07.09.2025 13:58:10	4,52	2,74	28,61	27,52	1460,81
312	07.09.2025 13:58:11	4,34	2,79	28,70	27,46	1460,18
313	07.09.2025 13:58:12	4,19	2,82	28,82	27,46	1459,72
314	07.09.2025 13:58:13	4,08	2,83	28,91	27,46	1459,39
315	07.09.2025 13:58:14	3,97	2,86	28,98	27,43	1459,00
316	07.09.2025 13:58:15	3,86	2,87	29,07	27,43	1458,66
317	07.09.2025 13:58:16	3,79	2,90	29,13	27,42	1458,44
318	07.09.2025 13:58:17	3,71	2,92	29,20	27,42	1458,21
319	07.09.2025 13:58:18	3,68	2,95	29,23	27,42	1458,10
320	07.09.2025 13:58:19	3,60	2,96	29,30	27,42	1457,87
321	07.09.2025 13:58:20	3,53	2,96	29,36	27,42	1457,64
322	07.09.2025 13:58:21	3,49	2,98	29,39	27,42	1457,52
323	07.09.2025 13:58:22	3,42	3,01	29,43	27,39	1457,25
324	07.09.2025 13:58:23	3,38	3,04	29,49	27,42	1457,18
325	07.09.2025 13:58:24	3,31	3,06	29,56	27,41	1456,95
326	07.09.2025 13:58:25	3,27	3,07	29,56	27,39	1456,79
327	07.09.2025 13:58:26	3,23	3,11	29,59	27,38	1456,68
328	07.09.2025 13:58:27	3,19	3,12	29,66	27,41	1456,61
329	07.09.2025 13:58:28	3,16	3,12	29,69	27,41	1456,49
330	07.09.2025 13:58:29	3,12	3,14	29,69	27,38	1456,33
331	07.09.2025 13:58:30	3,04	3,17	29,76	27,38	1456,10
332	07.09.2025 13:58:31	3,01	3,18	29,79	27,38	1455,99
333	07.09.2025 13:58:32	2,97	3,20	29,79	27,35	1455,83
334	07.09.2025 13:58:33	2,93	3,22	29,83	27,35	1455,71
335	07.09.2025 13:58:34	2,89	3,25	29,86	27,35	1455,60
336	07.09.2025 13:58:35	2,86	3,28	29,89	27,35	1455,48
337	07.09.2025 13:58:36	2,82	3,30	29,96	27,38	1455,41
338	07.09.2025 13:58:37	2,78	3,32	29,96	27,35	1455,25
339	07.09.2025 13:58:38	2,74	3,33	30,00	27,35	1455,13
340	07.09.2025 13:58:39	2,74	3,35	30,00	27,35	1455,14
341	07.09.2025 13:58:40	2,71	3,38	30,03	27,35	1455,02
342	07.09.2025 13:58:41	2,67	3,38	30,07	27,35	1454,90
343	07.09.2025 13:58:42	2,63	3,38	30,10	27,35	1454,78
344	07.09.2025 13:58:43	2,63	3,40	30,10	27,35	1454,79
345	07.09.2025 13:58:44	2,59	3,43	30,13	27,34	1454,67
346	07.09.2025 13:58:45	2,55	3,43	30,14	27,32	1454,51
347	07.09.2025 13:58:46	2,55	3,45	30,13	27,32	1454,51
348	07.09.2025 13:58:47	2,52	3,46	30,17	27,32	1454,39
349	07.09.2025 13:58:48	2,48	3,50	30,20	27,31	1454,28
350	07.09.2025 13:58:49	2,44	3,49	30,24	27,31	1454,16
351	07.09.2025 13:58:50	2,44	3,51	30,20	27,29	1454,11
352	07.09.2025 13:58:51	2,40	3,53	30,28	27,31	1454,04
353	07.09.2025 13:58:52	2,36	3,54	30,31	27,31	1453,92
354	07.09.2025 13:58:53	2,36	3,56	30,31	27,31	1453,92
355	07.09.2025 13:58:54	2,33	3,59	30,34	27,31	1453,81
356	07.09.2025 13:58:55	2,33	3,61	30,34	27,31	1453,81
357	07.09.2025 13:58:56	2,29	3,63	30,38	27,31	1453,69
358	07.09.2025 13:58:57	2,29	3,65	30,38	27,31	1453,70
359	07.09.2025 13:58:58	2,25	3,66	30,38	27,28	1453,53
360	07.09.2025 13:58:59	2,25	3,68	30,38	27,28	1453,53
361	07.09.2025 13:59:00	2,21	3,68	30,42	27,28	1453,41
362	07.09.2025 13:59:01	2,21	3,73	30,45	27,31	1453,47
363	07.09.2025 13:59:02	2,17	3,75	30,45	27,28	1453,30
364	07.09.2025 13:59:03	2,17	3,78	30,45	27,28	1453,31
365	07.09.2025 13:59:04	2,13	3,80	30,49	27,28	1453,19
366	07.09.2025 13:59:05	2,13	3,83	30,49	27,28	1453,19
367	07.09.2025 13:59:06	2,13	3,83	30,49	27,28	1453,19
368	07.09.2025 13:59:07	2,10	3,85	30,52	27,28	1453,08
369	07.09.2025 13:59:08	2,10	3,89	30,52	27,28	1453,08
370	07.09.2025 13:59:09	2,10	3,92	30,52	27,28	1453,09
371	07.09.2025 13:59:10	2,10	3,94	30,52	27,28	1453,09
372	07.09.2025 13:59:11	2,06	3,97	30,56	27,28	1452,97
373	07.09.2025 13:59:12	2,06	3,99	30,59	27,31	1453,02
374	07.09.2025 13:59:13	2,06	4,01	30,56	27,28	1452,98
375	07.09.2025 13:59:14	2,02	4,04	30,59	27,28	1452,86
376	07.09.2025 13:59:15	2,02	4,06	30,59	27,28	1452,86
377	07.09.2025 13:59:16	2,02	4,08	30,59	27,28	1452,87
378	07.09.2025 13:59:17	1,98	4,11	30,63	27,28	1452,75
379	07.09.2025 13:59:18	1,98	4,13	30,63	27,28	1452,75
380	07.09.2025 13:59:19	1,98	4,17	30,63	27,28	1452,76
381	07.09.2025 13:59:20	1,98	4,18	30,63	27,28	1452,76
382	07.09.2025 13:59:21	1,94	4,22	30,67	27,28	1452,64
383	07.09.2025 13:59:22	1,94	4,24	30,67	27,28	1452,65
384	07.09.2025 13:59:23	1,94	4,27	30,67	27,28	1452,65
385	07.09.2025 13:59:24	1,94	4,29	30,67	27,28	1452,66
386	07.09.2025 13:59:25	1,94	4,33	30,67	27,28	1452,66
387	07.09.2025 13:59:26	1,90	4,34	30,74	27,30	1452,59
388	07.09.2025 13:59:27	1,90	4,38	30,70	27,28	1452,55
389	07.09.2025 13:59:28	1,90	4,39	30,74	27,30	1452,60
390	07.09.2025 13:59:29	1,90	4,43	30,74	27,30	1452,60
391	07.09.2025 13:59:30	1,87	4,45	30,77	27,30	1452,48
392	07.09.2025 13:59:31	1,87	4,48	30,77	27,30	1452,49
393	07.09.2025 13:59:32	1,87	4,50	30,74	27,27	1452,44
394	07.09.2025 13:59:33	1,87	4,52	30,77	27,30	1452,49
395	07.09.2025 13:59:34	1,87	4,55	30,77	27,30	1452,50
396	07.09.2025 13:59:35	1,87	4,59	30,77	27,30	1452,50
397	07.09.2025 13:59:36	1,87	4,61	30,77	27,30	1452,51
398	07.09.2025 13:59:37	1,83	4,64	30,81	27,30	1452,39
399	07.09.2025 13:59:38	1,83	4,66	30,81	27,30	1452,39
400	07.09.2025 13:59:39	1,83	4,68	30,81	27,30	1452,39
401	07.09.2025 13:59:40	1,83	4,71	30,77	27,27	1452,35
402	07.09.2025 13:59:41	1,83	4,75	30,81	27,30	1452,40
403	07.09.2025 13:59:42	1,83	4,77	30,81	27,30	1452,41
404	07.09.2025 13:59:43	1,83	4,77	30,81	27,30	1452,41
405	07.09.2025 13:59:44	1,83	4,80	30,81	27,30	1452,41
406	07.09.2025 13:59:45	1,79	4,82	30,84	27,30	1452,29
407	07.09.2025 13:59:46	1,79	4,84	30,84	27,30	1452,30
408	07.09.2025 13:59:47	1,79	4,84	30,84	27,30	1452,30
409	07.09.2025 13:59:48	1,79	4,87	30,84	27,30	1452,30
410	07.09.2025 13:59:49	1,79	4,87	30,84	27,30	1452,30
411	07.09.2025 13:59:50	1,79	4,89	30,84	27,30	1452,30
412	07.09.2025 13:59:51	1,79	4,89	30,84	27,30	1452,30
413	07.09.2025 13:59:52	1,79	4,91	30,84	27,30	1452,31
414	07.09.2025 13:59:53	1,79	4,91	30,84	27,30	1452,31
415	07.09.2025 13:59:54	1,79	4,93	30,84	27,30	1452,31
416	07.09.2025 13:59:55	1,75	4,92	30,88	27,30	1452,19
417	07.09.2025 13:59:56	1,75	4,94	30,88	27,30	1452,19
418	07.09.2025 13:59:57	1,75	4,94	30,88	27,30	1452,19
419	07.09.2025 13:59:58	1,75	4,92	30,88	27,30	1452,19
420	07.09.2025 13:59:59	1,75	4,91	30,88	27,30	1452,18
421	07.09.2025 14:00:00	1,75	4,92	30,88	27,30	1452,19
422	07.09.2025 14:00:01	1,75	4,94	30,88	27,30	1452,19
423	07.09.2025 14:00:02	1,75	4,94	30,88	27,30	1452,19
424	07.09.2025 14:00:03	1,75	4,94	30,88	27,30	1452,19
425	07.09.2025 14:00:04	1,75	4,96	30,88	27,30	1452,19
426	07.09.2025 14:00:05	1,75	4,94	30,88	27,30	1452,19
427	07.09.2025 14:00:06	1,75	4,96	30,88	27,30	1452,19
428	07.09.2025 14:00:07	1,71	4,96	30,92	27,30	1452,07
429	07.09.2025 14:00:08	1,71	4,96	30,92	27,30	1452,07
430	07.09.2025 14:00:09	1,71	4,96	30,92	27,30	1452,07
431	07.09.2025 14:00:10	1,71	4,96	30,92	27,30	1452,07
432	07.09.2025 14:00:11	1,71	4,96	30,92	27,30	1452,07
433	07.09.2025 14:00:12	1,71	4,97	30,92	27,30	1452,07
434	07.09.2025 14:00:13	1,71	4,97	30,92	27,30	1452,07
435	07.09.2025 14:00:14	1,71	4,96	30,92	27,30	1452,07
436	07.09.2025 14:00:15	1,71	4,97	30,92	27,30	1452,07
437	07.09.2025 14:00:16	1,71	4,96	30,92	27,30	1452,07
438	07.09.2025 14:00:17	1,71	4,96	30,92	27,30	1452,07
439	07.09.2025 14:00:18	1,71	4,97	30,92	27,30	1452,07
440	07.09.2025 14:00:19	1,71	4,96	30,92	27,30	1452,07
441	07.09.2025 14:00:20	1,71	4,96	30,92	27,30	1452,07
442	07.09.2025 14:00:21	1,71	4,96	30,92	27,30	1452,07
443	07.09.2025 14:00:22	1,71	4,96	30,92	27,30	1452,07
444	07.09.2025 14:00:23	1,71	4,96	30,92	27,30	1452,07
445	07.09.2025 14:00:24	1,71	4,94	30,92	27,30	1452,07
446	07.09.2025 14:00:25	1,71	4,96	30,92	27,30	1452,07
447	07.09.2025 14:00:26	1,71	4,96	30,92	27,30	1452,07
448	07.09.2025 14:00:27	1,71	4,94	30,92	27,30	1452,07
449	07.09.2025 14:00:28	1,71	4,94	30,92	27,30	1452,07
450	07.09.2025 14:00:29	1,71	4,94	30,92	27,30	1452,07
451	07.09.2025 14:00:30	1,71	4,94	30,92	27,30	1452,07
452	07.09.2025 14:00:31	1,71	4,94	30,92	27,30	1452,07
453	07.09.2025 14:00:32	1,67	4,94	30,95	27,30	1451,94
454	07.09.2025 14:00:33	1,71	4,94	30,92	27,30	1452,06
455	07.09.2025 14:00:34	1,67	4,92	30,95	27,30	1451,94
456	07.09.2025 14:00:35	1,67	4,92	30,95	27,30	1451,94
457	07.09.2025 14:00:36	1,67	4,94	30,95	27,30	1451,94
458	07.09.2025 14:00:37	1,67	4,92	30,95	27,30	1451,94
459	07.09.2025 14:00:38	1,67	4,92	30,95	27,30	1451,94
460	07.09.2025 14:00:39	1,67	4,92	30,95	27,30	1451,94
461	07.09.2025 14:00:40	1,67	4,92	30,95	27,30	1451,94
462	07.09.2025 14:00:41	1,67	4,92	30,95	27,30	1451,94
463	07.09.2025 14:00:42	1,67	4,92	30,95	27,30	1451,94
464	07.09.2025 14:00:43	1,67	4,90	30,95	27,30	1451,94
465	07.09.2025 14:00:44	1,67	4,90	30,95	27,30	1451,94
466	07.09.2025 14:00:45	1,67	4,90	30,95	27,30	1451,94
467	07.09.2025 14:00:46	1,67	4,90	30,95	27,30	1451,94
468	07.09.2025 14:00:47	1,67	4,90	30,95	27,30	1451,94
469	07.09.2025 14:00:48	1,67	4,90	30,95	27,30	1451,94
470	07.09.2025 14:00:49	1,67	4,90	30,95	27,30	1451,94
471	07.09.2025 14:00:50	1,67	4,88	30,95	27,30	1451,93
472	07.09.2025 14:00:51	1,67	4,88	30,95	27,30	1451,93
473	07.09.2025 14:00:52	1,67	4,88	30,95	27,30	1451,93
474	07.09.2025 14:00:53	1,67	4,90	30,95	27,30	1451,94
475	07.09.2025 14:00:54	1,67	4,90	30,95	27,30	1451,94
476	07.09.2025 14:00:55	1,67	4,90	30,95	27,30	1451,94
477	07.09.2025 14:00:56	1,67	4,90	30,95	27,30	1451,94
478	07.09.2025 14:00:57	1,67	4,92	30,95	27,30	1451,94
479	07.09.2025 14:00:58	1,67	4,90	30,95	27,30	1451,94
480	07.09.2025 14:00:59	1,67	4,90	30,95	27,30	1451,94
481	07.09.2025 14:01:00	1,67	4,90	30,95	27,30	1451,94
482	07.09.2025 14:01:01	1,67	4,90	30,95	27,30	1451,94
483	07.09.2025 14:01:02	1,67	4,90	30,95	27,30	1451,94
484	07.09.2025 14:01:03	1,67	4,90	30,95	27,30	1451,94
485	07.09.2025 14:01:04	1,67	4,90	30,95	27,30	1451,94
486	07.09.2025 14:01:05	1,67	4,92	30,95	27,30	1451,94
487	07.09.2025 14:01:06	1,67	4,90	30,95	27,30	1451,94
488	07.09.2025 14:01:07	1,67	4,90	30,95	27,30	1451,94
489	07.09.2025 14:01:08	1,67	4,92	30,95	27,30	1451,94
490	07.09.2025 14:01:09	1,67	4,90	30,95	27,30	1451,94
491	07.09.2025 14:01:10	1,67	4,92	30,95	27,30	1451,94
492	07.09.2025 14:01:11	1,67	4,92	30,95	27,30	1451,94
493	07.09.2025 14:01:12	1,67	4,90	30,95	27,30	1451,94
494	07.09.2025 14:01:13	1,67	4,92	30,95	27,30	1451,94
495	07.09.2025 14:01:14	1,67	4,90	30,95	27,30	1451,94
496	07.09.2025 14:01:15	1,67	4,92	30,95	27,30	1451,94
497	07.09.2025 14:01:16	1,67	4,92	30,95	27,30	1451,94
498	07.09.2025 14:01:17	1,67	4,94	30,95	27,30	1451,94
499	07.09.2025 14:01:18	1,67	4,92	30,95	27,30	1451,94
500	07.09.2025 14:01:19	1,67	4,92	30,95	27,30	1451,94
501	07.09.2025 14:01:20	1,67	4,94	30,95	27,30	1451,94
502	07.09.2025 14:01:21	1,67	4,94	30,95	27,30	1451,94
503	07.09.2025 14:01:22	1,67	4,92	30,95	27,30	1451,94
504	07.09.2025 14:01:23	1,67	4,92	30,95	27,30	1451,94
505	07.09.2025 14:01:24	1,67	4,95	30,95	27,30	1451,94
506	07.09.2025 14:01:25	1,67	4,94	30,95	27,30	1451,94
507	07.09.2025 14:01:26	1,67	4,94	30,95	27,30	1451,94
508	07.09.2025 14:01:27	1,67	4,94	30,95	27,30	1451,94
509	07.09.2025 14:01:28	1,67	4,95	30,95	27,30	1451,94
510	07.09.2025 14:01:29	1,67	4,95	30,95	27,30	1451,94
511	07.09.2025 14:01:30	1,67	4,95	30,95	27,30	1451,94
512	07.09.2025 14:01:31	1,67	4,94	30,95	27,30	1451,94
513	07.09.2025 14:01:32	1,67	4,94	30,95	27,30	1451,94
514	07.09.2025 14:01:33	1,67	4,95	30,95	27,30	1451,94
515	07.09.2025 14:01:34	1,67	4,95	30,95	27,30	1451,94
516	07.09.2025 14:01:35	1,67	4,94	30,95	27,30	1451,94
517	07.09.2025 14:01:36	1,67	4,95	30,95	27,30	1451,94
518	07.09.2025 14:01:37	1,67	4,95	30,95	27,30	1451,94
519	07.09.2025 14:01:38	1,67	4,95	30,95	27,30	1451,94
520	07.09.2025 14:01:39	1,67	4,95	30,95	27,30	1451,94
521	07.09.2025 14:01:40	1,67	4,97	30,95	27,30	1451,95
522	07.09.2025 14:01:41	1,67	4,97	30,95	27,30	1451,95
523	07.09.2025 14:01:42	1,67	4,95	30,95	27,30	1451,94
524	07.09.2025 14:01:43	1,67	4,94	30,95	27,30	1451,94
525	07.09.2025 14:01:44	1,67	4,94	30,95	27,30	1451,94
526	07.09.2025 14:01:45	1,67	4,92	30,95	27,30	1451,94
527	07.09.2025 14:01:46	1,67	4,94	30,95	27,30	1451,94
528	07.09.2025 14:01:47	1,67	4,92	30,95	27,30	1451,94
529	07.09.2025 14:01:48	1,67	4,94	30,95	27,30	1451,94
530	07.09.2025 14:01:49	1,67	4,94	30,95	27,30	1451,94
531	07.09.2025 14:01:50	1,67	4,94	30,95	27,30	1451,94
532	07.09.2025 14:01:51	1,67	4,94	30,95	27,30	1451,94
533	07.09.2025 14:01:52	1,67	4,94	30,95	27,30	1451,94
534	07.09.2025 14:01:53	1,67	4,94	30,95	27,30	1451,94
535	07.09.2025 14:01:54	1,67	4,94	30,95	27,30	1451,94
536	07.09.2025 14:01:55	1,67	4,94	30,95	27,30	1451,94
537	07.09.2025 14:01:56	1,67	4,94	30,95	27,30	1451,94
538	07.09.2025 14:01:57	1,67	4,94	30,95	27,30	1451,94
539	07.09.2025 14:01:58	1,67	4,94	30,95	27,30	1451,94
540	07.09.2025 14:01:59	1,67	4,95	30,95	27,30	1451,94
541	07.09.2025 14:02:00	1,67	4,95	30,95	27,30	1451,94
542	07.09.2025 14:02:01	1,67	4,95	30,95	27,30	1451,94
543	07.09.2025 14:02:02	1,67	4,95	30,95	27,30	1451,94
544	07.09.2025 14:02:03	1,67	4,97	30,95	27,30	1451,95
545	07.09.2025 14:02:04	1,67	4,95	30,95	27,30	1451,94
546	07.09.2025 14:02:05	1,67	4,97	30,95	27,30	1451,95
547	07.09.2025 14:02:06	1,67	4,95	30,95	27,30	1451,94
548	07.09.2025 14:02:07	1,67	4,95	30,95	27,30	1451,94
549	07.09.2025 14:02:08	1,67	4,95	30,95	27,30	1451,94
550	07.09.2025 14:02:09	1,67	4,95	30,95	27,30	1451,94
551	07.09.2025 14:02:10	1,67	4,95	30,95	27,30	1451,94
552	07.09.2025 14:02:11	1,67	4,97	30,95	27,30	1451,95
553	07.09.2025 14:02:12	1,67	4,95	30,95	27,30	1451,94
554	07.09.2025 14:02:13	1,67	4,97	30,95	27,30	1451,95
555	07.09.2025 14:02:14	1,67	4,97	30,95	27,30	1451,95
556	07.09.2025 14:02:15	1,67	4,97	30,95	27,30	1451,95
557	07.09.2025 14:02:16	1,67	4,97	30,95	27,30	1451,95
558	07.09.2025 14:02:17	1,67	4,97	30,95	27,30	1451,95
559	07.09.2025 14:02:18	1,67	4,95	30,95	27,30	1451,94
560	07.09.2025 14:02:19	1,67	4,95	30,95	27,30	1451,94
561	07.09.2025 14:02:20	1,67	4,97	30,95	27,30	1451,95
562	07.09.2025 14:02:21	1,67	4,97	30,95	27,30	1451,95
563	07.09.2025 14:02:22	1,67	4,97	30,95	27,30	1451,95
564	07.09.2025 14:02:23	1,67	4,95	30,95	27,30	1451,94
565	07.09.2025 14:02:24	1,67	4,97	30,95	27,30	1451,95
566	07.09.2025 14:02:25	1,67	4,97	30,95	27,30	1451,95
567	07.09.2025 14:02:26	1,63	4,97	30,99	27,30	1451,82
568	07.09.2025 14:02:27	1,67	4,97	30,95	27,30	1451,95
569	07.09.2025 14:02:28	1,67	4,97	30,95	27,30	1451,95
570	07.09.2025 14:02:29	1,63	4,97	30,99	27,30	1451,82
571	07.09.2025 14:02:30	1,67	4,97	30,95	27,30	1451,95
572	07.09.2025 14:02:31	1,63	4,97	30,99	27,30	1451,82
573	07.09.2025 14:02:32	1,67	4,97	30,95	27,30	1451,95
574	07.09.2025 14:02:33	1,67	4,99	30,95	27,30	1451,95
575	07.09.2025 14:02:34	1,63	4,97	30,99	27,30	1451,82
576	07.09.2025 14:02:35	1,67	4,97	30,95	27,30	1451,95
577	07.09.2025 14:02:36	1,63	4,99	30,99	27,30	1451,83
578	07.09.2025 14:02:37	1,67	4,99	30,95	27,30	1451,95
579	07.09.2025 14:02:38	1,67	4,99	30,95	27,30	1451,95
580	07.09.2025 14:02:39	1,63	4,99	30,99	27,30	1451,83
581	07.09.2025 14:02:40	1,67	4,99	30,95	27,30	1451,95
582	07.09.2025 14:02:41	1,63	4,99	30,99	27,30	1451,83
583	07.09.2025 14:02:42	1,67	4,99	30,95	27,30	1451,95
584	07.09.2025 14:02:43	1,63	4,99	30,99	27,30	1451,83
585	07.09.2025 14:02:44	1,63	4,99	30,99	27,30	1451,83
586	07.09.2025 14:02:45	1,67	4,99	30,95	27,30	1451,95
587	07.09.2025 14:02:46	1,63	4,99	30,99	27,30	1451,83
588	07.09.2025 14:02:47	1,67	4,99	30,95	27,30	1451,95
589	07.09.2025 14:02:48	1,63	4,99	30,99	27,30	1451,83
590	07.09.2025 14:02:49	1,67	4,99	30,95	27,30	1451,95
591	07.09.2025 14:02:50	1,63	4,99	30,99	27,30	1451,83
592	07.09.2025 14:02:51	1,63	5,01	30,99	27,30	1451,83
593	07.09.2025 14:02:52	1,63	5,01	30,99	27,30	1451,83
594	07.09.2025 14:02:53	1,63	4,99	30,99	27,30	1451,83
595	07.09.2025 14:02:54	1,63	5,01	30,99	27,30	1451,83
596	07.09.2025 14:02:55	1,67	5,01	30,95	27,30	1451,95
597	07.09.2025 14:02:56	1,63	5,01	30,99	27,30	1451,83
598	07.09.2025 14:02:57	1,67	4,99	30,95	27,30	1451,95
599	07.09.2025 14:02:58	1,67	4,99	30,95	27,30	1451,95
600	07.09.2025 14:02:59	1,67	5,01	30,95	27,30	1451,95
601	07.09.2025 14:03:00	1,63	5,01	30,99	27,30	1451,83
602	07.09.2025 14:03:01	1,67	5,01	30,95	27,30	1451,95
603	07.09.2025 14:03:02	1,63	4,99	30,99	27,30	1451,83
604	07.09.2025 14:03:03	1,63	5,01	30,99	27,30	1451,83
605	07.09.2025 14:03:04	1,63	5,01	30,99	27,30	1451,83
606	07.09.2025 14:03:05	1,63	5,01	30,99	27,30	1451,83
607	07.09.2025 14:03:06	1,63	5,01	30,99	27,30	1451,83
608	07.09.2025 14:03:07	1,63	5,01	30,99	27,30	1451,83
609	07.09.2025 14:03:08	1,63	5,01	30,99	27,30	1451,83
610	07.09.2025 14:03:09	1,63	5,01	30,99	27,30	1451,83
611	07.09.2025 14:03:10	1,67	5,01	30,95	27,30	1451,95
612	07.09.2025 14:03:11	1,63	5,01	30,99	27,30	1451,83
613	07.09.2025 14:03:12	1,63	5,01	30,99	27,30	1451,83
614	07.09.2025 14:03:13	1,63	5,01	30,99	27,30	1451,83
615	07.09.2025 14:03:14	1,63	5,01	30,99	27,30	1451,83
616	07.09.2025 14:03:15	1,63	5,01	30,99	27,30	1451,83
617	07.09.2025 14:03:16	1,63	4,99	30,99	27,30	1451,83
618	07.09.2025 14:03:17	1,63	4,99	30,99	27,30	1451,83
619	07.09.2025 14:03:18	1,63	4,99	30,99	27,30	1451,83
620	07.09.2025 14:03:19	1,67	5,01	30,95	27,30	1451,95
621	07.09.2025 14:03:20	1,63	5,01	30,99	27,30	1451,83
622	07.09.2025 14:03:21	1,63	5,01	30,99	27,30	1451,83
623	07.09.2025 14:03:22	1,63	5,02	30,99	27,30	1451,83
624	07.09.2025 14:03:23	1,63	5,02	30,99	27,30	1451,83
625	07.09.2025 14:03:24	1,63	5,01	30,99	27,30	1451,83
626	07.09.2025 14:03:25	1,63	5,01	30,99	27,30	1451,83
627	07.09.2025 14:03:26	1,63	5,01	30,99	27,30	1451,83
628	07.09.2025 14:03:27	1,67	5,01	30,95	27,30	1451,95
629	07.09.2025 14:03:28	1,63	5,01	30,99	27,30	1451,83
630	07.09.2025 14:03:29	1,63	5,01	30,99	27,30	1451,83
631	07.09.2025 14:03:30	1,63	4,99	30,99	27,30	1451,83
632	07.09.2025 14:03:31	1,63	4,99	30,99	27,30	1451,83
633	07.09.2025 14:03:32	1,63	4,97	30,99	27,30	1451,82
634	07.09.2025 14:03:33	1,63	4,95	30,99	27,30	1451,82
635	07.09.2025 14:03:34	1,67	4,95	30,95	27,30	1451,94
636	07.09.2025 14:03:35	1,67	4,95	30,95	27,30	1451,94
637	07.09.2025 14:03:36	1,67	4,95	30,95	27,30	1451,94
638	07.09.2025 14:03:37	1,67	4,97	30,95	27,30	1451,95
639	07.09.2025 14:03:38	1,63	4,95	30,99	27,30	1451,82
640	07.09.2025 14:03:39	1,63	4,95	30,99	27,30	1451,82
641	07.09.2025 14:03:40	1,63	4,95	30,99	27,30	1451,82
642	07.09.2025 14:03:41	1,63	4,95	30,99	27,30	1451,82
643	07.09.2025 14:03:42	1,63	4,97	30,99	27,30	1451,82
644	07.09.2025 14:03:43	1,63	4,95	30,99	27,30	1451,82
645	07.09.2025 14:03:44	1,63	4,95	30,99	27,30	1451,82
646	07.09.2025 14:03:45	1,63	4,97	30,99	27,30	1451,82
647	07.09.2025 14:03:46	1,63	4,97	30,99	27,30	1451,82
648	07.09.2025 14:03:47	1,63	4,97	30,99	27,30	1451,82
649	07.09.2025 14:03:48	1,63	4,97	30,99	27,30	1451,82
650	07.09.2025 14:03:49	1,63	4,95	30,99	27,30	1451,82
651	07.09.2025 14:03:50	1,63	4,97	30,99	27,30	1451,82
652	07.09.2025 14:03:51	1,63	4,97	30,99	27,30	1451,82
653	07.09.2025 14:03:52	1,63	4,99	30,99	27,30	1451,83
654	07.09.2025 14:03:53	1,63	4,97	30,99	27,30	1451,82
655	07.09.2025 14:03:54	1,63	4,97	30,99	27,30	1451,82
656	07.09.2025 14:03:55	1,63	4,99	30,99	27,30	1451,83
657	07.09.2025 14:03:56	1,63	5,01	30,99	27,30	1451,83
658	07.09.2025 14:03:57	1,63	4,99	30,99	27,30	1451,83
659	07.09.2025 14:03:58	1,67	5,01	30,95	27,30	1451,95
660	07.09.2025 14:03:59	1,63	5,01	30,99	27,30	1451,83
661	07.09.2025 14:04:00	1,63	5,01	30,99	27,30	1451,83
662	07.09.2025 14:04:01	1,63	5,01	30,99	27,30	1451,83
663	07.09.2025 14:04:02	1,63	5,01	30,99	27,30	1451,83
664	07.09.2025 14:04:03	1,63	5,01	30,99	27,30	1451,83
665	07.09.2025 14:04:04	1,63	5,01	30,99	27,30	1451,83
666	07.09.2025 14:04:05	1,63	5,01	30,99	27,30	1451,83
667	07.09.2025 14:04:06	1,63	5,01	30,99	27,30	1451,83
668	07.09.2025 14:04:07	1,63	5,01	30,99	27,30	1451,83
669	07.09.2025 14:04:08	1,63	5,02	30,99	27,30	1451,83
670	07.09.2025 14:04:09	1,63	4,99	30,99	27,30	1451,83
671	07.09.2025 14:04:10	1,63	5,02	30,99	27,30	1451,83
672	07.09.2025 14:04:11	1,63	5,01	30,99	27,30	1451,83
673	07.09.2025 14:04:12	1,63	5,01	30,99	27,30	1451,83
674	07.09.2025 14:04:13	1,63	5,02	30,99	27,30	1451,83
675	07.09.2025 14:04:14	1,63	5,04	30,99	27,30	1451,83
676	07.09.2025 14:04:15	1,63	5,01	30,99	27,30	1451,83
677	07.09.2025 14:04:16	1,63	5,02	30,99	27,30	1451,83
678	07.09.2025 14:04:17	1,63	5,02	30,99	27,30	1451,83
679	07.09.2025 14:04:18	1,63	5,04	30,99	27,30	1451,83
680	07.09.2025 14:04:19	1,63	5,02	30,99	27,30	1451,83
681	07.09.2025 14:04:20	1,63	5,02	30,99	27,30	1451,83
682	07.09.2025 14:04:21	1,63	5,04	30,99	27,30	1451,83
683	07.09.2025 14:04:22	1,63	5,04	30,99	27,30	1451,83
684	07.09.2025 14:04:23	1,63	5,04	30,99	27,30	1451,83
685	07.09.2025 14:04:24	1,63	5,04	30,99	27,30	1451,83
686	07.09.2025 14:04:25	1,63	5,04	30,99	27,30	1451,83
687	07.09.2025 14:04:26	1,63	5,02	30,99	27,30	1451,83
688	07.09.2025 14:04:27	1,63	5,02	30,99	27,30	1451,83
689	07.09.2025 14:04:28	1,63	5,04	30,99	27,30	1451,83
690	07.09.2025 14:04:29	1,63	5,02	30,99	27,30	1451,83
691	07.09.2025 14:04:30	1,63	5,04	30,99	27,30	1451,83
692	07.09.2025 14:04:31	1,63	5,02	30,99	27,30	1451,83
693	07.09.2025 14:04:32	1,63	5,04	30,99	27,30	1451,83
694	07.09.2025 14:04:33	1,63	5,04	30,99	27,30	1451,83
695	07.09.2025 14:04:34	1,63	5,04	30,99	27,30	1451,83
696	07.09.2025 14:04:35	1,63	5,06	30,99	27,30	1451,84
697	07.09.2025 14:04:36	1,63	5,02	30,99	27,30	1451,83
698	07.09.2025 14:04:37	1,63	5,06	30,99	27,30	1451,84
699	07.09.2025 14:04:38	1,63	5,04	30,99	27,30	1451,83
700	07.09.2025 14:04:39	1,63	5,04	30,99	27,30	1451,83
701	07.09.2025 14:04:40	1,63	5,04	30,99	27,30	1451,83
702	07.09.2025 14:04:41	1,63	5,04	30,99	27,30	1451,83
703	07.09.2025 14:04:42	1,63	5,08	30,99	27,30	1451,84
704	07.09.2025 14:04:43	1,63	5,06	30,99	27,30	1451,84
705	07.09.2025 14:04:44	1,63	5,08	30,99	27,30	1451,84
706	07.09.2025 14:04:45	1,63	5,06	30,99	27,30	1451,84
707	07.09.2025 14:04:46	1,63	5,08	30,99	27,30	1451,84
708	07.09.2025 14:04:47	1,63	5,08	30,99	27,30	1451,84
709	07.09.2025 14:04:48	1,63	5,08	30,99	27,30	1451,84
710	07.09.2025 14:04:49	1,63	5,10	30,99	27,30	1451,84
711	07.09.2025 14:04:50	1,63	5,10	30,99	27,30	1451,84
712	07.09.2025 14:04:51	1,63	5,10	30,99	27,30	1451,84
713	07.09.2025 14:04:52	1,63	5,10	30,99	27,30	1451,84
714	07.09.2025 14:04:53	1,63	5,11	30,99	27,30	1451,85
715	07.09.2025 14:04:54	1,63	5,11	30,99	27,30	1451,85
716	07.09.2025 14:04:55	1,63	5,10	30,99	27,30	1451,84
717	07.09.2025 14:04:56	1,63	5,10	30,99	27,30	1451,84
718	07.09.2025 14:04:57	1,63	5,10	30,99	27,30	1451,84
719	07.09.2025 14:04:58	1,63	5,08	30,99	27,30	1451,84
720	07.09.2025 14:04:59	1,63	5,06	30,99	27,30	1451,84
721	07.09.2025 14:05:00	1,63	5,04	30,99	27,30	1451,83
722	07.09.2025 14:05:01	1,63	5,01	30,99	27,30	1451,83
723	07.09.2025 14:05:02	1,63	4,97	30,99	27,30	1451,82
724	07.09.2025 14:05:03	1,63	4,95	30,99	27,30	1451,82
725	07.09.2025 14:05:04	1,63	4,90	30,99	27,30	1451,81
726	07.09.2025 14:05:05	1,63	4,84	30,99	27,30	1451,80
727	07.09.2025 14:05:06	1,63	4,81	30,99	27,30	1451,80
728	07.09.2025 14:05:07	1,63	4,77	30,99	27,30	1451,79
729	07.09.2025 14:05:08	1,63	4,74	30,99	27,30	1451,79
730	07.09.2025 14:05:09	1,63	4,70	30,99	27,30	1451,78
731	07.09.2025 14:05:10	1,63	4,65	30,99	27,30	1451,77
732	07.09.2025 14:05:11	1,63	4,63	30,99	27,30	1451,77
733	07.09.2025 14:05:12	1,63	4,58	30,99	27,30	1451,76
734	07.09.2025 14:05:13	1,63	4,54	30,99	27,30	1451,76
735	07.09.2025 14:05:14	1,63	4,49	30,99	27,30	1451,75
736	07.09.2025 14:05:15	1,63	4,45	30,99	27,30	1451,74
737	07.09.2025 14:05:16	1,63	4,43	30,99	27,30	1451,74
738	07.09.2025 14:05:17	1,63	4,40	30,99	27,30	1451,73
739	07.09.2025 14:05:18	1,63	4,34	30,99	27,30	1451,73
740	07.09.2025 14:05:19	1,63	4,33	30,99	27,30	1451,72
741	07.09.2025 14:05:20	1,63	4,29	31,00	27,30	1451,72
742	07.09.2025 14:05:21	1,63	4,25	31,00	27,30	1451,71
743	07.09.2025 14:05:22	1,63	4,24	31,00	27,30	1451,71
744	07.09.2025 14:05:23	1,63	4,20	31,00	27,30	1451,70
745	07.09.2025 14:05:24	1,63	4,16	31,00	27,30	1451,70
746	07.09.2025 14:05:25	1,63	4,15	31,00	27,30	1451,70
747	07.09.2025 14:05:26	1,63	4,13	31,00	27,30	1451,69
748	07.09.2025 14:05:27	1,63	4,08	31,00	27,30	1451,68
749	07.09.2025 14:05:28	1,63	4,06	31,00	27,30	1451,68
750	07.09.2025 14:05:29	1,63	4,04	31,00	27,30	1451,68
751	07.09.2025 14:05:30	1,67	4,02	30,96	27,30	1451,80
752	07.09.2025 14:05:31	1,67	3,99	30,96	27,30	1451,79
753	07.09.2025 14:05:32	1,67	3,97	30,96	27,30	1451,79
754	07.09.2025 14:05:33	1,67	3,95	30,96	27,30	1451,79
755	07.09.2025 14:05:34	1,67	3,93	30,96	27,30	1451,79
756	07.09.2025 14:05:35	1,67	3,92	30,96	27,30	1451,78
757	07.09.2025 14:05:36	1,67	3,90	30,96	27,30	1451,78
758	07.09.2025 14:05:37	1,67	3,88	30,96	27,30	1451,78
759	07.09.2025 14:05:38	1,67	3,86	30,96	27,30	1451,78
760	07.09.2025 14:05:39	1,67	3,84	30,96	27,30	1451,77
761	07.09.2025 14:05:40	1,67	3,83	31,00	27,33	1451,82
762	07.09.2025 14:05:41	1,67	3,83	30,96	27,30	1451,77
763	07.09.2025 14:05:42	1,67	3,81	31,00	27,33	1451,81
764	07.09.2025 14:05:43	1,67	3,79	30,96	27,30	1451,76
765	07.09.2025 14:05:44	1,67	3,79	31,00	27,33	1451,81
766	07.09.2025 14:05:45	1,67	3,79	31,00	27,33	1451,81
767	07.09.2025 14:05:46	1,67	3,76	30,96	27,30	1451,76
768	07.09.2025 14:05:47	1,67	3,76	31,00	27,33	1451,81
769	07.09.2025 14:05:48	1,67	3,74	31,00	27,33	1451,80
770	07.09.2025 14:05:49	1,67	3,70	31,00	27,33	1451,80
771	07.09.2025 14:05:50	1,67	3,70	30,96	27,30	1451,75
772	07.09.2025 14:05:51	1,67	3,67	30,96	27,30	1451,74
773	07.09.2025 14:05:52	1,67	3,67	31,00	27,33	1451,79
774	07.09.2025 14:05:53	1,67	3,63	31,00	27,33	1451,79
775	07.09.2025 14:05:54	1,67	3,61	31,00	27,33	1451,78
776	07.09.2025 14:05:55	1,67	3,59	30,96	27,30	1451,73
777	07.09.2025 14:05:56	1,67	3,58	30,96	27,30	1451,73
778	07.09.2025 14:05:57	1,67	3,56	31,00	27,33	1451,77
779	07.09.2025 14:05:58	1,67	3,54	30,96	27,30	1451,73
780	07.09.2025 14:05:59	1,67	3,52	30,96	27,30	1451,72
781	07.09.2025 14:06:00	1,67	3,50	30,96	27,30	1451,72
782	07.09.2025 14:06:01	1,67	3,47	31,00	27,33	1451,76
783	07.09.2025 14:06:02	1,67	3,45	31,00	27,33	1451,76
784	07.09.2025 14:06:03	1,67	3,43	30,96	27,30	1451,71
785	07.09.2025 14:06:04	1,67	3,43	30,96	27,30	1451,71
786	07.09.2025 14:06:05	1,67	3,40	30,96	27,30	1451,70
787	07.09.2025 14:06:06	1,67	3,38	31,00	27,33	1451,75
788	07.09.2025 14:06:07	1,67	3,36	31,00	27,33	1451,74
789	07.09.2025 14:06:08	1,67	3,33	31,00	27,33	1451,74
790	07.09.2025 14:06:09	1,67	3,31	31,00	27,33	1451,74
791	07.09.2025 14:06:10	1,67	3,29	31,00	27,33	1451,73
792	07.09.2025 14:06:11	1,67	3,29	31,00	27,33	1451,73
793	07.09.2025 14:06:12	1,67	3,27	31,00	27,33	1451,73
794	07.09.2025 14:06:13	1,67	3,24	31,00	27,33	1451,72
795	07.09.2025 14:06:14	1,67	3,22	31,00	27,33	1451,72
796	07.09.2025 14:06:15	1,67	3,20	31,00	27,33	1451,72
797	07.09.2025 14:06:16	1,67	3,18	31,00	27,33	1451,72
798	07.09.2025 14:06:17	1,67	3,16	31,00	27,33	1451,71
799	07.09.2025 14:06:18	1,67	3,13	31,00	27,33	1451,71
800	07.09.2025 14:06:19	1,67	3,13	31,00	27,33	1451,71
801	07.09.2025 14:06:20	1,67	3,09	31,00	27,33	1451,70
802	07.09.2025 14:06:21	1,67	3,08	31,00	27,33	1451,70
803	07.09.2025 14:06:22	1,67	3,08	31,00	27,33	1451,70
804	07.09.2025 14:06:23	1,67	3,04	31,04	27,36	1451,74
805	07.09.2025 14:06:24	1,67	3,02	31,04	27,36	1451,74
806	07.09.2025 14:06:25	1,71	2,99	30,96	27,33	1451,81
807	07.09.2025 14:06:26	1,71	2,99	31,00	27,36	1451,86
808	07.09.2025 14:06:27	1,71	2,95	31,00	27,36	1451,85
809	07.09.2025 14:06:28	1,71	2,93	31,03	27,38	1451,89
810	07.09.2025 14:06:29	1,71	2,90	31,03	27,38	1451,89
811	07.09.2025 14:06:30	1,71	2,90	31,03	27,38	1451,89
812	07.09.2025 14:06:31	1,71	2,86	31,03	27,38	1451,88
813	07.09.2025 14:06:32	1,71	2,86	31,07	27,41	1451,93
814	07.09.2025 14:06:33	1,75	2,83	31,00	27,38	1452,00
815	07.09.2025 14:06:34	1,75	2,81	31,03	27,41	1452,04
816	07.09.2025 14:06:35	1,75	2,78	31,03	27,41	1452,04
817	07.09.2025 14:06:36	1,75	2,76	31,03	27,41	1452,04
818	07.09.2025 14:06:37	1,75	2,74	31,03	27,41	1452,03
819	07.09.2025 14:06:38	1,75	2,72	31,03	27,41	1452,03
820	07.09.2025 14:06:39	1,75	2,72	31,03	27,41	1452,03
821	07.09.2025 14:06:40	1,75	2,70	31,03	27,41	1452,03
822	07.09.2025 14:06:41	1,75	2,69	31,03	27,41	1452,02
823	07.09.2025 14:06:42	1,75	2,65	31,03	27,41	1452,02
824	07.09.2025 14:06:43	1,75	2,61	31,03	27,41	1452,01
825	07.09.2025 14:06:44	1,75	2,60	31,03	27,41	1452,01
826	07.09.2025 14:06:45	1,79	2,58	31,00	27,41	1452,13
827	07.09.2025 14:06:46	1,79	2,56	31,00	27,41	1452,13
828	07.09.2025 14:06:47	1,79	2,54	31,00	27,41	1452,13
829	07.09.2025 14:06:48	1,79	2,51	31,00	27,41	1452,12
830	07.09.2025 14:06:49	1,79	2,51	31,00	27,41	1452,12
831	07.09.2025 14:06:50	1,79	2,47	31,03	27,44	1452,16
832	07.09.2025 14:06:51	1,79	2,46	31,03	27,44	1452,16
833	07.09.2025 14:06:52	1,79	2,44	31,21	27,58	1452,39
834	07.09.2025 14:06:53	1,83	2,44	31,42	27,78	1452,83
835	07.09.2025 14:06:54	1,90	2,41	32,15	28,43	1454,14
836	07.09.2025 14:06:55	2,10	2,38	32,16	28,60	1455,00
837	07.09.2025 14:06:56	2,29	2,32	32,08	28,69	1455,72
838	07.09.2025 14:06:57	2,44	2,28	32,07	28,80	1456,36
839	07.09.2025 14:06:58	2,59	2,25	31,99	28,86	1456,92
840	07.09.2025 14:06:59	2,71	2,22	31,95	28,92	1457,35
841	07.09.2025 14:07:00	2,78	2,21	32,01	29,04	1457,76
842	07.09.2025 14:07:01	2,89	2,18	31,97	29,09	1458,19
843	07.09.2025 14:07:02	2,97	2,14	31,97	29,15	1458,50
844	07.09.2025 14:07:03	3,08	2,11	31,92	29,21	1458,93
845	07.09.2025 14:07:04	3,16	2,08	31,89	29,24	1459,20
846	07.09.2025 14:07:05	3,23	2,05	31,98	29,38	1459,64
847	07.09.2025 14:07:06	3,31	2,04	32,01	29,47	1459,99
848	07.09.2025 14:07:07	3,38	2,00	32,11	29,61	1460,43
849	07.09.2025 14:07:08	3,49	1,99	32,10	29,69	1460,90
850	07.09.2025 14:07:09	3,60	1,93	32,03	29,72	1461,26
851	07.09.2025 14:07:10	3,68	1,91	32,06	29,81	1461,61
852	07.09.2025 14:07:11	3,79	1,88	32,05	29,90	1462,07
853	07.09.2025 14:07:12	3,86	1,85	32,11	30,01	1462,45
854	07.09.2025 14:07:13	3,97	1,82	32,27	30,24	1463,12
855	07.09.2025 14:07:14	4,08	1,81	32,40	30,44	1463,74
856	07.09.2025 14:07:15	4,23	1,78	32,49	30,63	1464,47
857	07.09.2025 14:07:16	4,41	1,75	32,67	30,95	1465,46
858	07.09.2025 14:07:17	4,59	1,69	32,72	31,14	1466,27
859	07.09.2025 14:07:18	4,81	1,67	32,84	31,43	1467,31
860	07.09.2025 14:07:19	4,99	1,64	32,89	31,63	1468,11
861	07.09.2025 14:07:20	5,20	1,58	32,75	31,69	1468,80
862	07.09.2025 14:07:21	5,38	1,55	33,00	32,06	1469,84
863	07.09.2025 14:07:22	5,59	1,54	33,02	32,26	1470,73
864	07.09.2025 14:07:23	5,81	1,46	32,97	32,40	1471,51
865	07.09.2025 14:07:24	5,98	1,44	32,90	32,49	1472,12
866	07.09.2025 14:07:25	6,16	1,39	32,86	32,60	1472,76
867	07.09.2025 14:07:26	6,30	1,36	32,97	32,83	1473,46
868	07.09.2025 14:07:27	6,51	1,36	32,87	32,92	1474,16
869	07.09.2025 14:07:28	6,68	1,33	32,83	33,04	1474,79
870	07.09.2025 14:07:29	6,85	1,30	32,76	33,12	1475,37
871	07.09.2025 14:07:30	6,99	1,29	33,58	33,99	1476,96
872	07.09.2025 14:07:31	7,30	1,30	34,02	34,67	1478,71
873	07.09.2025 14:07:32	7,78	1,27	33,90	34,99	1480,39
874	07.09.2025 14:07:33	8,18	1,22	33,81	35,27	1481,81
875	07.09.2025 14:07:34	8,55	1,20	33,76	35,56	1483,14
876	07.09.2025 14:07:35	8,92	1,17	33,63	35,76	1484,33
877	07.09.2025 14:07:36	9,22	1,13	33,36	35,77	1485,09
878	07.09.2025 14:07:37	9,45	1,12	33,17	35,80	1485,71
879	07.09.2025 14:07:38	9,65	1,11	33,17	35,98	1486,43
880	07.09.2025 14:07:39	9,84	1,09	32,90	35,90	1486,82
881	07.09.2025 14:07:40	10,01	1,09	32,73	35,87	1487,20
882	07.09.2025 14:07:41	10,17	1,08	32,64	35,93	1487,68
883	07.09.2025 14:07:42	10,30	1,09	32,56	35,96	1488,04
884	07.09.2025 14:07:43	10,43	1,08	32,39	35,91	1488,30
885	07.09.2025 14:07:44	10,53	1,08	32,28	35,89	1488,51
886	07.09.2025 14:07:45	10,62	1,07	32,36	36,05	1488,96
887	07.09.2025 14:07:46	10,75	1,09	32,39	36,20	1489,45
888	07.09.2025 14:07:47	10,91	1,08	32,28	36,23	1489,89
889	07.09.2025 14:07:48	11,04	1,07	32,28	36,34	1490,34
890	07.09.2025 14:07:49	11,20	1,06	32,28	36,49	1490,91
891	07.09.2025 14:07:50	11,36	1,05	32,42	36,77	1491,64
892	07.09.2025 14:07:51	11,55	1,04	32,53	37,05	1492,44
893	07.09.2025 14:07:52	11,81	1,02	32,66	37,42	1493,49
894	07.09.2025 14:07:53	12,13	0,98	32,88	37,93	1494,83
895	07.09.2025 14:07:54	12,47	0,95	32,72	38,08	1495,82
896	07.09.2025 14:07:55	12,82	0,87	32,42	38,09	1496,62
897	07.09.2025 14:07:56	13,10	0,83	32,35	38,26	1497,47
898	07.09.2025 14:07:57	13,35	0,85	32,35	38,49	1498,31
899	07.09.2025 14:07:58	13,63	0,79	32,25	38,64	1499,11
900	07.09.2025 14:07:59	13,88	0,76	32,20	38,81	1499,86
901	07.09.2025 14:08:00	14,12	0,74	32,11	38,93	1500,55
902	07.09.2025 14:08:01	14,37	0,72	31,96	38,99	1501,17
903	07.09.2025 14:08:02	14,55	0,69	31,86	39,05	1501,65
904	07.09.2025 14:08:03	14,77	0,68	31,74	39,11	1502,20
905	07.09.2025 14:08:04	14,95	0,66	31,65	39,17	1502,67
906	07.09.2025 14:08:05	15,10	0,63	31,60	39,26	1503,10
907	07.09.2025 14:08:06	15,26	0,60	31,53	39,32	1503,50
908	07.09.2025 14:08:07	15,44	0,61	31,41	39,35	1503,93
909	07.09.2025 14:08:08	15,56	0,58	31,35	39,38	1504,23
910	07.09.2025 14:08:09	15,68	0,57	31,28	39,41	1504,53
911	07.09.2025 14:08:10	15,80	0,59	31,21	39,44	1504,83
912	07.09.2025 14:08:11	15,92	0,60	31,09	39,42	1505,07
913	07.09.2025 14:08:12	16,05	0,59	31,00	39,42	1505,34
914	07.09.2025 14:08:13	16,14	0,58	30,95	39,45	1505,57
915	07.09.2025 14:08:14	16,23	0,56	30,91	39,48	1505,80
916	07.09.2025 14:08:15	16,32	0,55	30,84	39,48	1505,99
917	07.09.2025 14:08:16	16,41	0,57	30,80	39,51	1506,22
918	07.09.2025 14:08:17	16,50	0,54	30,78	39,57	1506,48
919	07.09.2025 14:08:18	16,59	0,55	30,76	39,63	1506,73
920	07.09.2025 14:08:19	16,68	0,53	30,71	39,66	1506,95
921	07.09.2025 14:08:20	16,80	0,50	30,62	39,66	1507,21
922	07.09.2025 14:08:21	16,89	0,51	30,65	39,77	1507,52
923	07.09.2025 14:08:22	16,98	0,47	30,64	39,83	1507,77
924	07.09.2025 14:08:23	17,10	0,44	30,57	39,86	1508,05
925	07.09.2025 14:08:24	17,19	0,46	30,50	39,86	1508,25
926	07.09.2025 14:08:25	17,28	0,44	30,44	39,86	1508,44
927	07.09.2025 14:08:26	17,37	0,42	30,37	39,87	1508,63
928	07.09.2025 14:08:27	17,43	0,38	30,35	39,90	1508,78
929	07.09.2025 14:08:28	17,49	0,40	30,29	39,87	1508,89
930	07.09.2025 14:08:29	17,55	0,40	30,29	39,93	1509,07
931	07.09.2025 14:08:30	17,61	0,37	30,25	39,93	1509,19
932	07.09.2025 14:08:31	17,70	0,37	30,18	39,93	1509,39
933	07.09.2025 14:08:32	17,76	0,33	30,09	39,87	1509,45
934	07.09.2025 14:08:33	17,82	0,35	30,07	39,90	1509,61
935	07.09.2025 14:08:34	17,85	0,31	30,07	39,93	1509,70
936	07.09.2025 14:08:35	17,91	0,28	29,98	39,88	1509,76
937	07.09.2025 14:08:36	17,93	0,28	29,96	39,88	1509,83
938	07.09.2025 14:08:37	17,99	0,26	29,94	39,91	1509,98
939	07.09.2025 14:08:38	18,02	0,24	29,90	39,88	1510,01
940	07.09.2025 14:08:39	18,08	0,22	29,90	39,94	1510,19
941	07.09.2025 14:08:40	18,14	0,24	29,86	39,94	1510,32
942	07.09.2025 14:08:41	18,17	0,21	29,82	39,91	1510,35
943	07.09.2025 14:08:42	18,23	0,19	29,80	39,94	1510,50
944	07.09.2025 14:08:43	18,26	0,15	29,75	39,91	1510,53
945	07.09.2025 14:08:44	18,29	0,15	29,76	39,94	1510,62
946	07.09.2025 14:08:45	18,35	0,12	29,69	39,91	1510,72
947	07.09.2025 14:08:46	18,38	0,13	29,67	39,91	1510,78
948	07.09.2025 14:08:47	18,41	0,12	29,65	39,91	1510,84
949	07.09.2025 14:08:48	18,44	0,10	29,65	39,94	1510,93
950	07.09.2025 14:08:49	18,47	0,10	29,61	39,92	1510,97
951	07.09.2025 14:08:50	18,50	0,06	29,61	39,94	1511,05
952	07.09.2025 14:08:51	18,56	0,04	29,54	39,92	1511,15
953	07.09.2025 14:08:52	18,56	0,04	29,57	39,95	1511,17
954	07.09.2025 14:08:53	18,62	0,03	29,55	39,97	1511,32
955	07.09.2025 14:08:54	18,65	0,01	29,51	39,95	1511,36
956	07.09.2025 14:08:55	18,68	-0,01	29,49	39,95	1511,42
957	07.09.2025 14:08:56	18,71	-0,03	29,46	39,95	1511,48
958	07.09.2025 14:08:57	18,74	-0,03	29,44	39,95	1511,54
959	07.09.2025 14:08:58	18,77	-0,05	29,42	39,95	1511,60
960	07.09.2025 14:08:59	18,77	-0,06	29,45	39,98	1511,62
961	07.09.2025 14:09:00	18,80	-0,06	29,38	39,92	1511,63
962	07.09.2025 14:09:01	18,83	-0,05	29,38	39,95	1511,72
963	07.09.2025 14:09:02	18,85	-0,05	29,38	39,98	1511,81
964	07.09.2025 14:09:03	18,85	-0,06	29,36	39,95	1511,78
965	07.09.2025 14:09:04	18,88	-0,08	29,32	39,92	1511,81
966	07.09.2025 14:09:05	18,91	-0,08	29,30	39,92	1511,88
967	07.09.2025 14:09:06	18,91	-0,08	29,32	39,95	1511,90
968	07.09.2025 14:09:07	18,94	-0,08	29,28	39,92	1511,94
969	07.09.2025 14:09:08	18,97	-0,06	29,28	39,95	1512,03
970	07.09.2025 14:09:09	18,97	-0,08	29,28	39,95	1512,03
971	07.09.2025 14:09:10	19,00	-0,08	29,26	39,95	1512,09
972	07.09.2025 14:09:11	19,03	-0,08	29,22	39,93	1512,13
973	07.09.2025 14:09:12	19,03	-0,06	29,24	39,95	1512,15
974	07.09.2025 14:09:13	19,06	-0,06	29,22	39,95	1512,22
975	07.09.2025 14:09:14	19,06	-0,08	29,20	39,93	1512,19
976	07.09.2025 14:09:15	19,09	-0,10	29,18	39,93	1512,25
977	07.09.2025 14:09:16	19,09	-0,08	29,18	39,93	1512,25
978	07.09.2025 14:09:17	19,09	-0,10	29,20	39,96	1512,27
979	07.09.2025 14:09:18	19,12	-0,10	29,16	39,93	1512,31
980	07.09.2025 14:09:19	19,12	-0,10	29,18	39,96	1512,33
981	07.09.2025 14:09:20	19,15	-0,08	29,16	39,96	1512,40
982	07.09.2025 14:09:21	19,15	-0,06	29,16	39,96	1512,40
983	07.09.2025 14:09:22	19,18	-0,08	29,14	39,96	1512,46
984	07.09.2025 14:09:23	19,18	-0,08	29,14	39,96	1512,46
985	07.09.2025 14:09:24	19,21	-0,06	29,09	39,93	1512,50
986	07.09.2025 14:09:25	19,21	-0,06	29,09	39,93	1512,50
987	07.09.2025 14:09:26	19,21	-0,06	29,09	39,93	1512,50
988	07.09.2025 14:09:27	19,24	-0,06	29,10	39,96	1512,59
989	07.09.2025 14:09:28	19,24	-0,08	29,07	39,93	1512,56
990	07.09.2025 14:09:29	19,24	-0,06	29,10	39,96	1512,59
991	07.09.2025 14:09:30	19,27	-0,06	29,08	39,96	1512,65
992	07.09.2025 14:09:31	19,27	-0,06	29,08	39,96	1512,65
993	07.09.2025 14:09:32	19,30	-0,06	29,08	39,99	1512,74
994	07.09.2025 14:09:33	19,30	-0,06	29,08	39,99	1512,74
995	07.09.2025 14:09:34	19,30	-0,06	29,03	39,93	1512,69
996	07.09.2025 14:09:35	19,33	-0,06	29,04	39,96	1512,77
997	07.09.2025 14:09:36	19,33	-0,08	29,04	39,96	1512,77
998	07.09.2025 14:09:37	19,33	-0,06	29,01	39,93	1512,75
999	07.09.2025 14:09:38	19,33	-0,08	29,04	39,96	1512,77
1000	07.09.2025 14:09:39	19,33	-0,08	29,04	39,96	1512,77
1001	07.09.2025 14:09:40	19,33	-0,08	29,04	39,96	1512,77
1002	07.09.2025 14:09:41	19,36	-0,08	29,04	39,99	1512,86
1003	07.09.2025 14:09:42	19,36	-0,08	29,02	39,96	1512,83
1004	07.09.2025 14:09:43	19,36	-0,08	29,02	39,96	1512,83
1005	07.09.2025 14:09:44	19,39	-0,08	29,00	39,96	1512,89
1006	07.09.2025 14:09:45	19,39	-0,08	29,00	39,96	1512,89
1007	07.09.2025 14:09:46	19,39	-0,08	29,00	39,96	1512,89
1008	07.09.2025 14:09:47	19,39	-0,08	29,00	39,96	1512,89
1009	07.09.2025 14:09:48	19,42	-0,08	28,98	39,96	1512,96
1010	07.09.2025 14:09:49	19,42	-0,06	28,98	39,96	1512,96
1011	07.09.2025 14:09:50	19,42	-0,08	28,98	39,96	1512,96
1012	07.09.2025 14:09:51	19,42	-0,08	28,98	39,96	1512,96
1013	07.09.2025 14:09:52	19,42	-0,08	28,98	39,96	1512,96
1014	07.09.2025 14:09:53	19,42	-0,08	29,00	39,99	1512,98
1015	07.09.2025 14:09:54	19,42	-0,08	28,98	39,96	1512,96
1016	07.09.2025 14:09:55	19,45	-0,06	28,96	39,96	1513,02
1017	07.09.2025 14:09:56	19,45	-0,08	28,98	39,99	1513,04
1018	07.09.2025 14:09:57	19,45	-0,08	28,96	39,96	1513,02
1019	07.09.2025 14:09:58	19,45	-0,08	28,96	39,96	1513,02
1020	07.09.2025 14:09:59	19,45	-0,08	28,98	39,99	1513,04
1021	07.09.2025 14:10:00	19,47	-0,06	28,96	39,99	1513,11
1022	07.09.2025 14:10:01	19,47	-0,08	28,96	39,99	1513,10
1023	07.09.2025 14:10:02	19,47	-0,06	28,96	39,99	1513,11
1024	07.09.2025 14:10:03	19,47	-0,06	28,96	39,99	1513,11
1025	07.09.2025 14:10:04	19,47	-0,06	28,96	39,99	1513,11
1026	07.09.2025 14:10:05	19,50	-0,06	28,92	39,96	1513,14
1027	07.09.2025 14:10:06	19,50	-0,08	28,94	39,99	1513,17
1028	07.09.2025 14:10:07	19,50	-0,08	28,94	39,99	1513,17
1029	07.09.2025 14:10:08	19,50	-0,10	28,94	39,99	1513,16
1030	07.09.2025 14:10:09	19,50	-0,08	28,94	39,99	1513,17
1031	07.09.2025 14:10:10	19,50	-0,08	28,58	39,54	1512,75
1032	07.09.2025 14:10:11	19,50	-0,08	25,13	35,21	1508,82
1033	07.09.2025 14:10:12	19,50	-0,10	22,65	32,06	1505,99
1034	07.09.2025 14:10:13	19,50	-0,10	20,62	29,43	1503,67
1035	07.09.2025 14:10:14	19,50	-0,08	20,66	29,49	1503,73
1036	07.09.2025 14:10:15	19,50	-0,08	20,66	29,49	1503,73
1037	07.09.2025 14:10:16	19,50	-0,10	20,64	29,46	1503,70
1038	07.09.2025 14:10:17	19,50	-0,10	20,64	29,46	1503,70
1039	07.09.2025 14:10:18	19,50	-0,10	20,66	29,49	1503,72
1040	07.09.2025 14:10:19	19,50	-0,10	20,64	29,46	1503,70
1041	07.09.2025 14:10:20	19,50	-0,10	20,66	29,49	1503,72
1042	07.09.2025 14:10:21	19,50	-0,10	20,68	29,52	1503,75
1043	07.09.2025 14:10:22	19,50	-0,08	20,70	29,55	1503,78
1044	07.09.2025 14:10:23	19,50	-0,08	17,17	24,91	1499,74
1045	07.09.2025 14:10:24	19,50	-0,08	17,82	25,77	1500,48
1046	07.09.2025 14:10:25	19,47	-0,08	17,89	25,86	1500,48
1047	07.09.2025 14:10:26	19,47	-0,08	17,83	25,77	1500,41
1048	07.09.2025 14:10:27	19,47	-0,08	16,88	24,51	1499,32
1049	07.09.2025 14:10:28	19,47	-0,08	17,50	25,34	1500,04
1050	07.09.2025 14:10:29	19,47	-0,08	17,72	25,63	1500,29
1051	07.09.2025 14:10:30	19,45	-0,10	17,84	25,77	1500,33
1052	07.09.2025 14:10:31	19,45	-0,10	7,04	10,95	1488,01
1053	07.09.2025 14:10:32	19,45	-0,10	7,06	10,98	1488,04
1054	07.09.2025 14:10:33	19,45	-0,10	7,06	10,98	1488,04
1055	07.09.2025 14:10:34	19,45	-0,10	2,90	4,79	1483,29
1056	07.09.2025 14:10:35	19,42	-0,10	5,80	9,14	1486,50
1057	07.09.2025 14:10:36	19,42	-0,10	4,92	7,84	1485,50
1058	07.09.2025 14:10:37	19,42	-0,10	7,04	10,95	1487,93
1059	07.09.2025 14:10:38	19,42	-0,10	6,96	10,83	1487,83
1060	07.09.2025 14:10:39	19,42	-0,08	4,21	6,78	1484,69
1061	07.09.2025 14:10:40	19,39	-0,10	2,96	4,88	1483,18
1062	07.09.2025 14:10:41	19,39	-0,10	2,12	3,56	1482,22
1063	07.09.2025 14:10:42	19,39	-0,10	1,62	2,76	1481,65
1064	07.09.2025 14:10:43	19,39	-0,10	1,77	3,00	1481,81
1065	07.09.2025 14:10:44	19,39	-0,10	1,51	2,58	1481,52
1066	07.09.2025 14:10:45	19,36	-0,08	0,95	1,67	1480,80
1067	07.09.2025 14:10:46	19,36	-0,10	1,26	2,17	1481,14
1068	07.09.2025 14:10:47	19,36	-0,10	1,99	3,35	1481,98
1069	07.09.2025 14:10:48	19,36	-0,10	2,10	3,53	1482,11
1070	07.09.2025 14:10:49	19,36	-0,08	1,99	3,35	1481,98
1071	07.09.2025 14:10:50	19,33	-0,10	0,20	0,36	1479,83
1072	07.09.2025 14:10:51	19,33	-0,08	0,01	0,02	1479,63
1073	07.09.2025 14:10:52	19,33	-0,06	0,01	0,00	1479,63
1074	07.09.2025 14:10:53	19,33	-0,08	0,01	0,02	1479,63
1075	07.09.2025 14:10:54	19,33	-0,08	0,01	0,00	1479,62
1076	07.09.2025 14:10:55	19,33	-0,06	0,01	0,02	1479,63
1077	07.09.2025 14:10:56	19,30	-0,06	0,01	0,02	1479,54
1078	07.09.2025 14:10:57	19,30	-0,08	0,01	0,02	1479,54
1079	07.09.2025 14:10:58	19,30	-0,06	0,01	0,00	1479,53
1080	07.09.2025 14:10:59	19,30	-0,06	0,01	0,00	1479,53
1081	07.09.2025 14:11:00	19,30	-0,05	0,01	0,02	1479,54
1082	07.09.2025 14:11:01	19,30	-0,06	0,01	0,00	1479,53
1083	07.09.2025 14:11:02	19,30	-0,06	0,01	0,00	1479,53
1084	07.09.2025 14:11:03	19,30	-0,06	0,01	0,00	1479,53
1085	07.09.2025 14:11:04	19,27	-0,06	0,01	0,02	1479,45
1086	07.09.2025 14:11:05	19,27	-0,06	0,01	0,02	1479,45
1087	07.09.2025 14:11:06	19,27	-0,06	0,01	0,02	1479,45
1088	07.09.2025 14:11:07	19,27	-0,06	0,01	0,00	1479,44
1089	07.09.2025 14:11:08	19,27	-0,06	0,01	0,00	1479,44
1090	07.09.2025 14:11:09	19,27	-0,08	0,01	0,00	1479,44
1091	07.09.2025 14:11:10	19,27	-0,06	0,01	0,02	1479,45
1092	07.09.2025 14:11:11	19,24	-0,06	0,01	0,00	1479,35
1093	07.09.2025 14:11:12	19,24	-0,06	0,01	0,00	1479,35
1094	07.09.2025 14:11:13	19,24	-0,06	0,01	0,00	1479,35
1095	07.09.2025 14:11:14	19,24	-0,08	0,01	0,00	1479,34
1096	07.09.2025 14:11:15	19,24	-0,06	0,01	0,00	1479,35
1097	07.09.2025 14:11:16	19,24	-0,06	0,01	0,02	1479,35
1098	07.09.2025 14:11:17	19,24	-0,06	0,01	0,00	1479,35
1099	07.09.2025 14:11:18	19,24	-0,08	0,01	0,00	1479,34
1100	07.09.2025 14:11:19	19,21	-0,06	0,01	0,02	1479,26
1101	07.09.2025 14:11:20	19,21	-0,06	0,01	0,02	1479,26
1102	07.09.2025 14:11:21	19,21	-0,06	0,01	0,00	1479,25
1103	07.09.2025 14:11:22	19,21	-0,06	0,01	0,00	1479,25
1104	07.09.2025 14:11:23	19,21	-0,06	0,01	0,00	1479,25
1105	07.09.2025 14:11:24	19,21	-0,06	0,01	0,02	1479,26
1106	07.09.2025 14:11:25	19,21	-0,06	0,01	0,00	1479,25
1107	07.09.2025 14:11:26	19,21	-0,06	0,01	0,02	1479,26
1108	07.09.2025 14:11:27	19,21	-0,06	0,01	0,00	1479,25
1109	07.09.2025 14:11:28	19,21	-0,05	0,01	0,00	1479,26
1110	07.09.2025 14:11:29	19,21	-0,06	0,01	0,00	1479,25
1111	07.09.2025 14:11:30	19,18	-0,06	0,01	0,00	1479,16
1112	07.09.2025 14:11:31	19,18	-0,05	0,01	0,00	1479,16
1113	07.09.2025 14:11:32	19,18	-0,06	0,01	0,00	1479,16
1114	07.09.2025 14:11:33	19,18	-0,06	0,01	0,00	1479,16
1115	07.09.2025 14:11:34	19,18	-0,06	0,01	0,00	1479,16
1116	07.09.2025 14:11:35	19,18	-0,06	0,01	0,00	1479,16
1117	07.09.2025 14:11:36	19,18	-0,06	0,01	0,00	1479,16
1118	07.09.2025 14:11:37	19,18	-0,06	0,01	0,00	1479,16
1119	07.09.2025 14:11:38	19,18	-0,06	0,01	0,00	1479,16
1120	07.09.2025 14:11:39	19,18	-0,05	0,01	0,00	1479,16
1121	07.09.2025 14:11:40	19,18	-0,05	0,01	0,02	1479,17
1122	07.09.2025 14:11:41	19,15	-0,06	0,01	0,02	1479,07
1123	07.09.2025 14:11:42	19,15	-0,06	0,01	0,00	1479,07
1124	07.09.2025 14:11:43	19,15	-0,05	0,01	0,00	1479,07
1125	07.09.2025 14:11:44	19,15	-0,06	0,01	0,00	1479,07
1126	07.09.2025 14:11:45	19,15	-0,06	0,01	0,00	1479,07
1127	07.09.2025 14:11:46	19,15	-0,06	0,01	0,00	1479,07
1128	07.09.2025 14:11:47	19,15	-0,06	0,01	0,00	1479,07
1129	07.09.2025 14:11:48	19,15	-0,06	0,01	0,00	1479,07
1130	07.09.2025 14:11:49	19,15	-0,06	0,01	0,00	1479,07
1131	07.09.2025 14:11:50	19,15	-0,06	0,01	0,00	1479,07
1132	07.09.2025 14:11:51	19,15	-0,06	0,01	0,00	1479,07
1133	07.09.2025 14:11:52	19,15	-0,06	0,01	0,00	1479,07
1134	07.09.2025 14:11:53	19,15	-0,05	0,01	0,02	1479,07
1135	07.09.2025 14:11:54	19,15	-0,06	0,01	0,00	1479,07
1136	07.09.2025 14:11:55	19,15	-0,06	0,01	0,02	1479,07
1137	07.09.2025 14:11:56	19,15	-0,06	0,01	0,00	1479,07
1138	07.09.2025 14:11:57	19,12	-0,08	0,01	0,00	1478,97
1139	07.09.2025 14:11:58	19,12	-0,08	0,01	0,02	1478,97
1140	07.09.2025 14:11:59	19,12	-0,08	0,01	0,00	1478,97
1141	07.09.2025 14:12:00	19,12	-0,08	0,01	0,00	1478,97
1142	07.09.2025 14:12:01	19,12	-0,08	0,01	0,00	1478,97
1143	07.09.2025 14:12:02	19,12	-0,08	0,01	0,02	1478,97
1144	07.09.2025 14:12:03	19,12	-0,08	0,01	0,00	1478,97
1145	07.09.2025 14:12:04	19,12	-0,08	0,01	0,00	1478,97
1146	07.09.2025 14:12:05	19,12	-0,08	0,01	0,02	1478,97
1147	07.09.2025 14:12:06	19,12	-0,06	0,01	0,02	1478,98
1148	07.09.2025 14:12:07	19,12	-0,08	0,01	0,00	1478,97
1149	07.09.2025 14:12:08	19,12	-0,08	0,01	0,00	1478,97
1150	07.09.2025 14:12:09	19,12	-0,08	0,01	0,00	1478,97
1151	07.09.2025 14:12:10	19,12	-0,08	0,01	0,00	1478,97
1152	07.09.2025 14:12:11	19,12	-0,06	0,01	0,00	1478,97
1153	07.09.2025 14:12:12	19,12	-0,08	0,01	0,00	1478,97
1154	07.09.2025 14:12:13	19,12	-0,06	0,01	0,00	1478,97
1155	07.09.2025 14:12:14	19,12	-0,08	0,01	0,00	1478,97
1156	07.09.2025 14:12:15	19,12	-0,06	0,01	0,00	1478,97
1157	07.09.2025 14:12:16	19,09	-0,06	0,01	0,00	1478,88
1158	07.09.2025 14:12:17	19,09	-0,08	0,01	0,00	1478,87
1159	07.09.2025 14:12:18	19,09	-0,06	0,01	0,02	1478,88
1160	07.09.2025 14:12:19	19,09	-0,08	0,01	0,00	1478,87
1161	07.09.2025 14:12:20	19,09	-0,08	0,01	0,00	1478,87
1162	07.09.2025 14:12:21	19,09	-0,06	0,01	0,02	1478,88
1163	07.09.2025 14:12:22	19,09	-0,08	0,01	0,00	1478,87
1164	07.09.2025 14:12:23	19,09	-0,08	0,01	0,00	1478,87
1165	07.09.2025 14:12:24	19,09	-0,06	0,01	0,00	1478,88
1166	07.09.2025 14:12:25	19,09	-0,08	0,01	0,00	1478,87
1167	07.09.2025 14:12:26	19,09	-0,08	0,01	0,00	1478,87
1168	07.09.2025 14:12:27	19,09	-0,08	0,01	0,00	1478,87
1169	07.09.2025 14:12:28	19,09	-0,08	0,01	0,00	1478,87
1170	07.09.2025 14:12:29	19,09	-0,08	0,01	0,00	1478,87
1171	07.09.2025 14:12:30	19,09	-0,08	0,01	0,00	1478,87
1172	07.09.2025 14:12:31	19,09	-0,08	0,01	0,00	1478,87
1173	07.09.2025 14:12:32	19,09	-0,08	0,01	0,00	1478,87
1174	07.09.2025 14:12:33	19,09	-0,08	0,01	0,00	1478,87
1175	07.09.2025 14:12:34	19,09	-0,06	0,01	0,00	1478,88
1176	07.09.2025 14:12:35	19,09	-0,08	0,01	0,00	1478,87
1177	07.09.2025 14:12:36	19,09	-0,08	0,01	0,00	1478,87
1178	07.09.2025 14:12:37	19,09	-0,08	0,01	0,02	1478,88
1179	07.09.2025 14:12:38	19,09	-0,08	0,01	0,00	1478,87
1180	07.09.2025 14:12:39	19,06	-0,06	0,01	0,00	1478,78
1181	07.09.2025 14:12:40	19,06	-0,06	0,01	0,02	1478,79
1182	07.09.2025 14:12:41	19,06	-0,06	0,01	0,00	1478,78
1183	07.09.2025 14:12:42	19,06	-0,08	0,01	0,00	1478,78
1184	07.09.2025 14:12:43	19,06	-0,08	0,01	0,00	1478,78
1185	07.09.2025 14:12:44	19,06	-0,08	0,01	0,00	1478,78
1186	07.09.2025 14:12:45	19,06	-0,06	0,01	0,00	1478,78
1187	07.09.2025 14:12:46	19,06	-0,08	0,01	0,00	1478,78
1188	07.09.2025 14:12:47	19,06	-0,06	0,01	0,00	1478,78
1189	07.09.2025 14:12:48	19,06	-0,06	0,01	0,00	1478,78
1190	07.09.2025 14:12:49	19,06	-0,08	0,01	0,02	1478,79
1191	07.09.2025 14:12:50	19,06	-0,06	0,01	0,00	1478,78
1192	07.09.2025 14:12:51	19,06	-0,08	0,01	0,00	1478,78
1193	07.09.2025 14:12:52	19,06	-0,06	0,01	0,00	1478,78
1194	07.09.2025 14:12:53	19,06	-0,06	0,01	0,00	1478,78
1195	07.09.2025 14:12:54	19,06	-0,08	0,01	0,00	1478,78
1196	07.09.2025 14:12:55	19,06	-0,08	0,01	0,00	1478,78
1197	07.09.2025 14:12:56	19,06	-0,06	0,01	0,00	1478,78
1198	07.09.2025 14:12:57	19,06	-0,08	0,01	0,00	1478,78
1199	07.09.2025 14:12:58	19,03	-0,08	0,01	0,00	1478,69
1200	07.09.2025 14:12:59	19,03	-0,06	0,01	0,00	1478,69
1201	07.09.2025 14:13:00	19,03	-0,06	0,01	0,00	1478,69
1202	07.09.2025 14:13:01	19,03	-0,06	0,01	0,00	1478,69
1203	07.09.2025 14:13:02	19,03	-0,06	0,01	0,02	1478,70
1204	07.09.2025 14:13:03	19,03	-0,06	0,01	0,02	1478,70
1205	07.09.2025 14:13:04	19,03	-0,08	0,01	0,00	1478,69
1206	07.09.2025 14:13:05	19,03	-0,05	0,01	0,00	1478,69
1207	07.09.2025 14:13:06	19,03	-0,08	0,01	0,00	1478,69
1208	07.09.2025 14:13:07	19,03	-0,06	0,01	0,00	1478,69
1209	07.09.2025 14:13:08	19,03	-0,06	0,01	0,00	1478,69
1210	07.09.2025 14:13:09	19,03	-0,06	0,01	0,00	1478,69
1211	07.09.2025 14:13:10	19,03	-0,06	0,01	0,00	1478,69
1212	07.09.2025 14:13:11	19,03	-0,06	0,01	0,00	1478,69
1213	07.09.2025 14:13:12	19,03	-0,06	0,01	0,00	1478,69
1214	07.09.2025 14:13:13	19,03	-0,06	0,01	0,00	1478,69
1215	07.09.2025 14:13:14	19,03	-0,06	0,01	0,00	1478,69
1216	07.09.2025 14:13:15	19,03	-0,08	0,01	0,00	1478,69
1217	07.09.2025 14:13:16	19,03	-0,06	0,01	0,02	1478,70
1218	07.09.2025 14:13:17	19,03	-0,06	0,01	0,00	1478,69
1219	07.09.2025 14:13:18	19,03	-0,08	0,01	0,00	1478,69
1220	07.09.2025 14:13:19	19,03	-0,06	0,01	0,00	1478,69
1221	07.09.2025 14:13:20	19,00	-0,08	0,01	0,00	1478,59
1222	07.09.2025 14:13:21	19,00	-0,08	0,01	0,00	1478,59
1223	07.09.2025 14:13:22	19,00	-0,06	0,01	0,00	1478,60
1224	07.09.2025 14:13:23	19,00	-0,06	0,01	0,00	1478,60
1225	07.09.2025 14:13:24	19,00	-0,08	0,01	0,00	1478,59
1226	07.09.2025 14:13:25	19,00	-0,06	0,01	0,00	1478,60
1227	07.09.2025 14:13:26	19,00	-0,06	0,01	0,00	1478,60
1228	07.09.2025 14:13:27	19,00	-0,08	0,01	0,00	1478,59
1229	07.09.2025 14:13:28	19,00	-0,08	0,01	0,00	1478,59
1230	07.09.2025 14:13:29	19,00	-0,06	0,01	0,00	1478,60
1231	07.09.2025 14:13:30	19,00	-0,08	0,01	0,00	1478,59
1232	07.09.2025 14:13:31	19,00	-0,08	0,01	0,00	1478,59
1233	07.09.2025 14:13:32	19,00	-0,06	0,01	0,00	1478,60
1234	07.09.2025 14:13:33	19,00	-0,08	0,01	0,00	1478,59
1235	07.09.2025 14:13:34	19,00	-0,06	0,01	0,00	1478,60
1236	07.09.2025 14:13:35	19,00	-0,08	0,01	0,02	1478,60
1237	07.09.2025 14:13:36	19,00	-0,08	0,01	0,00	1478,59
1238	07.09.2025 14:13:37	19,00	-0,06	0,01	0,00	1478,60
1239	07.09.2025 14:13:38	19,00	-0,08	0,01	0,00	1478,59
1240	07.09.2025 14:13:39	19,00	-0,08	0,01	0,00	1478,59
1241	07.09.2025 14:13:40	19,00	-0,08	0,01	0,02	1478,60
1242	07.09.2025 14:13:41	19,00	-0,06	0,01	0,00	1478,60
1243	07.09.2025 14:13:42	19,00	-0,08	0,01	0,00	1478,59
1244	07.09.2025 14:13:43	19,00	-0,08	0,01	0,00	1478,59
1245	07.09.2025 14:13:44	19,00	-0,08	0,01	0,00	1478,59
1246	07.09.2025 14:13:45	19,00	-0,06	0,01	0,00	1478,60
1247	07.09.2025 14:13:46	19,00	-0,06	0,01	0,00	1478,60
1248	07.09.2025 14:13:47	19,00	-0,08	0,01	0,00	1478,59
1249	07.09.2025 14:13:48	19,00	-0,06	0,01	0,00	1478,60
1250	07.09.2025 14:13:49	19,00	-0,06	0,01	0,00	1478,60
1251	07.09.2025 14:13:50	19,00	-0,08	0,01	0,00	1478,59
1252	07.09.2025 14:13:51	19,00	-0,06	0,01	0,00	1478,60
1253	07.09.2025 14:13:52	18,97	-0,08	0,01	0,00	1478,50
1254	07.09.2025 14:13:53	18,97	-0,06	0,01	0,00	1478,50
1255	07.09.2025 14:13:54	18,97	-0,06	0,01	0,02	1478,51
1256	07.09.2025 14:13:55	18,97	-0,06	0,01	0,00	1478,50
1257	07.09.2025 14:13:56	18,97	-0,06	0,01	0,00	1478,50
1258	07.09.2025 14:13:57	18,97	-0,08	0,01	0,00	1478,50
1259	07.09.2025 14:13:58	18,97	-0,08	0,01	0,00	1478,50
1260	07.09.2025 14:13:59	18,97	-0,06	0,01	0,00	1478,50
1261	07.09.2025 14:14:00	18,97	-0,08	0,01	0,00	1478,50
1262	07.09.2025 14:14:01	18,97	-0,06	0,01	0,00	1478,50
1263	07.09.2025 14:14:02	18,97	-0,06	0,01	0,00	1478,50
1264	07.09.2025 14:14:03	18,97	-0,08	0,01	0,00	1478,50
1265	07.09.2025 14:14:04	18,97	-0,08	0,01	0,00	1478,50
1266	07.09.2025 14:14:05	18,97	-0,06	0,01	0,00	1478,50
1267	07.09.2025 14:14:06	18,97	-0,06	0,01	0,00	1478,50
1268	07.09.2025 14:14:07	18,97	-0,06	0,01	0,00	1478,50
1269	07.09.2025 14:14:08	18,97	-0,08	0,01	0,00	1478,50
1270	07.09.2025 14:14:09	18,97	-0,06	0,01	0,00	1478,50
1271	07.09.2025 14:14:10	18,97	-0,08	0,01	0,00	1478,50
1272	07.09.2025 14:14:11	18,97	-0,08	0,01	0,00	1478,50
1273	07.09.2025 14:14:12	18,97	-0,06	0,01	0,00	1478,50
1274	07.09.2025 14:14:13	18,97	-0,06	0,01	0,00	1478,50
1275	07.09.2025 14:14:14	18,97	-0,06	0,01	0,00	1478,50
1276	07.09.2025 14:14:15	18,97	-0,06	0,01	0,00	1478,50
1277	07.09.2025 14:14:16	18,97	-0,08	0,01	0,00	1478,50
1278	07.09.2025 14:14:17	18,97	-0,06	0,01	0,00	1478,50
1279	07.09.2025 14:14:18	18,97	-0,06	0,01	0,00	1478,50
1280	07.09.2025 14:14:19	18,97	-0,08	0,01	0,00	1478,50
1281	07.09.2025 14:14:20	18,97	-0,06	0,01	0,00	1478,50
1282	07.09.2025 14:14:21	18,97	-0,08	0,01	0,00	1478,50
1283	07.09.2025 14:14:22	18,94	-0,08	0,01	0,00	1478,40
1284	07.09.2025 14:14:23	18,97	-0,06	0,01	0,00	1478,50
1285	07.09.2025 14:14:24	18,97	-0,06	0,01	0,00	1478,50
1286	07.09.2025 14:14:25	18,94	-0,06	0,01	0,00	1478,41
1287	07.09.2025 14:14:26	18,94	-0,06	0,01	0,02	1478,41
1288	07.09.2025 14:14:27	18,94	-0,06	0,01	0,00	1478,41
1289	07.09.2025 14:14:28	18,94	-0,06	0,01	0,00	1478,41
1290	07.09.2025 14:14:29	18,94	-0,06	0,01	0,00	1478,41
1291	07.09.2025 14:14:30	18,94	-0,08	0,01	0,00	1478,40
1292	07.09.2025 14:14:31	18,94	-0,06	0,01	0,00	1478,41
1293	07.09.2025 14:14:32	18,94	-0,06	0,01	0,00	1478,41
1294	07.09.2025 14:14:33	18,94	-0,08	0,01	0,00	1478,40
1295	07.09.2025 14:14:34	18,94	-0,08	0,01	0,00	1478,40
1296	07.09.2025 14:14:35	18,94	-0,06	0,01	0,00	1478,41
1297	07.09.2025 14:14:36	18,94	-0,06	0,01	0,00	1478,41
1298	07.09.2025 14:14:37	18,94	-0,08	0,01	0,00	1478,40
1299	07.09.2025 14:14:38	18,94	-0,08	0,01	0,00	1478,40
1300	07.09.2025 14:14:39	18,94	-0,08	0,01	0,00	1478,40
1301	07.09.2025 14:14:40	18,94	-0,08	0,01	0,00	1478,40
1302	07.09.2025 14:14:41	18,94	-0,06	0,01	0,00	1478,41
1303	07.09.2025 14:14:42	18,94	-0,06	0,01	0,00	1478,41
1304	07.09.2025 14:14:43	18,94	-0,06	0,01	0,00	1478,41
1305	07.09.2025 14:14:44	18,94	-0,08	0,01	0,00	1478,40
1306	07.09.2025 14:14:45	18,94	-0,08	0,01	0,00	1478,40
1307	07.09.2025 14:14:46	18,94	-0,06	0,01	0,00	1478,41
1308	07.09.2025 14:14:47	18,94	-0,08	0,01	0,00	1478,40
1309	07.09.2025 14:14:48	18,94	-0,06	0,01	0,00	1478,41
1310	07.09.2025 14:14:49	18,94	-0,06	0,01	0,02	1478,41
1311	07.09.2025 14:14:50	18,94	-0,06	0,01	0,00	1478,41
1312	07.09.2025 14:14:51	18,94	-0,06	0,01	0,00	1478,41
1313	07.09.2025 14:14:52	18,94	-0,06	0,01	0,00	1478,41
1314	07.09.2025 14:14:53	18,94	-0,06	0,01	0,00	1478,41
1315	07.09.2025 14:14:54	18,94	-0,06	0,01	0,00	1478,41
1316	07.09.2025 14:14:55	18,94	-0,06	0,01	0,00	1478,41
1317	07.09.2025 14:14:56	18,94	-0,06	0,01	0,00	1478,41
1318	07.09.2025 14:14:57	18,94	-0,06	0,01	0,00	1478,41
1319	07.09.2025 14:14:58	18,94	-0,08	0,01	0,00	1478,40
1320	07.09.2025 14:14:59	18,94	-0,06	0,01	0,00	1478,41
1321	07.09.2025 14:15:00	18,94	-0,08	0,01	0,00	1478,40
1322	07.09.2025 14:15:01	18,94	-0,08	0,01	0,00	1478,40
1323	07.09.2025 14:15:02	18,94	-0,06	0,01	0,00	1478,41
1324	07.09.2025 14:15:03	18,94	-0,08	0,01	0,02	1478,41
1325	07.09.2025 14:15:04	18,94	-0,06	0,01	0,00	1478,41
1326	07.09.2025 14:15:05	18,94	-0,06	0,01	0,00	1478,41
1327	07.09.2025 14:15:06	18,94	-0,08	0,01	0,00	1478,40
1328	07.09.2025 14:15:07	18,94	-0,08	0,01	0,00	1478,40
1329	07.09.2025 14:15:08	18,94	-0,06	0,01	0,00	1478,41
1330	07.09.2025 14:15:09	18,94	-0,06	0,01	0,00	1478,41
1331	07.09.2025 14:15:10	18,94	-0,06	0,01	0,00	1478,41
1332	07.09.2025 14:15:11	18,94	-0,08	0,01	0,00	1478,40
1333	07.09.2025 14:15:12	18,94	-0,06	0,01	0,00	1478,41
1334	07.09.2025 14:15:13	18,94	-0,08	0,01	0,00	1478,40
1335	07.09.2025 14:15:14	18,94	-0,06	0,01	0,00	1478,41
1336	07.09.2025 14:15:15	18,94	-0,08	0,01	0,00	1478,40
1337	07.09.2025 14:15:16	18,94	-0,06	0,01	0,00	1478,41
1338	07.09.2025 14:15:17	18,94	-0,08	0,01	0,00	1478,40
1339	07.09.2025 14:15:18	18,94	-0,08	0,01	0,00	1478,40
1340	07.09.2025 14:15:19	18,94	-0,06	0,01	0,00	1478,41
1341	07.09.2025 14:15:20	18,94	-0,06	0,01	0,00	1478,41
1342	07.09.2025 14:15:21	18,94	-0,08	0,01	0,00	1478,40
1343	07.09.2025 14:15:22	18,94	-0,06	0,01	0,00	1478,41
1344	07.09.2025 14:15:23	18,94	-0,06	0,01	0,00	1478,41
1345	07.09.2025 14:15:24	18,94	-0,08	0,01	0,00	1478,40
1346	07.09.2025 14:15:25	18,94	-0,08	0,01	0,00	1478,40
1347	07.09.2025 14:15:26	18,94	-0,08	0,01	0,00	1478,40
1348	07.09.2025 14:15:27	18,94	-0,08	0,01	0,00	1478,40
1349	07.09.2025 14:15:28	18,94	-0,06	0,01	0,00	1478,41
1350	07.09.2025 14:15:29	18,94	-0,06	0,01	0,00	1478,41
1351	07.09.2025 14:15:30	18,94	-0,06	0,01	0,00	1478,41
1352	07.09.2025 14:15:31	18,94	-0,06	0,01	0,00	1478,41
1353	07.09.2025 14:15:32	18,94	-0,06	0,01	0,00	1478,41
1354	07.09.2025 14:15:33	18,94	-0,06	0,01	0,00	1478,41
1355	07.09.2025 14:15:34	18,94	-0,06	0,01	0,00	1478,41
1356	07.09.2025 14:15:35	18,94	-0,08	0,01	0,00	1478,40
1357	07.09.2025 14:15:36	18,94	-0,06	0,01	0,00	1478,41
1358	07.09.2025 14:15:37	18,94	-0,08	0,01	0,00	1478,40
1359	07.09.2025 14:15:38	18,94	-0,06	0,01	0,00	1478,41
1360	07.09.2025 14:15:39	18,94	-0,06	0,01	0,00	1478,41
1361	07.09.2025 14:15:40	18,97	-0,06	0,01	0,00	1478,50
1362	07.09.2025 14:15:41	18,97	-0,06	0,01	0,00	1478,50
1363	07.09.2025 14:15:42	18,97	-0,08	0,01	0,00	1478,50
1364	07.09.2025 14:15:43	18,97	-0,08	0,01	0,00	1478,50
1365	07.09.2025 14:15:44	18,97	-0,06	0,01	0,00	1478,50
1366	07.09.2025 14:15:45	18,97	-0,08	0,01	0,02	1478,50
1367	07.09.2025 14:15:46	18,97	-0,08	0,01	0,00	1478,50
1368	07.09.2025 14:15:47	18,97	-0,06	0,01	0,00	1478,50
1369	07.09.2025 14:15:48	18,97	-0,06	0,01	0,00	1478,50
1370	07.09.2025 14:15:49	18,97	-0,06	0,01	0,00	1478,50
1371	07.09.2025 14:15:50	18,97	-0,08	0,01	0,00	1478,50
1372	07.09.2025 14:15:51	18,97	-0,06	0,01	0,00	1478,50
1373	07.09.2025 14:15:52	18,97	-0,06	0,01	0,00	1478,50
1374	07.09.2025 14:15:53	18,97	-0,06	0,01	0,00	1478,50
1375	07.09.2025 14:15:54	18,97	-0,06	0,01	0,00	1478,50
1376	07.09.2025 14:15:55	18,97	-0,06	0,01	0,00	1478,50
1377	07.09.2025 14:15:56	18,97	-0,08	0,01	0,02	1478,50
1378	07.09.2025 14:15:57	18,97	-0,08	0,01	0,00	1478,50
1379	07.09.2025 14:15:58	18,97	-0,08	0,01	0,00	1478,50
1380	07.09.2025 14:15:59	18,97	-0,08	0,01	0,00	1478,50
1381	07.09.2025 14:16:00	18,97	-0,06	0,01	0,00	1478,50
1382	07.09.2025 14:16:01	18,97	-0,06	0,01	0,00	1478,50
1383	07.09.2025 14:16:02	18,97	-0,06	0,01	0,00	1478,50
1384	07.09.2025 14:16:03	18,97	-0,06	0,01	0,00	1478,50
1385	07.09.2025 14:16:04	18,97	-0,06	0,01	0,00	1478,50
1386	07.09.2025 14:16:05	18,97	-0,06	0,01	0,00	1478,50
1387	07.09.2025 14:16:06	19,00	-0,06	0,01	0,00	1478,60
1388	07.09.2025 14:16:07	19,00	-0,08	0,01	0,00	1478,59
1389	07.09.2025 14:16:08	19,00	-0,08	0,01	0,00	1478,59
1390	07.09.2025 14:16:09	19,00	-0,08	0,01	0,00	1478,59
1391	07.09.2025 14:16:10	19,00	-0,08	0,01	0,00	1478,59
1392	07.09.2025 14:16:11	19,00	-0,08	0,01	0,00	1478,59
1393	07.09.2025 14:16:12	19,00	-0,08	0,01	0,00	1478,59
1394	07.09.2025 14:16:13	19,00	-0,08	0,01	0,00	1478,59
1395	07.09.2025 14:16:14	19,00	-0,06	0,01	0,00	1478,60
1396	07.09.2025 14:16:15	19,00	-0,06	0,01	0,00	1478,60
1397	07.09.2025 14:16:16	19,00	-0,08	0,01	0,00	1478,59
1398	07.09.2025 14:16:17	19,00	-0,08	0,01	0,00	1478,59
1399	07.09.2025 14:16:18	19,00	-0,08	0,01	0,00	1478,59
1400	07.09.2025 14:16:19	19,00	-0,08	0,01	0,02	1478,60
1401	07.09.2025 14:16:20	19,00	-0,08	0,01	0,00	1478,59
1402	07.09.2025 14:16:21	19,00	-0,06	0,01	0,00	1478,60
1403	07.09.2025 14:16:22	19,00	-0,06	0,01	0,00	1478,60
1404	07.09.2025 14:16:23	19,00	-0,06	0,01	0,02	1478,60
1405	07.09.2025 14:16:24	19,00	-0,08	0,01	0,00	1478,59
1406	07.09.2025 14:16:25	19,00	-0,06	0,01	0,02	1478,60
1407	07.09.2025 14:16:26	19,00	-0,06	0,01	0,00	1478,60
1408	07.09.2025 14:16:27	19,00	-0,08	0,01	0,00	1478,59
1409	07.09.2025 14:16:28	19,00	-0,08	0,01	0,00	1478,59
1410	07.09.2025 14:16:29	19,00	-0,08	0,01	0,00	1478,59
1411	07.09.2025 14:16:30	19,00	-0,06	0,01	0,02	1478,60
1412	07.09.2025 14:16:31	19,03	-0,08	0,01	0,00	1478,69
1413	07.09.2025 14:16:32	19,03	-0,08	0,01	0,00	1478,69
1414	07.09.2025 14:16:33	19,03	-0,08	0,01	0,00	1478,69
1415	07.09.2025 14:16:34	19,03	-0,06	0,01	0,00	1478,69
1416	07.09.2025 14:16:35	19,03	-0,08	0,01	0,00	1478,69
1417	07.09.2025 14:16:36	19,03	-0,06	0,01	0,00	1478,69
1418	07.09.2025 14:16:37	19,03	-0,10	0,01	0,00	1478,68
1419	07.09.2025 14:16:38	19,03	-0,06	0,01	0,00	1478,69
1420	07.09.2025 14:16:39	19,03	-0,08	0,01	0,00	1478,69
1421	07.09.2025 14:16:40	19,03	-0,08	0,01	0,00	1478,69
1422	07.09.2025 14:16:41	19,03	-0,08	0,01	0,00	1478,69
1423	07.09.2025 14:16:42	19,03	-0,06	0,01	0,00	1478,69
1424	07.09.2025 14:16:43	19,03	-0,08	0,01	0,00	1478,69
1425	07.09.2025 14:16:44	19,03	-0,08	0,01	0,00	1478,69
1426	07.09.2025 14:16:45	19,03	-0,08	0,01	0,00	1478,69
1427	07.09.2025 14:16:46	19,03	-0,08	0,01	0,00	1478,69
1428	07.09.2025 14:16:47	19,03	-0,08	0,01	0,00	1478,69
1429	07.09.2025 14:16:48	19,03	-0,08	0,01	0,00	1478,69
1430	07.09.2025 14:16:49	19,03	-0,08	0,01	0,00	1478,69
1431	07.09.2025 14:16:50	19,03	-0,08	0,01	0,00	1478,69
1432	07.09.2025 14:16:51	19,03	-0,06	0,01	0,00	1478,69
1433	07.09.2025 14:16:52	19,03	-0,08	0,01	0,02	1478,69
1434	07.09.2025 14:16:53	19,06	-0,08	0,01	0,00	1478,78
1435	07.09.2025 14:16:54	19,06	-0,08	0,01	0,00	1478,78
1436	07.09.2025 14:16:55	19,06	-0,08	0,01	0,00	1478,78
1437	07.09.2025 14:16:56	19,06	-0,06	0,01	0,00	1478,78
1438	07.09.2025 14:16:57	19,06	-0,06	0,01	0,00	1478,78
1439	07.09.2025 14:16:58	19,06	-0,08	0,01	0,00	1478,78
1440	07.09.2025 14:16:59	19,06	-0,06	0,01	0,00	1478,78
1441	07.09.2025 14:17:00	19,06	-0,06	0,01	0,00	1478,78
1442	07.09.2025 14:17:01	19,06	-0,08	0,01	0,00	1478,78
1443	07.09.2025 14:17:02	19,06	-0,08	0,01	0,00	1478,78
1444	07.09.2025 14:17:03	19,06	-0,06	0,01	0,00	1478,78
1445	07.09.2025 14:17:04	19,06	-0,06	0,01	0,00	1478,78
1446	07.09.2025 14:17:05	19,06	-0,06	0,01	0,00	1478,78
1447	07.09.2025 14:17:06	19,06	-0,06	0,01	0,00	1478,78
1448	07.09.2025 14:17:07	19,06	-0,06	0,01	0,00	1478,78
1449	07.09.2025 14:17:08	19,06	-0,06	0,01	0,00	1478,78
1450	07.09.2025 14:17:09	19,06	-0,08	0,01	0,00	1478,78
1451	07.09.2025 14:17:10	19,06	-0,08	0,01	0,00	1478,78
1452	07.09.2025 14:17:11	19,06	-0,08	0,01	0,00	1478,78
1453	07.09.2025 14:17:12	19,06	-0,08	0,01	0,00	1478,78
1454	07.09.2025 14:17:13	19,09	-0,08	0,01	0,00	1478,87
1455	07.09.2025 14:17:14	19,06	-0,08	0,01	0,00	1478,78
1456	07.09.2025 14:17:15	19,09	-0,08	0,01	0,00	1478,87
1457	07.09.2025 14:17:16	19,09	-0,06	0,01	0,00	1478,88
1458	07.09.2025 14:17:17	19,09	-0,06	0,01	0,00	1478,88
1459	07.09.2025 14:17:18	19,09	-0,08	0,01	0,00	1478,87
1460	07.09.2025 14:17:19	19,09	-0,08	0,01	0,00	1478,87
1461	07.09.2025 14:17:20	19,09	-0,06	0,01	0,02	1478,88
1462	07.09.2025 14:17:21	19,09	-0,08	0,01	0,00	1478,87
1463	07.09.2025 14:17:22	19,09	-0,08	0,01	0,00	1478,87
1464	07.09.2025 14:17:23	19,09	-0,08	0,01	0,02	1478,88
1465	07.09.2025 14:17:24	19,09	-0,06	0,01	0,00	1478,88
1466	07.09.2025 14:17:25	19,09	-0,08	0,01	0,00	1478,87
1467	07.09.2025 14:17:26	19,09	-0,08	0,01	0,00	1478,87
1468	07.09.2025 14:17:27	19,09	-0,08	0,01	0,00	1478,87
1469	07.09.2025 14:17:28	19,09	-0,08	0,01	0,02	1478,88
1470	07.09.2025 14:17:29	19,09	-0,08	0,01	0,00	1478,87
1471	07.09.2025 14:17:30	19,09	-0,08	0,01	0,00	1478,87
1472	07.09.2025 14:17:31	19,09	-0,08	0,01	0,00	1478,87
1473	07.09.2025 14:17:32	19,09	-0,08	0,01	0,00	1478,87
1474	07.09.2025 14:17:33	19,09	-0,08	0,01	0,00	1478,87
1475	07.09.2025 14:17:34	19,09	-0,08	0,01	0,02	1478,88
1476	07.09.2025 14:17:35	19,09	-0,08	0,01	0,02	1478,88
1477	07.09.2025 14:17:36	19,12	-0,06	0,01	0,00	1478,97
1478	07.09.2025 14:17:37	19,12	-0,08	0,01	0,00	1478,97
1479	07.09.2025 14:17:38	19,12	-0,08	0,01	0,02	1478,97
1480	07.09.2025 14:17:39	19,12	-0,06	0,01	0,00	1478,97
1481	07.09.2025 14:17:40	19,12	-0,06	0,01	0,02	1478,98
1482	07.09.2025 14:17:41	19,12	-0,06	0,01	0,00	1478,97
1483	07.09.2025 14:17:42	19,12	-0,08	0,01	0,00	1478,97
1484	07.09.2025 14:17:43	19,12	-0,08	0,01	0,00	1478,97
1485	07.09.2025 14:17:44	19,12	-0,08	0,01	0,00	1478,97
1486	07.09.2025 14:17:45	19,12	-0,08	0,01	0,00	1478,97
1487	07.09.2025 14:17:46	19,12	-0,08	0,01	0,00	1478,97
1488	07.09.2025 14:17:47	19,12	-0,08	0,01	0,00	1478,97
1489	07.09.2025 14:17:48	19,12	-0,08	0,01	0,00	1478,97
1490	07.09.2025 14:17:49	19,12	-0,08	0,01	0,00	1478,97
1491	07.09.2025 14:17:50	19,12	-0,06	0,01	0,00	1478,97
1492	07.09.2025 14:17:51	19,12	-0,08	0,01	0,00	1478,97
1493	07.09.2025 14:17:52	19,12	-0,08	0,01	0,00	1478,97
1494	07.09.2025 14:17:53	19,12	-0,08	0,01	0,00	1478,97
1495	07.09.2025 14:17:54	19,12	-0,08	0,01	0,02	1478,97
1496	07.09.2025 14:17:55	19,12	-0,08	0,01	0,00	1478,97
1497	07.09.2025 14:17:56	19,15	-0,06	0,01	0,00	1479,07
1498	07.09.2025 14:17:57	19,15	-0,06	0,01	0,02	1479,07
1499	07.09.2025 14:17:58	19,15	-0,06	0,01	0,00	1479,07
1500	07.09.2025 14:17:59	19,15	-0,05	0,01	0,00	1479,07
1501	07.09.2025 14:18:00	19,15	-0,06	0,01	0,00	1479,07
1502	07.09.2025 14:18:01	19,15	-0,06	0,01	0,00	1479,07
1503	07.09.2025 14:18:02	19,21	-0,01	0,01	0,00	1479,26
1504	07.09.2025 14:18:03	19,27	-0,08	0,01	0,02	1479,44
1505	07.09.2025 14:18:04	19,33	-0,08	0,01	0,00	1479,62
1506	07.09.2025 14:18:05	19,45	-0,08	0,01	0,00	1480,00
1507	07.09.2025 14:18:06	19,62	-0,10	0,01	0,02	1480,56
1508	07.09.2025 14:18:07	19,77	-0,13	0,01	0,00	1481,01
1509	07.09.2025 14:18:08	19,83	-0,12	0,01	0,00	1481,19
1510	07.09.2025 14:18:09	19,89	-0,10	0,01	0,00	1481,38
1511	07.09.2025 14:18:10	19,92	-0,13	0,02	0,02	1481,47
1512	07.09.2025 14:18:11	20,06	0,01	0,02	0,02	1481,95
1513	07.09.2025 14:18:12	20,12	0,03	0,02	0,02	1482,14
1514	07.09.2025 14:18:13	20,12	0,04	0,02	0,02	1482,14
1515	07.09.2025 14:18:14	20,18	0,03	0,02	0,02	1482,32
1516	07.09.2025 14:18:15	20,21	0,03	0,02	0,02	1482,41
1517	07.09.2025 14:18:16	20,24	0,04	0,02	0,02	1482,51
1518	07.09.2025 14:18:17	20,24	0,03	0,02	0,02	1482,50
1519	07.09.2025 14:18:18	20,33	0,03	0,02	0,02	1482,77
1520	07.09.2025 14:18:19	20,36	0,04	0,02	0,02	1482,87
1521	07.09.2025 14:18:20	20,42	0,03	0,02	0,02	1483,05
1522	07.09.2025 14:18:21	20,44	0,01	0,02	0,02	1483,13
1523	07.09.2025 14:18:22	20,47	0,04	0,02	0,02	1483,23
1524	07.09.2025 14:18:23	20,53	0,04	0,01	0,00	1483,40
1525	07.09.2025 14:18:24	20,56	0,06	0,02	0,02	1483,50
1526	07.09.2025 14:18:25	20,59	0,04	0,02	0,02	1483,59
1527	07.09.2025 14:18:26	20,65	0,04	0,02	0,02	1483,77
1528	07.09.2025 14:18:27	20,71	0,03	0,01	0,00	1483,94
1529	07.09.2025 14:18:28	20,71	0,03	0,01	0,00	1483,94
1530	07.09.2025 14:18:29	20,77	0,03	0,02	0,02	1484,12
1531	07.09.2025 14:18:30	20,83	0,04	0,02	0,02	1484,31
1532	07.09.2025 14:18:31	20,85	0,06	0,02	0,02	1484,40
1533	07.09.2025 14:18:32	20,91	0,04	0,02	0,02	1484,57
1534	07.09.2025 14:18:33	20,94	0,04	0,02	0,02	1484,66
1535	07.09.2025 14:18:34	21,00	0,04	0,02	0,02	1484,84
1536	07.09.2025 14:18:35	21,03	0,04	0,02	0,02	1484,93
1537	07.09.2025 14:18:36	21,06	0,04	0,02	0,02	1485,02
1538	07.09.2025 14:18:37	21,12	0,06	0,02	0,02	1485,20
1539	07.09.2025 14:18:38	21,15	0,06	0,02	0,02	1485,29
1540	07.09.2025 14:18:39	21,18	0,04	0,02	0,02	1485,37
1541	07.09.2025 14:18:40	21,21	0,06	0,02	0,02	1485,46
1542	07.09.2025 14:18:41	21,24	0,04	0,02	0,02	1485,55
