#B	Created:	03.09.2025 11:13:36
##	Version	SeaStar	9.59
#5	Field separation:	0
#2	Date & Time:	1
#6	Decimal point:	,
#7	Date def.:	dd.mm.yyyy	.
#8	Time def.:	:
##	Axis	0	Temperature(°C)	clRed	FALSE
##	Axis	1	Pressure(Bar)	clBlue	FALSE
##	Axis	2	Salinity(psu)	clGreen	FALSE
##	Axis	3	Conductivity(mS/cm)	$00FF80FF	FALSE
##	Axis	4	Sound Velocity(m/sec)	$00404080	FALSE
##	Series	0	Temp(°C)	clRed	0	Temp(°C)	2
##	Series	1	Press(Bar)	clBlue	1	Press(Bar)	2
##	Series	2	Salinity(psu)	clGreen	2	Salinity(psu)	2
##	Series	3	Conduct(mS/cm)	$00FF80FF	3	Conduct(mS/cm)	2
##	Series	4	Sound Velocity(m/sec)	$00404080	4	Velocity(m/sec)	2
##	Recorder	25	DST CTD	13525
##	Chart	25S13525DAT	
#D	Data:	1442	03.09.2025 10:49:00	03.09.2025 11:13:01
1	03.09.2025 10:49:00	24,81	-0,05	0,05	0,10	1495,90
2	03.09.2025 10:49:01	24,81	-0,05	0,05	0,10	1495,90
3	03.09.2025 10:49:02	24,78	-0,05	0,05	0,10	1495,82
4	03.09.2025 10:49:03	24,78	-0,05	0,05	0,10	1495,82
5	03.09.2025 10:49:04	24,78	-0,03	0,05	0,10	1495,82
6	03.09.2025 10:49:05	24,81	-0,05	0,05	0,10	1495,90
7	03.09.2025 10:49:06	24,81	-0,05	0,05	0,10	1495,90
8	03.09.2025 10:49:07	24,78	-0,03	0,05	0,10	1495,82
9	03.09.2025 10:49:08	24,78	-0,03	0,05	0,10	1495,82
10	03.09.2025 10:49:09	24,78	-0,03	0,05	0,10	1495,82
11	03.09.2025 10:49:10	24,78	-0,05	0,05	0,10	1495,82
12	03.09.2025 10:49:11	24,78	-0,03	0,05	0,10	1495,82
13	03.09.2025 10:49:12	24,78	-0,05	0,05	0,10	1495,82
14	03.09.2025 10:49:13	24,78	-0,03	0,05	0,10	1495,82
15	03.09.2025 10:49:14	24,78	-0,03	0,05	0,10	1495,82
16	03.09.2025 10:49:15	24,78	-0,05	0,05	0,10	1495,82
17	03.09.2025 10:49:16	24,78	-0,03	0,05	0,10	1495,82
18	03.09.2025 10:49:17	24,78	-0,03	0,05	0,10	1495,82
19	03.09.2025 10:49:18	24,78	-0,05	0,05	0,10	1495,82
20	03.09.2025 10:49:19	24,78	-0,03	0,05	0,10	1495,82
21	03.09.2025 10:49:20	24,78	-0,05	0,05	0,10	1495,82
22	03.09.2025 10:49:21	24,75	-0,03	0,05	0,10	1495,74
23	03.09.2025 10:49:22	24,78	-0,05	0,05	0,10	1495,82
24	03.09.2025 10:49:23	24,78	-0,05	0,05	0,10	1495,82
25	03.09.2025 10:49:24	24,78	-0,03	0,05	0,10	1495,82
26	03.09.2025 10:49:25	24,78	-0,05	0,05	0,10	1495,82
27	03.09.2025 10:49:26	24,78	-0,05	0,05	0,10	1495,82
28	03.09.2025 10:49:27	24,78	-0,03	0,05	0,10	1495,82
29	03.09.2025 10:49:28	24,75	-0,05	0,05	0,10	1495,74
30	03.09.2025 10:49:29	24,75	-0,05	0,05	0,10	1495,74
31	03.09.2025 10:49:30	24,75	-0,05	0,05	0,10	1495,74
32	03.09.2025 10:49:31	24,75	-0,05	0,05	0,10	1495,74
33	03.09.2025 10:49:32	24,75	-0,05	0,05	0,10	1495,74
34	03.09.2025 10:49:33	24,75	-0,03	0,05	0,10	1495,74
35	03.09.2025 10:49:34	24,75	-0,03	0,05	0,10	1495,74
36	03.09.2025 10:49:35	24,73	-0,03	0,05	0,10	1495,66
37	03.09.2025 10:49:36	24,73	-0,05	0,05	0,10	1495,66
38	03.09.2025 10:49:37	24,73	-0,05	0,05	0,10	1495,66
39	03.09.2025 10:49:38	24,73	-0,03	0,05	0,10	1495,66
40	03.09.2025 10:49:39	24,73	-0,05	0,05	0,10	1495,66
41	03.09.2025 10:49:40	24,73	-0,05	0,05	0,10	1495,66
42	03.09.2025 10:49:41	24,73	-0,03	0,05	0,10	1495,66
43	03.09.2025 10:49:42	24,73	-0,05	0,05	0,10	1495,66
44	03.09.2025 10:49:43	24,73	-0,05	0,05	0,10	1495,66
45	03.09.2025 10:49:44	24,73	-0,03	0,05	0,10	1495,66
46	03.09.2025 10:49:45	24,73	-0,03	0,05	0,10	1495,66
47	03.09.2025 10:49:46	24,73	-0,03	0,05	0,10	1495,66
48	03.09.2025 10:49:47	24,73	-0,05	0,05	0,10	1495,66
49	03.09.2025 10:49:48	24,73	-0,03	25,81	40,19	1523,65
50	03.09.2025 10:49:49	24,20	-0,37	25,70	39,62	1522,16
51	03.09.2025 10:49:50	23,51	-0,26	25,85	39,27	1520,56
52	03.09.2025 10:49:51	22,90	-0,15	26,10	39,12	1519,26
53	03.09.2025 10:49:52	22,40	-0,08	26,39	39,11	1518,28
54	03.09.2025 10:49:53	22,05	0,04	26,57	39,08	1517,58
55	03.09.2025 10:49:54	21,79	0,08	26,67	38,99	1516,98
56	03.09.2025 10:49:55	21,56	0,10	26,79	38,96	1516,48
57	03.09.2025 10:49:56	21,35	0,10	26,91	38,95	1516,06
58	03.09.2025 10:49:57	21,18	0,13	27,00	38,92	1515,69
59	03.09.2025 10:49:58	21,06	0,13	27,07	38,92	1515,44
60	03.09.2025 10:49:59	20,94	0,13	27,12	38,89	1515,18
61	03.09.2025 10:50:00	20,83	0,15	27,19	38,89	1514,94
62	03.09.2025 10:50:01	20,71	0,13	27,24	38,86	1514,67
63	03.09.2025 10:50:02	20,62	0,13	27,32	38,89	1514,51
64	03.09.2025 10:50:03	20,53	0,15	27,38	38,88	1514,33
65	03.09.2025 10:50:04	20,44	0,12	27,43	38,88	1514,14
66	03.09.2025 10:50:05	20,36	0,13	27,49	38,88	1513,96
67	03.09.2025 10:50:06	20,27	0,13	27,54	38,88	1513,78
68	03.09.2025 10:50:07	20,21	0,12	27,58	38,88	1513,65
69	03.09.2025 10:50:08	20,15	0,13	27,62	38,88	1513,53
70	03.09.2025 10:50:09	20,09	0,13	27,66	38,88	1513,41
71	03.09.2025 10:50:10	20,03	0,13	27,69	38,88	1513,29
72	03.09.2025 10:50:11	19,97	0,13	27,73	38,87	1513,16
73	03.09.2025 10:50:12	19,92	0,15	27,77	38,87	1513,04
74	03.09.2025 10:50:13	19,86	0,15	27,81	38,87	1512,92
75	03.09.2025 10:50:14	19,80	0,15	27,84	38,87	1512,79
76	03.09.2025 10:50:15	19,74	0,13	27,88	38,87	1512,67
77	03.09.2025 10:50:16	19,71	0,17	27,92	38,90	1512,64
78	03.09.2025 10:50:17	19,65	0,17	27,96	38,90	1512,51
79	03.09.2025 10:50:18	19,62	0,19	27,98	38,90	1512,45
80	03.09.2025 10:50:19	19,56	0,19	28,02	38,90	1512,33
81	03.09.2025 10:50:20	19,53	0,21	28,04	38,89	1512,27
82	03.09.2025 10:50:21	19,47	0,21	28,08	38,89	1512,14
83	03.09.2025 10:50:22	19,45	0,19	28,10	38,89	1512,08
84	03.09.2025 10:50:23	19,42	0,19	28,12	38,89	1512,02
85	03.09.2025 10:50:24	19,36	0,19	28,15	38,89	1511,89
86	03.09.2025 10:50:25	19,33	0,21	28,17	38,89	1511,83
87	03.09.2025 10:50:26	19,30	0,21	28,19	38,89	1511,77
88	03.09.2025 10:50:27	19,27	0,22	28,21	38,89	1511,71
89	03.09.2025 10:50:28	19,24	0,24	28,23	38,89	1511,65
90	03.09.2025 10:50:29	19,21	0,26	28,25	38,89	1511,59
91	03.09.2025 10:50:30	19,18	0,26	28,27	38,89	1511,53
92	03.09.2025 10:50:31	19,12	0,24	28,31	38,89	1511,40
93	03.09.2025 10:50:32	19,09	0,26	28,33	38,89	1511,34
94	03.09.2025 10:50:33	19,06	0,28	28,35	38,89	1511,28
95	03.09.2025 10:50:34	19,03	0,28	28,37	38,89	1511,21
96	03.09.2025 10:50:35	19,00	0,28	28,39	38,89	1511,15
97	03.09.2025 10:50:36	18,97	0,30	28,41	38,88	1511,09
98	03.09.2025 10:50:37	18,97	0,31	28,41	38,88	1511,09
99	03.09.2025 10:50:38	18,94	0,33	28,43	38,88	1511,03
100	03.09.2025 10:50:39	18,91	0,33	28,45	38,88	1510,97
101	03.09.2025 10:50:40	18,88	0,37	28,47	38,88	1510,91
102	03.09.2025 10:50:41	18,85	0,38	28,49	38,88	1510,85
103	03.09.2025 10:50:42	18,85	0,33	28,49	38,88	1510,84
104	03.09.2025 10:50:43	18,83	0,30	28,51	38,88	1510,77
105	03.09.2025 10:50:44	18,80	0,26	28,53	38,88	1510,71
106	03.09.2025 10:50:45	18,77	0,24	28,55	38,88	1510,64
107	03.09.2025 10:50:46	18,77	0,24	28,55	38,88	1510,64
108	03.09.2025 10:50:47	18,74	0,24	28,57	38,88	1510,58
109	03.09.2025 10:50:48	18,74	0,24	28,57	38,88	1510,58
110	03.09.2025 10:50:49	18,71	0,26	28,59	38,88	1510,52
111	03.09.2025 10:50:50	18,68	0,28	28,61	38,88	1510,45
112	03.09.2025 10:50:51	18,68	0,28	28,61	38,88	1510,45
113	03.09.2025 10:50:52	18,65	0,30	28,63	38,88	1510,39
114	03.09.2025 10:50:53	18,65	0,30	28,63	38,88	1510,39
115	03.09.2025 10:50:54	18,62	0,33	28,63	38,85	1510,31
116	03.09.2025 10:50:55	18,62	0,33	28,65	38,88	1510,34
117	03.09.2025 10:50:56	18,59	0,35	28,67	38,88	1510,28
118	03.09.2025 10:50:57	18,56	0,38	28,69	38,88	1510,22
119	03.09.2025 10:50:58	18,56	0,35	28,67	38,85	1510,18
120	03.09.2025 10:50:59	18,53	0,37	28,69	38,85	1510,12
121	03.09.2025 10:51:00	18,53	0,38	28,71	38,88	1510,15
122	03.09.2025 10:51:01	18,50	0,40	28,73	38,88	1510,09
123	03.09.2025 10:51:02	18,50	0,42	28,73	38,88	1510,10
124	03.09.2025 10:51:03	18,50	0,44	28,73	38,88	1510,10
125	03.09.2025 10:51:04	18,47	0,46	28,75	38,88	1510,04
126	03.09.2025 10:51:05	18,47	0,47	28,75	38,88	1510,04
127	03.09.2025 10:51:06	18,47	0,48	28,77	38,90	1510,07
128	03.09.2025 10:51:07	18,44	0,47	28,77	38,87	1509,98
129	03.09.2025 10:51:08	18,44	0,52	28,77	38,87	1509,98
130	03.09.2025 10:51:09	18,41	0,53	28,79	38,87	1509,92
131	03.09.2025 10:51:10	18,41	0,53	28,79	38,87	1509,92
132	03.09.2025 10:51:11	18,41	0,57	28,81	38,90	1509,95
133	03.09.2025 10:51:12	18,38	0,59	28,83	38,90	1509,89
134	03.09.2025 10:51:13	18,38	0,59	28,76	38,82	1509,81
135	03.09.2025 10:51:14	18,38	0,62	28,74	38,79	1509,79
136	03.09.2025 10:51:15	18,35	0,66	28,76	38,79	1509,73
137	03.09.2025 10:51:16	18,32	0,67	28,76	38,76	1509,64
138	03.09.2025 10:51:17	18,29	0,69	28,75	38,73	1509,56
139	03.09.2025 10:51:18	18,26	0,72	28,80	38,76	1509,52
140	03.09.2025 10:51:19	18,26	0,71	28,80	38,76	1509,52
141	03.09.2025 10:51:20	18,26	0,72	28,87	38,84	1509,60
142	03.09.2025 10:51:21	18,26	0,72	28,84	38,82	1509,58
143	03.09.2025 10:51:22	18,26	0,72	28,80	38,76	1509,52
144	03.09.2025 10:51:23	18,20	0,74	28,58	38,45	1509,10
145	03.09.2025 10:51:24	18,14	0,74	28,53	38,34	1508,87
146	03.09.2025 10:51:25	18,05	0,78	28,64	38,39	1508,73
147	03.09.2025 10:51:26	18,02	0,82	28,56	38,28	1508,56
148	03.09.2025 10:51:27	17,96	0,82	28,60	38,28	1508,43
149	03.09.2025 10:51:28	17,93	0,85	28,60	38,25	1508,35
150	03.09.2025 10:51:29	17,88	0,86	28,62	38,22	1508,19
151	03.09.2025 10:51:30	17,85	0,88	28,62	38,19	1508,10
152	03.09.2025 10:51:31	17,79	0,95	28,61	38,13	1507,93
153	03.09.2025 10:51:32	17,76	0,98	28,68	38,19	1507,92
154	03.09.2025 10:51:33	17,70	1,00	28,67	38,13	1507,74
155	03.09.2025 10:51:34	17,67	0,98	28,62	38,05	1507,59
156	03.09.2025 10:51:35	17,61	1,01	28,69	38,07	1507,49
157	03.09.2025 10:51:36	17,55	1,01	28,73	38,07	1507,36
158	03.09.2025 10:51:37	17,52	1,01	28,70	38,01	1507,24
159	03.09.2025 10:51:38	17,49	1,02	28,77	38,07	1507,23
160	03.09.2025 10:51:39	17,46	1,00	28,79	38,07	1507,16
161	03.09.2025 10:51:40	17,46	1,02	28,81	38,10	1507,19
162	03.09.2025 10:51:41	17,46	1,00	28,81	38,10	1507,18
163	03.09.2025 10:51:42	17,43	1,00	28,83	38,10	1507,12
164	03.09.2025 10:51:43	17,43	0,98	28,86	38,13	1507,14
165	03.09.2025 10:51:44	17,43	0,98	28,86	38,13	1507,14
166	03.09.2025 10:51:45	17,43	0,97	28,86	38,13	1507,14
167	03.09.2025 10:51:46	17,43	0,97	28,86	38,13	1507,14
168	03.09.2025 10:51:47	17,43	0,97	28,86	38,13	1507,14
169	03.09.2025 10:51:48	17,40	1,00	28,85	38,10	1507,05
170	03.09.2025 10:51:49	17,40	1,00	28,81	38,04	1507,00
171	03.09.2025 10:51:50	17,37	1,02	28,78	37,98	1506,88
172	03.09.2025 10:51:51	17,31	1,03	28,75	37,90	1506,67
173	03.09.2025 10:51:52	17,25	1,05	28,74	37,84	1506,48
174	03.09.2025 10:51:53	17,19	1,06	28,81	37,87	1506,38
175	03.09.2025 10:51:54	17,16	1,10	28,83	37,87	1506,31
176	03.09.2025 10:51:55	17,10	1,09	28,90	37,89	1506,21
177	03.09.2025 10:51:56	17,07	1,09	28,94	37,92	1506,17
178	03.09.2025 10:51:57	17,04	1,11	28,99	37,95	1506,13
179	03.09.2025 10:51:58	17,01	1,11	29,01	37,95	1506,06
180	03.09.2025 10:51:59	16,98	1,12	29,03	37,95	1506,00
181	03.09.2025 10:52:00	16,98	1,12	29,03	37,95	1506,00
182	03.09.2025 10:52:01	16,95	1,12	29,05	37,95	1505,93
183	03.09.2025 10:52:02	16,95	1,14	29,05	37,95	1505,93
184	03.09.2025 10:52:03	16,92	1,14	29,07	37,95	1505,87
185	03.09.2025 10:52:04	16,92	1,14	29,07	37,95	1505,87
186	03.09.2025 10:52:05	16,89	1,12	29,09	37,95	1505,80
187	03.09.2025 10:52:06	16,89	1,12	29,09	37,95	1505,80
188	03.09.2025 10:52:07	16,89	1,13	29,09	37,95	1505,80
189	03.09.2025 10:52:08	16,86	1,15	29,09	37,92	1505,71
190	03.09.2025 10:52:09	16,86	1,13	29,04	37,86	1505,65
191	03.09.2025 10:52:10	16,86	1,15	29,04	37,86	1505,65
192	03.09.2025 10:52:11	16,83	1,13	29,04	37,83	1505,55
193	03.09.2025 10:52:12	16,83	1,13	29,04	37,83	1505,55
194	03.09.2025 10:52:13	16,83	1,15	29,04	37,83	1505,56
195	03.09.2025 10:52:14	16,83	1,17	29,06	37,86	1505,59
196	03.09.2025 10:52:15	16,83	1,15	29,06	37,86	1505,58
197	03.09.2025 10:52:16	16,80	1,15	29,08	37,86	1505,52
198	03.09.2025 10:52:17	16,80	1,15	29,08	37,86	1505,52
199	03.09.2025 10:52:18	16,80	1,15	29,06	37,83	1505,49
200	03.09.2025 10:52:19	16,80	1,15	29,06	37,83	1505,49
201	03.09.2025 10:52:20	16,80	1,15	29,06	37,83	1505,49
202	03.09.2025 10:52:21	16,80	1,17	29,08	37,86	1505,52
203	03.09.2025 10:52:22	16,77	1,15	29,10	37,86	1505,45
204	03.09.2025 10:52:23	16,77	1,16	29,13	37,89	1505,48
205	03.09.2025 10:52:24	16,77	1,18	29,15	37,92	1505,51
206	03.09.2025 10:52:25	16,77	1,18	29,18	37,94	1505,54
207	03.09.2025 10:52:26	16,74	1,18	29,20	37,94	1505,47
208	03.09.2025 10:52:27	16,74	1,20	29,22	37,97	1505,50
209	03.09.2025 10:52:28	16,74	1,22	29,24	38,00	1505,53
210	03.09.2025 10:52:29	16,71	1,21	29,31	38,06	1505,52
211	03.09.2025 10:52:30	16,71	1,23	29,31	38,06	1505,52
212	03.09.2025 10:52:31	16,68	1,23	29,34	38,06	1505,46
213	03.09.2025 10:52:32	16,68	1,25	29,36	38,08	1505,49
214	03.09.2025 10:52:33	16,65	1,27	29,38	38,08	1505,42
215	03.09.2025 10:52:34	16,62	1,26	29,40	38,08	1505,35
216	03.09.2025 10:52:35	16,62	1,28	29,40	38,08	1505,36
217	03.09.2025 10:52:36	16,59	1,30	29,45	38,11	1505,32
218	03.09.2025 10:52:37	16,59	1,30	29,50	38,17	1505,38
219	03.09.2025 10:52:38	16,59	1,32	29,50	38,17	1505,38
220	03.09.2025 10:52:39	16,56	1,33	29,52	38,17	1505,32
221	03.09.2025 10:52:40	16,56	1,35	29,54	38,19	1505,35
222	03.09.2025 10:52:41	16,56	1,37	29,57	38,22	1505,38
223	03.09.2025 10:52:42	16,53	1,38	29,61	38,25	1505,34
224	03.09.2025 10:52:43	16,53	1,38	29,59	38,22	1505,31
225	03.09.2025 10:52:44	16,50	1,40	29,59	38,19	1505,22
226	03.09.2025 10:52:45	16,50	1,40	29,59	38,19	1505,22
227	03.09.2025 10:52:46	16,47	1,43	29,68	38,28	1505,24
228	03.09.2025 10:52:47	16,47	1,45	29,70	38,30	1505,27
229	03.09.2025 10:52:48	16,44	1,47	29,73	38,30	1505,21
230	03.09.2025 10:52:49	16,44	1,49	29,70	38,28	1505,18
231	03.09.2025 10:52:50	16,44	1,50	29,73	38,30	1505,21
232	03.09.2025 10:52:51	16,44	1,52	29,73	38,30	1505,22
233	03.09.2025 10:52:52	16,44	1,54	29,73	38,30	1505,22
234	03.09.2025 10:52:53	16,41	1,54	29,75	38,30	1505,15
235	03.09.2025 10:52:54	16,41	1,56	29,70	38,25	1505,10
236	03.09.2025 10:52:55	16,38	1,57	29,65	38,16	1504,95
237	03.09.2025 10:52:56	16,35	1,59	29,55	38,02	1504,74
238	03.09.2025 10:52:57	16,29	1,60	29,57	37,99	1504,58
239	03.09.2025 10:52:58	16,26	1,64	29,59	37,99	1504,52
240	03.09.2025 10:52:59	16,23	1,66	29,59	37,96	1504,42
241	03.09.2025 10:53:00	16,20	1,67	29,61	37,96	1504,36
242	03.09.2025 10:53:01	16,17	1,69	29,56	37,88	1504,20
243	03.09.2025 10:53:02	16,11	1,68	29,45	37,71	1503,89
244	03.09.2025 10:53:03	16,05	1,72	29,35	37,54	1503,59
245	03.09.2025 10:53:04	15,96	1,73	29,22	37,31	1503,16
246	03.09.2025 10:53:05	15,86	1,76	29,14	37,14	1502,78
247	03.09.2025 10:53:06	15,74	1,77	29,08	36,97	1502,33
248	03.09.2025 10:53:07	15,62	1,82	29,09	36,88	1501,97
249	03.09.2025 10:53:08	15,53	1,83	29,06	36,77	1501,64
250	03.09.2025 10:53:09	15,44	1,85	28,88	36,49	1501,14
251	03.09.2025 10:53:10	15,32	1,84	28,50	35,95	1500,30
252	03.09.2025 10:53:11	15,14	1,87	28,11	35,36	1499,26
253	03.09.2025 10:53:12	14,89	1,89	27,88	34,91	1498,20
254	03.09.2025 10:53:13	14,58	1,93	27,80	34,57	1497,11
255	03.09.2025 10:53:14	14,31	1,97	27,84	34,39	1496,26
256	03.09.2025 10:53:15	14,06	2,03	27,86	34,22	1495,48
257	03.09.2025 10:53:16	13,88	2,05	27,84	34,05	1494,84
258	03.09.2025 10:53:17	13,69	2,08	27,87	33,93	1494,26
259	03.09.2025 10:53:18	13,50	2,09	27,69	33,59	1493,43
260	03.09.2025 10:53:19	13,32	2,12	27,54	33,28	1492,62
261	03.09.2025 10:53:20	13,10	2,12	27,62	33,19	1491,98
262	03.09.2025 10:53:21	12,91	2,15	27,55	32,96	1491,25
263	03.09.2025 10:53:22	12,72	2,19	27,78	33,07	1490,90
264	03.09.2025 10:53:23	12,57	2,22	28,00	33,18	1490,63
265	03.09.2025 10:53:24	12,41	2,25	28,25	33,32	1490,39
266	03.09.2025 10:53:25	12,32	2,23	27,76	32,73	1489,48
267	03.09.2025 10:53:26	12,13	2,22	27,27	32,05	1488,21
268	03.09.2025 10:53:27	11,81	2,22	26,86	31,37	1486,60
269	03.09.2025 10:53:28	11,43	2,27	26,78	31,00	1485,16
270	03.09.2025 10:53:29	11,04	2,38	26,86	30,80	1483,91
271	03.09.2025 10:53:30	10,69	2,40	26,70	30,36	1482,44
272	03.09.2025 10:53:31	10,40	2,40	26,39	29,83	1481,00
273	03.09.2025 10:53:32	10,01	2,45	26,31	29,45	1479,47
274	03.09.2025 10:53:33	9,65	2,53	26,37	29,25	1478,22
275	03.09.2025 10:53:34	9,32	2,56	26,43	29,07	1477,08
276	03.09.2025 10:53:35	9,02	2,60	26,54	28,96	1476,09
277	03.09.2025 10:53:36	8,75	2,65	26,62	28,84	1475,19
278	03.09.2025 10:53:37	8,52	2,67	26,62	28,67	1474,30
279	03.09.2025 10:53:38	8,28	2,69	26,67	28,55	1473,47
280	03.09.2025 10:53:39	8,05	2,74	26,82	28,52	1472,76
281	03.09.2025 10:53:40	7,85	2,78	26,94	28,48	1472,13
282	03.09.2025 10:53:41	7,68	2,83	27,04	28,45	1471,60
283	03.09.2025 10:53:42	7,51	2,84	27,11	28,39	1471,02
284	03.09.2025 10:53:43	7,33	2,88	27,18	28,34	1470,45
285	03.09.2025 10:53:44	7,20	2,87	27,20	28,25	1469,93
286	03.09.2025 10:53:45	7,06	2,90	27,21	28,16	1469,41
287	03.09.2025 10:53:46	6,89	2,93	27,19	28,02	1468,71
288	03.09.2025 10:53:47	6,71	2,96	27,24	27,93	1468,08
289	03.09.2025 10:53:48	6,54	3,00	27,37	27,92	1467,56
290	03.09.2025 10:53:49	6,40	3,02	27,48	27,92	1467,15
291	03.09.2025 10:53:50	6,26	3,04	27,53	27,86	1466,65
292	03.09.2025 10:53:51	6,12	3,04	27,58	27,81	1466,15
293	03.09.2025 10:53:52	6,02	3,09	27,63	27,77	1465,79
294	03.09.2025 10:53:53	5,88	3,11	27,71	27,74	1465,33
295	03.09.2025 10:53:54	5,73	3,13	27,76	27,68	1464,82
296	03.09.2025 10:53:55	5,63	3,14	27,82	27,66	1464,46
297	03.09.2025 10:53:56	5,52	3,19	27,90	27,65	1464,14
298	03.09.2025 10:53:57	5,42	3,22	27,99	27,65	1463,82
299	03.09.2025 10:53:58	5,31	3,21	28,11	27,68	1463,53
300	03.09.2025 10:53:59	5,20	3,24	28,20	27,68	1463,21
301	03.09.2025 10:54:00	5,13	3,29	28,28	27,70	1463,04
302	03.09.2025 10:54:01	5,06	3,33	28,41	27,76	1462,91
303	03.09.2025 10:54:02	4,99	3,34	28,53	27,81	1462,77
304	03.09.2025 10:54:03	4,95	3,36	28,56	27,81	1462,66
305	03.09.2025 10:54:04	4,88	3,35	28,59	27,78	1462,40
306	03.09.2025 10:54:05	4,81	3,35	28,59	27,72	1462,09
307	03.09.2025 10:54:06	4,74	3,38	28,65	27,72	1461,88
308	03.09.2025 10:54:07	4,63	3,39	28,71	27,69	1461,50
309	03.09.2025 10:54:08	4,55	3,41	28,67	27,61	1461,16
310	03.09.2025 10:54:09	4,48	3,40	28,60	27,49	1460,76
311	03.09.2025 10:54:10	4,37	3,43	28,53	27,35	1460,22
312	03.09.2025 10:54:11	4,26	3,43	28,53	27,26	1459,75
313	03.09.2025 10:54:12	4,12	3,47	28,59	27,20	1459,22
314	03.09.2025 10:54:13	4,01	3,49	28,75	27,26	1458,96
315	03.09.2025 10:54:14	3,90	3,52	28,87	27,28	1458,66
316	03.09.2025 10:54:15	3,82	3,53	28,84	27,20	1458,31
317	03.09.2025 10:54:16	3,75	3,55	28,87	27,17	1458,03
318	03.09.2025 10:54:17	3,68	3,56	28,90	27,14	1457,76
319	03.09.2025 10:54:18	3,60	3,59	28,96	27,14	1457,53
320	03.09.2025 10:54:19	3,49	3,62	28,99	27,08	1457,10
321	03.09.2025 10:54:20	3,45	3,62	28,99	27,05	1456,94
322	03.09.2025 10:54:21	3,34	3,69	29,16	27,11	1456,69
323	03.09.2025 10:54:22	3,31	3,70	29,35	27,25	1456,79
324	03.09.2025 10:54:23	3,27	3,72	29,39	27,24	1456,67
325	03.09.2025 10:54:24	3,23	3,73	29,42	27,24	1456,56
326	03.09.2025 10:54:25	3,19	3,77	29,49	27,27	1456,49
327	03.09.2025 10:54:26	3,16	3,78	29,49	27,24	1456,33
328	03.09.2025 10:54:27	3,12	3,80	29,52	27,24	1456,22
329	03.09.2025 10:54:28	3,04	3,81	29,59	27,24	1455,98
330	03.09.2025 10:54:29	3,01	3,85	29,65	27,27	1455,91
331	03.09.2025 10:54:30	2,97	3,86	29,65	27,24	1455,75
332	03.09.2025 10:54:31	2,93	3,90	29,65	27,21	1455,60
333	03.09.2025 10:54:32	2,89	3,91	29,69	27,21	1455,48
334	03.09.2025 10:54:33	2,86	3,95	29,72	27,21	1455,36
335	03.09.2025 10:54:34	2,78	3,96	29,75	27,18	1455,08
336	03.09.2025 10:54:35	2,74	3,99	29,79	27,18	1454,97
337	03.09.2025 10:54:36	2,71	4,01	29,82	27,18	1454,85
338	03.09.2025 10:54:37	2,67	4,04	29,82	27,15	1454,69
339	03.09.2025 10:54:38	2,63	4,08	29,86	27,15	1454,58
340	03.09.2025 10:54:39	2,59	4,09	29,89	27,15	1454,46
341	03.09.2025 10:54:40	2,55	4,13	29,93	27,15	1454,34
342	03.09.2025 10:54:41	2,52	4,14	29,93	27,12	1454,18
343	03.09.2025 10:54:42	2,48	4,18	29,96	27,12	1454,07
344	03.09.2025 10:54:43	2,44	4,21	30,00	27,12	1453,95
345	03.09.2025 10:54:44	2,40	4,23	30,00	27,09	1453,79
346	03.09.2025 10:54:45	2,36	4,26	30,03	27,09	1453,67
347	03.09.2025 10:54:46	2,33	4,29	30,03	27,06	1453,51
348	03.09.2025 10:54:47	2,29	4,33	30,07	27,06	1453,39
349	03.09.2025 10:54:48	2,25	4,34	30,07	27,03	1453,23
350	03.09.2025 10:54:49	2,21	4,39	30,07	27,00	1453,07
351	03.09.2025 10:54:50	2,17	4,41	30,10	27,00	1452,95
352	03.09.2025 10:54:51	2,13	4,44	30,10	26,97	1452,79
353	03.09.2025 10:54:52	2,10	4,48	30,14	26,97	1452,67
354	03.09.2025 10:54:53	2,06	4,49	30,14	26,94	1452,50
355	03.09.2025 10:54:54	2,02	4,53	30,17	26,94	1452,39
356	03.09.2025 10:54:55	1,98	4,56	30,21	26,94	1452,27
357	03.09.2025 10:54:56	1,94	4,59	30,25	26,94	1452,15
358	03.09.2025 10:54:57	1,90	4,61	30,28	26,94	1452,03
359	03.09.2025 10:54:58	1,90	4,65	30,28	26,94	1452,03
360	03.09.2025 10:54:59	1,87	4,68	30,32	26,94	1451,92
361	03.09.2025 10:55:00	1,83	4,69	30,35	26,94	1451,80
362	03.09.2025 10:55:01	1,83	4,73	30,35	26,94	1451,80
363	03.09.2025 10:55:02	1,79	4,76	30,39	26,93	1451,68
364	03.09.2025 10:55:03	1,75	4,80	30,43	26,93	1451,56
365	03.09.2025 10:55:04	1,75	4,82	30,42	26,93	1451,57
366	03.09.2025 10:55:05	1,71	4,83	30,46	26,93	1451,45
367	03.09.2025 10:55:06	1,71	4,87	30,46	26,93	1451,45
368	03.09.2025 10:55:07	1,67	4,88	30,50	26,93	1451,33
369	03.09.2025 10:55:08	1,67	4,90	30,50	26,93	1451,33
370	03.09.2025 10:55:09	1,63	4,93	30,53	26,93	1451,21
371	03.09.2025 10:55:10	1,63	4,95	30,53	26,93	1451,22
372	03.09.2025 10:55:11	1,60	4,95	30,57	26,93	1451,09
373	03.09.2025 10:55:12	1,60	4,97	30,57	26,93	1451,09
374	03.09.2025 10:55:13	1,56	4,98	30,57	26,90	1450,92
375	03.09.2025 10:55:14	1,56	5,00	30,61	26,93	1450,97
376	03.09.2025 10:55:15	1,52	5,02	30,64	26,93	1450,85
377	03.09.2025 10:55:16	1,52	5,04	30,61	26,90	1450,81
378	03.09.2025 10:55:17	1,48	5,03	30,68	26,93	1450,73
379	03.09.2025 10:55:18	1,48	5,03	30,68	26,93	1450,73
380	03.09.2025 10:55:19	1,48	5,05	30,68	26,93	1450,73
381	03.09.2025 10:55:20	1,44	5,07	30,68	26,90	1450,56
382	03.09.2025 10:55:21	1,44	5,05	30,68	26,90	1450,56
383	03.09.2025 10:55:22	1,44	5,05	30,68	26,90	1450,56
384	03.09.2025 10:55:23	1,44	5,07	30,72	26,93	1450,61
385	03.09.2025 10:55:24	1,40	5,06	30,76	26,93	1450,48
386	03.09.2025 10:55:25	1,40	5,06	30,72	26,90	1450,44
387	03.09.2025 10:55:26	1,40	5,08	30,76	26,93	1450,49
388	03.09.2025 10:55:27	1,36	5,08	30,79	26,93	1450,36
389	03.09.2025 10:55:28	1,36	5,10	30,76	26,90	1450,32
390	03.09.2025 10:55:29	1,36	5,10	30,76	26,90	1450,32
391	03.09.2025 10:55:30	1,36	5,10	30,79	26,93	1450,36
392	03.09.2025 10:55:31	1,32	5,10	30,83	26,93	1450,24
393	03.09.2025 10:55:32	1,32	5,10	30,79	26,90	1450,19
394	03.09.2025 10:55:33	1,32	5,11	30,79	26,90	1450,19
395	03.09.2025 10:55:34	1,32	5,11	30,83	26,93	1450,24
396	03.09.2025 10:55:35	1,28	5,11	30,87	26,93	1450,11
397	03.09.2025 10:55:36	1,28	5,11	30,87	26,93	1450,11
398	03.09.2025 10:55:37	1,28	5,11	30,87	26,93	1450,11
399	03.09.2025 10:55:38	1,28	5,13	30,87	26,93	1450,12
400	03.09.2025 10:55:39	1,25	5,13	30,91	26,93	1449,99
401	03.09.2025 10:55:40	1,25	5,13	30,90	26,92	1449,99
402	03.09.2025 10:55:41	1,25	5,13	30,90	26,92	1449,99
403	03.09.2025 10:55:42	1,25	5,13	30,90	26,92	1449,99
404	03.09.2025 10:55:43	1,25	5,13	30,90	26,92	1449,99
405	03.09.2025 10:55:44	1,25	5,14	30,90	26,92	1449,99
406	03.09.2025 10:55:45	1,25	5,14	30,90	26,92	1449,99
407	03.09.2025 10:55:46	1,21	5,14	30,94	26,92	1449,87
408	03.09.2025 10:55:47	1,21	5,14	30,94	26,92	1449,87
409	03.09.2025 10:55:48	1,21	5,16	30,94	26,92	1449,87
410	03.09.2025 10:55:49	1,21	5,16	30,94	26,92	1449,87
411	03.09.2025 10:55:50	1,21	5,18	30,94	26,92	1449,87
412	03.09.2025 10:55:51	1,17	5,16	30,98	26,92	1449,74
413	03.09.2025 10:55:52	1,17	5,18	30,98	26,92	1449,75
414	03.09.2025 10:55:53	1,17	5,18	30,98	26,92	1449,75
415	03.09.2025 10:55:54	1,17	5,18	30,98	26,92	1449,75
416	03.09.2025 10:55:55	1,17	5,18	30,98	26,92	1449,75
417	03.09.2025 10:55:56	1,17	5,18	30,98	26,92	1449,75
418	03.09.2025 10:55:57	1,17	5,16	30,98	26,92	1449,74
419	03.09.2025 10:55:58	1,17	5,16	30,98	26,92	1449,74
420	03.09.2025 10:55:59	1,17	5,18	30,98	26,92	1449,75
421	03.09.2025 10:56:00	1,13	5,21	31,02	26,92	1449,62
422	03.09.2025 10:56:01	1,13	5,25	31,02	26,92	1449,63
423	03.09.2025 10:56:02	1,13	5,26	31,02	26,92	1449,63
424	03.09.2025 10:56:03	1,13	5,30	31,02	26,92	1449,64
425	03.09.2025 10:56:04	1,13	5,28	31,02	26,92	1449,64
426	03.09.2025 10:56:05	1,13	5,30	31,02	26,92	1449,64
427	03.09.2025 10:56:06	1,13	5,30	31,02	26,92	1449,64
428	03.09.2025 10:56:07	1,13	5,32	31,02	26,92	1449,64
429	03.09.2025 10:56:08	1,13	5,32	31,02	26,92	1449,64
430	03.09.2025 10:56:09	1,13	5,30	31,02	26,92	1449,64
431	03.09.2025 10:56:10	1,13	5,28	31,02	26,92	1449,64
432	03.09.2025 10:56:11	1,13	5,28	31,02	26,92	1449,64
433	03.09.2025 10:56:12	1,09	5,28	31,06	26,92	1449,51
434	03.09.2025 10:56:13	1,09	5,28	31,06	26,92	1449,51
435	03.09.2025 10:56:14	1,09	5,28	31,06	26,92	1449,51
436	03.09.2025 10:56:15	1,09	5,28	31,06	26,92	1449,51
437	03.09.2025 10:56:16	1,09	5,28	31,06	26,92	1449,51
438	03.09.2025 10:56:17	1,09	5,26	31,06	26,92	1449,51
439	03.09.2025 10:56:18	1,09	5,24	31,06	26,92	1449,50
440	03.09.2025 10:56:19	1,09	5,26	31,06	26,92	1449,51
441	03.09.2025 10:56:20	1,09	5,24	31,06	26,92	1449,50
442	03.09.2025 10:56:21	1,09	5,24	31,06	26,92	1449,50
443	03.09.2025 10:56:22	1,09	5,24	31,09	26,95	1449,55
444	03.09.2025 10:56:23	1,09	5,24	31,06	26,92	1449,50
445	03.09.2025 10:56:24	1,09	5,21	31,06	26,92	1449,50
446	03.09.2025 10:56:25	1,09	5,19	31,06	26,92	1449,50
447	03.09.2025 10:56:26	1,09	5,19	31,06	26,92	1449,50
448	03.09.2025 10:56:27	1,09	5,21	31,06	26,92	1449,50
449	03.09.2025 10:56:28	1,09	5,21	31,06	26,92	1449,50
450	03.09.2025 10:56:29	1,09	5,23	31,06	26,92	1449,50
451	03.09.2025 10:56:30	1,09	5,23	31,06	26,92	1449,50
452	03.09.2025 10:56:31	1,09	5,26	31,06	26,92	1449,51
453	03.09.2025 10:56:32	1,09	5,24	31,06	26,92	1449,50
454	03.09.2025 10:56:33	1,09	5,26	31,06	26,92	1449,51
455	03.09.2025 10:56:34	1,09	5,26	31,06	26,92	1449,51
456	03.09.2025 10:56:35	1,05	5,22	31,10	26,92	1449,37
457	03.09.2025 10:56:36	1,05	5,19	31,09	26,92	1449,37
458	03.09.2025 10:56:37	1,05	5,19	31,09	26,92	1449,37
459	03.09.2025 10:56:38	1,05	5,17	31,09	26,92	1449,37
460	03.09.2025 10:56:39	1,05	5,15	31,09	26,92	1449,36
461	03.09.2025 10:56:40	1,05	5,15	31,09	26,92	1449,36
462	03.09.2025 10:56:41	1,05	5,15	31,09	26,92	1449,36
463	03.09.2025 10:56:42	1,05	5,15	31,09	26,92	1449,36
464	03.09.2025 10:56:43	1,05	5,15	31,06	26,89	1449,31
465	03.09.2025 10:56:44	1,05	5,17	31,09	26,92	1449,37
466	03.09.2025 10:56:45	1,05	5,15	31,09	26,92	1449,36
467	03.09.2025 10:56:46	1,05	5,15	31,09	26,92	1449,36
468	03.09.2025 10:56:47	1,05	5,12	31,10	26,92	1449,36
469	03.09.2025 10:56:48	1,05	5,12	31,10	26,92	1449,36
470	03.09.2025 10:56:49	1,05	5,12	31,10	26,92	1449,36
471	03.09.2025 10:56:50	1,05	5,12	31,10	26,92	1449,36
472	03.09.2025 10:56:51	1,01	5,11	31,13	26,92	1449,23
473	03.09.2025 10:56:52	1,05	5,12	31,10	26,92	1449,36
474	03.09.2025 10:56:53	1,01	5,11	31,13	26,92	1449,23
475	03.09.2025 10:56:54	1,01	5,11	31,13	26,92	1449,23
476	03.09.2025 10:56:55	1,01	5,10	31,13	26,92	1449,23
477	03.09.2025 10:56:56	1,01	5,11	31,13	26,92	1449,23
478	03.09.2025 10:56:57	1,01	5,11	31,13	26,92	1449,23
479	03.09.2025 10:56:58	1,01	5,11	31,13	26,92	1449,23
480	03.09.2025 10:56:59	1,01	5,10	31,13	26,92	1449,23
481	03.09.2025 10:57:00	1,01	5,11	31,13	26,92	1449,23
482	03.09.2025 10:57:01	1,01	5,11	31,13	26,92	1449,23
483	03.09.2025 10:57:02	1,01	5,10	31,13	26,92	1449,23
484	03.09.2025 10:57:03	1,01	5,10	31,13	26,92	1449,23
485	03.09.2025 10:57:04	1,01	5,08	31,13	26,92	1449,22
486	03.09.2025 10:57:05	1,01	5,08	31,13	26,92	1449,22
487	03.09.2025 10:57:06	1,01	5,08	31,13	26,92	1449,22
488	03.09.2025 10:57:07	1,01	5,06	31,13	26,92	1449,22
489	03.09.2025 10:57:08	1,01	5,08	31,13	26,92	1449,22
490	03.09.2025 10:57:09	1,01	5,06	31,13	26,92	1449,22
491	03.09.2025 10:57:10	1,01	5,04	31,13	26,92	1449,22
492	03.09.2025 10:57:11	1,01	5,04	31,13	26,92	1449,22
493	03.09.2025 10:57:12	1,01	5,04	31,13	26,92	1449,22
494	03.09.2025 10:57:13	1,01	5,02	31,13	26,92	1449,22
495	03.09.2025 10:57:14	1,01	5,02	31,13	26,92	1449,22
496	03.09.2025 10:57:15	1,01	5,04	31,13	26,92	1449,22
497	03.09.2025 10:57:16	1,01	5,02	31,17	26,95	1449,26
498	03.09.2025 10:57:17	1,01	5,01	31,13	26,92	1449,21
499	03.09.2025 10:57:18	1,01	5,01	31,13	26,92	1449,21
500	03.09.2025 10:57:19	1,01	5,01	31,13	26,92	1449,21
501	03.09.2025 10:57:20	1,01	5,01	31,13	26,92	1449,21
502	03.09.2025 10:57:21	1,01	4,99	31,13	26,92	1449,21
503	03.09.2025 10:57:22	1,01	4,99	31,13	26,92	1449,21
504	03.09.2025 10:57:23	1,01	4,97	31,13	26,92	1449,21
505	03.09.2025 10:57:24	1,01	4,99	31,17	26,95	1449,26
506	03.09.2025 10:57:25	1,01	4,97	31,17	26,95	1449,26
507	03.09.2025 10:57:26	1,01	4,95	31,13	26,92	1449,20
508	03.09.2025 10:57:27	1,01	4,95	31,17	26,95	1449,25
509	03.09.2025 10:57:28	1,01	4,92	31,17	26,95	1449,25
510	03.09.2025 10:57:29	1,05	4,92	31,13	26,95	1449,37
511	03.09.2025 10:57:30	1,05	4,88	31,13	26,95	1449,37
512	03.09.2025 10:57:31	1,05	4,86	31,13	26,95	1449,37
513	03.09.2025 10:57:32	1,01	4,86	31,17	26,95	1449,24
514	03.09.2025 10:57:33	1,05	4,85	31,13	26,95	1449,36
515	03.09.2025 10:57:34	1,05	4,83	31,13	26,95	1449,36
516	03.09.2025 10:57:35	1,05	4,79	31,13	26,95	1449,35
517	03.09.2025 10:57:36	1,05	4,81	31,13	26,95	1449,36
518	03.09.2025 10:57:37	1,05	4,76	31,13	26,95	1449,35
519	03.09.2025 10:57:38	1,05	4,76	31,13	26,95	1449,35
520	03.09.2025 10:57:39	1,05	4,74	31,13	26,95	1449,35
521	03.09.2025 10:57:40	1,05	4,70	31,13	26,95	1449,34
522	03.09.2025 10:57:41	1,05	4,69	31,13	26,95	1449,34
523	03.09.2025 10:57:42	1,05	4,69	31,13	26,95	1449,34
524	03.09.2025 10:57:43	1,05	4,65	31,13	26,95	1449,33
525	03.09.2025 10:57:44	1,05	4,61	31,13	26,95	1449,33
526	03.09.2025 10:57:45	1,05	4,60	31,13	26,95	1449,32
527	03.09.2025 10:57:46	1,05	4,58	31,13	26,95	1449,32
528	03.09.2025 10:57:47	1,05	4,58	31,17	26,98	1449,37
529	03.09.2025 10:57:48	1,05	4,54	31,17	26,98	1449,36
530	03.09.2025 10:57:49	1,05	4,52	31,21	27,01	1449,41
531	03.09.2025 10:57:50	1,09	4,49	31,17	27,01	1449,53
532	03.09.2025 10:57:51	1,09	4,47	31,17	27,01	1449,53
533	03.09.2025 10:57:52	1,09	4,46	31,17	27,01	1449,52
534	03.09.2025 10:57:53	1,09	4,42	31,20	27,03	1449,57
535	03.09.2025 10:57:54	1,09	4,40	31,24	27,06	1449,61
536	03.09.2025 10:57:55	1,13	4,37	31,24	27,09	1449,78
537	03.09.2025 10:57:56	1,13	4,35	31,24	27,09	1449,78
538	03.09.2025 10:57:57	1,17	4,32	31,20	27,09	1449,90
539	03.09.2025 10:57:58	1,17	4,30	31,20	27,09	1449,89
540	03.09.2025 10:57:59	1,21	4,28	31,20	27,12	1450,06
541	03.09.2025 10:58:00	1,21	4,25	31,20	27,12	1450,06
542	03.09.2025 10:58:01	1,21	4,21	31,23	27,15	1450,10
543	03.09.2025 10:58:02	1,25	4,20	31,20	27,15	1450,22
544	03.09.2025 10:58:03	1,25	4,18	31,23	27,18	1450,27
545	03.09.2025 10:58:04	1,25	4,14	31,23	27,18	1450,26
546	03.09.2025 10:58:05	1,28	4,11	31,19	27,18	1450,38
547	03.09.2025 10:58:06	1,28	4,07	31,23	27,21	1450,43
548	03.09.2025 10:58:07	1,32	4,06	31,19	27,21	1450,55
549	03.09.2025 10:58:08	1,32	4,04	31,19	27,21	1450,55
550	03.09.2025 10:58:09	1,32	3,99	31,19	27,21	1450,54
551	03.09.2025 10:58:10	1,32	3,97	31,23	27,24	1450,58
552	03.09.2025 10:58:11	1,36	3,97	31,19	27,24	1450,71
553	03.09.2025 10:58:12	1,36	3,92	31,22	27,27	1450,75
554	03.09.2025 10:58:13	1,40	3,88	31,22	27,29	1450,91
555	03.09.2025 10:58:14	1,40	3,87	31,22	27,29	1450,91
556	03.09.2025 10:58:15	1,40	3,83	31,29	27,35	1451,00
557	03.09.2025 10:58:16	1,44	3,78	31,29	27,38	1451,16
558	03.09.2025 10:58:17	1,44	3,74	31,29	27,38	1451,15
559	03.09.2025 10:58:18	1,48	3,71	31,25	27,38	1451,27
560	03.09.2025 10:58:19	1,52	3,66	31,11	27,30	1451,25
561	03.09.2025 10:58:20	1,52	3,64	31,00	27,21	1451,11
562	03.09.2025 10:58:21	1,48	3,60	31,01	27,18	1450,93
563	03.09.2025 10:58:22	1,48	3,57	30,97	27,15	1450,88
564	03.09.2025 10:58:23	1,44	3,53	31,01	27,15	1450,75
565	03.09.2025 10:58:24	1,44	3,51	31,12	27,24	1450,88
566	03.09.2025 10:58:25	1,48	3,49	31,18	27,32	1451,15
567	03.09.2025 10:58:26	1,52	3,44	31,11	27,30	1451,22
568	03.09.2025 10:58:27	1,56	3,39	30,86	27,13	1451,05
569	03.09.2025 10:58:28	1,52	3,35	30,90	27,13	1450,92
570	03.09.2025 10:58:29	1,52	3,32	30,94	27,16	1450,96
571	03.09.2025 10:58:30	1,56	3,30	31,04	27,27	1451,27
572	03.09.2025 10:58:31	1,56	3,28	31,43	27,58	1451,78
573	03.09.2025 10:58:32	1,67	3,24	31,60	27,81	1452,52
574	03.09.2025 10:58:33	1,79	3,19	31,45	27,78	1452,83
575	03.09.2025 10:58:34	1,90	3,11	31,37	27,81	1453,23
576	03.09.2025 10:58:35	1,98	3,07	31,33	27,84	1453,51
577	03.09.2025 10:58:36	2,02	3,06	31,33	27,87	1453,67
578	03.09.2025 10:58:37	2,10	3,01	31,29	27,90	1453,95
579	03.09.2025 10:58:38	2,13	2,94	31,26	27,90	1454,06
580	03.09.2025 10:58:39	2,17	2,91	31,25	27,93	1454,22
581	03.09.2025 10:58:40	2,21	2,87	31,25	27,96	1454,38
582	03.09.2025 10:58:41	2,25	2,82	31,32	28,04	1454,63
583	03.09.2025 10:58:42	2,33	2,79	31,28	28,07	1454,91
584	03.09.2025 10:58:43	2,36	2,76	31,18	28,02	1454,93
585	03.09.2025 10:58:44	2,40	2,70	31,17	28,04	1455,09
586	03.09.2025 10:58:45	2,48	2,67	31,17	28,10	1455,41
587	03.09.2025 10:58:46	2,52	2,62	31,27	28,22	1455,70
588	03.09.2025 10:58:47	2,59	2,59	31,40	28,39	1456,20
589	03.09.2025 10:58:48	2,67	2,56	31,54	28,56	1456,70
590	03.09.2025 10:58:49	2,78	2,49	31,46	28,58	1457,09
591	03.09.2025 10:58:50	2,89	2,44	31,46	28,67	1457,56
592	03.09.2025 10:58:51	2,97	2,39	31,62	28,87	1458,10
593	03.09.2025 10:58:52	3,12	2,38	32,02	29,32	1459,26
594	03.09.2025 10:58:53	3,31	2,32	32,08	29,52	1460,12
595	03.09.2025 10:58:54	3,49	2,28	32,03	29,64	1460,85
596	03.09.2025 10:58:55	3,64	2,21	32,22	29,92	1461,72
597	03.09.2025 10:58:56	3,82	2,24	32,81	30,57	1463,27
598	03.09.2025 10:58:57	4,08	2,22	33,15	31,08	1464,79
599	03.09.2025 10:58:58	4,41	2,16	33,13	31,34	1466,12
600	03.09.2025 10:58:59	4,74	2,13	33,72	32,12	1468,22
601	03.09.2025 10:59:00	5,09	2,11	34,11	32,78	1470,20
602	03.09.2025 10:59:01	5,52	2,04	34,06	33,12	1471,86
603	03.09.2025 10:59:02	5,95	1,97	33,27	32,80	1472,55
604	03.09.2025 10:59:03	6,19	1,95	33,04	32,80	1473,22
605	03.09.2025 10:59:04	6,40	1,92	32,81	32,78	1473,76
606	03.09.2025 10:59:05	6,58	1,88	32,58	32,72	1474,15
607	03.09.2025 10:59:06	6,71	1,87	32,46	32,73	1474,54
608	03.09.2025 10:59:07	6,82	1,85	32,36	32,73	1474,82
609	03.09.2025 10:59:08	6,96	1,86	32,36	32,84	1475,36
610	03.09.2025 10:59:09	7,06	1,85	32,66	33,21	1476,14
611	03.09.2025 10:59:10	7,27	1,86	32,80	33,52	1477,13
612	03.09.2025 10:59:11	7,47	1,81	33,04	33,92	1478,21
613	03.09.2025 10:59:12	7,74	1,83	33,12	34,23	1479,36
614	03.09.2025 10:59:13	7,98	1,77	33,01	34,35	1480,13
615	03.09.2025 10:59:14	8,22	1,74	32,89	34,44	1480,86
616	03.09.2025 10:59:15	8,42	1,72	32,82	34,55	1481,54
617	03.09.2025 10:59:16	8,59	1,71	32,67	34,56	1481,98
618	03.09.2025 10:59:17	8,75	1,66	32,58	34,62	1482,48
619	03.09.2025 10:59:18	8,89	1,67	32,52	34,68	1482,91
620	03.09.2025 10:59:19	9,02	1,67	32,49	34,76	1483,36
621	03.09.2025 10:59:20	9,15	1,66	32,60	34,99	1483,99
622	03.09.2025 10:59:21	9,28	1,65	32,71	35,21	1484,62
623	03.09.2025 10:59:22	9,45	1,68	33,17	35,81	1485,80
624	03.09.2025 10:59:23	9,74	1,67	33,19	36,09	1486,91
625	03.09.2025 10:59:24	10,01	1,65	33,38	36,52	1488,09
626	03.09.2025 10:59:25	10,30	1,63	33,54	36,94	1489,34
627	03.09.2025 10:59:26	10,62	1,59	33,65	37,34	1490,62
628	03.09.2025 10:59:27	10,95	1,55	33,55	37,54	1491,64
629	03.09.2025 10:59:28	11,23	1,53	33,49	37,75	1492,58
630	03.09.2025 10:59:29	11,49	1,49	33,43	37,92	1493,39
631	03.09.2025 10:59:30	11,71	1,43	33,37	38,07	1494,09
632	03.09.2025 10:59:31	11,97	1,40	33,28	38,21	1494,85
633	03.09.2025 10:59:32	12,16	1,38	33,15	38,24	1495,33
634	03.09.2025 10:59:33	12,35	1,32	33,01	38,27	1495,81
635	03.09.2025 10:59:34	12,50	1,29	32,90	38,31	1496,21
636	03.09.2025 10:59:35	12,63	1,28	32,82	38,34	1496,53
637	03.09.2025 10:59:36	12,79	1,27	32,72	38,37	1496,93
638	03.09.2025 10:59:37	12,91	1,22	32,64	38,40	1497,25
639	03.09.2025 10:59:38	13,04	1,22	32,56	38,43	1497,58
640	03.09.2025 10:59:39	13,13	1,18	32,48	38,43	1497,79
641	03.09.2025 10:59:40	13,26	1,16	32,38	38,44	1498,08
642	03.09.2025 10:59:41	13,38	1,13	32,30	38,47	1498,40
643	03.09.2025 10:59:42	13,47	1,10	32,20	38,44	1498,58
644	03.09.2025 10:59:43	13,60	1,09	32,04	38,39	1498,80
645	03.09.2025 10:59:44	13,69	1,08	31,97	38,39	1499,02
646	03.09.2025 10:59:45	13,78	1,08	31,87	38,36	1499,20
647	03.09.2025 10:59:46	13,88	1,05	31,77	38,34	1499,38
648	03.09.2025 10:59:47	13,97	1,06	31,66	38,31	1499,57
649	03.09.2025 10:59:48	14,06	1,02	31,54	38,26	1499,72
650	03.09.2025 10:59:49	14,15	1,03	31,28	38,06	1499,72
651	03.09.2025 10:59:50	14,25	1,03	31,16	38,01	1499,87
652	03.09.2025 10:59:51	14,34	1,00	31,09	38,01	1500,08
653	03.09.2025 10:59:52	14,43	1,01	31,04	38,04	1500,33
654	03.09.2025 10:59:53	14,52	0,99	30,97	38,04	1500,54
655	03.09.2025 10:59:54	14,58	0,96	30,97	38,10	1500,73
656	03.09.2025 10:59:55	14,68	0,97	30,93	38,13	1500,98
657	03.09.2025 10:59:56	14,80	0,94	30,83	38,13	1501,25
658	03.09.2025 10:59:57	14,89	0,91	30,79	38,16	1501,49
659	03.09.2025 10:59:58	14,95	0,87	30,74	38,16	1501,63
660	03.09.2025 10:59:59	15,04	0,84	30,72	38,22	1501,89
661	03.09.2025 11:00:00	15,10	0,83	30,75	38,31	1502,12
662	03.09.2025 11:00:01	15,20	0,81	30,73	38,36	1502,38
663	03.09.2025 11:00:02	15,32	0,77	30,68	38,42	1502,71
664	03.09.2025 11:00:03	15,41	0,74	30,61	38,42	1502,91
665	03.09.2025 11:00:04	15,50	0,70	30,57	38,45	1503,15
666	03.09.2025 11:00:05	15,56	0,69	30,57	38,51	1503,34
667	03.09.2025 11:00:06	15,65	0,66	30,51	38,51	1503,54
668	03.09.2025 11:00:07	15,71	0,63	30,48	38,54	1503,70
669	03.09.2025 11:00:08	15,80	0,61	30,42	38,54	1503,91
670	03.09.2025 11:00:09	15,86	0,62	30,52	38,71	1504,22
671	03.09.2025 11:00:10	15,96	0,62	30,52	38,80	1504,51
672	03.09.2025 11:00:11	16,08	0,52	30,16	38,49	1504,45
673	03.09.2025 11:00:12	16,08	0,52	30,14	38,46	1504,42
674	03.09.2025 11:00:13	16,08	0,52	30,16	38,49	1504,45
675	03.09.2025 11:00:14	16,11	0,50	30,29	38,66	1504,68
676	03.09.2025 11:00:15	16,17	0,49	30,22	38,63	1504,79
677	03.09.2025 11:00:16	16,26	0,49	30,18	38,66	1505,02
678	03.09.2025 11:00:17	16,32	0,44	30,25	38,81	1505,29
679	03.09.2025 11:00:18	16,41	0,44	30,19	38,81	1505,49
680	03.09.2025 11:00:19	16,47	0,44	30,19	38,87	1505,68
681	03.09.2025 11:00:20	16,56	0,40	30,17	38,92	1505,93
682	03.09.2025 11:00:21	16,62	0,38	30,15	38,95	1506,09
683	03.09.2025 11:00:22	16,71	0,35	30,06	38,93	1506,26
684	03.09.2025 11:00:23	16,77	0,35	30,00	38,90	1506,36
685	03.09.2025 11:00:24	16,80	0,31	30,00	38,93	1506,45
686	03.09.2025 11:00:25	16,83	0,30	29,95	38,90	1506,49
687	03.09.2025 11:00:26	16,89	0,28	29,91	38,90	1506,62
688	03.09.2025 11:00:27	16,92	0,26	29,89	38,90	1506,68
689	03.09.2025 11:00:28	16,95	0,22	29,84	38,87	1506,71
690	03.09.2025 11:00:29	16,98	0,21	29,82	38,88	1506,78
691	03.09.2025 11:00:30	17,01	0,19	29,77	38,85	1506,81
692	03.09.2025 11:00:31	17,04	0,19	29,80	38,90	1506,93
693	03.09.2025 11:00:32	17,07	0,15	29,73	38,85	1506,94
694	03.09.2025 11:00:33	17,10	0,12	29,71	38,85	1507,00
695	03.09.2025 11:00:34	17,13	0,13	29,71	38,88	1507,09
696	03.09.2025 11:00:35	17,16	0,12	29,69	38,88	1507,16
697	03.09.2025 11:00:36	17,19	0,12	29,69	38,91	1507,25
698	03.09.2025 11:00:37	17,22	0,08	29,70	38,94	1507,34
699	03.09.2025 11:00:38	17,25	0,06	29,70	38,96	1507,43
700	03.09.2025 11:00:39	17,28	0,04	29,65	38,94	1507,46
701	03.09.2025 11:00:40	17,31	0,04	29,65	38,97	1507,56
702	03.09.2025 11:00:41	17,34	0,04	29,63	38,97	1507,62
703	03.09.2025 11:00:42	17,37	0,01	29,61	38,97	1507,68
704	03.09.2025 11:00:43	17,40	-0,01	29,57	38,94	1507,72
705	03.09.2025 11:00:44	17,43	-0,03	29,55	38,94	1507,78
706	03.09.2025 11:00:45	17,43	-0,05	29,55	38,94	1507,78
707	03.09.2025 11:00:46	17,46	-0,03	29,55	38,97	1507,87
708	03.09.2025 11:00:47	17,49	-0,05	29,53	38,97	1507,93
709	03.09.2025 11:00:48	17,49	-0,10	29,53	38,97	1507,93
710	03.09.2025 11:00:49	17,52	-0,08	29,51	38,97	1507,99
711	03.09.2025 11:00:50	17,55	-0,08	29,48	38,97	1508,06
712	03.09.2025 11:00:51	17,58	-0,10	29,46	38,97	1508,12
713	03.09.2025 11:00:52	17,58	-0,10	29,46	38,97	1508,12
714	03.09.2025 11:00:53	17,61	-0,10	29,44	38,97	1508,19
715	03.09.2025 11:00:54	17,64	-0,10	29,40	38,94	1508,22
716	03.09.2025 11:00:55	17,64	-0,10	29,42	38,97	1508,25
717	03.09.2025 11:00:56	17,67	-0,10	29,40	38,97	1508,32
718	03.09.2025 11:00:57	17,67	-0,08	29,40	38,97	1508,32
719	03.09.2025 11:00:58	17,70	-0,10	29,36	38,95	1508,35
720	03.09.2025 11:00:59	17,70	-0,10	29,38	38,97	1508,38
721	03.09.2025 11:01:00	17,73	-0,12	29,36	38,97	1508,44
722	03.09.2025 11:01:01	17,73	-0,10	29,36	38,97	1508,45
723	03.09.2025 11:01:02	17,76	-0,10	29,34	38,97	1508,51
724	03.09.2025 11:01:03	17,76	-0,10	29,34	38,97	1508,51
725	03.09.2025 11:01:04	17,79	-0,08	29,32	38,98	1508,58
726	03.09.2025 11:01:05	17,79	-0,10	29,32	38,98	1508,58
727	03.09.2025 11:01:06	17,79	-0,08	29,29	38,95	1508,55
728	03.09.2025 11:01:07	17,82	-0,08	29,27	38,95	1508,62
729	03.09.2025 11:01:08	17,82	-0,08	29,27	38,95	1508,62
730	03.09.2025 11:01:09	17,82	-0,08	29,27	38,95	1508,62
731	03.09.2025 11:01:10	17,85	-0,08	29,25	38,95	1508,68
732	03.09.2025 11:01:11	17,85	-0,08	29,25	38,95	1508,68
733	03.09.2025 11:01:12	17,88	-0,08	29,25	38,98	1508,77
734	03.09.2025 11:01:13	17,88	-0,08	29,25	38,98	1508,77
735	03.09.2025 11:01:14	17,88	-0,10	29,25	38,98	1508,77
736	03.09.2025 11:01:15	17,91	-0,08	29,23	38,98	1508,84
737	03.09.2025 11:01:16	17,91	-0,08	29,21	38,95	1508,81
738	03.09.2025 11:01:17	17,91	-0,06	29,23	38,98	1508,84
739	03.09.2025 11:01:18	17,91	-0,08	29,21	38,95	1508,81
740	03.09.2025 11:01:19	17,93	-0,08	29,19	38,95	1508,88
741	03.09.2025 11:01:20	17,93	-0,10	29,19	38,95	1508,87
742	03.09.2025 11:01:21	17,93	-0,08	29,19	38,95	1508,88
743	03.09.2025 11:01:22	17,93	-0,08	29,19	38,95	1508,88
744	03.09.2025 11:01:23	17,93	-0,08	29,19	38,95	1508,88
745	03.09.2025 11:01:24	17,93	-0,08	29,19	38,95	1508,88
746	03.09.2025 11:01:25	17,96	-0,08	29,17	38,95	1508,94
747	03.09.2025 11:01:26	17,96	-0,08	29,17	38,95	1508,94
748	03.09.2025 11:01:27	17,96	-0,10	29,17	38,95	1508,94
749	03.09.2025 11:01:28	17,96	-0,10	29,17	38,95	1508,94
750	03.09.2025 11:01:29	17,99	-0,08	29,15	38,95	1509,00
751	03.09.2025 11:01:30	17,99	-0,08	29,15	38,95	1509,00
752	03.09.2025 11:01:31	17,99	-0,10	29,15	38,95	1509,00
753	03.09.2025 11:01:32	17,99	-0,10	29,15	38,95	1509,00
754	03.09.2025 11:01:33	17,99	-0,10	29,15	38,95	1509,00
755	03.09.2025 11:01:34	18,02	-0,08	29,15	38,98	1509,10
756	03.09.2025 11:01:35	18,02	-0,10	29,13	38,95	1509,07
757	03.09.2025 11:01:36	18,02	-0,10	29,13	38,95	1509,07
758	03.09.2025 11:01:37	18,02	-0,08	29,15	38,98	1509,10
759	03.09.2025 11:01:38	18,02	-0,08	29,15	38,98	1509,10
760	03.09.2025 11:01:39	18,05	-0,10	29,11	38,95	1509,13
761	03.09.2025 11:01:40	18,05	-0,10	29,11	38,95	1509,13
762	03.09.2025 11:01:41	18,05	-0,10	29,13	38,98	1509,16
763	03.09.2025 11:01:42	18,05	-0,10	29,11	38,95	1509,13
764	03.09.2025 11:01:43	18,05	-0,08	29,13	38,98	1509,16
765	03.09.2025 11:01:44	18,05	-0,10	29,13	38,98	1509,16
766	03.09.2025 11:01:45	18,08	-0,10	29,11	38,98	1509,22
767	03.09.2025 11:01:46	18,08	-0,10	29,11	38,98	1509,22
768	03.09.2025 11:01:47	18,08	-0,08	29,11	38,98	1509,22
769	03.09.2025 11:01:48	18,08	-0,10	29,08	38,95	1509,19
770	03.09.2025 11:01:49	18,08	-0,08	29,11	38,98	1509,22
771	03.09.2025 11:01:50	18,08	-0,08	28,83	38,64	1508,90
772	03.09.2025 11:01:51	18,08	-0,10	20,96	28,96	1499,81
773	03.09.2025 11:01:52	18,08	-0,12	18,26	25,55	1496,70
774	03.09.2025 11:01:53	18,08	-0,12	18,31	25,61	1496,75
775	03.09.2025 11:01:54	18,08	-0,08	29,08	38,95	1509,20
776	03.09.2025 11:01:55	18,08	-0,10	29,01	38,87	1509,11
777	03.09.2025 11:01:56	18,11	-0,10	17,74	24,90	1496,18
778	03.09.2025 11:01:57	18,11	-0,10	18,23	25,52	1496,75
779	03.09.2025 11:01:58	18,11	-0,10	18,23	25,52	1496,75
780	03.09.2025 11:01:59	18,11	-0,12	18,32	25,64	1496,85
781	03.09.2025 11:02:00	18,11	-0,12	18,29	25,61	1496,82
782	03.09.2025 11:02:01	18,11	-0,10	18,34	25,67	1496,88
783	03.09.2025 11:02:02	18,11	-0,12	18,29	25,61	1496,82
784	03.09.2025 11:02:03	18,11	-0,12	18,38	25,72	1496,93
785	03.09.2025 11:02:04	18,11	-0,10	18,34	25,67	1496,88
786	03.09.2025 11:02:05	18,11	-0,12	18,36	25,70	1496,90
787	03.09.2025 11:02:06	18,11	-0,10	18,29	25,61	1496,83
788	03.09.2025 11:02:07	18,11	-0,10	18,41	25,75	1496,96
789	03.09.2025 11:02:08	18,11	-0,10	12,43	17,97	1490,05
790	03.09.2025 11:02:09	18,11	-0,12	12,98	18,71	1490,69
791	03.09.2025 11:02:10	18,11	-0,12	3,03	4,84	1479,21
792	03.09.2025 11:02:11	18,11	-0,12	2,77	4,45	1478,91
793	03.09.2025 11:02:12	18,11	-0,10	3,17	5,05	1479,37
794	03.09.2025 11:02:13	18,11	-0,10	2,95	4,72	1479,12
795	03.09.2025 11:02:14	18,08	-0,10	1,31	2,20	1477,13
796	03.09.2025 11:02:15	18,11	-0,10	0,73	1,26	1476,55
797	03.09.2025 11:02:16	18,08	-0,10	2,20	3,59	1478,16
798	03.09.2025 11:02:17	18,08	-0,10	1,76	2,90	1477,65
799	03.09.2025 11:02:18	18,08	-0,10	2,66	4,28	1478,68
800	03.09.2025 11:02:19	18,08	-0,10	2,66	4,28	1478,68
801	03.09.2025 11:02:20	18,08	-0,10	2,70	4,33	1478,72
802	03.09.2025 11:02:21	18,08	-0,08	2,77	4,45	1478,82
803	03.09.2025 11:02:22	18,05	-0,10	2,74	4,39	1478,68
804	03.09.2025 11:02:23	18,05	-0,10	2,78	4,45	1478,72
805	03.09.2025 11:02:24	18,05	-0,10	2,78	4,45	1478,72
806	03.09.2025 11:02:25	18,05	-0,10	2,76	4,42	1478,70
807	03.09.2025 11:02:26	18,05	-0,10	2,78	4,45	1478,72
808	03.09.2025 11:02:27	18,05	-0,10	2,74	4,39	1478,68
809	03.09.2025 11:02:28	18,05	-0,10	2,86	4,57	1478,81
810	03.09.2025 11:02:29	18,05	-0,10	2,78	4,45	1478,72
811	03.09.2025 11:02:30	18,05	-0,10	2,80	4,48	1478,74
812	03.09.2025 11:02:31	18,05	-0,08	2,80	4,48	1478,75
813	03.09.2025 11:02:32	18,02	-0,08	2,80	4,48	1478,65
814	03.09.2025 11:02:33	18,02	-0,08	2,84	4,54	1478,70
815	03.09.2025 11:02:34	18,02	-0,10	2,58	4,16	1478,40
816	03.09.2025 11:02:35	18,02	-0,08	2,88	4,60	1478,75
817	03.09.2025 11:02:36	18,02	-0,10	2,86	4,57	1478,72
818	03.09.2025 11:02:37	18,02	-0,08	2,86	4,57	1478,72
819	03.09.2025 11:02:38	18,02	-0,10	2,86	4,57	1478,72
820	03.09.2025 11:02:39	18,02	-0,10	2,90	4,63	1478,77
821	03.09.2025 11:02:40	18,02	-0,08	2,90	4,63	1478,77
822	03.09.2025 11:02:41	17,99	-0,10	2,90	4,63	1478,67
823	03.09.2025 11:02:42	17,99	-0,08	2,90	4,63	1478,67
824	03.09.2025 11:02:43	17,99	-0,08	2,90	4,63	1478,67
825	03.09.2025 11:02:44	17,99	-0,10	2,88	4,60	1478,65
826	03.09.2025 11:02:45	17,99	-0,08	2,90	4,63	1478,67
827	03.09.2025 11:02:46	17,99	-0,08	2,88	4,60	1478,65
828	03.09.2025 11:02:47	17,99	-0,10	2,88	4,60	1478,65
829	03.09.2025 11:02:48	17,99	-0,10	2,88	4,60	1478,65
830	03.09.2025 11:02:49	17,99	-0,08	2,88	4,60	1478,65
831	03.09.2025 11:02:50	17,99	-0,08	2,86	4,57	1478,63
832	03.09.2025 11:02:51	17,96	-0,10	2,82	4,51	1478,49
833	03.09.2025 11:02:52	17,96	-0,08	2,84	4,54	1478,51
834	03.09.2025 11:02:53	17,96	-0,08	2,90	4,63	1478,58
835	03.09.2025 11:02:54	17,96	-0,08	2,88	4,60	1478,56
836	03.09.2025 11:02:55	17,96	-0,08	2,90	4,63	1478,58
837	03.09.2025 11:02:56	17,96	-0,08	2,90	4,63	1478,58
838	03.09.2025 11:02:57	17,96	-0,10	2,90	4,63	1478,58
839	03.09.2025 11:02:58	17,96	-0,10	2,88	4,60	1478,55
840	03.09.2025 11:02:59	17,96	-0,08	2,86	4,57	1478,53
841	03.09.2025 11:03:00	17,96	-0,10	2,98	4,75	1478,67
842	03.09.2025 11:03:01	17,96	-0,08	2,98	4,75	1478,67
843	03.09.2025 11:03:02	17,96	-0,08	2,98	4,75	1478,67
844	03.09.2025 11:03:03	17,96	-0,08	2,98	4,75	1478,67
845	03.09.2025 11:03:04	17,96	-0,08	2,98	4,75	1478,67
846	03.09.2025 11:03:05	17,93	-0,08	2,98	4,75	1478,58
847	03.09.2025 11:03:06	17,93	-0,08	2,94	4,69	1478,53
848	03.09.2025 11:03:07	17,93	-0,10	2,86	4,57	1478,44
849	03.09.2025 11:03:08	17,93	-0,08	2,45	3,95	1477,96
850	03.09.2025 11:03:09	17,93	-0,08	2,90	4,63	1478,49
851	03.09.2025 11:03:10	17,93	-0,08	2,31	3,74	1477,80
852	03.09.2025 11:03:11	17,93	-0,08	2,78	4,45	1478,35
853	03.09.2025 11:03:12	17,93	-0,08	2,76	4,42	1478,32
854	03.09.2025 11:03:13	17,93	-0,08	2,74	4,39	1478,30
855	03.09.2025 11:03:14	17,93	-0,06	2,82	4,51	1478,40
856	03.09.2025 11:03:15	17,93	-0,08	2,80	4,48	1478,37
857	03.09.2025 11:03:16	17,93	-0,08	2,70	4,33	1478,26
858	03.09.2025 11:03:17	17,93	-0,08	2,84	4,54	1478,42
859	03.09.2025 11:03:18	17,93	-0,08	2,82	4,51	1478,39
860	03.09.2025 11:03:19	17,93	-0,08	2,76	4,42	1478,32
861	03.09.2025 11:03:20	17,93	-0,08	2,78	4,45	1478,35
862	03.09.2025 11:03:21	17,93	-0,08	2,78	4,45	1478,35
863	03.09.2025 11:03:22	17,93	-0,08	2,84	4,54	1478,42
864	03.09.2025 11:03:23	17,93	-0,08	2,76	4,42	1478,32
865	03.09.2025 11:03:24	17,91	-0,06	2,71	4,33	1478,16
866	03.09.2025 11:03:25	17,91	-0,08	2,83	4,51	1478,30
867	03.09.2025 11:03:26	17,91	-0,08	2,85	4,54	1478,32
868	03.09.2025 11:03:27	17,91	-0,08	2,81	4,48	1478,28
869	03.09.2025 11:03:28	17,91	-0,06	2,87	4,57	1478,35
870	03.09.2025 11:03:29	17,91	-0,08	2,83	4,51	1478,30
871	03.09.2025 11:03:30	17,91	-0,08	2,85	4,54	1478,32
872	03.09.2025 11:03:31	17,91	-0,08	2,77	4,42	1478,23
873	03.09.2025 11:03:32	17,91	-0,08	2,85	4,54	1478,32
874	03.09.2025 11:03:33	17,91	-0,08	2,91	4,63	1478,39
875	03.09.2025 11:03:34	17,91	-0,08	2,85	4,54	1478,32
876	03.09.2025 11:03:35	17,91	-0,08	2,91	4,63	1478,39
877	03.09.2025 11:03:36	17,91	-0,08	2,29	3,71	1477,68
878	03.09.2025 11:03:37	17,91	-0,08	2,89	4,60	1478,37
879	03.09.2025 11:03:38	17,91	-0,06	2,93	4,66	1478,42
880	03.09.2025 11:03:39	17,91	-0,08	2,85	4,54	1478,32
881	03.09.2025 11:03:40	17,91	-0,08	2,93	4,66	1478,42
882	03.09.2025 11:03:41	17,91	-0,08	2,91	4,63	1478,39
883	03.09.2025 11:03:42	17,91	-0,08	2,83	4,51	1478,30
884	03.09.2025 11:03:43	17,91	-0,08	2,87	4,57	1478,35
885	03.09.2025 11:03:44	17,91	-0,08	2,91	4,63	1478,39
886	03.09.2025 11:03:45	17,91	-0,06	2,89	4,60	1478,37
887	03.09.2025 11:03:46	17,91	-0,06	2,91	4,63	1478,39
888	03.09.2025 11:03:47	17,91	-0,08	2,91	4,63	1478,39
889	03.09.2025 11:03:48	17,91	-0,06	2,91	4,63	1478,39
890	03.09.2025 11:03:49	17,91	-0,06	2,89	4,60	1478,37
891	03.09.2025 11:03:50	17,91	-0,08	2,87	4,57	1478,35
892	03.09.2025 11:03:51	17,91	-0,08	2,87	4,57	1478,35
893	03.09.2025 11:03:52	17,91	-0,06	2,89	4,60	1478,37
894	03.09.2025 11:03:53	17,91	-0,08	2,89	4,60	1478,37
895	03.09.2025 11:03:54	17,91	-0,08	2,93	4,66	1478,42
896	03.09.2025 11:03:55	17,91	-0,08	2,83	4,51	1478,30
897	03.09.2025 11:03:56	17,88	-0,08	2,93	4,66	1478,32
898	03.09.2025 11:03:57	17,88	-0,08	2,83	4,51	1478,20
899	03.09.2025 11:03:58	17,88	-0,08	2,95	4,69	1478,34
900	03.09.2025 11:03:59	17,88	-0,06	2,87	4,57	1478,25
901	03.09.2025 11:04:00	17,88	-0,06	2,85	4,54	1478,23
902	03.09.2025 11:04:01	17,88	-0,08	2,85	4,54	1478,23
903	03.09.2025 11:04:02	17,88	-0,08	2,83	4,51	1478,20
904	03.09.2025 11:04:03	17,88	-0,08	2,89	4,60	1478,27
905	03.09.2025 11:04:04	17,88	-0,06	2,89	4,60	1478,28
906	03.09.2025 11:04:05	17,88	-0,08	2,87	4,57	1478,25
907	03.09.2025 11:04:06	17,88	-0,08	2,93	4,66	1478,32
908	03.09.2025 11:04:07	17,88	-0,08	2,75	4,39	1478,11
909	03.09.2025 11:04:08	17,88	-0,06	2,89	4,60	1478,28
910	03.09.2025 11:04:09	17,88	-0,08	2,87	4,57	1478,25
911	03.09.2025 11:04:10	17,88	-0,08	2,95	4,69	1478,34
912	03.09.2025 11:04:11	17,88	-0,06	2,91	4,63	1478,30
913	03.09.2025 11:04:12	17,88	-0,06	2,93	4,66	1478,32
914	03.09.2025 11:04:13	17,88	-0,06	2,89	4,60	1478,28
915	03.09.2025 11:04:14	17,88	-0,06	2,95	4,69	1478,35
916	03.09.2025 11:04:15	17,88	-0,08	2,91	4,63	1478,30
917	03.09.2025 11:04:16	17,88	-0,08	2,93	4,66	1478,32
918	03.09.2025 11:04:17	17,88	-0,08	2,91	4,63	1478,30
919	03.09.2025 11:04:18	17,88	-0,06	2,89	4,60	1478,28
920	03.09.2025 11:04:19	17,88	-0,08	2,89	4,60	1478,27
921	03.09.2025 11:04:20	17,88	-0,08	2,81	4,48	1478,18
922	03.09.2025 11:04:21	17,88	-0,08	2,85	4,54	1478,23
923	03.09.2025 11:04:22	17,88	-0,08	2,81	4,48	1478,18
924	03.09.2025 11:04:23	17,88	-0,06	2,89	4,60	1478,28
925	03.09.2025 11:04:24	17,88	-0,08	2,89	4,60	1478,27
926	03.09.2025 11:04:25	17,88	-0,06	2,87	4,57	1478,25
927	03.09.2025 11:04:26	17,88	-0,08	2,91	4,63	1478,30
928	03.09.2025 11:04:27	17,88	-0,08	2,91	4,63	1478,30
929	03.09.2025 11:04:28	17,88	-0,08	2,93	4,66	1478,32
930	03.09.2025 11:04:29	17,88	-0,08	2,83	4,51	1478,20
931	03.09.2025 11:04:30	17,88	-0,08	2,91	4,63	1478,30
932	03.09.2025 11:04:31	17,88	-0,06	2,91	4,63	1478,30
933	03.09.2025 11:04:32	17,88	-0,08	2,89	4,60	1478,27
934	03.09.2025 11:04:33	17,88	-0,08	2,89	4,60	1478,27
935	03.09.2025 11:04:34	17,88	-0,06	2,87	4,57	1478,25
936	03.09.2025 11:04:35	17,88	-0,08	2,89	4,60	1478,27
937	03.09.2025 11:04:36	17,88	-0,08	2,87	4,57	1478,25
938	03.09.2025 11:04:37	17,88	-0,08	2,87	4,57	1478,25
939	03.09.2025 11:04:38	17,88	-0,08	2,89	4,60	1478,27
940	03.09.2025 11:04:39	17,88	-0,06	2,89	4,60	1478,28
941	03.09.2025 11:04:40	17,88	-0,06	2,89	4,60	1478,28
942	03.09.2025 11:04:41	17,88	-0,08	2,89	4,60	1478,27
943	03.09.2025 11:04:42	17,88	-0,06	2,87	4,57	1478,25
944	03.09.2025 11:04:43	17,88	-0,08	2,89	4,60	1478,27
945	03.09.2025 11:04:44	17,88	-0,08	2,89	4,60	1478,27
946	03.09.2025 11:04:45	17,88	-0,08	2,89	4,60	1478,27
947	03.09.2025 11:04:46	17,88	-0,08	2,89	4,60	1478,27
948	03.09.2025 11:04:47	17,88	-0,06	2,89	4,60	1478,28
949	03.09.2025 11:04:48	17,88	-0,06	2,89	4,60	1478,28
950	03.09.2025 11:04:49	17,88	-0,08	2,87	4,57	1478,25
951	03.09.2025 11:04:50	17,88	-0,08	2,87	4,57	1478,25
952	03.09.2025 11:04:51	17,88	-0,06	2,83	4,51	1478,21
953	03.09.2025 11:04:52	17,88	-0,08	2,75	4,39	1478,11
954	03.09.2025 11:04:53	17,88	-0,08	2,95	4,69	1478,34
955	03.09.2025 11:04:54	17,88	-0,08	2,83	4,51	1478,20
956	03.09.2025 11:04:55	17,88	-0,08	2,77	4,42	1478,14
957	03.09.2025 11:04:56	17,88	-0,06	2,93	4,66	1478,32
958	03.09.2025 11:04:57	17,88	-0,08	2,87	4,57	1478,25
959	03.09.2025 11:04:58	17,88	-0,08	2,85	4,54	1478,23
960	03.09.2025 11:04:59	17,88	-0,08	2,91	4,63	1478,30
961	03.09.2025 11:05:00	17,88	-0,08	2,89	4,60	1478,27
962	03.09.2025 11:05:01	17,88	-0,06	2,87	4,57	1478,25
963	03.09.2025 11:05:02	17,88	-0,08	2,95	4,69	1478,34
964	03.09.2025 11:05:03	17,88	-0,08	2,85	4,54	1478,23
965	03.09.2025 11:05:04	17,88	-0,06	2,87	4,57	1478,25
966	03.09.2025 11:05:05	17,88	-0,08	2,81	4,48	1478,18
967	03.09.2025 11:05:06	17,88	-0,08	2,91	4,63	1478,30
968	03.09.2025 11:05:07	17,88	-0,08	2,79	4,45	1478,16
969	03.09.2025 11:05:08	17,88	-0,06	2,85	4,54	1478,23
970	03.09.2025 11:05:09	17,88	-0,06	2,87	4,57	1478,25
971	03.09.2025 11:05:10	17,88	-0,08	2,87	4,57	1478,25
972	03.09.2025 11:05:11	17,88	-0,08	2,87	4,57	1478,25
973	03.09.2025 11:05:12	17,88	-0,06	2,87	4,57	1478,25
974	03.09.2025 11:05:13	17,88	-0,08	2,85	4,54	1478,23
975	03.09.2025 11:05:14	17,88	-0,08	2,93	4,66	1478,32
976	03.09.2025 11:05:15	17,88	-0,08	2,75	4,39	1478,11
977	03.09.2025 11:05:16	17,88	-0,08	2,89	4,60	1478,27
978	03.09.2025 11:05:17	17,88	-0,06	2,81	4,48	1478,18
979	03.09.2025 11:05:18	17,88	-0,06	2,83	4,51	1478,21
980	03.09.2025 11:05:19	17,88	-0,08	2,89	4,60	1478,27
981	03.09.2025 11:05:20	17,88	-0,08	2,83	4,51	1478,20
982	03.09.2025 11:05:21	17,88	-0,08	2,87	4,57	1478,25
983	03.09.2025 11:05:22	17,88	-0,06	2,89	4,60	1478,28
984	03.09.2025 11:05:23	17,88	-0,08	2,81	4,48	1478,18
985	03.09.2025 11:05:24	17,88	-0,08	2,87	4,57	1478,25
986	03.09.2025 11:05:25	17,88	-0,08	2,83	4,51	1478,20
987	03.09.2025 11:05:26	17,88	-0,08	2,87	4,57	1478,25
988	03.09.2025 11:05:27	17,88	-0,08	2,85	4,54	1478,23
989	03.09.2025 11:05:28	17,88	-0,08	2,85	4,54	1478,23
990	03.09.2025 11:05:29	17,88	-0,06	2,83	4,51	1478,21
991	03.09.2025 11:05:30	17,88	-0,08	2,85	4,54	1478,23
992	03.09.2025 11:05:31	17,88	-0,06	2,87	4,57	1478,25
993	03.09.2025 11:05:32	17,88	-0,08	2,83	4,51	1478,20
994	03.09.2025 11:05:33	17,88	-0,08	2,87	4,57	1478,25
995	03.09.2025 11:05:34	17,88	-0,08	2,77	4,42	1478,14
996	03.09.2025 11:05:35	17,88	-0,06	0,29	0,51	1475,27
997	03.09.2025 11:05:36	17,88	-0,08	0,30	0,54	1475,28
998	03.09.2025 11:05:37	17,88	-0,08	0,27	0,48	1475,25
999	03.09.2025 11:05:38	17,88	-0,06	0,27	0,48	1475,25
1000	03.09.2025 11:05:39	17,88	-0,06	0,27	0,48	1475,25
1001	03.09.2025 11:05:40	17,88	-0,08	0,25	0,45	1475,23
1002	03.09.2025 11:05:41	17,88	-0,06	0,25	0,45	1475,23
1003	03.09.2025 11:05:42	17,88	-0,08	0,25	0,45	1475,23
1004	03.09.2025 11:05:43	17,88	-0,08	0,24	0,42	1475,21
1005	03.09.2025 11:05:44	17,88	-0,08	0,24	0,42	1475,21
1006	03.09.2025 11:05:45	17,88	-0,08	0,22	0,39	1475,19
1007	03.09.2025 11:05:46	17,88	-0,08	0,22	0,39	1475,19
1008	03.09.2025 11:05:47	17,88	-0,08	0,20	0,36	1475,17
1009	03.09.2025 11:05:48	17,88	-0,08	0,20	0,36	1475,17
1010	03.09.2025 11:05:49	17,88	-0,06	0,20	0,36	1475,17
1011	03.09.2025 11:05:50	17,88	-0,08	0,20	0,36	1475,17
1012	03.09.2025 11:05:51	17,88	-0,08	0,19	0,33	1475,15
1013	03.09.2025 11:05:52	17,88	-0,08	0,19	0,33	1475,15
1014	03.09.2025 11:05:53	17,88	-0,08	0,19	0,33	1475,15
1015	03.09.2025 11:05:54	17,88	-0,06	0,19	0,33	1475,15
1016	03.09.2025 11:05:55	17,88	-0,08	0,17	0,30	1475,13
1017	03.09.2025 11:05:56	17,88	-0,08	0,19	0,33	1475,15
1018	03.09.2025 11:05:57	17,88	-0,08	0,17	0,30	1475,13
1019	03.09.2025 11:05:58	17,91	-0,08	0,15	0,27	1475,21
1020	03.09.2025 11:05:59	17,91	-0,06	0,17	0,30	1475,23
1021	03.09.2025 11:06:00	17,88	-0,08	0,17	0,30	1475,13
1022	03.09.2025 11:06:01	17,88	-0,08	0,15	0,27	1475,11
1023	03.09.2025 11:06:02	17,88	-0,08	0,14	0,25	1475,09
1024	03.09.2025 11:06:03	17,91	-0,08	0,15	0,27	1475,21
1025	03.09.2025 11:06:04	17,91	-0,08	0,17	0,30	1475,23
1026	03.09.2025 11:06:05	17,91	-0,06	0,29	0,51	1475,36
1027	03.09.2025 11:06:06	17,91	-0,06	0,34	0,59	1475,42
1028	03.09.2025 11:06:07	17,91	-0,06	0,32	0,56	1475,40
1029	03.09.2025 11:06:08	17,91	-0,06	0,34	0,59	1475,42
1030	03.09.2025 11:06:09	17,91	-0,08	0,37	0,65	1475,46
1031	03.09.2025 11:06:10	17,91	-0,08	0,34	0,59	1475,42
1032	03.09.2025 11:06:11	17,91	-0,08	0,25	0,45	1475,32
1033	03.09.2025 11:06:12	17,91	-0,08	0,29	0,51	1475,36
1034	03.09.2025 11:06:13	17,91	-0,08	0,29	0,51	1475,36
1035	03.09.2025 11:06:14	17,91	-0,06	0,30	0,54	1475,38
1036	03.09.2025 11:06:15	17,91	-0,08	0,29	0,51	1475,36
1037	03.09.2025 11:06:16	17,91	-0,08	0,29	0,51	1475,36
1038	03.09.2025 11:06:17	17,91	-0,08	0,32	0,56	1475,40
1039	03.09.2025 11:06:18	17,91	-0,08	0,29	0,51	1475,36
1040	03.09.2025 11:06:19	17,91	-0,08	0,42	0,74	1475,52
1041	03.09.2025 11:06:20	17,91	-0,08	0,39	0,68	1475,48
1042	03.09.2025 11:06:21	17,91	-0,06	0,24	0,42	1475,31
1043	03.09.2025 11:06:22	17,91	-0,06	0,25	0,45	1475,33
1044	03.09.2025 11:06:23	17,91	-0,06	0,25	0,45	1475,33
1045	03.09.2025 11:06:24	17,91	-0,08	0,32	0,56	1475,40
1046	03.09.2025 11:06:25	17,91	-0,08	0,39	0,68	1475,48
1047	03.09.2025 11:06:26	17,91	-0,08	0,29	0,51	1475,36
1048	03.09.2025 11:06:27	17,93	-0,08	0,32	0,56	1475,50
1049	03.09.2025 11:06:28	17,91	-0,08	0,32	0,56	1475,40
1050	03.09.2025 11:06:29	17,93	-0,08	0,27	0,48	1475,44
1051	03.09.2025 11:06:30	17,93	-0,08	0,34	0,59	1475,52
1052	03.09.2025 11:06:31	17,93	-0,08	0,34	0,59	1475,52
1053	03.09.2025 11:06:32	17,93	-0,08	0,30	0,54	1475,48
1054	03.09.2025 11:06:33	17,93	-0,06	0,30	0,54	1475,48
1055	03.09.2025 11:06:34	17,93	-0,08	0,42	0,74	1475,62
1056	03.09.2025 11:06:35	17,93	-0,08	0,46	0,80	1475,66
1057	03.09.2025 11:06:36	17,93	-0,08	0,40	0,71	1475,60
1058	03.09.2025 11:06:37	17,93	-0,08	0,12	0,22	1475,27
1059	03.09.2025 11:06:38	17,93	-0,08	0,11	0,19	1475,25
1060	03.09.2025 11:06:39	17,93	-0,08	0,09	0,16	1475,23
1061	03.09.2025 11:06:40	17,93	-0,06	0,07	0,13	1475,22
1062	03.09.2025 11:06:41	17,93	-0,06	0,07	0,13	1475,22
1063	03.09.2025 11:06:42	17,93	-0,06	0,07	0,13	1475,22
1064	03.09.2025 11:06:43	17,93	-0,06	0,06	0,10	1475,20
1065	03.09.2025 11:06:44	17,93	-0,08	0,06	0,10	1475,20
1066	03.09.2025 11:06:45	17,93	-0,08	0,06	0,10	1475,20
1067	03.09.2025 11:06:46	17,93	-0,08	0,06	0,10	1475,20
1068	03.09.2025 11:06:47	17,93	-0,08	0,06	0,10	1475,20
1069	03.09.2025 11:06:48	17,93	-0,06	0,06	0,10	1475,20
1070	03.09.2025 11:06:49	17,93	-0,08	0,06	0,10	1475,20
1071	03.09.2025 11:06:50	17,93	-0,08	0,04	0,07	1475,18
1072	03.09.2025 11:06:51	17,93	-0,08	0,06	0,10	1475,20
1073	03.09.2025 11:06:52	17,93	-0,08	0,04	0,07	1475,18
1074	03.09.2025 11:06:53	17,93	-0,06	0,04	0,07	1475,18
1075	03.09.2025 11:06:54	17,93	-0,06	0,04	0,07	1475,18
1076	03.09.2025 11:06:55	17,93	-0,06	0,04	0,07	1475,18
1077	03.09.2025 11:06:56	17,93	-0,08	0,04	0,07	1475,18
1078	03.09.2025 11:06:57	17,93	-0,08	0,04	0,07	1475,18
1079	03.09.2025 11:06:58	17,93	-0,08	0,04	0,07	1475,18
1080	03.09.2025 11:06:59	17,93	-0,08	0,04	0,07	1475,18
1081	03.09.2025 11:07:00	17,96	-0,06	0,04	0,07	1475,28
1082	03.09.2025 11:07:01	17,93	-0,06	0,04	0,07	1475,18
1083	03.09.2025 11:07:02	17,93	-0,06	0,04	0,07	1475,18
1084	03.09.2025 11:07:03	17,96	-0,08	0,04	0,07	1475,28
1085	03.09.2025 11:07:04	17,96	-0,06	0,04	0,07	1475,28
1086	03.09.2025 11:07:05	17,96	-0,08	0,04	0,07	1475,28
1087	03.09.2025 11:07:06	17,96	-0,08	0,04	0,07	1475,28
1088	03.09.2025 11:07:07	17,96	-0,08	0,04	0,07	1475,28
1089	03.09.2025 11:07:08	17,96	-0,06	0,04	0,07	1475,28
1090	03.09.2025 11:07:09	17,96	-0,08	0,04	0,07	1475,28
1091	03.09.2025 11:07:10	17,96	-0,08	0,04	0,07	1475,28
1092	03.09.2025 11:07:11	17,96	-0,08	0,04	0,07	1475,28
1093	03.09.2025 11:07:12	17,96	-0,06	0,03	0,04	1475,26
1094	03.09.2025 11:07:13	17,96	-0,06	0,03	0,04	1475,26
1095	03.09.2025 11:07:14	17,96	-0,08	0,03	0,04	1475,26
1096	03.09.2025 11:07:15	17,96	-0,08	0,03	0,04	1475,26
1097	03.09.2025 11:07:16	17,96	-0,08	0,03	0,04	1475,26
1098	03.09.2025 11:07:17	17,96	-0,08	0,03	0,04	1475,26
1099	03.09.2025 11:07:18	17,96	-0,06	0,03	0,04	1475,26
1100	03.09.2025 11:07:19	17,96	-0,08	0,03	0,04	1475,26
1101	03.09.2025 11:07:20	17,96	-0,08	0,03	0,04	1475,26
1102	03.09.2025 11:07:21	17,96	-0,08	0,03	0,04	1475,26
1103	03.09.2025 11:07:22	17,96	-0,08	0,03	0,04	1475,26
1104	03.09.2025 11:07:23	17,96	-0,08	0,03	0,04	1475,26
1105	03.09.2025 11:07:24	17,96	-0,08	0,03	0,04	1475,26
1106	03.09.2025 11:07:25	17,96	-0,08	0,03	0,04	1475,26
1107	03.09.2025 11:07:26	17,96	-0,08	0,03	0,04	1475,26
1108	03.09.2025 11:07:27	17,96	-0,08	0,01	0,02	1475,24
1109	03.09.2025 11:07:28	17,96	-0,08	0,01	0,02	1475,24
1110	03.09.2025 11:07:29	17,96	-0,08	0,01	0,00	1475,24
1111	03.09.2025 11:07:30	17,96	-0,06	0,01	0,02	1475,25
1112	03.09.2025 11:07:31	17,96	-0,08	0,01	0,00	1475,24
1113	03.09.2025 11:07:32	17,96	-0,08	0,01	0,00	1475,24
1114	03.09.2025 11:07:33	17,96	-0,08	0,01	0,00	1475,24
1115	03.09.2025 11:07:34	17,96	-0,06	0,01	0,02	1475,25
1116	03.09.2025 11:07:35	17,96	-0,06	0,01	0,00	1475,24
1117	03.09.2025 11:07:36	17,99	-0,08	0,01	0,00	1475,33
1118	03.09.2025 11:07:37	17,99	-0,06	0,01	0,00	1475,34
1119	03.09.2025 11:07:38	17,99	-0,06	0,01	0,00	1475,34
1120	03.09.2025 11:07:39	17,99	-0,08	0,01	0,00	1475,33
1121	03.09.2025 11:07:40	17,99	-0,06	0,01	0,00	1475,34
1122	03.09.2025 11:07:41	17,99	-0,08	0,01	0,00	1475,33
1123	03.09.2025 11:07:42	17,99	-0,06	0,01	0,00	1475,34
1124	03.09.2025 11:07:43	17,99	-0,06	0,01	0,00	1475,34
1125	03.09.2025 11:07:44	17,99	-0,08	0,01	0,02	1475,34
1126	03.09.2025 11:07:45	17,99	-0,08	0,01	0,00	1475,33
1127	03.09.2025 11:07:46	17,99	-0,06	0,01	0,00	1475,34
1128	03.09.2025 11:07:47	17,99	-0,06	0,01	0,00	1475,34
1129	03.09.2025 11:07:48	17,99	-0,08	0,01	0,00	1475,33
1130	03.09.2025 11:07:49	17,99	-0,06	0,01	0,00	1475,34
1131	03.09.2025 11:07:50	17,99	-0,08	0,01	0,00	1475,33
1132	03.09.2025 11:07:51	17,99	-0,08	0,01	0,00	1475,33
1133	03.09.2025 11:07:52	17,99	-0,08	0,01	0,02	1475,34
1134	03.09.2025 11:07:53	18,02	-0,08	0,01	0,00	1475,43
1135	03.09.2025 11:07:54	17,99	-0,06	0,01	0,02	1475,34
1136	03.09.2025 11:07:55	18,02	-0,08	0,01	0,00	1475,43
1137	03.09.2025 11:07:56	18,02	-0,08	0,01	0,02	1475,44
1138	03.09.2025 11:07:57	18,02	-0,08	0,01	0,00	1475,43
1139	03.09.2025 11:07:58	18,02	-0,08	0,01	0,00	1475,43
1140	03.09.2025 11:07:59	18,02	-0,08	0,01	0,00	1475,43
1141	03.09.2025 11:08:00	18,02	-0,08	0,01	0,00	1475,43
1142	03.09.2025 11:08:01	18,02	-0,06	0,01	0,00	1475,43
1143	03.09.2025 11:08:02	18,02	-0,08	0,01	0,02	1475,44
1144	03.09.2025 11:08:03	18,02	-0,08	0,01	0,00	1475,43
1145	03.09.2025 11:08:04	18,02	-0,06	0,01	0,00	1475,43
1146	03.09.2025 11:08:05	18,02	-0,08	0,01	0,00	1475,43
1147	03.09.2025 11:08:06	18,02	-0,08	0,01	0,00	1475,43
1148	03.09.2025 11:08:07	18,02	-0,08	0,01	0,00	1475,43
1149	03.09.2025 11:08:08	18,02	-0,06	0,01	0,02	1475,44
1150	03.09.2025 11:08:09	18,02	-0,10	0,01	0,00	1475,43
1151	03.09.2025 11:08:10	18,05	-0,08	0,01	0,00	1475,53
1152	03.09.2025 11:08:11	18,05	-0,06	0,01	0,00	1475,53
1153	03.09.2025 11:08:12	18,05	-0,08	0,01	0,00	1475,53
1154	03.09.2025 11:08:13	18,05	-0,06	0,01	0,02	1475,54
1155	03.09.2025 11:08:14	18,05	-0,08	0,01	0,00	1475,53
1156	03.09.2025 11:08:15	18,05	-0,08	0,01	0,00	1475,53
1157	03.09.2025 11:08:16	18,05	-0,08	0,01	0,00	1475,53
1158	03.09.2025 11:08:17	18,05	-0,08	0,01	0,02	1475,54
1159	03.09.2025 11:08:18	18,05	-0,08	0,01	0,00	1475,53
1160	03.09.2025 11:08:19	18,05	-0,06	0,01	0,00	1475,53
1161	03.09.2025 11:08:20	18,05	-0,06	0,01	0,02	1475,54
1162	03.09.2025 11:08:21	18,05	-0,08	0,01	0,00	1475,53
1163	03.09.2025 11:08:22	18,05	-0,08	0,01	0,00	1475,53
1164	03.09.2025 11:08:23	18,05	-0,08	0,01	0,00	1475,53
1165	03.09.2025 11:08:24	18,05	-0,08	0,01	0,00	1475,53
1166	03.09.2025 11:08:25	18,08	-0,08	0,01	0,00	1475,63
1167	03.09.2025 11:08:26	18,08	-0,06	0,01	0,00	1475,63
1168	03.09.2025 11:08:27	18,08	-0,08	0,01	0,00	1475,63
1169	03.09.2025 11:08:28	18,08	-0,08	0,01	0,00	1475,63
1170	03.09.2025 11:08:29	18,08	-0,06	0,01	0,00	1475,63
1171	03.09.2025 11:08:30	18,08	-0,08	0,01	0,00	1475,63
1172	03.09.2025 11:08:31	18,08	-0,08	0,01	0,00	1475,63
1173	03.09.2025 11:08:32	18,08	-0,08	0,01	0,00	1475,63
1174	03.09.2025 11:08:33	18,08	-0,08	0,01	0,00	1475,63
1175	03.09.2025 11:08:34	18,08	-0,08	0,01	0,00	1475,63
1176	03.09.2025 11:08:35	18,08	-0,08	0,01	0,00	1475,63
1177	03.09.2025 11:08:36	18,08	-0,08	0,01	0,00	1475,63
1178	03.09.2025 11:08:37	18,08	-0,08	0,01	0,00	1475,63
1179	03.09.2025 11:08:38	18,08	-0,08	0,01	0,00	1475,63
1180	03.09.2025 11:08:39	18,08	-0,08	0,01	0,00	1475,63
1181	03.09.2025 11:08:40	18,11	-0,08	0,01	0,00	1475,72
1182	03.09.2025 11:08:41	18,11	-0,08	0,01	0,00	1475,72
1183	03.09.2025 11:08:42	18,11	-0,08	0,01	0,00	1475,72
1184	03.09.2025 11:08:43	18,11	-0,08	0,01	0,00	1475,72
1185	03.09.2025 11:08:44	18,11	-0,08	0,01	0,02	1475,73
1186	03.09.2025 11:08:45	18,11	-0,08	0,01	0,00	1475,72
1187	03.09.2025 11:08:46	18,11	-0,08	0,01	0,00	1475,72
1188	03.09.2025 11:08:47	18,11	-0,08	0,01	0,00	1475,72
1189	03.09.2025 11:08:48	18,11	-0,06	0,01	0,00	1475,73
1190	03.09.2025 11:08:49	18,11	-0,08	0,01	0,00	1475,72
1191	03.09.2025 11:08:50	18,11	-0,08	0,01	0,00	1475,72
1192	03.09.2025 11:08:51	18,11	-0,08	0,01	0,00	1475,72
1193	03.09.2025 11:08:52	18,11	-0,08	0,01	0,02	1475,73
1194	03.09.2025 11:08:53	18,11	-0,08	0,01	0,00	1475,72
1195	03.09.2025 11:08:54	18,14	-0,06	0,01	0,00	1475,82
1196	03.09.2025 11:08:55	18,14	-0,05	0,01	0,00	1475,83
1197	03.09.2025 11:08:56	18,14	-0,06	0,01	0,00	1475,82
1198	03.09.2025 11:08:57	18,14	-0,06	0,01	0,00	1475,82
1199	03.09.2025 11:08:58	18,14	-0,06	0,01	0,00	1475,82
1200	03.09.2025 11:08:59	18,14	-0,06	0,01	0,00	1475,82
1201	03.09.2025 11:09:00	18,14	-0,06	0,01	0,00	1475,82
1202	03.09.2025 11:09:01	18,14	-0,06	0,01	0,00	1475,82
1203	03.09.2025 11:09:02	18,14	-0,06	0,01	0,00	1475,82
1204	03.09.2025 11:09:03	18,14	-0,06	0,01	0,00	1475,82
1205	03.09.2025 11:09:04	18,14	-0,06	0,01	0,02	1475,83
1206	03.09.2025 11:09:05	18,14	-0,06	0,01	0,00	1475,82
1207	03.09.2025 11:09:06	18,14	-0,06	0,01	0,02	1475,83
1208	03.09.2025 11:09:07	18,14	-0,06	0,01	0,00	1475,82
1209	03.09.2025 11:09:08	18,14	-0,05	0,01	0,02	1475,83
1210	03.09.2025 11:09:09	18,17	-0,05	0,01	0,00	1475,92
1211	03.09.2025 11:09:10	18,17	-0,06	0,01	0,00	1475,92
1212	03.09.2025 11:09:11	18,17	-0,06	0,01	0,00	1475,92
1213	03.09.2025 11:09:12	18,17	-0,06	0,01	0,00	1475,92
1214	03.09.2025 11:09:13	18,17	-0,06	0,01	0,00	1475,92
1215	03.09.2025 11:09:14	18,17	-0,08	0,01	0,00	1475,92
1216	03.09.2025 11:09:15	18,17	-0,08	0,01	0,00	1475,92
1217	03.09.2025 11:09:16	18,17	-0,06	0,01	0,02	1475,93
1218	03.09.2025 11:09:17	18,17	-0,06	0,01	0,00	1475,92
1219	03.09.2025 11:09:18	18,17	-0,05	0,01	0,02	1475,93
1220	03.09.2025 11:09:19	18,17	-0,06	0,01	0,00	1475,92
1221	03.09.2025 11:09:20	18,17	-0,06	0,01	0,02	1475,93
1222	03.09.2025 11:09:21	18,17	-0,06	0,01	0,02	1475,93
1223	03.09.2025 11:09:22	18,20	-0,06	0,01	0,00	1476,02
1224	03.09.2025 11:09:23	18,20	-0,08	0,01	0,00	1476,01
1225	03.09.2025 11:09:24	18,20	-0,06	0,01	0,00	1476,02
1226	03.09.2025 11:09:25	18,20	-0,08	0,01	0,00	1476,01
1227	03.09.2025 11:09:26	18,20	-0,06	0,01	0,00	1476,02
1228	03.09.2025 11:09:27	18,20	-0,08	0,01	0,00	1476,01
1229	03.09.2025 11:09:28	18,20	-0,08	0,01	0,00	1476,01
1230	03.09.2025 11:09:29	18,20	-0,06	0,01	0,02	1476,02
1231	03.09.2025 11:09:30	18,20	-0,06	0,01	0,00	1476,02
1232	03.09.2025 11:09:31	18,20	-0,06	0,01	0,02	1476,02
1233	03.09.2025 11:09:32	18,20	-0,06	0,01	0,02	1476,02
1234	03.09.2025 11:09:33	18,20	-0,06	0,01	0,02	1476,02
1235	03.09.2025 11:09:34	18,20	-0,06	0,01	0,00	1476,02
1236	03.09.2025 11:09:35	18,23	-0,06	0,01	0,00	1476,11
1237	03.09.2025 11:09:36	18,23	-0,06	0,01	0,00	1476,11
1238	03.09.2025 11:09:37	18,23	-0,08	0,01	0,00	1476,11
1239	03.09.2025 11:09:38	18,23	-0,06	0,01	0,00	1476,11
1240	03.09.2025 11:09:39	18,23	-0,06	0,01	0,00	1476,11
1241	03.09.2025 11:09:40	18,23	-0,08	0,01	0,00	1476,11
1242	03.09.2025 11:09:41	18,23	-0,06	0,01	0,02	1476,12
1243	03.09.2025 11:09:42	18,23	-0,06	0,01	0,00	1476,11
1244	03.09.2025 11:09:43	18,23	-0,06	0,01	0,02	1476,12
1245	03.09.2025 11:09:44	18,23	-0,06	0,01	0,02	1476,12
1246	03.09.2025 11:09:45	18,23	-0,06	0,01	0,00	1476,11
1247	03.09.2025 11:09:46	18,23	-0,06	0,01	0,02	1476,12
1248	03.09.2025 11:09:47	18,26	-0,08	0,01	0,00	1476,21
1249	03.09.2025 11:09:48	18,26	-0,08	0,01	0,00	1476,21
1250	03.09.2025 11:09:49	18,26	-0,06	0,01	0,00	1476,21
1251	03.09.2025 11:09:50	18,26	-0,08	0,01	0,00	1476,21
1252	03.09.2025 11:09:51	18,26	-0,06	0,01	0,02	1476,22
1253	03.09.2025 11:09:52	18,26	-0,08	0,01	0,00	1476,21
1254	03.09.2025 11:09:53	18,26	-0,06	0,01	0,02	1476,22
1255	03.09.2025 11:09:54	18,26	-0,06	0,01	0,02	1476,22
1256	03.09.2025 11:09:55	18,26	-0,06	0,01	0,02	1476,22
1257	03.09.2025 11:09:56	18,26	-0,06	0,01	0,02	1476,22
1258	03.09.2025 11:09:57	18,26	-0,06	0,01	0,00	1476,21
1259	03.09.2025 11:09:58	18,26	-0,08	0,01	0,02	1476,21
1260	03.09.2025 11:09:59	18,26	-0,06	0,01	0,02	1476,22
1261	03.09.2025 11:10:00	18,26	-0,08	0,01	0,00	1476,21
1262	03.09.2025 11:10:01	18,29	-0,08	0,01	0,00	1476,30
1263	03.09.2025 11:10:02	18,29	-0,08	0,01	0,00	1476,30
1264	03.09.2025 11:10:03	18,29	-0,08	0,01	0,00	1476,30
1265	03.09.2025 11:10:04	18,29	-0,08	0,01	0,00	1476,30
1266	03.09.2025 11:10:05	18,29	-0,06	0,01	0,00	1476,31
1267	03.09.2025 11:10:06	18,29	-0,06	0,01	0,02	1476,31
1268	03.09.2025 11:10:07	18,29	-0,06	0,01	0,02	1476,31
1269	03.09.2025 11:10:08	18,29	-0,06	0,01	0,00	1476,31
1270	03.09.2025 11:10:09	18,29	-0,06	0,01	0,00	1476,31
1271	03.09.2025 11:10:10	18,29	-0,08	0,01	0,02	1476,31
1272	03.09.2025 11:10:11	18,29	-0,08	0,01	0,00	1476,30
1273	03.09.2025 11:10:12	18,32	-0,08	0,01	0,00	1476,40
1274	03.09.2025 11:10:13	18,32	-0,06	0,01	0,00	1476,40
1275	03.09.2025 11:10:14	18,32	-0,06	0,01	0,02	1476,41
1276	03.09.2025 11:10:15	18,32	-0,06	0,01	0,02	1476,41
1277	03.09.2025 11:10:16	18,32	-0,08	0,01	0,00	1476,40
1278	03.09.2025 11:10:17	18,32	-0,08	0,01	0,00	1476,40
1279	03.09.2025 11:10:18	18,32	-0,08	0,01	0,00	1476,40
1280	03.09.2025 11:10:19	18,32	-0,08	0,01	0,00	1476,40
1281	03.09.2025 11:10:20	18,32	-0,08	0,01	0,02	1476,41
1282	03.09.2025 11:10:21	18,32	-0,06	0,01	0,00	1476,40
1283	03.09.2025 11:10:22	18,32	-0,08	0,01	0,02	1476,41
1284	03.09.2025 11:10:23	18,35	-0,08	0,01	0,00	1476,50
1285	03.09.2025 11:10:24	18,35	-0,08	0,01	0,00	1476,50
1286	03.09.2025 11:10:25	18,35	-0,06	0,01	0,00	1476,50
1287	03.09.2025 11:10:26	18,35	-0,06	0,01	0,02	1476,50
1288	03.09.2025 11:10:27	18,35	-0,08	0,01	0,00	1476,50
1289	03.09.2025 11:10:28	18,35	-0,08	0,01	0,02	1476,50
1290	03.09.2025 11:10:29	18,35	-0,08	0,01	0,00	1476,50
1291	03.09.2025 11:10:30	18,35	-0,08	0,01	0,02	1476,50
1292	03.09.2025 11:10:31	18,35	-0,08	0,01	0,02	1476,50
1293	03.09.2025 11:10:32	18,35	-0,08	0,01	0,00	1476,50
1294	03.09.2025 11:10:33	18,35	-0,08	0,01	0,02	1476,50
1295	03.09.2025 11:10:34	18,35	-0,06	0,01	0,00	1476,50
1296	03.09.2025 11:10:35	18,35	-0,08	0,01	0,02	1476,50
1297	03.09.2025 11:10:36	18,38	-0,08	0,01	0,02	1476,60
1298	03.09.2025 11:10:37	18,38	-0,08	0,01	0,02	1476,60
1299	03.09.2025 11:10:38	18,38	-0,08	0,01	0,00	1476,59
1300	03.09.2025 11:10:39	18,38	-0,08	0,01	0,02	1476,60
1301	03.09.2025 11:10:40	18,38	-0,06	0,01	0,02	1476,60
1302	03.09.2025 11:10:41	18,38	-0,08	0,01	0,02	1476,60
1303	03.09.2025 11:10:42	18,38	-0,06	0,01	0,00	1476,60
1304	03.09.2025 11:10:43	18,38	-0,06	0,01	0,00	1476,60
1305	03.09.2025 11:10:44	18,38	-0,08	0,01	0,02	1476,60
1306	03.09.2025 11:10:45	18,38	-0,08	0,01	0,02	1476,60
1307	03.09.2025 11:10:46	18,41	-0,08	0,01	0,00	1476,69
1308	03.09.2025 11:10:47	18,41	-0,08	0,01	0,00	1476,69
1309	03.09.2025 11:10:48	18,41	-0,08	0,01	0,00	1476,69
1310	03.09.2025 11:10:49	18,41	-0,08	0,01	0,00	1476,69
1311	03.09.2025 11:10:50	18,41	-0,08	0,01	0,00	1476,69
1312	03.09.2025 11:10:51	18,41	-0,08	0,01	0,02	1476,69
1313	03.09.2025 11:10:52	18,41	-0,06	0,01	0,02	1476,70
1314	03.09.2025 11:10:53	18,41	-0,10	0,01	0,02	1476,69
1315	03.09.2025 11:10:54	18,41	-0,08	0,01	0,02	1476,69
1316	03.09.2025 11:10:55	18,41	-0,08	0,01	0,02	1476,69
1317	03.09.2025 11:10:56	18,41	-0,08	0,01	0,02	1476,69
1318	03.09.2025 11:10:57	18,44	-0,06	0,01	0,00	1476,79
1319	03.09.2025 11:10:58	18,44	-0,08	0,01	0,02	1476,79
1320	03.09.2025 11:10:59	18,44	-0,08	0,01	0,00	1476,78
1321	03.09.2025 11:11:00	18,44	-0,06	0,01	0,02	1476,79
1322	03.09.2025 11:11:01	18,44	-0,08	0,01	0,00	1476,78
1323	03.09.2025 11:11:02	18,44	-0,08	0,01	0,02	1476,79
1324	03.09.2025 11:11:03	18,44	-0,08	0,01	0,02	1476,79
1325	03.09.2025 11:11:04	18,44	-0,08	0,01	0,02	1476,79
1326	03.09.2025 11:11:05	18,44	-0,08	0,01	0,02	1476,79
1327	03.09.2025 11:11:06	18,44	-0,08	0,01	0,02	1476,79
1328	03.09.2025 11:11:07	18,47	-0,06	0,01	0,02	1476,89
1329	03.09.2025 11:11:08	18,47	-0,06	0,01	0,02	1476,89
1330	03.09.2025 11:11:09	18,47	-0,06	0,01	0,02	1476,89
1331	03.09.2025 11:11:10	18,47	-0,06	0,01	0,00	1476,88
1332	03.09.2025 11:11:11	18,47	-0,06	0,01	0,02	1476,89
1333	03.09.2025 11:11:12	18,47	-0,06	0,01	0,02	1476,89
1334	03.09.2025 11:11:13	18,47	-0,06	0,01	0,00	1476,88
1335	03.09.2025 11:11:14	18,47	-0,06	0,01	0,00	1476,88
1336	03.09.2025 11:11:15	18,47	-0,06	0,01	0,00	1476,88
1337	03.09.2025 11:11:16	18,47	-0,06	0,01	0,02	1476,89
1338	03.09.2025 11:11:17	18,50	-0,06	0,01	0,02	1476,98
1339	03.09.2025 11:11:18	18,50	-0,05	0,01	0,02	1476,99
1340	03.09.2025 11:11:19	18,50	-0,06	0,01	0,00	1476,98
1341	03.09.2025 11:11:20	18,50	-0,06	0,01	0,00	1476,98
1342	03.09.2025 11:11:21	18,50	-0,06	0,01	0,00	1476,98
1343	03.09.2025 11:11:22	18,50	-0,08	0,01	0,00	1476,98
1344	03.09.2025 11:11:23	18,50	-0,08	0,01	0,00	1476,98
1345	03.09.2025 11:11:24	18,50	-0,06	0,01	0,00	1476,98
1346	03.09.2025 11:11:25	18,50	-0,06	0,01	0,00	1476,98
1347	03.09.2025 11:11:26	18,50	-0,06	0,01	0,02	1476,98
1348	03.09.2025 11:11:27	18,50	-0,08	0,01	0,02	1476,98
1349	03.09.2025 11:11:28	18,50	-0,06	0,01	0,02	1476,98
1350	03.09.2025 11:11:29	18,50	-0,06	0,01	0,02	1476,98
1351	03.09.2025 11:11:30	18,50	-0,06	0,01	0,02	1476,98
1352	03.09.2025 11:11:31	18,53	-0,06	0,01	0,00	1477,07
1353	03.09.2025 11:11:32	18,53	-0,06	0,01	0,02	1477,08
1354	03.09.2025 11:11:33	18,53	-0,06	0,01	0,00	1477,07
1355	03.09.2025 11:11:34	18,53	-0,06	0,01	0,00	1477,07
1356	03.09.2025 11:11:35	18,53	-0,06	0,01	0,02	1477,08
1357	03.09.2025 11:11:36	18,53	-0,06	0,01	0,00	1477,07
1358	03.09.2025 11:11:37	18,53	-0,06	0,01	0,00	1477,07
1359	03.09.2025 11:11:38	18,53	-0,06	0,01	0,02	1477,08
1360	03.09.2025 11:11:39	18,53	-0,06	0,01	0,02	1477,08
1361	03.09.2025 11:11:40	18,53	-0,06	0,01	0,00	1477,07
1362	03.09.2025 11:11:41	18,53	-0,08	0,01	0,02	1477,08
1363	03.09.2025 11:11:42	18,56	-0,08	0,01	0,00	1477,17
1364	03.09.2025 11:11:43	18,56	-0,06	0,01	0,00	1477,17
1365	03.09.2025 11:11:44	18,56	-0,08	0,01	0,00	1477,17
1366	03.09.2025 11:11:45	18,56	-0,06	0,01	0,02	1477,18
1367	03.09.2025 11:11:46	18,56	-0,08	0,01	0,02	1477,17
1368	03.09.2025 11:11:47	18,56	-0,06	0,01	0,02	1477,18
1369	03.09.2025 11:11:48	18,56	-0,06	0,01	0,02	1477,18
1370	03.09.2025 11:11:49	18,56	-0,06	0,01	0,00	1477,17
1371	03.09.2025 11:11:50	18,56	-0,06	0,01	0,02	1477,18
1372	03.09.2025 11:11:51	18,56	-0,06	0,01	0,00	1477,17
1373	03.09.2025 11:11:52	18,56	-0,06	0,01	0,02	1477,18
1374	03.09.2025 11:11:53	18,56	-0,08	0,01	0,02	1477,17
1375	03.09.2025 11:11:54	18,59	-0,08	0,01	0,00	1477,26
1376	03.09.2025 11:11:55	18,59	-0,06	0,01	0,02	1477,27
1377	03.09.2025 11:11:56	18,59	-0,08	0,01	0,00	1477,26
1378	03.09.2025 11:11:57	18,59	-0,06	0,01	0,00	1477,27
1379	03.09.2025 11:11:58	18,59	-0,08	0,01	0,02	1477,27
1380	03.09.2025 11:11:59	18,59	-0,06	0,01	0,02	1477,27
1381	03.09.2025 11:12:00	18,59	-0,06	0,01	0,02	1477,27
1382	03.09.2025 11:12:01	18,59	-0,08	0,01	0,00	1477,26
1383	03.09.2025 11:12:02	18,59	-0,06	0,01	0,02	1477,27
1384	03.09.2025 11:12:03	18,59	-0,06	0,01	0,02	1477,27
1385	03.09.2025 11:12:04	18,59	-0,06	0,01	0,02	1477,27
1386	03.09.2025 11:12:05	18,62	-0,06	0,01	0,02	1477,37
1387	03.09.2025 11:12:06	18,62	-0,06	0,01	0,00	1477,36
1388	03.09.2025 11:12:07	18,62	-0,08	0,01	0,00	1477,36
1389	03.09.2025 11:12:08	18,62	-0,08	0,01	0,02	1477,36
1390	03.09.2025 11:12:09	18,62	-0,08	0,01	0,02	1477,36
1391	03.09.2025 11:12:10	18,62	-0,08	0,01	0,00	1477,36
1392	03.09.2025 11:12:11	18,62	-0,06	0,01	0,02	1477,37
1393	03.09.2025 11:12:12	18,62	-0,08	0,01	0,00	1477,36
1394	03.09.2025 11:12:13	18,62	-0,08	0,01	0,00	1477,36
1395	03.09.2025 11:12:14	18,62	-0,08	0,01	0,02	1477,36
1396	03.09.2025 11:12:15	18,62	-0,08	0,01	0,02	1477,36
1397	03.09.2025 11:12:16	18,62	-0,08	0,01	0,02	1477,36
1398	03.09.2025 11:12:17	18,65	-0,08	0,01	0,02	1477,46
1399	03.09.2025 11:12:18	18,65	-0,08	0,01	0,02	1477,46
1400	03.09.2025 11:12:19	18,65	-0,08	0,01	0,02	1477,46
1401	03.09.2025 11:12:20	18,65	-0,06	0,01	0,00	1477,46
1402	03.09.2025 11:12:21	18,65	-0,08	0,01	0,02	1477,46
1403	03.09.2025 11:12:22	18,65	-0,08	0,01	0,00	1477,45
1404	03.09.2025 11:12:23	18,65	-0,06	0,01	0,00	1477,46
1405	03.09.2025 11:12:24	18,65	-0,08	0,01	0,02	1477,46
1406	03.09.2025 11:12:25	18,65	-0,08	0,01	0,02	1477,46
1407	03.09.2025 11:12:26	18,68	-0,08	0,01	0,02	1477,56
1408	03.09.2025 11:12:27	18,68	-0,06	0,01	0,02	1477,56
1409	03.09.2025 11:12:28	18,68	-0,08	0,01	0,00	1477,55
1410	03.09.2025 11:12:29	18,68	-0,08	0,01	0,00	1477,55
1411	03.09.2025 11:12:30	18,68	-0,08	0,01	0,02	1477,56
1412	03.09.2025 11:12:31	18,68	-0,08	0,01	0,00	1477,55
1413	03.09.2025 11:12:32	18,68	-0,08	0,01	0,00	1477,55
1414	03.09.2025 11:12:33	18,68	-0,08	0,01	0,02	1477,56
1415	03.09.2025 11:12:34	18,71	-0,08	0,01	0,02	1477,65
1416	03.09.2025 11:12:35	18,71	-0,08	0,01	0,02	1477,65
1417	03.09.2025 11:12:36	18,71	-0,08	0,01	0,00	1477,64
1418	03.09.2025 11:12:37	18,74	-0,08	0,01	0,02	1477,75
1419	03.09.2025 11:12:38	18,77	-0,08	0,01	0,02	1477,84
1420	03.09.2025 11:12:39	18,80	-0,06	0,01	0,02	1477,94
1421	03.09.2025 11:12:40	18,83	-0,08	0,01	0,00	1478,02
1422	03.09.2025 11:12:41	19,15	-0,06	0,01	0,02	1479,07
1423	03.09.2025 11:12:42	19,36	-0,10	0,01	0,02	1479,72
1424	03.09.2025 11:12:43	19,45	-0,15	0,23	0,42	1480,23
1425	03.09.2025 11:12:44	19,59	-0,12	0,18	0,33	1480,65
1426	03.09.2025 11:12:45	19,68	-0,13	0,15	0,27	1480,89
1427	03.09.2025 11:12:46	19,77	-0,13	0,16	0,30	1481,18
1428	03.09.2025 11:12:47	19,86	-0,15	0,23	0,42	1481,53
1429	03.09.2025 11:12:48	19,97	-0,15	0,39	0,71	1482,07
1430	03.09.2025 11:12:49	20,06	-0,15	0,30	0,56	1482,25
1431	03.09.2025 11:12:50	20,15	-0,13	0,16	0,30	1482,37
1432	03.09.2025 11:12:51	20,27	-0,26	0,19	0,36	1482,75
1433	03.09.2025 11:12:52	20,53	-0,28	0,29	0,54	1483,66
1434	03.09.2025 11:12:53	20,77	-0,22	0,36	0,68	1484,48
1435	03.09.2025 11:12:54	21,06	-0,05	0,38	0,71	1485,41
1436	03.09.2025 11:12:55	21,18	-0,01	0,38	0,71	1485,77
1437	03.09.2025 11:12:56	21,26	-0,01	0,37	0,71	1486,03
1438	03.09.2025 11:12:57	21,38	-0,01	0,37	0,71	1486,38
1439	03.09.2025 11:12:58	21,47	-0,01	0,37	0,71	1486,64
1440	03.09.2025 11:12:59	21,53	-0,01	0,37	0,71	1486,82
1441	03.09.2025 11:13:00	21,64	-0,01	0,37	0,71	1487,17
1442	03.09.2025 11:13:01	21,70	-0,01	0,37	0,71	1487,34
