#B	Created:	10.09.2025 07:41:43
##	Version	SeaStar	9.59
#5	Field separation:	0
#2	Date & Time:	1
#6	Decimal point:	,
#7	Date def.:	dd.mm.yyyy	.
#8	Time def.:	:
##	Axis	0	Temperature(°C)	clRed	FALSE
##	Axis	1	Pressure(Bar)	clBlue	FALSE
##	Axis	2	Salinity(psu)	clGreen	FALSE
##	Axis	3	Conductivity(mS/cm)	$00FF80FF	FALSE
##	Axis	4	Sound Velocity(m/sec)	$00404080	FALSE
##	Series	0	Temp(°C)	clRed	0	Temp(°C)	2
##	Series	1	Press(Bar)	clBlue	1	Press(Bar)	2
##	Series	2	Salinity(psu)	clGreen	2	Salinity(psu)	2
##	Series	3	Conduct(mS/cm)	$00FF80FF	3	Conduct(mS/cm)	2
##	Series	4	Sound Velocity(m/sec)	$00404080	4	Velocity(m/sec)	2
##	Recorder	57	DST CTD	13525
##	Chart	57S13525DAT	
#D	Data:	1692	10.09.2025 07:13:00	10.09.2025 07:41:11
1	10.09.2025 07:13:00	20,65	-0,05	0,22	0,42	1483,99
2	10.09.2025 07:13:01	20,65	-0,05	0,22	0,42	1483,99
3	10.09.2025 07:13:02	20,65	-0,05	0,22	0,42	1483,99
4	10.09.2025 07:13:03	20,65	-0,05	0,22	0,42	1483,99
5	10.09.2025 07:13:04	20,65	-0,03	0,22	0,42	1483,99
6	10.09.2025 07:13:05	20,65	-0,03	0,22	0,42	1483,99
7	10.09.2025 07:13:06	20,65	-0,03	0,22	0,42	1483,99
8	10.09.2025 07:13:07	20,65	-0,05	0,22	0,42	1483,99
9	10.09.2025 07:13:08	20,65	-0,03	0,22	0,42	1483,99
10	10.09.2025 07:13:09	20,65	-0,03	0,22	0,42	1483,99
11	10.09.2025 07:13:10	20,65	-0,03	0,22	0,42	1483,99
12	10.09.2025 07:13:11	20,65	-0,03	0,22	0,42	1483,99
13	10.09.2025 07:13:12	20,65	-0,05	0,22	0,42	1483,99
14	10.09.2025 07:13:13	20,65	-0,05	0,22	0,42	1483,99
15	10.09.2025 07:13:14	20,65	-0,03	0,22	0,42	1483,99
16	10.09.2025 07:13:15	20,65	-0,05	0,22	0,42	1483,99
17	10.09.2025 07:13:16	20,65	-0,03	0,22	0,42	1483,99
18	10.09.2025 07:13:17	20,65	-0,05	0,22	0,42	1483,99
19	10.09.2025 07:13:18	20,65	-0,05	0,22	0,42	1483,99
20	10.09.2025 07:13:19	20,65	-0,03	0,22	0,42	1483,99
21	10.09.2025 07:13:20	20,65	-0,03	0,22	0,42	1483,99
22	10.09.2025 07:13:21	20,65	-0,03	0,22	0,42	1483,99
23	10.09.2025 07:13:22	20,65	-0,05	0,22	0,42	1483,99
24	10.09.2025 07:13:23	20,65	-0,03	0,22	0,42	1483,99
25	10.09.2025 07:13:24	20,65	-0,05	0,22	0,42	1483,99
26	10.09.2025 07:13:25	20,65	-0,05	0,22	0,42	1483,99
27	10.09.2025 07:13:26	20,65	-0,05	0,22	0,42	1483,99
28	10.09.2025 07:13:27	20,65	-0,03	0,22	0,42	1483,99
29	10.09.2025 07:13:28	20,65	-0,05	0,22	0,42	1483,99
30	10.09.2025 07:13:29	20,65	-0,03	0,22	0,42	1483,99
31	10.09.2025 07:13:30	20,65	-0,03	0,22	0,42	1483,99
32	10.09.2025 07:13:31	20,65	-0,03	0,22	0,42	1483,99
33	10.09.2025 07:13:32	20,65	-0,03	0,22	0,42	1483,99
34	10.09.2025 07:13:33	20,65	-0,03	0,22	0,42	1483,99
35	10.09.2025 07:13:34	20,65	-0,03	0,21	0,39	1483,97
36	10.09.2025 07:13:35	20,65	-0,05	0,22	0,42	1483,99
37	10.09.2025 07:13:36	20,62	-0,03	0,22	0,42	1483,90
38	10.09.2025 07:13:37	20,62	-0,03	0,22	0,42	1483,90
39	10.09.2025 07:13:38	20,62	-0,03	0,22	0,42	1483,90
40	10.09.2025 07:13:39	20,62	-0,03	0,22	0,42	1483,90
41	10.09.2025 07:13:40	20,62	-0,03	0,22	0,42	1483,90
42	10.09.2025 07:13:41	20,62	-0,03	0,22	0,42	1483,90
43	10.09.2025 07:13:42	20,62	-0,03	0,22	0,42	1483,90
44	10.09.2025 07:13:43	20,62	-0,03	0,22	0,42	1483,90
45	10.09.2025 07:13:44	20,62	-0,03	0,22	0,42	1483,90
46	10.09.2025 07:13:45	20,62	-0,05	0,21	0,39	1483,88
47	10.09.2025 07:13:46	20,62	-0,05	0,19	0,36	1483,86
48	10.09.2025 07:13:47	20,62	-0,05	0,21	0,39	1483,88
49	10.09.2025 07:13:48	20,62	-0,05	0,21	0,39	1483,88
50	10.09.2025 07:13:49	20,62	-0,05	0,22	0,42	1483,90
51	10.09.2025 07:13:50	20,59	-0,05	0,22	0,42	1483,81
52	10.09.2025 07:13:51	20,59	-0,03	0,22	0,42	1483,81
53	10.09.2025 07:13:52	20,59	-0,03	0,21	0,39	1483,79
54	10.09.2025 07:13:53	20,59	-0,03	0,21	0,39	1483,79
55	10.09.2025 07:13:54	20,59	-0,03	0,22	0,42	1483,81
56	10.09.2025 07:13:55	20,59	-0,03	0,21	0,39	1483,79
57	10.09.2025 07:13:56	20,59	-0,03	0,21	0,39	1483,79
58	10.09.2025 07:13:57	20,59	-0,05	0,21	0,39	1483,79
59	10.09.2025 07:13:58	20,59	-0,05	0,22	0,42	1483,81
60	10.09.2025 07:13:59	20,56	-0,03	0,22	0,42	1483,72
61	10.09.2025 07:14:00	20,56	-0,03	0,21	0,39	1483,70
62	10.09.2025 07:14:01	20,56	-0,03	0,21	0,39	1483,70
63	10.09.2025 07:14:02	20,56	-0,03	0,21	0,39	1483,70
64	10.09.2025 07:14:03	20,56	-0,03	0,21	0,39	1483,70
65	10.09.2025 07:14:04	20,56	-0,03	0,21	0,39	1483,70
66	10.09.2025 07:14:05	20,56	-0,03	0,22	0,42	1483,72
67	10.09.2025 07:14:06	20,56	-0,03	0,21	0,39	1483,70
68	10.09.2025 07:14:07	20,56	-0,03	0,21	0,39	1483,70
69	10.09.2025 07:14:08	20,53	-0,03	0,22	0,42	1483,63
70	10.09.2025 07:14:09	20,53	-0,03	0,21	0,39	1483,61
71	10.09.2025 07:14:10	20,53	-0,05	0,21	0,39	1483,61
72	10.09.2025 07:14:11	20,53	-0,03	0,21	0,39	1483,61
73	10.09.2025 07:14:12	20,53	-0,03	0,21	0,39	1483,61
74	10.09.2025 07:14:13	20,53	-0,03	0,21	0,39	1483,61
75	10.09.2025 07:14:14	20,53	-0,03	0,21	0,39	1483,61
76	10.09.2025 07:14:15	20,53	-0,03	0,21	0,39	1483,61
77	10.09.2025 07:14:16	20,53	-0,03	0,21	0,39	1483,61
78	10.09.2025 07:14:17	20,53	-0,03	0,21	0,39	1483,61
79	10.09.2025 07:14:18	20,50	-0,03	0,21	0,39	1483,52
80	10.09.2025 07:14:19	20,50	-0,01	0,21	0,39	1483,53
81	10.09.2025 07:14:20	20,50	-0,03	0,21	0,39	1483,52
82	10.09.2025 07:14:21	20,50	-0,03	0,21	0,39	1483,52
83	10.09.2025 07:14:22	20,50	-0,03	0,21	0,39	1483,52
84	10.09.2025 07:14:23	20,50	-0,03	0,21	0,39	1483,52
85	10.09.2025 07:14:24	20,50	-0,03	0,21	0,39	1483,52
86	10.09.2025 07:14:25	20,50	-0,03	0,21	0,39	1483,52
87	10.09.2025 07:14:26	20,50	-0,03	0,21	0,39	1483,52
88	10.09.2025 07:14:27	20,47	-0,03	0,22	0,42	1483,45
89	10.09.2025 07:14:28	20,47	-0,03	0,21	0,39	1483,43
90	10.09.2025 07:14:29	20,47	-0,03	0,21	0,39	1483,43
91	10.09.2025 07:14:30	20,47	-0,01	0,21	0,39	1483,44
92	10.09.2025 07:14:31	20,47	-0,03	0,21	0,39	1483,43
93	10.09.2025 07:14:32	20,47	-0,01	0,21	0,39	1483,44
94	10.09.2025 07:14:33	20,47	-0,03	0,21	0,39	1483,43
95	10.09.2025 07:14:34	20,47	-0,03	0,21	0,39	1483,43
96	10.09.2025 07:14:35	20,47	-0,03	0,19	0,36	1483,42
97	10.09.2025 07:14:36	20,44	-0,05	0,21	0,39	1483,34
98	10.09.2025 07:14:37	20,44	-0,05	0,21	0,39	1483,34
99	10.09.2025 07:14:38	20,44	-0,05	0,21	0,39	1483,34
100	10.09.2025 07:14:39	20,44	-0,05	0,21	0,39	1483,34
101	10.09.2025 07:14:40	20,44	-0,05	0,21	0,39	1483,34
102	10.09.2025 07:14:41	20,44	-0,05	0,21	0,39	1483,34
103	10.09.2025 07:14:42	20,44	-0,05	0,21	0,39	1483,34
104	10.09.2025 07:14:43	20,44	-0,03	0,21	0,39	1483,34
105	10.09.2025 07:14:44	20,44	-0,05	0,21	0,39	1483,34
106	10.09.2025 07:14:45	20,44	-0,05	0,21	0,39	1483,34
107	10.09.2025 07:14:46	20,42	-0,05	0,21	0,39	1483,25
108	10.09.2025 07:14:47	20,42	-0,05	0,21	0,39	1483,25
109	10.09.2025 07:14:48	20,42	-0,03	0,21	0,39	1483,25
110	10.09.2025 07:14:49	20,42	-0,05	0,21	0,39	1483,25
111	10.09.2025 07:14:50	20,42	-0,05	0,21	0,39	1483,25
112	10.09.2025 07:14:51	20,42	-0,05	0,21	0,39	1483,25
113	10.09.2025 07:14:52	20,42	-0,03	0,21	0,39	1483,25
114	10.09.2025 07:14:53	20,42	-0,05	0,21	0,39	1483,25
115	10.09.2025 07:14:54	20,42	-0,03	0,21	0,39	1483,25
116	10.09.2025 07:14:55	20,42	-0,05	0,21	0,39	1483,25
117	10.09.2025 07:14:56	20,39	-0,05	0,21	0,39	1483,16
118	10.09.2025 07:14:57	20,39	-0,05	0,21	0,39	1483,16
119	10.09.2025 07:14:58	20,39	-0,03	0,21	0,39	1483,16
120	10.09.2025 07:14:59	20,39	-0,03	0,21	0,39	1483,16
121	10.09.2025 07:15:00	20,39	-0,03	0,21	0,39	1483,16
122	10.09.2025 07:15:01	20,39	-0,05	0,21	0,39	1483,16
123	10.09.2025 07:15:02	20,39	-0,05	0,21	0,39	1483,16
124	10.09.2025 07:15:03	20,39	-0,05	0,21	0,39	1483,16
125	10.09.2025 07:15:04	20,36	-0,05	0,21	0,39	1483,07
126	10.09.2025 07:15:05	20,36	-0,05	0,21	0,39	1483,07
127	10.09.2025 07:15:06	20,36	-0,03	0,21	0,39	1483,07
128	10.09.2025 07:15:07	20,36	-0,05	0,21	0,39	1483,07
129	10.09.2025 07:15:08	20,36	-0,03	0,21	0,39	1483,07
130	10.09.2025 07:15:09	20,36	-0,03	0,21	0,39	1483,07
131	10.09.2025 07:15:10	20,36	-0,05	0,21	0,39	1483,07
132	10.09.2025 07:15:11	20,36	-0,05	0,21	0,39	1483,07
133	10.09.2025 07:15:12	20,36	-0,03	0,21	0,39	1483,07
134	10.09.2025 07:15:13	20,33	-0,03	0,21	0,39	1482,98
135	10.09.2025 07:15:14	20,33	-0,05	0,21	0,39	1482,98
136	10.09.2025 07:15:15	20,33	-0,05	0,19	0,36	1482,96
137	10.09.2025 07:15:16	20,33	-0,05	0,21	0,39	1482,98
138	10.09.2025 07:15:17	20,33	-0,03	0,21	0,39	1482,98
139	10.09.2025 07:15:18	20,33	-0,03	0,21	0,39	1482,98
140	10.09.2025 07:15:19	20,33	-0,03	0,21	0,39	1482,98
141	10.09.2025 07:15:20	20,33	-0,03	0,21	0,39	1482,98
142	10.09.2025 07:15:21	20,30	-0,05	0,21	0,39	1482,89
143	10.09.2025 07:15:22	20,30	-0,05	0,21	0,39	1482,89
144	10.09.2025 07:15:23	20,30	-0,03	0,21	0,39	1482,89
145	10.09.2025 07:15:24	20,30	-0,05	0,21	0,39	1482,89
146	10.09.2025 07:15:25	20,30	-0,05	0,19	0,36	1482,87
147	10.09.2025 07:15:26	20,30	-0,03	0,21	0,39	1482,89
148	10.09.2025 07:15:27	20,30	-0,03	0,21	0,39	1482,89
149	10.09.2025 07:15:28	20,30	-0,03	0,21	0,39	1482,89
150	10.09.2025 07:15:29	20,30	-0,03	0,19	0,36	1482,88
151	10.09.2025 07:15:30	20,30	-0,05	0,19	0,36	1482,87
152	10.09.2025 07:15:31	20,27	-0,03	0,21	0,39	1482,80
153	10.09.2025 07:15:32	20,27	-0,03	0,19	0,36	1482,79
154	10.09.2025 07:15:33	20,27	-0,03	0,19	0,36	1482,79
155	10.09.2025 07:15:34	20,27	-0,03	0,19	0,36	1482,79
156	10.09.2025 07:15:35	20,27	-0,03	0,21	0,39	1482,80
157	10.09.2025 07:15:36	20,27	-0,05	0,21	0,39	1482,80
158	10.09.2025 07:15:37	20,27	-0,05	0,19	0,36	1482,78
159	10.09.2025 07:15:38	20,24	-0,03	0,21	0,39	1482,71
160	10.09.2025 07:15:39	20,24	-0,05	0,21	0,39	1482,71
161	10.09.2025 07:15:40	20,24	-0,03	0,21	0,39	1482,71
162	10.09.2025 07:15:41	20,24	-0,03	0,19	0,36	1482,69
163	10.09.2025 07:15:42	20,24	-0,05	0,19	0,36	1482,69
164	10.09.2025 07:15:43	20,24	-0,05	0,21	0,39	1482,71
165	10.09.2025 07:15:44	20,24	-0,05	0,21	0,39	1482,71
166	10.09.2025 07:15:45	20,24	-0,03	0,21	0,39	1482,71
167	10.09.2025 07:15:46	20,24	-0,05	0,21	0,39	1482,71
168	10.09.2025 07:15:47	20,24	-0,03	0,19	0,36	1482,69
169	10.09.2025 07:15:48	20,21	-0,05	0,21	0,39	1482,62
170	10.09.2025 07:15:49	20,21	-0,03	0,21	0,39	1482,62
171	10.09.2025 07:15:50	20,21	-0,03	0,21	0,39	1482,62
172	10.09.2025 07:15:51	20,21	-0,03	0,21	0,39	1482,62
173	10.09.2025 07:15:52	20,21	-0,05	0,19	0,36	1482,60
174	10.09.2025 07:15:53	20,21	-0,03	0,19	0,36	1482,60
175	10.09.2025 07:15:54	20,21	-0,03	0,19	0,36	1482,60
176	10.09.2025 07:15:55	20,21	-0,03	0,21	0,39	1482,62
177	10.09.2025 07:15:56	20,18	-0,03	0,21	0,39	1482,53
178	10.09.2025 07:15:57	20,18	-0,05	0,21	0,39	1482,53
179	10.09.2025 07:15:58	20,18	-0,05	0,21	0,39	1482,53
180	10.09.2025 07:15:59	20,18	-0,03	0,19	0,36	1482,51
181	10.09.2025 07:16:00	20,18	-0,05	0,19	0,36	1482,51
182	10.09.2025 07:16:01	20,18	-0,03	0,19	0,36	1482,51
183	10.09.2025 07:16:02	20,18	-0,03	0,19	0,36	1482,51
184	10.09.2025 07:16:03	20,18	-0,03	0,18	0,33	1482,50
185	10.09.2025 07:16:04	20,15	-0,03	0,19	0,36	1482,42
186	10.09.2025 07:16:05	20,15	-0,05	0,18	0,33	1482,40
187	10.09.2025 07:16:06	20,15	-0,03	0,18	0,33	1482,40
188	10.09.2025 07:16:07	20,15	-0,03	0,18	0,33	1482,40
189	10.09.2025 07:16:08	20,15	-0,03	0,19	0,36	1482,42
190	10.09.2025 07:16:09	20,15	-0,03	0,18	0,33	1482,40
191	10.09.2025 07:16:10	20,15	-0,03	0,18	0,33	1482,40
192	10.09.2025 07:16:11	20,15	-0,01	0,18	0,33	1482,41
193	10.09.2025 07:16:12	20,15	-0,03	0,19	0,36	1482,42
194	10.09.2025 07:16:13	20,12	-0,03	0,18	0,33	1482,31
195	10.09.2025 07:16:14	20,12	-0,03	0,19	0,36	1482,33
196	10.09.2025 07:16:15	20,12	-0,03	0,19	0,36	1482,33
197	10.09.2025 07:16:16	20,12	-0,03	0,19	0,36	1482,33
198	10.09.2025 07:16:17	20,12	-0,03	0,19	0,36	1482,33
199	10.09.2025 07:16:18	20,12	-0,01	0,19	0,36	1482,33
200	10.09.2025 07:16:19	20,12	-0,03	0,19	0,36	1482,33
201	10.09.2025 07:16:20	20,12	-0,03	0,19	0,36	1482,33
202	10.09.2025 07:16:21	20,12	-0,03	0,19	0,36	1482,33
203	10.09.2025 07:16:22	20,09	-0,05	0,19	0,36	1482,24
204	10.09.2025 07:16:23	20,09	-0,05	0,19	0,36	1482,24
205	10.09.2025 07:16:24	20,09	-0,05	0,19	0,36	1482,24
206	10.09.2025 07:16:25	20,09	-0,05	0,19	0,36	1482,24
207	10.09.2025 07:16:26	20,09	-0,05	0,19	0,36	1482,24
208	10.09.2025 07:16:27	20,09	-0,05	0,19	0,36	1482,24
209	10.09.2025 07:16:28	20,09	-0,05	0,19	0,36	1482,24
210	10.09.2025 07:16:29	20,09	-0,06	0,19	0,36	1482,23
211	10.09.2025 07:16:30	20,06	-0,05	0,19	0,36	1482,15
212	10.09.2025 07:16:31	20,06	-0,06	0,19	0,36	1482,14
213	10.09.2025 07:16:32	20,06	-0,05	0,19	0,36	1482,15
214	10.09.2025 07:16:33	20,06	-0,05	0,19	0,36	1482,15
215	10.09.2025 07:16:34	20,06	-0,05	0,19	0,36	1482,15
216	10.09.2025 07:16:35	20,06	-0,05	0,19	0,36	1482,15
217	10.09.2025 07:16:36	20,03	-0,05	0,19	0,36	1482,06
218	10.09.2025 07:16:37	20,03	-0,05	0,19	0,36	1482,06
219	10.09.2025 07:16:38	20,03	-0,05	0,19	0,36	1482,06
220	10.09.2025 07:16:39	20,03	-0,03	0,21	0,39	1482,08
221	10.09.2025 07:16:40	20,03	-0,05	0,21	0,39	1482,07
222	10.09.2025 07:16:41	20,00	-0,05	0,21	0,39	1481,98
223	10.09.2025 07:16:42	20,00	-0,05	0,21	0,39	1481,98
224	10.09.2025 07:16:43	20,00	-0,03	0,21	0,39	1481,98
225	10.09.2025 07:16:44	20,00	-0,05	0,19	0,36	1481,96
226	10.09.2025 07:16:45	20,00	-0,03	0,21	0,39	1481,98
227	10.09.2025 07:16:46	20,00	-0,03	0,21	0,39	1481,98
228	10.09.2025 07:16:47	20,00	-0,03	0,21	0,39	1481,98
229	10.09.2025 07:16:48	19,97	-0,03	0,19	0,36	1481,88
230	10.09.2025 07:16:49	19,97	-0,03	0,19	0,36	1481,88
231	10.09.2025 07:16:50	19,97	-0,05	0,19	0,36	1481,87
232	10.09.2025 07:16:51	19,97	-0,03	0,19	0,36	1481,88
233	10.09.2025 07:16:52	19,97	-0,05	0,19	0,36	1481,87
234	10.09.2025 07:16:53	19,97	-0,03	0,19	0,36	1481,88
235	10.09.2025 07:16:54	19,95	-0,05	0,21	0,39	1481,80
236	10.09.2025 07:16:55	19,95	-0,05	0,19	0,36	1481,78
237	10.09.2025 07:16:56	19,95	-0,03	0,19	0,36	1481,78
238	10.09.2025 07:16:57	19,95	-0,05	0,21	0,39	1481,80
239	10.09.2025 07:16:58	19,92	-0,03	0,21	0,39	1481,71
240	10.09.2025 07:16:59	19,92	-0,03	0,21	0,39	1481,71
241	10.09.2025 07:17:00	19,92	-0,05	0,21	0,39	1481,71
242	10.09.2025 07:17:01	19,92	-0,05	0,21	0,39	1481,71
243	10.09.2025 07:17:02	19,89	-0,03	0,21	0,39	1481,62
244	10.09.2025 07:17:03	19,89	-0,03	0,19	0,36	1481,60
245	10.09.2025 07:17:04	19,89	-0,05	0,21	0,39	1481,62
246	10.09.2025 07:17:05	19,89	-0,03	0,21	0,39	1481,62
247	10.09.2025 07:17:06	19,86	-0,03	0,21	0,39	1481,53
248	10.09.2025 07:17:07	19,86	-0,03	0,21	0,39	1481,53
249	10.09.2025 07:17:08	19,86	-0,03	0,19	0,36	1481,51
250	10.09.2025 07:17:09	19,83	-0,03	0,19	0,36	1481,42
251	10.09.2025 07:17:10	19,83	-0,03	0,19	0,36	1481,42
252	10.09.2025 07:17:11	19,83	-0,05	0,19	0,36	1481,41
253	10.09.2025 07:17:12	19,80	-0,03	0,19	0,36	1481,33
254	10.09.2025 07:17:13	19,80	-0,03	0,21	0,39	1481,34
255	10.09.2025 07:17:14	19,80	-0,03	0,19	0,36	1481,33
256	10.09.2025 07:17:15	19,80	-0,01	0,19	0,36	1481,33
257	10.09.2025 07:17:16	19,80	-0,05	0,19	0,36	1481,32
258	10.09.2025 07:17:17	19,77	-0,05	0,19	0,36	1481,23
259	10.09.2025 07:17:18	19,77	-0,06	0,21	0,39	1481,25
260	10.09.2025 07:17:19	19,77	-0,05	0,19	0,36	1481,23
261	10.09.2025 07:17:20	19,77	-0,05	0,19	0,36	1481,23
262	10.09.2025 07:17:21	19,77	-0,05	0,19	0,36	1481,23
263	10.09.2025 07:17:22	19,77	-0,05	0,19	0,36	1481,23
264	10.09.2025 07:17:23	19,74	-0,05	0,19	0,36	1481,14
265	10.09.2025 07:17:24	19,74	-0,03	0,19	0,36	1481,14
266	10.09.2025 07:17:25	19,74	-0,05	0,19	0,36	1481,14
267	10.09.2025 07:17:26	19,74	-0,05	0,19	0,36	1481,14
268	10.09.2025 07:17:27	19,74	-0,05	0,19	0,36	1481,14
269	10.09.2025 07:17:28	19,71	-0,05	0,19	0,36	1481,05
270	10.09.2025 07:17:29	19,71	-0,05	0,19	0,36	1481,05
271	10.09.2025 07:17:30	19,71	-0,05	0,19	0,36	1481,05
272	10.09.2025 07:17:31	19,71	-0,05	0,19	0,36	1481,05
273	10.09.2025 07:17:32	19,71	-0,05	0,19	0,36	1481,05
274	10.09.2025 07:17:33	19,71	-0,05	0,19	0,36	1481,05
275	10.09.2025 07:17:34	19,71	-0,05	0,19	0,36	1481,05
276	10.09.2025 07:17:35	19,71	-0,05	0,19	0,36	1481,05
277	10.09.2025 07:17:36	19,68	-0,03	0,19	0,36	1480,96
278	10.09.2025 07:17:37	19,68	-0,05	0,19	0,36	1480,95
279	10.09.2025 07:17:38	19,68	-0,05	0,19	0,36	1480,95
280	10.09.2025 07:17:39	19,68	-0,03	0,19	0,36	1480,96
281	10.09.2025 07:17:40	19,68	-0,03	0,19	0,36	1480,96
282	10.09.2025 07:17:41	19,68	-0,03	0,19	0,36	1480,96
283	10.09.2025 07:17:42	19,68	-0,03	0,19	0,36	1480,96
284	10.09.2025 07:17:43	19,65	-0,03	0,19	0,36	1480,87
285	10.09.2025 07:17:44	19,65	-0,03	0,19	0,36	1480,87
286	10.09.2025 07:17:45	19,65	-0,05	0,19	0,36	1480,86
287	10.09.2025 07:17:46	19,65	-0,05	0,19	0,36	1480,86
288	10.09.2025 07:17:47	19,65	-0,03	0,19	0,36	1480,87
289	10.09.2025 07:17:48	19,65	-0,03	0,19	0,36	1480,87
290	10.09.2025 07:17:49	19,62	-0,03	0,20	0,36	1480,77
291	10.09.2025 07:17:50	19,62	-0,03	0,20	0,36	1480,77
292	10.09.2025 07:17:51	19,62	-0,03	0,20	0,36	1480,77
293	10.09.2025 07:17:52	19,62	-0,05	0,20	0,36	1480,77
294	10.09.2025 07:17:53	19,62	-0,05	0,20	0,36	1480,77
295	10.09.2025 07:17:54	19,59	-0,05	0,20	0,36	1480,68
296	10.09.2025 07:17:55	19,59	-0,03	0,20	0,36	1480,68
297	10.09.2025 07:17:56	19,59	-0,03	0,20	0,36	1480,68
298	10.09.2025 07:17:57	19,59	-0,03	0,20	0,36	1480,68
299	10.09.2025 07:17:58	19,59	-0,05	0,20	0,36	1480,68
300	10.09.2025 07:17:59	19,59	-0,05	0,20	0,36	1480,68
301	10.09.2025 07:18:00	19,56	-0,05	0,20	0,36	1480,59
302	10.09.2025 07:18:01	19,56	-0,03	0,20	0,36	1480,59
303	10.09.2025 07:18:02	19,56	-0,03	0,20	0,36	1480,59
304	10.09.2025 07:18:03	19,56	-0,05	0,20	0,36	1480,59
305	10.09.2025 07:18:04	19,56	-0,03	0,20	0,36	1480,59
306	10.09.2025 07:18:05	19,56	-0,03	0,20	0,36	1480,59
307	10.09.2025 07:18:06	19,53	-0,03	0,20	0,36	1480,50
308	10.09.2025 07:18:07	19,53	-0,03	0,20	0,36	1480,50
309	10.09.2025 07:18:08	19,53	-0,05	0,20	0,36	1480,49
310	10.09.2025 07:18:09	19,53	-0,03	0,20	0,36	1480,50
311	10.09.2025 07:18:10	19,53	-0,03	0,20	0,36	1480,50
312	10.09.2025 07:18:11	19,50	-0,03	0,20	0,36	1480,40
313	10.09.2025 07:18:12	19,50	-0,03	0,20	0,36	1480,40
314	10.09.2025 07:18:13	19,50	-0,03	0,20	0,36	1480,40
315	10.09.2025 07:18:14	19,50	-0,03	0,20	0,36	1480,40
316	10.09.2025 07:18:15	19,50	-0,03	0,20	0,36	1480,40
317	10.09.2025 07:18:16	19,50	-0,05	0,20	0,36	1480,40
318	10.09.2025 07:18:17	19,47	-0,03	0,20	0,36	1480,31
319	10.09.2025 07:18:18	19,47	-0,03	0,20	0,36	1480,31
320	10.09.2025 07:18:19	19,47	-0,05	0,20	0,36	1480,31
321	10.09.2025 07:18:20	19,47	-0,03	0,20	0,36	1480,31
322	10.09.2025 07:18:21	19,47	-0,05	0,20	0,36	1480,31
323	10.09.2025 07:18:22	19,45	-0,05	0,20	0,36	1480,21
324	10.09.2025 07:18:23	19,45	-0,05	0,20	0,36	1480,21
325	10.09.2025 07:18:24	19,45	-0,06	0,20	0,36	1480,21
326	10.09.2025 07:18:25	19,45	-0,05	0,20	0,36	1480,21
327	10.09.2025 07:18:26	19,45	-0,05	0,20	0,36	1480,21
328	10.09.2025 07:18:27	19,45	-0,06	0,20	0,36	1480,21
329	10.09.2025 07:18:28	19,42	-0,05	0,20	0,36	1480,12
330	10.09.2025 07:18:29	19,42	-0,06	0,20	0,36	1480,12
331	10.09.2025 07:18:30	19,42	-0,05	0,20	0,36	1480,12
332	10.09.2025 07:18:31	19,42	-0,05	0,20	0,36	1480,12
333	10.09.2025 07:18:32	19,42	-0,05	0,20	0,36	1480,12
334	10.09.2025 07:18:33	19,42	-0,05	0,20	0,36	1480,12
335	10.09.2025 07:18:34	19,39	-0,05	0,20	0,36	1480,03
336	10.09.2025 07:18:35	19,39	-0,05	0,20	0,36	1480,03
337	10.09.2025 07:18:36	19,39	-0,05	0,20	0,36	1480,03
338	10.09.2025 07:18:37	19,39	-0,03	0,20	0,36	1480,03
339	10.09.2025 07:18:38	19,39	-0,05	0,20	0,36	1480,03
340	10.09.2025 07:18:39	19,39	-0,05	0,20	0,36	1480,03
341	10.09.2025 07:18:40	19,39	-0,03	0,20	0,36	1480,03
342	10.09.2025 07:18:41	19,39	-0,05	0,20	0,36	1480,03
343	10.09.2025 07:18:42	19,36	-0,03	0,20	0,36	1479,94
344	10.09.2025 07:18:43	19,36	-0,05	0,20	0,36	1479,94
345	10.09.2025 07:18:44	19,36	-0,03	0,20	0,36	1479,94
346	10.09.2025 07:18:45	19,36	-0,03	0,20	0,36	1479,94
347	10.09.2025 07:18:46	19,36	-0,05	0,20	0,36	1479,94
348	10.09.2025 07:18:47	19,36	-0,05	0,20	0,36	1479,94
349	10.09.2025 07:18:48	19,36	-0,05	0,20	0,36	1479,94
350	10.09.2025 07:18:49	19,36	-0,05	0,20	0,36	1479,94
351	10.09.2025 07:18:50	19,33	-0,05	0,20	0,36	1479,84
352	10.09.2025 07:18:51	19,33	-0,05	0,20	0,36	1479,84
353	10.09.2025 07:18:52	19,33	-0,05	0,20	0,36	1479,84
354	10.09.2025 07:18:53	19,33	-0,05	0,20	0,36	1479,84
355	10.09.2025 07:18:54	19,33	-0,03	0,21	0,39	1479,86
356	10.09.2025 07:18:55	19,33	-0,03	0,21	0,39	1479,86
357	10.09.2025 07:18:56	19,33	-0,05	0,18	0,33	1479,82
358	10.09.2025 07:18:57	19,33	-0,05	0,23	0,42	1479,88
359	10.09.2025 07:18:58	19,30	-0,05	0,21	0,39	1479,77
360	10.09.2025 07:18:59	19,30	-0,03	0,20	0,36	1479,75
361	10.09.2025 07:19:00	19,30	-0,03	0,20	0,36	1479,75
362	10.09.2025 07:19:01	19,27	-0,13	27,74	38,30	1511,11
363	10.09.2025 07:19:02	19,03	-0,10	27,82	38,21	1510,53
364	10.09.2025 07:19:03	18,83	-0,06	27,80	38,01	1509,91
365	10.09.2025 07:19:04	18,71	-0,06	27,97	38,12	1509,75
366	10.09.2025 07:19:05	18,62	-0,03	28,01	38,09	1509,54
367	10.09.2025 07:19:06	18,53	-0,01	28,06	38,09	1509,35
368	10.09.2025 07:19:07	18,44	-0,03	17,71	25,04	1497,17
369	10.09.2025 07:19:08	18,41	-0,01	28,14	38,09	1509,09
370	10.09.2025 07:19:09	18,35	-0,01	28,18	38,09	1508,96
371	10.09.2025 07:19:10	18,32	0,03	28,20	38,09	1508,90
372	10.09.2025 07:19:11	18,29	0,03	28,22	38,09	1508,84
373	10.09.2025 07:19:12	18,26	0,04	28,27	38,11	1508,80
374	10.09.2025 07:19:13	18,23	0,01	28,29	38,11	1508,73
375	10.09.2025 07:19:14	18,20	0,01	28,28	38,08	1508,64
376	10.09.2025 07:19:15	18,20	0,01	28,28	38,08	1508,64
377	10.09.2025 07:19:16	18,17	0,03	28,33	38,11	1508,60
378	10.09.2025 07:19:17	18,14	0,03	28,32	38,08	1508,51
379	10.09.2025 07:19:18	18,14	0,03	28,32	38,08	1508,51
380	10.09.2025 07:19:19	18,11	-0,01	28,37	38,11	1508,47
381	10.09.2025 07:19:20	18,08	-0,01	28,39	38,11	1508,40
382	10.09.2025 07:19:21	18,08	-0,01	28,36	38,08	1508,38
383	10.09.2025 07:19:22	18,05	0,01	28,38	38,08	1508,31
384	10.09.2025 07:19:23	18,05	0,01	28,41	38,11	1508,34
385	10.09.2025 07:19:24	18,02	-0,01	28,43	38,11	1508,27
386	10.09.2025 07:19:25	18,02	-0,01	28,43	38,11	1508,27
387	10.09.2025 07:19:26	17,99	-0,01	28,45	38,11	1508,21
388	10.09.2025 07:19:27	17,96	-0,01	28,47	38,11	1508,14
389	10.09.2025 07:19:28	17,96	0,01	28,44	38,08	1508,12
390	10.09.2025 07:19:29	17,96	-0,01	28,47	38,11	1508,14
391	10.09.2025 07:19:30	17,93	-0,01	28,46	38,08	1508,05
392	10.09.2025 07:19:31	17,93	-0,01	28,49	38,11	1508,08
393	10.09.2025 07:19:32	17,91	-0,01	28,51	38,11	1508,01
394	10.09.2025 07:19:33	17,91	-0,01	28,51	38,11	1508,01
395	10.09.2025 07:19:34	17,91	-0,01	28,51	38,11	1508,01
396	10.09.2025 07:19:35	17,88	-0,01	28,53	38,11	1507,95
397	10.09.2025 07:19:36	17,88	-0,01	28,53	38,11	1507,95
398	10.09.2025 07:19:37	17,88	0,01	28,53	38,11	1507,95
399	10.09.2025 07:19:38	17,85	-0,01	28,55	38,10	1507,88
400	10.09.2025 07:19:39	17,85	-0,01	28,55	38,10	1507,88
401	10.09.2025 07:19:40	17,85	-0,01	28,55	38,10	1507,88
402	10.09.2025 07:19:41	17,82	-0,01	28,57	38,10	1507,81
403	10.09.2025 07:19:42	17,82	-0,01	28,57	38,10	1507,81
404	10.09.2025 07:19:43	17,82	-0,01	28,57	38,10	1507,81
405	10.09.2025 07:19:44	17,79	-0,03	28,59	38,10	1507,75
406	10.09.2025 07:19:45	17,79	-0,01	28,59	38,10	1507,75
407	10.09.2025 07:19:46	17,79	-0,01	28,59	38,10	1507,75
408	10.09.2025 07:19:47	17,79	0,01	28,59	38,10	1507,75
409	10.09.2025 07:19:48	17,79	-0,03	28,59	38,10	1507,75
410	10.09.2025 07:19:49	17,76	-0,03	28,61	38,10	1507,68
411	10.09.2025 07:19:50	17,76	-0,01	28,61	38,10	1507,68
412	10.09.2025 07:19:51	17,76	-0,03	28,61	38,10	1507,68
413	10.09.2025 07:19:52	17,76	-0,03	28,61	38,10	1507,68
414	10.09.2025 07:19:53	17,73	-0,03	28,63	38,10	1507,61
415	10.09.2025 07:19:54	17,73	-0,03	28,63	38,10	1507,61
416	10.09.2025 07:19:55	17,73	-0,05	28,63	38,10	1507,61
417	10.09.2025 07:19:56	17,73	-0,03	28,63	38,10	1507,61
418	10.09.2025 07:19:57	17,73	-0,03	28,63	38,10	1507,61
419	10.09.2025 07:19:58	17,70	-0,03	28,65	38,10	1507,55
420	10.09.2025 07:19:59	17,70	-0,03	28,65	38,10	1507,55
421	10.09.2025 07:20:00	17,70	-0,03	28,65	38,10	1507,55
422	10.09.2025 07:20:01	17,70	-0,03	28,65	38,10	1507,55
423	10.09.2025 07:20:02	17,70	-0,03	28,65	38,10	1507,55
424	10.09.2025 07:20:03	17,67	-0,03	28,67	38,10	1507,48
425	10.09.2025 07:20:04	17,67	-0,01	28,67	38,10	1507,49
426	10.09.2025 07:20:05	17,67	-0,03	28,67	38,10	1507,48
427	10.09.2025 07:20:06	17,67	-0,01	28,67	38,10	1507,49
428	10.09.2025 07:20:07	17,67	-0,03	28,67	38,10	1507,48
429	10.09.2025 07:20:08	17,67	-0,01	28,67	38,10	1507,49
430	10.09.2025 07:20:09	17,67	-0,03	28,67	38,10	1507,48
431	10.09.2025 07:20:10	17,64	-0,03	28,69	38,10	1507,42
432	10.09.2025 07:20:11	17,64	-0,03	28,69	38,10	1507,42
433	10.09.2025 07:20:12	17,64	-0,01	28,69	38,10	1507,42
434	10.09.2025 07:20:13	17,64	-0,03	28,69	38,10	1507,42
435	10.09.2025 07:20:14	17,64	-0,01	28,69	38,10	1507,42
436	10.09.2025 07:20:15	17,64	-0,03	28,69	38,10	1507,42
437	10.09.2025 07:20:16	17,64	-0,03	28,69	38,10	1507,42
438	10.09.2025 07:20:17	17,64	-0,01	28,69	38,10	1507,42
439	10.09.2025 07:20:18	17,61	-0,03	28,71	38,10	1507,35
440	10.09.2025 07:20:19	17,61	-0,01	28,71	38,10	1507,35
441	10.09.2025 07:20:20	17,61	-0,01	28,71	38,10	1507,35
442	10.09.2025 07:20:21	17,61	-0,01	28,71	38,10	1507,35
443	10.09.2025 07:20:22	17,61	-0,01	28,71	38,10	1507,35
444	10.09.2025 07:20:23	17,61	0,01	28,71	38,10	1507,36
445	10.09.2025 07:20:24	17,61	-0,01	28,71	38,10	1507,35
446	10.09.2025 07:20:25	17,61	-0,01	28,71	38,10	1507,35
447	10.09.2025 07:20:26	17,61	0,01	28,71	38,10	1507,36
448	10.09.2025 07:20:27	17,61	-0,01	28,71	38,10	1507,35
449	10.09.2025 07:20:28	17,61	-0,03	28,71	38,10	1507,35
450	10.09.2025 07:20:29	17,61	-0,01	28,71	38,10	1507,35
451	10.09.2025 07:20:30	17,58	0,01	28,73	38,10	1507,29
452	10.09.2025 07:20:31	17,58	-0,01	28,73	38,10	1507,29
453	10.09.2025 07:20:32	17,58	-0,01	28,73	38,10	1507,29
454	10.09.2025 07:20:33	17,58	-0,01	28,73	38,10	1507,29
455	10.09.2025 07:20:34	17,58	0,01	28,73	38,10	1507,29
456	10.09.2025 07:20:35	17,58	0,01	28,73	38,10	1507,29
457	10.09.2025 07:20:36	17,58	0,01	28,73	38,10	1507,29
458	10.09.2025 07:20:37	17,58	0,01	28,73	38,10	1507,29
459	10.09.2025 07:20:38	17,58	0,03	28,73	38,10	1507,29
460	10.09.2025 07:20:39	17,58	0,03	28,73	38,10	1507,29
461	10.09.2025 07:20:40	17,58	0,03	28,73	38,10	1507,29
462	10.09.2025 07:20:41	17,58	0,04	28,73	38,10	1507,30
463	10.09.2025 07:20:42	17,58	0,04	28,73	38,10	1507,30
464	10.09.2025 07:20:43	17,58	0,04	28,73	38,10	1507,30
465	10.09.2025 07:20:44	17,58	0,04	28,73	38,10	1507,30
466	10.09.2025 07:20:45	17,58	0,03	28,73	38,10	1507,29
467	10.09.2025 07:20:46	17,58	0,04	28,73	38,10	1507,30
468	10.09.2025 07:20:47	17,55	0,06	28,75	38,10	1507,23
469	10.09.2025 07:20:48	17,55	0,04	28,75	38,10	1507,23
470	10.09.2025 07:20:49	17,55	0,04	28,75	38,10	1507,23
471	10.09.2025 07:20:50	17,55	0,06	28,75	38,10	1507,23
472	10.09.2025 07:20:51	17,55	0,06	28,75	38,10	1507,23
473	10.09.2025 07:20:52	17,55	0,06	28,75	38,10	1507,23
474	10.09.2025 07:20:53	17,55	0,08	28,75	38,10	1507,24
475	10.09.2025 07:20:54	17,55	0,10	28,75	38,10	1507,24
476	10.09.2025 07:20:55	17,55	0,12	28,75	38,10	1507,24
477	10.09.2025 07:20:56	17,55	0,13	28,75	38,10	1507,24
478	10.09.2025 07:20:57	17,55	0,13	28,75	38,10	1507,24
479	10.09.2025 07:20:58	17,55	0,13	28,75	38,10	1507,24
480	10.09.2025 07:20:59	17,55	0,17	28,75	38,10	1507,25
481	10.09.2025 07:21:00	17,55	0,19	28,75	38,10	1507,25
482	10.09.2025 07:21:01	17,55	0,19	28,75	38,10	1507,25
483	10.09.2025 07:21:02	17,55	0,19	28,75	38,10	1507,25
484	10.09.2025 07:21:03	17,55	0,17	28,75	38,10	1507,25
485	10.09.2025 07:21:04	17,55	0,21	28,75	38,10	1507,26
486	10.09.2025 07:21:05	17,55	0,21	28,75	38,10	1507,26
487	10.09.2025 07:21:06	17,55	0,22	28,75	38,10	1507,26
488	10.09.2025 07:21:07	17,55	0,22	28,75	38,10	1507,26
489	10.09.2025 07:21:08	17,55	0,22	28,75	38,10	1507,26
490	10.09.2025 07:21:09	17,55	0,22	28,75	38,10	1507,26
491	10.09.2025 07:21:10	17,55	0,21	28,75	38,10	1507,26
492	10.09.2025 07:21:11	17,55	0,21	28,75	38,10	1507,26
493	10.09.2025 07:21:12	17,55	0,22	28,75	38,10	1507,26
494	10.09.2025 07:21:13	17,55	0,22	28,75	38,10	1507,26
495	10.09.2025 07:21:14	17,55	0,24	28,75	38,10	1507,26
496	10.09.2025 07:21:15	17,55	0,26	28,75	38,10	1507,26
497	10.09.2025 07:21:16	17,55	0,30	28,75	38,10	1507,27
498	10.09.2025 07:21:17	17,55	0,31	28,75	38,10	1507,27
499	10.09.2025 07:21:18	17,55	0,35	28,75	38,10	1507,28
500	10.09.2025 07:21:19	17,55	0,37	28,75	38,10	1507,28
501	10.09.2025 07:21:20	17,55	0,40	28,75	38,10	1507,29
502	10.09.2025 07:21:21	17,52	0,44	28,77	38,10	1507,23
503	10.09.2025 07:21:22	17,52	0,46	28,80	38,13	1507,26
504	10.09.2025 07:21:23	17,52	0,47	28,77	38,10	1507,23
505	10.09.2025 07:21:24	17,52	0,49	28,80	38,13	1507,26
506	10.09.2025 07:21:25	17,52	0,52	28,80	38,13	1507,27
507	10.09.2025 07:21:26	17,52	0,54	28,80	38,13	1507,27
508	10.09.2025 07:21:27	17,52	0,56	28,80	38,13	1507,27
509	10.09.2025 07:21:28	17,52	0,58	28,77	38,10	1507,25
510	10.09.2025 07:21:29	17,52	0,61	28,80	38,13	1507,28
511	10.09.2025 07:21:30	17,52	0,63	28,77	38,10	1507,26
512	10.09.2025 07:21:31	17,52	0,63	28,80	38,13	1507,28
513	10.09.2025 07:21:32	17,52	0,67	28,77	38,10	1507,26
514	10.09.2025 07:21:33	17,52	0,67	28,77	38,10	1507,26
515	10.09.2025 07:21:34	17,52	0,68	28,77	38,10	1507,27
516	10.09.2025 07:21:35	17,52	0,70	28,79	38,13	1507,30
517	10.09.2025 07:21:36	17,52	0,72	28,79	38,13	1507,30
518	10.09.2025 07:21:37	17,52	0,72	28,77	38,10	1507,27
519	10.09.2025 07:21:38	17,52	0,74	28,77	38,10	1507,27
520	10.09.2025 07:21:39	17,52	0,74	28,77	38,10	1507,27
521	10.09.2025 07:21:40	17,52	0,77	28,79	38,13	1507,31
522	10.09.2025 07:21:41	17,52	0,79	28,79	38,13	1507,31
523	10.09.2025 07:21:42	17,52	0,79	28,77	38,10	1507,28
524	10.09.2025 07:21:43	17,52	0,81	28,77	38,10	1507,29
525	10.09.2025 07:21:44	17,52	0,83	28,79	38,13	1507,32
526	10.09.2025 07:21:45	17,52	0,85	28,79	38,13	1507,32
527	10.09.2025 07:21:46	17,52	0,85	28,79	38,13	1507,32
528	10.09.2025 07:21:47	17,52	0,88	28,79	38,13	1507,32
529	10.09.2025 07:21:48	17,52	0,88	28,77	38,10	1507,30
530	10.09.2025 07:21:49	17,52	0,90	28,77	38,10	1507,30
531	10.09.2025 07:21:50	17,52	0,92	28,79	38,13	1507,33
532	10.09.2025 07:21:51	17,52	0,93	28,79	38,13	1507,33
533	10.09.2025 07:21:52	17,52	0,93	28,79	38,13	1507,33
534	10.09.2025 07:21:53	17,52	0,95	28,79	38,13	1507,34
535	10.09.2025 07:21:54	17,52	0,95	28,79	38,13	1507,34
536	10.09.2025 07:21:55	17,52	0,97	28,77	38,10	1507,31
537	10.09.2025 07:21:56	17,52	0,99	28,77	38,10	1507,31
538	10.09.2025 07:21:57	17,52	1,01	28,77	38,10	1507,32
539	10.09.2025 07:21:58	17,52	1,01	28,77	38,10	1507,32
540	10.09.2025 07:21:59	17,52	1,04	28,77	38,10	1507,32
541	10.09.2025 07:22:00	17,52	1,04	28,77	38,10	1507,32
542	10.09.2025 07:22:01	17,49	1,06	28,81	38,13	1507,29
543	10.09.2025 07:22:02	17,49	1,08	28,79	38,10	1507,26
544	10.09.2025 07:22:03	17,49	1,08	28,79	38,10	1507,26
545	10.09.2025 07:22:04	17,49	1,09	28,79	38,10	1507,26
546	10.09.2025 07:22:05	17,49	1,11	28,79	38,10	1507,27
547	10.09.2025 07:22:06	17,49	1,13	28,79	38,10	1507,27
548	10.09.2025 07:22:07	17,49	1,13	28,79	38,10	1507,27
549	10.09.2025 07:22:08	17,49	1,17	28,79	38,10	1507,28
550	10.09.2025 07:22:09	17,46	1,16	28,81	38,10	1507,21
551	10.09.2025 07:22:10	17,46	1,20	28,81	38,10	1507,22
552	10.09.2025 07:22:11	17,46	1,20	28,81	38,10	1507,22
553	10.09.2025 07:22:12	17,43	1,22	28,83	38,10	1507,15
554	10.09.2025 07:22:13	17,43	1,22	28,83	38,10	1507,15
555	10.09.2025 07:22:14	17,43	1,23	28,83	38,10	1507,15
556	10.09.2025 07:22:15	17,40	1,25	28,85	38,10	1507,09
557	10.09.2025 07:22:16	17,40	1,27	28,85	38,10	1507,09
558	10.09.2025 07:22:17	17,40	1,27	28,85	38,10	1507,09
559	10.09.2025 07:22:18	17,37	1,30	28,90	38,12	1507,06
560	10.09.2025 07:22:19	17,37	1,30	28,90	38,12	1507,06
561	10.09.2025 07:22:20	17,34	1,32	28,94	38,15	1507,02
562	10.09.2025 07:22:21	17,34	1,34	28,94	38,15	1507,03
563	10.09.2025 07:22:22	17,31	1,35	28,96	38,15	1506,96
564	10.09.2025 07:22:23	17,28	1,37	29,01	38,18	1506,93
565	10.09.2025 07:22:24	17,28	1,39	29,01	38,18	1506,93
566	10.09.2025 07:22:25	17,25	1,40	29,03	38,18	1506,87
567	10.09.2025 07:22:26	17,22	1,42	29,05	38,18	1506,80
568	10.09.2025 07:22:27	17,22	1,44	29,05	38,18	1506,81
569	10.09.2025 07:22:28	17,19	1,45	29,07	38,18	1506,74
570	10.09.2025 07:22:29	17,16	1,45	29,09	38,18	1506,68
571	10.09.2025 07:22:30	17,16	1,49	29,09	38,18	1506,68
572	10.09.2025 07:22:31	17,13	1,49	29,14	38,20	1506,64
573	10.09.2025 07:22:32	17,13	1,52	29,13	38,20	1506,65
574	10.09.2025 07:22:33	17,10	1,52	29,16	38,20	1506,58
575	10.09.2025 07:22:34	17,10	1,54	29,16	38,20	1506,58
576	10.09.2025 07:22:35	17,07	1,56	29,18	38,20	1506,52
577	10.09.2025 07:22:36	17,04	1,57	29,20	38,20	1506,45
578	10.09.2025 07:22:37	17,04	1,59	29,22	38,23	1506,49
579	10.09.2025 07:22:38	17,01	1,59	29,24	38,23	1506,42
580	10.09.2025 07:22:39	16,98	1,60	29,26	38,23	1506,35
581	10.09.2025 07:22:40	16,98	1,62	29,26	38,23	1506,36
582	10.09.2025 07:22:41	16,95	1,64	29,31	38,26	1506,32
583	10.09.2025 07:22:42	16,95	1,64	29,31	38,26	1506,32
584	10.09.2025 07:22:43	16,92	1,66	29,33	38,26	1506,26
585	10.09.2025 07:22:44	16,92	1,66	29,35	38,28	1506,28
586	10.09.2025 07:22:45	16,86	1,69	29,42	38,31	1506,18
587	10.09.2025 07:22:46	16,83	1,67	29,44	38,31	1506,11
588	10.09.2025 07:22:47	16,77	1,68	29,49	38,31	1505,98
589	10.09.2025 07:22:48	16,74	1,72	29,53	38,34	1505,95
590	10.09.2025 07:22:49	16,71	1,73	29,55	38,34	1505,88
591	10.09.2025 07:22:50	16,68	1,75	29,55	38,31	1505,79
592	10.09.2025 07:22:51	16,68	1,73	29,31	38,03	1505,51
593	10.09.2025 07:22:52	16,59	1,76	29,18	37,80	1505,08
594	10.09.2025 07:22:53	16,50	1,78	29,25	37,80	1504,88
595	10.09.2025 07:22:54	16,44	1,81	29,29	37,80	1504,75
596	10.09.2025 07:22:55	16,38	1,82	29,31	37,77	1504,59
597	10.09.2025 07:22:56	16,35	1,84	29,23	37,66	1504,41
598	10.09.2025 07:22:57	16,29	1,86	29,08	37,43	1504,05
599	10.09.2025 07:22:58	16,20	1,85	28,83	37,06	1503,47
600	10.09.2025 07:22:59	16,05	1,86	28,77	36,86	1502,93
601	10.09.2025 07:23:00	15,89	1,91	28,75	36,72	1502,44
602	10.09.2025 07:23:01	15,74	1,93	28,62	36,44	1501,81
603	10.09.2025 07:23:02	15,59	1,93	28,21	35,84	1500,84
604	10.09.2025 07:23:03	15,35	1,93	27,96	35,36	1499,78
605	10.09.2025 07:23:04	15,04	1,99	27,97	35,13	1498,82
606	10.09.2025 07:23:05	14,80	2,03	27,90	34,85	1497,94
607	10.09.2025 07:23:06	14,55	2,03	27,62	34,34	1496,81
608	10.09.2025 07:23:07	14,25	2,07	27,63	34,11	1495,83
609	10.09.2025 07:23:08	13,97	2,13	27,67	33,93	1494,96
610	10.09.2025 07:23:09	13,75	2,16	27,52	33,60	1494,06
611	10.09.2025 07:23:10	13,50	2,18	27,51	33,39	1493,23
612	10.09.2025 07:23:11	13,26	2,18	27,38	33,05	1492,23
613	10.09.2025 07:23:12	13,01	2,24	27,56	33,05	1491,60
614	10.09.2025 07:23:13	12,82	2,29	27,64	32,99	1491,07
615	10.09.2025 07:23:14	12,63	2,31	27,75	32,96	1490,56
616	10.09.2025 07:23:15	12,47	2,34	27,86	32,95	1490,16
617	10.09.2025 07:23:16	12,32	2,37	27,79	32,75	1489,53
618	10.09.2025 07:23:17	12,16	2,38	27,82	32,67	1489,03
619	10.09.2025 07:23:18	12,00	2,41	27,81	32,52	1488,46
620	10.09.2025 07:23:19	11,84	2,42	27,74	32,33	1487,82
621	10.09.2025 07:23:20	11,62	2,44	27,76	32,18	1487,07
622	10.09.2025 07:23:21	11,43	2,47	27,72	31,98	1486,34
623	10.09.2025 07:23:22	11,23	2,51	27,75	31,86	1485,70
624	10.09.2025 07:23:23	11,04	2,52	27,73	31,69	1484,99
625	10.09.2025 07:23:24	10,88	2,55	27,63	31,46	1484,30
626	10.09.2025 07:23:25	10,66	2,58	27,55	31,21	1483,39
627	10.09.2025 07:23:26	10,46	2,58	27,61	31,12	1482,76
628	10.09.2025 07:23:27	10,23	2,63	27,67	31,00	1482,01
629	10.09.2025 07:23:28	10,04	2,65	27,45	30,63	1481,03
630	10.09.2025 07:23:29	9,81	2,66	27,26	30,27	1479,95
631	10.09.2025 07:23:30	9,51	2,70	27,36	30,15	1478,99
632	10.09.2025 07:23:31	9,28	2,74	27,34	29,95	1478,11
633	10.09.2025 07:23:32	9,02	2,78	27,45	29,86	1477,26
634	10.09.2025 07:23:33	8,85	2,79	27,29	29,57	1476,43
635	10.09.2025 07:23:34	8,62	2,82	27,20	29,31	1475,44
636	10.09.2025 07:23:35	8,35	2,84	27,00	28,92	1474,17
637	10.09.2025 07:23:36	8,05	2,88	26,88	28,57	1472,85
638	10.09.2025 07:23:37	7,74	2,92	26,87	28,34	1471,67
639	10.09.2025 07:23:38	7,44	2,98	27,01	28,25	1470,65
640	10.09.2025 07:23:39	7,20	3,02	27,11	28,16	1469,84
641	10.09.2025 07:23:40	6,99	3,04	27,17	28,07	1469,11
642	10.09.2025 07:23:41	6,75	3,07	27,33	28,04	1468,36
643	10.09.2025 07:23:42	6,58	3,08	27,40	27,98	1467,76
644	10.09.2025 07:23:43	6,40	3,10	27,51	27,95	1467,20
645	10.09.2025 07:23:44	6,26	3,12	27,53	27,86	1466,66
646	10.09.2025 07:23:45	6,12	3,14	27,52	27,75	1466,09
647	10.09.2025 07:23:46	5,95	3,15	27,53	27,63	1465,39
648	10.09.2025 07:23:47	5,77	3,16	27,61	27,57	1464,78
649	10.09.2025 07:23:48	5,59	3,19	27,69	27,51	1464,16
650	10.09.2025 07:23:49	5,45	3,22	27,77	27,48	1463,69
651	10.09.2025 07:23:50	5,31	3,23	27,85	27,45	1463,21
652	10.09.2025 07:23:51	5,17	3,26	27,97	27,45	1462,78
653	10.09.2025 07:23:52	5,06	3,27	28,03	27,42	1462,41
654	10.09.2025 07:23:53	4,95	3,30	28,02	27,33	1461,96
655	10.09.2025 07:23:54	4,84	3,31	28,14	27,36	1461,66
656	10.09.2025 07:23:55	4,74	3,34	28,13	27,27	1461,21
657	10.09.2025 07:23:56	4,59	3,36	28,19	27,21	1460,68
658	10.09.2025 07:23:57	4,48	3,40	28,28	27,21	1460,35
659	10.09.2025 07:23:58	4,37	3,42	28,37	27,21	1460,01
660	10.09.2025 07:23:59	4,26	3,45	28,46	27,21	1459,67
661	10.09.2025 07:24:00	4,15	3,46	28,52	27,18	1459,29
662	10.09.2025 07:24:01	4,08	3,49	28,58	27,18	1459,07
663	10.09.2025 07:24:02	3,97	3,50	28,68	27,17	1458,72
664	10.09.2025 07:24:03	3,90	3,53	28,71	27,14	1458,45
665	10.09.2025 07:24:04	3,82	3,57	28,77	27,14	1458,23
666	10.09.2025 07:24:05	3,75	3,58	28,83	27,14	1458,00
667	10.09.2025 07:24:06	3,68	3,61	28,93	27,17	1457,81
668	10.09.2025 07:24:07	3,60	3,63	29,00	27,17	1457,58
669	10.09.2025 07:24:08	3,53	3,66	29,06	27,16	1457,35
670	10.09.2025 07:24:09	3,45	3,67	29,12	27,16	1457,12
671	10.09.2025 07:24:10	3,38	3,72	29,22	27,19	1456,94
672	10.09.2025 07:24:11	3,34	3,74	29,25	27,19	1456,83
673	10.09.2025 07:24:12	3,27	3,77	29,32	27,19	1456,60
674	10.09.2025 07:24:13	3,23	3,79	29,35	27,19	1456,48
675	10.09.2025 07:24:14	3,19	3,82	29,39	27,19	1456,37
676	10.09.2025 07:24:15	3,12	3,85	29,45	27,19	1456,14
677	10.09.2025 07:24:16	3,08	3,89	29,48	27,18	1456,02
678	10.09.2025 07:24:17	3,04	3,90	29,49	27,16	1455,86
679	10.09.2025 07:24:18	2,97	3,93	29,55	27,15	1455,63
680	10.09.2025 07:24:19	2,93	3,97	29,59	27,15	1455,52
681	10.09.2025 07:24:20	2,86	4,00	29,65	27,15	1455,28
682	10.09.2025 07:24:21	2,82	4,03	29,69	27,15	1455,17
683	10.09.2025 07:24:22	2,78	4,05	29,72	27,15	1455,05
684	10.09.2025 07:24:23	2,74	4,10	29,72	27,12	1454,90
685	10.09.2025 07:24:24	2,71	4,13	29,75	27,12	1454,78
686	10.09.2025 07:24:25	2,67	4,15	29,79	27,12	1454,66
687	10.09.2025 07:24:26	2,63	4,17	29,82	27,12	1454,55
688	10.09.2025 07:24:27	2,59	4,20	29,86	27,12	1454,43
689	10.09.2025 07:24:28	2,55	4,22	29,89	27,12	1454,31
690	10.09.2025 07:24:29	2,52	4,27	29,93	27,12	1454,20
691	10.09.2025 07:24:30	2,48	4,28	29,96	27,12	1454,08
692	10.09.2025 07:24:31	2,44	4,32	30,00	27,12	1453,97
693	10.09.2025 07:24:32	2,40	4,37	30,03	27,12	1453,85
694	10.09.2025 07:24:33	2,36	4,37	30,07	27,12	1453,73
695	10.09.2025 07:24:34	2,33	4,42	30,10	27,11	1453,62
696	10.09.2025 07:24:35	2,29	4,43	30,13	27,11	1453,50
697	10.09.2025 07:24:36	2,29	4,45	30,13	27,11	1453,50
698	10.09.2025 07:24:37	2,25	4,49	30,17	27,11	1453,39
699	10.09.2025 07:24:38	2,21	4,50	30,24	27,14	1453,31
700	10.09.2025 07:24:39	2,17	4,52	30,24	27,11	1453,15
701	10.09.2025 07:24:40	2,17	4,54	30,27	27,14	1453,20
702	10.09.2025 07:24:41	2,13	4,55	30,31	27,14	1453,08
703	10.09.2025 07:24:42	2,10	4,57	30,31	27,11	1452,91
704	10.09.2025 07:24:43	2,10	4,57	30,35	27,14	1452,96
705	10.09.2025 07:24:44	2,10	4,58	30,31	27,11	1452,91
706	10.09.2025 07:24:45	2,06	4,60	30,35	27,11	1452,80
707	10.09.2025 07:24:46	2,06	4,64	30,38	27,14	1452,85
708	10.09.2025 07:24:47	2,02	4,63	30,42	27,14	1452,72
709	10.09.2025 07:24:48	1,98	4,63	30,45	27,14	1452,60
710	10.09.2025 07:24:49	1,98	4,65	30,45	27,14	1452,60
711	10.09.2025 07:24:50	1,98	4,67	30,45	27,14	1452,61
712	10.09.2025 07:24:51	1,94	4,67	30,49	27,14	1452,48
713	10.09.2025 07:24:52	1,94	4,67	30,49	27,14	1452,48
714	10.09.2025 07:24:53	1,90	4,66	30,53	27,13	1452,36
715	10.09.2025 07:24:54	1,90	4,68	30,53	27,13	1452,36
716	10.09.2025 07:24:55	1,87	4,68	30,56	27,13	1452,24
717	10.09.2025 07:24:56	1,87	4,68	30,56	27,13	1452,24
718	10.09.2025 07:24:57	1,83	4,69	30,60	27,13	1452,12
719	10.09.2025 07:24:58	1,83	4,69	30,60	27,13	1452,12
720	10.09.2025 07:24:59	1,83	4,71	30,60	27,13	1452,12
721	10.09.2025 07:25:00	1,79	4,71	30,63	27,13	1452,00
722	10.09.2025 07:25:01	1,79	4,71	30,63	27,13	1452,00
723	10.09.2025 07:25:02	1,79	4,73	30,63	27,13	1452,00
724	10.09.2025 07:25:03	1,75	4,73	30,67	27,13	1451,88
725	10.09.2025 07:25:04	1,75	4,73	30,67	27,13	1451,88
726	10.09.2025 07:25:05	1,75	4,74	30,67	27,13	1451,88
727	10.09.2025 07:25:06	1,71	4,72	30,71	27,13	1451,75
728	10.09.2025 07:25:07	1,71	4,74	30,71	27,13	1451,76
729	10.09.2025 07:25:08	1,71	4,74	30,71	27,13	1451,76
730	10.09.2025 07:25:09	1,71	4,74	30,71	27,13	1451,76
731	10.09.2025 07:25:10	1,67	4,76	30,74	27,13	1451,63
732	10.09.2025 07:25:11	1,67	4,74	30,74	27,13	1451,63
733	10.09.2025 07:25:12	1,67	4,76	30,74	27,13	1451,63
734	10.09.2025 07:25:13	1,67	4,76	30,78	27,16	1451,68
735	10.09.2025 07:25:14	1,63	4,77	30,78	27,13	1451,51
736	10.09.2025 07:25:15	1,63	4,76	30,78	27,13	1451,51
737	10.09.2025 07:25:16	1,63	4,76	30,78	27,13	1451,51
738	10.09.2025 07:25:17	1,63	4,76	30,78	27,13	1451,51
739	10.09.2025 07:25:18	1,63	4,74	30,78	27,13	1451,51
740	10.09.2025 07:25:19	1,60	4,74	30,82	27,13	1451,38
741	10.09.2025 07:25:20	1,60	4,75	30,85	27,16	1451,43
742	10.09.2025 07:25:21	1,60	4,75	30,82	27,13	1451,39
743	10.09.2025 07:25:22	1,60	4,74	30,82	27,13	1451,38
744	10.09.2025 07:25:23	1,60	4,74	30,82	27,13	1451,38
745	10.09.2025 07:25:24	1,60	4,75	30,82	27,13	1451,39
746	10.09.2025 07:25:25	1,56	4,73	30,86	27,13	1451,26
747	10.09.2025 07:25:26	1,56	4,73	30,86	27,13	1451,26
748	10.09.2025 07:25:27	1,56	4,73	30,86	27,13	1451,26
749	10.09.2025 07:25:28	1,56	4,73	30,86	27,13	1451,26
750	10.09.2025 07:25:29	1,56	4,72	30,86	27,13	1451,26
751	10.09.2025 07:25:30	1,56	4,72	30,89	27,16	1451,30
752	10.09.2025 07:25:31	1,52	4,70	30,89	27,13	1451,13
753	10.09.2025 07:25:32	1,52	4,70	30,93	27,16	1451,18
754	10.09.2025 07:25:33	1,52	4,71	30,89	27,13	1451,13
755	10.09.2025 07:25:34	1,52	4,70	30,89	27,13	1451,13
756	10.09.2025 07:25:35	1,52	4,70	30,93	27,16	1451,18
757	10.09.2025 07:25:36	1,52	4,70	30,93	27,16	1451,18
758	10.09.2025 07:25:37	1,52	4,68	30,93	27,16	1451,17
759	10.09.2025 07:25:38	1,52	4,70	30,93	27,16	1451,18
760	10.09.2025 07:25:39	1,48	4,69	30,97	27,16	1451,05
761	10.09.2025 07:25:40	1,48	4,68	30,97	27,15	1451,05
762	10.09.2025 07:25:41	1,48	4,69	30,97	27,15	1451,05
763	10.09.2025 07:25:42	1,48	4,69	30,97	27,15	1451,05
764	10.09.2025 07:25:43	1,48	4,69	30,93	27,13	1451,00
765	10.09.2025 07:25:44	1,48	4,71	30,93	27,13	1451,01
766	10.09.2025 07:25:45	1,48	4,69	30,97	27,15	1451,05
767	10.09.2025 07:25:46	1,48	4,71	30,97	27,15	1451,05
768	10.09.2025 07:25:47	1,48	4,73	30,93	27,13	1451,01
769	10.09.2025 07:25:48	1,48	4,71	30,97	27,15	1451,05
770	10.09.2025 07:25:49	1,48	4,73	30,97	27,15	1451,06
771	10.09.2025 07:25:50	1,48	4,73	30,97	27,15	1451,06
772	10.09.2025 07:25:51	1,48	4,73	30,97	27,15	1451,06
773	10.09.2025 07:25:52	1,44	4,71	31,00	27,15	1450,93
774	10.09.2025 07:25:53	1,44	4,69	31,00	27,15	1450,93
775	10.09.2025 07:25:54	1,44	4,73	31,00	27,15	1450,93
776	10.09.2025 07:25:55	1,44	4,71	31,00	27,15	1450,93
777	10.09.2025 07:25:56	1,44	4,71	31,00	27,15	1450,93
778	10.09.2025 07:25:57	1,44	4,71	31,00	27,15	1450,93
779	10.09.2025 07:25:58	1,44	4,73	31,00	27,15	1450,93
780	10.09.2025 07:25:59	1,44	4,69	31,00	27,15	1450,93
781	10.09.2025 07:26:00	1,44	4,71	31,00	27,15	1450,93
782	10.09.2025 07:26:01	1,44	4,73	31,00	27,15	1450,93
783	10.09.2025 07:26:02	1,44	4,73	31,00	27,15	1450,93
784	10.09.2025 07:26:03	1,44	4,71	31,00	27,15	1450,93
785	10.09.2025 07:26:04	1,44	4,69	31,00	27,15	1450,93
786	10.09.2025 07:26:05	1,44	4,71	31,00	27,15	1450,93
787	10.09.2025 07:26:06	1,44	4,71	31,00	27,15	1450,93
788	10.09.2025 07:26:07	1,44	4,71	31,00	27,15	1450,93
789	10.09.2025 07:26:08	1,44	4,73	31,00	27,15	1450,93
790	10.09.2025 07:26:09	1,44	4,71	31,00	27,15	1450,93
791	10.09.2025 07:26:10	1,44	4,73	31,00	27,15	1450,93
792	10.09.2025 07:26:11	1,44	4,73	31,00	27,15	1450,93
793	10.09.2025 07:26:12	1,44	4,73	31,00	27,15	1450,93
794	10.09.2025 07:26:13	1,44	4,73	30,97	27,13	1450,88
795	10.09.2025 07:26:14	1,44	4,73	31,00	27,15	1450,93
796	10.09.2025 07:26:15	1,44	4,74	31,00	27,15	1450,93
797	10.09.2025 07:26:16	1,44	4,73	31,00	27,15	1450,93
798	10.09.2025 07:26:17	1,40	4,74	31,04	27,15	1450,81
799	10.09.2025 07:26:18	1,40	4,72	31,04	27,15	1450,81
800	10.09.2025 07:26:19	1,40	4,72	31,04	27,15	1450,81
801	10.09.2025 07:26:20	1,44	4,73	31,00	27,15	1450,93
802	10.09.2025 07:26:21	1,40	4,74	31,04	27,15	1450,81
803	10.09.2025 07:26:22	1,40	4,72	31,04	27,15	1450,81
804	10.09.2025 07:26:23	1,40	4,74	31,04	27,15	1450,81
805	10.09.2025 07:26:24	1,40	4,72	31,04	27,15	1450,81
806	10.09.2025 07:26:25	1,40	4,74	31,04	27,15	1450,81
807	10.09.2025 07:26:26	1,40	4,74	31,04	27,15	1450,81
808	10.09.2025 07:26:27	1,40	4,72	31,04	27,15	1450,81
809	10.09.2025 07:26:28	1,40	4,74	31,04	27,15	1450,81
810	10.09.2025 07:26:29	1,40	4,72	31,04	27,15	1450,81
811	10.09.2025 07:26:30	1,40	4,72	31,04	27,15	1450,81
812	10.09.2025 07:26:31	1,40	4,71	31,04	27,15	1450,80
813	10.09.2025 07:26:32	1,40	4,72	31,04	27,15	1450,81
814	10.09.2025 07:26:33	1,40	4,72	31,04	27,15	1450,81
815	10.09.2025 07:26:34	1,40	4,72	31,04	27,15	1450,81
816	10.09.2025 07:26:35	1,40	4,72	31,04	27,15	1450,81
817	10.09.2025 07:26:36	1,40	4,72	31,04	27,15	1450,81
818	10.09.2025 07:26:37	1,40	4,72	31,04	27,15	1450,81
819	10.09.2025 07:26:38	1,40	4,72	31,04	27,15	1450,81
820	10.09.2025 07:26:39	1,40	4,72	31,04	27,15	1450,81
821	10.09.2025 07:26:40	1,40	4,71	31,04	27,15	1450,80
822	10.09.2025 07:26:41	1,40	4,72	31,04	27,15	1450,81
823	10.09.2025 07:26:42	1,40	4,72	31,04	27,15	1450,81
824	10.09.2025 07:26:43	1,40	4,72	31,04	27,15	1450,81
825	10.09.2025 07:26:44	1,40	4,71	31,04	27,15	1450,80
826	10.09.2025 07:26:45	1,40	4,72	31,04	27,15	1450,81
827	10.09.2025 07:26:46	1,40	4,71	31,04	27,15	1450,80
828	10.09.2025 07:26:47	1,40	4,72	31,04	27,15	1450,81
829	10.09.2025 07:26:48	1,40	4,71	31,04	27,15	1450,80
830	10.09.2025 07:26:49	1,40	4,72	31,04	27,15	1450,81
831	10.09.2025 07:26:50	1,40	4,72	31,04	27,15	1450,81
832	10.09.2025 07:26:51	1,40	4,74	31,04	27,15	1450,81
833	10.09.2025 07:26:52	1,40	4,72	31,04	27,15	1450,81
834	10.09.2025 07:26:53	1,40	4,72	31,04	27,15	1450,81
835	10.09.2025 07:26:54	1,40	4,72	31,04	27,15	1450,81
836	10.09.2025 07:26:55	1,40	4,74	31,04	27,15	1450,81
837	10.09.2025 07:26:56	1,40	4,72	31,04	27,15	1450,81
838	10.09.2025 07:26:57	1,40	4,72	31,04	27,15	1450,81
839	10.09.2025 07:26:58	1,40	4,72	31,04	27,15	1450,81
840	10.09.2025 07:26:59	1,40	4,72	31,04	27,15	1450,81
841	10.09.2025 07:27:00	1,40	4,71	31,04	27,15	1450,80
842	10.09.2025 07:27:01	1,40	4,71	31,04	27,15	1450,80
843	10.09.2025 07:27:02	1,40	4,72	31,04	27,15	1450,81
844	10.09.2025 07:27:03	1,40	4,72	31,04	27,15	1450,81
845	10.09.2025 07:27:04	1,40	4,71	31,04	27,15	1450,80
846	10.09.2025 07:27:05	1,40	4,72	31,04	27,15	1450,81
847	10.09.2025 07:27:06	1,40	4,71	31,04	27,15	1450,80
848	10.09.2025 07:27:07	1,40	4,71	31,04	27,15	1450,80
849	10.09.2025 07:27:08	1,40	4,71	31,01	27,12	1450,76
850	10.09.2025 07:27:09	1,40	4,71	31,04	27,15	1450,80
851	10.09.2025 07:27:10	1,40	4,71	31,04	27,15	1450,80
852	10.09.2025 07:27:11	1,40	4,71	31,04	27,15	1450,80
853	10.09.2025 07:27:12	1,40	4,71	31,04	27,15	1450,80
854	10.09.2025 07:27:13	1,40	4,71	31,04	27,15	1450,80
855	10.09.2025 07:27:14	1,40	4,69	31,04	27,15	1450,80
856	10.09.2025 07:27:15	1,40	4,71	31,04	27,15	1450,80
857	10.09.2025 07:27:16	1,40	4,71	31,04	27,15	1450,80
858	10.09.2025 07:27:17	1,40	4,71	31,04	27,15	1450,80
859	10.09.2025 07:27:18	1,40	4,71	31,04	27,15	1450,80
860	10.09.2025 07:27:19	1,40	4,71	31,04	27,15	1450,80
861	10.09.2025 07:27:20	1,40	4,71	31,04	27,15	1450,80
862	10.09.2025 07:27:21	1,40	4,71	31,04	27,15	1450,80
863	10.09.2025 07:27:22	1,40	4,71	31,04	27,15	1450,80
864	10.09.2025 07:27:23	1,40	4,71	31,04	27,15	1450,80
865	10.09.2025 07:27:24	1,40	4,71	31,04	27,15	1450,80
866	10.09.2025 07:27:25	1,40	4,71	31,04	27,15	1450,80
867	10.09.2025 07:27:26	1,40	4,71	31,04	27,15	1450,80
868	10.09.2025 07:27:27	1,40	4,72	31,04	27,15	1450,81
869	10.09.2025 07:27:28	1,40	4,71	31,04	27,15	1450,80
870	10.09.2025 07:27:29	1,40	4,71	31,04	27,15	1450,80
871	10.09.2025 07:27:30	1,40	4,71	31,04	27,15	1450,80
872	10.09.2025 07:27:31	1,40	4,71	31,04	27,15	1450,80
873	10.09.2025 07:27:32	1,40	4,71	31,01	27,12	1450,76
874	10.09.2025 07:27:33	1,36	4,70	31,08	27,15	1450,68
875	10.09.2025 07:27:34	1,40	4,71	31,04	27,15	1450,80
876	10.09.2025 07:27:35	1,40	4,72	31,04	27,15	1450,81
877	10.09.2025 07:27:36	1,40	4,71	31,04	27,15	1450,80
878	10.09.2025 07:27:37	1,40	4,71	31,04	27,15	1450,80
879	10.09.2025 07:27:38	1,36	4,70	31,04	27,12	1450,63
880	10.09.2025 07:27:39	1,40	4,69	31,04	27,15	1450,80
881	10.09.2025 07:27:40	1,36	4,69	31,08	27,15	1450,68
882	10.09.2025 07:27:41	1,36	4,69	31,08	27,15	1450,68
883	10.09.2025 07:27:42	1,36	4,70	31,08	27,15	1450,68
884	10.09.2025 07:27:43	1,36	4,70	31,08	27,15	1450,68
885	10.09.2025 07:27:44	1,36	4,70	31,08	27,15	1450,68
886	10.09.2025 07:27:45	1,36	4,70	31,04	27,12	1450,63
887	10.09.2025 07:27:46	1,36	4,70	31,08	27,15	1450,68
888	10.09.2025 07:27:47	1,40	4,71	31,04	27,15	1450,80
889	10.09.2025 07:27:48	1,36	4,69	31,08	27,15	1450,68
890	10.09.2025 07:27:49	1,36	4,70	31,08	27,15	1450,68
891	10.09.2025 07:27:50	1,36	4,70	31,08	27,15	1450,68
892	10.09.2025 07:27:51	1,36	4,69	31,08	27,15	1450,68
893	10.09.2025 07:27:52	1,36	4,69	31,08	27,15	1450,68
894	10.09.2025 07:27:53	1,36	4,69	31,08	27,15	1450,68
895	10.09.2025 07:27:54	1,36	4,70	31,08	27,15	1450,68
896	10.09.2025 07:27:55	1,36	4,69	31,08	27,15	1450,68
897	10.09.2025 07:27:56	1,36	4,69	31,08	27,15	1450,68
898	10.09.2025 07:27:57	1,36	4,67	31,08	27,15	1450,67
899	10.09.2025 07:27:58	1,36	4,70	31,08	27,15	1450,68
900	10.09.2025 07:27:59	1,36	4,69	31,08	27,15	1450,68
901	10.09.2025 07:28:00	1,36	4,69	31,08	27,15	1450,68
902	10.09.2025 07:28:01	1,40	4,69	31,04	27,15	1450,80
903	10.09.2025 07:28:02	1,36	4,69	31,08	27,15	1450,68
904	10.09.2025 07:28:03	1,36	4,69	31,08	27,15	1450,68
905	10.09.2025 07:28:04	1,36	4,67	31,08	27,15	1450,67
906	10.09.2025 07:28:05	1,36	4,67	31,08	27,15	1450,67
907	10.09.2025 07:28:06	1,36	4,67	31,08	27,15	1450,67
908	10.09.2025 07:28:07	1,40	4,69	31,04	27,15	1450,80
909	10.09.2025 07:28:08	1,36	4,67	31,08	27,15	1450,67
910	10.09.2025 07:28:09	1,36	4,69	31,08	27,15	1450,68
911	10.09.2025 07:28:10	1,36	4,69	31,08	27,15	1450,68
912	10.09.2025 07:28:11	1,36	4,67	31,08	27,15	1450,67
913	10.09.2025 07:28:12	1,40	4,67	31,04	27,15	1450,80
914	10.09.2025 07:28:13	1,36	4,67	31,08	27,15	1450,67
915	10.09.2025 07:28:14	1,36	4,67	31,08	27,15	1450,67
916	10.09.2025 07:28:15	1,36	4,69	31,08	27,15	1450,68
917	10.09.2025 07:28:16	1,36	4,67	31,08	27,15	1450,67
918	10.09.2025 07:28:17	1,36	4,69	31,08	27,15	1450,68
919	10.09.2025 07:28:18	1,36	4,69	31,08	27,15	1450,68
920	10.09.2025 07:28:19	1,36	4,69	31,08	27,15	1450,68
921	10.09.2025 07:28:20	1,36	4,70	31,08	27,15	1450,68
922	10.09.2025 07:28:21	1,36	4,69	31,08	27,15	1450,68
923	10.09.2025 07:28:22	1,40	4,69	31,04	27,15	1450,80
924	10.09.2025 07:28:23	1,36	4,69	31,08	27,15	1450,68
925	10.09.2025 07:28:24	1,36	4,70	31,08	27,15	1450,68
926	10.09.2025 07:28:25	1,36	4,69	31,08	27,15	1450,68
927	10.09.2025 07:28:26	1,36	4,69	31,08	27,15	1450,68
928	10.09.2025 07:28:27	1,36	4,69	31,08	27,15	1450,68
929	10.09.2025 07:28:28	1,36	4,70	31,08	27,15	1450,68
930	10.09.2025 07:28:29	1,36	4,70	31,08	27,15	1450,68
931	10.09.2025 07:28:30	1,36	4,70	31,08	27,15	1450,68
932	10.09.2025 07:28:31	1,36	4,70	31,08	27,15	1450,68
933	10.09.2025 07:28:32	1,36	4,72	31,08	27,15	1450,68
934	10.09.2025 07:28:33	1,36	4,72	31,08	27,15	1450,68
935	10.09.2025 07:28:34	1,36	4,70	31,08	27,15	1450,68
936	10.09.2025 07:28:35	1,36	4,70	31,08	27,15	1450,68
937	10.09.2025 07:28:36	1,40	4,71	31,04	27,15	1450,80
938	10.09.2025 07:28:37	1,36	4,70	31,08	27,15	1450,68
939	10.09.2025 07:28:38	1,36	4,69	31,08	27,15	1450,68
940	10.09.2025 07:28:39	1,36	4,70	31,08	27,15	1450,68
941	10.09.2025 07:28:40	1,36	4,70	31,08	27,15	1450,68
942	10.09.2025 07:28:41	1,36	4,70	31,08	27,15	1450,68
943	10.09.2025 07:28:42	1,36	4,69	31,08	27,15	1450,68
944	10.09.2025 07:28:43	1,36	4,70	31,08	27,15	1450,68
945	10.09.2025 07:28:44	1,36	4,70	31,08	27,15	1450,68
946	10.09.2025 07:28:45	1,36	4,72	31,08	27,15	1450,68
947	10.09.2025 07:28:46	1,36	4,70	31,08	27,15	1450,68
948	10.09.2025 07:28:47	1,36	4,70	31,08	27,15	1450,68
949	10.09.2025 07:28:48	1,36	4,70	31,08	27,15	1450,68
950	10.09.2025 07:28:49	1,36	4,70	31,08	27,15	1450,68
951	10.09.2025 07:28:50	1,36	4,70	31,08	27,15	1450,68
952	10.09.2025 07:28:51	1,36	4,70	31,08	27,15	1450,68
953	10.09.2025 07:28:52	1,36	4,70	31,08	27,15	1450,68
954	10.09.2025 07:28:53	1,36	4,69	31,08	27,15	1450,68
955	10.09.2025 07:28:54	1,36	4,69	31,08	27,15	1450,68
956	10.09.2025 07:28:55	1,36	4,67	31,08	27,15	1450,67
957	10.09.2025 07:28:56	1,36	4,69	31,08	27,15	1450,68
958	10.09.2025 07:28:57	1,36	4,69	31,08	27,15	1450,68
959	10.09.2025 07:28:58	1,36	4,69	31,08	27,15	1450,68
960	10.09.2025 07:28:59	1,36	4,67	31,08	27,15	1450,67
961	10.09.2025 07:29:00	1,36	4,69	31,08	27,15	1450,68
962	10.09.2025 07:29:01	1,36	4,69	31,08	27,15	1450,68
963	10.09.2025 07:29:02	1,36	4,70	31,08	27,15	1450,68
964	10.09.2025 07:29:03	1,36	4,67	31,08	27,15	1450,67
965	10.09.2025 07:29:04	1,36	4,67	31,08	27,15	1450,67
966	10.09.2025 07:29:05	1,36	4,70	31,08	27,15	1450,68
967	10.09.2025 07:29:06	1,36	4,69	31,08	27,15	1450,68
968	10.09.2025 07:29:07	1,36	4,67	31,08	27,15	1450,67
969	10.09.2025 07:29:08	1,36	4,67	31,08	27,15	1450,67
970	10.09.2025 07:29:09	1,36	4,70	31,08	27,15	1450,68
971	10.09.2025 07:29:10	1,36	4,69	31,08	27,15	1450,68
972	10.09.2025 07:29:11	1,36	4,67	31,08	27,15	1450,67
973	10.09.2025 07:29:12	1,36	4,69	31,08	27,15	1450,68
974	10.09.2025 07:29:13	1,36	4,69	31,08	27,15	1450,68
975	10.09.2025 07:29:14	1,36	4,70	31,08	27,15	1450,68
976	10.09.2025 07:29:15	1,36	4,69	31,08	27,15	1450,68
977	10.09.2025 07:29:16	1,36	4,70	31,08	27,15	1450,68
978	10.09.2025 07:29:17	1,36	4,70	31,08	27,15	1450,68
979	10.09.2025 07:29:18	1,36	4,70	31,08	27,15	1450,68
980	10.09.2025 07:29:19	1,36	4,69	31,08	27,15	1450,68
981	10.09.2025 07:29:20	1,36	4,70	31,08	27,15	1450,68
982	10.09.2025 07:29:21	1,36	4,70	31,08	27,15	1450,68
983	10.09.2025 07:29:22	1,36	4,70	31,08	27,15	1450,68
984	10.09.2025 07:29:23	1,36	4,72	31,08	27,15	1450,68
985	10.09.2025 07:29:24	1,36	4,70	31,08	27,15	1450,68
986	10.09.2025 07:29:25	1,36	4,72	31,08	27,15	1450,68
987	10.09.2025 07:29:26	1,36	4,70	31,08	27,15	1450,68
988	10.09.2025 07:29:27	1,36	4,70	31,08	27,15	1450,68
989	10.09.2025 07:29:28	1,36	4,70	31,08	27,15	1450,68
990	10.09.2025 07:29:29	1,36	4,70	31,08	27,15	1450,68
991	10.09.2025 07:29:30	1,36	4,70	31,08	27,15	1450,68
992	10.09.2025 07:29:31	1,36	4,70	31,08	27,15	1450,68
993	10.09.2025 07:29:32	1,36	4,70	31,08	27,15	1450,68
994	10.09.2025 07:29:33	1,36	4,70	31,08	27,15	1450,68
995	10.09.2025 07:29:34	1,36	4,70	31,08	27,15	1450,68
996	10.09.2025 07:29:35	1,36	4,70	31,08	27,15	1450,68
997	10.09.2025 07:29:36	1,36	4,70	31,08	27,15	1450,68
998	10.09.2025 07:29:37	1,36	4,70	31,08	27,15	1450,68
999	10.09.2025 07:29:38	1,36	4,70	31,08	27,15	1450,68
1000	10.09.2025 07:29:39	1,36	4,70	31,08	27,15	1450,68
1001	10.09.2025 07:29:40	1,36	4,70	31,08	27,15	1450,68
1002	10.09.2025 07:29:41	1,36	4,70	31,08	27,15	1450,68
1003	10.09.2025 07:29:42	1,36	4,70	31,08	27,15	1450,68
1004	10.09.2025 07:29:43	1,36	4,72	31,08	27,15	1450,68
1005	10.09.2025 07:29:44	1,36	4,70	31,08	27,15	1450,68
1006	10.09.2025 07:29:45	1,36	4,74	31,08	27,15	1450,68
1007	10.09.2025 07:29:46	1,36	4,72	31,08	27,15	1450,68
1008	10.09.2025 07:29:47	1,36	4,72	31,08	27,15	1450,68
1009	10.09.2025 07:29:48	1,36	4,72	31,08	27,15	1450,68
1010	10.09.2025 07:29:49	1,36	4,74	31,08	27,15	1450,68
1011	10.09.2025 07:29:50	1,36	4,72	31,08	27,15	1450,68
1012	10.09.2025 07:29:51	1,36	4,70	31,08	27,15	1450,68
1013	10.09.2025 07:29:52	1,36	4,70	31,08	27,15	1450,68
1014	10.09.2025 07:29:53	1,36	4,70	31,08	27,15	1450,68
1015	10.09.2025 07:29:54	1,36	4,70	31,08	27,15	1450,68
1016	10.09.2025 07:29:55	1,36	4,69	31,08	27,15	1450,68
1017	10.09.2025 07:29:56	1,36	4,67	31,08	27,15	1450,67
1018	10.09.2025 07:29:57	1,36	4,67	31,08	27,15	1450,67
1019	10.09.2025 07:29:58	1,36	4,63	31,08	27,15	1450,67
1020	10.09.2025 07:29:59	1,36	4,63	31,08	27,15	1450,67
1021	10.09.2025 07:30:00	1,36	4,60	31,08	27,15	1450,66
1022	10.09.2025 07:30:01	1,36	4,60	31,08	27,15	1450,66
1023	10.09.2025 07:30:02	1,36	4,58	31,08	27,15	1450,66
1024	10.09.2025 07:30:03	1,36	4,56	31,08	27,15	1450,66
1025	10.09.2025 07:30:04	1,36	4,53	31,08	27,15	1450,65
1026	10.09.2025 07:30:05	1,36	4,49	31,08	27,15	1450,65
1027	10.09.2025 07:30:06	1,36	4,49	31,08	27,15	1450,65
1028	10.09.2025 07:30:07	1,36	4,47	31,08	27,15	1450,64
1029	10.09.2025 07:30:08	1,36	4,44	31,08	27,15	1450,64
1030	10.09.2025 07:30:09	1,36	4,40	31,08	27,15	1450,63
1031	10.09.2025 07:30:10	1,36	4,36	31,08	27,15	1450,63
1032	10.09.2025 07:30:11	1,36	4,35	31,08	27,15	1450,62
1033	10.09.2025 07:30:12	1,40	4,31	31,08	27,18	1450,79
1034	10.09.2025 07:30:13	1,40	4,28	31,08	27,18	1450,78
1035	10.09.2025 07:30:14	1,40	4,24	31,08	27,18	1450,78
1036	10.09.2025 07:30:15	1,40	4,22	31,08	27,18	1450,78
1037	10.09.2025 07:30:16	1,40	4,21	31,08	27,18	1450,77
1038	10.09.2025 07:30:17	1,40	4,17	31,08	27,18	1450,77
1039	10.09.2025 07:30:18	1,40	4,13	31,08	27,18	1450,76
1040	10.09.2025 07:30:19	1,40	4,12	31,08	27,18	1450,76
1041	10.09.2025 07:30:20	1,40	4,10	31,08	27,18	1450,76
1042	10.09.2025 07:30:21	1,40	4,08	31,08	27,18	1450,75
1043	10.09.2025 07:30:22	1,40	4,04	31,12	27,21	1450,80
1044	10.09.2025 07:30:23	1,40	4,03	31,12	27,21	1450,79
1045	10.09.2025 07:30:24	1,40	4,01	31,08	27,18	1450,74
1046	10.09.2025 07:30:25	1,40	4,03	31,12	27,21	1450,79
1047	10.09.2025 07:30:26	1,44	3,99	31,08	27,21	1450,91
1048	10.09.2025 07:30:27	1,44	3,97	31,08	27,21	1450,91
1049	10.09.2025 07:30:28	1,44	3,96	31,08	27,21	1450,91
1050	10.09.2025 07:30:29	1,44	3,96	31,08	27,21	1450,91
1051	10.09.2025 07:30:30	1,44	3,94	31,08	27,21	1450,90
1052	10.09.2025 07:30:31	1,44	3,92	31,08	27,21	1450,90
1053	10.09.2025 07:30:32	1,44	3,92	31,08	27,21	1450,90
1054	10.09.2025 07:30:33	1,44	3,92	31,08	27,21	1450,90
1055	10.09.2025 07:30:34	1,44	3,92	31,08	27,21	1450,90
1056	10.09.2025 07:30:35	1,44	3,92	31,08	27,21	1450,90
1057	10.09.2025 07:30:36	1,44	3,90	31,08	27,21	1450,90
1058	10.09.2025 07:30:37	1,44	3,92	31,08	27,21	1450,90
1059	10.09.2025 07:30:38	1,44	3,90	31,08	27,21	1450,90
1060	10.09.2025 07:30:39	1,44	3,89	31,08	27,21	1450,90
1061	10.09.2025 07:30:40	1,44	3,89	31,08	27,21	1450,90
1062	10.09.2025 07:30:41	1,44	3,87	31,08	27,21	1450,89
1063	10.09.2025 07:30:42	1,44	3,89	31,08	27,21	1450,90
1064	10.09.2025 07:30:43	1,44	3,85	31,08	27,21	1450,89
1065	10.09.2025 07:30:44	1,44	3,87	31,08	27,21	1450,89
1066	10.09.2025 07:30:45	1,44	3,85	31,08	27,21	1450,89
1067	10.09.2025 07:30:46	1,44	3,83	31,08	27,21	1450,89
1068	10.09.2025 07:30:47	1,44	3,83	31,08	27,21	1450,89
1069	10.09.2025 07:30:48	1,44	3,83	31,08	27,21	1450,89
1070	10.09.2025 07:30:49	1,44	3,81	31,08	27,21	1450,88
1071	10.09.2025 07:30:50	1,44	3,80	31,08	27,21	1450,88
1072	10.09.2025 07:30:51	1,44	3,80	31,11	27,24	1450,93
1073	10.09.2025 07:30:52	1,44	3,80	31,11	27,24	1450,93
1074	10.09.2025 07:30:53	1,44	3,78	31,11	27,24	1450,93
1075	10.09.2025 07:30:54	1,48	3,78	31,08	27,24	1451,05
1076	10.09.2025 07:30:55	1,44	3,76	31,12	27,24	1450,92
1077	10.09.2025 07:30:56	1,48	3,74	31,08	27,24	1451,04
1078	10.09.2025 07:30:57	1,48	3,76	31,08	27,24	1451,05
1079	10.09.2025 07:30:58	1,48	3,74	31,08	27,24	1451,04
1080	10.09.2025 07:30:59	1,48	3,73	31,08	27,24	1451,04
1081	10.09.2025 07:31:00	1,48	3,73	31,08	27,24	1451,04
1082	10.09.2025 07:31:01	1,48	3,73	31,08	27,24	1451,04
1083	10.09.2025 07:31:02	1,48	3,71	31,08	27,24	1451,04
1084	10.09.2025 07:31:03	1,48	3,69	31,08	27,24	1451,04
1085	10.09.2025 07:31:04	1,48	3,69	31,08	27,24	1451,04
1086	10.09.2025 07:31:05	1,48	3,67	31,08	27,24	1451,03
1087	10.09.2025 07:31:06	1,48	3,67	31,08	27,24	1451,03
1088	10.09.2025 07:31:07	1,48	3,65	31,08	27,24	1451,03
1089	10.09.2025 07:31:08	1,48	3,65	31,08	27,24	1451,03
1090	10.09.2025 07:31:09	1,48	3,64	31,08	27,24	1451,03
1091	10.09.2025 07:31:10	1,48	3,62	31,08	27,24	1451,03
1092	10.09.2025 07:31:11	1,48	3,60	31,08	27,24	1451,02
1093	10.09.2025 07:31:12	1,48	3,60	31,08	27,24	1451,02
1094	10.09.2025 07:31:13	1,48	3,58	31,08	27,24	1451,02
1095	10.09.2025 07:31:14	1,48	3,57	31,08	27,24	1451,02
1096	10.09.2025 07:31:15	1,48	3,57	31,08	27,24	1451,02
1097	10.09.2025 07:31:16	1,48	3,55	31,08	27,24	1451,01
1098	10.09.2025 07:31:17	1,48	3,53	31,08	27,24	1451,01
1099	10.09.2025 07:31:18	1,48	3,53	31,08	27,24	1451,01
1100	10.09.2025 07:31:19	1,48	3,51	31,08	27,24	1451,01
1101	10.09.2025 07:31:20	1,48	3,49	31,08	27,24	1451,01
1102	10.09.2025 07:31:21	1,48	3,48	31,08	27,24	1451,00
1103	10.09.2025 07:31:22	1,52	3,46	31,01	27,21	1451,08
1104	10.09.2025 07:31:23	1,52	3,46	31,01	27,21	1451,08
1105	10.09.2025 07:31:24	1,52	3,44	31,01	27,21	1451,08
1106	10.09.2025 07:31:25	1,52	3,42	31,01	27,21	1451,07
1107	10.09.2025 07:31:26	1,52	3,42	31,01	27,21	1451,07
1108	10.09.2025 07:31:27	1,52	3,41	31,01	27,21	1451,07
1109	10.09.2025 07:31:28	1,52	3,39	31,01	27,21	1451,07
1110	10.09.2025 07:31:29	1,52	3,37	31,01	27,21	1451,06
1111	10.09.2025 07:31:30	1,52	3,37	31,01	27,21	1451,06
1112	10.09.2025 07:31:31	1,52	3,37	31,01	27,21	1451,06
1113	10.09.2025 07:31:32	1,52	3,37	31,01	27,21	1451,06
1114	10.09.2025 07:31:33	1,52	3,37	31,01	27,21	1451,06
1115	10.09.2025 07:31:34	1,52	3,37	31,01	27,21	1451,06
1116	10.09.2025 07:31:35	1,52	3,35	31,01	27,21	1451,06
1117	10.09.2025 07:31:36	1,52	3,32	31,04	27,24	1451,10
1118	10.09.2025 07:31:37	1,56	3,30	31,00	27,24	1451,22
1119	10.09.2025 07:31:38	1,56	3,28	31,00	27,24	1451,22
1120	10.09.2025 07:31:39	1,56	3,28	31,00	27,24	1451,22
1121	10.09.2025 07:31:40	1,60	3,25	31,00	27,27	1451,39
1122	10.09.2025 07:31:41	1,60	3,25	30,97	27,24	1451,34
1123	10.09.2025 07:31:42	1,60	3,21	31,00	27,27	1451,38
1124	10.09.2025 07:31:43	1,60	3,20	31,00	27,27	1451,38
1125	10.09.2025 07:31:44	1,63	3,20	31,07	27,35	1451,64
1126	10.09.2025 07:31:45	1,63	3,16	31,25	27,50	1451,87
1127	10.09.2025 07:31:46	1,71	3,15	31,24	27,55	1452,21
1128	10.09.2025 07:31:47	1,79	3,12	31,17	27,55	1452,44
1129	10.09.2025 07:31:48	1,83	3,08	31,17	27,58	1452,61
1130	10.09.2025 07:31:49	1,87	3,07	31,23	27,67	1452,87
1131	10.09.2025 07:31:50	1,94	3,05	31,30	27,78	1453,29
1132	10.09.2025 07:31:51	2,02	3,02	31,33	27,87	1453,67
1133	10.09.2025 07:31:52	2,06	3,01	31,36	27,93	1453,88
1134	10.09.2025 07:31:53	2,13	2,96	31,36	27,98	1454,20
1135	10.09.2025 07:31:54	2,21	2,93	31,39	28,07	1454,57
1136	10.09.2025 07:31:55	2,29	2,91	31,45	28,18	1454,99
1137	10.09.2025 07:31:56	2,36	2,90	31,62	28,38	1455,55
1138	10.09.2025 07:31:57	2,48	2,87	31,65	28,49	1456,07
1139	10.09.2025 07:31:58	2,59	2,82	31,64	28,58	1456,56
1140	10.09.2025 07:31:59	2,71	2,79	31,67	28,70	1457,08
1141	10.09.2025 07:32:00	2,82	2,76	31,73	28,84	1457,65
1142	10.09.2025 07:32:01	2,93	2,73	31,86	29,04	1458,30
1143	10.09.2025 07:32:02	3,08	2,72	32,06	29,32	1459,20
1144	10.09.2025 07:32:03	3,27	2,68	32,35	29,72	1460,37
1145	10.09.2025 07:32:04	3,45	2,69	32,64	30,11	1461,55
1146	10.09.2025 07:32:05	3,71	2,65	32,75	30,43	1462,79
1147	10.09.2025 07:32:06	3,93	2,59	32,97	30,80	1463,99
1148	10.09.2025 07:32:07	4,23	2,53	33,01	31,08	1465,26
1149	10.09.2025 07:32:08	4,48	2,49	33,09	31,37	1466,42
1150	10.09.2025 07:32:09	4,81	2,47	33,00	31,57	1467,64
1151	10.09.2025 07:32:10	5,06	2,43	33,21	31,97	1468,94
1152	10.09.2025 07:32:11	5,34	2,35	33,18	32,19	1470,07
1153	10.09.2025 07:32:12	5,59	2,33	33,11	32,34	1470,97
1154	10.09.2025 07:32:13	5,88	2,31	33,40	32,85	1472,48
1155	10.09.2025 07:32:14	6,16	2,23	33,23	32,94	1473,37
1156	10.09.2025 07:32:15	6,44	2,21	33,64	33,56	1475,01
1157	10.09.2025 07:32:16	6,78	2,21	34,36	34,52	1477,29
1158	10.09.2025 07:32:17	7,27	2,18	34,41	35,00	1479,22
1159	10.09.2025 07:32:18	7,81	2,12	34,52	35,60	1481,44
1160	10.09.2025 07:32:19	8,22	2,08	34,22	35,69	1482,59
1161	10.09.2025 07:32:20	8,55	2,03	33,97	35,76	1483,53
1162	10.09.2025 07:32:21	8,89	2,04	33,89	35,99	1484,68
1163	10.09.2025 07:32:22	9,15	2,04	33,82	36,16	1485,57
1164	10.09.2025 07:32:23	9,42	2,03	33,23	35,83	1485,81
1165	10.09.2025 07:32:24	9,55	2,04	32,76	35,50	1485,72
1166	10.09.2025 07:32:25	9,61	2,04	32,45	35,25	1485,57
1167	10.09.2025 07:32:26	9,65	2,10	32,33	35,17	1485,55
1168	10.09.2025 07:32:27	9,65	2,12	32,22	35,05	1485,42
1169	10.09.2025 07:32:28	9,68	2,15	32,02	34,89	1485,29
1170	10.09.2025 07:32:29	9,68	2,17	31,62	34,50	1484,80
1171	10.09.2025 07:32:30	9,68	2,19	31,45	34,33	1484,59
1172	10.09.2025 07:32:31	9,61	2,15	30,99	33,82	1483,78
1173	10.09.2025 07:32:32	9,48	2,21	31,02	33,74	1483,33
1174	10.09.2025 07:32:33	9,42	2,27	30,85	33,51	1482,88
1175	10.09.2025 07:32:34	9,35	2,26	30,73	33,34	1482,50
1176	10.09.2025 07:32:35	9,25	2,29	30,55	33,09	1481,92
1177	10.09.2025 07:32:36	9,15	2,31	30,55	33,00	1481,54
1178	10.09.2025 07:32:37	9,05	2,34	30,43	32,80	1481,03
1179	10.09.2025 07:32:38	8,95	2,35	30,52	32,80	1480,76
1180	10.09.2025 07:32:39	8,89	2,38	30,37	32,60	1480,34
1181	10.09.2025 07:32:40	8,79	2,41	30,45	32,60	1480,07
1182	10.09.2025 07:32:41	8,75	2,39	30,51	32,63	1480,01
1183	10.09.2025 07:32:42	8,72	2,39	30,60	32,68	1479,99
1184	10.09.2025 07:32:43	8,75	2,39	30,68	32,80	1480,23
1185	10.09.2025 07:32:44	8,79	2,38	30,71	32,85	1480,39
1186	10.09.2025 07:32:45	8,85	2,36	30,63	32,83	1480,53
1187	10.09.2025 07:32:46	8,89	2,33	30,80	33,02	1480,87
1188	10.09.2025 07:32:47	8,95	2,33	30,98	33,25	1481,34
1189	10.09.2025 07:32:48	9,09	2,36	31,38	33,76	1482,34
1190	10.09.2025 07:32:49	9,25	2,35	31,93	34,43	1483,64
1191	10.09.2025 07:32:50	9,55	2,31	31,85	34,61	1484,62
1192	10.09.2025 07:32:51	9,81	2,28	31,82	34,80	1485,54
1193	10.09.2025 07:32:52	10,04	2,22	31,85	35,04	1486,41
1194	10.09.2025 07:32:53	10,23	2,22	31,91	35,26	1487,18
1195	10.09.2025 07:32:54	10,46	2,21	32,13	35,69	1488,28
1196	10.09.2025 07:32:55	10,69	2,17	32,33	36,08	1489,32
1197	10.09.2025 07:32:56	10,95	2,16	32,16	36,15	1490,04
1198	10.09.2025 07:32:57	11,17	2,14	31,97	36,15	1490,59
1199	10.09.2025 07:32:58	11,33	2,09	31,89	36,21	1491,05
1200	10.09.2025 07:32:59	11,49	2,08	31,92	36,38	1491,64
1201	10.09.2025 07:33:00	11,65	2,07	31,87	36,47	1492,13
1202	10.09.2025 07:33:01	11,81	2,08	31,73	36,47	1492,53
1203	10.09.2025 07:33:02	11,94	2,05	31,44	36,28	1492,60
1204	10.09.2025 07:33:03	12,00	2,07	31,77	36,67	1493,22
1205	10.09.2025 07:33:04	12,09	2,09	32,34	37,35	1494,24
1206	10.09.2025 07:33:05	12,32	2,07	31,96	37,15	1494,54
1207	10.09.2025 07:33:06	12,50	2,09	32,58	37,97	1495,94
1208	10.09.2025 07:33:07	12,82	2,00	32,50	38,17	1496,90
1209	10.09.2025 07:33:08	13,07	1,98	32,35	38,24	1497,55
1210	10.09.2025 07:33:09	13,26	1,95	32,22	38,27	1498,01
1211	10.09.2025 07:33:10	13,44	1,94	32,09	38,30	1498,48
1212	10.09.2025 07:33:11	13,57	1,90	31,99	38,30	1498,76
1213	10.09.2025 07:33:12	13,69	1,88	31,89	38,30	1499,05
1214	10.09.2025 07:33:13	13,78	1,85	31,81	38,31	1499,26
1215	10.09.2025 07:33:14	13,88	1,86	31,74	38,31	1499,48
1216	10.09.2025 07:33:15	13,97	1,84	31,66	38,31	1499,69
1217	10.09.2025 07:33:16	14,03	1,83	31,59	38,28	1499,80
1218	10.09.2025 07:33:17	14,12	1,82	31,49	38,26	1499,98
1219	10.09.2025 07:33:18	14,18	1,80	31,44	38,26	1500,12
1220	10.09.2025 07:33:19	14,28	1,79	31,36	38,26	1500,34
1221	10.09.2025 07:33:20	14,34	1,77	31,29	38,23	1500,45
1222	10.09.2025 07:33:21	14,43	1,76	31,22	38,23	1500,66
1223	10.09.2025 07:33:22	14,49	1,75	31,14	38,21	1500,77
1224	10.09.2025 07:33:23	14,58	1,73	31,07	38,21	1500,98
1225	10.09.2025 07:33:24	14,68	1,70	31,00	38,21	1501,18
1226	10.09.2025 07:33:25	14,77	1,69	30,90	38,19	1501,36
1227	10.09.2025 07:33:26	14,86	1,67	30,83	38,19	1501,57
1228	10.09.2025 07:33:27	14,95	1,64	30,74	38,16	1501,75
1229	10.09.2025 07:33:28	15,04	1,63	30,67	38,16	1501,96
1230	10.09.2025 07:33:29	15,14	1,60	30,57	38,14	1502,13
1231	10.09.2025 07:33:30	15,23	1,59	30,50	38,14	1502,34
1232	10.09.2025 07:33:31	15,32	1,57	30,43	38,14	1502,54
1233	10.09.2025 07:33:32	15,38	1,56	30,39	38,14	1502,68
1234	10.09.2025 07:33:33	15,47	1,53	30,32	38,14	1502,88
1235	10.09.2025 07:33:34	15,50	1,51	30,30	38,14	1502,95
1236	10.09.2025 07:33:35	15,56	1,50	30,25	38,15	1503,09
1237	10.09.2025 07:33:36	15,62	1,48	30,20	38,15	1503,22
1238	10.09.2025 07:33:37	15,68	1,45	30,13	38,12	1503,33
1239	10.09.2025 07:33:38	15,74	1,45	30,09	38,12	1503,46
1240	10.09.2025 07:33:39	15,77	1,43	30,07	38,12	1503,53
1241	10.09.2025 07:33:40	15,83	1,42	30,02	38,12	1503,67
1242	10.09.2025 07:33:41	15,89	1,39	29,95	38,10	1503,77
1243	10.09.2025 07:33:42	15,92	1,37	29,93	38,10	1503,84
1244	10.09.2025 07:33:43	15,99	1,36	29,89	38,10	1503,97
1245	10.09.2025 07:33:44	16,02	1,34	29,86	38,10	1504,04
1246	10.09.2025 07:33:45	16,08	1,31	29,82	38,10	1504,17
1247	10.09.2025 07:33:46	16,11	1,31	29,80	38,10	1504,24
1248	10.09.2025 07:33:47	16,17	1,29	29,73	38,07	1504,34
1249	10.09.2025 07:33:48	16,20	1,28	29,71	38,07	1504,41
1250	10.09.2025 07:33:49	16,23	1,24	29,71	38,10	1504,50
1251	10.09.2025 07:33:50	16,29	1,25	29,64	38,08	1504,61
1252	10.09.2025 07:33:51	16,32	1,21	29,62	38,08	1504,67
1253	10.09.2025 07:33:52	16,38	1,20	29,58	38,08	1504,80
1254	10.09.2025 07:33:53	16,41	1,18	29,55	38,08	1504,87
1255	10.09.2025 07:33:54	16,44	1,18	29,53	38,08	1504,94
1256	10.09.2025 07:33:55	16,47	1,15	29,51	38,08	1505,00
1257	10.09.2025 07:33:56	16,50	1,15	29,49	38,08	1505,07
1258	10.09.2025 07:33:57	16,53	1,13	29,47	38,08	1505,13
1259	10.09.2025 07:33:58	16,56	1,10	29,45	38,08	1505,19
1260	10.09.2025 07:33:59	16,59	1,08	29,42	38,08	1505,26
1261	10.09.2025 07:34:00	16,62	1,05	29,40	38,08	1505,32
1262	10.09.2025 07:34:01	16,65	1,03	29,38	38,08	1505,39
1263	10.09.2025 07:34:02	16,68	1,03	29,36	38,08	1505,45
1264	10.09.2025 07:34:03	16,71	1,00	29,34	38,08	1505,52
1265	10.09.2025 07:34:04	16,74	0,97	29,32	38,08	1505,58
1266	10.09.2025 07:34:05	16,74	0,98	29,32	38,08	1505,58
1267	10.09.2025 07:34:06	16,77	0,95	29,30	38,08	1505,64
1268	10.09.2025 07:34:07	16,80	0,91	29,27	38,09	1505,70
1269	10.09.2025 07:34:08	16,80	0,93	29,27	38,09	1505,71
1270	10.09.2025 07:34:09	16,83	0,92	29,25	38,09	1505,77
1271	10.09.2025 07:34:10	16,86	0,86	29,23	38,09	1505,83
1272	10.09.2025 07:34:11	16,86	0,88	29,23	38,09	1505,83
1273	10.09.2025 07:34:12	16,89	0,87	29,21	38,09	1505,90
1274	10.09.2025 07:34:13	16,92	0,87	29,19	38,09	1505,96
1275	10.09.2025 07:34:14	16,92	0,87	29,19	38,09	1505,96
1276	10.09.2025 07:34:15	16,95	0,87	29,17	38,09	1506,03
1277	10.09.2025 07:34:16	16,95	0,85	29,17	38,09	1506,03
1278	10.09.2025 07:34:17	16,98	0,83	29,15	38,09	1506,09
1279	10.09.2025 07:34:18	16,98	0,85	29,15	38,09	1506,10
1280	10.09.2025 07:34:19	17,01	0,84	29,13	38,09	1506,16
1281	10.09.2025 07:34:20	17,01	0,82	29,13	38,09	1506,16
1282	10.09.2025 07:34:21	17,04	0,84	29,10	38,09	1506,23
1283	10.09.2025 07:34:22	17,04	0,86	29,10	38,09	1506,23
1284	10.09.2025 07:34:23	17,07	0,82	29,08	38,09	1506,29
1285	10.09.2025 07:34:24	17,07	0,80	29,08	38,09	1506,29
1286	10.09.2025 07:34:25	17,07	0,82	29,08	38,09	1506,29
1287	10.09.2025 07:34:26	17,10	0,79	29,06	38,09	1506,35
1288	10.09.2025 07:34:27	17,10	0,77	29,06	38,09	1506,35
1289	10.09.2025 07:34:28	17,13	0,77	29,04	38,09	1506,42
1290	10.09.2025 07:34:29	17,13	0,79	29,04	38,09	1506,42
1291	10.09.2025 07:34:30	17,13	0,75	29,04	38,09	1506,41
1292	10.09.2025 07:34:31	17,16	0,75	29,02	38,09	1506,48
1293	10.09.2025 07:34:32	17,16	0,74	29,02	38,09	1506,48
1294	10.09.2025 07:34:33	17,16	0,74	29,02	38,09	1506,48
1295	10.09.2025 07:34:34	17,19	0,72	29,00	38,09	1506,54
1296	10.09.2025 07:34:35	17,19	0,70	29,00	38,09	1506,54
1297	10.09.2025 07:34:36	17,19	0,68	29,00	38,09	1506,54
1298	10.09.2025 07:34:37	17,22	0,67	28,98	38,09	1506,60
1299	10.09.2025 07:34:38	17,22	0,65	28,98	38,09	1506,60
1300	10.09.2025 07:34:39	17,22	0,63	28,98	38,09	1506,60
1301	10.09.2025 07:34:40	17,22	0,61	28,98	38,09	1506,59
1302	10.09.2025 07:34:41	17,25	0,60	28,96	38,09	1506,66
1303	10.09.2025 07:34:42	17,25	0,56	28,96	38,09	1506,65
1304	10.09.2025 07:34:43	17,25	0,53	28,96	38,09	1506,64
1305	10.09.2025 07:34:44	17,25	0,53	28,96	38,09	1506,64
1306	10.09.2025 07:34:45	17,28	0,49	28,94	38,09	1506,71
1307	10.09.2025 07:34:46	17,28	0,46	28,94	38,09	1506,70
1308	10.09.2025 07:34:47	17,28	0,42	28,94	38,09	1506,69
1309	10.09.2025 07:34:48	17,28	0,42	28,94	38,09	1506,69
1310	10.09.2025 07:34:49	17,31	0,38	28,92	38,09	1506,75
1311	10.09.2025 07:34:50	17,31	0,37	28,92	38,09	1506,75
1312	10.09.2025 07:34:51	17,31	0,33	28,92	38,09	1506,75
1313	10.09.2025 07:34:52	17,31	0,31	28,92	38,09	1506,74
1314	10.09.2025 07:34:53	17,31	0,28	28,92	38,09	1506,74
1315	10.09.2025 07:34:54	17,31	0,22	28,89	38,07	1506,70
1316	10.09.2025 07:34:55	17,31	0,19	28,92	38,09	1506,72
1317	10.09.2025 07:34:56	17,34	0,17	28,87	38,07	1506,76
1318	10.09.2025 07:34:57	17,34	0,13	28,90	38,10	1506,78
1319	10.09.2025 07:34:58	17,34	0,12	28,87	38,07	1506,75
1320	10.09.2025 07:34:59	17,34	0,12	28,87	38,07	1506,75
1321	10.09.2025 07:35:00	17,34	0,10	28,90	38,10	1506,78
1322	10.09.2025 07:35:01	17,34	0,04	28,87	38,07	1506,74
1323	10.09.2025 07:35:02	17,37	0,01	28,85	38,07	1506,80
1324	10.09.2025 07:35:03	17,37	-0,01	28,85	38,07	1506,80
1325	10.09.2025 07:35:04	17,37	-0,03	28,85	38,07	1506,79
1326	10.09.2025 07:35:05	17,37	-0,03	28,85	38,07	1506,79
1327	10.09.2025 07:35:06	17,37	-0,05	28,85	38,07	1506,79
1328	10.09.2025 07:35:07	17,37	-0,05	28,85	38,07	1506,79
1329	10.09.2025 07:35:08	17,37	-0,03	28,85	38,07	1506,79
1330	10.09.2025 07:35:09	17,37	-0,03	28,85	38,07	1506,79
1331	10.09.2025 07:35:10	17,37	-0,06	28,85	38,07	1506,79
1332	10.09.2025 07:35:11	17,40	-0,08	18,43	25,37	1494,76
1333	10.09.2025 07:35:12	17,40	-0,06	28,81	38,04	1506,83
1334	10.09.2025 07:35:13	17,40	-0,05	28,83	38,07	1506,86
1335	10.09.2025 07:35:14	17,40	-0,08	22,73	30,70	1499,76
1336	10.09.2025 07:35:15	17,40	-0,08	23,92	32,17	1501,15
1337	10.09.2025 07:35:16	17,40	-0,06	24,32	32,65	1501,61
1338	10.09.2025 07:35:17	17,40	-0,08	24,76	33,18	1502,12
1339	10.09.2025 07:35:18	17,37	-0,06	23,62	31,77	1500,71
1340	10.09.2025 07:35:19	17,37	-0,06	20,81	28,33	1497,45
1341	10.09.2025 07:35:20	17,37	-0,08	20,81	28,33	1497,44
1342	10.09.2025 07:35:21	17,37	-0,06	20,88	28,41	1497,53
1343	10.09.2025 07:35:22	17,34	-0,06	20,67	28,13	1497,18
1344	10.09.2025 07:35:23	17,34	-0,06	20,71	28,19	1497,24
1345	10.09.2025 07:35:24	17,34	-0,06	20,39	27,79	1496,87
1346	10.09.2025 07:35:25	17,34	-0,06	19,64	26,85	1495,99
1347	10.09.2025 07:35:26	17,31	-0,05	20,50	27,90	1496,90
1348	10.09.2025 07:35:27	17,31	-0,06	1,17	1,93	1474,42
1349	10.09.2025 07:35:28	17,28	-0,06	1,26	2,07	1474,43
1350	10.09.2025 07:35:29	17,28	-0,05	1,19	1,96	1474,34
1351	10.09.2025 07:35:30	17,25	-0,06	1,30	2,13	1474,37
1352	10.09.2025 07:35:31	17,25	-0,06	1,60	2,61	1474,73
1353	10.09.2025 07:35:32	17,25	-0,06	3,36	5,23	1476,77
1354	10.09.2025 07:35:33	17,25	-0,06	3,65	5,65	1477,11
1355	10.09.2025 07:35:34	17,22	-0,06	3,61	5,59	1476,97
1356	10.09.2025 07:35:35	17,22	-0,06	3,20	4,99	1476,49
1357	10.09.2025 07:35:36	17,19	-0,05	0,59	1,00	1473,35
1358	10.09.2025 07:35:37	17,19	-0,05	0,36	0,62	1473,09
1359	10.09.2025 07:35:38	17,16	-0,05	0,29	0,51	1472,91
1360	10.09.2025 07:35:39	17,16	-0,03	0,33	0,56	1472,95
1361	10.09.2025 07:35:40	17,13	-0,03	0,22	0,39	1472,73
1362	10.09.2025 07:35:41	17,13	-0,03	0,19	0,33	1472,69
1363	10.09.2025 07:35:42	17,13	-0,03	0,27	0,48	1472,79
1364	10.09.2025 07:35:43	17,13	-0,03	0,24	0,42	1472,75
1365	10.09.2025 07:35:44	17,10	-0,05	0,22	0,39	1472,63
1366	10.09.2025 07:35:45	17,10	-0,05	0,11	0,19	1472,49
1367	10.09.2025 07:35:46	17,10	-0,05	0,14	0,25	1472,53
1368	10.09.2025 07:35:47	17,10	-0,05	0,08	0,13	1472,45
1369	10.09.2025 07:35:48	17,10	-0,05	0,06	0,10	1472,44
1370	10.09.2025 07:35:49	17,10	-0,05	0,06	0,10	1472,44
1371	10.09.2025 07:35:50	17,10	-0,05	0,06	0,10	1472,44
1372	10.09.2025 07:35:51	17,07	-0,03	0,06	0,10	1472,34
1373	10.09.2025 07:35:52	17,07	-0,05	0,04	0,07	1472,32
1374	10.09.2025 07:35:53	17,07	-0,05	0,04	0,07	1472,32
1375	10.09.2025 07:35:54	17,07	-0,05	0,04	0,07	1472,32
1376	10.09.2025 07:35:55	17,07	-0,05	0,04	0,07	1472,32
1377	10.09.2025 07:35:56	17,07	-0,05	0,04	0,07	1472,32
1378	10.09.2025 07:35:57	17,07	-0,05	0,04	0,07	1472,32
1379	10.09.2025 07:35:58	17,04	-0,03	0,04	0,07	1472,22
1380	10.09.2025 07:35:59	17,04	-0,05	0,04	0,07	1472,22
1381	10.09.2025 07:36:00	17,04	-0,05	0,04	0,07	1472,22
1382	10.09.2025 07:36:01	17,04	-0,05	0,04	0,07	1472,22
1383	10.09.2025 07:36:02	17,04	-0,05	0,04	0,07	1472,22
1384	10.09.2025 07:36:03	17,04	-0,05	0,04	0,07	1472,22
1385	10.09.2025 07:36:04	17,04	-0,03	0,04	0,07	1472,22
1386	10.09.2025 07:36:05	17,04	-0,05	0,04	0,07	1472,22
1387	10.09.2025 07:36:06	17,04	-0,05	0,04	0,07	1472,22
1388	10.09.2025 07:36:07	17,01	-0,05	0,04	0,07	1472,12
1389	10.09.2025 07:36:08	17,01	-0,03	0,04	0,07	1472,12
1390	10.09.2025 07:36:09	17,01	-0,05	0,04	0,07	1472,12
1391	10.09.2025 07:36:10	17,01	-0,05	0,04	0,07	1472,12
1392	10.09.2025 07:36:11	17,01	-0,05	0,04	0,07	1472,12
1393	10.09.2025 07:36:12	17,01	-0,05	0,04	0,07	1472,12
1394	10.09.2025 07:36:13	17,01	-0,05	0,04	0,07	1472,12
1395	10.09.2025 07:36:14	17,01	-0,03	0,04	0,07	1472,12
1396	10.09.2025 07:36:15	17,01	-0,03	0,04	0,07	1472,12
1397	10.09.2025 07:36:16	16,98	-0,05	0,04	0,07	1472,02
1398	10.09.2025 07:36:17	16,98	-0,03	0,04	0,07	1472,02
1399	10.09.2025 07:36:18	16,98	-0,05	0,04	0,07	1472,02
1400	10.09.2025 07:36:19	16,98	-0,05	0,04	0,07	1472,02
1401	10.09.2025 07:36:20	16,98	-0,03	0,04	0,07	1472,02
1402	10.09.2025 07:36:21	16,98	-0,05	0,04	0,07	1472,02
1403	10.09.2025 07:36:22	16,98	-0,05	0,04	0,07	1472,02
1404	10.09.2025 07:36:23	16,98	-0,03	0,04	0,07	1472,02
1405	10.09.2025 07:36:24	16,98	-0,03	0,04	0,07	1472,02
1406	10.09.2025 07:36:25	16,98	-0,05	0,04	0,07	1472,02
1407	10.09.2025 07:36:26	16,98	-0,05	0,04	0,07	1472,02
1408	10.09.2025 07:36:27	16,98	-0,05	0,04	0,07	1472,02
1409	10.09.2025 07:36:28	16,95	-0,03	0,04	0,07	1471,92
1410	10.09.2025 07:36:29	16,95	-0,03	0,04	0,07	1471,92
1411	10.09.2025 07:36:30	16,95	-0,05	0,04	0,07	1471,92
1412	10.09.2025 07:36:31	16,95	-0,05	0,04	0,07	1471,92
1413	10.09.2025 07:36:32	16,95	-0,05	0,04	0,07	1471,92
1414	10.09.2025 07:36:33	16,95	-0,05	0,04	0,07	1471,92
1415	10.09.2025 07:36:34	16,95	-0,05	0,04	0,07	1471,92
1416	10.09.2025 07:36:35	16,95	-0,05	0,04	0,07	1471,92
1417	10.09.2025 07:36:36	16,95	-0,05	0,04	0,07	1471,92
1418	10.09.2025 07:36:37	16,95	-0,05	0,04	0,07	1471,92
1419	10.09.2025 07:36:38	16,95	-0,03	0,04	0,07	1471,92
1420	10.09.2025 07:36:39	16,95	-0,03	0,04	0,07	1471,92
1421	10.09.2025 07:36:40	16,95	-0,05	0,04	0,07	1471,92
1422	10.09.2025 07:36:41	16,95	-0,05	0,04	0,07	1471,92
1423	10.09.2025 07:36:42	16,92	-0,03	0,04	0,07	1471,82
1424	10.09.2025 07:36:43	16,92	-0,05	0,04	0,07	1471,82
1425	10.09.2025 07:36:44	16,92	-0,03	0,04	0,07	1471,82
1426	10.09.2025 07:36:45	16,92	-0,05	0,04	0,07	1471,82
1427	10.09.2025 07:36:46	16,92	-0,03	0,04	0,07	1471,82
1428	10.09.2025 07:36:47	16,92	-0,05	0,04	0,07	1471,82
1429	10.09.2025 07:36:48	16,92	-0,03	0,04	0,07	1471,82
1430	10.09.2025 07:36:49	16,92	-0,03	0,04	0,07	1471,82
1431	10.09.2025 07:36:50	16,92	-0,03	0,04	0,07	1471,82
1432	10.09.2025 07:36:51	16,92	-0,03	0,04	0,07	1471,82
1433	10.09.2025 07:36:52	16,92	-0,05	0,04	0,07	1471,82
1434	10.09.2025 07:36:53	16,92	-0,03	0,04	0,07	1471,82
1435	10.09.2025 07:36:54	16,92	-0,03	0,04	0,07	1471,82
1436	10.09.2025 07:36:55	16,89	-0,03	0,04	0,07	1471,72
1437	10.09.2025 07:36:56	16,89	-0,05	0,04	0,07	1471,72
1438	10.09.2025 07:36:57	16,89	-0,05	0,04	0,07	1471,72
1439	10.09.2025 07:36:58	16,89	-0,03	0,04	0,07	1471,72
1440	10.09.2025 07:36:59	16,89	-0,03	0,04	0,07	1471,72
1441	10.09.2025 07:37:00	16,89	-0,03	0,04	0,07	1471,72
1442	10.09.2025 07:37:01	16,89	-0,03	0,04	0,07	1471,72
1443	10.09.2025 07:37:02	16,89	-0,03	0,04	0,07	1471,72
1444	10.09.2025 07:37:03	16,89	-0,05	0,04	0,07	1471,72
1445	10.09.2025 07:37:04	16,89	-0,03	0,04	0,07	1471,72
1446	10.09.2025 07:37:05	16,89	-0,05	0,04	0,07	1471,72
1447	10.09.2025 07:37:06	16,89	-0,03	0,04	0,07	1471,72
1448	10.09.2025 07:37:07	16,89	-0,03	0,04	0,07	1471,72
1449	10.09.2025 07:37:08	16,89	-0,03	0,03	0,04	1471,70
1450	10.09.2025 07:37:09	16,89	-0,05	0,04	0,07	1471,72
1451	10.09.2025 07:37:10	16,89	-0,05	0,04	0,07	1471,72
1452	10.09.2025 07:37:11	16,86	-0,05	0,04	0,07	1471,61
1453	10.09.2025 07:37:12	16,86	-0,05	0,04	0,07	1471,61
1454	10.09.2025 07:37:13	16,86	-0,03	0,04	0,07	1471,62
1455	10.09.2025 07:37:14	16,86	-0,03	0,04	0,07	1471,62
1456	10.09.2025 07:37:15	16,86	-0,03	0,03	0,04	1471,60
1457	10.09.2025 07:37:16	16,86	-0,03	0,03	0,04	1471,60
1458	10.09.2025 07:37:17	16,86	-0,05	0,04	0,07	1471,61
1459	10.09.2025 07:37:18	16,86	-0,05	0,04	0,07	1471,61
1460	10.09.2025 07:37:19	16,86	-0,03	0,43	0,74	1472,07
1461	10.09.2025 07:37:20	16,86	-0,03	0,17	0,30	1471,77
1462	10.09.2025 07:37:21	16,86	-0,05	0,16	0,27	1471,75
1463	10.09.2025 07:37:22	16,86	-0,05	0,16	0,27	1471,75
1464	10.09.2025 07:37:23	16,86	-0,03	0,16	0,27	1471,75
1465	10.09.2025 07:37:24	16,83	-0,05	0,16	0,27	1471,65
1466	10.09.2025 07:37:25	16,83	-0,03	0,40	0,68	1471,93
1467	10.09.2025 07:37:26	16,83	-0,05	0,40	0,68	1471,93
1468	10.09.2025 07:37:27	16,83	-0,03	0,22	0,39	1471,73
1469	10.09.2025 07:37:28	16,83	-0,03	0,19	0,33	1471,69
1470	10.09.2025 07:37:29	16,80	-0,03	0,21	0,36	1471,61
1471	10.09.2025 07:37:30	16,80	-0,03	0,19	0,33	1471,59
1472	10.09.2025 07:37:31	16,80	-0,03	0,17	0,30	1471,57
1473	10.09.2025 07:37:32	16,80	-0,05	0,19	0,33	1471,58
1474	10.09.2025 07:37:33	16,80	-0,03	0,19	0,33	1471,59
1475	10.09.2025 07:37:34	16,80	-0,05	0,16	0,27	1471,54
1476	10.09.2025 07:37:35	16,80	-0,05	0,16	0,27	1471,54
1477	10.09.2025 07:37:36	16,80	-0,03	0,19	0,33	1471,59
1478	10.09.2025 07:37:37	16,80	-0,03	0,17	0,30	1471,57
1479	10.09.2025 07:37:38	16,80	-0,05	0,16	0,27	1471,54
1480	10.09.2025 07:37:39	16,80	-0,03	0,17	0,30	1471,57
1481	10.09.2025 07:37:40	16,80	-0,03	0,19	0,33	1471,59
1482	10.09.2025 07:37:41	16,80	-0,05	0,16	0,27	1471,54
1483	10.09.2025 07:37:42	16,80	-0,05	0,16	0,27	1471,54
1484	10.09.2025 07:37:43	16,80	-0,05	0,17	0,30	1471,56
1485	10.09.2025 07:37:44	16,80	-0,03	0,17	0,30	1471,57
1486	10.09.2025 07:37:45	16,80	-0,05	0,17	0,30	1471,56
1487	10.09.2025 07:37:46	16,80	-0,03	0,17	0,30	1471,57
1488	10.09.2025 07:37:47	16,80	-0,05	0,17	0,30	1471,56
1489	10.09.2025 07:37:48	16,80	-0,05	0,16	0,27	1471,54
1490	10.09.2025 07:37:49	16,77	-0,03	0,14	0,25	1471,43
1491	10.09.2025 07:37:50	16,77	-0,05	0,16	0,27	1471,44
1492	10.09.2025 07:37:51	16,77	-0,03	0,16	0,27	1471,45
1493	10.09.2025 07:37:52	16,77	-0,03	0,16	0,27	1471,45
1494	10.09.2025 07:37:53	16,77	-0,03	0,16	0,27	1471,45
1495	10.09.2025 07:37:54	16,77	-0,05	0,16	0,27	1471,44
1496	10.09.2025 07:37:55	16,77	-0,03	0,17	0,30	1471,47
1497	10.09.2025 07:37:56	16,77	-0,03	0,17	0,30	1471,47
1498	10.09.2025 07:37:57	16,77	-0,03	0,16	0,27	1471,45
1499	10.09.2025 07:37:58	16,77	-0,05	0,17	0,30	1471,46
1500	10.09.2025 07:37:59	16,77	-0,03	0,16	0,27	1471,45
1501	10.09.2025 07:38:00	16,77	-0,05	0,16	0,27	1471,44
1502	10.09.2025 07:38:01	16,77	-0,03	0,17	0,30	1471,47
1503	10.09.2025 07:38:02	16,77	-0,03	0,16	0,27	1471,45
1504	10.09.2025 07:38:03	16,77	-0,05	0,16	0,27	1471,44
1505	10.09.2025 07:38:04	16,77	-0,06	0,17	0,30	1471,46
1506	10.09.2025 07:38:05	16,77	-0,03	0,14	0,25	1471,43
1507	10.09.2025 07:38:06	16,77	-0,03	0,16	0,27	1471,45
1508	10.09.2025 07:38:07	16,77	-0,05	0,17	0,30	1471,46
1509	10.09.2025 07:38:08	16,77	-0,05	0,14	0,25	1471,42
1510	10.09.2025 07:38:09	16,77	-0,05	0,16	0,27	1471,44
1511	10.09.2025 07:38:10	16,77	-0,05	0,16	0,27	1471,44
1512	10.09.2025 07:38:11	16,77	-0,05	0,16	0,27	1471,44
1513	10.09.2025 07:38:12	16,77	-0,03	0,14	0,25	1471,43
1514	10.09.2025 07:38:13	16,77	-0,05	0,16	0,27	1471,44
1515	10.09.2025 07:38:14	16,77	-0,05	0,16	0,27	1471,44
1516	10.09.2025 07:38:15	16,77	-0,03	0,14	0,25	1471,43
1517	10.09.2025 07:38:16	16,77	-0,05	0,16	0,27	1471,44
1518	10.09.2025 07:38:17	16,77	-0,03	0,14	0,25	1471,43
1519	10.09.2025 07:38:18	16,77	-0,05	0,16	0,27	1471,44
1520	10.09.2025 07:38:19	16,77	-0,05	0,16	0,27	1471,44
1521	10.09.2025 07:38:20	16,77	-0,03	0,14	0,25	1471,43
1522	10.09.2025 07:38:21	16,77	-0,05	0,14	0,25	1471,42
1523	10.09.2025 07:38:22	16,77	-0,05	0,16	0,27	1471,44
1524	10.09.2025 07:38:23	16,77	-0,05	0,16	0,27	1471,44
1525	10.09.2025 07:38:24	16,77	-0,05	0,09	0,16	1471,37
1526	10.09.2025 07:38:25	16,77	-0,05	0,36	0,62	1471,68
1527	10.09.2025 07:38:26	16,77	-0,05	0,26	0,45	1471,56
1528	10.09.2025 07:38:27	16,77	-0,03	0,28	0,48	1471,59
1529	10.09.2025 07:38:28	16,77	-0,05	0,36	0,62	1471,68
1530	10.09.2025 07:38:29	16,77	-0,03	0,43	0,74	1471,77
1531	10.09.2025 07:38:30	16,77	-0,05	0,21	0,36	1471,50
1532	10.09.2025 07:38:31	16,77	-0,05	0,21	0,36	1471,50
1533	10.09.2025 07:38:32	16,77	-0,05	0,42	0,71	1471,75
1534	10.09.2025 07:38:33	16,77	-0,05	0,42	0,71	1471,75
1535	10.09.2025 07:38:34	16,77	-0,03	0,43	0,74	1471,77
1536	10.09.2025 07:38:35	16,74	-0,05	0,43	0,74	1471,67
1537	10.09.2025 07:38:36	16,74	-0,06	0,47	0,80	1471,70
1538	10.09.2025 07:38:37	16,74	-0,05	0,45	0,77	1471,69
1539	10.09.2025 07:38:38	16,74	-0,06	0,45	0,77	1471,68
1540	10.09.2025 07:38:39	16,74	-0,06	0,45	0,77	1471,68
1541	10.09.2025 07:38:40	16,74	-0,05	0,42	0,71	1471,64
1542	10.09.2025 07:38:41	16,74	-0,05	0,45	0,77	1471,69
1543	10.09.2025 07:38:42	16,74	-0,05	0,26	0,45	1471,46
1544	10.09.2025 07:38:43	16,74	-0,05	0,45	0,77	1471,69
1545	10.09.2025 07:38:44	16,74	-0,06	0,42	0,71	1471,64
1546	10.09.2025 07:38:45	16,71	-0,05	0,26	0,45	1471,36
1547	10.09.2025 07:38:46	16,71	-0,05	0,45	0,77	1471,59
1548	10.09.2025 07:38:47	16,71	-0,06	0,49	0,83	1471,62
1549	10.09.2025 07:38:48	16,71	-0,05	0,43	0,74	1471,56
1550	10.09.2025 07:38:49	16,71	-0,05	0,42	0,71	1471,54
1551	10.09.2025 07:38:50	16,71	-0,06	0,45	0,77	1471,58
1552	10.09.2025 07:38:51	16,71	-0,05	0,43	0,74	1471,56
1553	10.09.2025 07:38:52	16,71	-0,05	0,43	0,74	1471,56
1554	10.09.2025 07:38:53	16,71	-0,06	0,45	0,77	1471,58
1555	10.09.2025 07:38:54	16,71	-0,06	0,45	0,77	1471,58
1556	10.09.2025 07:38:55	16,71	-0,05	0,45	0,77	1471,59
1557	10.09.2025 07:38:56	16,71	-0,06	0,45	0,77	1471,58
1558	10.09.2025 07:38:57	16,71	-0,05	0,45	0,77	1471,59
1559	10.09.2025 07:38:58	16,71	-0,05	0,45	0,77	1471,59
1560	10.09.2025 07:38:59	16,71	-0,06	0,47	0,80	1471,60
1561	10.09.2025 07:39:00	16,71	-0,06	0,49	0,83	1471,62
1562	10.09.2025 07:39:01	16,71	-0,05	0,38	0,65	1471,50
1563	10.09.2025 07:39:02	16,71	-0,05	0,31	0,54	1471,42
1564	10.09.2025 07:39:03	16,71	-0,05	0,24	0,42	1471,34
1565	10.09.2025 07:39:04	16,71	-0,05	0,42	0,71	1471,54
1566	10.09.2025 07:39:05	16,71	-0,05	0,29	0,51	1471,40
1567	10.09.2025 07:39:06	16,71	-0,06	0,45	0,77	1471,58
1568	10.09.2025 07:39:07	16,71	-0,05	0,40	0,68	1471,52
1569	10.09.2025 07:39:08	16,71	-0,06	0,43	0,74	1471,56
1570	10.09.2025 07:39:09	16,71	-0,05	0,36	0,62	1471,48
1571	10.09.2025 07:39:10	16,71	-0,05	0,42	0,71	1471,54
1572	10.09.2025 07:39:11	16,68	-0,05	0,43	0,74	1471,46
1573	10.09.2025 07:39:12	16,68	-0,06	0,40	0,68	1471,42
1574	10.09.2025 07:39:13	16,68	-0,06	0,43	0,74	1471,46
1575	10.09.2025 07:39:14	16,68	-0,05	0,45	0,77	1471,48
1576	10.09.2025 07:39:15	16,68	-0,05	0,43	0,74	1471,46
1577	10.09.2025 07:39:16	16,68	-0,05	0,23	0,39	1471,22
1578	10.09.2025 07:39:17	16,68	-0,06	0,08	0,13	1471,04
1579	10.09.2025 07:39:18	16,68	-0,06	0,06	0,10	1471,02
1580	10.09.2025 07:39:19	16,68	-0,05	0,06	0,10	1471,03
1581	10.09.2025 07:39:20	16,68	-0,05	0,04	0,07	1471,01
1582	10.09.2025 07:39:21	16,68	-0,06	0,04	0,07	1471,00
1583	10.09.2025 07:39:22	16,68	-0,05	0,04	0,07	1471,01
1584	10.09.2025 07:39:23	16,68	-0,05	0,04	0,07	1471,01
1585	10.09.2025 07:39:24	16,68	-0,06	0,04	0,07	1471,00
1586	10.09.2025 07:39:25	16,68	-0,05	0,04	0,07	1471,01
1587	10.09.2025 07:39:26	16,68	-0,06	0,04	0,07	1471,00
1588	10.09.2025 07:39:27	16,68	-0,06	0,04	0,07	1471,00
1589	10.09.2025 07:39:28	16,68	-0,06	0,04	0,07	1471,00
1590	10.09.2025 07:39:29	16,68	-0,05	0,04	0,07	1471,01
1591	10.09.2025 07:39:30	16,68	-0,05	0,04	0,07	1471,01
1592	10.09.2025 07:39:31	16,68	-0,05	0,03	0,04	1470,99
1593	10.09.2025 07:39:32	16,68	-0,06	0,03	0,04	1470,99
1594	10.09.2025 07:39:33	16,68	-0,05	0,03	0,04	1470,99
1595	10.09.2025 07:39:34	16,68	-0,05	0,03	0,04	1470,99
1596	10.09.2025 07:39:35	16,68	-0,06	0,03	0,04	1470,99
1597	10.09.2025 07:39:36	16,68	-0,06	0,03	0,04	1470,99
1598	10.09.2025 07:39:37	16,68	-0,05	0,03	0,04	1470,99
1599	10.09.2025 07:39:38	16,68	-0,05	0,03	0,04	1470,99
1600	10.09.2025 07:39:39	16,65	-0,05	0,03	0,04	1470,89
1601	10.09.2025 07:39:40	16,68	-0,05	0,03	0,04	1470,99
1602	10.09.2025 07:39:41	16,65	-0,05	0,40	0,68	1471,32
1603	10.09.2025 07:39:42	16,65	-0,05	0,08	0,13	1470,94
1604	10.09.2025 07:39:43	16,68	-0,05	0,08	0,13	1471,04
1605	10.09.2025 07:39:44	16,65	-0,06	0,06	0,10	1470,92
1606	10.09.2025 07:39:45	16,65	-0,05	0,19	0,33	1471,08
1607	10.09.2025 07:39:46	16,65	-0,06	0,08	0,13	1470,94
1608	10.09.2025 07:39:47	16,68	-0,06	0,16	0,27	1471,14
1609	10.09.2025 07:39:48	16,68	-0,05	0,40	0,68	1471,42
1610	10.09.2025 07:39:49	16,68	-0,05	0,19	0,33	1471,18
1611	10.09.2025 07:39:50	16,68	-0,05	0,24	0,42	1471,24
1612	10.09.2025 07:39:51	16,68	-0,05	0,42	0,71	1471,44
1613	10.09.2025 07:39:52	16,68	-0,05	0,45	0,77	1471,48
1614	10.09.2025 07:39:53	16,68	-0,06	0,29	0,51	1471,30
1615	10.09.2025 07:39:54	16,68	-0,06	0,19	0,33	1471,18
1616	10.09.2025 07:39:55	16,68	-0,05	0,42	0,71	1471,44
1617	10.09.2025 07:39:56	16,68	-0,05	0,56	0,94	1471,61
1618	10.09.2025 07:39:57	16,68	-0,06	0,54	0,91	1471,59
1619	10.09.2025 07:39:58	16,71	-0,08	0,54	0,91	1471,68
1620	10.09.2025 07:39:59	16,74	-0,10	0,26	0,45	1471,45
1621	10.09.2025 07:40:00	16,95	-0,15	0,26	0,45	1472,15
1622	10.09.2025 07:40:01	17,16	-0,15	0,17	0,30	1472,75
1623	10.09.2025 07:40:02	17,34	-0,15	0,22	0,39	1473,41
1624	10.09.2025 07:40:03	17,43	-0,17	0,07	0,13	1473,53
1625	10.09.2025 07:40:04	17,52	-0,12	0,06	0,10	1473,82
1626	10.09.2025 07:40:05	17,61	-0,12	0,06	0,10	1474,11
1627	10.09.2025 07:40:06	17,70	-0,12	0,32	0,56	1474,71
1628	10.09.2025 07:40:07	17,82	-0,12	0,09	0,16	1474,84
1629	10.09.2025 07:40:08	17,93	-0,17	0,20	0,36	1475,35
1630	10.09.2025 07:40:09	18,17	-0,15	0,44	0,77	1476,40
1631	10.09.2025 07:40:10	18,44	0,01	0,45	0,80	1477,31
1632	10.09.2025 07:40:11	18,53	0,03	0,45	0,80	1477,60
1633	10.09.2025 07:40:12	18,59	0,04	0,45	0,80	1477,79
1634	10.09.2025 07:40:13	18,68	0,03	0,45	0,80	1478,07
1635	10.09.2025 07:40:14	18,71	0,03	0,45	0,80	1478,17
1636	10.09.2025 07:40:15	18,80	0,06	0,45	0,80	1478,45
1637	10.09.2025 07:40:16	18,83	0,04	0,45	0,80	1478,55
1638	10.09.2025 07:40:17	18,88	0,04	0,45	0,80	1478,73
1639	10.09.2025 07:40:18	18,94	0,03	0,45	0,80	1478,92
1640	10.09.2025 07:40:19	18,97	0,04	0,45	0,80	1479,02
1641	10.09.2025 07:40:20	19,03	0,03	0,44	0,80	1479,20
1642	10.09.2025 07:40:21	19,06	0,04	0,44	0,80	1479,30
1643	10.09.2025 07:40:22	19,12	0,04	0,44	0,80	1479,49
1644	10.09.2025 07:40:23	19,18	0,06	0,44	0,80	1479,68
1645	10.09.2025 07:40:24	19,24	0,06	0,44	0,80	1479,86
1646	10.09.2025 07:40:25	19,30	0,04	0,44	0,80	1480,04
1647	10.09.2025 07:40:26	19,30	0,04	0,44	0,80	1480,04
1648	10.09.2025 07:40:27	19,36	0,06	0,44	0,80	1480,23
1649	10.09.2025 07:40:28	19,42	0,04	0,44	0,80	1480,42
1650	10.09.2025 07:40:29	19,47	0,06	0,44	0,80	1480,60
1651	10.09.2025 07:40:30	19,50	0,08	0,44	0,80	1480,70
1652	10.09.2025 07:40:31	19,53	0,06	0,44	0,80	1480,79
1653	10.09.2025 07:40:32	19,59	0,06	0,44	0,80	1480,97
1654	10.09.2025 07:40:33	19,65	0,06	0,44	0,80	1481,16
1655	10.09.2025 07:40:34	19,71	0,06	0,44	0,80	1481,34
1656	10.09.2025 07:40:35	19,74	0,04	0,42	0,77	1481,41
1657	10.09.2025 07:40:36	19,77	0,06	0,42	0,77	1481,51
1658	10.09.2025 07:40:37	19,83	0,08	0,44	0,80	1481,71
1659	10.09.2025 07:40:38	19,86	0,06	0,44	0,80	1481,80
1660	10.09.2025 07:40:39	19,89	0,06	0,44	0,80	1481,89
1661	10.09.2025 07:40:40	19,95	0,06	0,44	0,80	1482,07
1662	10.09.2025 07:40:41	19,97	0,06	0,42	0,77	1482,15
1663	10.09.2025 07:40:42	20,00	0,04	0,43	0,80	1482,25
1664	10.09.2025 07:40:43	20,06	0,06	0,43	0,80	1482,44
1665	10.09.2025 07:40:44	20,09	0,06	0,43	0,80	1482,53
1666	10.09.2025 07:40:45	20,12	0,08	0,43	0,80	1482,62
1667	10.09.2025 07:40:46	20,18	0,08	0,43	0,80	1482,80
1668	10.09.2025 07:40:47	20,18	0,08	0,43	0,80	1482,80
1669	10.09.2025 07:40:48	20,24	0,08	0,45	0,83	1483,00
1670	10.09.2025 07:40:49	20,24	0,06	0,45	0,83	1483,00
1671	10.09.2025 07:40:50	20,27	0,08	0,43	0,80	1483,07
1672	10.09.2025 07:40:51	20,33	0,08	0,45	0,83	1483,27
1673	10.09.2025 07:40:52	20,36	0,06	0,45	0,83	1483,36
1674	10.09.2025 07:40:53	20,42	0,08	0,45	0,83	1483,54
1675	10.09.2025 07:40:54	20,42	0,06	0,43	0,80	1483,52
1676	10.09.2025 07:40:55	20,47	0,08	0,45	0,83	1483,72
1677	10.09.2025 07:40:56	20,47	0,08	0,45	0,83	1483,72
1678	10.09.2025 07:40:57	20,53	0,08	0,45	0,83	1483,90
1679	10.09.2025 07:40:58	20,56	0,08	0,43	0,80	1483,97
1680	10.09.2025 07:40:59	20,59	0,08	0,43	0,80	1484,06
1681	10.09.2025 07:41:00	20,59	0,08	0,43	0,80	1484,06
1682	10.09.2025 07:41:01	20,65	0,06	0,43	0,80	1484,24
1683	10.09.2025 07:41:02	20,65	0,08	0,43	0,80	1484,24
1684	10.09.2025 07:41:03	20,68	0,08	0,43	0,80	1484,33
1685	10.09.2025 07:41:04	20,71	0,08	0,44	0,83	1484,44
1686	10.09.2025 07:41:05	20,71	0,08	0,43	0,80	1484,42
1687	10.09.2025 07:41:06	20,77	0,08	0,43	0,80	1484,60
1688	10.09.2025 07:41:07	20,77	0,06	0,44	0,83	1484,61
1689	10.09.2025 07:41:08	20,83	0,10	0,43	0,80	1484,78
1690	10.09.2025 07:41:09	20,83	0,08	0,44	0,83	1484,79
1691	10.09.2025 07:41:10	20,85	0,08	0,44	0,83	1484,88
1692	10.09.2025 07:41:11	20,88	0,10	0,43	0,80	1484,96
