#B	Created:	29.07.2025 17:04:35
##	Version	SeaStar	9.59
#5	Field separation:	0
#2	Date & Time:	1
#6	Decimal point:	,
#7	Date def.:	dd.mm.yyyy	.
#8	Time def.:	:
##	Axis	0	Temperature(°C)	clRed	FALSE
##	Axis	1	Pressure(Bar)	clBlue	FALSE
##	Axis	2	Salinity(psu)	clGreen	FALSE
##	Axis	3	Conductivity(mS/cm)	$00FF80FF	FALSE
##	Axis	4	Sound Velocity(m/sec)	$00404080	FALSE
##	Series	0	Temp(°C)	clRed	0	Temp(°C)	2
##	Series	1	Press(Bar)	clBlue	1	Press(Bar)	2
##	Series	2	Salinity(psu)	clGreen	2	Salinity(psu)	2
##	Series	3	Conduct(mS/cm)	$00FF80FF	3	Conduct(mS/cm)	2
##	Series	4	Sound Velocity(m/sec)	$00404080	4	Velocity(m/sec)	2
##	Recorder	85	DST CTD	13526
##	Chart	85S13526DAT	
#D	Data:	1686	29.07.2025 16:36:00	29.07.2025 17:04:05
1	29.07.2025 16:36:00	27,66	-0,05	0,03	0,05	1503,43
2	29.07.2025 16:36:01	27,66	-0,05	0,03	0,05	1503,43
3	29.07.2025 16:36:02	27,66	-0,05	0,03	0,05	1503,43
4	29.07.2025 16:36:03	27,66	-0,05	0,03	0,05	1503,43
5	29.07.2025 16:36:04	27,63	-0,07	0,02	0,02	1503,34
6	29.07.2025 16:36:05	27,63	-0,05	0,03	0,05	1503,35
7	29.07.2025 16:36:06	27,63	-0,05	0,03	0,05	1503,35
8	29.07.2025 16:36:07	27,63	-0,05	0,03	0,05	1503,35
9	29.07.2025 16:36:08	27,63	-0,05	0,03	0,05	1503,35
10	29.07.2025 16:36:09	27,60	-0,05	0,03	0,05	1503,28
11	29.07.2025 16:36:10	27,60	-0,07	0,02	0,02	1503,27
12	29.07.2025 16:36:11	27,60	-0,05	0,03	0,05	1503,28
13	29.07.2025 16:36:12	27,60	-0,05	0,03	0,05	1503,28
14	29.07.2025 16:36:13	27,60	-0,05	0,03	0,05	1503,28
15	29.07.2025 16:36:14	27,57	-0,07	0,03	0,05	1503,20
16	29.07.2025 16:36:15	27,57	-0,05	0,03	0,05	1503,21
17	29.07.2025 16:36:16	27,57	-0,05	0,03	0,05	1503,21
18	29.07.2025 16:36:17	27,57	-0,05	0,02	0,02	1503,19
19	29.07.2025 16:36:18	27,57	-0,05	0,03	0,05	1503,21
20	29.07.2025 16:36:19	27,57	-0,05	0,03	0,05	1503,21
21	29.07.2025 16:36:20	27,54	-0,05	0,03	0,05	1503,13
22	29.07.2025 16:36:21	27,54	-0,05	0,03	0,05	1503,13
23	29.07.2025 16:36:22	27,54	-0,05	0,03	0,05	1503,13
24	29.07.2025 16:36:23	27,54	-0,05	0,02	0,02	1503,12
25	29.07.2025 16:36:24	27,54	-0,05	0,03	0,05	1503,13
26	29.07.2025 16:36:25	27,51	-0,05	0,03	0,05	1503,06
27	29.07.2025 16:36:26	27,51	-0,05	0,03	0,05	1503,06
28	29.07.2025 16:36:27	27,51	-0,05	0,03	0,05	1503,06
29	29.07.2025 16:36:28	27,51	-0,05	0,03	0,05	1503,06
30	29.07.2025 16:36:29	27,48	-0,05	0,03	0,05	1502,98
31	29.07.2025 16:36:30	27,48	-0,05	0,03	0,05	1502,98
32	29.07.2025 16:36:31	27,48	-0,05	0,03	0,05	1502,98
33	29.07.2025 16:36:32	27,48	-0,05	0,03	0,05	1502,98
34	29.07.2025 16:36:33	27,48	-0,05	0,03	0,05	1502,98
35	29.07.2025 16:36:34	27,45	-0,05	0,03	0,05	1502,91
36	29.07.2025 16:36:35	27,45	-0,05	0,03	0,05	1502,91
37	29.07.2025 16:36:36	27,45	-0,05	0,03	0,05	1502,91
38	29.07.2025 16:36:37	27,45	-0,05	0,02	0,02	1502,90
39	29.07.2025 16:36:38	27,45	-0,05	0,03	0,05	1502,91
40	29.07.2025 16:36:39	27,45	-0,05	0,02	0,02	1502,90
41	29.07.2025 16:36:40	27,43	-0,05	0,03	0,05	1502,83
42	29.07.2025 16:36:41	27,43	-0,05	0,02	0,02	1502,82
43	29.07.2025 16:36:42	27,43	-0,03	0,02	0,02	1502,82
44	29.07.2025 16:36:43	27,43	-0,05	0,03	0,05	1502,83
45	29.07.2025 16:36:44	27,40	-0,07	0,03	0,05	1502,75
46	29.07.2025 16:36:45	27,40	-0,07	0,03	0,05	1502,75
47	29.07.2025 16:36:46	27,40	-0,07	0,03	0,05	1502,75
48	29.07.2025 16:36:47	27,40	-0,07	0,03	0,05	1502,75
49	29.07.2025 16:36:48	27,40	-0,07	0,03	0,05	1502,75
50	29.07.2025 16:36:49	27,37	-0,05	0,03	0,05	1502,68
51	29.07.2025 16:36:50	27,37	-0,07	0,03	0,05	1502,68
52	29.07.2025 16:36:51	27,37	-0,07	0,03	0,05	1502,68
53	29.07.2025 16:36:52	27,37	-0,07	0,03	0,05	1502,68
54	29.07.2025 16:36:53	27,37	-0,05	0,03	0,05	1502,68
55	29.07.2025 16:36:54	27,34	-0,07	0,03	0,05	1502,61
56	29.07.2025 16:36:55	27,34	-0,07	0,03	0,05	1502,61
57	29.07.2025 16:36:56	27,34	-0,05	0,03	0,05	1502,61
58	29.07.2025 16:36:57	27,34	-0,07	0,03	0,05	1502,61
59	29.07.2025 16:36:58	27,34	-0,05	0,03	0,05	1502,61
60	29.07.2025 16:36:59	27,34	-0,07	0,03	0,05	1502,61
61	29.07.2025 16:37:00	27,31	-0,07	0,03	0,05	1502,53
62	29.07.2025 16:37:01	27,31	-0,07	0,03	0,05	1502,53
63	29.07.2025 16:37:02	27,31	-0,05	0,03	0,05	1502,53
64	29.07.2025 16:37:03	27,31	-0,05	0,03	0,05	1502,53
65	29.07.2025 16:37:04	27,31	-0,07	0,03	0,05	1502,53
66	29.07.2025 16:37:05	27,28	-0,05	0,03	0,05	1502,46
67	29.07.2025 16:37:06	27,28	-0,05	0,03	0,05	1502,46
68	29.07.2025 16:37:07	27,28	-0,05	0,03	0,05	1502,46
69	29.07.2025 16:37:08	27,28	-0,05	0,03	0,05	1502,46
70	29.07.2025 16:37:09	27,28	-0,05	0,03	0,05	1502,46
71	29.07.2025 16:37:10	27,25	-0,05	0,03	0,05	1502,38
72	29.07.2025 16:37:11	27,25	-0,07	0,03	0,05	1502,38
73	29.07.2025 16:37:12	27,25	-0,05	0,02	0,02	1502,37
74	29.07.2025 16:37:13	27,25	-0,05	0,03	0,05	1502,38
75	29.07.2025 16:37:14	27,25	-0,05	0,03	0,05	1502,38
76	29.07.2025 16:37:15	27,22	-0,07	0,03	0,05	1502,30
77	29.07.2025 16:37:16	27,22	-0,05	0,03	0,05	1502,31
78	29.07.2025 16:37:17	27,22	-0,05	0,02	0,02	1502,30
79	29.07.2025 16:37:18	27,22	-0,07	0,02	0,02	1502,29
80	29.07.2025 16:37:19	27,22	-0,05	0,03	0,05	1502,31
81	29.07.2025 16:37:20	27,19	-0,05	0,03	0,05	1502,23
82	29.07.2025 16:37:21	27,19	-0,05	0,03	0,05	1502,23
83	29.07.2025 16:37:22	27,19	-0,05	0,02	0,02	1502,22
84	29.07.2025 16:37:23	27,19	-0,05	0,03	0,05	1502,23
85	29.07.2025 16:37:24	27,16	-0,03	0,03	0,05	1502,16
86	29.07.2025 16:37:25	27,16	-0,05	0,03	0,05	1502,16
87	29.07.2025 16:37:26	27,16	-0,05	0,02	0,02	1502,15
88	29.07.2025 16:37:27	27,16	-0,05	0,03	0,05	1502,16
89	29.07.2025 16:37:28	27,13	-0,05	0,03	0,05	1502,08
90	29.07.2025 16:37:29	27,13	-0,05	0,03	0,05	1502,08
91	29.07.2025 16:37:30	27,13	-0,05	0,03	0,05	1502,08
92	29.07.2025 16:37:31	27,13	-0,05	0,02	0,02	1502,07
93	29.07.2025 16:37:32	27,13	-0,05	0,03	0,05	1502,08
94	29.07.2025 16:37:33	27,11	-0,05	0,03	0,05	1502,01
95	29.07.2025 16:37:34	27,11	-0,05	0,03	0,05	1502,01
96	29.07.2025 16:37:35	27,11	-0,05	0,03	0,05	1502,01
97	29.07.2025 16:37:36	27,11	-0,03	0,03	0,05	1502,01
98	29.07.2025 16:37:37	27,11	-0,05	0,02	0,02	1502,00
99	29.07.2025 16:37:38	27,11	-0,05	0,02	0,02	1502,00
100	29.07.2025 16:37:39	27,11	-0,05	0,03	0,05	1502,01
101	29.07.2025 16:37:40	27,08	-0,05	0,03	0,05	1501,93
102	29.07.2025 16:37:41	27,08	-0,05	0,03	0,05	1501,93
103	29.07.2025 16:37:42	27,08	-0,05	0,02	0,02	1501,92
104	29.07.2025 16:37:43	27,08	-0,05	0,03	0,05	1501,93
105	29.07.2025 16:37:44	27,08	-0,05	0,02	0,02	1501,92
106	29.07.2025 16:37:45	27,05	-0,05	0,02	0,02	1501,84
107	29.07.2025 16:37:46	27,05	-0,05	0,03	0,05	1501,86
108	29.07.2025 16:37:47	27,05	-0,05	0,03	0,05	1501,86
109	29.07.2025 16:37:48	27,05	-0,05	0,03	0,05	1501,86
110	29.07.2025 16:37:49	27,05	-0,05	0,03	0,05	1501,86
111	29.07.2025 16:37:50	27,02	-0,07	0,03	0,05	1501,78
112	29.07.2025 16:37:51	27,02	-0,07	0,03	0,05	1501,78
113	29.07.2025 16:37:52	27,02	-0,05	0,03	0,05	1501,78
114	29.07.2025 16:37:53	27,02	-0,07	0,03	0,05	1501,78
115	29.07.2025 16:37:54	27,02	-0,07	0,03	0,05	1501,78
116	29.07.2025 16:37:55	27,02	-0,05	0,03	0,05	1501,78
117	29.07.2025 16:37:56	26,99	-0,05	0,03	0,05	1501,70
118	29.07.2025 16:37:57	26,99	-0,07	0,02	0,02	1501,69
119	29.07.2025 16:37:58	26,99	-0,07	0,03	0,05	1501,70
120	29.07.2025 16:37:59	26,99	-0,05	0,03	0,05	1501,70
121	29.07.2025 16:38:00	26,99	-0,07	0,03	0,05	1501,70
122	29.07.2025 16:38:01	26,99	-0,05	0,03	0,05	1501,70
123	29.07.2025 16:38:02	26,96	-0,07	0,03	0,05	1501,63
124	29.07.2025 16:38:03	26,96	-0,07	0,03	0,05	1501,63
125	29.07.2025 16:38:04	26,96	-0,05	0,03	0,05	1501,63
126	29.07.2025 16:38:05	26,96	-0,05	0,03	0,05	1501,63
127	29.07.2025 16:38:06	26,96	-0,07	0,03	0,05	1501,63
128	29.07.2025 16:38:07	26,96	-0,05	0,03	0,05	1501,63
129	29.07.2025 16:38:08	26,96	-0,05	0,03	0,05	1501,63
130	29.07.2025 16:38:09	26,93	-0,05	0,03	0,05	1501,55
131	29.07.2025 16:38:10	26,93	-0,05	0,03	0,05	1501,55
132	29.07.2025 16:38:11	26,93	-0,07	0,03	0,05	1501,55
133	29.07.2025 16:38:12	26,93	-0,05	0,03	0,05	1501,55
134	29.07.2025 16:38:13	26,93	-0,07	0,03	0,05	1501,55
135	29.07.2025 16:38:14	26,93	-0,05	0,03	0,05	1501,55
136	29.07.2025 16:38:15	26,93	-0,05	0,02	0,02	1501,54
137	29.07.2025 16:38:16	26,90	-0,05	0,03	0,05	1501,48
138	29.07.2025 16:38:17	26,90	-0,05	0,03	0,05	1501,48
139	29.07.2025 16:38:18	26,90	-0,05	0,03	0,05	1501,48
140	29.07.2025 16:38:19	26,90	-0,05	0,03	0,05	1501,48
141	29.07.2025 16:38:20	26,90	-0,07	0,02	0,02	1501,46
142	29.07.2025 16:38:21	26,90	-0,07	0,02	0,02	1501,46
143	29.07.2025 16:38:22	26,90	-0,07	0,02	0,02	1501,46
144	29.07.2025 16:38:23	26,87	-0,05	0,03	0,05	1501,40
145	29.07.2025 16:38:24	26,87	-0,05	0,03	0,05	1501,40
146	29.07.2025 16:38:25	26,87	-0,05	0,03	0,05	1501,40
147	29.07.2025 16:38:26	26,87	-0,05	0,03	0,05	1501,40
148	29.07.2025 16:38:27	26,87	-0,07	0,03	0,05	1501,40
149	29.07.2025 16:38:28	26,87	-0,05	0,03	0,05	1501,40
150	29.07.2025 16:38:29	26,87	-0,05	0,03	0,05	1501,40
151	29.07.2025 16:38:30	26,87	-0,05	0,03	0,05	1501,40
152	29.07.2025 16:38:31	26,87	-0,07	0,03	0,05	1501,40
153	29.07.2025 16:38:32	26,87	-0,07	0,03	0,05	1501,40
154	29.07.2025 16:38:33	26,84	-0,05	0,03	0,05	1501,33
155	29.07.2025 16:38:34	26,84	-0,05	0,03	0,05	1501,33
156	29.07.2025 16:38:35	26,84	-0,05	0,03	0,05	1501,33
157	29.07.2025 16:38:36	26,84	-0,05	0,03	0,05	1501,33
158	29.07.2025 16:38:37	26,84	-0,07	0,02	0,02	1501,31
159	29.07.2025 16:38:38	26,84	-0,05	0,03	0,05	1501,33
160	29.07.2025 16:38:39	26,84	-0,03	0,03	0,05	1501,33
161	29.07.2025 16:38:40	26,82	-0,05	0,03	0,05	1501,25
162	29.07.2025 16:38:41	26,82	-0,05	0,03	0,05	1501,25
163	29.07.2025 16:38:42	26,82	-0,05	0,03	0,05	1501,25
164	29.07.2025 16:38:43	26,82	-0,05	0,03	0,05	1501,25
165	29.07.2025 16:38:44	26,82	-0,05	0,03	0,05	1501,25
166	29.07.2025 16:38:45	26,82	-0,05	0,02	0,02	1501,24
167	29.07.2025 16:38:46	26,82	-0,05	0,03	0,05	1501,25
168	29.07.2025 16:38:47	26,82	-0,07	0,02	0,02	1501,24
169	29.07.2025 16:38:48	26,82	-0,05	0,03	0,05	1501,25
170	29.07.2025 16:38:49	26,82	-0,05	0,03	0,05	1501,25
171	29.07.2025 16:38:50	26,82	-0,05	0,03	0,05	1501,25
172	29.07.2025 16:38:51	26,79	-0,07	0,03	0,05	1501,17
173	29.07.2025 16:38:52	26,79	-0,05	0,03	0,05	1501,17
174	29.07.2025 16:38:53	26,79	-0,05	0,03	0,05	1501,17
175	29.07.2025 16:38:54	26,79	-0,05	0,03	0,05	1501,17
176	29.07.2025 16:38:55	26,79	-0,03	0,03	0,05	1501,18
177	29.07.2025 16:38:56	26,79	-0,05	0,03	0,05	1501,17
178	29.07.2025 16:38:57	26,79	-0,05	0,03	0,05	1501,17
179	29.07.2025 16:38:58	26,79	-0,03	0,03	0,05	1501,18
180	29.07.2025 16:38:59	26,76	-0,05	0,03	0,05	1501,10
181	29.07.2025 16:39:00	26,76	-0,07	0,03	0,05	1501,10
182	29.07.2025 16:39:01	26,76	-0,05	0,03	0,05	1501,10
183	29.07.2025 16:39:02	26,76	-0,05	0,03	0,05	1501,10
184	29.07.2025 16:39:03	26,76	-0,05	0,03	0,05	1501,10
185	29.07.2025 16:39:04	26,76	-0,07	0,03	0,05	1501,10
186	29.07.2025 16:39:05	26,76	-0,05	0,03	0,05	1501,10
187	29.07.2025 16:39:06	26,76	-0,05	0,03	0,05	1501,10
188	29.07.2025 16:39:07	26,76	-0,05	0,03	0,05	1501,10
189	29.07.2025 16:39:08	26,73	-0,05	0,03	0,05	1501,02
190	29.07.2025 16:39:09	26,73	-0,05	0,03	0,05	1501,02
191	29.07.2025 16:39:10	26,73	-0,05	0,03	0,05	1501,02
192	29.07.2025 16:39:11	26,73	-0,05	0,03	0,05	1501,02
193	29.07.2025 16:39:12	26,73	-0,05	0,02	0,02	1501,01
194	29.07.2025 16:39:13	26,73	-0,05	0,03	0,05	1501,02
195	29.07.2025 16:39:14	26,73	-0,05	0,03	0,05	1501,02
196	29.07.2025 16:39:15	26,73	-0,05	0,03	0,05	1501,02
197	29.07.2025 16:39:16	26,73	-0,05	0,03	0,05	1501,02
198	29.07.2025 16:39:17	26,73	-0,05	0,03	0,05	1501,02
199	29.07.2025 16:39:18	26,70	-0,05	0,03	0,05	1500,95
200	29.07.2025 16:39:19	26,70	-0,05	0,03	0,05	1500,95
201	29.07.2025 16:39:20	26,70	-0,05	0,03	0,05	1500,95
202	29.07.2025 16:39:21	26,70	-0,05	0,03	0,05	1500,95
203	29.07.2025 16:39:22	26,70	-0,07	0,03	0,05	1500,94
204	29.07.2025 16:39:23	26,70	-0,05	0,03	0,05	1500,95
205	29.07.2025 16:39:24	26,70	-0,05	0,03	0,05	1500,95
206	29.07.2025 16:39:25	26,70	-0,05	0,03	0,05	1500,95
207	29.07.2025 16:39:26	26,70	-0,05	0,02	0,02	1500,93
208	29.07.2025 16:39:27	26,70	-0,05	0,03	0,05	1500,95
209	29.07.2025 16:39:28	26,67	-0,07	0,03	0,05	1500,87
210	29.07.2025 16:39:29	26,67	-0,07	0,03	0,05	1500,87
211	29.07.2025 16:39:30	26,67	-0,07	0,03	0,05	1500,87
212	29.07.2025 16:39:31	26,67	-0,07	0,03	0,05	1500,87
213	29.07.2025 16:39:32	26,67	-0,07	0,03	0,05	1500,87
214	29.07.2025 16:39:33	26,67	-0,07	0,02	0,02	1500,86
215	29.07.2025 16:39:34	26,67	-0,08	0,02	0,02	1500,85
216	29.07.2025 16:39:35	26,67	-0,05	0,03	0,05	1500,87
217	29.07.2025 16:39:36	26,67	-0,07	0,02	0,02	1500,86
218	29.07.2025 16:39:37	26,67	-0,05	0,03	0,05	1500,87
219	29.07.2025 16:39:38	26,67	-0,07	0,02	0,02	1500,86
220	29.07.2025 16:39:39	26,64	-0,05	0,03	0,05	1500,79
221	29.07.2025 16:39:40	26,67	-0,07	0,03	0,05	1500,87
222	29.07.2025 16:39:41	26,64	-0,07	0,03	0,05	1500,79
223	29.07.2025 16:39:42	26,64	-0,07	0,03	0,05	1500,79
224	29.07.2025 16:39:43	26,64	-0,07	0,03	0,05	1500,79
225	29.07.2025 16:39:44	26,64	-0,07	0,03	0,05	1500,79
226	29.07.2025 16:39:45	26,64	-0,07	0,03	0,05	1500,79
227	29.07.2025 16:39:46	26,64	-0,07	0,03	0,05	1500,79
228	29.07.2025 16:39:47	26,64	-0,05	0,03	0,05	1500,79
229	29.07.2025 16:39:48	26,64	-0,07	0,03	0,05	1500,79
230	29.07.2025 16:39:49	26,64	-0,05	0,02	0,02	1500,78
231	29.07.2025 16:39:50	26,64	-0,07	0,03	0,05	1500,79
232	29.07.2025 16:39:51	26,64	-0,07	0,03	0,05	1500,79
233	29.07.2025 16:39:52	26,64	-0,07	0,03	0,05	1500,79
234	29.07.2025 16:39:53	26,61	-0,07	0,03	0,05	1500,71
235	29.07.2025 16:39:54	26,61	-0,05	0,03	0,05	1500,72
236	29.07.2025 16:39:55	26,61	-0,07	0,03	0,05	1500,71
237	29.07.2025 16:39:56	26,61	-0,05	0,03	0,05	1500,72
238	29.07.2025 16:39:57	26,61	-0,05	0,03	0,05	1500,72
239	29.07.2025 16:39:58	26,61	-0,07	0,03	0,05	1500,71
240	29.07.2025 16:39:59	26,61	-0,07	0,03	0,05	1500,71
241	29.07.2025 16:40:00	26,61	-0,07	0,03	0,05	1500,71
242	29.07.2025 16:40:01	26,58	-0,05	0,03	0,05	1500,64
243	29.07.2025 16:40:02	26,58	-0,07	0,03	0,05	1500,64
244	29.07.2025 16:40:03	26,58	-0,07	0,03	0,05	1500,64
245	29.07.2025 16:40:04	26,58	-0,05	0,03	0,05	1500,64
246	29.07.2025 16:40:05	26,58	-0,05	0,03	0,05	1500,64
247	29.07.2025 16:40:06	26,58	-0,07	0,02	0,02	1500,63
248	29.07.2025 16:40:07	26,58	-0,07	0,03	0,05	1500,64
249	29.07.2025 16:40:08	26,58	-0,07	0,03	0,05	1500,64
250	29.07.2025 16:40:09	26,58	-0,07	0,03	0,05	1500,64
251	29.07.2025 16:40:10	26,58	-0,05	0,03	0,05	1500,64
252	29.07.2025 16:40:11	26,58	-0,07	0,03	0,05	1500,64
253	29.07.2025 16:40:12	26,58	-0,05	0,03	0,05	1500,64
254	29.07.2025 16:40:13	26,55	-0,07	0,03	0,05	1500,56
255	29.07.2025 16:40:14	26,55	-0,07	0,03	0,05	1500,56
256	29.07.2025 16:40:15	26,55	-0,05	0,03	0,05	1500,56
257	29.07.2025 16:40:16	26,55	-0,07	0,03	0,05	1500,56
258	29.07.2025 16:40:17	26,55	-0,05	0,03	0,05	1500,56
259	29.07.2025 16:40:18	26,55	-0,07	0,03	0,05	1500,56
260	29.07.2025 16:40:19	26,55	-0,05	0,03	0,05	1500,56
261	29.07.2025 16:40:20	26,55	-0,07	0,03	0,05	1500,56
262	29.07.2025 16:40:21	26,55	-0,05	0,03	0,05	1500,56
263	29.07.2025 16:40:22	26,55	-0,07	0,03	0,05	1500,56
264	29.07.2025 16:40:23	26,55	-0,07	0,03	0,05	1500,56
265	29.07.2025 16:40:24	26,53	-0,05	0,03	0,05	1500,49
266	29.07.2025 16:40:25	26,53	-0,07	0,03	0,05	1500,49
267	29.07.2025 16:40:26	26,53	-0,05	0,03	0,05	1500,49
268	29.07.2025 16:40:27	26,53	-0,07	0,03	0,05	1500,49
269	29.07.2025 16:40:28	26,53	-0,05	0,03	0,05	1500,49
270	29.07.2025 16:40:29	26,53	-0,05	0,02	0,02	1500,48
271	29.07.2025 16:40:30	26,53	-0,05	0,03	0,05	1500,49
272	29.07.2025 16:40:31	26,53	-0,05	0,03	0,05	1500,49
273	29.07.2025 16:40:32	26,53	-0,07	0,03	0,05	1500,49
274	29.07.2025 16:40:33	26,53	-0,07	0,03	0,05	1500,49
275	29.07.2025 16:40:34	26,53	-0,05	0,03	0,05	1500,49
276	29.07.2025 16:40:35	26,50	-0,07	0,02	0,02	1500,40
277	29.07.2025 16:40:36	26,50	-0,05	0,03	0,05	1500,41
278	29.07.2025 16:40:37	26,50	-0,05	0,03	0,05	1500,41
279	29.07.2025 16:40:38	26,50	-0,07	0,03	0,05	1500,41
280	29.07.2025 16:40:39	26,50	-0,07	0,03	0,05	1500,41
281	29.07.2025 16:40:40	26,50	-0,07	0,03	0,05	1500,41
282	29.07.2025 16:40:41	26,50	-0,07	0,03	0,05	1500,41
283	29.07.2025 16:40:42	26,50	-0,05	0,03	0,05	1500,41
284	29.07.2025 16:40:43	26,50	-0,05	0,03	0,05	1500,41
285	29.07.2025 16:40:44	26,47	-0,05	0,03	0,05	1500,34
286	29.07.2025 16:40:45	26,47	-0,07	0,03	0,05	1500,33
287	29.07.2025 16:40:46	26,47	-0,07	0,03	0,05	1500,33
288	29.07.2025 16:40:47	26,47	-0,07	0,02	0,02	1500,32
289	29.07.2025 16:40:48	26,47	-0,03	0,02	0,02	1500,33
290	29.07.2025 16:40:49	26,47	-0,05	0,03	0,05	1500,34
291	29.07.2025 16:40:50	26,47	-0,07	0,03	0,05	1500,33
292	29.07.2025 16:40:51	26,47	-0,07	0,02	0,02	1500,32
293	29.07.2025 16:40:52	26,47	-0,07	0,03	0,05	1500,33
294	29.07.2025 16:40:53	26,44	-0,07	0,03	0,05	1500,26
295	29.07.2025 16:40:54	26,44	-0,07	0,03	0,05	1500,26
296	29.07.2025 16:40:55	26,44	-0,05	0,02	0,02	1500,25
297	29.07.2025 16:40:56	26,44	-0,05	0,03	0,05	1500,26
298	29.07.2025 16:40:57	26,44	-0,05	0,03	0,05	1500,26
299	29.07.2025 16:40:58	26,44	-0,05	0,03	0,05	1500,26
300	29.07.2025 16:40:59	26,44	-0,05	0,03	0,05	1500,26
301	29.07.2025 16:41:00	26,44	-0,05	0,03	0,05	1500,26
302	29.07.2025 16:41:01	26,44	-0,07	0,03	0,05	1500,26
303	29.07.2025 16:41:02	26,41	-0,05	0,03	0,05	1500,18
304	29.07.2025 16:41:03	26,41	-0,05	0,03	0,05	1500,18
305	29.07.2025 16:41:04	26,41	-0,05	0,03	0,05	1500,18
306	29.07.2025 16:41:05	26,41	-0,03	0,03	0,05	1500,18
307	29.07.2025 16:41:06	26,41	-0,05	0,03	0,05	1500,18
308	29.07.2025 16:41:07	26,41	-0,05	0,03	0,05	1500,18
309	29.07.2025 16:41:08	26,41	-0,05	0,03	0,05	1500,18
310	29.07.2025 16:41:09	26,41	-0,07	0,03	0,05	1500,18
311	29.07.2025 16:41:10	26,41	-0,07	0,03	0,05	1500,18
312	29.07.2025 16:41:11	26,38	-0,05	0,03	0,05	1500,11
313	29.07.2025 16:41:12	26,38	-0,05	0,03	0,05	1500,11
314	29.07.2025 16:41:13	26,38	-0,05	0,03	0,05	1500,11
315	29.07.2025 16:41:14	26,38	-0,05	0,02	0,02	1500,09
316	29.07.2025 16:41:15	26,38	-0,05	0,03	0,05	1500,11
317	29.07.2025 16:41:16	26,38	-0,07	0,03	0,05	1500,10
318	29.07.2025 16:41:17	26,38	-0,05	0,03	0,05	1500,11
319	29.07.2025 16:41:18	26,38	-0,03	0,03	0,05	1500,11
320	29.07.2025 16:41:19	26,38	-0,07	0,03	0,05	1500,10
321	29.07.2025 16:41:20	26,38	-0,05	0,03	0,05	1500,11
322	29.07.2025 16:41:21	26,38	-0,05	0,03	0,05	1500,11
323	29.07.2025 16:41:22	26,35	-0,05	0,03	0,05	1500,03
324	29.07.2025 16:41:23	26,35	-0,05	0,03	0,05	1500,03
325	29.07.2025 16:41:24	26,35	-0,05	0,03	0,05	1500,03
326	29.07.2025 16:41:25	26,35	-0,05	0,03	0,05	1500,03
327	29.07.2025 16:41:26	26,35	-0,05	0,03	0,05	1500,03
328	29.07.2025 16:41:27	26,35	-0,05	0,03	0,05	1500,03
329	29.07.2025 16:41:28	26,35	-0,05	0,03	0,05	1500,03
330	29.07.2025 16:41:29	26,35	-0,05	0,03	0,05	1500,03
331	29.07.2025 16:41:30	26,35	-0,05	0,03	0,05	1500,03
332	29.07.2025 16:41:31	26,35	-0,05	0,03	0,05	1500,03
333	29.07.2025 16:41:32	26,35	-0,07	0,03	0,05	1500,03
334	29.07.2025 16:41:33	26,35	-0,05	0,03	0,05	1500,03
335	29.07.2025 16:41:34	26,32	-0,05	0,03	0,05	1499,95
336	29.07.2025 16:41:35	26,32	-0,05	0,03	0,05	1499,95
337	29.07.2025 16:41:36	26,32	-0,05	0,03	0,05	1499,95
338	29.07.2025 16:41:37	26,32	-0,05	0,03	0,05	1499,95
339	29.07.2025 16:41:38	26,32	-0,05	0,03	0,05	1499,95
340	29.07.2025 16:41:39	26,32	-0,05	0,03	0,05	1499,95
341	29.07.2025 16:41:40	26,32	-0,05	0,03	0,05	1499,95
342	29.07.2025 16:41:41	26,32	-0,05	0,03	0,05	1499,95
343	29.07.2025 16:41:42	26,32	-0,05	0,03	0,05	1499,95
344	29.07.2025 16:41:43	26,29	-0,07	0,03	0,05	1499,87
345	29.07.2025 16:41:44	26,29	-0,07	0,03	0,05	1499,87
346	29.07.2025 16:41:45	26,29	-0,07	0,03	0,05	1499,87
347	29.07.2025 16:41:46	26,29	-0,07	0,03	0,05	1499,87
348	29.07.2025 16:41:47	26,29	-0,07	0,03	0,05	1499,87
349	29.07.2025 16:41:48	26,29	-0,07	0,03	0,05	1499,87
350	29.07.2025 16:41:49	26,29	-0,07	0,03	0,05	1499,87
351	29.07.2025 16:41:50	26,29	-0,07	0,03	0,05	1499,87
352	29.07.2025 16:41:51	26,29	-0,07	0,03	0,05	1499,87
353	29.07.2025 16:41:52	26,29	-0,07	0,03	0,05	1499,87
354	29.07.2025 16:41:53	26,29	-0,07	0,03	0,05	1499,87
355	29.07.2025 16:41:54	26,29	-0,05	0,03	0,05	1499,87
356	29.07.2025 16:41:55	26,26	-0,05	0,03	0,05	1499,80
357	29.07.2025 16:41:56	26,26	-0,05	0,03	0,05	1499,80
358	29.07.2025 16:41:57	26,26	-0,07	0,02	0,02	1499,78
359	29.07.2025 16:41:58	26,26	-0,05	0,03	0,05	1499,80
360	29.07.2025 16:41:59	26,26	-0,07	0,03	0,05	1499,79
361	29.07.2025 16:42:00	26,26	-0,07	0,03	0,05	1499,79
362	29.07.2025 16:42:01	26,26	-0,07	0,02	0,02	1499,78
363	29.07.2025 16:42:02	26,26	-0,05	0,03	0,05	1499,80
364	29.07.2025 16:42:03	26,26	-0,07	0,02	0,02	1499,78
365	29.07.2025 16:42:04	26,26	-0,07	0,03	0,05	1499,79
366	29.07.2025 16:42:05	26,26	-0,07	0,03	0,05	1499,79
367	29.07.2025 16:42:06	26,24	-0,07	0,03	0,05	1499,72
368	29.07.2025 16:42:07	26,24	-0,07	0,03	0,05	1499,72
369	29.07.2025 16:42:08	26,24	-0,05	0,03	0,05	1499,72
370	29.07.2025 16:42:09	26,24	-0,07	0,03	0,05	1499,72
371	29.07.2025 16:42:10	26,24	-0,07	0,03	0,05	1499,72
372	29.07.2025 16:42:11	26,24	-0,07	0,03	0,05	1499,72
373	29.07.2025 16:42:12	26,24	-0,07	0,03	0,05	1499,72
374	29.07.2025 16:42:13	26,24	-0,05	0,03	0,05	1499,72
375	29.07.2025 16:42:14	26,24	-0,05	0,03	0,05	1499,72
376	29.07.2025 16:42:15	26,21	-0,05	0,03	0,05	1499,64
377	29.07.2025 16:42:16	26,21	-0,05	0,03	0,05	1499,64
378	29.07.2025 16:42:17	26,21	-0,05	0,03	0,05	1499,64
379	29.07.2025 16:42:18	26,21	-0,05	0,03	0,05	1499,64
380	29.07.2025 16:42:19	26,21	-0,07	0,03	0,05	1499,64
381	29.07.2025 16:42:20	26,21	-0,05	0,03	0,05	1499,64
382	29.07.2025 16:42:21	26,21	-0,07	0,03	0,05	1499,64
383	29.07.2025 16:42:22	26,21	-0,07	0,03	0,05	1499,64
384	29.07.2025 16:42:23	26,21	-0,07	0,03	0,05	1499,64
385	29.07.2025 16:42:24	26,21	-0,07	0,03	0,05	1499,64
386	29.07.2025 16:42:25	26,21	-0,07	0,03	0,05	1499,64
387	29.07.2025 16:42:26	26,21	-0,07	0,03	0,05	1499,64
388	29.07.2025 16:42:27	26,18	-0,05	0,03	0,05	1499,57
389	29.07.2025 16:42:28	26,18	-0,05	0,03	0,05	1499,57
390	29.07.2025 16:42:29	26,18	-0,05	0,03	0,05	1499,57
391	29.07.2025 16:42:30	26,18	-0,07	0,03	0,05	1499,56
392	29.07.2025 16:42:31	26,18	-0,05	0,03	0,05	1499,57
393	29.07.2025 16:42:32	26,18	-0,07	0,03	0,05	1499,56
394	29.07.2025 16:42:33	26,18	-0,05	0,03	0,05	1499,57
395	29.07.2025 16:42:34	26,18	-0,07	0,03	0,05	1499,56
396	29.07.2025 16:42:35	26,18	-0,07	0,03	0,05	1499,56
397	29.07.2025 16:42:36	26,18	-0,07	0,03	0,05	1499,56
398	29.07.2025 16:42:37	26,18	-0,07	0,03	0,05	1499,56
399	29.07.2025 16:42:38	26,18	-0,05	0,03	0,05	1499,57
400	29.07.2025 16:42:39	26,15	-0,07	0,03	0,05	1499,49
401	29.07.2025 16:42:40	26,15	-0,05	0,03	0,05	1499,49
402	29.07.2025 16:42:41	26,15	-0,05	0,03	0,05	1499,49
403	29.07.2025 16:42:42	26,15	-0,05	0,03	0,05	1499,49
404	29.07.2025 16:42:43	26,15	-0,05	0,03	0,05	1499,49
405	29.07.2025 16:42:44	26,15	-0,05	0,03	0,05	1499,49
406	29.07.2025 16:42:45	26,15	-0,07	0,03	0,05	1499,49
407	29.07.2025 16:42:46	26,15	-0,05	0,02	0,02	1499,48
408	29.07.2025 16:42:47	26,15	-0,07	0,03	0,05	1499,49
409	29.07.2025 16:42:48	26,12	-0,07	0,03	0,05	1499,41
410	29.07.2025 16:42:49	26,12	-0,07	0,03	0,05	1499,41
411	29.07.2025 16:42:50	26,12	-0,05	0,03	0,05	1499,41
412	29.07.2025 16:42:51	26,12	-0,07	0,03	0,05	1499,41
413	29.07.2025 16:42:52	26,12	-0,07	0,03	0,05	1499,41
414	29.07.2025 16:42:53	26,12	-0,05	0,03	0,05	1499,41
415	29.07.2025 16:42:54	26,12	-0,05	0,03	0,05	1499,41
416	29.07.2025 16:42:55	26,12	-0,07	0,03	0,05	1499,41
417	29.07.2025 16:42:56	26,12	-0,07	0,03	0,05	1499,41
418	29.07.2025 16:42:57	26,12	-0,07	0,03	0,05	1499,41
419	29.07.2025 16:42:58	26,09	-0,05	0,03	0,05	1499,33
420	29.07.2025 16:42:59	26,09	-0,05	0,03	0,05	1499,33
421	29.07.2025 16:43:00	26,09	-0,05	0,03	0,05	1499,33
422	29.07.2025 16:43:01	26,09	-0,07	0,03	0,05	1499,33
423	29.07.2025 16:43:02	26,09	-0,07	0,03	0,05	1499,33
424	29.07.2025 16:43:03	26,09	-0,05	0,03	0,05	1499,33
425	29.07.2025 16:43:04	26,09	-0,05	0,03	0,05	1499,33
426	29.07.2025 16:43:05	26,09	-0,07	0,03	0,05	1499,33
427	29.07.2025 16:43:06	26,06	-0,07	0,03	0,05	1499,25
428	29.07.2025 16:43:07	26,06	-0,07	0,03	0,05	1499,25
429	29.07.2025 16:43:08	26,06	-0,05	0,03	0,05	1499,26
430	29.07.2025 16:43:09	26,06	-0,07	0,03	0,05	1499,25
431	29.07.2025 16:43:10	26,06	-0,05	0,03	0,05	1499,26
432	29.07.2025 16:43:11	26,06	-0,07	0,03	0,05	1499,25
433	29.07.2025 16:43:12	26,06	-0,05	0,03	0,05	1499,26
434	29.07.2025 16:43:13	26,06	-0,05	0,03	0,05	1499,26
435	29.07.2025 16:43:14	26,06	-0,05	0,03	0,05	1499,26
436	29.07.2025 16:43:15	26,06	-0,05	0,03	0,05	1499,26
437	29.07.2025 16:43:16	26,03	-0,05	0,03	0,05	1499,18
438	29.07.2025 16:43:17	26,03	-0,05	0,03	0,05	1499,18
439	29.07.2025 16:43:18	26,03	-0,05	0,03	0,05	1499,18
440	29.07.2025 16:43:19	26,03	-0,05	0,03	0,05	1499,18
441	29.07.2025 16:43:20	26,03	-0,05	0,02	0,02	1499,17
442	29.07.2025 16:43:21	26,03	-0,05	0,03	0,05	1499,18
443	29.07.2025 16:43:22	26,03	-0,05	0,03	0,05	1499,18
444	29.07.2025 16:43:23	26,03	-0,05	0,03	0,05	1499,18
445	29.07.2025 16:43:24	26,03	-0,05	0,03	0,05	1499,18
446	29.07.2025 16:43:25	26,03	-0,05	0,03	0,05	1499,18
447	29.07.2025 16:43:26	26,03	-0,07	0,03	0,05	1499,18
448	29.07.2025 16:43:27	26,03	-0,05	0,03	0,05	1499,18
449	29.07.2025 16:43:28	26,00	-0,05	0,03	0,05	1499,10
450	29.07.2025 16:43:29	26,00	-0,05	0,03	0,05	1499,10
451	29.07.2025 16:43:30	26,00	-0,05	0,03	0,05	1499,10
452	29.07.2025 16:43:31	26,00	-0,05	0,03	0,05	1499,10
453	29.07.2025 16:43:32	26,00	-0,07	0,03	0,05	1499,10
454	29.07.2025 16:43:33	26,00	-0,07	0,03	0,05	1499,10
455	29.07.2025 16:43:34	26,00	-0,05	0,03	0,05	1499,10
456	29.07.2025 16:43:35	26,00	-0,05	0,03	0,05	1499,10
457	29.07.2025 16:43:36	26,00	-0,05	0,03	0,05	1499,10
458	29.07.2025 16:43:37	26,00	-0,05	0,03	0,05	1499,10
459	29.07.2025 16:43:38	26,00	-0,05	0,03	0,05	1499,10
460	29.07.2025 16:43:39	26,00	-0,05	0,03	0,05	1499,10
461	29.07.2025 16:43:40	26,00	-0,05	0,03	0,05	1499,10
462	29.07.2025 16:43:41	25,97	-0,05	0,03	0,05	1499,02
463	29.07.2025 16:43:42	25,97	-0,05	0,03	0,05	1499,02
464	29.07.2025 16:43:43	25,97	-0,05	0,03	0,05	1499,02
465	29.07.2025 16:43:44	25,97	-0,05	0,03	0,05	1499,02
466	29.07.2025 16:43:45	25,97	-0,05	0,03	0,05	1499,02
467	29.07.2025 16:43:46	25,97	-0,05	0,03	0,05	1499,02
468	29.07.2025 16:43:47	25,97	-0,05	0,03	0,05	1499,02
469	29.07.2025 16:43:48	25,97	-0,05	0,03	0,05	1499,02
470	29.07.2025 16:43:49	25,97	-0,05	0,03	0,05	1499,02
471	29.07.2025 16:43:50	25,97	-0,07	0,02	0,02	1499,01
472	29.07.2025 16:43:51	25,97	-0,05	0,03	0,05	1499,02
473	29.07.2025 16:43:52	25,97	-0,05	0,03	0,05	1499,02
474	29.07.2025 16:43:53	25,97	-0,05	0,03	0,05	1499,02
475	29.07.2025 16:43:54	25,97	-0,05	0,03	0,05	1499,02
476	29.07.2025 16:43:55	25,97	-0,05	0,03	0,05	1499,02
477	29.07.2025 16:43:56	25,97	-0,05	0,03	0,05	1499,02
478	29.07.2025 16:43:57	25,95	-0,07	0,03	0,05	1498,94
479	29.07.2025 16:43:58	25,95	-0,07	0,03	0,05	1498,94
480	29.07.2025 16:43:59	25,95	-0,07	0,03	0,05	1498,94
481	29.07.2025 16:44:00	25,95	-0,07	0,03	0,05	1498,94
482	29.07.2025 16:44:01	25,95	-0,07	0,03	0,05	1498,94
483	29.07.2025 16:44:02	25,95	-0,07	0,03	0,05	1498,94
484	29.07.2025 16:44:03	25,95	-0,07	0,03	0,05	1498,94
485	29.07.2025 16:44:04	25,95	-0,07	0,02	0,02	1498,93
486	29.07.2025 16:44:05	25,95	-0,07	0,03	0,05	1498,94
487	29.07.2025 16:44:06	25,95	-0,08	0,03	0,05	1498,94
488	29.07.2025 16:44:07	25,95	-0,07	0,03	0,05	1498,94
489	29.07.2025 16:44:08	25,95	-0,07	0,02	0,02	1498,93
490	29.07.2025 16:44:09	25,95	-0,07	0,03	0,05	1498,94
491	29.07.2025 16:44:10	25,92	-0,07	0,02	0,02	1498,86
492	29.07.2025 16:44:11	25,92	-0,07	0,02	0,02	1498,86
493	29.07.2025 16:44:12	25,92	-0,07	0,02	0,02	1498,86
494	29.07.2025 16:44:13	25,92	-0,07	0,02	0,02	1498,86
495	29.07.2025 16:44:14	25,92	-0,07	0,02	0,02	1498,86
496	29.07.2025 16:44:15	25,92	-0,07	0,02	0,02	1498,86
497	29.07.2025 16:44:16	25,92	-0,05	0,02	0,02	1498,86
498	29.07.2025 16:44:17	25,92	-0,07	0,02	0,02	1498,86
499	29.07.2025 16:44:18	25,92	-0,07	0,02	0,02	1498,86
500	29.07.2025 16:44:19	25,92	-0,07	0,02	0,02	1498,86
501	29.07.2025 16:44:20	25,92	-0,07	0,02	0,02	1498,86
502	29.07.2025 16:44:21	25,92	-0,07	0,02	0,02	1498,86
503	29.07.2025 16:44:22	25,89	-0,07	0,02	0,02	1498,78
504	29.07.2025 16:44:23	25,89	-0,07	0,02	0,02	1498,78
505	29.07.2025 16:44:24	25,89	-0,07	0,02	0,02	1498,78
506	29.07.2025 16:44:25	25,89	-0,07	0,02	0,02	1498,78
507	29.07.2025 16:44:26	25,89	-0,08	0,02	0,02	1498,77
508	29.07.2025 16:44:27	25,89	-0,05	0,02	0,02	1498,78
509	29.07.2025 16:44:28	25,89	-0,05	0,02	0,02	1498,78
510	29.07.2025 16:44:29	25,89	-0,07	0,02	0,02	1498,78
511	29.07.2025 16:44:30	25,89	-0,05	0,02	0,02	1498,78
512	29.07.2025 16:44:31	25,89	-0,05	0,02	0,02	1498,78
513	29.07.2025 16:44:32	25,89	-0,07	0,02	0,02	1498,78
514	29.07.2025 16:44:33	25,89	-0,05	0,02	0,02	1498,78
515	29.07.2025 16:44:34	25,89	-0,07	0,02	0,02	1498,78
516	29.07.2025 16:44:35	25,89	-0,07	0,02	0,02	1498,78
517	29.07.2025 16:44:36	25,89	-0,07	0,02	0,02	1498,78
518	29.07.2025 16:44:37	25,89	-0,05	0,02	0,02	1498,78
519	29.07.2025 16:44:38	25,89	-0,05	0,02	0,02	1498,78
520	29.07.2025 16:44:39	25,89	-0,07	0,02	0,02	1498,78
521	29.07.2025 16:44:40	25,89	-0,07	0,02	0,02	1498,78
522	29.07.2025 16:44:41	25,89	-0,05	0,02	0,02	1498,78
523	29.07.2025 16:44:42	25,89	-0,07	0,02	0,02	1498,78
524	29.07.2025 16:44:43	25,89	-0,07	0,02	0,02	1498,78
525	29.07.2025 16:44:44	25,89	-0,07	0,02	0,02	1498,78
526	29.07.2025 16:44:45	25,89	-0,05	0,02	0,02	1498,78
527	29.07.2025 16:44:46	25,89	-0,07	0,02	0,02	1498,78
528	29.07.2025 16:44:47	25,89	-0,05	0,02	0,02	1498,78
529	29.07.2025 16:44:48	25,89	-0,07	0,02	0,02	1498,78
530	29.07.2025 16:44:49	25,89	-0,07	0,02	0,02	1498,78
531	29.07.2025 16:44:50	25,89	-0,07	0,02	0,02	1498,78
532	29.07.2025 16:44:51	25,89	-0,07	0,02	0,02	1498,78
533	29.07.2025 16:44:52	25,89	-0,07	0,02	0,02	1498,78
534	29.07.2025 16:44:53	25,89	-0,05	0,02	0,02	1498,78
535	29.07.2025 16:44:54	25,89	-0,07	0,02	0,02	1498,78
536	29.07.2025 16:44:55	25,89	-0,05	0,02	0,02	1498,78
537	29.07.2025 16:44:56	25,89	-0,07	0,02	0,02	1498,78
538	29.07.2025 16:44:57	25,89	-0,07	0,02	0,02	1498,78
539	29.07.2025 16:44:58	25,89	-0,07	0,02	0,02	1498,78
540	29.07.2025 16:44:59	25,89	-0,07	0,02	0,02	1498,78
541	29.07.2025 16:45:00	25,89	-0,05	0,02	0,02	1498,78
542	29.07.2025 16:45:01	25,89	-0,07	0,02	0,02	1498,78
543	29.07.2025 16:45:02	25,89	-0,07	0,02	0,02	1498,78
544	29.07.2025 16:45:03	25,89	-0,05	0,02	0,02	1498,78
545	29.07.2025 16:45:04	25,89	-0,07	0,02	0,02	1498,78
546	29.07.2025 16:45:05	25,89	-0,05	0,02	0,02	1498,78
547	29.07.2025 16:45:06	25,89	-0,05	0,02	0,02	1498,78
548	29.07.2025 16:45:07	25,92	-0,07	0,02	0,02	1498,86
549	29.07.2025 16:45:08	25,92	-0,07	0,02	0,02	1498,86
550	29.07.2025 16:45:09	25,92	-0,07	0,02	0,02	1498,86
551	29.07.2025 16:45:10	25,92	-0,07	0,02	0,02	1498,86
552	29.07.2025 16:45:11	25,92	-0,05	0,02	0,02	1498,86
553	29.07.2025 16:45:12	25,92	-0,07	0,02	0,02	1498,86
554	29.07.2025 16:45:13	25,92	-0,05	0,02	0,02	1498,86
555	29.07.2025 16:45:14	25,92	-0,07	0,02	0,02	1498,86
556	29.07.2025 16:45:15	25,92	-0,07	0,02	0,02	1498,86
557	29.07.2025 16:45:16	25,92	-0,07	0,02	0,02	1498,86
558	29.07.2025 16:45:17	25,92	-0,07	0,02	0,02	1498,86
559	29.07.2025 16:45:18	25,92	-0,07	0,02	0,02	1498,86
560	29.07.2025 16:45:19	25,92	-0,07	0,02	0,02	1498,86
561	29.07.2025 16:45:20	25,92	-0,07	0,02	0,02	1498,86
562	29.07.2025 16:45:21	25,92	-0,07	0,02	0,02	1498,86
563	29.07.2025 16:45:22	25,92	-0,07	0,02	0,02	1498,86
564	29.07.2025 16:45:23	25,92	-0,07	0,02	0,02	1498,86
565	29.07.2025 16:45:24	25,92	-0,08	0,02	0,02	1498,85
566	29.07.2025 16:45:25	25,92	-0,05	0,02	0,02	1498,86
567	29.07.2025 16:45:26	25,92	-0,07	0,02	0,02	1498,86
568	29.07.2025 16:45:27	25,92	-0,07	0,02	0,02	1498,86
569	29.07.2025 16:45:28	25,92	-0,05	0,02	0,02	1498,86
570	29.07.2025 16:45:29	25,92	-0,05	0,02	0,02	1498,86
571	29.07.2025 16:45:30	25,92	-0,08	0,02	0,02	1498,85
572	29.07.2025 16:45:31	25,92	-0,07	0,02	0,02	1498,86
573	29.07.2025 16:45:32	25,92	-0,07	0,02	0,02	1498,86
574	29.07.2025 16:45:33	25,92	-0,07	0,02	0,02	1498,86
575	29.07.2025 16:45:34	25,92	-0,05	0,02	0,02	1498,86
576	29.07.2025 16:45:35	25,92	-0,08	0,02	0,02	1498,85
577	29.07.2025 16:45:36	25,92	-0,05	0,02	0,02	1498,86
578	29.07.2025 16:45:37	25,92	-0,07	0,02	0,02	1498,86
579	29.07.2025 16:45:38	25,92	-0,07	0,02	0,02	1498,86
580	29.07.2025 16:45:39	25,92	-0,07	0,02	0,02	1498,86
581	29.07.2025 16:45:40	25,92	-0,05	0,02	0,02	1498,86
582	29.07.2025 16:45:41	25,92	-0,07	0,02	0,02	1498,86
583	29.07.2025 16:45:42	25,92	-0,07	0,02	0,02	1498,86
584	29.07.2025 16:45:43	25,92	-0,05	0,02	0,02	1498,86
585	29.07.2025 16:45:44	25,92	-0,07	0,02	0,02	1498,86
586	29.07.2025 16:45:45	25,92	-0,07	0,02	0,02	1498,86
587	29.07.2025 16:45:46	25,92	-0,07	0,02	0,02	1498,86
588	29.07.2025 16:45:47	25,92	-0,07	0,02	0,02	1498,86
589	29.07.2025 16:45:48	25,92	-0,07	0,02	0,02	1498,86
590	29.07.2025 16:45:49	25,92	-0,07	0,02	0,02	1498,86
591	29.07.2025 16:45:50	25,92	-0,07	0,02	0,02	1498,86
592	29.07.2025 16:45:51	25,92	-0,07	0,02	0,02	1498,86
593	29.07.2025 16:45:52	25,92	-0,07	0,02	0,02	1498,86
594	29.07.2025 16:45:53	25,89	-0,07	0,03	0,05	1498,79
595	29.07.2025 16:45:54	25,92	-0,07	0,02	0,02	1498,86
596	29.07.2025 16:45:55	25,89	-0,07	0,03	0,05	1498,79
597	29.07.2025 16:45:56	25,89	-0,07	0,02	0,02	1498,78
598	29.07.2025 16:45:57	25,89	-0,05	0,02	0,02	1498,78
599	29.07.2025 16:45:58	25,89	-0,07	0,02	0,02	1498,78
600	29.07.2025 16:45:59	25,89	-0,07	0,02	0,02	1498,78
601	29.07.2025 16:46:00	25,89	-0,07	0,02	0,02	1498,78
602	29.07.2025 16:46:01	25,89	-0,07	0,02	0,02	1498,78
603	29.07.2025 16:46:02	25,89	-0,07	0,02	0,02	1498,78
604	29.07.2025 16:46:03	25,68	-0,52	25,09	39,93	1525,16
605	29.07.2025 16:46:04	24,87	-0,28	24,65	38,68	1522,72
606	29.07.2025 16:46:05	24,15	-0,17	24,87	38,42	1521,14
607	29.07.2025 16:46:06	23,62	-0,03	24,71	37,79	1519,64
608	29.07.2025 16:46:07	23,22	0,02	25,32	38,32	1519,27
609	29.07.2025 16:46:08	22,93	0,08	24,77	37,34	1517,90
610	29.07.2025 16:46:09	22,72	0,09	25,02	37,53	1517,64
611	29.07.2025 16:46:10	22,58	0,11	25,62	38,22	1517,92
612	29.07.2025 16:46:11	22,43	0,09	25,68	38,19	1517,60
613	29.07.2025 16:46:12	22,28	0,11	25,81	38,24	1517,35
614	29.07.2025 16:46:13	22,20	0,11	25,82	38,19	1517,13
615	29.07.2025 16:46:14	22,11	0,09	25,87	38,19	1516,95
616	29.07.2025 16:46:15	22,02	0,09	25,92	38,18	1516,77
617	29.07.2025 16:46:16	21,96	0,08	25,97	38,21	1516,67
618	29.07.2025 16:46:17	21,88	0,08	26,04	38,23	1516,51
619	29.07.2025 16:46:18	21,79	0,09	26,09	38,23	1516,33
620	29.07.2025 16:46:19	21,73	0,09	26,13	38,23	1516,22
621	29.07.2025 16:46:20	21,70	0,08	26,14	38,23	1516,15
622	29.07.2025 16:46:21	21,64	0,08	26,18	38,23	1516,03
623	29.07.2025 16:46:22	21,58	0,06	26,23	38,25	1515,93
624	29.07.2025 16:46:23	21,53	0,08	26,27	38,25	1515,81
625	29.07.2025 16:46:24	21,50	0,08	26,31	38,28	1515,78
626	29.07.2025 16:46:25	21,44	0,08	26,34	38,28	1515,65
627	29.07.2025 16:46:26	21,41	0,08	26,36	38,28	1515,59
628	29.07.2025 16:46:27	21,35	0,08	26,41	38,30	1515,50
629	29.07.2025 16:46:28	21,32	0,08	26,45	38,33	1515,46
630	29.07.2025 16:46:29	21,29	0,06	26,45	38,30	1515,37
631	29.07.2025 16:46:30	21,23	0,04	26,48	38,30	1515,25
632	29.07.2025 16:46:31	21,20	0,04	26,50	38,30	1515,19
633	29.07.2025 16:46:32	21,14	0,04	26,54	38,30	1515,07
634	29.07.2025 16:46:33	21,12	0,06	26,57	38,32	1515,03
635	29.07.2025 16:46:34	21,09	0,06	26,59	38,32	1514,97
636	29.07.2025 16:46:35	21,06	0,04	26,61	38,32	1514,91
637	29.07.2025 16:46:36	21,03	0,04	26,59	38,27	1514,80
638	29.07.2025 16:46:37	20,97	0,02	26,48	38,08	1514,51
639	29.07.2025 16:46:38	20,91	-0,01	26,51	38,08	1514,38
640	29.07.2025 16:46:39	20,79	0,02	26,58	38,08	1514,14
641	29.07.2025 16:46:40	20,73	0,02	26,66	38,13	1514,07
642	29.07.2025 16:46:41	20,68	0,04	26,70	38,13	1513,95
643	29.07.2025 16:46:42	20,65	0,02	26,78	38,21	1513,95
644	29.07.2025 16:46:43	20,65	0,04	26,75	38,18	1513,93
645	29.07.2025 16:46:44	20,62	0,04	26,79	38,21	1513,89
646	29.07.2025 16:46:45	20,59	0,02	26,79	38,18	1513,80
647	29.07.2025 16:46:46	20,56	0,02	26,75	38,10	1513,67
648	29.07.2025 16:46:47	20,53	0,00	26,74	38,07	1513,58
649	29.07.2025 16:46:48	20,50	0,00	26,82	38,15	1513,59
650	29.07.2025 16:46:49	20,47	0,00	26,67	37,94	1513,34
651	29.07.2025 16:46:50	20,41	0,02	26,79	38,04	1513,31
652	29.07.2025 16:46:51	20,35	0,02	26,87	38,09	1513,24
653	29.07.2025 16:46:52	20,32	0,02	26,89	38,09	1513,18
654	29.07.2025 16:46:53	20,32	0,02	26,89	38,09	1513,18
655	29.07.2025 16:46:54	20,29	0,04	26,95	38,15	1513,16
656	29.07.2025 16:46:55	20,26	0,02	26,93	38,09	1513,05
657	29.07.2025 16:46:56	20,26	0,02	26,93	38,09	1513,05
658	29.07.2025 16:46:57	20,24	0,02	26,94	38,09	1512,99
659	29.07.2025 16:46:58	20,21	0,02	26,94	38,06	1512,90
660	29.07.2025 16:46:59	20,18	0,02	27,00	38,12	1512,89
661	29.07.2025 16:47:00	20,15	0,00	27,00	38,09	1512,80
662	29.07.2025 16:47:01	20,15	0,00	27,04	38,14	1512,85
663	29.07.2025 16:47:02	20,12	0,02	27,06	38,14	1512,79
664	29.07.2025 16:47:03	20,12	0,04	27,06	38,14	1512,79
665	29.07.2025 16:47:04	20,12	0,02	27,04	38,12	1512,76
666	29.07.2025 16:47:05	20,09	0,04	27,08	38,14	1512,73
667	29.07.2025 16:47:06	20,09	0,06	27,10	38,17	1512,75
668	29.07.2025 16:47:07	20,06	0,06	27,08	38,11	1512,64
669	29.07.2025 16:47:08	20,06	0,06	27,10	38,14	1512,67
670	29.07.2025 16:47:09	20,03	0,09	27,09	38,11	1512,59
671	29.07.2025 16:47:10	20,00	0,09	27,09	38,09	1512,50
672	29.07.2025 16:47:11	19,97	0,11	27,13	38,11	1512,47
673	29.07.2025 16:47:12	19,97	0,15	27,13	38,11	1512,47
674	29.07.2025 16:47:13	19,94	0,15	27,19	38,17	1512,46
675	29.07.2025 16:47:14	19,94	0,16	27,15	38,11	1512,41
676	29.07.2025 16:47:15	19,91	0,16	27,21	38,16	1512,40
677	29.07.2025 16:47:16	19,91	0,18	27,21	38,16	1512,40
678	29.07.2025 16:47:17	19,88	0,22	27,14	38,06	1512,25
679	29.07.2025 16:47:18	19,88	0,22	27,21	38,14	1512,32
680	29.07.2025 16:47:19	19,85	0,23	27,22	38,14	1512,26
681	29.07.2025 16:47:20	19,85	0,29	27,27	38,19	1512,31
682	29.07.2025 16:47:21	19,85	0,27	26,95	37,79	1511,95
683	29.07.2025 16:47:22	19,79	0,23	27,01	37,81	1511,84
684	29.07.2025 16:47:23	19,71	0,36	27,23	38,03	1511,87
685	29.07.2025 16:47:24	19,71	0,30	26,91	37,62	1511,49
686	29.07.2025 16:47:25	19,62	0,27	26,71	37,30	1511,01
687	29.07.2025 16:47:26	19,50	0,36	26,87	37,41	1510,86
688	29.07.2025 16:47:27	19,41	0,37	27,12	37,64	1510,89
689	29.07.2025 16:47:28	19,38	0,43	27,35	37,91	1511,08
690	29.07.2025 16:47:29	19,41	0,46	27,25	37,80	1511,05
691	29.07.2025 16:47:30	19,41	0,39	26,97	37,46	1510,72
692	29.07.2025 16:47:31	19,35	0,43	26,90	37,32	1510,48
693	29.07.2025 16:47:32	19,26	0,48	26,89	37,24	1510,22
694	29.07.2025 16:47:33	19,17	0,49	26,88	37,16	1509,96
695	29.07.2025 16:47:34	19,09	0,50	26,94	37,15	1509,76
696	29.07.2025 16:47:35	19,03	0,54	27,00	37,18	1509,67
697	29.07.2025 16:47:36	18,97	0,57	26,95	37,07	1509,44
698	29.07.2025 16:47:37	18,91	0,58	26,98	37,07	1509,31
699	29.07.2025 16:47:38	18,85	0,60	27,02	37,07	1509,19
700	29.07.2025 16:47:39	18,82	0,63	27,08	37,12	1509,18
701	29.07.2025 16:47:40	18,76	0,66	27,12	37,12	1509,05
702	29.07.2025 16:47:41	18,73	0,72	27,23	37,23	1509,09
703	29.07.2025 16:47:42	18,73	0,66	27,16	37,15	1509,01
704	29.07.2025 16:47:43	18,73	0,72	27,23	37,23	1509,09
705	29.07.2025 16:47:44	18,70	0,75	27,24	37,23	1509,03
706	29.07.2025 16:47:45	18,67	0,75	27,24	37,20	1508,94
707	29.07.2025 16:47:46	18,64	0,78	27,26	37,20	1508,88
708	29.07.2025 16:47:47	18,61	0,82	27,26	37,17	1508,80
709	29.07.2025 16:47:48	18,55	0,81	27,30	37,17	1508,67
710	29.07.2025 16:47:49	18,52	0,85	27,31	37,17	1508,61
711	29.07.2025 16:47:50	18,49	0,86	27,31	37,14	1508,52
712	29.07.2025 16:47:51	18,46	0,88	27,33	37,14	1508,45
713	29.07.2025 16:47:52	18,43	0,89	27,35	37,14	1508,39
714	29.07.2025 16:47:53	18,40	0,91	27,37	37,14	1508,33
715	29.07.2025 16:47:54	18,37	0,94	27,37	37,11	1508,24
716	29.07.2025 16:47:55	18,37	0,96	27,37	37,11	1508,24
717	29.07.2025 16:47:56	18,34	0,98	27,39	37,11	1508,18
718	29.07.2025 16:47:57	18,31	1,01	27,40	37,11	1508,12
719	29.07.2025 16:47:58	18,28	1,03	27,42	37,11	1508,06
720	29.07.2025 16:47:59	18,25	1,06	27,44	37,11	1508,00
721	29.07.2025 16:48:00	18,25	1,08	27,44	37,11	1508,00
722	29.07.2025 16:48:01	18,22	1,11	27,46	37,11	1507,94
723	29.07.2025 16:48:02	18,20	1,15	27,48	37,11	1507,88
724	29.07.2025 16:48:03	18,20	1,18	27,50	37,14	1507,91
725	29.07.2025 16:48:04	18,17	1,22	27,52	37,13	1507,85
726	29.07.2025 16:48:05	18,17	1,23	27,54	37,16	1507,88
727	29.07.2025 16:48:06	18,14	1,25	27,59	37,19	1507,84
728	29.07.2025 16:48:07	18,14	1,27	27,59	37,19	1507,84
729	29.07.2025 16:48:08	18,14	1,27	27,61	37,21	1507,87
730	29.07.2025 16:48:09	18,11	1,27	27,61	37,19	1507,77
731	29.07.2025 16:48:10	18,11	1,27	27,63	37,21	1507,80
732	29.07.2025 16:48:11	18,11	1,28	27,63	37,21	1507,80
733	29.07.2025 16:48:12	18,08	1,26	27,65	37,21	1507,73
734	29.07.2025 16:48:13	18,08	1,28	27,62	37,19	1507,71
735	29.07.2025 16:48:14	18,05	1,28	27,64	37,19	1507,64
736	29.07.2025 16:48:15	18,05	1,28	27,64	37,19	1507,64
737	29.07.2025 16:48:16	18,05	1,28	27,64	37,19	1507,64
738	29.07.2025 16:48:17	18,02	1,28	27,66	37,18	1507,58
739	29.07.2025 16:48:18	18,02	1,26	27,64	37,16	1507,55
740	29.07.2025 16:48:19	17,99	1,24	27,64	37,13	1507,45
741	29.07.2025 16:48:20	17,99	1,24	27,66	37,16	1507,48
742	29.07.2025 16:48:21	17,99	1,24	27,66	37,16	1507,48
743	29.07.2025 16:48:22	17,96	1,26	27,68	37,16	1507,42
744	29.07.2025 16:48:23	17,96	1,28	27,68	37,16	1507,42
745	29.07.2025 16:48:24	17,96	1,31	27,70	37,18	1507,45
746	29.07.2025 16:48:25	17,93	1,31	27,74	37,21	1507,41
747	29.07.2025 16:48:26	17,93	1,33	27,74	37,21	1507,41
748	29.07.2025 16:48:27	17,93	1,36	27,74	37,21	1507,42
749	29.07.2025 16:48:28	17,93	1,36	27,77	37,24	1507,44
750	29.07.2025 16:48:29	17,93	1,33	27,74	37,21	1507,41
751	29.07.2025 16:48:30	17,90	1,31	27,74	37,18	1507,32
752	29.07.2025 16:48:31	17,90	1,29	27,74	37,18	1507,31
753	29.07.2025 16:48:32	17,90	1,27	27,72	37,16	1507,28
754	29.07.2025 16:48:33	17,87	1,27	27,74	37,15	1507,22
755	29.07.2025 16:48:34	17,87	1,27	27,74	37,15	1507,22
756	29.07.2025 16:48:35	17,87	1,25	27,74	37,15	1507,21
757	29.07.2025 16:48:36	17,84	1,27	27,76	37,15	1507,15
758	29.07.2025 16:48:37	17,84	1,23	27,76	37,15	1507,15
759	29.07.2025 16:48:38	17,84	1,27	27,76	37,15	1507,15
760	29.07.2025 16:48:39	17,84	1,27	27,78	37,18	1507,18
761	29.07.2025 16:48:40	17,84	1,25	27,76	37,15	1507,15
762	29.07.2025 16:48:41	17,81	1,23	27,78	37,15	1507,08
763	29.07.2025 16:48:42	17,81	1,22	27,76	37,13	1507,05
764	29.07.2025 16:48:43	17,81	1,22	27,78	37,15	1507,08
765	29.07.2025 16:48:44	17,78	1,20	27,78	37,13	1506,98
766	29.07.2025 16:48:45	17,78	1,20	27,78	37,13	1506,98
767	29.07.2025 16:48:46	17,78	1,20	27,78	37,13	1506,98
768	29.07.2025 16:48:47	17,78	1,20	27,78	37,13	1506,98
769	29.07.2025 16:48:48	17,78	1,20	27,78	37,13	1506,98
770	29.07.2025 16:48:49	17,78	1,20	27,78	37,13	1506,98
771	29.07.2025 16:48:50	17,78	1,20	27,78	37,13	1506,98
772	29.07.2025 16:48:51	17,75	1,20	27,80	37,13	1506,91
773	29.07.2025 16:48:52	17,75	1,21	27,80	37,12	1506,92
774	29.07.2025 16:48:53	17,75	1,21	27,82	37,15	1506,94
775	29.07.2025 16:48:54	17,75	1,21	27,80	37,12	1506,92
776	29.07.2025 16:48:55	17,75	1,21	27,80	37,12	1506,92
777	29.07.2025 16:48:56	17,75	1,23	27,80	37,12	1506,92
778	29.07.2025 16:48:57	17,75	1,23	27,82	37,15	1506,94
779	29.07.2025 16:48:58	17,75	1,25	27,84	37,18	1506,97
780	29.07.2025 16:48:59	17,75	1,25	27,84	37,18	1506,97
781	29.07.2025 16:49:00	17,75	1,25	27,84	37,18	1506,97
782	29.07.2025 16:49:01	17,75	1,27	27,84	37,18	1506,98
783	29.07.2025 16:49:02	17,75	1,28	27,86	37,21	1507,00
784	29.07.2025 16:49:03	17,75	1,28	27,86	37,21	1507,00
785	29.07.2025 16:49:04	17,75	1,30	27,88	37,23	1507,03
786	29.07.2025 16:49:05	17,75	1,30	27,88	37,23	1507,03
787	29.07.2025 16:49:06	17,72	1,33	27,90	37,23	1506,97
788	29.07.2025 16:49:07	17,75	1,34	27,88	37,23	1507,04
789	29.07.2025 16:49:08	17,75	1,35	27,88	37,23	1507,04
790	29.07.2025 16:49:09	17,72	1,37	27,93	37,26	1507,00
791	29.07.2025 16:49:10	17,72	1,37	27,93	37,26	1507,00
792	29.07.2025 16:49:11	17,75	1,39	27,91	37,26	1507,07
793	29.07.2025 16:49:12	17,75	1,41	27,93	37,29	1507,10
794	29.07.2025 16:49:13	17,75	1,42	27,93	37,29	1507,10
795	29.07.2025 16:49:14	17,75	1,44	27,93	37,29	1507,11
796	29.07.2025 16:49:15	17,75	1,44	27,93	37,29	1507,11
797	29.07.2025 16:49:16	17,75	1,46	27,93	37,29	1507,11
798	29.07.2025 16:49:17	17,75	1,49	27,93	37,29	1507,11
799	29.07.2025 16:49:18	17,75	1,48	27,93	37,29	1507,11
800	29.07.2025 16:49:19	17,75	1,51	27,93	37,29	1507,12
801	29.07.2025 16:49:20	17,72	1,53	27,93	37,26	1507,03
802	29.07.2025 16:49:21	17,72	1,56	27,93	37,26	1507,03
803	29.07.2025 16:49:22	17,72	1,58	27,93	37,26	1507,04
804	29.07.2025 16:49:23	17,72	1,60	27,88	37,20	1506,99
805	29.07.2025 16:49:24	17,72	1,62	27,77	37,07	1506,86
806	29.07.2025 16:49:25	17,66	1,59	27,21	36,35	1506,03
807	29.07.2025 16:49:26	17,51	1,55	26,77	35,70	1505,06
808	29.07.2025 16:49:27	17,24	1,57	26,65	35,35	1504,11
809	29.07.2025 16:49:28	16,94	1,60	26,46	34,88	1502,96
810	29.07.2025 16:49:29	16,61	1,68	26,45	34,61	1501,94
811	29.07.2025 16:49:30	16,34	1,72	26,55	34,52	1501,22
812	29.07.2025 16:49:31	16,19	1,73	26,17	33,96	1500,30
813	29.07.2025 16:49:32	15,88	1,74	25,95	33,47	1499,08
814	29.07.2025 16:49:33	15,52	1,79	25,81	33,03	1497,76
815	29.07.2025 16:49:34	15,15	1,83	25,93	32,89	1496,73
816	29.07.2025 16:49:35	14,85	1,86	25,72	32,43	1495,50
817	29.07.2025 16:49:36	14,48	1,88	25,53	31,93	1494,06
818	29.07.2025 16:49:37	14,05	1,90	25,55	31,63	1492,65
819	29.07.2025 16:49:38	13,65	1,95	25,61	31,40	1491,39
820	29.07.2025 16:49:39	13,28	1,98	25,51	31,02	1490,02
821	29.07.2025 16:49:40	12,87	2,02	25,51	30,71	1488,62
822	29.07.2025 16:49:41	12,46	2,08	25,68	30,60	1487,43
823	29.07.2025 16:49:42	12,15	2,14	25,63	30,32	1486,28
824	29.07.2025 16:49:43	11,83	2,14	25,74	30,21	1485,31
825	29.07.2025 16:49:44	11,54	2,20	25,88	30,15	1484,47
826	29.07.2025 16:49:45	11,32	2,22	26,01	30,12	1483,84
827	29.07.2025 16:49:46	11,13	2,25	26,11	30,08	1483,28
828	29.07.2025 16:49:47	10,94	2,26	26,25	30,08	1482,75
829	29.07.2025 16:49:48	10,81	2,27	26,28	30,02	1482,33
830	29.07.2025 16:49:49	10,68	2,30	26,37	30,02	1481,98
831	29.07.2025 16:49:50	10,55	2,31	26,49	30,04	1481,66
832	29.07.2025 16:49:51	10,42	2,32	26,53	29,99	1481,24
833	29.07.2025 16:49:52	10,32	2,33	26,54	29,93	1480,90
834	29.07.2025 16:49:53	10,19	2,33	26,58	29,87	1480,48
835	29.07.2025 16:49:54	10,06	2,37	26,68	29,87	1480,12
836	29.07.2025 16:49:55	9,93	2,37	26,77	29,87	1479,75
837	29.07.2025 16:49:56	9,83	2,38	26,73	29,76	1479,35
838	29.07.2025 16:49:57	9,70	2,41	26,77	29,70	1478,92
839	29.07.2025 16:49:58	9,57	2,44	26,76	29,59	1478,42
840	29.07.2025 16:49:59	9,41	2,45	26,85	29,56	1477,92
841	29.07.2025 16:50:00	9,28	2,46	26,89	29,50	1477,48
842	29.07.2025 16:50:01	9,14	2,47	26,96	29,47	1477,08
843	29.07.2025 16:50:02	9,01	2,48	27,01	29,41	1476,63
844	29.07.2025 16:50:03	8,91	2,49	27,05	29,38	1476,31
845	29.07.2025 16:50:04	8,78	2,52	27,15	29,38	1475,94
846	29.07.2025 16:50:05	8,68	2,53	27,20	29,35	1475,62
847	29.07.2025 16:50:06	8,61	2,55	27,24	29,35	1475,43
848	29.07.2025 16:50:07	8,51	2,56	27,29	29,32	1475,11
849	29.07.2025 16:50:08	8,41	2,59	27,37	29,32	1474,82
850	29.07.2025 16:50:09	8,31	2,60	27,44	29,32	1474,54
851	29.07.2025 16:50:10	8,25	2,60	27,46	29,29	1474,31
852	29.07.2025 16:50:11	8,18	2,63	27,52	29,29	1474,12
853	29.07.2025 16:50:12	8,11	2,65	27,54	29,26	1473,89
854	29.07.2025 16:50:13	8,01	2,66	27,56	29,20	1473,53
855	29.07.2025 16:50:14	7,94	2,69	27,55	29,15	1473,27
856	29.07.2025 16:50:15	7,84	2,69	27,58	29,09	1472,90
857	29.07.2025 16:50:16	7,74	2,70	27,57	29,01	1472,50
858	29.07.2025 16:50:17	7,64	2,73	27,62	28,98	1472,17
859	29.07.2025 16:50:18	7,54	2,74	27,64	28,92	1471,80
860	29.07.2025 16:50:19	7,43	2,77	27,63	28,84	1471,40
861	29.07.2025 16:50:20	7,30	2,80	27,65	28,75	1470,89
862	29.07.2025 16:50:21	7,16	2,79	27,68	28,67	1470,38
863	29.07.2025 16:50:22	7,06	2,82	27,72	28,64	1470,04
864	29.07.2025 16:50:23	6,96	2,85	27,75	28,59	1469,67
865	29.07.2025 16:50:24	6,82	2,87	27,77	28,50	1469,15
866	29.07.2025 16:50:25	6,72	2,88	27,73	28,39	1468,70
867	29.07.2025 16:50:26	6,58	2,92	27,87	28,41	1468,33
868	29.07.2025 16:50:27	6,47	2,94	27,84	28,31	1467,87
869	29.07.2025 16:50:28	6,33	2,93	27,63	28,01	1467,04
870	29.07.2025 16:50:29	6,16	2,97	27,68	27,92	1466,41
871	29.07.2025 16:50:30	5,98	3,00	27,81	27,92	1465,88
872	29.07.2025 16:50:31	5,84	3,05	27,90	27,89	1465,43
873	29.07.2025 16:50:32	5,74	3,06	27,92	27,83	1465,03
874	29.07.2025 16:50:33	5,60	3,07	28,03	27,83	1464,60
875	29.07.2025 16:50:34	5,53	3,10	28,06	27,80	1464,35
876	29.07.2025 16:50:35	5,42	3,11	28,15	27,80	1464,03
877	29.07.2025 16:50:36	5,35	3,13	28,20	27,79	1463,81
878	29.07.2025 16:50:37	5,28	3,16	28,17	27,71	1463,49
879	29.07.2025 16:50:38	5,17	3,15	28,11	27,57	1462,96
880	29.07.2025 16:50:39	5,07	3,16	28,13	27,52	1462,56
881	29.07.2025 16:50:40	4,92	3,21	28,19	27,46	1462,04
882	29.07.2025 16:50:41	4,85	3,21	28,16	27,38	1461,70
883	29.07.2025 16:50:42	4,74	3,24	28,03	27,19	1461,10
884	29.07.2025 16:50:43	4,56	3,26	28,09	27,11	1460,42
885	29.07.2025 16:50:44	4,45	3,29	28,21	27,13	1460,12
886	29.07.2025 16:50:45	4,35	3,32	28,30	27,13	1459,79
887	29.07.2025 16:50:46	4,24	3,33	28,42	27,15	1459,49
888	29.07.2025 16:50:47	4,16	3,35	28,48	27,15	1459,26
889	29.07.2025 16:50:48	4,09	3,38	28,54	27,15	1459,04
890	29.07.2025 16:50:49	4,06	3,39	28,57	27,15	1458,93
891	29.07.2025 16:50:50	3,98	3,41	28,60	27,12	1458,66
892	29.07.2025 16:50:51	3,91	3,42	28,70	27,14	1458,47
893	29.07.2025 16:50:52	3,84	3,45	28,76	27,14	1458,24
894	29.07.2025 16:50:53	3,80	3,47	28,79	27,14	1458,13
895	29.07.2025 16:50:54	3,76	3,48	28,82	27,14	1458,02
896	29.07.2025 16:50:55	3,73	3,50	28,85	27,14	1457,91
897	29.07.2025 16:50:56	3,69	3,51	28,88	27,14	1457,79
898	29.07.2025 16:50:57	3,62	3,55	28,92	27,11	1457,52
899	29.07.2025 16:50:58	3,58	3,54	28,95	27,11	1457,41
900	29.07.2025 16:50:59	3,54	3,58	28,98	27,11	1457,30
901	29.07.2025 16:51:00	3,47	3,59	29,04	27,10	1457,06
902	29.07.2025 16:51:01	3,39	3,62	29,08	27,08	1456,79
903	29.07.2025 16:51:02	3,36	3,64	29,14	27,10	1456,72
904	29.07.2025 16:51:03	3,32	3,65	29,17	27,10	1456,61
905	29.07.2025 16:51:04	3,28	3,67	29,20	27,10	1456,49
906	29.07.2025 16:51:05	3,25	3,70	29,24	27,10	1456,38
907	29.07.2025 16:51:06	3,21	3,72	29,27	27,10	1456,26
908	29.07.2025 16:51:07	3,17	3,75	29,30	27,10	1456,15
909	29.07.2025 16:51:08	3,13	3,77	29,33	27,10	1456,03
910	29.07.2025 16:51:09	3,10	3,78	29,37	27,10	1455,92
911	29.07.2025 16:51:10	3,06	3,80	29,40	27,10	1455,80
912	29.07.2025 16:51:11	3,02	3,83	29,43	27,10	1455,69
913	29.07.2025 16:51:12	2,98	3,85	29,46	27,09	1455,57
914	29.07.2025 16:51:13	2,98	3,88	29,46	27,09	1455,58
915	29.07.2025 16:51:14	2,95	3,90	29,50	27,09	1455,46
916	29.07.2025 16:51:15	2,91	3,91	29,53	27,09	1455,35
917	29.07.2025 16:51:16	2,87	3,96	29,56	27,09	1455,23
918	29.07.2025 16:51:17	2,84	3,98	29,60	27,09	1455,12
919	29.07.2025 16:51:18	2,84	4,00	29,63	27,12	1455,16
920	29.07.2025 16:51:19	2,80	4,01	29,66	27,12	1455,05
921	29.07.2025 16:51:20	2,76	4,06	29,66	27,09	1454,89
922	29.07.2025 16:51:21	2,72	4,08	29,70	27,09	1454,78
923	29.07.2025 16:51:22	2,72	4,09	29,73	27,11	1454,82
924	29.07.2025 16:51:23	2,68	4,11	29,76	27,11	1454,70
925	29.07.2025 16:51:24	2,65	4,13	29,80	27,11	1454,59
926	29.07.2025 16:51:25	2,65	4,16	29,80	27,11	1454,59
927	29.07.2025 16:51:26	2,61	4,18	29,83	27,11	1454,47
928	29.07.2025 16:51:27	2,61	4,21	29,83	27,11	1454,48
929	29.07.2025 16:51:28	2,57	4,23	29,87	27,11	1454,36
930	29.07.2025 16:51:29	2,57	4,24	29,87	27,11	1454,36
931	29.07.2025 16:51:30	2,53	4,28	29,90	27,11	1454,25
932	29.07.2025 16:51:31	2,53	4,30	29,90	27,11	1454,25
933	29.07.2025 16:51:32	2,50	4,33	29,93	27,11	1454,14
934	29.07.2025 16:51:33	2,50	4,36	29,93	27,11	1454,14
935	29.07.2025 16:51:34	2,50	4,38	29,93	27,11	1454,14
936	29.07.2025 16:51:35	2,46	4,40	29,97	27,11	1454,03
937	29.07.2025 16:51:36	2,46	4,41	29,97	27,11	1454,03
938	29.07.2025 16:51:37	2,42	4,46	30,00	27,11	1453,92
939	29.07.2025 16:51:38	2,42	4,46	30,03	27,13	1453,96
940	29.07.2025 16:51:39	2,38	4,51	30,04	27,11	1453,80
941	29.07.2025 16:51:40	2,38	4,53	30,07	27,13	1453,85
942	29.07.2025 16:51:41	2,38	4,55	30,04	27,11	1453,81
943	29.07.2025 16:51:42	2,34	4,58	30,10	27,13	1453,74
944	29.07.2025 16:51:43	2,34	4,62	30,10	27,13	1453,74
945	29.07.2025 16:51:44	2,34	4,65	30,10	27,13	1453,75
946	29.07.2025 16:51:45	2,31	4,67	30,14	27,13	1453,63
947	29.07.2025 16:51:46	2,31	4,69	30,11	27,11	1453,59
948	29.07.2025 16:51:47	2,31	4,70	30,14	27,13	1453,63
949	29.07.2025 16:51:48	2,27	4,72	30,17	27,13	1453,52
950	29.07.2025 16:51:49	2,27	4,74	30,17	27,13	1453,52
951	29.07.2025 16:51:50	2,27	4,75	30,17	27,13	1453,52
952	29.07.2025 16:51:51	2,23	4,79	30,21	27,13	1453,41
953	29.07.2025 16:51:52	2,23	4,79	30,21	27,13	1453,40
954	29.07.2025 16:51:53	2,23	4,82	30,21	27,13	1453,41
955	29.07.2025 16:51:54	2,23	4,84	30,21	27,13	1453,41
956	29.07.2025 16:51:55	2,19	4,87	30,24	27,13	1453,30
957	29.07.2025 16:51:56	2,19	4,89	30,24	27,13	1453,30
958	29.07.2025 16:51:57	2,19	4,91	30,24	27,13	1453,30
959	29.07.2025 16:51:58	2,15	4,92	30,28	27,13	1453,18
960	29.07.2025 16:51:59	2,15	4,96	30,28	27,13	1453,19
961	29.07.2025 16:52:00	2,15	4,98	30,28	27,13	1453,19
962	29.07.2025 16:52:01	2,15	4,99	30,28	27,13	1453,19
963	29.07.2025 16:52:02	2,15	5,01	30,28	27,13	1453,20
964	29.07.2025 16:52:03	2,12	5,04	30,31	27,13	1453,08
965	29.07.2025 16:52:04	2,12	5,06	30,31	27,13	1453,08
966	29.07.2025 16:52:05	2,12	5,08	30,31	27,13	1453,09
967	29.07.2025 16:52:06	2,12	5,10	30,31	27,13	1453,09
968	29.07.2025 16:52:07	2,12	5,13	30,31	27,13	1453,09
969	29.07.2025 16:52:08	2,12	5,15	30,31	27,13	1453,10
970	29.07.2025 16:52:09	2,08	5,16	30,35	27,13	1452,98
971	29.07.2025 16:52:10	2,08	5,16	30,35	27,13	1452,98
972	29.07.2025 16:52:11	2,08	5,20	30,35	27,13	1452,98
973	29.07.2025 16:52:12	2,08	5,20	30,35	27,13	1452,98
974	29.07.2025 16:52:13	2,08	5,22	30,35	27,13	1452,98
975	29.07.2025 16:52:14	2,04	5,23	30,41	27,15	1452,91
976	29.07.2025 16:52:15	2,04	5,25	30,38	27,13	1452,87
977	29.07.2025 16:52:16	2,04	5,25	30,38	27,13	1452,87
978	29.07.2025 16:52:17	2,04	5,27	30,38	27,13	1452,87
979	29.07.2025 16:52:18	2,04	5,27	30,38	27,13	1452,87
980	29.07.2025 16:52:19	2,00	5,27	30,42	27,13	1452,75
981	29.07.2025 16:52:20	2,00	5,30	30,42	27,13	1452,75
982	29.07.2025 16:52:21	2,00	5,28	30,42	27,13	1452,75
983	29.07.2025 16:52:22	2,00	5,28	30,42	27,13	1452,75
984	29.07.2025 16:52:23	2,00	5,30	30,45	27,15	1452,80
985	29.07.2025 16:52:24	2,00	5,30	30,42	27,13	1452,75
986	29.07.2025 16:52:25	2,00	5,32	30,42	27,13	1452,76
987	29.07.2025 16:52:26	2,00	5,32	30,42	27,13	1452,76
988	29.07.2025 16:52:27	1,96	5,33	30,45	27,13	1452,64
989	29.07.2025 16:52:28	1,96	5,33	30,49	27,15	1452,68
990	29.07.2025 16:52:29	1,96	5,33	30,45	27,12	1452,64
991	29.07.2025 16:52:30	1,96	5,33	30,45	27,12	1452,64
992	29.07.2025 16:52:31	1,96	5,35	30,45	27,12	1452,64
993	29.07.2025 16:52:32	1,96	5,35	30,49	27,15	1452,68
994	29.07.2025 16:52:33	1,96	5,35	30,45	27,12	1452,64
995	29.07.2025 16:52:34	1,96	5,35	30,45	27,12	1452,64
996	29.07.2025 16:52:35	1,96	5,37	30,45	27,12	1452,64
997	29.07.2025 16:52:36	1,96	5,37	30,49	27,15	1452,69
998	29.07.2025 16:52:37	1,96	5,32	30,49	27,15	1452,68
999	29.07.2025 16:52:38	1,96	5,33	30,45	27,12	1452,64
1000	29.07.2025 16:52:39	1,93	5,33	30,49	27,12	1452,51
1001	29.07.2025 16:52:40	1,93	5,35	30,49	27,12	1452,52
1002	29.07.2025 16:52:41	1,93	5,33	30,52	27,15	1452,56
1003	29.07.2025 16:52:42	1,93	5,33	30,52	27,15	1452,56
1004	29.07.2025 16:52:43	1,93	5,35	30,49	27,12	1452,52
1005	29.07.2025 16:52:44	1,93	5,35	30,52	27,15	1452,56
1006	29.07.2025 16:52:45	1,93	5,35	30,52	27,15	1452,56
1007	29.07.2025 16:52:46	1,93	5,33	30,49	27,12	1452,51
1008	29.07.2025 16:52:47	1,93	5,33	30,52	27,15	1452,56
1009	29.07.2025 16:52:48	1,93	5,33	30,42	27,07	1452,43
1010	29.07.2025 16:52:49	1,93	5,33	30,52	27,15	1452,56
1011	29.07.2025 16:52:50	1,93	5,28	30,49	27,12	1452,51
1012	29.07.2025 16:52:51	1,93	5,30	30,52	27,15	1452,55
1013	29.07.2025 16:52:52	1,93	5,30	30,52	27,15	1452,55
1014	29.07.2025 16:52:53	1,93	5,30	30,52	27,15	1452,55
1015	29.07.2025 16:52:54	1,93	5,31	30,49	27,12	1452,51
1016	29.07.2025 16:52:55	1,93	5,33	30,49	27,12	1452,51
1017	29.07.2025 16:52:56	1,93	5,37	30,49	27,12	1452,52
1018	29.07.2025 16:52:57	1,89	5,40	30,52	27,12	1452,40
1019	29.07.2025 16:52:58	1,89	5,40	30,52	27,12	1452,40
1020	29.07.2025 16:52:59	1,89	5,42	30,56	27,15	1452,45
1021	29.07.2025 16:53:00	1,89	5,40	30,52	27,12	1452,40
1022	29.07.2025 16:53:01	1,89	5,38	30,56	27,15	1452,44
1023	29.07.2025 16:53:02	1,89	5,36	30,56	27,15	1452,44
1024	29.07.2025 16:53:03	1,89	5,35	30,52	27,12	1452,39
1025	29.07.2025 16:53:04	1,89	5,36	30,56	27,15	1452,44
1026	29.07.2025 16:53:05	1,89	5,36	30,56	27,15	1452,44
1027	29.07.2025 16:53:06	1,89	5,36	30,56	27,15	1452,44
1028	29.07.2025 16:53:07	1,89	5,36	30,52	27,12	1452,40
1029	29.07.2025 16:53:08	1,89	5,36	30,56	27,15	1452,44
1030	29.07.2025 16:53:09	1,89	5,35	30,52	27,12	1452,39
1031	29.07.2025 16:53:10	1,89	5,33	30,52	27,12	1452,39
1032	29.07.2025 16:53:11	1,89	5,26	28,83	25,75	1450,15
1033	29.07.2025 16:53:12	1,89	5,24	30,56	27,15	1452,42
1034	29.07.2025 16:53:13	1,89	5,22	30,56	27,15	1452,42
1035	29.07.2025 16:53:14	1,89	5,19	30,56	27,15	1452,41
1036	29.07.2025 16:53:15	1,89	5,19	30,56	27,15	1452,41
1037	29.07.2025 16:53:16	1,89	5,17	30,56	27,15	1452,41
1038	29.07.2025 16:53:17	1,89	5,15	30,53	27,12	1452,36
1039	29.07.2025 16:53:18	1,89	5,17	30,56	27,15	1452,41
1040	29.07.2025 16:53:19	1,89	5,17	30,56	27,15	1452,41
1041	29.07.2025 16:53:20	1,89	5,15	30,56	27,15	1452,41
1042	29.07.2025 16:53:21	1,89	5,15	30,56	27,15	1452,41
1043	29.07.2025 16:53:22	1,89	5,15	30,56	27,15	1452,41
1044	29.07.2025 16:53:23	1,89	5,15	30,56	27,15	1452,41
1045	29.07.2025 16:53:24	1,89	5,15	30,56	27,15	1452,41
1046	29.07.2025 16:53:25	1,89	5,14	30,56	27,15	1452,40
1047	29.07.2025 16:53:26	1,89	5,15	30,56	27,15	1452,41
1048	29.07.2025 16:53:27	1,89	5,15	30,53	27,12	1452,36
1049	29.07.2025 16:53:28	1,89	5,15	30,56	27,15	1452,41
1050	29.07.2025 16:53:29	1,89	5,15	30,56	27,15	1452,41
1051	29.07.2025 16:53:30	1,89	5,17	30,46	27,07	1452,28
1052	29.07.2025 16:53:31	1,89	5,17	30,49	27,10	1452,32
1053	29.07.2025 16:53:32	1,89	5,21	30,46	27,07	1452,28
1054	29.07.2025 16:53:33	1,89	5,24	30,49	27,10	1452,33
1055	29.07.2025 16:53:34	1,89	5,26	30,49	27,10	1452,34
1056	29.07.2025 16:53:35	1,89	5,26	30,52	27,12	1452,38
1057	29.07.2025 16:53:36	1,89	5,29	30,52	27,12	1452,39
1058	29.07.2025 16:53:37	1,85	5,29	30,59	27,15	1452,31
1059	29.07.2025 16:53:38	1,85	5,29	30,59	27,15	1452,31
1060	29.07.2025 16:53:39	1,85	5,31	30,36	26,96	1452,00
1061	29.07.2025 16:53:40	1,85	5,33	30,56	27,12	1452,27
1062	29.07.2025 16:53:41	1,85	5,33	30,59	27,15	1452,31
1063	29.07.2025 16:53:42	1,85	5,33	30,56	27,12	1452,27
1064	29.07.2025 16:53:43	1,85	5,34	30,56	27,12	1452,27
1065	29.07.2025 16:53:44	1,85	5,33	30,26	26,88	1451,87
1066	29.07.2025 16:53:45	1,85	5,33	30,59	27,15	1452,31
1067	29.07.2025 16:53:46	1,85	5,33	30,59	27,15	1452,31
1068	29.07.2025 16:53:47	1,85	5,33	30,59	27,15	1452,31
1069	29.07.2025 16:53:48	1,85	5,31	30,59	27,15	1452,31
1070	29.07.2025 16:53:49	1,85	5,31	30,59	27,15	1452,31
1071	29.07.2025 16:53:50	1,85	5,31	30,59	27,15	1452,31
1072	29.07.2025 16:53:51	1,85	5,29	30,59	27,15	1452,31
1073	29.07.2025 16:53:52	1,85	5,29	30,59	27,15	1452,31
1074	29.07.2025 16:53:53	1,85	5,29	30,59	27,15	1452,31
1075	29.07.2025 16:53:54	1,85	5,29	30,59	27,15	1452,31
1076	29.07.2025 16:53:55	1,85	5,29	30,59	27,15	1452,31
1077	29.07.2025 16:53:56	1,85	5,29	30,59	27,15	1452,31
1078	29.07.2025 16:53:57	1,85	5,29	30,56	27,12	1452,26
1079	29.07.2025 16:53:58	1,85	5,31	30,56	27,12	1452,26
1080	29.07.2025 16:53:59	1,85	5,31	30,59	27,15	1452,31
1081	29.07.2025 16:54:00	1,85	5,31	30,56	27,12	1452,26
1082	29.07.2025 16:54:01	1,85	5,31	30,59	27,15	1452,31
1083	29.07.2025 16:54:02	1,85	5,31	30,59	27,15	1452,31
1084	29.07.2025 16:54:03	1,85	5,33	30,59	27,15	1452,31
1085	29.07.2025 16:54:04	1,85	5,31	30,59	27,15	1452,31
1086	29.07.2025 16:54:05	1,85	5,33	30,59	27,15	1452,31
1087	29.07.2025 16:54:06	1,85	5,34	30,59	27,15	1452,31
1088	29.07.2025 16:54:07	1,85	5,33	30,59	27,15	1452,31
1089	29.07.2025 16:54:08	1,85	5,33	30,59	27,15	1452,31
1090	29.07.2025 16:54:09	1,85	5,36	30,59	27,15	1452,32
1091	29.07.2025 16:54:10	1,85	5,34	30,56	27,12	1452,27
1092	29.07.2025 16:54:11	1,85	5,34	30,59	27,15	1452,31
1093	29.07.2025 16:54:12	1,85	5,34	30,59	27,15	1452,31
1094	29.07.2025 16:54:13	1,85	5,34	30,56	27,12	1452,27
1095	29.07.2025 16:54:14	1,85	5,36	30,56	27,12	1452,27
1096	29.07.2025 16:54:15	1,85	5,36	30,59	27,15	1452,32
1097	29.07.2025 16:54:16	1,85	5,36	30,59	27,15	1452,32
1098	29.07.2025 16:54:17	1,85	5,38	30,59	27,15	1452,32
1099	29.07.2025 16:54:18	1,85	5,36	30,59	27,15	1452,32
1100	29.07.2025 16:54:19	1,85	5,36	30,59	27,15	1452,32
1101	29.07.2025 16:54:20	1,85	5,36	30,59	27,15	1452,32
1102	29.07.2025 16:54:21	1,85	5,36	30,59	27,15	1452,32
1103	29.07.2025 16:54:22	1,85	5,38	30,59	27,15	1452,32
1104	29.07.2025 16:54:23	1,85	5,34	30,59	27,15	1452,31
1105	29.07.2025 16:54:24	1,85	5,36	30,59	27,15	1452,32
1106	29.07.2025 16:54:25	1,85	5,36	30,59	27,15	1452,32
1107	29.07.2025 16:54:26	1,85	5,34	30,59	27,15	1452,31
1108	29.07.2025 16:54:27	1,85	5,34	30,59	27,15	1452,31
1109	29.07.2025 16:54:28	1,85	5,33	30,59	27,15	1452,31
1110	29.07.2025 16:54:29	1,85	5,33	30,59	27,15	1452,31
1111	29.07.2025 16:54:30	1,85	5,33	30,59	27,15	1452,31
1112	29.07.2025 16:54:31	1,85	5,31	30,59	27,15	1452,31
1113	29.07.2025 16:54:32	1,85	5,33	30,59	27,15	1452,31
1114	29.07.2025 16:54:33	1,85	5,31	30,59	27,15	1452,31
1115	29.07.2025 16:54:34	1,85	5,29	30,59	27,15	1452,31
1116	29.07.2025 16:54:35	1,85	5,29	30,59	27,15	1452,31
1117	29.07.2025 16:54:36	1,85	5,27	30,59	27,15	1452,30
1118	29.07.2025 16:54:37	1,85	5,27	30,59	27,15	1452,30
1119	29.07.2025 16:54:38	1,85	5,27	30,59	27,15	1452,30
1120	29.07.2025 16:54:39	1,85	5,26	30,59	27,15	1452,30
1121	29.07.2025 16:54:40	1,85	5,24	30,59	27,15	1452,30
1122	29.07.2025 16:54:41	1,85	5,24	30,59	27,15	1452,30
1123	29.07.2025 16:54:42	1,85	5,22	30,59	27,15	1452,30
1124	29.07.2025 16:54:43	1,85	5,22	30,59	27,15	1452,30
1125	29.07.2025 16:54:44	1,85	5,22	30,59	27,15	1452,30
1126	29.07.2025 16:54:45	1,85	5,20	30,59	27,15	1452,29
1127	29.07.2025 16:54:46	1,85	5,19	30,59	27,15	1452,29
1128	29.07.2025 16:54:47	1,85	5,19	30,59	27,15	1452,29
1129	29.07.2025 16:54:48	1,85	5,19	30,59	27,15	1452,29
1130	29.07.2025 16:54:49	1,85	5,15	30,59	27,15	1452,28
1131	29.07.2025 16:54:50	1,81	5,15	30,63	27,15	1452,16
1132	29.07.2025 16:54:51	1,81	5,13	30,63	27,15	1452,16
1133	29.07.2025 16:54:52	1,81	5,11	30,63	27,15	1452,16
1134	29.07.2025 16:54:53	1,81	5,11	30,63	27,15	1452,16
1135	29.07.2025 16:54:54	1,85	5,10	30,59	27,15	1452,28
1136	29.07.2025 16:54:55	1,85	5,08	30,59	27,15	1452,27
1137	29.07.2025 16:54:56	1,81	5,08	30,63	27,15	1452,15
1138	29.07.2025 16:54:57	1,85	5,06	30,59	27,15	1452,27
1139	29.07.2025 16:54:58	1,81	5,04	30,63	27,15	1452,14
1140	29.07.2025 16:54:59	1,81	5,04	30,63	27,15	1452,14
1141	29.07.2025 16:55:00	1,81	5,03	30,63	27,15	1452,14
1142	29.07.2025 16:55:01	1,85	5,01	30,59	27,15	1452,26
1143	29.07.2025 16:55:02	1,81	5,01	30,63	27,15	1452,14
1144	29.07.2025 16:55:03	1,81	4,99	30,63	27,15	1452,14
1145	29.07.2025 16:55:04	1,81	4,97	30,63	27,15	1452,13
1146	29.07.2025 16:55:05	1,81	4,96	30,63	27,15	1452,13
1147	29.07.2025 16:55:06	1,81	4,96	30,63	27,15	1452,13
1148	29.07.2025 16:55:07	1,81	4,94	30,63	27,15	1452,13
1149	29.07.2025 16:55:08	1,81	4,92	30,63	27,15	1452,13
1150	29.07.2025 16:55:09	1,81	4,90	30,63	27,15	1452,12
1151	29.07.2025 16:55:10	1,81	4,89	30,63	27,15	1452,12
1152	29.07.2025 16:55:11	1,81	4,89	30,63	27,15	1452,12
1153	29.07.2025 16:55:12	1,81	4,85	30,63	27,15	1452,11
1154	29.07.2025 16:55:13	1,81	4,83	30,63	27,15	1452,11
1155	29.07.2025 16:55:14	1,81	4,82	30,63	27,15	1452,11
1156	29.07.2025 16:55:15	1,81	4,80	30,63	27,15	1452,11
1157	29.07.2025 16:55:16	1,81	4,78	30,63	27,15	1452,10
1158	29.07.2025 16:55:17	1,81	4,76	30,63	27,15	1452,10
1159	29.07.2025 16:55:18	1,81	4,73	30,63	27,15	1452,10
1160	29.07.2025 16:55:19	1,81	4,71	30,60	27,12	1452,05
1161	29.07.2025 16:55:20	1,81	4,69	30,63	27,15	1452,09
1162	29.07.2025 16:55:21	1,81	4,68	30,63	27,15	1452,09
1163	29.07.2025 16:55:22	1,81	4,64	30,63	27,15	1452,08
1164	29.07.2025 16:55:23	1,81	4,62	30,63	27,15	1452,08
1165	29.07.2025 16:55:24	1,81	4,61	30,63	27,15	1452,08
1166	29.07.2025 16:55:25	1,81	4,57	30,60	27,12	1452,03
1167	29.07.2025 16:55:26	1,81	4,55	30,63	27,15	1452,07
1168	29.07.2025 16:55:27	1,81	4,52	30,63	27,15	1452,06
1169	29.07.2025 16:55:28	1,81	4,50	30,60	27,12	1452,02
1170	29.07.2025 16:55:29	1,81	4,47	30,60	27,12	1452,01
1171	29.07.2025 16:55:30	1,81	4,43	30,63	27,15	1452,05
1172	29.07.2025 16:55:31	1,81	4,43	30,63	27,15	1452,05
1173	29.07.2025 16:55:32	1,81	4,40	30,63	27,15	1452,04
1174	29.07.2025 16:55:33	1,81	4,36	30,63	27,15	1452,04
1175	29.07.2025 16:55:34	1,81	4,34	30,63	27,15	1452,04
1176	29.07.2025 16:55:35	1,81	4,31	30,60	27,12	1451,99
1177	29.07.2025 16:55:36	1,81	4,29	30,60	27,12	1451,98
1178	29.07.2025 16:55:37	1,81	4,26	30,64	27,15	1452,02
1179	29.07.2025 16:55:38	1,81	4,24	30,64	27,15	1452,02
1180	29.07.2025 16:55:39	1,81	4,20	30,64	27,15	1452,01
1181	29.07.2025 16:55:40	1,81	4,17	30,64	27,15	1452,01
1182	29.07.2025 16:55:41	1,81	4,15	30,64	27,15	1452,01
1183	29.07.2025 16:55:42	1,81	4,10	30,64	27,15	1452,00
1184	29.07.2025 16:55:43	1,81	4,08	30,64	27,15	1452,00
1185	29.07.2025 16:55:44	1,81	4,05	30,64	27,15	1451,99
1186	29.07.2025 16:55:45	1,81	4,01	30,64	27,15	1451,98
1187	29.07.2025 16:55:46	1,81	3,98	30,64	27,15	1451,98
1188	29.07.2025 16:55:47	1,81	3,96	30,64	27,15	1451,98
1189	29.07.2025 16:55:48	1,81	3,94	30,64	27,15	1451,97
1190	29.07.2025 16:55:49	1,81	3,89	30,64	27,15	1451,97
1191	29.07.2025 16:55:50	1,81	3,87	30,64	27,15	1451,96
1192	29.07.2025 16:55:51	1,81	3,84	30,64	27,15	1451,96
1193	29.07.2025 16:55:52	1,81	3,82	30,64	27,15	1451,95
1194	29.07.2025 16:55:53	1,81	3,78	30,64	27,15	1451,95
1195	29.07.2025 16:55:54	1,81	3,73	30,64	27,15	1451,94
1196	29.07.2025 16:55:55	1,81	3,71	30,64	27,15	1451,94
1197	29.07.2025 16:55:56	1,85	3,68	30,64	27,18	1452,10
1198	29.07.2025 16:55:57	1,85	3,66	30,60	27,15	1452,05
1199	29.07.2025 16:55:58	1,85	3,61	30,64	27,18	1452,09
1200	29.07.2025 16:55:59	1,89	3,58	30,63	27,20	1452,25
1201	29.07.2025 16:56:00	1,93	3,54	30,66	27,26	1452,46
1202	29.07.2025 16:56:01	1,96	3,51	30,79	27,39	1452,79
1203	29.07.2025 16:56:02	2,00	3,46	30,82	27,45	1452,99
1204	29.07.2025 16:56:03	2,04	3,43	30,99	27,61	1453,37
1205	29.07.2025 16:56:04	2,12	3,40	31,11	27,77	1453,87
1206	29.07.2025 16:56:05	2,23	3,37	31,23	27,96	1454,53
1207	29.07.2025 16:56:06	2,34	3,30	31,19	28,02	1454,96
1208	29.07.2025 16:56:07	2,42	3,25	31,19	28,07	1455,28
1209	29.07.2025 16:56:08	2,53	3,21	31,14	28,13	1455,71
1210	29.07.2025 16:56:09	2,57	3,18	31,17	28,18	1455,91
1211	29.07.2025 16:56:10	2,65	3,11	31,14	28,21	1456,18
1212	29.07.2025 16:56:11	2,72	3,06	31,03	28,19	1456,36
1213	29.07.2025 16:56:12	2,76	3,01	31,03	28,21	1456,51
1214	29.07.2025 16:56:13	2,84	3,01	31,32	28,51	1457,21
1215	29.07.2025 16:56:14	2,95	2,95	31,08	28,41	1457,38
1216	29.07.2025 16:56:15	3,06	2,89	31,01	28,43	1457,76
1217	29.07.2025 16:56:16	3,13	2,87	31,04	28,52	1458,12
1218	29.07.2025 16:56:17	3,17	2,80	31,07	28,57	1458,30
1219	29.07.2025 16:56:18	3,28	2,77	31,09	28,68	1458,81
1220	29.07.2025 16:56:19	3,36	2,71	31,12	28,76	1459,15
1221	29.07.2025 16:56:20	3,47	2,68	31,17	28,90	1459,70
1222	29.07.2025 16:56:21	3,58	2,61	31,16	28,98	1460,15
1223	29.07.2025 16:56:22	3,69	2,57	31,13	29,04	1460,56
1224	29.07.2025 16:56:23	3,76	2,52	31,18	29,15	1460,94
1225	29.07.2025 16:56:24	3,87	2,47	31,21	29,26	1461,43
1226	29.07.2025 16:56:25	3,98	2,42	31,36	29,47	1462,08
1227	29.07.2025 16:56:26	4,13	2,40	31,35	29,58	1462,68
1228	29.07.2025 16:56:27	4,31	2,34	31,24	29,64	1463,29
1229	29.07.2025 16:56:28	4,42	2,29	31,24	29,73	1463,73
1230	29.07.2025 16:56:29	4,53	2,22	31,20	29,78	1464,13
1231	29.07.2025 16:56:30	4,64	2,18	31,10	29,78	1464,44
1232	29.07.2025 16:56:31	4,74	2,13	31,04	29,81	1464,79
1233	29.07.2025 16:56:32	4,82	2,08	31,09	29,92	1465,16
1234	29.07.2025 16:56:33	4,89	2,03	31,09	29,98	1465,44
1235	29.07.2025 16:56:34	4,99	2,02	31,15	30,11	1465,96
1236	29.07.2025 16:56:35	5,10	1,99	31,08	30,14	1466,31
1237	29.07.2025 16:56:36	5,21	1,96	30,98	30,15	1466,62
1238	29.07.2025 16:56:37	5,28	1,95	30,95	30,17	1466,86
1239	29.07.2025 16:56:38	5,31	1,93	30,95	30,20	1467,00
1240	29.07.2025 16:56:39	5,39	1,88	30,95	30,26	1467,28
1241	29.07.2025 16:56:40	5,46	1,87	30,97	30,34	1467,60
1242	29.07.2025 16:56:41	5,53	1,85	31,12	30,53	1468,08
1243	29.07.2025 16:56:42	5,67	1,84	31,09	30,61	1468,60
1244	29.07.2025 16:56:43	5,81	1,82	31,02	30,67	1469,08
1245	29.07.2025 16:56:44	5,95	1,80	31,16	30,91	1469,83
1246	29.07.2025 16:56:45	6,09	1,79	31,60	31,42	1470,95
1247	29.07.2025 16:56:46	6,40	1,83	31,62	31,70	1472,23
1248	29.07.2025 16:56:47	6,75	1,81	31,63	32,00	1473,61
1249	29.07.2025 16:56:48	7,13	1,79	31,99	32,65	1475,55
1250	29.07.2025 16:56:49	7,57	1,78	32,08	33,12	1477,38
1251	29.07.2025 16:56:50	8,01	1,75	32,20	33,61	1479,22
1252	29.07.2025 16:56:51	8,45	1,75	33,08	34,82	1481,97
1253	29.07.2025 16:56:52	9,05	1,73	33,04	35,32	1484,16
1254	29.07.2025 16:56:53	9,64	1,69	32,79	35,60	1486,02
1255	29.07.2025 16:56:54	10,10	1,55	32,45	35,67	1487,24
1256	29.07.2025 16:56:55	10,45	1,51	32,32	35,87	1488,37
1257	29.07.2025 16:56:56	10,78	1,48	32,00	35,82	1489,11
1258	29.07.2025 16:56:57	11,00	1,42	32,04	36,07	1489,96
1259	29.07.2025 16:56:58	11,29	1,45	32,46	36,75	1491,49
1260	29.07.2025 16:56:59	11,61	1,46	32,60	37,18	1492,78
1261	29.07.2025 16:57:00	11,99	1,39	32,38	37,30	1493,83
1262	29.07.2025 16:57:01	12,30	1,34	32,14	37,33	1494,61
1263	29.07.2025 16:57:02	12,56	1,28	31,99	37,40	1495,27
1264	29.07.2025 16:57:03	12,81	1,24	31,78	37,40	1495,87
1265	29.07.2025 16:57:04	12,96	1,19	31,68	37,43	1496,27
1266	29.07.2025 16:57:05	13,15	1,17	31,50	37,41	1496,68
1267	29.07.2025 16:57:06	13,31	1,12	31,36	37,39	1497,01
1268	29.07.2025 16:57:07	13,43	1,09	31,23	37,37	1497,27
1269	29.07.2025 16:57:08	13,55	1,06	31,09	37,32	1497,51
1270	29.07.2025 16:57:09	13,68	1,05	30,89	37,21	1497,68
1271	29.07.2025 16:57:10	13,77	1,02	30,79	37,19	1497,87
1272	29.07.2025 16:57:11	13,86	1,01	30,72	37,19	1498,09
1273	29.07.2025 16:57:12	13,96	0,98	30,62	37,17	1498,27
1274	29.07.2025 16:57:13	14,05	0,97	30,53	37,14	1498,46
1275	29.07.2025 16:57:14	14,14	0,95	30,46	37,14	1498,68
1276	29.07.2025 16:57:15	14,24	0,94	30,36	37,12	1498,86
1277	29.07.2025 16:57:16	14,33	0,91	30,29	37,12	1499,08
1278	29.07.2025 16:57:17	14,39	0,89	30,25	37,12	1499,22
1279	29.07.2025 16:57:18	14,48	0,86	30,18	37,13	1499,43
1280	29.07.2025 16:57:19	14,54	0,87	30,13	37,13	1499,58
1281	29.07.2025 16:57:20	14,63	0,85	30,06	37,13	1499,79
1282	29.07.2025 16:57:21	14,73	0,84	30,02	37,16	1500,03
1283	29.07.2025 16:57:22	14,79	0,83	29,95	37,13	1500,15
1284	29.07.2025 16:57:23	14,88	0,85	29,88	37,14	1500,37
1285	29.07.2025 16:57:24	14,94	0,85	29,86	37,16	1500,54
1286	29.07.2025 16:57:25	15,03	0,84	29,79	37,17	1500,75
1287	29.07.2025 16:57:26	15,09	0,82	29,74	37,17	1500,89
1288	29.07.2025 16:57:27	15,19	0,83	29,68	37,17	1501,10
1289	29.07.2025 16:57:28	15,25	0,79	29,66	37,20	1501,27
1290	29.07.2025 16:57:29	15,31	0,78	29,61	37,20	1501,41
1291	29.07.2025 16:57:30	15,37	0,78	29,57	37,20	1501,55
1292	29.07.2025 16:57:31	15,43	0,77	29,52	37,20	1501,69
1293	29.07.2025 16:57:32	15,49	0,74	29,50	37,23	1501,85
1294	29.07.2025 16:57:33	15,55	0,72	29,43	37,21	1501,96
1295	29.07.2025 16:57:34	15,64	0,73	29,39	37,24	1502,20
1296	29.07.2025 16:57:35	15,70	0,71	29,32	37,21	1502,31
1297	29.07.2025 16:57:36	15,76	0,70	29,28	37,21	1502,45
1298	29.07.2025 16:57:37	15,79	0,70	29,26	37,21	1502,52
1299	29.07.2025 16:57:38	15,85	0,68	29,22	37,21	1502,66
1300	29.07.2025 16:57:39	15,91	0,65	29,17	37,22	1502,79
1301	29.07.2025 16:57:40	15,94	0,65	29,15	37,22	1502,86
1302	29.07.2025 16:57:41	16,01	0,64	29,11	37,22	1503,00
1303	29.07.2025 16:57:42	16,07	0,62	29,06	37,22	1503,14
1304	29.07.2025 16:57:43	16,10	0,61	29,04	37,22	1503,20
1305	29.07.2025 16:57:44	16,16	0,63	29,00	37,22	1503,35
1306	29.07.2025 16:57:45	16,19	0,61	28,96	37,20	1503,39
1307	29.07.2025 16:57:46	16,22	0,58	28,96	37,22	1503,48
1308	29.07.2025 16:57:47	16,28	0,58	28,91	37,22	1503,62
1309	29.07.2025 16:57:48	16,31	0,56	28,89	37,23	1503,68
1310	29.07.2025 16:57:49	16,34	0,57	28,87	37,23	1503,75
1311	29.07.2025 16:57:50	16,34	0,55	28,87	37,23	1503,75
1312	29.07.2025 16:57:51	16,37	0,53	28,83	37,20	1503,79
1313	29.07.2025 16:57:52	16,40	0,52	28,83	37,23	1503,88
1314	29.07.2025 16:57:53	16,46	0,52	28,79	37,23	1504,02
1315	29.07.2025 16:57:54	16,49	0,52	28,74	37,20	1504,06
1316	29.07.2025 16:57:55	16,52	0,50	28,72	37,20	1504,13
1317	29.07.2025 16:57:56	16,55	0,46	28,70	37,20	1504,19
1318	29.07.2025 16:57:57	16,58	0,46	28,68	37,20	1504,26
1319	29.07.2025 16:57:58	16,61	0,48	28,68	37,23	1504,36
1320	29.07.2025 16:57:59	16,67	0,43	28,62	37,21	1504,46
1321	29.07.2025 16:58:00	16,70	0,43	28,60	37,21	1504,53
1322	29.07.2025 16:58:01	16,73	0,39	28,62	37,26	1504,64
1323	29.07.2025 16:58:02	16,79	0,46	28,81	37,53	1505,06
1324	29.07.2025 16:58:03	16,88	0,37	28,75	37,53	1505,25
1325	29.07.2025 16:58:04	16,97	0,39	28,91	37,80	1505,72
1326	29.07.2025 16:58:05	17,09	0,36	28,60	37,54	1505,72
1327	29.07.2025 16:58:06	17,15	0,23	28,38	37,33	1505,62
1328	29.07.2025 16:58:07	17,12	0,25	28,79	37,78	1506,01
1329	29.07.2025 16:58:08	17,18	0,36	28,92	38,00	1506,37
1330	29.07.2025 16:58:09	17,33	0,27	28,60	37,73	1506,43
1331	29.07.2025 16:58:10	17,42	0,27	28,78	38,03	1506,92
1332	29.07.2025 16:58:11	17,54	0,22	28,68	38,00	1507,15
1333	29.07.2025 16:58:12	17,60	0,18	28,64	38,00	1507,27
1334	29.07.2025 16:58:13	17,66	0,20	28,62	38,03	1507,43
1335	29.07.2025 16:58:14	17,72	0,15	28,51	37,95	1507,48
1336	29.07.2025 16:58:15	17,78	0,15	28,34	37,79	1507,46
1337	29.07.2025 16:58:16	17,81	0,13	28,47	37,98	1507,70
1338	29.07.2025 16:58:17	17,87	0,09	28,65	38,25	1508,09
1339	29.07.2025 16:58:18	17,93	0,09	28,57	38,20	1508,17
1340	29.07.2025 16:58:19	18,02	0,06	28,51	38,20	1508,36
1341	29.07.2025 16:58:20	18,08	0,00	28,45	38,18	1508,45
1342	29.07.2025 16:58:21	18,08	0,06	28,49	38,23	1508,51
1343	29.07.2025 16:58:22	18,17	0,00	28,41	38,21	1508,67
1344	29.07.2025 16:58:23	18,22	0,00	28,30	38,13	1508,73
1345	29.07.2025 16:58:24	18,25	0,00	28,48	38,37	1509,02
1346	29.07.2025 16:58:25	18,31	-0,05	28,40	38,32	1509,09
1347	29.07.2025 16:58:26	18,34	-0,05	28,33	38,26	1509,11
1348	29.07.2025 16:58:27	18,37	-0,10	28,23	38,16	1509,06
1349	29.07.2025 16:58:28	18,37	-0,08	28,20	38,13	1509,04
1350	29.07.2025 16:58:29	18,37	-0,05	28,36	38,32	1509,22
1351	29.07.2025 16:58:30	18,40	-0,03	28,34	38,32	1509,29
1352	29.07.2025 16:58:31	18,46	-0,05	28,32	38,35	1509,44
1353	29.07.2025 16:58:32	18,52	-0,05	28,30	38,37	1509,60
1354	29.07.2025 16:58:33	18,58	-0,03	28,24	38,35	1509,70
1355	29.07.2025 16:58:34	18,61	-0,05	28,29	38,43	1509,84
1356	29.07.2025 16:58:35	18,67	-0,07	28,23	38,40	1509,94
1357	29.07.2025 16:58:36	18,70	-0,08	28,21	38,40	1510,00
1358	29.07.2025 16:58:37	18,73	-0,08	28,14	38,35	1510,02
1359	29.07.2025 16:58:38	18,73	-0,08	28,14	38,35	1510,02
1360	29.07.2025 16:58:39	18,73	-0,05	28,19	38,41	1510,07
1361	29.07.2025 16:58:40	18,76	-0,07	28,19	38,43	1510,16
1362	29.07.2025 16:58:41	18,82	-0,05	28,15	38,43	1510,29
1363	29.07.2025 16:58:42	18,85	-0,07	28,02	38,30	1510,22
1364	29.07.2025 16:58:43	18,85	-0,07	28,00	38,27	1510,20
1365	29.07.2025 16:58:44	18,82	-0,05	27,97	38,22	1510,09
1366	29.07.2025 16:58:45	18,82	-0,05	28,11	38,38	1510,24
1367	29.07.2025 16:58:46	18,85	-0,03	28,11	38,41	1510,33
1368	29.07.2025 16:58:47	18,91	-0,05	28,05	38,38	1510,43
1369	29.07.2025 16:58:48	18,94	-0,05	28,01	38,36	1510,47
1370	29.07.2025 16:58:49	18,94	-0,07	27,98	38,33	1510,44
1371	29.07.2025 16:58:50	18,94	-0,05	27,98	38,33	1510,44
1372	29.07.2025 16:58:51	18,94	-0,05	28,03	38,38	1510,49
1373	29.07.2025 16:58:52	18,97	-0,05	28,01	38,38	1510,56
1374	29.07.2025 16:58:53	19,00	-0,07	27,99	38,38	1510,62
1375	29.07.2025 16:58:54	19,03	-0,07	27,97	38,39	1510,68
1376	29.07.2025 16:58:55	19,06	-0,05	27,95	38,39	1510,75
1377	29.07.2025 16:58:56	19,06	-0,07	27,73	38,12	1510,50
1378	29.07.2025 16:58:57	19,03	-0,15	27,51	37,82	1510,15
1379	29.07.2025 16:58:58	18,88	-0,08	27,83	38,09	1510,09
1380	29.07.2025 16:58:59	18,85	-0,05	27,85	38,09	1510,03
1381	29.07.2025 16:59:00	18,88	0,04	28,04	38,36	1510,36
1382	29.07.2025 16:59:01	18,97	-0,03	28,01	38,38	1510,56
1383	29.07.2025 16:59:02	19,03	-0,05	27,84	38,22	1510,54
1384	29.07.2025 16:59:03	19,06	-0,08	27,76	38,15	1510,52
1385	29.07.2025 16:59:04	19,03	-0,07	27,77	38,14	1510,46
1386	29.07.2025 16:59:05	19,03	-0,03	27,88	38,28	1510,59
1387	29.07.2025 16:59:06	19,06	-0,05	27,93	38,36	1510,72
1388	29.07.2025 16:59:07	19,09	-0,05	27,91	38,36	1510,79
1389	29.07.2025 16:59:08	19,11	-0,05	27,89	38,36	1510,85
1390	29.07.2025 16:59:09	19,14	-0,03	27,89	38,39	1510,94
1391	29.07.2025 16:59:10	19,17	-0,05	27,87	38,39	1511,00
1392	29.07.2025 16:59:11	19,17	-0,07	27,87	38,39	1511,00
1393	29.07.2025 16:59:12	19,20	-0,07	27,83	38,36	1511,04
1394	29.07.2025 16:59:13	19,20	-0,05	27,79	38,31	1510,99
1395	29.07.2025 16:59:14	19,20	-0,08	21,78	30,74	1504,12
1396	29.07.2025 16:59:15	19,20	-0,07	22,22	31,30	1504,63
1397	29.07.2025 16:59:16	19,20	-0,07	27,79	38,31	1510,99
1398	29.07.2025 16:59:17	19,20	-0,05	27,79	38,31	1510,99
1399	29.07.2025 16:59:18	19,20	-0,01	27,83	38,36	1511,05
1400	29.07.2025 16:59:19	19,23	-0,03	27,83	38,39	1511,13
1401	29.07.2025 16:59:20	19,26	-0,07	25,93	36,03	1509,03
1402	29.07.2025 16:59:21	19,26	-0,07	19,05	27,24	1501,17
1403	29.07.2025 16:59:22	19,26	-0,07	27,79	38,36	1511,17
1404	29.07.2025 16:59:23	19,29	-0,07	27,73	38,31	1511,18
1405	29.07.2025 16:59:24	19,29	-0,07	14,08	20,69	1495,59
1406	29.07.2025 16:59:25	19,32	-0,07	27,78	38,39	1511,32
1407	29.07.2025 16:59:26	19,32	-0,05	27,78	38,39	1511,32
1408	29.07.2025 16:59:27	19,32	-0,07	27,71	38,31	1511,24
1409	29.07.2025 16:59:28	19,32	-0,05	27,18	37,64	1510,63
1410	29.07.2025 16:59:29	19,32	-0,05	27,80	38,42	1511,35
1411	29.07.2025 16:59:30	19,35	-0,07	27,76	38,39	1511,38
1412	29.07.2025 16:59:31	19,35	-0,07	25,47	35,53	1508,77
1413	29.07.2025 16:59:32	19,38	-0,08	25,43	35,50	1508,81
1414	29.07.2025 16:59:33	19,38	-0,07	21,35	30,31	1504,16
1415	29.07.2025 16:59:34	19,38	-0,07	24,69	34,56	1507,96
1416	29.07.2025 16:59:35	19,38	-0,07	24,60	34,45	1507,86
1417	29.07.2025 16:59:36	19,38	-0,07	24,54	34,37	1507,79
1418	29.07.2025 16:59:37	19,41	-0,07	24,65	34,53	1508,00
1419	29.07.2025 16:59:38	19,41	-0,07	24,69	34,59	1508,05
1420	29.07.2025 16:59:39	19,41	-0,07	24,65	34,53	1508,00
1421	29.07.2025 16:59:40	19,41	-0,07	24,54	34,40	1507,88
1422	29.07.2025 16:59:41	19,41	-0,07	24,60	34,48	1507,95
1423	29.07.2025 16:59:42	19,41	-0,07	24,67	34,56	1508,03
1424	29.07.2025 16:59:43	19,41	-0,07	24,63	34,51	1507,98
1425	29.07.2025 16:59:44	19,41	-0,07	24,71	34,61	1508,07
1426	29.07.2025 16:59:45	19,41	-0,07	24,46	34,29	1507,78
1427	29.07.2025 16:59:46	19,41	-0,07	24,71	34,61	1508,07
1428	29.07.2025 16:59:47	19,41	-0,07	24,54	34,40	1507,88
1429	29.07.2025 16:59:48	19,41	-0,07	24,67	34,56	1508,03
1430	29.07.2025 16:59:49	19,41	-0,07	24,65	34,53	1508,00
1431	29.07.2025 16:59:50	19,41	-0,07	24,67	34,56	1508,03
1432	29.07.2025 16:59:51	19,41	-0,07	24,65	34,53	1508,00
1433	29.07.2025 16:59:52	19,41	-0,07	24,67	34,56	1508,03
1434	29.07.2025 16:59:53	19,41	-0,07	24,48	34,32	1507,81
1435	29.07.2025 16:59:54	19,41	-0,07	24,65	34,53	1508,00
1436	29.07.2025 16:59:55	19,41	-0,07	13,78	20,33	1495,60
1437	29.07.2025 16:59:56	19,41	-0,07	13,72	20,25	1495,53
1438	29.07.2025 16:59:57	19,41	-0,07	13,74	20,27	1495,55
1439	29.07.2025 16:59:58	19,41	-0,07	0,67	1,19	1480,64
1440	29.07.2025 16:59:59	19,41	-0,05	0,25	0,46	1480,17
1441	29.07.2025 17:00:00	19,41	-0,07	0,16	0,29	1480,06
1442	29.07.2025 17:00:01	19,41	-0,07	0,13	0,24	1480,03
1443	29.07.2025 17:00:02	19,41	-0,07	0,14	0,27	1480,04
1444	29.07.2025 17:00:03	19,41	-0,07	0,13	0,24	1480,03
1445	29.07.2025 17:00:04	19,41	-0,07	0,10	0,18	1479,99
1446	29.07.2025 17:00:05	19,41	-0,08	0,11	0,21	1480,01
1447	29.07.2025 17:00:06	19,41	-0,08	0,13	0,24	1480,02
1448	29.07.2025 17:00:07	19,41	-0,07	0,10	0,18	1479,99
1449	29.07.2025 17:00:08	19,41	-0,07	0,09	0,16	1479,98
1450	29.07.2025 17:00:09	19,41	-0,07	0,07	0,13	1479,96
1451	29.07.2025 17:00:10	19,38	-0,07	0,07	0,13	1479,87
1452	29.07.2025 17:00:11	19,38	-0,08	0,07	0,13	1479,86
1453	29.07.2025 17:00:12	19,38	-0,08	0,06	0,10	1479,85
1454	29.07.2025 17:00:13	19,38	-0,07	0,06	0,10	1479,85
1455	29.07.2025 17:00:14	19,38	-0,07	0,06	0,10	1479,85
1456	29.07.2025 17:00:15	19,38	-0,07	0,06	0,10	1479,85
1457	29.07.2025 17:00:16	19,35	-0,07	0,06	0,10	1479,76
1458	29.07.2025 17:00:17	19,35	-0,07	0,06	0,10	1479,76
1459	29.07.2025 17:00:18	19,35	-0,07	0,06	0,10	1479,76
1460	29.07.2025 17:00:19	19,35	-0,05	0,06	0,10	1479,76
1461	29.07.2025 17:00:20	19,35	-0,07	0,06	0,10	1479,76
1462	29.07.2025 17:00:21	19,35	-0,05	0,06	0,10	1479,76
1463	29.07.2025 17:00:22	19,35	-0,05	0,06	0,10	1479,76
1464	29.07.2025 17:00:23	19,32	-0,07	0,06	0,10	1479,66
1465	29.07.2025 17:00:24	19,32	-0,07	0,06	0,10	1479,66
1466	29.07.2025 17:00:25	19,32	-0,07	0,06	0,10	1479,66
1467	29.07.2025 17:00:26	19,32	-0,07	0,04	0,07	1479,65
1468	29.07.2025 17:00:27	19,32	-0,07	0,06	0,10	1479,66
1469	29.07.2025 17:00:28	19,32	-0,07	0,04	0,07	1479,65
1470	29.07.2025 17:00:29	19,32	-0,07	0,06	0,10	1479,66
1471	29.07.2025 17:00:30	19,29	-0,07	0,04	0,07	1479,55
1472	29.07.2025 17:00:31	19,29	-0,07	0,04	0,07	1479,55
1473	29.07.2025 17:00:32	19,29	-0,07	0,04	0,07	1479,55
1474	29.07.2025 17:00:33	19,29	-0,07	0,09	0,16	1479,60
1475	29.07.2025 17:00:34	19,29	-0,07	0,09	0,16	1479,60
1476	29.07.2025 17:00:35	19,29	-0,07	0,09	0,16	1479,60
1477	29.07.2025 17:00:36	19,26	-0,05	0,09	0,16	1479,51
1478	29.07.2025 17:00:37	19,26	-0,05	0,09	0,16	1479,51
1479	29.07.2025 17:00:38	19,26	-0,07	0,09	0,16	1479,51
1480	29.07.2025 17:00:39	19,26	-0,05	0,09	0,16	1479,51
1481	29.07.2025 17:00:40	19,26	-0,05	0,09	0,16	1479,51
1482	29.07.2025 17:00:41	19,26	-0,05	0,09	0,16	1479,51
1483	29.07.2025 17:00:42	19,26	-0,07	0,09	0,16	1479,51
1484	29.07.2025 17:00:43	19,26	-0,05	0,09	0,16	1479,51
1485	29.07.2025 17:00:44	19,26	-0,05	0,09	0,16	1479,51
1486	29.07.2025 17:00:45	19,23	-0,07	0,09	0,16	1479,41
1487	29.07.2025 17:00:46	19,23	-0,05	0,09	0,16	1479,42
1488	29.07.2025 17:00:47	19,23	-0,05	0,09	0,16	1479,42
1489	29.07.2025 17:00:48	19,23	-0,07	0,09	0,16	1479,41
1490	29.07.2025 17:00:49	19,23	-0,05	0,09	0,16	1479,42
1491	29.07.2025 17:00:50	19,23	-0,05	0,09	0,16	1479,42
1492	29.07.2025 17:00:51	19,23	-0,05	0,09	0,16	1479,42
1493	29.07.2025 17:00:52	19,23	-0,05	0,09	0,16	1479,42
1494	29.07.2025 17:00:53	19,23	-0,05	0,09	0,16	1479,42
1495	29.07.2025 17:00:54	19,23	-0,07	0,09	0,16	1479,41
1496	29.07.2025 17:00:55	19,23	-0,05	0,09	0,16	1479,42
1497	29.07.2025 17:00:56	19,23	-0,07	0,09	0,16	1479,41
1498	29.07.2025 17:00:57	19,23	-0,05	0,09	0,16	1479,42
1499	29.07.2025 17:00:58	19,23	-0,07	0,09	0,16	1479,41
1500	29.07.2025 17:00:59	19,23	-0,07	0,07	0,13	1479,40
1501	29.07.2025 17:01:00	19,20	-0,05	0,07	0,13	1479,31
1502	29.07.2025 17:01:01	19,20	-0,05	0,07	0,13	1479,31
1503	29.07.2025 17:01:02	19,20	-0,07	0,07	0,13	1479,30
1504	29.07.2025 17:01:03	19,20	-0,05	0,07	0,13	1479,31
1505	29.07.2025 17:01:04	19,20	-0,07	0,07	0,13	1479,30
1506	29.07.2025 17:01:05	19,20	-0,07	0,07	0,13	1479,30
1507	29.07.2025 17:01:06	19,20	-0,07	0,07	0,13	1479,30
1508	29.07.2025 17:01:07	19,20	-0,07	0,07	0,13	1479,30
1509	29.07.2025 17:01:08	19,20	-0,05	0,07	0,13	1479,31
1510	29.07.2025 17:01:09	19,20	-0,05	0,07	0,13	1479,31
1511	29.07.2025 17:01:10	19,20	-0,05	0,07	0,13	1479,31
1512	29.07.2025 17:01:11	19,20	-0,07	0,07	0,13	1479,30
1513	29.07.2025 17:01:12	19,20	-0,07	0,07	0,13	1479,30
1514	29.07.2025 17:01:13	19,20	-0,05	0,07	0,13	1479,31
1515	29.07.2025 17:01:14	19,20	-0,07	0,07	0,13	1479,30
1516	29.07.2025 17:01:15	19,20	-0,05	0,07	0,13	1479,31
1517	29.07.2025 17:01:16	19,20	-0,07	0,07	0,13	1479,30
1518	29.07.2025 17:01:17	19,20	-0,05	0,07	0,13	1479,31
1519	29.07.2025 17:01:18	19,20	-0,07	0,07	0,13	1479,30
1520	29.07.2025 17:01:19	19,20	-0,05	0,07	0,13	1479,31
1521	29.07.2025 17:01:20	19,20	-0,05	0,07	0,13	1479,31
1522	29.07.2025 17:01:21	19,20	-0,07	0,07	0,13	1479,30
1523	29.07.2025 17:01:22	19,20	-0,07	0,07	0,13	1479,30
1524	29.07.2025 17:01:23	19,20	-0,05	0,07	0,13	1479,31
1525	29.07.2025 17:01:24	19,20	-0,07	0,07	0,13	1479,30
1526	29.07.2025 17:01:25	19,20	-0,05	0,07	0,13	1479,31
1527	29.07.2025 17:01:26	19,23	-0,07	0,07	0,13	1479,40
1528	29.07.2025 17:01:27	19,23	-0,05	0,07	0,13	1479,40
1529	29.07.2025 17:01:28	19,23	-0,05	0,07	0,13	1479,40
1530	29.07.2025 17:01:29	19,23	-0,07	0,06	0,10	1479,38
1531	29.07.2025 17:01:30	19,23	-0,05	0,06	0,10	1479,38
1532	29.07.2025 17:01:31	19,23	-0,07	0,06	0,10	1479,38
1533	29.07.2025 17:01:32	19,23	-0,07	0,06	0,10	1479,38
1534	29.07.2025 17:01:33	19,23	-0,07	0,04	0,07	1479,37
1535	29.07.2025 17:01:34	19,23	-0,05	0,06	0,10	1479,38
1536	29.07.2025 17:01:35	19,23	-0,07	0,06	0,10	1479,38
1537	29.07.2025 17:01:36	19,23	-0,07	0,06	0,10	1479,38
1538	29.07.2025 17:01:37	19,23	-0,07	0,06	0,10	1479,38
1539	29.07.2025 17:01:38	19,23	-0,05	0,06	0,10	1479,38
1540	29.07.2025 17:01:39	19,23	-0,07	0,07	0,13	1479,40
1541	29.07.2025 17:01:40	19,23	-0,05	0,07	0,13	1479,40
1542	29.07.2025 17:01:41	19,23	-0,07	0,07	0,13	1479,40
1543	29.07.2025 17:01:42	19,23	-0,07	0,07	0,13	1479,40
1544	29.07.2025 17:01:43	19,23	-0,05	0,07	0,13	1479,40
1545	29.07.2025 17:01:44	19,23	-0,07	0,06	0,10	1479,38
1546	29.07.2025 17:01:45	19,23	-0,07	0,06	0,10	1479,38
1547	29.07.2025 17:01:46	19,23	-0,07	0,06	0,10	1479,38
1548	29.07.2025 17:01:47	19,23	-0,07	0,06	0,10	1479,38
1549	29.07.2025 17:01:48	19,23	-0,07	0,06	0,10	1479,38
1550	29.07.2025 17:01:49	19,23	-0,05	0,06	0,10	1479,38
1551	29.07.2025 17:01:50	19,23	-0,07	0,06	0,10	1479,38
1552	29.07.2025 17:01:51	19,23	-0,07	0,06	0,10	1479,38
1553	29.07.2025 17:01:52	19,23	-0,07	0,06	0,10	1479,38
1554	29.07.2025 17:01:53	19,23	-0,07	0,06	0,10	1479,38
1555	29.07.2025 17:01:54	19,23	-0,07	0,06	0,10	1479,38
1556	29.07.2025 17:01:55	19,23	-0,07	0,04	0,07	1479,37
1557	29.07.2025 17:01:56	19,23	-0,07	0,04	0,07	1479,37
1558	29.07.2025 17:01:57	19,23	-0,07	0,04	0,07	1479,37
1559	29.07.2025 17:01:58	19,23	-0,05	0,04	0,07	1479,37
1560	29.07.2025 17:01:59	19,23	-0,07	0,04	0,07	1479,37
1561	29.07.2025 17:02:00	19,23	-0,05	0,04	0,07	1479,37
1562	29.07.2025 17:02:01	19,23	-0,07	0,04	0,07	1479,37
1563	29.07.2025 17:02:02	19,23	-0,05	0,04	0,07	1479,37
1564	29.07.2025 17:02:03	19,23	-0,05	0,04	0,07	1479,37
1565	29.07.2025 17:02:04	19,23	-0,07	0,04	0,07	1479,37
1566	29.07.2025 17:02:05	19,23	-0,07	0,04	0,07	1479,37
1567	29.07.2025 17:02:06	19,23	-0,05	0,04	0,07	1479,37
1568	29.07.2025 17:02:07	19,23	-0,07	0,04	0,07	1479,37
1569	29.07.2025 17:02:08	19,23	-0,07	0,04	0,07	1479,37
1570	29.07.2025 17:02:09	19,23	-0,07	0,04	0,07	1479,37
1571	29.07.2025 17:02:10	19,23	-0,05	0,04	0,07	1479,37
1572	29.07.2025 17:02:11	19,26	-0,05	0,04	0,07	1479,46
1573	29.07.2025 17:02:12	19,26	-0,07	0,04	0,07	1479,46
1574	29.07.2025 17:02:13	19,26	-0,05	0,04	0,07	1479,46
1575	29.07.2025 17:02:14	19,26	-0,07	0,04	0,07	1479,46
1576	29.07.2025 17:02:15	19,26	-0,07	0,04	0,07	1479,46
1577	29.07.2025 17:02:16	19,26	-0,07	0,04	0,07	1479,46
1578	29.07.2025 17:02:17	19,26	-0,07	0,04	0,07	1479,46
1579	29.07.2025 17:02:18	19,26	-0,07	0,04	0,07	1479,46
1580	29.07.2025 17:02:19	19,26	-0,07	0,04	0,07	1479,46
1581	29.07.2025 17:02:20	19,26	-0,07	0,04	0,07	1479,46
1582	29.07.2025 17:02:21	19,26	-0,07	0,04	0,07	1479,46
1583	29.07.2025 17:02:22	19,26	-0,07	0,04	0,07	1479,46
1584	29.07.2025 17:02:23	19,26	-0,07	0,04	0,07	1479,46
1585	29.07.2025 17:02:24	19,26	-0,05	0,04	0,07	1479,46
1586	29.07.2025 17:02:25	19,26	-0,07	0,04	0,07	1479,46
1587	29.07.2025 17:02:26	19,26	-0,07	0,04	0,07	1479,46
1588	29.07.2025 17:02:27	19,26	-0,07	0,04	0,07	1479,46
1589	29.07.2025 17:02:28	19,26	-0,05	0,04	0,07	1479,46
1590	29.07.2025 17:02:29	19,26	-0,07	0,04	0,07	1479,46
1591	29.07.2025 17:02:30	19,26	-0,07	0,04	0,07	1479,46
1592	29.07.2025 17:02:31	19,26	-0,07	0,04	0,07	1479,46
1593	29.07.2025 17:02:32	19,26	-0,05	0,04	0,07	1479,46
1594	29.07.2025 17:02:33	19,29	-0,05	0,04	0,07	1479,56
1595	29.07.2025 17:02:34	19,29	-0,05	0,06	0,10	1479,57
1596	29.07.2025 17:02:35	19,29	-0,07	0,04	0,07	1479,55
1597	29.07.2025 17:02:36	19,29	-0,07	0,04	0,07	1479,55
1598	29.07.2025 17:02:37	19,29	-0,07	0,04	0,07	1479,55
1599	29.07.2025 17:02:38	19,29	-0,07	0,04	0,07	1479,55
1600	29.07.2025 17:02:39	19,29	-0,07	0,04	0,07	1479,55
1601	29.07.2025 17:02:40	19,29	-0,07	0,04	0,07	1479,55
1602	29.07.2025 17:02:41	19,29	-0,07	0,04	0,07	1479,55
1603	29.07.2025 17:02:42	19,29	-0,05	0,04	0,07	1479,56
1604	29.07.2025 17:02:43	19,29	-0,07	0,04	0,07	1479,55
1605	29.07.2025 17:02:44	19,29	-0,05	0,04	0,07	1479,56
1606	29.07.2025 17:02:45	19,29	-0,07	0,04	0,07	1479,55
1607	29.07.2025 17:02:46	19,29	-0,07	0,04	0,07	1479,55
1608	29.07.2025 17:02:47	19,29	-0,07	0,04	0,07	1479,55
1609	29.07.2025 17:02:48	19,29	-0,07	0,04	0,07	1479,55
1610	29.07.2025 17:02:49	19,29	-0,07	0,04	0,07	1479,55
1611	29.07.2025 17:02:50	19,32	-0,07	0,04	0,07	1479,65
1612	29.07.2025 17:02:51	19,29	-0,07	0,04	0,07	1479,55
1613	29.07.2025 17:02:52	19,32	-0,07	0,04	0,07	1479,65
1614	29.07.2025 17:02:53	19,32	-0,07	0,04	0,07	1479,65
1615	29.07.2025 17:02:54	19,32	-0,07	0,04	0,07	1479,65
1616	29.07.2025 17:02:55	19,32	-0,05	0,04	0,07	1479,65
1617	29.07.2025 17:02:56	19,32	-0,07	0,04	0,07	1479,65
1618	29.07.2025 17:02:57	19,32	-0,07	0,04	0,07	1479,65
1619	29.07.2025 17:02:58	19,32	-0,07	0,04	0,07	1479,65
1620	29.07.2025 17:02:59	19,32	-0,07	0,04	0,07	1479,65
1621	29.07.2025 17:03:00	19,32	-0,07	0,04	0,07	1479,65
1622	29.07.2025 17:03:01	19,32	-0,07	0,04	0,07	1479,65
1623	29.07.2025 17:03:02	19,32	-0,07	0,04	0,07	1479,65
1624	29.07.2025 17:03:03	19,32	-0,07	0,04	0,07	1479,65
1625	29.07.2025 17:03:04	19,32	-0,05	0,04	0,07	1479,65
1626	29.07.2025 17:03:05	19,35	-0,07	0,04	0,07	1479,74
1627	29.07.2025 17:03:06	19,35	-0,08	0,04	0,07	1479,74
1628	29.07.2025 17:03:07	19,35	-0,07	0,04	0,07	1479,74
1629	29.07.2025 17:03:08	19,35	-0,05	0,04	0,07	1479,74
1630	29.07.2025 17:03:09	19,35	-0,07	0,04	0,07	1479,74
1631	29.07.2025 17:03:10	19,35	-0,07	0,04	0,07	1479,74
1632	29.07.2025 17:03:11	19,35	-0,05	0,04	0,07	1479,74
1633	29.07.2025 17:03:12	19,35	-0,07	0,04	0,07	1479,74
1634	29.07.2025 17:03:13	19,35	-0,07	0,04	0,07	1479,74
1635	29.07.2025 17:03:14	19,35	-0,07	0,04	0,07	1479,74
1636	29.07.2025 17:03:15	19,35	-0,07	0,04	0,07	1479,74
1637	29.07.2025 17:03:16	19,35	-0,05	0,07	0,13	1479,78
1638	29.07.2025 17:03:17	19,35	-0,07	0,07	0,13	1479,77
1639	29.07.2025 17:03:18	19,38	-0,07	0,07	0,13	1479,87
1640	29.07.2025 17:03:19	19,38	-0,07	0,07	0,13	1479,87
1641	29.07.2025 17:03:20	19,38	-0,07	0,07	0,13	1479,87
1642	29.07.2025 17:03:21	19,38	-0,07	0,14	0,27	1479,95
1643	29.07.2025 17:03:22	19,38	-0,07	0,10	0,18	1479,90
1644	29.07.2025 17:03:23	19,38	-0,07	0,09	0,16	1479,88
1645	29.07.2025 17:03:24	19,38	-0,07	0,09	0,16	1479,88
1646	29.07.2025 17:03:25	19,38	-0,07	0,06	0,10	1479,85
1647	29.07.2025 17:03:26	19,41	-0,07	0,09	0,16	1479,98
1648	29.07.2025 17:03:27	19,41	-0,08	0,09	0,16	1479,97
1649	29.07.2025 17:03:28	19,41	-0,08	0,09	0,16	1479,97
1650	29.07.2025 17:03:29	19,41	-0,07	0,07	0,13	1479,96
1651	29.07.2025 17:03:30	19,41	-0,07	0,07	0,13	1479,96
1652	29.07.2025 17:03:31	19,41	-0,07	0,09	0,16	1479,98
1653	29.07.2025 17:03:32	19,41	-0,07	0,11	0,21	1480,01
1654	29.07.2025 17:03:33	19,44	-0,07	0,25	0,46	1480,26
1655	29.07.2025 17:03:34	19,44	-0,07	0,10	0,18	1480,09
1656	29.07.2025 17:03:35	19,44	-0,08	0,10	0,18	1480,08
1657	29.07.2025 17:03:36	19,44	-0,07	0,07	0,13	1480,05
1658	29.07.2025 17:03:37	19,44	-0,07	0,06	0,10	1480,04
1659	29.07.2025 17:03:38	19,44	-0,17	0,06	0,10	1480,02
1660	29.07.2025 17:03:39	19,50	-0,08	0,06	0,10	1480,22
1661	29.07.2025 17:03:40	19,59	-0,10	0,06	0,10	1480,49
1662	29.07.2025 17:03:41	19,65	-0,08	0,11	0,21	1480,75
1663	29.07.2025 17:03:42	19,71	-0,21	0,10	0,18	1480,90
1664	29.07.2025 17:03:43	19,82	-0,22	0,10	0,18	1481,26
1665	29.07.2025 17:03:44	19,97	-0,21	0,08	0,16	1481,71
1666	29.07.2025 17:03:45	20,09	-0,15	0,08	0,16	1482,08
1667	29.07.2025 17:03:46	20,18	-0,19	0,08	0,16	1482,35
1668	29.07.2025 17:03:47	20,29	-0,10	0,07	0,13	1482,71
1669	29.07.2025 17:03:48	20,35	-0,12	0,10	0,18	1482,92
1670	29.07.2025 17:03:49	20,41	-0,08	0,13	0,24	1483,14
1671	29.07.2025 17:03:50	20,65	-0,14	0,13	0,24	1483,85
1672	29.07.2025 17:03:51	20,91	-0,19	0,08	0,16	1484,60
1673	29.07.2025 17:03:52	21,09	-0,15	0,08	0,16	1485,14
1674	29.07.2025 17:03:53	21,26	-0,24	0,14	0,27	1485,72
1675	29.07.2025 17:03:54	21,44	-0,22	0,21	0,40	1486,33
1676	29.07.2025 17:03:55	21,67	-0,19	0,10	0,18	1486,91
1677	29.07.2025 17:03:56	21,88	-0,17	0,17	0,32	1487,60
1678	29.07.2025 17:03:57	22,08	-0,26	0,16	0,32	1488,19
1679	29.07.2025 17:03:58	22,14	-0,26	0,16	0,32	1488,36
1680	29.07.2025 17:03:59	22,17	-0,26	0,16	0,32	1488,45
1681	29.07.2025 17:04:00	22,23	-0,24	0,16	0,32	1488,62
1682	29.07.2025 17:04:01	22,26	-0,24	0,15	0,29	1488,69
1683	29.07.2025 17:04:02	22,31	-0,24	0,16	0,32	1488,88
1684	29.07.2025 17:04:03	22,34	-0,26	0,15	0,29	1488,95
1685	29.07.2025 17:04:04	22,40	-0,24	0,16	0,32	1489,14
1686	29.07.2025 17:04:05	22,46	-0,24	0,15	0,29	1489,29
